1411.1	346.98
1411.1	347.27
1306.6	422.16
1412.2	396.65
959.55	382.59
1298.8	371.29
330.94	824.67
368.45	826.55
589.14	1035.5
1412.5	1904.4
1081.9	386.02
570.14	1035.5
507.14	300.44
1304.8	395.49
736.94	1277.2
4262.2	1801.5
4262.4	1801
890.4	1833.7
737.87	1282.7
890.75	1833
687.52	1871.3
337.73	812.93
2144.9	1877.3
3533.4	1850.2
1981.2	1877.1
4592.2	1764
672.93	1787.9
914.87	1800.6
673.26	1787.8
2728.8	1865
3705.8	1510.6
4593.7	1763.3
2896.9	1865.3
4445.1	1829.3
2663.1	1866.9
3019	1868.7
3934.3	1838.1
3706.2	1511.2
3049.5	1713.9
1950.1	669.24
2191.4	1788.2
2897.1	1864.4
2689	1282
1515.2	1873
515.43	67.174
4271.5	357.47
2932.2	1825
2626.5	1789
3036.2	1298.6
1135.3	2017.5
1953	670.21
2679.3	685.63
1436.1	322.49
1739.3	1854.8
3603.9	1814
2246.4	1876.9
2932.6	1824.5
2607.4	1807.5
3610	1822.3
2678.7	1403.2
1436.6	691.04
1142.4	649.92
1951.4	702.61
2156.7	1799.2
1436.4	691.1
2405.2	679.49
2691.8	920.95
2677.9	1436.4
508.78	63.109
1215.2	525.25
3035.9	1281
3035.4	1865.2
1139.7	650.33
2679.8	1404.7
1437.8	654.48
1421.3	297.06
664.46	638.41
2693.9	919.8
2676.2	1078.4
1950.3	1435.3
1368.4	1840.8
2507.2	1871.9
2679.5	720.58
1138	314.54
520.67	222.3
1141	1023.7
3081.2	1774.8
2591	1256.6
2507.1	1872.4
1951.7	1066.7
1373.6	1841.1
2928.2	1691.3
2678.1	1044.8
3098.1	1772.8
2697.1	1806.8
2269	1868.5
2679.2	1859.5
2605.9	1798.4
495.69	1889.9
3097	320.14
2677.7	1044.6
4778.6	98.642
1436	655.16
2432.6	1808.6
910.42	517.96
2405.4	1402.4
1140.5	1993.4
2928.2	1691.5
1661.2	329.93
916.24	270.76
2024	1877.3
2614.9	328.95
1400.5	1798.2
1505.3	1878
1952.4	1404.5
1890.9	1066.3
1659.2	1061.2
663.94	943.32
2435	1803.6
4425.4	1810.8
1210.3	897.59
1658.7	1061.1
2941.4	1863.3
664.8	665.07
2366.1	1785.3
1658.2	661.5
507.97	195.49
2602.4	1636.2
4422.3	1808.4
2287.1	1806.5
2685.7	727.36
3021.4	1303.1
1952.7	1404.5
777.39	1791.8
624.62	1787.3
423	1868.1
3086.9	1538.6
4399.5	1839.3
2987.6	1392.5
1139.9	2024.1
2015.6	1875.9
1189.2	279.79
848.65	1815.3
1101.8	1859.8
2301.4	1810.1
663.33	1222.5
495.14	1890
506.46	193.78
664.24	665.17
747.88	1287.6
3578.4	1785.5
922.08	1240.8
1203.7	687.7
1433	372.44
2418.9	1461.7
661.88	943.46
2339.6	1846.6
1188.8	280.81
1656.5	1027.5
220.28	1882.2
2605.3	726.07
223.62	613.41
2428.3	1644.6
661.81	1478.7
2371.9	1872.6
747.9	1287.9
1208.2	315.84
3849.6	1874.4
4399.6	1838.6
3577.3	1785.2
1176.8	1786.7
2594.2	1633.5
1130	894.13
1962.6	1275.4
2010.7	1875.6
1386.8	374.64
2428.6	1637
1960.8	909.4
2685.4	1086.2
454.16	1879.2
1389.6	426.04
3074.3	1568.7
1201.4	651.34
743.61	1334.9
727.39	1289.8
727.59	1289.8
1311.9	870.74
2691.6	1645.4
1649.5	307.74
2406.2	1076.2
1300.8	1715.1
1200.8	1025.7
2446.8	1847.9
203.95	1887.5
1128.7	1268.8
2178.6	1070
3077.7	1814.1
2887.5	727.34
2684	566.71
2887.9	726.91
2682.4	566.46
2312.1	1862.5
1891.5	1033.3
1873.3	1799.8
4397.1	969.31
2610	719.66
2179	675.88
2610.4	719.15
1359.8	307.15
2606.5	726.56
2962.1	1688.1
1209.4	317.51
2422.5	1468.3
2520.8	1830.4
1686.8	315.41
2589	1461.6
2239.4	1873.3
4670.8	2643.7
1115.1	289.23
1059.6	1841.8
2420.8	1452.8
664.31	916.92
3065.9	1749.8
4728.3	99.817
2414.3	1645.5
2411.7	560.1
2681.8	1658.7
2178.1	1070.4
1437.3	129.18
2687.5	1089.1
1319	871.59
3791.4	390
1873.9	1800
661.6	1504.1
2631.7	1868.6
2885.4	1859.4
1685.3	525.04
4282.6	1828.2
2849.7	1238.9
1412.6	877.88
2933.9	1171
2866.3	1258.3
3179.2	287.23
3407	295.76
691.3	1760.6
1435.6	1026.3
4555.3	1864.6
2154.1	538.19
2213.3	1782.9
2888.8	1081.3
745.48	1267.3
1139.8	1662
1129.7	1069.3
2631.7	1868.8
2618.3	1045.5
2618.9	1045.5
2963.4	1686.1
2392.8	354.03
2097.1	1833
1454.5	1851.1
2663.1	374.67
1408.9	1881.2
1455	1851.2
5044.1	1622.9
2155.8	1256.3
4624.7	1763.3
2026.8	858.23
774.38	1403.5
4047.4	1367.8
2963.8	1735.6
520.13	73.386
2963.3	1734.6
1967.6	1639.3
3007.6	1783.7
1213.6	1802
712.82	1813.1
1063.2	727.91
1866.8	1627.3
4986.8	1788.1
2424	1453.9
1148.8	1631.7
1212.3	1800.1
1138.6	1661.4
1436.1	1842.5
1818.6	500.17
2611.1	1443.9
2310	1785.2
1129	1651.4
1939.7	1130.8
2354	1825.9
2979.4	1843.7
401.01	1037.7
4048.1	1367.5
1665.9	534.11
3760.5	1850.5
2178.6	709.2
1610.6	297.51
1210.5	696.53
1141.5	535.05
899.99	109.39
1496.7	1835.6
2988	1339.6
2679.8	1780
1648.7	543.03
1010.6	300.43
2650.9	334.64
2618.6	932.87
1121.7	1642.1
3561.6	684.49
2154.3	731.99
3594.9	1808.3
2881.1	734.16
559.83	68.422
4554.6	1866.1
2695.5	1635.1
223.93	584.62
987.28	316.84
3760.5	1847
2663.3	346.37
1704.9	1793.3
1819	741.71
2179.6	1437.3
2408.7	1865.7
724.95	1786.2
31.611	533.14
929.02	508.48
1066.5	1846.6
1815.5	858.41
694.07	1741.6
2601.5	1090.8
2813.9	1865.9
1882.6	1816.4
2934.7	1356.8
2606.2	1087.1
16.015	1056.6
1138.2	2022.5
1055	1848
1883.8	1820.4
1892.1	1435.4
4937.5	660.6
1882.4	1817
920.73	1078.3
901.63	682.23
2612	684.93
2598.7	558.41
1683.5	897.14
2619.2	574.58
1954.3	1267.9
4751	1765.9
2523.6	1360
2392	329.65
2947.9	1632
1892	1435.7
740.97	1264.2
357.2	1882.7
3793.1	386.35
2599.7	556.38
2204.8	1769.2
2419	911.8
2686.2	1444.7
400.66	1037
4732.3	106.03
1966.3	1640.3
2978.2	1848.1
2891.4	692.1
1817.5	756.04
2597.6	1093.1
2687	1443.9
1427.8	130.92
901.96	682.06
3793.6	427.46
2421.1	1089.5
2394.8	1123.2
1076.7	1852.6
717.2	1791.9
2695.6	1465.9
1135.8	1396.1
2625.3	1777.2
4703.7	1170.3
868.01	1440.8
2028.4	1126.8
2869.4	1104.3
2596.5	1094.8
2881.5	734.6
4695.1	874.1
2709.7	1461.7
1858.4	521.7
1650.8	137.58
700.71	1822.1
1143.6	762.65
1399.7	1872.4
2168.9	553.35
723.38	1404.8
2921.8	513.1
2157.8	1461.2
1874.8	537.61
2965.4	1548
913.09	1834.8
4733.6	108.17
4396.7	993.47
3577.2	1333
1586.6	296.09
4701.9	865.17
1407.5	1839.7
3086.1	1339
4813.8	410.37
4327	857.45
874.69	230.39
2960.5	1705.5
2420.3	1101.6
1605	303.79
2097.4	333.96
1360.8	498.25
3085.4	1339
1005.8	313.75
2614.6	684.56
1855.5	725.67
2884.6	1807.8
2202.9	827.51
1963.3	1443.6
1073.4	1840.5
906.84	308.73
3062.1	1431.2
2020.5	331.01
2794.6	1828.2
2611.9	1080.5
330.31	1852
1407.7	1839.8
671.8	1046.6
915.26	1834.3
922.28	882.14
1961.8	1442.9
2628.4	1869.3
1410.6	1881.5
2200.7	322.77
1972.9	328.3
3557.9	1804.3
4665.1	1845.8
2853.2	1822.6
724.54	1708
2011	515.91
221.7	907.77
341.01	1887.3
2229.3	1743.8
1877.9	708.36
4821.5	416.01
1388.9	1866.3
2885.4	1831.3
979.42	408.09
1645.6	759.18
1685.3	719.09
868.08	1440.5
2089	1427.3
2158.9	1633.7
3574.5	1808.3
2625.4	1777.9
2028.5	1112.5
2926	1184.5
3796.5	429.23
2385.5	1843.6
3781.2	397.17
1152.6	1090.4
730.47	234.42
905.41	308.78
3302.9	1359.7
1188.2	391.09
2169.2	1639
2523.6	1428
2655.9	356.43
890.69	1020.3
2024.1	1823.6
2155.8	893.11
2392.8	483.23
2392.9	483.57
918.42	1833.2
2109.8	1133.9
1062.8	1832.2
1945.3	1704.7
2693.2	558.27
2891.1	1811.4
2946.8	1803
1203.9	1398.2
1460.5	288
896.5	645.94
2168.6	1637.8
1280.1	678.11
1948.9	553.82
739.1	1046.3
1417.3	724.38
658.37	948.9
1188.8	391.03
1185.8	821.39
1449.2	837.67
221.06	1196.3
1187.5	525.28
2969.4	1784.9
1979.6	740.23
1947.5	1191.5
3028.5	1290.5
1903.4	1115.9
1416.1	722.55
2234.9	1718.1
4471.1	899.79
2389.7	1838.7
1187.9	525.29
3086	1131.8
2211.9	1887.4
739.8	1017.3
1127.3	691.78
724	1376.3
3791.2	417.89
2296	1780
2860.3	1834.2
2995.6	1750.7
2164.3	1872.4
2926	1184.2
866.43	47.832
2619.4	1657.8
2104.5	1427.3
1150.2	1788.5
1143.4	817.49
2983.9	1501.9
2858.5	1837.5
1434.4	1060.6
3028.3	1291.8
1047.8	1842.7
1861.8	735.92
1987.9	735.15
2386.1	1843
2554.5	1428.4
230.53	1354.3
924.24	713.26
1988.7	329.12
1618.6	1734.3
2410.3	1831.4
1334.5	868.29
1465.5	1089.9
1956.5	1441.4
2546.2	1334.4
174.63	1819.2
2703.4	1831.9
4828.2	410.32
2422.3	1111.4
2423.3	1114.9
1947.3	1137.6
2024.3	1824
3063.3	1645.2
870.16	251.54
2836.3	1844.1
2120.2	1427.4
1938.1	909.96
4428	1876.2
473.07	218.12
1650.8	137.59
325.6	806.77
1432.9	1886.4
1144	711.21
2703.1	1832.2
260.34	1818
3426.4	296.43
1874.6	1257.2
1295.6	678.09
2527.1	1786.6
755.05	1018.1
2631.9	558.68
2932.2	595.81
1146	1707.3
3220.4	1860.1
4473	1182.1
1435.9	914.46
1269.7	869.47
1380	1876.1
1001.9	306.4
1871.7	713.67
1312.1	1863.9
979.44	410.37
1905.3	1129.8
1312.3	678.28
2291.3	1409.2
2632.1	558.98
1507.7	297.06
1882.2	910.45
898.02	646.29
3065.6	1565.5
2406.3	909.97
3562.4	1815.8
220.12	908.37
2203.1	1123.5
1655.3	871.55
1125.4	1419.3
2982.8	1585.5
2634.2	1291
2576.2	1867.6
1640.5	177.58
918.07	380.1
3959.6	983.39
3957.7	983.21
979.86	672.57
