4503.4	329.97
3545.7	1972.4
5143.9	2020.6
3503.4	2222
3503.4	2222
3471.2	2227.3
3543.6	1992.8
2542	260.88
4301.9	532.03
1795.6	1716.2
3058.8	285.72
4306.8	1921.4
3563.9	1949.4
3058.8	285.72
3671.7	1862
5156.6	1834.9
3671.4	1861.5
2193.1	1823.8
3543.6	1992.8
3537.5	1985.9
4920.8	618.09
3058.8	285.72
4306.6	1917.8
4291.4	527.12
3479.5	1817.5
3563.9	1949.4
4920.8	618.09
2704.6	1851.6
3469.6	2216.3
3384.9	249.85
3573.4	1968.2
3618.3	405.45
3762.6	201.72
3494.7	2208.2
3699.7	2227.6
4560.7	1783
2377.3	1807.8
2922.4	1806.2
1831.6	1848.9
5101.1	2012.8
3479.2	2192.1
3492.5	2211.3
5103.3	2012.8
3506	2201.7
4019.4	481.3
2399.8	1826
3469.6	2216.3
2397.4	1824.5
3533.6	2009
1066	58.984
3599.5	1987.9
4317.6	661.66
4317.6	661.66
2128.4	476.93
2801.9	1609.1
3488.3	2219.2
3989.4	465.24
2704.6	1851.6
3533.8	1998.3
2527	265.51
2790.6	1647.8
3233.4	1841
4901.3	1749.1
3702.7	2212.9
2790.8	1600.5
1500.9	1850.4
4585.1	1804.6
3553.1	1928.9
4899.2	625.93
3433.9	1815.4
3699.7	2241.7
2377.5	374.29
2527	265.51
2108.5	1808.6
4901.5	629.31
3627.2	408.79
2298.8	1851.7
3637.2	1765.6
2790.6	1647.8
3585.3	1938.4
4607.8	1778.8
4278.5	728.08
4892.3	623.53
4585.1	1804.6
3585.3	1938.4
2445	1812.1
4316.6	511.3
1941.6	1841.3
4910.8	612.06
2774.8	1382.3
3574.8	2007.1
2591.6	293.01
4598.8	1813.5
4607.8	1778.8
4285.9	665.67
1834.8	1797.4
3516.7	1805.6
3600.4	1973.9
1965.5	1824.8
2172.7	1823.2
1100.3	331.57
1838.4	1855.6
4316.6	511.3
936.47	1870.4
1864	1839.7
1637.7	1768.2
1852.8	1798.7
1500.9	1850.4
4751.9	180.35
2803.4	1620.4
2445	1812.1
3707	2233.3
4290.8	661.43
3998.4	469.42
1679.1	407.23
2172.7	1823.2
2887.6	1776.8
3472.7	2202.1
4367.6	669.07
2803.6	1620.4
1580	1826.5
4430.9	1173.2
4509.1	1800.3
4290.8	661.43
1853.6	1798.9
3573.7	1985.5
3573	1930.1
1054.9	1523
3647	1824.4
2079.8	1807.9
1025.7	1870.7
2257.1	1835.7
1015.2	1325.3
3464.9	2232.1
3531.5	1824.3
2397.4	1824.5
3712.3	1819.4
2887.6	1776.8
1868.2	1832.3
2801.2	1635
3692.3	2209.7
2205.5	1790.5
694.08	1867.7
4890.3	622.83
4616.2	1801.4
1841.1	1792.4
3483.9	1651.1
4430.9	1173.2
2590.2	1778.7
3702.9	2212.2
907.25	1868.8
2588.8	1777.7
4616.2	1801.4
4431.2	1173.2
4077.4	1768.5
3616	2009
1053.1	1787.5
2661.7	636.21
4370	1778.4
2532.6	312.18
4077.3	1768.4
2205.5	1790.5
4849.9	1749.2
3550.2	1944
4850.3	1749.2
3250.9	1533.2
2801.2	1635
1725.7	1830.9
4414.4	1770.5
3550.2	1944
4549.7	1814.4
1014.7	1325.7
3689	2211.1
3712.3	1819.4
3704.1	1826.8
3930.3	1795
2311.6	398.25
4616.2	1801.4
3652.9	1833.1
1053.1	1787.5
3594.8	401.81
3704.7	1828.1
3564.2	1891.3
1616.2	1767.7
3305.1	1533.1
3460.4	2219.1
1683.3	405.45
1786.6	1806.8
2860.7	277.53
2804.7	1849.5
3806.5	1807.8
4285	533.89
5118.2	1771.5
2257.1	1835.7
1785.3	1804.5
3562.8	1910.4
1408.1	1360.5
4834.6	594.06
3588.9	1938.9
3515.5	2201.7
4333.9	1935.6
2801.5	1641.5
3651.8	1832.5
1792.2	1815
3483.2	1650.8
666.53	716.71
1479.6	1856.4
666.53	716.71
2123.5	498.16
3600.4	1973.9
1039.1	1868.5
3291.8	1771.7
1803.5	1850.3
1798.3	1820.5
1325.6	729.57
1552.6	1536.5
1017.7	1721.8
670.18	369.85
4626.1	117.92
1820.7	1847
4409.3	699.23
3001.9	1789.9
2174.5	1811.8
2140.1	1818.1
661.82	1068.7
3641.8	1871.9
5099	1826.9
1526.1	1834.4
2590.7	1755.7
2585.9	954.33
3578	2034.9
1526.1	1834.4
4626.1	117.92
3527.9	1813.9
4410.9	1723.1
952.59	1867.4
952.35	1867.8
3535.6	1942.9
2529.9	313.86
780.34	1870.9
661.82	1068.7
1913.7	1797.6
3545.7	1958.7
3493.8	1239.8
2179.5	1801.1
1726.5	1327.5
2179.5	1801.1
5099	1826.9
2587.2	643.46
1014.6	1737
4147.3	1806.1
3532.8	1944.2
2585.5	1232.5
1588.6	1644.6
3004.1	1779.6
661.59	1421.6
1696.5	487.22
3530.4	1471.4
2625.6	1028.3
4912.4	627.34
659.77	1452.6
4186.9	753.3
2305.2	615.81
4596.2	676.8
4682.4	245.96
4987.5	610.25
3458.3	1823.1
2659.9	636.46
2494.1	1757.4
3441.7	1313.4
666.81	751.61
4612.1	511.82
2867.2	503.75
2767.3	1387
1323.3	754.27
2610.7	974.56
3004.1	1779.6
2204.9	1860
3974.2	1761.1
1697	488.87
2493.6	1773.5
3679.1	1786.2
2255.2	1850.9
1689.6	498.1
2979.7	1772.8
2478.9	2328.5
2866.5	503.18
4327.6	530.05
3643.6	1864.6
779.87	1870.3
2372.2	393.21
4903.4	619.74
2585.4	955.39
2803.9	1603.2
5078	604.22
4903.4	619.74
4727.2	606.39
2718.6	269.65
917.23	1830.5
4305.5	651.62
671.97	758.16
4418.3	1844.6
649.09	1875
2803.5	1602.7
1017.9	1308.2
1663.3	1678.6
2141	480.14
3497.7	2205.2
3546.1	1958.8
2869	933.13
3509.3	2088.2
4607.2	648.52
3508.5	1828.5
3394	1840.6
3536.9	2240
2114.9	485.28
2245.1	747.27
3904.3	1794.1
3652.5	1875.1
2303.8	508.46
1706.6	474.94
1974.3	1830.2
3292.6	1838
2658.8	636.04
5046.8	608.11
2585.4	1234.1
2532.6	312.18
4305.4	650.59
3667.7	1796.3
2929.3	1799.7
2448.2	1839.9
2254.6	1851.3
1628.4	1768.7
1710.9	472.08
1710.9	472.08
2224.5	953.95
2422.7	1823.6
2070.1	1772.5
5158.8	1796.8
1778.6	1767.2
3470.3	1460.3
3428.4	1567.7
2080.4	1755.4
2303.8	508.46
3441.3	1343.8
4639	1779.1
2530.2	276.65
3701.3	1798.5
3147.4	1785.5
2119.5	487.05
1006.5	1400
1326.9	360.9
4473.8	603.33
2142.7	1768.3
1979.1	535.83
2870.2	277.72
659.61	1101.5
3428.3	1567
4017	481.97
1791.5	1833.9
4742.6	256.66
1530.4	1775.8
1065	1780.1
4327.6	530.05
2119.5	487.05
4303.3	653.08
3551.7	1901.9
2163.1	1827.9
3971.9	1760.6
4418.3	1844.6
3667.7	1796.3
894.84	1791.9
1470	1823.7
3652.8	1877.2
3259.6	1077.2
3611.2	1815.5
666.45	403.4
2465.8	1844.7
1663.3	1678.6
1689.6	1366.9
1802.6	1843.6
2306.1	613.22
2614.9	1017.3
669.47	403.8
3698.5	418.48
3094.6	715.02
1663.3	1678.6
2587.3	1514.2
4137.9	867.97
3696.9	1812.4
2846.7	575.48
2303.8	508.46
1937.1	1795.1
4303.9	542.29
5158.8	1796.7
4761.8	324.9
4303.9	542.29
253.32	1881.2
4981.6	1131.7
3470.3	1460.3
3310.3	1771.1
2867.1	1189.4
3969	1794.5
4738.7	594.7
3603	1766.2
2311.6	398.25
3443	1722.6
5149.3	1420.9
3679.1	1786.2
3555.5	1781.9
4738.7	594.7
1689.2	509.08
2866.3	903.42
3653.3	1879.2
3404.1	1810.7
2858.2	606.42
4236.8	1941.5
656.3	521.05
3527.8	2029
2592.8	1226.6
3304.2	1656.4
2574.2	658.73
3488.5	2236.1
2592.6	1227.4
4781.4	334.99
1451	1831.3
3147.4	1785.5
1691.5	511.7
2448.2	1839.9
2724.4	382.09
3403.3	1811
4370	1778.4
3536	1729.2
3536	1729.2
2869	933.13
2465.8	1844.7
1470	1823.7
2494.1	1757.4
2224.5	953.95
1054.9	1523
1714.3	1809.2
2846.7	575.48
3700.2	2217.1
870.1	767.71
875.99	1077.8
1034.8	1321.6
4133.8	868.86
1033.9	1867.2
3250.9	1533.2
3653.3	1879.2
3463.3	1696
1066.5	1777.3
1693.9	492.24
1905.5	1845.4
5124	1817.9
3694.3	1866.3
3441.2	1343.9
3662.6	1803.6
2600	1795.5
3969	1794.5
3690	1866.3
1448.2	1832.3
1265.7	1863.2
3417.4	1783.6
1324.1	684.31
4303.5	707.8
2164.1	1826.7
2843.3	386.83
1690.2	1365.9
2586.1	525.08
2858.2	606.42
2990.6	1798.4
2904.8	1058.6
1505.4	1792.9
4332	532.81
4101.6	868.89
3510.3	2158.3
1801.1	1729.8
1066	58.984
2151.6	1823
1693.9	492.24
3752.8	1717.9
4972.7	1707.3
3390.4	1847.1
2305.2	615.81
3358.4	1639.1
1606.3	1529.5
2590.7	920.46
1588.6	1644.6
1519.4	1853.6
4977	921.42
4418.3	1844.6
2971.1	637.54
4462.6	1771.5
3990.4	1775.8
4692.4	111.02
1322.5	1010.5
932.48	1653.7
2513.7	1510.1
4337.4	534.23
3806.8	1778.3
4015.4	482.62
4595.9	1615.1
4515.6	120.96
2811.1	1598.9
1713.4	1802.9
3606.4	2002.2
927.43	1812.5
3806.8	1778.3
1763.2	1714.2
2805	1645
4663.9	659.26
4489	624.54
1688.9	1029.6
1806.4	1841.5
2532.6	312.18
2811.4	1649.7
4437.8	697.03
1054.7	52.084
3806.5	1807.8
3648.7	1946.4
3317.6	458.84
3666	1802.6
4229.1	1842
4590.9	641.23
1900.2	1332.4
930.81	1806.7
3217.5	1768
5051.3	1759.3
961.59	1463.9
2934.9	1787.1
1689.6	1029.5
1376.7	1812.8
3183.5	1840.4
3704	413.15
3574.6	2037.2
2811.6	1649.4
3200.4	1785.7
946.05	1699.2
3806.5	1807.8
2901.2	1355.5
3587.3	2155.7
2871.7	805.27
3750.7	1716
932	1650.3
2450.3	1763.3
2518.7	260.31
2304.9	754.96
1797.7	1840.3
3715.6	516.48
3658.3	1805.1
3400.3	371.67
867.9	1111.3
2929.3	1799.7
4664.1	86.962
3680.5	1787.4
2718.6	356.98
3653.5	1881.9
3687.1	1869.9
656.3	521.05
2811.1	1598.9
1886.3	1785.3
1997.4	1791
2424.7	1854.4
3950.9	1781.6
3418.5	1783.2
2527.9	1766
3713.6	513.5
1935.3	1795.7
3017.2	668.21
1663.4	1834.1
4997.1	1330.2
3000.4	1806.6
2424.7	1854.4
2305.5	754.45
1654.4	1661.6
3390.4	1847.1
4509.8	1749.9
3200.4	1785.7
4491.1	623.14
3828.5	1761.9
4692.4	111.02
4602.8	1497.7
1241.6	1366.3
4475.2	1779.6
3296.6	1839.9
2007.7	1805.1
2240.1	1801.7
4338.8	534.17
4482.4	618.46
4889.2	1761.5
4664.1	86.962
2424.7	1854.4
3423.6	787.38
1852.8	1798.7
3530.5	1744
1663.4	1834.1
1035.7	1321.9
3407.8	1768.9
659.77	1452.6
1038.1	1760.8
844.18	1279.1
1886.3	1785.3
1326	685.17
2220.3	768.58
2867.5	389.09
2523.1	1771.9
2588	1512.5
2758.7	1789.4
924.8	1441.1
1690.7	786.44
863.63	774.1
659.77	1452.6
1654.8	1800.4
1928.2	1774.8
2220.3	768.58
4610	1810.5
2512.6	1238.9
3077	1496.1
1888.9	1793.9
3999.4	1811.2
3442.5	1546.6
3551.8	1803.9
1467.8	741.57
3574.6	2037.2
3648.7	1946.4
1565	1808.4
2519.1	271.15
4184.8	1802
1592.8	1851.2
672.33	600.16
5041.6	596.04
4751.9	180.35
5142.4	1331.3
4965.9	955.3
3950.1	1781.5
1052.3	1820.2
3443.7	1746.7
3458.6	1235.6
4929.2	1770.4
3868.9	1804.3
3151	1801.2
2517.7	273.87
3441.7	1313.4
2426.9	1811.3
4996.5	1330.5
2535.8	266.64
4650	299.59
1571.7	1845.9
3980.8	469.56
2505.9	973.51
3842.4	1794.2
2033.3	1809.4
3428.4	1540.4
1052.1	1478.2
2824.6	939.81
4226.7	1807.2
893.77	105.82
2763.3	280.37
3431.7	1590.8
3311.5	1839.5
986.17	1848.1
1351.9	1820
4595.9	1615.1
3693.3	1839.2
2450.3	1763.3
2841.8	273.89
2007.7	1805.1
2426.9	1811.3
1522.9	1846.2
3722.9	1798.4
570.7	1477
5081.4	1815.9
2513.7	1510.1
2862.6	1794.6
4760.4	641.46
1578.7	1851.1
1713.4	1802.9
662.34	1670.1
3019.4	1801.2
2867.2	503.75
3862.7	1793.1
2513	935.29
2925.7	1618.6
1913.1	1437.5
2393.7	364.8
2508.9	970.84
3673.8	1609.5
2201.9	942.13
1683.3	405.45
5143.9	2020.6
3305.6	349.22
2303.7	401.04
1616.3	438.22
3237.1	1788
1626	438.11
2592.7	1479.7
3411.3	1402.3
3693.8	1826.1
3673	1609.2
947.82	1698
2527.9	1766
3261.2	1847.2
4603.1	1624.8
2837.3	644.68
910.76	1701.9
4879	1752
2758.9	1790.8
3077	1496.1
993.53	1321.8
3391.1	1771
806.54	1868.9
2789.8	1615
2323.9	444.99
3448.4	1821.4
1638.7	1828.2
2763.7	280.14
1895.9	872.68
2613.3	805.38
656.3	521.05
4279.8	716.19
2593	1479.7
1588.6	1644.6
4980.5	990.71
1927.1	1773.7
910.7	1777.3
2872.3	938.35
2906.9	667.24
1313	359.5
2836.1	931.85
2588	1512.5
1382	1807.9
3345.6	1472.6
1382	1807.9
993.24	1322
3661.9	1811.5
1323.7	728.84
3694.3	1866.3
2824.6	939.81
2726.5	1794
3524	1962
2020.8	1813.2
910.7	1777.3
4431.5	1762.8
4394.5	715.14
3619	1928.7
944.34	1716.2
2804	1646.8
3659.5	1590.6
4584.1	1731.7
2722.7	1000.1
4760.4	641.46
1476.7	1362.6
2488.1	704.47
2813.2	1606.7
1416.6	1445.3
3635.3	1800.2
4016.5	1508.4
1265.7	1863.2
3605	1995.9
3175	338.89
2513.7	1510.1
1641	1826.3
849.88	1127.4
4385.2	1774
2720.7	379.83
1474.2	698.41
2513.7	1510.1
894.14	105.23
2266	1855.9
3167.4	1770.9
1423.2	1310.4
1723.4	1841.7
806.54	1868.9
1474.2	698.41
3022.2	1802.2
930.59	1733.2
1020.3	1503.6
2802.3	1588.3
1914.8	1840.6
2968.5	638.13
2096	1772.7
3955	1761.9
2523.7	1808.2
3284.3	1811.1
1332.3	1816.2
4599.2	1520.2
1073.9	1869.5
1663.1	1794.4
2201.9	942.13
3022.2	1802.2
2625.6	1028.3
3588.9	1938.9
4584.1	1731.7
1522.2	1847.6
3330.1	1786.2
1991.8	1810.6
4668.5	340.19
2303.7	401.04
3121	1492.6
3619	1928.7
1065.9	355.46
3766.2	1803.9
2323.9	444.99
4496.5	1769
2832.7	958.81
1990.2	1814.7
3402.4	1777.6
71.837	431.44
1588.6	1644.6
2553.4	1770.6
2416.8	1846
4186.9	753.3
1410.9	1442.4
3595.5	1967.2
3766.2	1803.9
1990.2	1814.7
984.41	1791.5
2490.9	981.09
1052.3	1820.2
1088	1789.2
3594.4	1994.8
3987.3	495.74
2661	626.59
2837.3	644.68
4977.9	990.26
3620.9	1818.9
2256.1	1814.3
3549.9	1809.2
3222.3	1802.8
2256.1	1814.3
1588.6	1644.6
4569.1	1810.5
2880.7	1815
1854	1849.4
2256.1	1814.3
3244.1	1785.5
4385.2	1774
1654.4	1661.6
3668.1	1962.5
2307.7	1811
3895.2	1800.8
3220.1	1808.5
2726.5	1794
3790.2	1795.2
2424.7	1854.4
1571.7	1845.9
845.81	940.09
2486.5	1251.6
4009.8	1728.8
2924.3	1657.4
2493.2	828.16
4298.7	1428.1
4201.3	1768.7
2862.6	1794.6
3304.2	1656.4
3848.6	1808.2
2835.7	867.91
3989.4	465.24
3284.3	1811.1
1325.8	1269.4
1476.7	1362.6
3174.8	1768.9
3222.3	1802.8
2726.5	1794
3540	1787.3
3298	1805
2319.5	1810.9
4010.1	1740.8
2739.8	1775
1854	1849.4
857.08	1851.7
2878.3	1816.4
3243.9	1781.1
1017.5	555.58
875.99	1077.8
3624.1	1470.9
3604.8	1824.6
3528.4	1695.8
2808.2	1793.2
1226	1379.1
3566.7	1960
2812.8	1631
857.08	1851.7
3723.8	1698.5
2726	653.92
3980.2	479.46
3298	1805
1323.3	754.27
3707	2233.3
4595	1553.7
949.33	1545.4
2886.3	1515.3
3304.2	1656.4
2308.3	407.84
2911.7	1636.2
916.88	1200
2676.4	1809.5
3588.9	1938.9
2505.5	1799.9
2486.2	1251.9
4226.3	1805.4
1854	1849.4
3300.5	1572.1
3261.2	1847.2
653.22	493.7
3980.2	479.46
653.22	493.7
4615.8	1758.6
2862.6	1794.6
4271.4	984.25
2739.8	1774.7
2810.3	1791.3
3243.9	1781.1
4053	1794
4271.4	984.25
1052.4	1691.3
916.85	1225.5
1668.9	1793.4
984.41	1791.5
3747.8	942.42
1723.4	1841.7
2371.9	1826.5
1775.3	1724.1
2145.7	475.23
3298	1805
2935.7	1802
3384.9	249.85
1006.3	1468.8
2177.3	1855.7
3407.8	1768.9
4603.2	1624.6
2726.5	1794
976.39	1549.2
3472.2	1835.9
2256.1	1814.3
872.44	1811.3
2393.7	364.8
2676.4	1809.5
2226.1	1860
