1086.8	413.77
1412.3	396.38
1086.8	413.77
1412.2	396.65
1086.8	413.77
4971	1432
3691.4	1837.7
3861.1	1705.4
605.65	1061.6
4315.2	1824
473.07	218.12
473.07	218.12
3955.3	1797.7
4054.2	1828.6
4054.2	1828.6
4367.7	64.238
4316.7	1824
3891.9	1850.6
3899.2	1857.8
4670.8	2643.7
4545.5	1804.5
4075.8	1792.2
5040.4	1582.7
4548.7	1822.6
3891.3	1848.5
5026.1	1626.1
4401.4	1855.5
5026.7	1573.5
4537.7	217.89
3539.5	1854.9
5026.1	1626.1
4548.7	1822.6
4548.7	1822.6
4234.4	1807.9
1981.2	1877.1
4548.7	1822.6
4598.4	1813.1
5026.7	1573.5
3539.5	1854.9
5163.6	1818.1
4445.1	1829.3
4269.1	358.23
4234.4	1807.9
5043.4	1595.4
4047.3	1822.9
3533.9	1850.9
2213.3	1782.9
3815	1755
2391.9	1875.7
4023.5	1840.5
3919.4	1795.1
2145.4	1877.8
4445.6	1829.4
3901.8	1792.9
4778.6	98.642
3774.9	1820.3
4293.8	1823.4
3930.2	1839.9
1389.6	426.04
1140.5	1993.4
396.8	1896.5
5041.2	1595.5
2046.8	1876.8
3958.2	1780.3
3811.3	373.07
1139.9	2024.1
5006	1323.7
3702.6	1761.2
3904.9	1790.2
3960.6	1782.7
4312.3	1790.6
3533.4	1850.2
4380.2	1860.9
3036.4	1298
3960.6	1782.7
5112.4	50.6
1140.5	1993.4
1311.9	870.74
3941.9	1793.5
3680	1760.9
3049.5	1713.9
5039.3	1612.2
3720.1	2631.5
4593.7	1763.3
5039.3	1612.2
3049.5	1713.9
3934.3	1838.1
4353.1	1835.3
3785.6	316.36
4046.8	1432.4
3680	1760.9
4353.1	1835.3
1295.1	1898.1
4421.6	1830.6
4788.6	1773.6
2897.1	1864.4
2897.1	1864.4
2877	1862.7
3986.7	1794.1
3036.2	1298.6
4592.5	1804.7
2932.2	1825
4997.3	1329.4
5039.9	1607.5
2689	1282
2607.4	1807.5
3842.2	1760.4
2156.7	1799.2
2678.7	1403.2
515.43	67.174
4265.8	383.53
4310.1	1865.6
823.48	235.54
2679.3	685.63
4592.5	1804.7
2678.7	685.57
3075.4	1781
1950.1	669.24
3877.8	1847.1
1386.8	374.64
3811.3	373.07
1953	670.21
1947.1	1122.9
4201.2	1805.7
2191.4	1788.2
2403.6	678.76
2691.8	920.95
2914.4	1783.9
2679.8	1404.7
3035.4	1865.2
2269	1868.5
2678.3	720.1
2677.7	1044.6
2269	1868.5
3409.9	678.42
1140.5	313.76
1399.4	1854.7
2677.7	1044.6
515.43	67.174
5042.8	1576.8
2675.5	1044.2
3622	1545.2
2591	1256.6
203.95	1887.5
4332.5	1865.6
1739.3	1854.8
1368.3	1841
943.29	334.24
5042.8	1576.8
2676.2	1078.4
2679.5	720.58
2626.5	1789
1135.3	2017.5
2697.1	1806.8
2968.3	1528.5
2605.9	1798.4
3035.9	1281
3849.6	1874.4
3858.8	1851.7
1402.1	1836.2
4217.5	1767.9
1400.5	1798.2
3633.5	1819.4
4348.8	1854.1
2432.6	1808.6
3409.9	678.42
2928.2	1691.3
3793.6	427.46
3849.6	1874.4
5100.1	50.916
1950.3	1435.3
2663.1	1866.9
4270.9	1823.8
4728.3	99.817
4785.2	1162.1
2406.5	1436.9
2288.6	1817.7
4684.8	1750.4
1437.8	654.48
4809.7	868.43
4112.8	437.06
589.14	1035.5
3098.1	1772.8
3847.4	1802.4
4008.5	1761.1
3847.4	1802.4
3549.4	1852.4
2435	1803.6
3849.6	1874.4
1429.4	528.24
3849.6	1293
2301.4	1810.1
2677.9	1436.4
4719.6	126.04
2336.3	1877.4
1889.9	667.69
2423.5	1270.2
2885.4	1859.4
2232.1	1831
3938.7	1806
3858.2	1843.9
3019.3	1303.4
4187.2	1767.1
2685.7	727.36
1892.3	1403.2
2941.3	1863.5
3450	1338.8
2508.6	1872.6
1368.3	1841
2009	1876
3021.4	1303.1
4827.3	928.34
4008.5	1761.1
2677.7	1044.6
4694.8	530.96
2405.2	679.49
5056.7	1594.5
4777.2	363.79
5112.4	50.6
2728.8	1865
1661.2	329.93
420.94	167.25
2246.4	1876.9
2594.2	1633.5
1487.1	1791.6
3791.2	417.89
3791.2	417.89
2405.6	1076.2
2301.4	1810.1
4927.7	57.156
4938.8	1072.4
4455.5	624.4
2602.4	1636.2
2366.1	1785.3
2009	1876
2685.4	1086.2
2418.9	1461.7
4552.8	219.51
2423.5	1270.2
4552.8	219.51
4455.8	629.03
2428.6	1637
2406.5	1436.9
4779.9	358.85
2024	1877.3
3409.7	632.2
1140.5	1993.4
3849.6	1874.4
4782	848.94
4579.1	1810.9
3791.2	417.89
3407	295.76
2015.6	1875.9
3098.1	1772.8
3577.3	1785.2
2336.3	1877.4
4768.1	103.32
4711	1807.6
4462.2	620.48
3057	1294
4732.3	106.03
4579.1	1810.9
5056.7	1594.5
4199.3	1748.1
2678.1	1044.8
3392.5	295.3
3426.4	296.43
3791.2	417.89
4188.4	1766.5
4282.6	1828.2
2691.6	1645.4
2813.9	1865.9
1957.7	907.42
5051.9	1574
4999	1327.8
3552.3	1845.8
2420.8	1452.8
2589	1461.6
1311.9	870.74
4799.9	1794.3
4813.8	410.37
3552.3	1845.8
4738.4	93.974
1171.6	1629.1
3811.3	373.07
4605.8	1842.8
3502.5	1854
2685.4	1086.2
421.1	167.7
1962.6	1275.4
3811.3	373.07
2663.3	346.37
2422.3	556.7
3811.3	373.07
3525.7	1855.9
2413.2	1282.6
4815.2	916.17
1505.3	1878
3828.3	1703.1
5114.3	772.82
1487.1	1791.6
4210.2	1807.5
1960.8	909.4
2422.3	556.7
1890.9	1066.3
1892.8	1403.1
5053.6	1579.7
2446.8	1847.9
4283.2	1827.6
2963.4	1686.1
2926.8	1768.6
4716.2	1767.8
1516	1866.8
2026.4	765.07
3039	1536
4855.8	1791.4
1139.9	2024.1
3793.6	427.46
3720.1	2631.5
4023.2	1409
3409.7	632.2
3918	1850
2960.5	1705.5
3709.6	1831
3561.2	1853.4
2887.5	727.34
2406.2	1076.2
3058.9	1295
2887.5	727.34
4986.8	1788.1
5051.9	1574
3552.3	1845.8
1892.8	1403.1
2155.8	1256.3
4625.7	1848.3
5162.5	1802.4
4815.2	916.17
2178.6	1070
2987.6	1392.5
3412.2	971.51
1412.6	877.88
3065.9	1749.8
1400.5	1798.2
4523.1	225.69
4262.4	371.13
5047.7	1567.4
1891.5	1033.3
2947.9	1640.8
4605.8	1842.8
4552.8	219.51
2866.3	1258.3
2849.7	1238.9
4773.4	234.88
4262.4	371.13
2024	1877.3
1669.9	905.46
4809.7	868.43
2154.1	538.19
2179.8	675.69
3392.5	295.3
4703.7	1170.3
2926.8	1768.6
1139.9	2024.1
2681.8	1658.7
2178.8	159.73
2946.8	1803
4695.1	874.1
2610	719.66
2733.7	1863.3
1665.9	534.11
4792.3	1759.7
4700.4	1174.5
1685.3	525.04
2026.8	858.23
1669.9	905.46
4376.8	669.72
2178.6	1070
2229.8	1782
1287.5	1316.3
3533.9	1850.9
2179	675.88
2689	1282
1437.3	129.18
1665.6	136.86
5077.4	49.008
3591.9	1741.5
2633	346.17
4529.8	229.07
4054.2	1828.6
3131.3	312.22
4466.4	251.85
2888.8	1081.3
5053.6	1579.7
4139.7	1811.2
4807.6	678.67
4014.1	1791.2
3740.3	1505.1
3849.6	1874.4
2185.9	1876.3
4999	1327.8
4363.7	1862
2421.1	1089.5
3185.3	296.79
3720.4	1798.2
2232	1867.7
4705.9	1474.8
3616.2	1850.7
5020	1602.5
3992.2	1840.8
3411.6	632.77
341.01	1887.3
3077.7	1814.1
4154.5	1807
2633	346.17
3791.2	417.89
3861.6	1817.2
4139.7	1811.2
3561.6	684.49
2178.8	159.73
3798.5	720.62
1648.7	543.03
2979.4	1843.7
2277.7	1836.1
1448.7	1111.7
5100.5	430.71
2979.4	1843.7
1631.4	291.64
4949.9	1650.1
2420.3	1101.6
1903.4	1115.9
2897.4	44.657
4721.5	1760.7
4702.7	831.51
4786.4	810.89
1819	741.71
4471.1	899.79
4813.8	410.37
1866.8	1627.3
2666.2	1140.3
2695.5	1635.1
2686.2	1444.7
4720.5	101.04
1359.8	307.15
4012.5	1791.7
2239.4	1873.3
4715.8	1798.7
2965.7	1549
2178.6	709.2
3015.1	1295.7
4792.7	1439.3
4403.5	643.17
4778.6	539.41
1815.5	858.41
1954.3	1267.9
2520.8	1830.4
4930.8	183.59
1171.6	1629.1
4217.5	1767.9
4115.4	1798.4
2679.3	685.63
2618.3	1045.5
4353.6	1811.4
5044.1	1622.9
4695.1	874.1
1658.2	913.79
4743.3	107.72
5025.8	1589.9
1673.4	142.14
2579.8	1865.3
1408.9	1881.2
4006.1	1770.5
1135.3	2017.5
3007.6	1783.7
5025.8	1589.9
1434.7	420.82
4115.4	1798.4
3840.7	1713.1
1306.3	388.93
4112.8	437.06
2154.3	731.99
2523.6	1360
2633	346.17
2601.5	1090.8
4765	517.44
4258.7	1832.8
5080.5	179.09
2965.4	1548
4791.8	1123.6
2232.1	1831
4458	255.88
3841	1716.8
1497	1835.2
943.29	334.24
2682.4	1657.9
3866.3	1719.6
3622.4	1821.5
3482.6	1800.8
4906.5	1761.1
2179.6	1437.3
2918.6	101.39
5110.4	178.53
1683.5	897.14
1882.4	1817
2610.4	719.15
2618.6	932.87
4529.8	229.07
4115.4	1798.4
2881.1	734.16
4935.3	612.22
4212.3	400.98
4348.9	1803.7
1171.6	1629.1
2891.4	692.1
2354	1825.9
2310	1785.2
3760.5	1850.5
2945.6	1522
1953.7	1290.2
2921.8	513.1
2679.8	1780
1685.3	719.09
2459.9	1118
4810.5	676.76
2983	1522.5
1704.9	1793.3
2596.5	1094.8
1623.4	298.47
1876.4	1634
2606.2	1087.1
2846.1	1844.4
1658.2	913.79
508.78	63.109
4699.4	562.38
2686.2	1444.7
2619.2	574.58
3682.9	1631.2
1436.1	1842.5
4941.1	890.96
2310	1785.2
4965	1771.4
3577.2	1333
2229.3	1743.8
1963.3	1443.6
2891.4	692.1
1081.9	386.02
3760.5	1847
5110.4	178.53
4598.8	1831.1
4353.6	1811.4
4480.7	302.71
3315.2	1341.1
2180.4	1037.3
4765	517.44
2978.2	1848.1
2560.4	1872.7
3760.5	1847
4031.5	1292.3
4466.1	647.67
5025.3	1590.5
5020	1602.5
2897.4	44.657
2028.4	1126.8
3720.6	357.18
4751	1765.9
2869.4	1104.3
2179.6	1437.3
2394.8	1123.2
4463.6	262.64
2926.8	1773.8
2709.7	1461.7
3487.1	1420.6
4986.2	1341.1
2653.8	1834.9
4880.4	1811.8
2204.8	1769.2
2625.3	1777.2
3529.2	1279.3
1407.1	1836.2
2679.6	1452
2947.2	1720.4
3603.9	1814
1598.5	1664.5
2426.4	1842.9
730.47	234.42
2894.2	1804.1
1858.4	521.7
2404.9	165.67
3964.7	1798.5
3030.5	1531
3487.1	1420.6
4941.1	890.96
3747.4	1879.3
2695.6	1465.9
1874.8	537.61
2296	1780
4778.6	539.41
4676.2	1186.7
3072.5	1489.3
2203.7	827.77
2204.5	1769.6
2612	684.93
4023.2	1409
1945.3	1704.7
3101.6	1840.7
4348.9	1803.7
4676.2	1186.7
1605.7	1545.4
2960.1	1656.1
2881.1	734.16
5064.7	816.59
2011	515.91
5065.3	1765.7
126.51	1867.4
2419	911.8
2229.8	1782
2920.1	232.77
2967	1740.1
3567.3	638.84
2654.4	377.28
2213.3	1782.9
2895.4	1046.8
2975	1756.4
3493	1399.7
1649.5	292.75
2024.2	513.15
5065.3	1765.7
2716.9	1843.5
2615	1652.3
1648.8	433.29
2946.8	1803
508.78	63.109
2614.6	684.56
3746	1864.9
2397.4	1126.9
2155.8	893.11
4008.5	1761.1
1138.2	2022.5
2203.7	827.77
2926	1184.2
3914.4	1784.3
2858.5	1837.5
3563.7	1334.6
2934.2	1328.7
4075.8	1792.2
1407.7	1839.8
2168.9	553.35
2394.9	1785.1
4941.1	890.96
4665.1	1845.8
4640.3	1850.4
3460.4	1845.5
4773.6	234.12
4717.6	105.41
2947.9	1640.8
5064.4	816.13
4941.6	511.64
3734.7	1787.3
2654.4	377.28
3666.9	1841.4
2028.3	1230.5
3111.4	1768.2
2963.3	1734.6
3111.4	1768.2
2394.8	1785.3
2679.5	1779.2
1979.6	740.23
16.015	1056.6
2794.6	1828.2
2028.5	1112.5
2858.5	1837.5
4212.3	400.98
2633.2	1127.1
1411.5	711.02
4419	1867.5
3586.8	1339.6
4004	1767.8
2867.6	911.65
2213.3	1782.9
2158.9	1633.7
3869.6	1721.4
3954.9	727.18
4821.5	404.12
1861.8	735.92
4592.5	1804.7
3839.6	1711.6
3409.7	632.2
3747.4	1879.3
2310	1785.2
2546.2	1334.4
4419	1867.5
4986.2	1341.1
2539.4	1428.1
4941.6	511.64
3061.5	1429.4
2392.7	169.02
2179.8	1404.6
2853.2	1822.6
1648.8	433.29
2185.9	1876.3
1417.3	724.38
3734.7	1787.3
515.42	307.5
4154.5	1807
2993.9	1533.2
2539.4	1428.1
3532.6	1801.1
3955.1	727.34
1434.4	1060.3
1311.9	870.74
2969.4	1784.9
2104.5	1427.3
1905.7	434.36
4743.3	107.72
2089	1427.3
1516	1866.8
5073.5	837.48
1541	1795.8
1948.9	553.82
2884.6	1807.8
1618.6	1734.3
4719.6	126.04
2168.9	553.35
2869.4	1104.3
3101.6	1840.7
3845.2	1059.4
2229.8	1782
2947.9	1632
1874.6	1257.2
5065.3	1765.7
1648.8	433.29
1269.7	869.47
2598.7	558.41
2666.2	1140.3
1832.8	509.15
2995.6	1750.7
2611.9	1080.5
2172.4	714.99
2986.4	1750.4
357.2	1882.7
3747.4	1879.3
2633.2	739.34
2654.4	377.28
2392.4	909.24
2448.8	534.8
1855.5	725.67
3959.6	983.39
2576.2	1867.6
874.69	230.39
5065.3	1765.7
5073.5	837.48
959.55	382.59
2654.4	377.28
4046.8	1432.4
2611.9	1080.5
2422.5	1468.3
3301.1	1357.9
1617.3	292.05
4212.3	400.98
2634.2	1291
3834.1	1752.8
1905.2	460.33
2208.9	333.88
1874.6	1257.2
2836.3	1844.1
1605.4	305.67
1981.2	1877.1
2632	454.03
1333.9	869.78
2106.9	1824.2
2296	1780
2686.2	1444.7
1138.6	1661.4
3028.3	1291.8
