205.85	388.27
206.37	338.6
205.98	388.38
206.61	339
86.568	307.25
249.93	1887.5
4411.5	1937.2
2658.2	1686
2589.6	1730.2
3073.5	1797.3
4449.9	1988.1
4450.2	1987.5
2747.5	1772.8
4399.7	2034.1
4399.9	2033.2
3922.9	103.21
3075	1797.2
2690.6	1823
2697.8	1829.7
3753.9	129.22
3260.1	1773.4
4441.8	1974.4
3717.8	1573.8
4399.8	2020.7
2690.8	1821.5
3705.4	1613.9
3168	1826.2
3706	1564.9
3271.2	294.9
2359.3	1828.2
3705.7	1614.8
3287.5	1800.6
3285.2	1794
2992.6	1781.4
831.31	1857
4400.6	2019.7
3333.1	1785.7
3706.1	1564
2359	1827.6
3826.1	1789.5
3190.9	1801.6
3019.8	411.6
2992.2	1781.5
3719.3	1585.5
2832.3	1797.4
2354.3	1825.2
4487.2	2010.6
2613.6	1732.6
1250.9	1853.8
2808.5	1814.3
2715.2	1770.8
1005.5	1856.9
3192.5	1801.9
2696.8	1769
3491.2	199.87
2574.5	1796.1
3053.3	1795.2
2725.4	1813.4
185.77	363.45
3713.4	1825.9
4306	2286.9
3719.5	1585.4
899.21	1855.8
2749.7	1756.1
4608.4	288.99
4615.4	2306.8
3688.3	1335.6
2502.8	1738.7
2702.3	1764.6
2751.2	1760.7
3078	1764.8
2353	1823.1
3150.9	1831.4
1869.5	1289.4
2751.8	1758.1
4498.9	2032.5
3300.9	3336.7
4650.3	1740.1
2733.6	1769.6
2481.1	1738.5
1877.7	1692.1
3716.6	1600.7
5163.1	2377.8
3329.7	1739.6
3717.1	1600.5
1864.1	1691.9
2728.2	1810.6
3122.9	1808.9
2565.9	352.16
4404	1775.6
2481.2	1738.5
3123.7	1808.6
4270.4	2980
3175.5	1804.8
3493.4	1749.5
1747.5	1839.3
1747.3	1840.2
1728	1838.3
2777.5	1769.7
1868.9	1290
3327	1779.1
1770.1	1801.8
3680.7	1340.8
3717.4	1597
1528.7	1269.8
1447.6	1785.7
2640.5	1738.1
995.71	1778.1
1517.9	1388.2
4436.9	1913.8
3015.1	434.64
3076.7	1834.9
4502.9	2033.9
1522.2	681.88
3327.9	1780.8
1521.4	681.87
1903.6	1759
786.02	642.49
2678.8	1820.2
189.02	312.85
5023.2	342.06
788.93	643.73
3433.8	228.21
2962.1	1780.7
1031.5	1767.7
1249.2	667.2
1534.2	913.84
1750.2	1762
1519.1	1389.7
1880.5	1840.3
1126.6	1847.7
1520.2	715.66
1518.3	1035.4
1126.2	1848.9
2205.2	688.41
1524.3	334.12
216.37	1835.1
1518.2	1035.3
4437	1913.9
3719.8	1567.1
1516.8	1035.2
4607.7	1446.7
1430.6	1244.5
4307.5	2270.2
3098.3	1835.9
578.8	1835.8
184.28	1824
4417.4	1461.6
3719.6	1566.4
1516.8	1068.6
1522.2	716.64
1466.1	1767.6
156.72	1995.8
1537.2	1785.3
4602.1	1546.2
1446.2	1777.3
1870.5	1272.8
4433.2	2316.6
2661	1824.2
219.61	1822.2
4994.9	1734.7
212.53	1782.7
2447.9	1793.6
3117.9	1826.4
1274.8	1787.5
2206.6	689.18
1764.6	1671.6
1922.8	329
4433.3	2316.7
3774.4	173.07
784.66	1413.2
1520.6	1843.1
3031.6	1796.8
3434.2	188.26
3490.7	1182.9
1249	1419
1133.9	1795.8
3398	1728.7
250.29	608.54
3515.3	911.43
2871	477.95
2533.1	1647
1924.1	1750.5
2646.8	1779.3
4916.6	1770.2
2646.3	1777.5
2370.4	1826.9
1275.4	1785.1
4428.8	2313.1
240.98	479.42
2616.4	1290.4
1129.5	1790.4
1517.3	1421
3425.6	225.22
1197.9	1855.4
723.07	638.51
1265.4	1257.2
1736.7	1836.6
4442.2	1984.4
2733.6	1780.8
2660.3	1816.9
1852	1293.8
2951.1	1743.8
1528	723.66
1459.6	1390.5
1791.9	1839.1
2251.9	1331.3
1366.1	1850.6
183.94	1824.1
861.88	1855.9
1851.2	1294.1
3530.7	967.38
4916.6	1770.1
485.64	625.01
3411.5	593.73
486.04	624.9
3732.6	1584.5
3487.5	443.09
3785	173.2
1581.3	1841.5
488.53	286.16
4147.8	220.83
1107.1	1855.1
1431.1	1612.6
4835.3	1327.6
2577	440.98
2580.3	437.35
1248.8	1061.4
4808.9	1751.9
3623.8	169.72
3629.7	1103.2
3190.1	670.96
1440.8	1616.2
1208.5	1764.5
863.2	1855.4
1525.2	1076.4
1259.9	1442.7
3283.9	297.35
1266.9	1252
3032.5	413.95
3191.2	676.52
1270.1	1619
1250	1419.2
3490.9	438.22
878.99	1857
3783.4	411.09
162.05	1972.4
4429	2312.9
3489.4	892.34
3315	1785.2
2575	444.45
2206.1	316.92
870.59	1855.7
1926	1746.5
2379.2	1761.4
1197.8	1855
3481.5	201.45
3424.5	1781.5
3198.6	666.23
1890.3	1285.8
3438.3	194.22
3315.2	1784.3
4685.8	1775
2961.4	1726.1
483.56	997.49
4351.5	257.81
4088.5	1759.7
2580.5	435.85
2952.1	1743.6
3042.8	1801.6
1531.1	1625.9
1666.1	1842.8
792.34	882.01
3727.6	1563
3680.9	1339.7
2371.3	1820.8
1264	1432.2
1428.5	1445.4
108.82	825.97
3504.9	1768.2
3744.3	561.1
2374.2	1818.2
3443.7	183.57
4608.7	1580.3
2592.9	421.25
3338.2	1814.4
2325.9	1828
1525.3	1076.1
4148	221.48
795.99	1253
2592	416.31
3752.5	554.86
1267.2	546.63
2588.7	423.36
2348.1	1829.6
1256.6	1266.6
3519.9	956
346.07	1860.6
2626.1	1683.5
3784.7	831.93
250.31	1773
2970	1782
796.16	885.05
1268.8	546.94
722.57	1041.3
723.73	1380.9
3729.7	1570.8
1302.1	1823.6
3043.6	1800.5
1799.8	1666.6
1763.9	1747.1
3427	1744.1
357.18	1849.4
860.87	741.6
1872.4	1521.9
3557.3	1765.5
4620.1	2308.8
2572.9	457.9
3024.1	2427.8
2788.6	1403
2205.4	643.64
2716.6	1822.2
1797.1	1686.2
2520.2	1805.8
2382	1826.6
1725.6	728.52
1250.6	1061.5
1890.4	1286.3
1725.3	728.93
3671.6	1763.4
3727.3	1562.7
2372.6	1820
723.72	1380.7
993.01	1233.7
3357.1	1819.1
3825	1775.1
3520.4	955.38
1016.9	1050.6
1823.1	1380.6
2205.4	972.96
222.87	836.27
1894.8	1730.4
4686.5	298.34
3258.8	302.03
3012	422.99
3724.8	1559.6
724.22	1007.9
4598	1420.6
3338.7	1814.6
3285.6	297.38
1699.8	1244.9
1683.9	1226.6
3486.9	321.5
3011.2	423.09
878.76	1857.4
493.84	873.01
1763	423.6
994.09	513.8
1020.3	656.48
2192.1	315.74
3417.1	1187.5
1763.9	1746.6
161.4	2002.5
1520.4	1639.7
1023.7	139.66
1781	1782.9
3411.2	910.38
1451.7	713.4
1586.3	1839.3
488.09	492.31
3496.4	1735.8
3413.2	1192
510.45	486.6
860.69	833.85
493.01	873.47
3116.2	710.01
1016.6	1051.1
4163.5	1741.2
1890	1536.8
1875.7	1839
1019.7	656.65
796.1	1623.6
248.14	67.81
492.48	89.364
3754.3	170.05
2393.3	1718.4
261.89	283.02
3264.9	305.17
2837.2	1803
1936.8	320.36
3205	322.41
1724.3	1075.3
3729.6	1571.3
2903.5	1786.2
3514.2	735.92
2802.1	1767
2521.2	1493.7
2655.3	1845.6
1046.4	1855.7
3679.1	1341.1
3134	1831.6
1263.1	1076.2
1991.9	309.16
2518.5	1772.2
1092.8	1846.1
3417.7	1471.4
2431.8	1824.1
3698.9	1591.5
2780.8	1813.9
2207.4	644.15
4462.6	1926.7
1907.8	1790.9
2916.8	1782
1479.1	402.53
2571.1	448.53
4408.3	1976.3
2903.5	1786.3
2350.5	698.59
1022.8	140.2
2575.5	739.98
474.2	503.3
1825	1819.7
1137.2	1818
4016.5	1426.9
3773.6	519.18
1820.4	1819.8
283.71	299.35
3638.5	1635.3
1261.3	1085.8
1235.8	418.03
1743.4	61.267
3434.6	1735.3
3416.3	873.34
3493.7	856.62
653.77	710.99
3204	929.09
3521.9	553.45
698.56	1605
474.52	332.68
1534.5	1616.5
1525.2	1429.2
3426.8	189.12
161.55	249.82
2800.6	1767.5
1100.1	1851.6
3428.7	1773.2
1801.2	1532.1
1018.5	689.87
1848.3	1286.7
3497.3	1439.6
3141.2	686.29
3488.1	605.33
647.72	827.73
788.23	1245.2
1364	1807.9
3626.7	285.61
4608	1564.1
2978.3	1744.9
2888.7	1777.5
246.5	67.597
1459.2	1035.2
3124	1785
3718.6	1614
3408.9	912.67
483.25	881.24
3456.9	202.22
3705	1579.7
501.05	95.663
1434.4	1841.8
244.65	1864.1
2794.2	1746.6
4491.2	2024.9
1840.2	1761.7
3704.7	1580.4
232.51	366.39
2883.7	1774.5
2638.5	1693.5
88.635	325.68
4360.1	255.93
993.8	710.54
1363.7	1344.5
1478.4	403.7
1441	1080
3477.3	583.9
3018.8	1805.1
3757.2	288.66
1801.6	1532.1
3497.5	1146.9
2251.1	1778.9
3196.6	325.77
2638.5	1697.1
318.19	1817.4
4339.3	1421.4
1521.4	1638.5
2663.3	1699.5
2435.3	1797.9
2285.8	1777.1
3599.3	1737.6
1017.1	1417.5
1763.9	118.54
3780.2	287.62
507.14	864.97
714.5	1796.8
1024.1	291.54
1459.1	923.79
3262.2	304.5
2886.7	1772.4
1718.9	735.7
3628.3	679.47
3288	284.26
3121.3	1781.1
1813.6	1429
1730.9	694.41
1196.6	1804.5
4108.3	1743.7
2566.2	1825.3
1781.9	1506.7
787.18	1267.8
1763.3	521.1
1518.4	1758.4
511.03	684.44
1300.2	1103.8
3517	734.12
2375.3	1816.6
525.84	1776.7
1435.9	1083.8
3250	543.12
708.51	1613.8
1445.9	1076.3
1696.7	1822
483.48	881.57
4402.7	1922.9
3415.3	622.37
1525.4	1428.4
1463.2	570.26
2468.3	1613.5
254.88	1825.3
3567.9	556.18
4108.4	1744
3651.4	1747.1
2361.6	1326.4
1070	1723
796.02	1421.7
1729.8	694.47
4257	1486.3
2554.8	1818.8
3782.5	289.89
3332	1803.6
3123.1	1784.8
3217.8	370.61
2117.7	1332
1019.2	1018.1
3475.5	585.52
1824.3	1824.3
1418.8	1850
2568.4	1820
2794.1	1292.3
3201	692.35
3704.1	1581.5
3698.8	1592.2
1743.1	60.888
862.06	1104.5
2510.4	383.8
3458.6	1742.6
1703.5	1097.6
1016.7	1418.1
1237.4	1109.9
3201.7	332.27
1764	1751.8
1538.4	1439.5
2288.7	1410.1
3670.1	1354.7
1497.4	1813.7
3579.4	1783.3
1045.5	1748.6
1465	1756
2314.1	1275.5
223.35	1819.1
1518.1	1435.9
1783.6	1700.5
1185.8	1811.1
423.24	1644.5
1282.2	1821.5
292.73	292.43
1728.2	1781.7
692.55	487.42
1254.2	156.69
2757	1774
1865.8	1516
2283.6	1409.4
3632	935.39
2551.7	1853.8
1534	1450
708.26	505.85
3518.1	1742.9
3487.6	606.62
3389.5	1203.5
1902.8	1475.8
1045.7	809.73
1045.6	1749.1
1454.9	678.59
3847	1648.8
778.5	1683.8
1933.3	1813.7
3119.3	1776.2
3390.1	1202.7
4831.4	1525.2
1797.8	1637.2
1718.8	735.82
3740.8	871.06
848.64	484.26
3739.4	1741.4
4906.3	1777.3
1263.1	898.1
1229.8	1760.7
1764	247.03
1802.1	1719
2356	654.81
3166.7	1003.1
1054.6	1762.1
1731	1041.5
1811.4	1735
2293	1390
3166.2	1020.4
859.85	479.76
3739.2	1742.4
1567.7	1821
1454.4	1633
474.69	419.7
1786.1	1779.7
4403.1	1922.6
1457.3	679
2542.6	1838.8
1240.2	1116.2
994.24	869.19
2796.4	1738.9
159.46	2001.3
1046.7	809.88
1762.8	1176.8
2709.6	1760.8
1709.5	1810.4
2348.2	1327.6
1770.5	1317.9
2843.1	1765.9
224	1822
1009.8	533.7
1237.6	1764
3633.5	936.52
3395	1818
3371	1821.2
3797.8	1791.4
3197.3	552.39
3423.8	193.09
4447.9	897
3740.5	870.86
3634.2	587.31
2533	1764.6
3166.8	1002.3
2478.9	1815.7
862.11	1206.3
1935.4	1747.4
1799.1	1713.5
1938.2	1746.8
1237.2	1764.4
1518.4	1757.6
813.2	715.25
947.61	371.53
4168.8	1777.4
862.11	1088.3
1710.2	1813
3288.2	282.46
1474	1118.4
222.79	667.05
3184.6	1838.9
2370.1	1333.1
2792.3	1745.1
1701.1	903.14
1069.7	1761.8
992.33	1604
2665.6	1700.4
2719.8	749.96
284.08	284.96
693.76	706.74
4470.6	1770
2637.8	1691.9
4706.3	513.21
2576.4	1870.5
1150.3	1764.5
1386.3	1318.6
3180.8	1835.5
3668.9	1354.7
1363.5	1411
3634.1	587.7
1895.8	1418.3
1242.3	160.01
1017.5	1385.3
1689.9	1799.7
474.82	391.26
1046.6	1854.8
226.04	680.24
2537.7	1762.8
1521.3	419.29
2918.5	1781.4
1829.8	1517.9
1379	1411.6
2337.3	1777.6
2720.7	750.3
245.08	1025.2
2342.8	1755.9
2303.7	1331
940.93	1406.9
741.34	404.01
3450.6	197.7
924.55	1406.5
4762.7	1780
3748.6	890.41
359.86	1777.9
785.41	526.05
1723.6	1785.1
446.18	1712.9
3414.8	219.98
1451.8	1423.4
1707.4	1109.2
1932.1	1814.7
2615.7	1067.9
4233.6	1739.2
4664.1	1425.9
704.89	1233.4
3750.1	1743.6
474.76	419.52
63.918	823.88
1440.2	554.09
1913.7	1133.8
1400.8	527.62
1831.9	1729.5
1451.1	1069.6
1012.2	696.22
1822	1728.4
3860	1776.3
4563.3	272.78
1476	733.42
549.44	333.18
1236.8	896.21
1292.1	524.33
697.63	321.68
2723.1	995.18
1430.7	1844.8
4748.2	559.09
3750.3	1742.7
3748.5	890.34
4356.1	1176.8
1667.7	445.72
2817.2	1431.1
1451.5	1068.9
503.3	695.46
2103.5	1345.5
1877.2	458.92
3288.3	282.09
1474.2	1277.3
2633.7	1730.6
740.18	429.54
1841.5	448.46
706.06	1234.6
1694.9	1826.1
441.56	302.48
3119.3	3173
1477.5	451.93
3846.6	1637.9
948.22	1804.2
1136.1	1759.2
797.24	682.86
3786.4	1159.3
1861.6	1282.2
