3205.2	321.12
3205.3	321.75
3113.8	405.37
3214.3	372.67
641.46	1598.8
3099	354.07
2476.7	1046.9
2164.6	844.8
2476.7	1046.9
3183.9	1894.3
2889	381.43
2455	1047.1
2389.4	340.44
3106.1	376.01
2552.8	1274.3
2164.6	844.8
2164.6	844.8
2699	1820.1
2554.2	1279.4
2699.4	1819.3
2489.9	1856.8
2135.4	832.81
3943.2	1873
4527.7	1856.6
3777.5	1870.2
3166.8	1826.8
2500.3	1774.7
2726.4	1788.2
2500.3	1774.7
4916	1869.4
2889	381.43
3166.8	1826.8
4775	1864.6
3115.4	854
4509.5	1864.8
4916	1869.4
4776.1	1863.9
2889	381.43
4984.4	1701.2
3455.4	999.53
4015.3	1778.7
4776.1	1863.9
4559.1	1235.9
3291.1	1862.7
2398.5	120.33
761.89	1810.5
4829.3	1820.6
4489.9	1780.4
4952.4	1245.1
2705.6	2009.1
3756.5	618.87
4541.8	594.99
3221.1	294.99
3529.2	1846.1
4146.8	1828.2
4053	1872.3
4829.3	1820.6
4468.4	1801.2
4469.8	1825
4548	1366.7
3226.3	667.09
2938.5	640.61
3756.2	653.03
3979.9	1789.9
3226.3	667.09
4237.9	603.66
4559.3	846.95
4546.7	1402.2
2391.9	116.78
3006.8	513
4950.5	1225.3
4936.3	1865.7
2935.8	641.13
4548.5	1367.4
3227.6	630.37
3206.7	271.38
2484.6	660.25
4560.4	845.79
4542.7	1017.6
3762	1412.3
690.89	1799.3
4334.8	1869.3
4542	632.24
2930.5	306.71
2392.7	194.24
2940.7	1012.8
5009.4	1765.8
4453.3	1213.7
4334.8	1869.3
3760.5	1030.3
690.89	1799.3
4826.8	1675.3
4544.4	981.23
5029.9	1764.9
4566	1800
4077.7	1864.5
4527.7	1856.6
4466.9	1789.6
2304.7	1872.5
5056.3	173.7
4544.4	981.23
172.49	372.07
3226.8	630.54
4274.6	1800.4
2717.3	521.65
4548	1366.7
2710.6	1984.5
4826.8	1675.3
3451	286.73
2714.7	285.8
3820	1870.8
4465	217.13
3191.4	1785.5
3279.1	1868.1
4544.4	981.23
3698.6	1031.5
3458.3	1034.2
2488.7	955.26
4276.9	1797.2
2167.3	1760.2
3009	884.59
3458.3	1034.2
4823.5	1862.6
2487.5	686.21
4202.7	1775.9
3452.7	625.51
2393	243.3
4459.5	1615.9
2167.3	1760.2
4121.8	1796.2
4551	641.09
4933.5	1252.9
4544.4	981.23
2594.1	1778.4
155.54	1805.5
4462.3	1852.4
5014.9	1507.7
331.39	1786.6
4895.9	1348.5
2710.3	2015.6
3809.4	1869.7
2134.4	1360.4
2658.7	1800.2
2892.2	1847
4121.8	1801.9
2489.7	1225.4
2304.7	1872.5
2393	243.3
2487.5	686.21
2563.3	1284.1
850.24	1773
2732.5	1232.1
3000.5	675.26
3234.6	344.84
4261.6	1435.1
2488.7	955.26
4157.7	1840.4
2134.4	1360.4
4539.5	594.92
2021.7	1863.5
4464.8	641.94
2122.9	657.43
4270.3	1626.2
2489.6	1474.4
3987.7	1870.7
2563.3	1284.1
2999.6	303.6
2745.6	1892.6
331.39	1786.6
850.24	1773
341.33	786.99
4459.5	1615.9
2928.9	884.84
3772.3	1246.1
1813.2	198.21
3183.4	355.55
4273	1620.4
3768.7	865.55
4554.6	1026.9
4336	1869
2865.8	400.36
118.26	480.85
3756.5	618.87
2560.9	1330.7
2544.1	1286.9
2544.1	1286.9
3109.1	853.45
4561.8	1626.4
3435.6	202.98
4244.1	1024.6
3100.1	1704.5
3000.4	1013
4270.5	1845.8
2021.7	1863.5
2929.3	1257.6
4001.8	1025.9
5002.5	1809.8
4780.1	627.14
4544.4	466.64
4780	627.4
4544.4	466.64
4128	1857.2
3698.1	997.35
3683.1	1790.2
328.24	279.97
4467.6	635.46
3997.5	612.97
4468.3	635.16
3154.2	279.75
4464.8	641.94
4865	1669.8
3001	304.56
4263.6	1437
4370.4	1824.7
3478.5	270.32
4454.4	1428.9
4046.9	1868.1
4391.2	2498.8
2906.4	286.3
2859.6	1828.8
4266.1	1423.6
2489	929.3
5001	1740
2398.5	120.33
4256.4	1627
4256.4	1627
4552	1640.8
4001.8	1025.9
3218.8	99.047
4554.6	1026.9
3115.4	854
5009.6	140.4
3683.1	1790.2
2489.7	1499
4472.8	1866.4
4232.3	1862.5
3478.9	483.59
25.518	1803.8
4755.7	1197.9
3207	861.73
4833	1108.7
4755.7	1197.9
5056.3	173.7
1453.4	405.53
2518.3	1746.7
3230.7	1005.7
404.57	1803.9
3970.1	470.77
4038.3	1773.1
4784.2	1012.9
2560	1263.4
2943	1650.1
2929.8	1058.9
4472.8	1866.4
4478.6	984.17
4478.6	984.17
4865	1669.8
247.93	704.99
3912.4	1825
25.518	1803.8
247.93	704.99
3183.1	1870.7
25.518	1803.8
2670.2	1843.4
3977.7	1223.3
2594.1	1778.4
3836.7	810.07
2590.3	1397.7
561.03	1795.5
4867.8	1723
2403.1	126.2
4867.8	1723
3781.4	1623.1
4921	1776
3015.1	1791.2
2532.4	1799.7
2860.6	720.26
3677	1610.8
1036.3	1842.5
4266.1	1423.6
257.89	339.75
3015.1	1791.2
2940.9	1649.2
3227.2	1831.4
3614.2	450.62
4472.5	1412.1
4144.6	1775.6
2932.3	1639.1
3748	1095.2
4189.8	1819.2
4874.1	1845.1
2286.5	1052.2
561.03	1795.5
3458.4	494.48
404.57	1803.9
4004.9	1411.6
3286.3	194.47
3006.6	683.02
2935.3	525.75
2696.9	120.86
3287.6	1824
4894.9	1291.8
4549	1771.1
3438.9	504.16
2808.8	305.23
4371.3	1320.1
4478.6	864.32
2925.1	1630.6
4468.8	598.29
3971.6	670.37
4189.8	1819.2
4459.5	1615.9
2437.8	117.5
404.57	1803.9
4567.8	1615.7
2123.6	629.92
2789.4	320
404.57	1803.9
1653.8	1111
3505.7	1783.2
3622.1	699.78
4005.3	1410.9
4232.3	1862.5
2544.5	1772.8
1953.7	591.55
2738.6	510.49
2866.4	1833
3621.9	820.45
2525.5	1727.2
4465	1031.6
1643.8	718.37
3691.8	1808.1
2543.8	1696.5
4467.4	1028.3
1942.3	1082.3
2707.9	2014
2854.3	1834.5
3691.8	1808.1
3702.2	1413.1
2590.3	1397.7
3691.8	1808.1
2730.4	1075.1
2707.5	684.29
4468.8	598.29
4448.5	461.84
3481.6	859.44
4474.3	479.16
3765.7	1238.4
2594.1	1778.4
4371.3	1320.1
1653.8	1111
4849.1	1610.7
3702	1413.4
2557.9	1262.2
2151.5	1868.4
2484.4	217.88
4448.5	461.84
4029.3	1758.7
4257.9	849.04
4556.6	1410.4
2286.5	1052.2
2393	243.3
3781.4	1623.1
4874.3	1846.6
4783.8	589.06
3836.7	810.07
4454.4	1044.4
4556.6	1410.4
3975.9	75.163
2707.5	684.29
5011.8	255.74
4263	1036.7
4232.4	1070.9
2873.6	1839
2537.1	1778.6
4565.3	1431
2939.1	1383.9
4489	1768.1
4461.8	255.91
2677.2	1432.4
3838.2	1085.9
4763.8	1037.2
4454.4	1044.4
4772	638.06
4460.7	644.54
4575.3	1428
3660.8	472.65
3434.8	90.171
2521.2	1807.8
3753.6	675.88
3174.6	1861.6
3985.3	485.14
2541.8	1399.6
4813.4	391.1
3984.8	1436
3674.8	483.51
4868.7	1519
2726.9	1820.4
79.625	574.49
3243.4	1086.2
4567.8	1615.7
3396.8	193.72
4461.8	255.91
3199.2	1827.6
5014.7	1284.3
4020	181.06
2139.1	1832.7
2671.9	185.2
4862.7	1690.6
4259.3	1053.4
3390.9	187.06
160.54	538.44
3168.6	478.29
5014.7	1284.3
2808.8	305.23
4471.7	597.65
3659.8	680.17
4784.5	1796
4021.1	770.39
3776.1	1420.1
2872.9	1827.9
2707.4	316.83
79.625	574.49
160.54	538.44
4676.3	1824
4473.6	1021.8
2176.9	1835.2
3199.2	1827.6
5014.3	1038.4
2726.9	1820.4
2729.7	880.83
3773.3	1419.4
4467.5	1867.3
3183.1	1870.7
3435.6	202.98
160.54	538.44
850.24	1773
2354	269.05
133.45	1799.7
4832.6	1080.2
3828.1	447.19
2123.5	936.55
2151.5	1868.4
4055.7	1734
2924.5	682.84
2595.8	208.21
604.61	1802.3
4759.3	1829
2777.6	369.3
3738.9	402.06
3479.7	683.55
2677.2	1432.4
3908.8	1401.9
3983	1617.4
4189.8	1819.2
4489	1768.1
3833.2	694.95
4823.8	1123.2
5011.8	255.74
4207.1	1837.1
1005.1	1076.3
2952.5	1078.5
2568.5	200.32
2707.4	316.83
561.03	1795.5
2979.1	379.48
3996.2	1621.1
4377.3	1395.7
2568.5	200.32
2699.7	1018
3839.9	1814.9
3977.1	843.56
4222.2	396.38
4222.2	396.38
2726.9	1820.4
508.32	1279.3
2862.5	1819.2
3756.6	1692.1
4567.8	1615.7
4784.5	1796
4842.3	1800.4
3004	1386.3
4020	181.06
2701.8	648.82
3996.2	1621.1
4377.3	1395.7
3751.3	498.53
3244.6	195.1
3210.6	698.87
2483.7	1505.5
2979.1	379.48
2982.8	809.43
3241.9	815.66
2124.6	1210.8
2981	513.69
4921	1776
3791.6	677.68
3758.1	1159.2
4942.7	1237.1
4234.6	1085.2
3210.6	698.87
4059.9	1709.1
4246.3	1371.5
4210.6	1831.8
2981	513.69
5014.7	1056.2
4013.3	1882.8
2555.4	1020.1
2924.5	682.84
2542.5	1371.5
5012.2	245.11
4128.6	1770.2
4731.3	1829.4
4894.4	1742.6
2144.9	1863.7
4823.8	1123.2
4833	1108.7
4482.9	1640.1
3908.8	1401.9
2953.3	1776.1
3753.6	675.88
4890.5	1468.1
4731.3	1829.4
3230.7	1040
4942.7	1237.1
2846.9	1830
3665.6	690.81
3657.6	838.47
4207.1	1837.1
4377.3	1395.7
2134.4	1360.4
2729.4	714.57
160.54	538.44
3415.9	1720.2
4759.3	1829
3132.6	850.08
3114.1	1314.8
3770.1	1419.8
4406	1294.3
257.16	130.3
4469.8	1825
4210	175.87
4262.2	1057.1
4259.3	1053.4
3758.1	1159.2
3839.9	1814.9
4980.7	1624.4
3238.7	188.89
4707.9	1840.5
3908.8	1401.9
3745.3	868.51
2196	1886.5
1029.2	1057.7
3434.8	90.171
2123.9	828.83
3205.1	1875.9
3753.6	675.88
4469.8	1825
202.75	157.64
1453.4	405.53
3683.9	1229.9
4377.3	1395.7
4921	1776
4832.6	1080.2
4487.6	460.69
4833.3	1137.2
2946.9	1697.8
3944.2	1873.9
281.58	2050.6
3230.1	892.55
3067.8	854.11
3155.4	1865.8
2808.8	305.23
4467.6	1418.7
3094	1852.2
2777.6	369.3
3713.4	1094.7
4377.3	1395.7
4833.9	1165.8
4487.6	460.69
3379.4	187.26
3686.1	870.64
2701.8	648.82
4986.2	1537.8
1351.7	1770
4469.8	1825
2123.5	936.55
1942.6	1100.1
3753.6	675.88
2929.3	1407.9
4888.6	1559.3
4497.6	1246.5
4417.7	1864.1
2542.5	1371.5
3183.4	355.55
3762.4	996.56
4544.4	981.23
4377.3	1395.7
