4441.3	1279.2
4441.3	1279.2
4441.3	1279.2
4413.5	2013.2
4413.5	2013.2
4706.6	1365.2
2658.2	1686
4404.7	2003.7
4404.7	2003.7
4414.5	1989.2
3073.5	1797.3
4643.8	1843.5
4707.8	1487.2
4436.2	1955.8
3204.6	1194.2
4643.8	1843.5
4329.9	2253.8
3491.2	199.87
2690.6	1823
3999.3	2914.5
4286.4	40.285
4480.4	2008
4604.4	2299.8
4353.8	2276
4286.4	40.285
3491.2	199.87
3260.1	1773.4
5021.9	1788.7
3190.9	1801.6
4399.9	2033.2
3287.5	1800.6
3844.7	1780.8
4369	2261.3
3753.9	129.22
4488.3	2004.9
4286.4	40.285
3334	1785.4
4425.4	1936.5
4621.1	1739
4481.7	2008.2
3706	1564.9
2354.3	1825.2
3706	1564.9
4621.1	1739
3753.9	129.22
3705.7	1614.8
3716.2	1585.4
2697.8	1829.7
3606.3	1828.1
4441.8	1974.4
4833.7	898.98
3168	1826.2
4390.5	1792.1
2808.5	1814.3
3271.2	294.9
3844.7	1780.8
4466.4	1948.3
3019.8	411.6
2714.8	1770.7
3434.8	183.42
3334	1785.4
4172.4	1742.8
2725.4	1813.4
3434.9	183.13
4604.4	2317
4483.3	1996.2
3826.1	1789.5
4425.4	1936.5
2832.3	1797.4
4599	285.03
4607.8	2283.8
2696.8	1769
4466.4	1948.3
3053.3	1795.2
3174.9	1808.7
3174.9	1808.7
1004.1	1856.1
3719.3	1585.5
3688.3	1335.6
2613.6	1732.6
1902.8	1556
2353	1823.1
1869.5	1289.4
4479.7	1780.4
4608.4	288.99
2813.9	1365.8
4322	2266.2
4614.7	2306.9
3809.8	1750.9
2808.5	1814.3
2695.7	1777.2
4164.3	231.28
4402.7	1777.4
2749.7	1756.1
3717.1	1600.5
3150.9	1831.4
1728	1838.3
3123.7	1808.6
2702.3	1764.6
4457.7	2066.8
3717.1	1600.5
1868.9	1290
3491.2	199.87
1728	1838.3
4450.2	1938.6
4472.1	1948.6
3495	1751
2678.8	1820.2
1980.2	293.79
4699.5	1799.3
2728.2	1810.6
2962.4	1780.3
4164.3	231.28
1864.1	1691.9
2751.8	1758.1
4310.6	2304.5
3493.4	1749.5
3078	1764.8
1877.7	1692.1
2753.5	1766.1
3076.7	1834.9
2561.3	354.09
2481.1	1738.5
4419.8	1953.9
4483.3	1993.6
3713.4	1825.9
5023.2	342.06
4587.7	2281.8
4622.4	1810.4
2561.3	354.09
2646.8	1779.3
2661	1824.2
4443.8	1615.7
2481.1	1738.5
3717.2	1607.9
4502.9	2033.9
995.71	1778.1
1447.6	1785.7
5112.1	1742.8
4595.6	2277.4
4945.7	1771.2
1528.7	1269.8
2561.3	354.09
1526.7	1271.1
4310.6	2304.5
4306	2286.9
1880.5	1840.3
2661	1824.2
1980.2	293.79
2352.3	1786
1864.1	1691.9
4622.4	1810.4
5112.1	1742.8
1534.2	913.84
1430.6	1244.5
1870.5	1272.8
2777.5	1769.7
2328.9	1829.2
4442.4	1615.2
3122.3	1825.9
3930.3	1763
3637.3	1742.8
2378.3	1805.8
3826.1	1789.5
1340.6	1853.1
4414.6	1800.7
3122.3	1825.9
4402.3	1954.5
1791.9	1839.1
4699.5	1799.3
2640.5	1738.1
3392.4	1330
4243.8	1744.8
3907.3	1745.6
2729.5	1769.5
1446.2	1777.3
1524.3	334.12
4502.9	2033.9
2728.3	1770
3933.4	1752.4
3719.8	1567.1
4656.2	1762.8
1446.2	1777.3
2720.6	995.03
2205.2	688.41
1274.8	1787.5
3719.6	1566.4
4611.1	1855.5
1534.2	913.84
4593.6	2278.7
1519.1	1389.7
3015.1	434.64
1366.1	1850.6
2206.6	689.18
3060.3	1775.5
1517.9	1388.2
2730.8	1756.6
1791.8	1838.8
4405	1950.8
2574.5	1796.1
899.21	1855.8
1518.3	1035.4
3338.2	1814.4
4656.2	1762.8
4736.1	1686.4
1196.6	1804.5
3496.4	1724.4
3680.7	1340.8
1522.2	716.64
5025.8	340.96
1275.4	1785.1
2616.4	1290.4
2660.3	1816.9
4621.8	1795.7
3098.3	1835.9
1133.9	1795.8
4212.9	1822.9
1770.1	1801.8
3491.2	1181.2
1784.9	1622.4
3266.3	315.13
4462.1	1954.2
4572.9	281.41
1924.1	1750.5
3398	1728.7
2777.5	1769.7
2565.9	352.16
4405	1950.8
4916.6	1770.1
3914	571.21
4994.1	1734.5
1466.1	1767.6
4470	1806.2
1851.2	1294.1
3032.5	414.63
4088.5	1759.7
3433.8	228.21
2728.3	1770
4916.6	1770.2
2734.5	1778.9
2251.9	1331.3
2832.3	1797.4
3493.6	1474.5
3783.4	411.09
1851.2	1294.1
3530.7	967.38
1431.1	1612.6
3515.3	911.43
4818.2	1376
3490.7	1182.9
1528	723.66
3301.3	1827.3
3783.4	411.09
3786.9	862.61
4403.1	1696.7
1249.4	1384.9
4612.1	1847.7
2391.3	1745.4
3357.1	1819.1
1459.6	1390.5
1736.7	1836.6
4236.8	1815.6
4433.7	1398.7
1031.5	1767.7
1890.3	1285.8
4457.7	2066.8
1516.8	1068.6
3774.4	173.07
1197.9	1855.4
4902.9	1431.9
1460.5	327.98
2575	444.45
1799.1	1667.9
4343.9	1819
3489.4	892.34
3487.5	443.09
2446.8	1824
3134	1831.6
1520.8	368.27
1265.4	1257.2
3042.8	1801.6
1270.1	1619
2493.1	1739.1
1901	1580.4
4590.9	1792.5
2580.3	437.35
1252.3	703.63
4441.3	1279.2
4736.1	1686.4
4402.3	1954.5
4088.5	1759.7
4501.9	1697.5
3417.2	1160
1248.3	1027.4
1266.9	1252
2664.4	1814.9
1749.4	1762
3300.9	3336.7
3191.2	676.52
1256.6	1266.6
4148	221.48
4325.4	1791.1
3357.1	1819.1
4988.8	1770.9
2802.1	1767
3490.9	438.22
5043.6	1462.5
3314.8	1787.1
4533.9	1755.4
4306	2286.9
1478.9	427.8
3190.1	670.96
3727.6	1563
2577	440.98
1517.3	1421
4501.9	1697.5
4362.9	1787.1
2951.1	1743.8
3727.3	1562.7
3143.1	684.34
1031.5	1767.7
2580.5	435.85
4421.5	1663.3
1248.8	1061.4
1208.5	1764.5
2587.2	429.46
3043.6	1800.5
3198.6	666.23
1784.5	1619.3
3438.3	194.22
1252.3	703.63
4431.1	863.52
4197.3	1819
3718.6	1614
1270.1	1619
3623.8	169.72
4969.4	1756.3
3787.7	1458.3
1264	1432.2
1890.4	1286.3
3754.3	170.05
4621.8	1795.7
4351.5	257.81
3858.7	1760.6
4466.1	2200.9
2572.9	457.9
1259.9	1442.7
4428	1403.2
3504.9	1768.2
4379.8	1758.2
2206.6	1231.1
1458	329.12
3496.4	1724.4
3283.9	297.35
4988.8	1770.9
1434.4	1841.8
4629.8	1780.8
1428.5	1445.4
4442.2	1984.4
3416	903.9
3006.5	421.16
3032.5	414.63
3520.4	955.38
3724.8	1559.6
4476.3	1982.5
3197.9	437.56
4450.1	1954.8
1926	1746.5
1953.5	1748.9
2871	477.95
3825	1775.1
3918.3	1772.8
1907.8	1790.9
2588.7	423.36
1799.8	1666.6
5013.2	1750.8
1797.1	1686.2
3729.7	1570.8
2716.6	1822.2
3415.3	904.36
4452.6	2081.9
3785	173.2
4434.6	848.83
1875.7	1839
3424.5	1781.5
2370.1	1823.5
4978.7	1736.6
2626.1	1683.5
2206.1	316.92
4379.8	1758.2
4490.1	2025.2
4236.8	1815.6
3427	1744.1
3031.6	1796.8
4148	221.48
4184.3	1762.5
3858.7	1760.6
3520.4	955.38
2246.5	1783.3
3999	548.17
3679.1	1341.1
4382.1	945.29
3123.1	1784.8
2837.2	1803
4833	1736.1
4236.8	1815.6
4400.5	1721.3
3729.6	1571.3
2655.3	1845.6
2625.2	1809.9
1781	1782.9
3852.6	1773.9
4317	1609.7
1012.5	1794.9
3205	322.41
1894.8	1730.4
423.24	1644.5
3415.3	904.36
1271	1847.8
2794.2	1746.6
1237.2	1135.4
4714.7	1774.1
4598.1	1843.9
4525.3	1779.3
4832.9	1735.7
1801.2	1532.1
2520.2	1805.8
3786.2	1132
1447	719.86
1666.1	1842.8
2578.9	463
2800.6	1767.5
4145.1	1759.5
3121.3	1781.1
2488.1	1496.8
926.43	1851.2
4026.5	603.64
4623.2	1865.1
1699.8	1244.9
1302.1	1823.6
1208.5	1764.5
4380.1	2179.8
4840.7	851.03
3417.1	1187.5
994.09	513.8
1241.7	387.31
2205.4	972.96
3258.8	302.03
2592	416.31
1263.1	1076.2
1371	1803.6
1452	712.81
3630.6	287.58
2429.4	1808.7
3786.9	862.61
3671.2	1762.3
3123.1	1784.8
4371.7	1750.4
4674.5	1809.3
3824.1	994.59
3847.3	1624.2
4649.1	1569
3411.2	910.38
3011.2	423.09
3432	1737.9
2205.4	643.64
2251.1	1778.9
2107.1	1835.3
3285.6	297.38
4737.6	850.94
3315.2	1784.3
1240.2	1116.2
1452	712.81
4710.2	1672.2
3773.6	519.18
5043.8	355.1
3493.7	856.62
2372.6	1820
1240.2	1116.2
4807.1	1745.2
1271	1847.8
3417.1	1187.5
1253	346.75
1783.6	1700.5
4163.5	1741.2
3438.3	194.22
1288	1453.1
1520.4	1639.7
1825	1819.7
3116.2	710.01
5034.8	1700.6
4026.5	603.64
2576	987.41
3116.2	710.01
3822.5	1310.3
4262	348.95
2575.1	1774.9
2716.6	1822.2
5013.2	1750.8
4307.5	2270.2
5037.3	1712.8
3671.6	1763.4
3624.3	261.65
4395.5	1977.6
1534.5	1616.5
2518.5	1772.2
4360.1	255.93
4655.1	1831.8
5034.8	1700.6
4438.8	1893
1872.4	1521.9
3773.9	519.31
4661.4	1853.5
1725.3	728.93
3143.1	684.34
3852.8	1501.8
1442.9	1436.4
1820.4	1819.8
4714.7	1774.1
3705	1579.7
993.8	710.54
1770.6	1345
1581.3	1841.5
1240.2	1116.2
4695.2	1731.6
3475.5	585.52
2794.1	1292.3
1256.1	554.23
1363.7	1344.5
1771.1	1822.3
3718.6	1614
1703.5	1097.6
5002.9	343.38
4395.5	1977.6
2350.5	698.59
3497.3	1439.6
4710.2	1672.2
2792.3	1745.1
1904.7	1615.9
1447	719.86
3203.3	929.36
4145.1	1759.5
4655.1	1831.8
3523.2	1799.5
4452	1905.1
1902.8	1475.8
4926	1436.1
4807.4	1784.3
4876.6	1781
5043.8	355.1
3488.1	605.33
3948.4	1775.7
3201	692.35
2575.5	739.98
3497.3	1439.6
3438	220.91
4637	1790.6
2574.7	739.69
1525.2	1429.2
4268.9	350.86
4906.3	1777.3
4847.7	1769.8
3416.3	873.34
1784.9	1622.4
4184.3	1762.5
2978.3	1744.9
3201	692.35
3782.5	289.89
3698.9	1591.5
4397.4	1503.3
3411.2	910.38
2207.4	644.15
3416.3	873.34
1300.2	1103.8
4183.7	1750.7
4479.6	1801.4
3415.1	873.86
936.65	1813.4
2663.3	1699.5
3184.2	1779.8
3774.4	173.07
1902.8	1475.8
4582	1739.7
1441	1080
4362.7	1348.7
1770.7	1215.6
1904.7	1615.9
936.65	1813.4
3141.2	686.29
2117.7	1332
4168.8	1777.4
4183.8	1751.4
3517	734.12
1525.4	1428.4
4285.3	1760.8
3626.7	285.61
3426.8	189.12
3217.8	370.61
3928.7	1781.2
1849	1402.6
2916.8	1782
4599.4	1795.8
1703.5	1097.6
4362	1348.7
1016.6	1051.1
4668	1848.7
2288.7	1410.1
2420.5	1824.5
1762.8	1201.8
1824.3	1824.3
1070	1723
4707.7	401.81
1538.4	1439.5
3196.6	325.77
2303.7	1331
4658.6	1581.7
3557.7	1777
1521.4	1638.5
2638.5	1693.5
1696.7	1822
1932.1	1814.7
4362.7	1348.7
3852.8	1501.8
3838.6	1602.3
1902.8	1475.8
1786.1	1779.7
4887.4	1757.6
3713.4	1825.9
1076.3	1698.8
4847.7	1769.8
4667.8	1819.2
3757.2	288.66
1459.7	1035.2
4379.6	1970.1
3256.1	300.98
1139	1850.4
1723.8	1075.7
3188.5	1785.5
3838.6	1602.3
4490.5	2022.6
2391.3	1745.4
3626.9	459.32
3752.7	862.1
1528.3	565.74
2780.8	1813.9
3632	935.39
3807.4	1478.2
4762.7	1780
3740.5	870.86
3188.5	1785.5
2558.9	1840
3258.8	302.03
2468.3	1613.5
3632	935.39
1020.3	656.48
3637.2	1767.1
1932.1	1814.7
1459.2	1035.2
3628.3	679.47
4108.4	1744
2547.4	1827.1
2547.4	1827.1
1293.6	412.83
4853.6	1785.6
2387	1775.1
3579.4	1783.3
2576.4	1870.5
4870.5	1768.9
2314.1	1275.5
4497	1672.7
4108.3	1743.7
2638.5	1697.1
1538.4	1439.5
1536.8	1452.9
1020.3	656.48
3258.3	1800.5
1100.1	1851.6
1743.1	60.888
3670.1	1354.7
1534	1450
4475.7	2015.9
2510.4	383.8
1737.4	1810.2
3201.7	332.27
1762.6	1151
3807.4	1478.2
3288	284.26
3599.3	1737.6
2810.6	1370.5
4787.8	1772.5
1045.5	1748.6
4706.6	1530.9
3800.7	1789.4
3423.8	193.09
2361.6	1326.4
3952	1776.4
1771.1	1822.3
1840.2	1761.7
1018.5	689.87
2510.4	383.8
4238.3	1785.2
3031.6	1796.8
3838.6	1602.3
1728.2	1781.7
1762.6	1151
1762.8	1201.8
1116.9	1845.4
3458.6	1742.6
1492.3	1867.3
5002.9	343.38
4360.1	255.93
3651.4	1747.1
2356	654.81
2192.1	315.74
3724	1767.2
4676	1570.3
4469.3	1970.6
2533	1764.6
4665	1058.6
2542.6	1838.8
3790.9	729.18
3534.9	1735.2
1831.9	1729.5
4469.3	1970.6
1293.5	410.93
3671.3	179.52
1902.8	1475.8
3739.2	1742.4
1701.1	903.14
3752.7	862.1
3651.4	1747.1
2210.5	1236
1811.4	1735
4617.9	1775.6
4243.8	1744.8
4303.5	1792.2
4592.5	2264.4
4360.1	255.93
994.24	869.19
4887.4	1757.6
1054.6	1762.1
1459.1	923.79
1459.1	923.79
3037.7	408.94
4166	1783.3
2356	654.81
1763.3	521.1
1263.1	898.1
4016.5	1426.9
3750.8	794.73
4238.3	1785.2
3754.3	170.05
5086.5	1770.3
2619.3	1804
3048.8	1830.9
1017.1	1417.5
3441.1	217.55
4906.3	1408.5
1518.4	1758.4
1666.1	1842.8
1813.6	1429
4822.7	924.63
1011.9	1847.8
1076.3	1698.8
3860	1776.3
3390.6	923.52
4317	1609.7
3739.4	1741.4
1763.9	118.54
3748.6	890.41
1933.3	1813.7
4810.5	1787.1
3332	1803.6
3740.5	870.86
4091.6	1776.5
1801.2	1532.1
3288	284.26
1521.3	419.29
1770.5	1189.7
3389.5	1203.5
3792.4	869.66
4755.7	1777.1
4487.2	2010.6
4168.8	1777.4
1771.1	1822.3
3393.6	760.75
1933.3	1813.7
1731	1041.5
1475.7	759.68
4373.7	2043.8
3300.9	3336.7
1710.2	1813
1578.2	532.41
1507.1	915.59
3393.6	760.75
719.73	347.1
1811.4	1735
1476	733.42
1017.1	1417.5
4387	1092.4
1721.5	1779.9
1363.5	1411
924.55	1406.5
3306.9	1821.4
2788.5	824.27
2103.5	1345.5
2757	1774
1045.6	1749.1
4492.1	1785.8
4533.9	1755.4
1454.1	364.11
1465	1756.3
1249.6	1434.9
2796.4	1738.9
1801.2	1532.1
4255.2	234.68
1770.5	1317.9
2639.9	1702.6
3626.2	1805
1578.2	532.41
2206.6	1231.1
