4393.2	1007.8
4396.9	1379.6
4393.3	1007.6
3543.4	1992.7
3543.6	1992.8
4585.2	1176.7
1795.6	1716.2
3537.5	1985.9
3537.4	1985.2
3545.7	1972.4
2193.1	1823.8
3671.7	1862
1726.5	1759.6
3563.9	1949.4
3503.4	2222.1
3671.4	1861.5
3479.2	2192.1
4920.8	618.45
1831.6	1848.9
3384.9	249.85
3567	227.38
3598.2	1988
3699.7	2227.6
3494.7	2208.2
3214.9	269.15
4920.8	618.09
2377.3	1807.8
5101.1	2012.8
2307.8	1827.7
3533.6	2009
2399.8	1826
2922.4	1806.2
3506	2201.7
3762.6	201.72
3604.9	1985
5103.3	2012.8
2444.2	1811.5
3553.1	1928.9
3637.2	1765.6
3599.5	1987.9
2790.8	1600.5
1502.8	1852.1
2791.3	1600.4
3637	1765.6
3058.8	285.72
2790.5	1648.4
2800.2	1620.4
1838.4	1855.6
2704.6	1851.6
3566.7	1960
4607.8	1778.8
2298.8	1851.7
3433.9	1815.4
1941.6	1841.3
2377.5	374.29
4320.4	696.8
3585.3	1938.4
2128.4	476.93
1852.8	1798.7
2527	265.51
2445	1812.1
3225.6	1769.9
1864	1839.7
2527.1	265.42
3699.7	2241.7
3600.3	1977.3
2905.2	1814.7
3554.3	1929.1
1965.5	1824.8
3618.3	405.45
3702	2214.8
1834.8	1797.4
3584.8	1938
2172.6	1821.3
2298.1	1837
2298.2	1836.9
152.82	1886.3
2803.4	1620.4
2774.8	1382.3
1751.5	1762.1
2803.6	1620.4
1500.9	1850.4
1015.2	1325.3
3516.7	1805.6
3627.2	408.79
3700.2	2217.1
3472.7	2202.1
3707	2233.3
2887.6	1776.8
1937.2	1839.1
1834.7	1804.6
3221.7	342.61
3444.2	1802.1
1885.3	1784.1
2801.1	1635.1
2280.6	1855.6
887.12	1865.5
2257.1	1835.7
1841.1	1792.4
3574.8	2007.1
2801.2	1635
1014.7	1325.7
2591.6	293.01
887.42	1866
3573	1930.1
3588.9	1938.9
2590.2	1778.7
1820.7	1847
1100.8	331.06
3718.7	1821.6
1868.2	1832.3
2080.5	1807.8
3223	340.58
1006.2	1722.3
1886.3	1785.3
4285.9	1937
2588.8	1777.7
2205.5	1790.5
1017.7	1721.8
1888.9	1793.9
2204.9	1860
1678.6	407.61
1616.3	1767.8
3550.2	1944
3600.4	1973.9
2804.7	1849.5
3998.4	469.42
3689	2211.1
3651.8	1832.5
1679.1	407.23
1786.6	1806.8
1803.8	1851
3483.9	1651.1
1616.2	1767.7
2801.5	1641.5
3616	2009
125.14	1809.7
589.18	1816.3
4077.3	1768.4
3692.3	2209.7
3930.5	1795.1
671.79	1302.1
1674.1	410.31
670.02	1303.3
4286.3	1936.6
3460.4	2219.1
1039.1	1868.5
1803.5	1850.3
1100.3	331.57
1548.9	1819.1
1014.6	1737
3652.9	1833.1
4077.4	1768.5
676.43	949.03
572.24	1278.9
1017.9	1308.2
1913.7	1797.6
1479.6	1856.4
3483.2	1650.8
2254.6	1851.3
3001.9	1789.9
2726.1	1770.5
1526.1	1834.4
4147.3	1806.1
499.33	1883.2
3458.3	1823.1
2255.2	1850.9
3535.6	1942.9
952.35	1867.8
3722.9	1821.8
1778.6	1767.2
2306.3	1265
3291.8	1771.7
2979.7	1772.8
1866.2	1797.7
587.7	1807
670.18	369.85
3616.6	2009.4
1861.2	1798.1
3004.1	1779.6
2803.9	1603.2
3680.5	1787.4
587.25	1806.8
666.53	716.71
1323.7	728.84
413.58	1819.3
2803.5	1602.7
3641.8	1871.9
678.18	947.27
3689.3	2210.1
661.59	1421.6
2123.5	498.16
525.4	1880
1325.6	729.57
2179.5	1801.1
660.23	1420.3
1863	1784.4
952.59	1867.4
3536.1	1942
1712.6	1823.2
39.423	1887.6
661.82	1068.7
2447.6	1839.5
3679.1	1786.2
3752.8	1717.9
1791.5	1833.9
2590.7	1755.7
2767.3	1387
666.81	751.61
4001.3	468.56
413.62	1817.8
1726.5	1327.5
1802.6	1843.6
780.34	1870.9
2226.1	1860
283.01	1828.5
3273	1844.6
917.58	1830.9
2585.5	1232.5
932.48	1653.7
2372.2	393.21
3583.3	1943
3594.8	401.81
1065	1780.1
2494.1	1757.4
1915.5	1797.1
1683.3	405.45
3537.7	1939.3
3904.3	1794.1
4345.4	678.41
3971.9	1760.6
607.79	1798.3
3508.5	1828.5
996.77	1330.2
2141	480.14
3147.4	1785.5
2525.3	321.38
1864.2	1797.8
3904.1	1794.1
1871.2	1807
1380.5	1367.4
5149.3	1420.9
2587.3	1514.2
2867.2	503.75
994.68	1329.8
2625.6	1028.3
573.45	1643.7
2610.7	974.56
4489.5	696.14
2585.4	1234.1
671.97	758.16
2423.1	1851.4
2866.5	503.18
1323.3	754.27
3443	1722.6
387.1	1414.8
3643.6	1864.6
1530.4	1775.8
2465.8	1844.7
600.85	1421.8
897.13	1864
3292.6	1838
3476.7	1448.3
162.2	1798.9
1034.8	1321.6
3578	2034.9
659.61	1101.5
2860.7	277.53
354.69	1885.5
2659.9	636.46
604.49	361.57
1689.6	498.1
946.05	1699.2
3394	1840.6
2585.4	955.39
2586.1	525.08
1592.8	1851.2
2266	1855.9
666.45	403.4
404	1289.6
2163.1	1827.9
404.41	1654.4
1628.4	1768.7
2526.2	270.36
3611.2	1815.5
1697	488.87
390.61	730.53
3482.7	1339.3
3750.7	1716
3532.8	1944.2
3147	1785.3
3537.3	1726.5
2304.6	616.96
387.69	1056.7
405.25	1281.4
1806.4	1841.5
894.84	1791.9
2992.8	2826.4
2296.2	739.52
393.77	1296.7
3206.9	333.21
3368.7	1814.8
2466.3	1844.8
3969	1794.5
1937.1	1795.1
2306.1	613.22
2721.1	798.1
2426.6	1813.7
3555.5	1781.9
4903.4	619.74
621.11	516.98
2294.4	734.48
2811.2	1599.3
1693.9	492.24
659.77	1452.6
3536	1729.2
3404.1	1810.7
2070.1	1772.5
2811.1	1598.9
2513	663.95
162.09	1799.1
1696.5	487.22
3463.3	1696
387.58	1090.5
344.72	1795
1704	481.47
2164.1	1826.7
2304.7	727.81
932	1650.3
2530.2	276.65
390.69	730.44
3473	951.86
3263.7	1841.1
2805	1645
406.86	1649.9
2718.6	269.65
3950.9	1781.6
2867.4	1499.5
401.11	1462.2
1035.7	1321.9
4993.8	606.38
3639.2	1818.3
3393.6	374.29
2934.9	1787.1
3587.3	2155.7
1689.2	509.08
398.69	1473
3470.3	1460.3
2600	1795.5
3417.4	1783.6
2866.6	932.07
600.4	362.19
2590.3	1755.2
2390.1	376.99
3969.2	1794.7
590.36	1871.9
3662.6	1803.6
570.7	1477
3566.5	1969.7
2592.8	1226.6
2114.9	485.28
2141.6	480.03
2614.9	1017.3
2808.6	1595.9
3595.5	1967.2
2303.8	508.46
3573.3	1943.6
1066.5	1777.3
1088	1789.2
1979.1	535.83
2903.9	1801
2990.6	1798.4
1052.3	1820.2
1706.6	474.94
947.82	1698
3990.4	1775.8
944.34	1716.2
2813.3	1605.9
1854	1849.4
2513.6	964.55
3574.6	2037.2
2870.2	277.72
3213.4	1290.3
1033.9	1867.2
2523.7	1808.2
1519.4	1852.3
3955	1761.9
1763.2	1714.2
1326.9	360.9
3418.5	1783.2
3606.4	2002.2
2304.9	1523.8
2523.1	1771.9
2151.6	1823
3206.5	333.8
3237.1	1788
2935.8	1786.9
2615	1016.9
1376.7	1812.8
2600.3	698.77
2767.6	1388.5
3441.7	1313.4
2255.5	1816.1
1974.3	1830.2
3828.9	1762.5
2304.9	1523.3
3443.7	1746.7
2813.2	1606.7
1801.1	1871.4
1523.9	1818.6
927.43	1812.5
2929.3	1799.7
3358.4	1639.1
143.15	1827.1
2311.6	398.25
1038.1	1760.8
4588.4	663.44
2513.1	964.92
427.35	1877.4
1928.2	1774.8
375.8	1166.6
3722.4	1798.2
3631	1861.1
3551.8	1803.9
3828.5	1761.9
950.09	1564.6
1663.4	1834.1
2867.1	1189.4
588.61	752.5
1073.9	1869.5
1692.1	512.73
1935.3	1795.7
3200.4	1785.7
2256.1	1814.3
1606.3	1529.5
67.864	1883.3
3094.6	715.02
3653.5	1881.9
844.18	1279.1
460.43	1854.3
345.02	1794.9
3511.1	2156.1
3840.6	947.68
2513.8	1237.1
121.49	533.64
655.59	506.46
1322.5	1010.5
2364.6	380.68
1710.9	472.08
400.41	1104.2
1516.9	1811.9
593.41	746.08
2724.4	382.09
1448.2	1832.3
2869	933.13
2758.7	1789.4
2255.7	1815.1
3402.4	1777.6
4367.2	701.38
2904.8	1058.6
2924.3	1657.4
3673.8	1609.5
2508.9	970.84
2119.5	487.05
2527.9	1766
1324.1	684.31
1382	1807.9
1265.7	1863.2
2392.4	377.44
3748.5	940.92
2426.9	1811.3
4279.8	704.57
593.63	745.64
3723.9	1699.9
2857.4	606.53
4017	481.97
2590.7	920.2
1522.2	1847.6
4278.6	702.31
3805.2	1770.2
423.97	1876
2512.6	1238.9
393.7	373.7
930.59	1733.2
3217.5	1768
2531.4	278.72
425.67	1484.7
662.34	1670.1
986.17	1848.1
2220.3	768.58
4009.8	1728.8
3094.3	696.15
1688.9	1029.6
2220.1	769.56
2901.2	1355.5
3310.9	456.54
1713.4	1802.9
1856	1848.2
3989.3	1775.2
3461.5	2206.2
4010.1	1740.8
2758.9	1790.8
2718.6	356.98
3531.1	1964.9
675.59	1647.9
1654.8	1800.4
4334	1176.1
3681.2	1850.9
4009.6	1725.8
3564	1894.3
402.24	1855.8
2858.2	606.42
3687.1	1869.9
870.1	767.71
2247.5	745.36
3441.2	1343.9
583.23	1467.3
980.34	1848.3
3722.9	1798.4
2789.8	1615
122.9	733.35
4739.5	594.03
738.33	1870.4
4400.4	707.61
3715.4	1758.2
2573.8	664.4
1900.2	1332.4
396.89	581.7
504.07	1373.9
926.36	1850.6
2804	1646.8
849.88	1127.4
3980.8	469.56
3530.8	1965.5
1467.8	741.57
2592.7	1479.7
3723.8	1698.5
1927.1	1773.7
4570.7	691.17
590.08	752.67
2307.2	983.18
3200.7	1785.6
3681.7	1850.8
2623	1824.3
3575.1	1902.7
1046.5	1512.1
3919.3	1486.9
3806.5	1807.8
3868.9	1804.3
4015.4	482.62
2585.5	683.4
3019.4	1801.2
2304.9	754.96
1690.7	786.44
2593	1479.7
2532.6	312.18
3661.9	1811.5
1689.5	786.14
667.32	1461.2
3317.6	458.84
3895.2	1800.8
3842.4	1794.2
2514.4	934.87
4602.8	1497.7
3239.1	1788.7
2096	1772.7
2305.5	754.45
2867.5	389.09
2783.3	1626.1
3442.5	1546.6
2505.9	973.51
1326	685.17
2513	935.29
437.11	1135.1
3238.7	1776.9
3514.5	1826.5
2512.8	935.48
66.195	1845.2
1801.1	1729.8
2307.7	1811
3704	413.15
4603.1	1624.8
3603	1766.2
581.93	1112.1
3831.5	1602.6
917.21	1251
4570.9	691.97
4803.2	638.38
2245.1	747.27
1241.6	1366.3
127.46	1844.4
3238.3	1777.9
2613.3	805.38
667.64	1460.3
3330.1	1786.2
2720.7	379.83
2519.1	271.15
2323.9	444.99
3000.4	1806.6
995.78	1436.6
2033.3	1809.4
3631.9	1821.1
847.71	1132.2
3411.3	1402.3
143.76	1076.4
3694.3	1866.3
1416.6	1445.3
1571.7	1845.9
909.12	1237.9
982.84	1853.8
203.59	1754.7
3715.6	516.48
679.84	1471.2
2303.7	401.04
1418.3	1367
3684.1	1621.2
1053.8	1162.5
663.06	1669.3
1775.3	1724.1
857.08	1851.7
1087.1	1842.7
3411.5	1402.4
2929.9	1541.6
2909.6	1610
1045.8	1510.7
930.81	1806.7
3877.8	1781.3
4110.4	2960
3728	1703.8
3842.4	1793.9
3693.3	1839.2
2843.3	386.83
601.54	1067.4
3524	1962
2361.9	379.2
291.9	1880.9
867.9	1111.3
2314.3	1812.9
2911.7	1636.2
4372.8	548.5
4463.6	1769.6
2719.8	545.45
2836.1	931.95
672.33	600.16
1914.8	1840.6
2722.3	1000
2887	1518.5
3766.2	1803.9
2824.9	940.01
2319.5	1810.9
1703.9	1866.9
2364.9	380.64
1588.6	1644.6
2722.7	1000.1
148.56	678.53
2726.5	1794
1084.5	1842.6
601.09	1067.3
2719.9	755.58
3166.4	1770.9
1685	1855.5
1688.5	1851.9
431.62	474.24
3848.6	1808.2
1518.5	1803.7
2676.4	1809.5
1728	1898.4
3862.7	1793.1
1423.2	1310.4
3528.4	1695.8
3167.4	1770.9
1775.3	1727.7
688.88	1478.2
679.81	1484.5
148.41	678.6
2371.9	1826.5
253.32	1881.2
894.14	105.23
2757.7	1399.2
676.09	1481.5
3594.4	1994.8
1616.3	438.22
897.66	1840.2
2308.3	407.84
909.01	1186
2886.3	1515.3
4367	713.45
2689.5	1765.2
1927.2	1409.4
3790.2	1795.2
176.78	1779.4
3624.1	1470.8
2880.7	1815
2517.7	273.87
1476.7	1362.6
3022.2	1802.2
926.86	1851.3
984.41	1791.5
146.31	711.99
1626	438.11
3284.3	1811.1
2149.3	1822.6
2910	1591.6
872.44	1811.3
909.26	1185.6
908.86	1238
268.19	1876.1
2553.4	1770.6
655.28	1895.7
3979	471.72
3400.3	371.67
2739.8	1774.7
1473.8	698.63
1313	359.5
2808.2	1793.2
3699.8	1610.7
3589.5	1958.1
1668.9	1793.4
3683.7	1137.8
1686.3	1867.6
2872.9	804.49
2628.7	1762.7
977.13	1759.2
3589.4	1957.9
431.83	496.69
2763.3	280.37
4603.2	1624.6
2822.5	1770.4
845.81	940.09
2836.1	931.85
2739.8	1775
1325.8	1269.4
960.35	1764.3
3635.3	1800.2
209.89	1797.5
3347.9	1815.9
3689.4	2198.8
3401.8	371.75
121.63	893.05
3879	1781.8
185.46	1793
602.41	956.5
600.54	956.03
2145.7	475.23
3220.1	1808.5
1474.2	698.41
912.23	563.26
400.9	927.6
3095.4	1472.4
2835.7	867.91
3289	1810.1
2841.8	273.89
4053	1794
1847.9	1854.1
2177.3	1855.7
143.58	1445.8
2535.1	305.43
3885.7	1463
660.44	1788.6
597.56	711.48
4601.4	411.99
3822.7	1007.7
161.15	1877.9
207.83	1729.3
2935.7	1802
2490.9	981.09
3748.9	1639.6
2823.1	1769.7
914.69	163.85
2832.7	958.81
1075.3	1831.2
3809.8	1810
2441.9	1829.3
2824.6	939.81
3151	1801.2
3817.6	1584.4
2393.7	364.8
664.88	513.37
916.85	1225.5
2486.2	1251.9
2872.3	938.35
3759.8	1800.7
3495.9	2103
3222.3	1802.8
933.19	1847.3
2491.7	825.11
1074.6	1830.8
875.99	1077.8
619.22	793.24
3513.7	2017.5
3893.8	3318.6
870.62	1842.1
721.59	567.25
650.46	949.15
2494.4	823.94
2299	1084
3712	1752.6
619.33	766.94
143.32	1446.4
1620	1671.5
863.83	1810
502.02	1441.6
47.996	1433.9
2429	1846.3
1895.9	872.68
1226	1379.1
1893.8	1801.9
176.54	1779.7
3520.9	1808.8
3540	1787.3
596.99	397.27
605.65	1785.9
386.72	1464.3
1930.9	1768.1
3817.7	1584.3
3305.6	349.22
917.16	1379.4
1777.4	1734
2721	1829.7
721.09	551.36
1322.9	1266.3
