5412.1	2180.2
4977.4	1748.8
5257.1	2689.9
6021.9	2049.2
6435.3	2249.8
5987.8	2072.7
6397.4	1501.4
5339.3	2333
6090.3	2349.8
5987.8	2072.7
5987.8	2072.7
5953.5	1970.8
5981	2581.3
5974	1839.5
6103.3	1986.7
5992.9	1663.7
5263.7	2666.9
6943.8	1362.8
5076.8	2143.9
5032.2	2593.3
6125.8	1458
5076.8	2143.9
5476.6	2562.5
6065.9	2017.7
6374.5	594.96
5792.1	2344.4
6447.2	1592.7
6239.9	1352.9
6126.3	1934.9
5385.3	2349.8
5820.6	2090.8
6356.1	1677
5850	2139
4061.9	2664
5315.8	2699.9
5384.3	2349.8
5833	1994.7
5828.2	2155
6986.9	2246.6
6150.3	1292.3
6356.1	1677
4798.9	1440
6900.4	129.13
6447.2	1592.7
3348.9	1368.3
7025.8	989.41
6098.7	2019.5
5384.3	2394.7
6392	587.25
6063.6	1582.6
5162.1	2094.9
5399.9	2613.6
5644	2279.1
5429.4	2368.6
5310.3	2352.9
5312.5	2354.2
3707.2	758.75
6900.4	129.13
5449.1	2366.4
4968.1	2388.6
6182.9	1923.7
7253.8	213.03
6517.9	664.78
6943.8	1362.8
5646.8	2425.2
4988.7	1757.5
6085.5	2014.9
6392	587.25
6076.8	2257.6
6664.8	854.33
6664.8	854.33
7253.8	213.03
7026	978.07
6376.6	273.68
4968.1	2388.6
7144.7	1373.9
7203	3804.1
7307.6	2955.4
5429.4	2368.6
6964.5	1543
6664.8	854.33
5330.8	2676.7
4971.9	2328.8
5644	2279.1
6376.6	273.68
5805.7	2207.5
6960	794.22
6055.8	2007.6
5946	2111
6225	1322.4
5850	2139
6911.5	1342.6
3889.7	1563
5434.2	2346.2
5885.8	2312.1
6911.5	1342.6
4542.3	2129.6
5420.8	2365.8
5409.4	2677.9
6911.5	1342.6
6098.3	2007.3
4960.6	2323.6
3996.7	1618.8
7025.8	989.41
5449.1	2366.4
5925.5	2105.7
6084.5	1996.3
7313.3	751.94
5320.7	2356.8
5076.7	2213.2
4038.7	2651.7
6180	1927.8
5244.1	2171.4
3732.5	2537
7308.8	768.98
5339.5	2279.8
5961.2	1588.4
5402.4	2349.5
5328.8	2338.3
7324.7	547.35
5321.7	2354.6
6935.3	1858.7
7124.1	1362.4
5233.7	2213.2
4886.3	2358.9
6128.5	1971.3
4973.9	2598.8
6020.5	2021.1
6603.5	446.77
7161.5	379
5462.3	2453
6391.2	641.69
5897.8	2370.1
6457.4	1659.9
6481.6	1158.9
6041.2	2373
5415.9	2621.6
5287.2	723.19
5415.7	2604
6239.7	2302.8
5736.6	1964.6
6180	1927.8
5054.5	2142.3
6347.2	1555.4
6155.8	1243.8
4159	851.08
6042	1988.4
5841	2182.1
5891.2	1843.4
5917.9	2287.2
5683.2	2138
4487.2	2247.1
6533.9	625.85
7216.7	1914.6
4551.2	2259.7
5860.1	2324.9
6009.6	2272.4
4697.9	1691.4
3365.7	1570.1
6134.7	2235
4885.7	2345.1
4862.3	2427.1
5790.3	2218.6
5658.9	2367.5
6950.8	1531.4
5188.3	2119.1
5683.2	2138
3989.1	1670.9
6476.9	2078.6
4766.8	1918.3
6913.3	1344.4
5752.6	2279.4
5431	2345.7
7241.7	758.99
5429.6	2513.1
5419	2373.1
6951.7	79.108
4687.5	2108.9
5033.4	2618.2
5299.8	2523
6990.8	250.32
5955.5	2110.9
5373.2	674.2
4971.8	1844.7
4862.3	2427.1
4862.3	2427.1
5447.8	2376.4
7018	1409.2
3956.4	2544.9
7161.5	379
6155.8	1243.8
4159	851.08
5319.3	2694.4
7254.1	797.22
5284.9	2305.9
5827.4	2324.1
5288.3	736.08
5551.6	2482.9
4786	2098.2
4786	2098.2
5794.4	2183.4
5288.3	736.08
6482.8	1154.5
4714.2	1909.8
5816.5	1841.5
5346.8	2328.9
4892.7	1861.7
4801.7	2599
6911.5	1342.6
5286.9	2687.6
4906.4	2170.2
3348.9	1368.3
3784.8	1660.6
6669.7	225.4
6088	2251.5
5131.8	2414.9
6029.6	2238.6
5884.8	2311.3
5920.2	2316.1
5887.3	1839.3
6594.9	1014.3
5021.7	2153.7
6324.9	2285.6
5887.3	1839.3
3784.8	1660.6
5274.4	2682.7
5595.9	2224.7
5333.4	2351.1
4670.4	1910.2
5336.3	2341.9
5740	1967.6
6000.8	2078.5
4678.3	2109.2
5856	2325.2
7307.1	1215
5286.9	2687.6
6405.7	2227.3
5839.1	2380.1
6669.7	225.4
5922.3	2385.4
5454.4	2460.7
6669.7	225.4
5740	1967.6
6137.5	1999.2
3160.3	3560.2
6714.1	386.1
6669.7	225.4
4671.2	1909.9
3784.8	1660.6
3684.3	706.71
7294.2	742.18
5087.3	2134.5
6896.7	1510.2
3784.8	1660.6
5075.5	2403.7
5345.8	2520.9
3784.8	1660.6
5285.5	2660.5
6669.7	225.4
6669.7	225.4
5404.3	2379.7
6137	1989.6
3973.8	2239.9
5285.5	2660.5
3784.8	1660.6
3664	1511.9
5243.7	2176.5
6543.6	673.94
6673.4	209.35
6043.6	1857.5
4907.3	2394.7
6250.8	1343.3
7239.6	3782.5
5410.5	2600.7
6018.3	2001.6
3784.8	1660.6
3886.2	864.68
4996	2148.5
4765.4	2272.3
3664	1511.9
5289.9	2443.5
4973	2084.8
5387.4	2678
5077.7	2247.6
7161.5	379
7085.7	501.52
7033.4	994.95
5452.1	2446.7
5937.4	2093.7
5404.3	2379.7
6020.4	2248.7
5388.8	2676
5091.8	2022
4544.6	1345.3
6014.7	1681.9
5361	2355.6
5343.9	2682.9
5387.4	2678
6395.6	1482
5954.7	1854.5
5998.7	2286.7
6371.7	3366.4
5643.1	2349.8
6237.9	1445.5
5864	2170
4857.8	1782.4
5920.2	2316.1
5797	2352.9
6031	2011.5
5360.6	2691.1
6874.8	135.31
5409.9	2381.9
3670.8	2544.5
5052.8	2108.1
5359.9	2354.3
6868.7	1226
3783.8	1587.5
3016.9	1400.2
6619	404.22
5852	2649
6784.2	1129.9
5287.3	2701.9
5458.4	2409.6
5678.2	2354.7
4606.6	2056.3
5494	2405.8
5114.9	2039.2
6395.5	342.44
5233.7	2213.2
7254.1	797.22
5385.2	2387.5
5268.2	2303.9
6809.9	1231.9
4906.7	2506
5618.1	2307.7
6784.2	1129.9
4740.2	1619.7
6012.7	1999.4
4724.7	2093.8
5892.8	2093.8
5474.5	670.4
6026.5	2395
3947.4	1597
5628.8	2299.9
5321.1	2316.8
5460.7	2404.2
5026.7	2401.4
6018.3	2001.6
6800.9	1190.1
5818.3	2179.3
5410.5	2378.9
5338.5	2351.5
6029	2030.4
6948.4	1513.3
6191.9	1956.3
5327.5	2438.6
4772.2	1553.9
4724.7	2093.8
4539.9	1791
5517	2360.1
5808.6	1980
4906.7	2506
5880.7	1851.3
5956.9	2361.5
5959.7	1701.1
4906.9	1980.1
6084.1	2827.8
6713.5	39.213
5628.8	2299.9
5355.6	2658.2
6800.9	1190.1
5514.3	2348.4
5656.1	2331.9
5514.3	2348.4
3380.5	2065.6
7090.2	1420.3
5328.9	2326.9
5338.5	2351.5
4900.8	2361.7
3670.8	2544.5
5601.8	2758
7145.8	768.95
5340.4	2351.7
6737.9	358.26
3047	496.24
7091.8	1438.7
4942.3	2359.1
6746	1012.4
3673	686.35
5450	2333.7
5835.2	1864.5
4746.4	1911.6
5818.3	2179.3
7268.5	2769.6
5624	2313.2
5684.3	2145.6
5000	1757.6
6727.2	954.95
6084.1	2827.8
6149.7	2026.9
6029.6	2238.6
6690.5	275.41
6395.5	342.44
5093.5	2342.9
5413.6	2435.6
3239.2	379.72
6432	2083.2
7252.7	786.7
5369.1	2353.5
5414.2	2457.5
3047	496.24
5051.7	2403.1
3409.3	2142.3
5978.7	1655
5996.6	2047.1
5438.5	2342.9
7145.7	1957.8
5690.8	2354.6
5675	2596.4
6366.5	2131.8
4921.2	2192.5
6149.2	1613.5
6191.9	1956.3
4976	1735.7
4985.4	1765.3
4878.5	2306.7
5285.8	2539.3
5904.5	2381.6
5319.5	2324.9
4902.2	2409.4
4715.8	2334.7
3558.3	1458.7
5439.8	2461.3
5466	2332.3
4919.8	2203
5790.6	2368.2
5340.1	2371.1
5469.6	2431.1
5340.1	2362.2
5108	2659.1
6956.8	1522.7
6540.3	456.05
5333	945.81
5414	2437.7
4900.4	2445.4
6092	2004.3
5325.9	2659.4
3421	2024.2
4761	2318.1
5443.9	2341.4
5353.4	2322.2
6046.9	2016.2
4651.6	2296.3
6910.6	1228.6
4900.4	2445.4
4933.1	2426.8
5235.3	2187.6
5905.8	2148.1
6144.3	2027.8
3787.6	785.17
5642.5	2188.7
6067.8	1936.7
4900.4	2445.4
5051.1	2265.5
6484.1	1368.5
5366.3	2365.8
6150.4	2008.9
5649.7	2142.7
5701.7	2138.2
5245.6	2195.1
5124.2	2273.9
6857.8	937.77
6682.4	864.08
5106.3	2057.8
5786.2	2356.6
3219.7	1325
6987.5	1514.1
4923.8	1773.7
5908.6	2335.6
5026.7	2401.4
6356.1	665.3
6594.7	717.55
3422.8	2112.8
4692.4	2817.9
5091.8	2747.4
5034.2	2011.9
5884.3	1927.7
4933.1	2426.8
4933.6	1990.9
3211.2	1312.4
6152.2	2014
5350	993.99
3821.5	1219.2
5618.4	2372.5
6046.4	2046.5
4890.2	1866.3
5496.1	2314.4
5417.3	2462.8
5348.4	2441.1
4917.3	1818.7
5081.5	2663.1
6906.1	1492.2
6721	3091.1
6968	825.69
5356.9	2346.7
6144.3	2027.8
4831.2	2451.2
4635.7	1465.7
6131.4	1898.4
6944.7	1493.3
3794.5	865.42
3381	403.29
4604.7	1798.5
3421	2024.2
5902.4	2093.7
5873.2	2019.4
6017.1	1664.2
5365.4	2401
3045.8	1254.3
5328.1	2383.9
6262.5	1367.4
5249.8	2193.5
4922.4	2414.2
4907.4	2205.3
5364.9	2366.6
3154.8	1294.2
5941.5	2093.2
4923.7	2307.8
5695.6	2592.6
4693	2051.1
5415.2	2452
6728.3	367.06
5360.2	2346.9
5350.5	2320.8
3499.9	376.62
5291.7	2680
5706.3	2293
6685.7	884.01
4671.3	2510.3
4471.3	2553
4943.2	2039.9
3189	1320.3
5654.3	2298.1
6875.6	1579.5
5575	2586.1
6152.2	2014
4895.8	1982
4151.9	2607.9
5417	2441.3
5987	1818.7
5095.6	2300
5563.7	2172
5095.6	2300
3410.1	2093.1
5249.7	2413.3
3422.8	2112.8
3345.6	1257.6
6117.2	1764.7
3189	1320.3
5115.8	2055.9
6211	1965.8
6152.1	2003
5282.7	2475.7
4689.3	2150.3
6781.3	1099.7
5107.7	2239
6721	3091.1
6849.3	1503.5
5996.6	1758.9
4781.9	1516
4918.7	1667.4
5086.3	2171.2
3296.7	1473.7
5406.9	2423.6
6857.8	937.77
5065.5	2213.7
6000.9	1524.8
6824.9	3125.9
4922.4	2414.2
6145.2	1668.4
6859.9	930.7
5981.2	1660.4
4691.9	2077.2
4067.8	1725.9
6787	2770.4
7331.6	1149.4
5809.5	1918.1
5235.3	2187.6
3288.9	1482.6
6657	1351.5
3558.3	1458.7
3770.7	846.17
5113.7	2059.9
6913.4	1572
6149.7	2026.9
5116	2046.3
4878.9	1958.2
5716.2	2785.7
6465.3	2781.2
5233.8	2199
5672.2	2143.4
6916.3	1350.6
6834.9	2204.4
6640	737.38
6008.9	2006.2
3739.5	1571
3855	1534.8
5249.7	519.46
6684	805.53
6156.9	1846.5
5396.8	2394.3
6116.6	1928.7
6479.3	630.43
3770.7	846.17
5291.7	2680
5933.1	2333.8
6244.8	1969.3
5899	2349.2
5116	2046.3
4719.5	1914.1
4901.2	1970.2
3296.7	1473.7
5124.7	2446.6
6546.7	3224.1
4689.3	2150.3
4924.5	2448.8
5248.2	2376.8
5840.2	2199.4
4719.4	1615.6
5183.8	2191.7
5270.9	2438.5
5855.5	2111.7
5431.1	2459
5490.9	1863.3
5328	2400.2
5067.8	2214.6
4898.3	1970
7148.1	2782.9
5376.3	2450.3
6845.5	1588.5
4887.2	2314.4
5022.6	2274.9
4728.6	2216.8
6792.5	1239.8
3989.4	1682.1
3746.8	328.47
5158.3	2102.8
6033.8	2019.2
6017.1	1664.2
5321.2	2331.7
5591.5	2307.2
5902.4	2093.7
6017.1	1664.2
6017.1	1664.2
6425.8	377.38
6857.8	937.77
3421	2024.2
4123.5	2250.4
4635.7	1465.7
3271.1	2658.5
6235.1	1072.8
4737.1	2158.7
6358.3	2177.3
5837.5	2326.4
6845.5	1588.5
5389.1	2444.6
6355.1	2148.2
5818.9	2397
5376.3	2450.3
5457.6	2378.3
6367.4	784.06
3414.8	2138
6440.1	1664.6
4922.6	2443.5
6578.9	590.49
4067.8	1725.9
3847.7	1538.1
6159	2296.9
6135.2	1916.2
4961.3	1761.6
5810.7	2148.3
7155.5	303.59
3939.1	970.62
5439.1	2479.5
5638.6	2397.3
5304.4	2427
5298.6	2320.5
5817.9	2495.8
3266.3	1241.4
6050.7	2009.8
6033.8	2019.2
6106.9	1533.2
6578.9	590.49
4735.3	1893.7
5394.1	2409.8
6134.6	2547.6
5800.9	2122.1
5075.5	2177.3
5994.3	1772.7
5398	2382.8
4735.3	1893.7
5282	752.25
4046.7	1706.2
5590.1	2331.2
6350.1	124.13
4668.4	2056.7
4582.1	1825.1
6589.3	1111.7
3189	1320.3
4758.4	2340.5
5590.1	2331.2
5438.7	2375.1
6901.7	1994
3771	1439.9
5194	2180.5
5010.4	2411.4
6685.7	873
6358.3	2177.3
4918.9	1938.4
6133.6	1817.9
3064.5	1270.2
6106.9	1533.2
6106.9	1533.2
5350.2	2699.1
6757	1088.6
5270.9	2438.5
5784	2414.6
4155.8	2594.4
5319.9	2367.7
5839.7	1920.7
4129.4	851.36
6787	2770.4
5386.3	2442.6
5975	2090.3
5360.4	2433.6
5507.1	2619.6
5344.4	1033.2
5017.1	2162.7
4866.8	1793.6
5050.9	2382.3
5438.3	2380.8
4924.1	2421
6793.6	1215.2
4662.8	1435.4
5012.9	2281.4
6930.6	1533.1
6577	587.34
6233.8	2423.5
6106.9	1533.2
4937.9	2332.9
5665.8	2136.3
6264.2	2291.4
5294.8	2424.7
5411.8	2391.6
5264.5	2356.8
3556.3	1463.2
5935.4	2056.1
5157.8	172.95
6626.3	1219.8
5381.2	2713.7
6225.7	1457.1
5255.9	512.07
6577	587.34
5874.6	2180.5
5254.9	548.6
6145.2	1668.4
4688.9	1582.4
5431	2450.7
5803.1	2375
5069.6	2296.8
4919.3	1656.2
7175.2	1387.9
6649.8	301.63
5063.1	2392.9
5379	2367
5438.4	2369.2
