5454.9	2235.7
5102.4	1860.3
5332.2	2636.4
6035.1	2060.7
6106.4	2321.9
5974.9	2101.5
7168.6	985.88
5386.2	2325.1
5934.4	2372.5
6004.4	2082.7
6004.6	2082.7
5867.3	2082.8
5857.6	2542.3
5940.7	1915.1
6109.4	2006.3
6010.7	1695.9
5337.4	2617.7
6896.4	1422
5171.9	2178
5218.4	2532.4
6018.7	1684.1
5171.7	2178.6
5506.1	2534.5
6115.1	2005.3
6075.6	1391.8
5764.1	2356.5
6828.6	155.08
6020.7	1728.2
6131.1	1958.1
5429.8	2341.6
5783	2155.6
6742	406.97
5799.4	2200.5
7239	1009
5380.3	2645
5429	2341.8
6173.8	1631.4
5785.7	2209.8
7200	1871.8
5964.5	1687.5
6713.7	477.89
5101.1	1850.8
6649.4	793.43
6854.5	59.586
7129	2122.1
6563.7	1508.9
6149.2	2008.7
5428.8	2385.1
6086.5	1388.5
6105.9	1581.5
5233	2121
5450.6	2574.5
5661.8	2288.6
5472.9	2360.2
5359.4	2344.1
5360.5	2346
4203.7	919.12
6532	1006.5
5490.9	2358.8
5098.2	2391.3
6182.5	1951.5
6570.7	1324
6311.5	1228.7
6715.7	1564.9
4275.8	2239.9
5109.9	1867.7
6092.7	2031.1
6084.8	1389.2
7143.2	1895.6
6209.2	1576.8
6210.8	1575.9
5733.8	2060.1
6564.3	1498.4
6232.7	965.11
5097.8	2391.3
6939.6	1539.6
5861.8	2721.4
7121.6	1878.9
5471.9	2359.9
6734.7	1709.2
6209	1576.7
5392.3	2625.3
5099.5	2340.1
5662.4	2288.6
6426.7	380.2
5887.4	2174.4
7168.2	499.75
5923.1	2127.8
5991.2	2098.1
6013	1709.5
5799.7	2199.6
6865.1	1397.3
3130.2	1139.7
5476.9	2337.7
5928	2300.2
6557.7	1662.2
4138.1	2193.4
5464.7	2357.3
5459	2628.1
6865.2	1396.7
6150	1994.9
5094.8	2339.7
3853	1520.4
6313.3	1754.4
5489.6	2358.3
5849.9	2180.5
6091.8	2015.6
6689.9	1464.3
5368.8	2348
5171	2238
4075.4	2667.2
6088.8	2019.9
5301	2181.3
4031.6	2511.4
6853.7	1310.7
5373.7	2272
5874.8	1803.5
5446.4	2341.2
5375	2330.2
6705.5	1355.5
5369.5	2346.7
6290.2	2144.1
6923.3	1525.4
5290.6	2216.1
5043	2368.9
6090.1	2024.2
5183.7	2536.2
6034.1	2034.1
6470.3	939.87
6413.7	1496.9
5501.1	2442.8
6086.4	1417.5
5831.7	2382.1
6068.3	2001
6812.2	470.24
5898.3	2389.6
5465	2580.6
7142.3	2479.4
5463.5	2565.2
6020.2	2347.7
5723.3	2046.1
6131.8	1989.5
5153.4	2178.2
6154.9	1796.5
5970	1655.1
4700	1404.6
6053.9	2005.8
5869.9	2187
5828.2	1976.8
5845.6	2319.8
5699.2	2159.7
4835.2	2305.6
6484.9	908.46
6673.1	2710.4
4864.7	2310.1
5808.7	2341.2
5899	2313.5
4812.2	1729
3830.8	340.01
5966.7	2293.3
5042.8	2358.2
5031.9	2420.9
5854.1	2198.8
5676.9	2365.7
6723.6	1698.9
5255.3	2141.8
5700.2	2159.9
3963.4	1632
6124.7	2219.2
4987.5	2048.9
6866.5	1399.5
5743.8	2293.1
5473.4	2337.2
6806.9	1301.8
5470.1	2496.6
5462.3	2364.2
6685.6	767.71
4934.4	2193.1
5221.9	2549.3
5360.1	2502.2
6698.8	884.39
5973	2114.8
7057.7	2800.2
7194.2	2612.3
5022.8	2427.1
5026.8	2426.7
5489.7	2367.5
7328.9	778.21
4788	2493.7
6517.8	1374.9
5970.6	1655.3
4699.5	1405.3
5382.9	2640
6647.2	1488.8
5334.8	2299.4
5787.9	2342
6817.2	2226.9
5587.1	2470
5000.6	2183.2
5000.3	2182.9
5764	2228
6817.9	2229
6939.8	122.65
4950.5	2044.1
5774.6	1968.5
5392.4	2320.9
5046.1	1969.8
4998.7	2553.6
6694.5	1547.3
5356.6	2633.7
5056.3	2215.8
7138.1	2266.6
4211.4	1827.9
6501.1	868.1
5942.9	2301.4
5210.3	2408.8
6041.7	2240.1
5823.7	2335.4
5846.5	2338.7
5825.4	1973
6825	488.46
5132.9	2193.5
6050.6	2342.7
5826	1974.2
4529.9	1975.7
5346.3	2630.8
5620.2	2235.4
5379.9	2342.9
4920.3	2044.8
5382.7	2333.8
5722.6	2048.7
5959	2125
4928.7	2193.3
5806	2343.5
6418.4	1888.1
5356.5	2635.6
6089.9	2300.8
5795	2386.7
6469.7	931.52
5846.7	2393.8
5492.2	2449.8
6455.6	962.42
5724.4	2049
6140.9	2021.3
4849.6	2573.5
6226	1402.9
6426.6	1018.5
4920.1	2045.2
3968.2	1722
3991.2	931.68
6676.1	1459.4
5180.2	2170.6
6848.1	1556.8
3965.6	1718.1
5170.2	2400.8
5397.6	2501
3634.6	1574
5352.4	2611.7
6583.8	695.01
6385.1	1091.8
5448.9	2371.9
6097.2	2040.2
3036.3	2056.4
5354.3	2610.9
3969	1723.9
3133.9	1224.6
5300.4	2185.4
6163.6	1454.3
6587.6	683.51
5919.2	2017.5
5056.3	2397.3
6029	1723.3
6653	3297
5459.5	2562.9
6032	2016.5
3967.1	1719.9
4383.2	1269.4
5112.1	2189.9
4973	2307.5
3133.8	1225.7
5340.7	2432.7
5097.2	2139.2
5440.9	2627.6
5171.8	2267.6
6643.5	1221.4
6732.9	1089
6872.5	1192.1
5493.8	2435.5
5983.8	2080
5449.4	2369.3
6032.6	2248.4
5441.2	2626.1
5177.5	2066.5
4861.9	1652.5
5902.7	1884
5407	2347.3
5402.8	2631.4
5440.2	2627.8
6095.4	1846.8
5949.7	1899.6
5892.7	2322.4
3428.6	2290
5660.9	2350.3
6015.7	1791.7
5907.8	2163.9
5022.8	1908.6
5846.1	2339.6
5934.8	2310.1
6043.4	2026.9
5417.3	2638.3
6628.1	786.87
5452.7	2372.8
4549.8	2496.4
5150.3	2137.1
5405.5	2346.3
6660.6	1453.3
3963.5	1647.5
3674	1624.7
6598.5	671.64
5975.4	2705.4
6253.4	1743.7
5357.2	2647.7
5497.6	2400.1
5693.9	2355.2
3064.8	405.44
5532.1	2396.6
5198.5	2082.1
6111.3	1240.5
4734.6	1783.5
6408.6	1705.4
5430	2379.3
5321.3	2302.8
6256.4	1802
5058	2483.7
5641.7	2310.9
6253	1743.6
5302.3	2505.7
6026.8	2014.7
4959.7	2182.3
5829	2171.4
7122.6	2621
4381	1947.5
6705.2	1148.2
5647.6	2307.1
5368.1	2308.9
5502	2395.1
5133.3	2399.7
6032.8	2017.2
6258.6	1778.6
5780.3	2226.6
5454.2	2370.1
5384.6	2342.9
6041.3	2044.2
6896.3	1558.4
6190.3	1979.2
5375.3	2432
4970.3	1744.1
4959.9	2183.3
4857.4	1978.1
5548	2358.2
5967.5	1831.7
5058.1	2483.6
5821.5	1981.4
5869.9	2376.6
5953	1769
5056.7	2065.9
5735.2	2602.2
6612.3	463.41
5649.8	2306.5
5413.5	2611.8
6257.8	1777.7
5556.7	2345.6
5672.5	2335.2
5554.7	2349.8
4612	2274.3
6901.7	1569.9
5375	2318.9
5383.9	2343.3
5054.6	2371.2
4548.8	2496.5
5564.6	2626.3
6385.7	1658.7
5386.7	2343.5
6564.8	900.6
7043.3	2747.6
6582.6	1803.1
5085	2368.5
6241.2	1674.6
3682.2	665.26
5492	2324.5
5790.7	1984.3
4974.2	2044.8
5780.5	2225.9
6383.8	2599.5
5644.6	2317.4
5699.6	2166
5117.3	1868.4
6235.3	1640.1
5735.1	2603.2
6152.7	2046.3
5910.7	2294
6544.3	837.34
6302	867.84
6611.9	713.02
5456.6	2423.5
6624.3	2169.7
6104.3	2221.6
7032.1	2081.7
5413.8	2345.6
5457.7	2445.8
6166.7	1000.3
5151.7	2400.5
4069.1	2390.7
5997.5	1688.3
5889.2	2147.1
5481.4	2334.2
6506.8	2874.5
5703.9	2355.6
5616	2535.8
6095.4	2236.4
5065.1	2234.7
6108.7	1710
6190.4	1980.2
4484.4	649.88
5108.7	1875
5037.6	2327.1
5349.4	2515.6
5836.7	2390.8
5367.8	2316.9
5053.1	2407.7
4946.3	2356.8
3491.1	1374.9
5481.2	2449.8
5508	2323.6
5062.9	2242.3
5763.5	2376
5386.8	2361.8
5510.3	2420.3
5387	2353.5
5265.2	2575.1
6903.5	1568.9
6556.7	624.36
5233.9	615.19
5457	2425.6
5052	2439.4
6098.9	2023.3
5388.9	2612.2
4625.9	2264.2
4969.9	2341.8
5486.9	2333.8
5399.8	2314
6025.4	2055.8
4832.7	2312.4
6295.7	1818.1
5051.1	2438.3
5075	2421.9
5292.5	2195.5
5837.6	2210.3
6102.6	2072.7
3230.7	307.6
5661.1	2207
6117.3	1923.4
5050.8	2437
5151.8	2282.6
7052	554.33
5411.4	2357.4
5949.7	2150
5667.1	2162.8
5716.2	2158.9
5302.1	2202.9
5204.2	2287.1
6750	1084.6
6218.9	1582.4
5190.9	2097.9
5760.1	2365.4
3415.9	1347.9
6931.1	1561.9
5058.7	1890.1
5837.8	2356.4
5133.4	2399.8
6063.8	1427.6
6180.8	1495.5
4633.9	2297
5138.2	2614.1
5255.8	2628.5
5128.5	2056.7
5823	2038.8
5074.4	2422.6
5079.1	2074.8
3217.7	1256
6108.4	2058.7
5257.6	689.96
3063.7	693.91
5640.9	2370.1
6056.3	2059.1
5044.8	1974.7
5537.2	2311.3
5460.2	2450.6
5394.3	2429.7
5067.1	1937.3
5250.8	2577.1
6856.7	1535.2
6139.9	2733.2
4336.7	1461
5403	2338.5
5972.2	2149.1
5011.9	2442.2
4801.2	1589
6136.1	1925.2
6892	1533.4
4385.4	1333.5
4551.3	1397.7
4889.6	1970.3
4627.3	2261.3
5836	2166.7
5916.3	2014.3
6034.3	1695.1
5411	2390.7
3365.5	1329.2
5375.7	2374.8
6035	1743.7
5305.9	2200.4
5066.5	2411.5
5053.8	2244.5
5409.1	2358.3
3159	1236.6
6018.5	2057
5073.6	2328.1
5626.9	2533.3
4939.3	2150.8
5458.4	2440.2
6234	1396.5
5405.9	2338.9
5396.9	2312.6
4624.8	1406.4
5360.1	2628.6
5718.6	2300.6
6219	1595.1
6507.4	326.36
4841.3	2511.6
5082.1	2112.1
3194.2	1263.2
5671.4	2304.7
6271.5	1993.1
6551.3	2589.3
6108.2	2061.8
5048.1	2067.8
4703.8	2541.6
5460.3	2429.8
6003.1	1838.2
5184.9	2310.2
5590.8	2189.4
5185.6	2310.8
4631.1	2289.8
5305.6	2404.2
4634.2	2297.8
3339.4	679.18
6125.3	1797.2
3387.5	1344.1
5199	2095.2
6110.2	2049.6
6154.6	2022.4
4201.9	3213
4934.7	2223
6251.7	1724.9
5193.1	2255.8
6138.4	2733.1
6262.4	1951.5
5888.4	1940.8
4977.6	1711.8
5063.7	1806.6
5178.9	2205.7
4586.8	2008
5450.4	2412.8
6608.2	1267.8
5161.2	2240.6
5919.9	1731.5
5870.1	2636.8
5066.4	2410.2
6146.3	1701.2
6491.5	1404.7
6000.6	1693
4936.7	2143.2
4229.1	1778.4
6640.1	956
3702.9	1991.9
5773.6	2020
5293.4	2194.8
7303.7	71.094
4901	2268.8
3199	1249.7
4370.9	1320.3
5198.7	2101.5
6689.8	1734.1
5974.5	2148
5199.8	2087.9
5036.5	2048.9
5605.7	2616.6
4679.2	1421.7
5291.3	2206.2
5689	2164.3
6869.2	1405.4
7042.9	3669.3
6207.8	1505.5
6023.5	2019.7
4087.2	1638.1
3066.5	1089.9
5206.9	549.68
6225.5	1549.8
6113.3	1915.5
5440.6	2385
6079.5	1985.6
6573.3	587.21
4505.7	1444.3
5359.5	2628.3
5855	2354.5
6134	2052.3
5832.2	2365.3
5200.2	2089.2
4954.4	2046.8
5053.6	2057.8
4586.8	2007.5
5205.4	2437.3
5796.8	2671.8
4935	2223.7
5067.8	2441.5
5304.4	2372
5795.9	2242.7
4941.1	1805.9
5251.6	2207.5
5331.6	2419.3
5802.8	2180.9
5472.7	2446.4
5508.6	2066.4
5376.1	2391.2
5162.3	2237.5
5050.4	2057.7
4059	2546.2
5421.7	2439.7
6256.2	1997.8
5042.8	2333.9
5130.3	2293.5
4961.5	2269.8
6248.6	1805.6
4207.8	1763.7
6633.2	854.02
5228.8	2128.5
5910.1	2132.5
5905.1	1872.3
5368.3	2326
5617.4	2311.3
5834.6	2166
5905.9	1871.2
5906	1871
6323.2	904.73
6606.9	1270.6
4630.9	2255.4
4105.6	2444.9
4817.4	1609.6
4315.5	2561.2
7264.8	173.6
4966.3	2227.8
6069.8	2276.9
5795	2343.9
6252.8	1997.8
5433.5	2432.9
6071.2	2254.3
5782.2	2399.7
5421.1	2437.9
5499.2	2369.1
6071.9	1470.8
4630.9	2308
7309.7	1937.2
5067.8	2435.5
6201.1	1389.2
4269	1798.5
4705.3	1979.6
5979.2	2339.1
6095.4	1976.9
4977.3	1699.4
5786.7	2195.1
6651.1	1177
3330	1070.3
5478.4	2466.4
5657.6	2392.3
5354.4	2416.9
5347.8	2315.5
5782.3	2480.5
3041.6	1079.6
6100.2	1997.2
6045.5	2034.3
6116.1	1580.7
6477.7	971.23
4966	2029.7
5438.3	2399.8
7117.2	1828.1
5781.1	2165.6
5170.1	2208.8
5885.1	1953.4
5442.4	2373.6
4965.9	2029.4
5447.4	1834.2
4252.8	1783.2
5616.5	2332.9
6784.6	2698.2
4920.9	2154
4786.2	1925.4
6803	1353
3487.1	1387.9
5956.7	2928.3
5616.5	2332.8
5481.1	2365.9
6260	2215
5100.4	1960.2
5260.1	2196.8
5126.6	2407.3
6219.6	1587.3
6071.2	2271.4
5067	2028.3
6094.9	1886.1
3188.1	1263.1
6126.9	1565.3
5992.9	1754.4
5409.2	2644.8
6239.8	1719
5324.2	2426.2
6861.8	949.68
4707.1	2532.1
5367.5	2359.3
6007.7	1754.9
4682.8	1405.6
6517.9	1146
5431.1	2431.2
5879.4	2175.6
5405.4	2422.4
6005.6	3192.3
5230.8	647.14
5128.8	2201.8
5028.2	1919.9
5151	2383
5481.1	2371.6
5069.9	2417.2
6250.1	1790.2
4899.8	1661.8
5124.5	2299.1
6880.9	1578.9
6625.9	665.98
3967	2063.2
6127	1565.1
5084.2	2349.1
5683.1	2158.1
3556.2	762.61
5345.1	2414.3
5454	2382.5
5321.8	2354.2
3661.5	1495.3
6077	1962.2
5241.1	667.86
6773.8	1035.5
5434.2	2659.1
6006.7	1799.8
5314.1	946.67
6602.9	717.18
5916.5	2172
5240.5	668.13
6066.3	1797
4924	1786.3
5472.2	2435.4
5774	2381.2
5165.8	2309.3
5064.3	1796
6743.9	857.2
6216.6	1324.4
5160.3	2391.5
5423.7	2358.6
5480.8	2360.2
