4923.5	1541.5
5482.8	2215.7
6948.7	2376.4
1004.7	272.12
4640.8	2210.6
4928.2	1539.9
5433.1	2477
5497.4	2038.8
6233.7	1978.3
5473.1	2042.6
1625.7	4775.4
5491.6	4706.6
6637.7	216.5
6138.7	1525.7
6258.9	2351
4739.7	4667.7
5040.3	4676.1
6983.3	2125.9
1731.4	3835.6
5992.3	2097
6191.1	1647.5
5333.1	4810.7
4652.7	4643.9
6040.4	1815.7
5398.2	2312
5063	4688
5627.3	2455.9
6277	1300.6
5314.3	2732.8
4740.5	4667.2
237.6	4128.3
6587.1	1655.7
6209.9	1413.9
5564.8	2507.7
5062.4	4687.9
5607.8	2466
6017.2	1952.4
4897	4876.4
6247.5	1349.5
6354.5	1830.6
6138.1	1992.3
6637.1	219.71
4719.2	4649.8
2974.8	1969.9
5611.8	1193.6
6707.7	1616.9
5527.3	2456.8
6850.8	1083.3
4672.9	4661
5205	4694.7
4608.9	4633.1
5345.6	4705.4
5581.3	4725.8
5582	4725.3
6757.6	1524.7
4931.1	4788.4
7115.8	75.754
4904.1	4680.8
4409.9	1131.7
6003.5	1715.7
5963.6	2005.4
5209.6	4674.1
4345	3278
6479.2	1827.6
4954.5	1606.1
6354.3	1848.9
4832.8	4652.3
6600.3	1494.2
6485	1717.6
5345.9	4705
6266.9	1911.9
4995.4	4688.7
5672	4742.9
6461.8	1501.4
6500.3	1591.2
6791	1496.5
7040.2	2773.2
2956.6	4013
6036.3	2351.7
3886.4	2680.6
4998.8	4794.9
6765.8	1527.3
6755.6	1524.3
5989.4	1980.2
6385.2	1032.4
3680.8	1629.5
5303.8	2480.1
5072.8	4686.1
5363.3	2424.3
5283.8	4679.9
6155.4	2316.6
6522	1717.5
6752.9	1523.8
6431.2	1759
6128.6	2750.6
6069.6	2336.7
4833.2	4654.2
4674.2	1173.9
5105.5	4690.7
5133.3	4684
6555.7	1405.5
6350.1	1098.7
3965.3	1301.2
7182.1	619.63
4397.8	3266.3
6540.5	1751.6
4969.4	4668.7
4600.7	4658.5
6721.5	1373.4
5975.9	2137.8
4959.2	4687.3
6706	2048.1
5000.9	4671.5
7249.7	1912.5
6877.1	377.8
4909.2	4663.3
5385.4	4712.2
4977.8	4844.8
5280.8	4697.2
5074.3	2060.4
6254.6	1274.4
4551.6	2752.5
6346.2	1846.7
6665.4	1541.5
6067.4	2078.6
5561.1	2420.9
4632.4	4823.5
6190.5	1929.7
5453.5	4702.5
5212.2	4839.6
6439.8	918.5
2113.9	2019.7
4920.6	1527.8
6134.7	1997.7
6250.6	2208.5
5114.8	4659.1
6166.2	1987.6
6659.1	1613.6
6485.8	1746.5
4633.4	4861.2
5127.5	2453.4
4900.2	4821.4
4300.5	944.73
5209.1	4682.2
5305.3	4868.5
6297.3	1298.5
4827.8	4662.2
4996.2	4688.2
4821.2	4823.9
5281.6	4695.5
6102.5	2050.8
6474.5	1481.3
5383.9	2780
6637.7	1033
5446	2329.4
4676.1	4855.7
6351.4	1847.8
5695.8	4743.9
6398.4	2158.7
5076.1	4684.9
5444.8	2376.6
4814.4	1323.4
5291.2	4685.3
5525.1	4716.3
5758.8	4724
6189.2	2974.8
5103.1	1913.9
5312.7	4685.3
5309.3	4844.9
6239.2	1299.6
5111	2453.3
5607.4	4717.7
5109.1	4830.5
6206.6	2303.8
6227.4	1415.7
6114.1	2245
6375.5	1839.3
6247.3	1934.5
6219.4	2296.8
6707.6	1234.9
7126.1	1302.1
5194.4	2028.7
5108.6	4828.9
5488.9	2455.2
4500.6	1846.5
6600.3	1515.1
4611.4	4835.1
6663.4	218.05
5420	2540
6721.1	1396.2
5302.4	4872.6
5991.2	2387.3
4028.3	1843.6
4640.8	4839.1
5074.8	2068.5
6886.5	614.79
5200	4796.7
5759.6	4717.4
5452.2	4719.1
5629	1206.1
6026.8	1678.1
4540.2	2833.7
3159.9	3966.9
6711.2	1527.5
4895.9	4839.9
5105.2	4847.9
5169.8	4681.1
5461.3	4707.2
6781.1	2019.8
6135.7	1828.8
5217.9	4833.7
5762.3	4736
3823.3	1615.2
4843.4	4652.4
6051.5	1917.8
5452.8	4717.4
5191.5	2378.6
6205.4	1460.4
6584	1690.3
6035.1	2033
4826.2	4666.8
5518.5	4725.6
6001.8	1622
4900.7	4880.4
7294.4	2608.9
5211.6	4865.3
4603.2	4850.3
4631	4855.1
6327.3	1882.3
5323	2481.8
4935.6	1552
6077.1	2048.1
4771.4	4671.8
6240.6	1393.8
6832.4	2196.6
4794	4820.6
5147.2	4682.7
6847	1483.7
5892.5	1804.4
4956.4	4671.8
5030.5	4676.5
6894.6	405.54
7022	323.84
5290.5	4696.6
6531	2120.2
4841.9	4651.6
6739.3	1514.8
6112.5	1575.9
4610.7	4832.9
4797	4821.5
4617.6	4633.2
4170.4	1543.8
5168.7	4681.6
5033.9	2801.1
4808.8	1315.7
4807.7	2898.4
5511.2	2347.8
4894.1	4841.3
5199.9	4844.7
7085.1	2739.6
4617.2	2876.6
5607.5	4720.6
7114.6	1104.8
5749.9	4719.9
4280.3	1530
5496.3	2326
6305.4	1872.1
5724.5	2308.9
6117.6	3180.4
5375	2431.7
6076.7	2033.2
4009.8	600.02
5991.2	2111
6301.8	1875.6
5221.6	4829.2
4643.2	4838.4
4996	4849.3
7193.7	4241.4
4602.8	4641
5407.5	2749.2
5734.8	2298.1
4377.3	2702.4
6183.7	1645.6
4980.3	1860.1
4809.7	4772.6
5240.1	4693.1
6451.8	1714.3
5008	4677.5
6265	1184.8
5100.9	4849.9
4797.2	4769.4
4936.2	4675.7
6565.7	1656.9
4886.2	4847.4
5213.7	4869.6
5078.1	2077.2
5060.8	2796.6
6671.8	2858.1
6659.8	47.081
5336.1	2253.6
6686.7	1232.7
3123.1	3986.4
6163.5	3207.3
5541.9	2282.3
4769.2	4864.6
4787.4	1755.2
6145.3	3166.8
6509.9	1670.2
5441.2	2450.8
6277.5	2161.7
5368	2430.7
5489.9	2348.9
2834.4	4022
6498	1706.5
6591.9	2819.8
4597.8	4853.3
6224.5	2285.6
4485.5	1597.3
6143.2	1663.2
7310.3	899.53
6913.5	1316.3
2441.7	431.02
6081.6	2264.4
1799.1	2335.8
6953.2	1296.3
85.13	2249.8
6396.1	2251.6
6616.6	1631.1
1150.3	4520.2
4904.2	4837.8
5343.2	2518.4
5223.9	4827.2
6445.4	1289.7
5309.8	2178.5
6566.1	1645.7
4330.9	1883.6
6161.6	1973.4
5482.1	2345.8
5099.9	4851.2
4919.6	2320.6
5278.6	2177.8
4938.3	4786
6232.8	2218.8
5455	2780.2
6748.2	1441.2
5518.4	2751.5
6375.1	1220.2
5217.2	4680.3
4349	802.26
5377.1	4708.3
5514.9	4703
4640.7	4822.1
4527.3	2178.3
5364.9	2333.7
6453.7	1498.2
1863	2198.3
6702.6	1595.8
5433	2748.7
7093.9	1100.1
5742.4	2233.6
5482.3	2299.9
3154.1	3962.8
6686.4	1558.4
5322.2	2446.5
5354.6	2243.2
6028.3	2261.6
3434.3	932.56
4696.7	4854.8
5303.7	4834.4
6175.2	2259.5
4901.7	2344.4
6419.6	1729.9
5833.4	4736.5
6441.4	1162.2
5492.8	2325.4
4310.9	1827.7
5153.2	2388.6
4817.6	1324.3
5839.5	4737.2
5523.1	2747.6
5242.2	4681.9
5420	2747
2437.6	1819.7
6042.7	2273.4
6155.5	2242.5
5748.2	2687
3719.1	1571
5519.5	2717.2
4821.8	1321.2
1988.2	2378.8
5543.8	2283.1
4836	2331.6
566.27	4516.8
4404.2	3262.1
4966.2	2184.7
5998.7	2271.3
5867.3	1851.4
6515	1668.3
5225.3	2057
4643.2	4645.5
7256.5	383.08
6509.7	1197.9
6131.4	2518
1872.2	2865
6000.1	2059.4
5546.1	4711.1
3593.6	1516.6
4773.3	1642.6
6766.8	552.14
5930	1886.7
5467.8	2770.5
4767.6	2217.5
4538.2	2061.2
6357.6	1247.1
6666.1	1554.9
4763.9	2281.6
5293.5	2128.4
5459.4	2326.1
6623.7	1574.7
4310.9	947.77
4782.7	4817.1
4579.7	2914.2
5188.7	2017.9
6224.9	2435.7
4326.7	1770.1
6875.6	589.5
6116.1	1970.9
5387.4	2317.8
5622	2469
5380	2332
6440.1	1771.3
3617	2509.1
5004	4859.2
5469.2	2774.1
4083.3	3373
4329.5	1825.9
4646.9	4652.6
5282.1	2121.4
4610.5	2691.5
5125.7	4850.6
5355.8	4701.5
6723	2157.2
5306.8	2490.4
6731.6	1602.9
4834.4	4804.3
6347	1213.7
5167.2	2420
5546.5	4722.4
4331.3	1250.4
4732.3	2945.6
4116.7	1397
3357.7	2274.2
6514	2053
7168	1928.2
4123.2	2124.2
3181.6	3993.9
4609.1	4848.1
6363.6	1771.9
5444.8	4704
5991.7	2402.3
6419.9	1749
3725.6	1576.2
6370.8	1827.7
5944.2	2577.7
5097.7	4680.8
7270.2	1146.2
6468.2	1795.4
5333.4	2450.2
6646.6	2839.8
4190.2	1428.5
5535.5	2483.8
5753.1	2331.8
4652.4	4832.8
5990.5	2843.1
5590.8	4708.3
3884.5	2676.9
558.53	4550.3
1893.3	3221.8
4887.5	4880.1
5095	4856
5540.6	2298.9
4160.4	1156.6
5281.9	2122.1
4650.2	2259.9
5480.4	2353.4
5340.3	2280.6
5317	2183.8
4772.8	2218.8
6680	1659.9
6401.3	1575
4766.3	2298.8
4935.5	4679.6
5212.8	4796.6
5612.4	2501.4
3164.1	1309.4
4507.8	1194.6
6347.2	1215.2
4842.1	2287.3
4059.7	1993.6
4035.2	614.79
5009.2	2599.6
4878.5	4852.8
6935.5	2122.5
2646.2	3692.8
6084.5	2336.1
6215	2213.8
6378.9	1785.3
5392.4	2353.2
5090.1	4859.7
5273.6	4683.5
5392.8	2774
5510.6	4716.4
5326.2	2203.2
5157.9	4682.1
4840.3	2621.6
4834.6	4802.3
5049.3	2607.6
6630.4	1592.8
4737	1539.3
1085.1	2407.2
4490.2	1649.5
5157.6	1985.9
4761.8	4865.6
6401.3	1227
5420	2758.9
4444.9	3257.2
6320.6	1884.9
5999.2	2267.5
5510.7	2357.1
5109.2	4664
6707.5	548.42
5405.8	2308
6141.6	1566.1
6491.3	1768.6
4194.8	1420.1
7107.1	2675.5
5968.1	2346.3
4350.6	1808.3
4944.9	1553.1
2742.9	2809.4
5607.6	4727.7
6239.8	1424.4
6334.2	1214.7
6218.4	2219.2
6090	1484.7
6642.8	2501.4
5414.6	2774.1
5044.4	2054
6412	1209.7
6339.6	1238
4923	2141.8
4873.6	2327.5
5391.6	2330.5
6278.6	1863.7
6171.2	1457.7
4919.6	2248.8
4184.9	2178.2
3879.8	1426.7
4798.2	2312.4
5672.7	4726.7
5292.9	2134
6436.3	2152.6
4796.9	2214.4
1083.7	1655.3
3800.9	1857.3
4141.4	1567.4
1719.2	3878.7
4847.4	4656.5
4598.4	2630.7
2950.4	872.18
5318.2	2188.1
5096.9	4679.9
6070.8	1731.3
1076	2512.1
5352.3	2307.3
4921.2	1962.5
4387.6	1694.1
6443.9	1805.2
4763.8	4667
5415.1	2770.2
4530.8	2240.1
6368.2	1397.7
5862.3	2614.1
2998.4	2786.8
6097.8	2961.7
6487.7	1767.6
6248.5	1887.7
4598.5	1111.7
4585.5	4858.7
3352.3	662.96
6007	1604.2
4245.7	1332.5
4941.3	4667
6136.9	1558.9
6224.7	2569.2
6519.4	1678.3
5107.4	4671.7
5897.7	1806
5352.9	2448.8
2041.9	2842.3
6310.4	2298.6
6728.1	2508.8
6318	1187.7
5382.1	2394.9
4810.1	2364.8
5510.6	2033.7
5522.4	2479
6795.9	1571.2
6670.5	2927.5
4754.2	2305.3
5383.9	2389.4
4820.7	2351.6
5345.8	2762.5
3944.5	775.1
4313	1725.5
6916.1	928.12
4751.7	2278.9
949.55	619.62
5739.5	2218.3
3559.8	1788.2
6012.9	2354.3
5468.2	567.06
4694	1178
4955.1	2000.2
4328.8	1302.9
6124.1	2368.8
6235	1907.1
3699.8	903.37
5715.5	4733.2
4847.2	2301.6
7228.4	2061
5955.4	2412.5
1801.4	2238.9
5943.5	2155.6
5404.2	2761.8
6067.6	2277.6
5329	2509.6
6310.5	1128
6209.9	1611.6
5932.1	1900.5
7044.9	1877
4650.9	4859.8
4322.1	1298.5
6372.4	1893.7
6651.8	1530.3
5097.5	4683.9
5103.1	2478.7
2529.7	2465.4
5101.7	1928.5
5377.2	2332.4
5404.1	2330.7
6388.3	1315.5
5374	4703.1
4928.2	1638.9
5254.5	2120.4
5734.6	2439.4
916	23.903
5343.5	2726.4
591.34	284.23
6021.3	2442.9
5358.3	4698.1
3953.6	740.19
4768.6	1250.5
5730.7	2671.4
6169.1	1636
6154.1	1343.2
6082.1	2057.1
4769.7	2444.8
5958	1996.7
5396.6	2783.2
764.67	2612.6
5130.1	1950.8
6807.3	1513.8
6304.2	1941.6
5103.2	2446.2
6422.5	1159
7008.7	2125.1
6233.4	1353.8
4443	1179.2
5105.2	4663.3
6966.4	1946.1
6465.1	2480.3
6153.3	1345.5
2250.3	41.815
4921.2	1925.9
5083.3	4860.9
6704	1702.2
4152.4	1421.4
6586.9	1701.6
4012.7	936.83
6402	1898.5
5724.8	2697.5
1068.9	2793.5
4907	1759.7
6494	1071.8
5443.3	4417.9
6121.4	2335.2
4864.6	2620.2
6371	1871
6249.7	1117
6868.9	1968.5
6489.3	1081.4
7308	1954.1
302.28	2635.3
5420.4	2334.7
4805.2	4806.5
4853.4	1851.8
6121.1	1832.5
4191	1429.6
5708.4	2274.1
6020.4	2423.7
4348.3	1778.2
4189.9	894.59
6079.3	1479.6
5832.6	2296
5735.5	2187.3
4769.6	4854
6032.4	2387.7
4411.4	1135.8
5095.9	4696.4
6219.5	2256.6
5444.8	2773.7
3873.1	2486
5088.7	2047.4
4933.7	4685.4
4621.2	2190.7
5527.1	4708.5
5285.1	4690.2
5754.2	2247.1
6118.8	1829.8
4002.1	1417.2
5465.8	2360.3
6383.8	1807.3
4811.4	2099
7147.6	1221.8
6462.3	1143.1
4259.1	3151.2
5388.3	2529.5
6341.4	2116.9
5445.3	2781.8
81.331	411
6035.3	2410.7
3235.3	3873.8
6372.3	2708.4
6096.4	2342.9
5843.1	2299.5
6544.1	916.2
6707.9	1607.4
5320	2273.7
5398.9	2330.9
5132.4	2101
4769.4	2338.2
4384.2	2246.9
5306.5	2219
5608.2	4735
5528.9	4723.5
4773.7	2447.4
4606	4822.9
5995.3	2463.8
7325.4	2738.8
6849.8	2201.2
4780.6	1650.5
6037.7	2454.7
4715.4	2819.1
7122.3	2657.6
5752.9	2259.4
5450.2	2779.5
6214.3	2799.4
5454.7	2357.3
5471.5	2362.8
417.03	2631.4
4831.1	2083.6
4713.4	2018.2
6180.7	1923.3
4248.3	2170.7
4628.8	1690.9
6271.2	2307.4
5400.1	2408.4
721.73	491.5
5471.9	2359.4
6220.3	1376.8
5077.4	2198.8
4988.6	2205.8
6966.5	2482
5994.1	1716.7
5715.5	4638.1
4855.8	2824.3
6139.4	2223.7
4370.7	1030.2
5361.4	2529.1
512.4	428.07
2995.1	2966.6
5562.3	2484.8
4785.5	2289.5
512.15	427.97
5398.9	2515.4
6083.1	2286.3
4620.2	4874.3
6047.3	2354.7
5379.5	2294.5
5562.5	4830.2
5564.5	4831.8
6791.4	347.79
5025.3	4843.2
5115.4	4844
5461.3	2353.4
6173.5	2001.7
4624.1	4621.1
520.65	2333
6214.5	2308.8
6147.9	1649.3
5575.8	4841.9
5045.6	4692
5985.6	2125.6
4665.5	4827
6550.5	2884.8
4644.4	2613.9
6124.6	2337.6
3946.7	2772.6
4517.5	1897.5
5499.9	2322.8
6536.2	1609.3
6262.4	1381.6
5757.5	2317
4884.3	2518.8
5499.7	765.07
5288.9	2558
4900.4	2538.1
2989.8	2819.2
5384.7	2421.7
5369.2	4697.8
5081.6	2241.9
6074.2	2158.8
6004.9	1937.6
5633.9	2400.8
5499.4	2488.5
3705.8	2600.9
3363.2	2128.5
4755	4662
5446.1	2362.3
5211.4	2364.1
6708.3	1626.4
6150.4	1578.4
667.7	1912.4
4673	1996.7
5343.7	2497.5
6491.7	1491.4
6655.4	2691.1
5325.9	2539.8
6036.6	2432.6
5040.3	2370.8
6414.7	2457.2
5049.1	4795.8
6303.2	1939.1
5776.7	1126.7
4342.1	1313.5
6283.1	1899.5
5063.2	4810.9
5429.1	2332.9
4081.9	1421.6
5748.1	2295
5689.4	4722.3
5983.3	1971.2
6709.7	2225.8
4806.6	4810.2
5272.5	2191.2
2034.7	2202.3
6425.3	1712.4
4630.5	4625.6
4802.2	1797.1
5711.9	2738.1
4667.6	1493.6
5396.7	2769.7
4775.7	2814
5779	2324.9
7194.6	2118
5979.7	2396.5
5095.3	4699.8
4337	1949.9
5400	2723.4
4023	1611.1
6152.4	2217.6
5484.4	2364.1
5050.6	2085.7
3946.1	728.18
4743.2	2924.1
5636.7	2426.4
6780.2	2545.2
6046.3	2352.9
4328.7	1408.5
5079.7	1902.4
5000.5	4879.7
5739	2315.4
6397.1	2242.7
6259.2	1110.8
4709.6	2217.7
5520.9	4818.1
5026.5	4844.9
5050	4796.5
5295.2	2154.4
4421.1	1680.3
6789.4	1089.8
6217.3	1994.7
6083.6	2350.7
6160.3	2420.3
6478.8	1957.8
5042.3	2414.4
4810.1	1753.2
5511.8	2314.7
5375.1	2348.4
5360.8	2408.9
6853.8	1519.2
6358.9	1329.9
6013.9	1893.6
3974	904.72
4313.7	1232.2
5561.4	2442.2
5398.8	2342
3610.8	2164
5758.6	2301.9
5475.9	2441.4
3832.4	2745
6394	1214.6
4194.4	1539.9
4645.8	2202
5076	2182.1
4721.3	1374.1
7075.4	2090.4
4681.6	1767.5
5534.1	2565.3
6000.8	2432.4
6046.2	2325.9
6181.3	2789.5
4902.7	1572.1
6563.8	3630.5
4738.9	2935.8
5398.2	2350.3
5396.6	2401.6
6830.8	2587.9
6337.6	1755.3
5032.7	2090.2
6072.3	1688.8
5560.3	2479.5
5300.8	2152.8
6148.2	1643.7
7110.3	2480.2
6813.2	688.33
6362.9	1852.8
5282.9	2165.9
5969.1	1844.8
6833.6	2727.4
4895.7	2483.1
6507.5	1601.9
5391.9	2774.2
5716.5	2373.1
4261.5	2143.4
4315	1038.1
5023.5	4834.2
4331.2	1724.6
5285.5	2126.2
6214.2	2314.1
6223.7	1446.4
6240.8	2511.9
4642.8	4649.2
5407.1	2424.5
5535.8	4702
5310.7	2281
5719.2	4749.8
5002.4	4891.6
6018.5	2394.5
7076.3	2025.7
4427	1889.3
5035	2598.2
2985.6	2913.2
4036.1	1987.9
5872.9	1820.5
4904.6	1782.4
5009.5	4666.4
5216.5	2056.9
5251.4	2649.4
5478.4	2424.8
5419.2	2326
6839.1	220.53
4763.9	1232.6
4493.7	1673.1
5476.8	2435.8
4655.7	4671.8
3409	1270.7
5775.3	2149.2
733.43	12.389
4870.8	4779.7
5037.3	4631.5
5732.9	2441.6
5082.8	2234.2
6795	1520.3
5299.4	2392.5
4830.8	4846.4
4429.4	2141.2
2132.8	3432.5
6475	1146.8
2149.6	2824
5387.8	2306.4
6646.7	2883.6
6113.7	2308.9
4828.7	4843.7
4472.9	1312.1
4347	1760.1
4869.2	4793.2
7038.1	1058.9
6549	1415.6
6717.8	2588.3
6106.5	2038.6
6080.5	2252.8
4766.6	1575.1
5505.3	2321.8
7222.8	2752.7
5843.6	2537.7
6080.2	2914.1
3989.9	1820.8
5940.1	2837.8
5118.5	1969.8
6726	1380.2
184.46	451.71
4613	1136.4
5392.1	2384.6
5061	2195.5
3799.9	747.76
6502.5	2219.9
6167.2	2024.9
6435.7	1192.1
4691.7	2668.3
795.94	457.13
5162.9	1986.4
4918.2	2290.2
5719.1	4623.6
7052.7	2742.7
4099.9	1420.4
6071.9	1758.1
4309.4	1276.5
6245.9	1849.9
5425.8	2345.7
4865	2219.1
6015.2	2364.1
4282.5	1366.9
2507.6	842.77
6162.2	2431.2
4724.8	2926.5
5927.5	1837.6
5054.3	4666.5
4339.4	1794.3
4180.2	1422.4
6439.9	1721
6487.2	1952.7
4423.8	1965.7
6409.1	1867.4
6587.1	1062.4
3988.9	1659
6303.5	1794.3
4921.9	4662
3558.9	2834.4
4785.9	1800.1
3873.1	1361
6027.2	2384.5
5328.8	4701.4
6969.9	1470.6
1821.5	1988.3
5933.4	1909.4
4926.4	1674.1
4836.1	1811.1
5079.3	2196.9
4797.4	2370.6
6054.5	2103.5
4931.3	4692.3
4927.4	1677.4
5323.4	2431
6606.3	168
4756.7	1607.4
5191.2	2036.7
5608.8	4753.1
7230.2	1124.1
5332.7	2408.2
5148.8	2120.4
4459.2	926.65
6643.9	836.84
6746.4	2488.4
4401.6	1579.9
7172.7	632.71
4820.7	4681.9
4771.1	2902.2
5045.4	2107.3
5738.8	2098.6
4330.2	1706.9
5401.3	2651.9
5121.3	4702.4
6672.1	235.94
4531.4	1970.1
5054.9	4663.4
5011.9	4630.2
5425.1	2382.4
4965.8	1851.5
5540	2399.4
6949.8	861.12
4851.5	2332.6
5582.5	2238.4
5979.9	1830.5
5693.5	2374.2
4594.9	1445.7
4783.8	1785.5
5977.5	1965.9
6738.5	513.93
6758.9	1514.8
6630.2	1531
5440.2	2300.2
5944	2255
4231.5	1301.3
7053.5	2125.5
6571.8	1722.6
2756.8	767.04
6664.2	2520.9
5411.1	2294.1
6496.1	2885.9
4897.8	2241.6
5084.8	4834
3160.1	3946.7
5767.5	2087
5162.2	4790.1
6721.7	1381.9
5719.2	2248.2
6490.1	1210.6
6751.3	477.88
5131.7	1966.7
4893.2	2527.8
6600.5	1507.6
4868.2	2101.5
4986.2	2066.9
5425.5	2346.6
4979	4809.5
4441	1512.7
5365.3	2780.5
5528.5	4706.1
5046.6	4785.1
771.84	320.12
6765.9	2155.1
5716.3	4739
5015.7	4871.9
6546.9	1990
6723.1	1360.5
6448.7	2414.2
7138.3	2131
4876.2	1595.3
4047.6	1345.9
5057.4	2090.9
4177.4	894.25
7098.1	2686.8
4635.7	4649.6
5520.6	2361.2
477.49	468.52
4717.9	1949.5
4463.9	2250.9
4665	4617.9
6566.7	2634
6215.6	1598
6739.3	2162.9
6593.6	1504.3
6477.3	1124.6
4415.2	1602.8
6808.3	1759.6
4296.3	808.39
4170.6	4179.1
5457.6	2376
4680.8	4620.6
4144.2	1433.3
6695.6	1562.9
4762.3	1770
6614.6	873.77
5378.7	4597
5744.4	2279.9
4881.8	2399.4
4170.9	1417.6
5626.5	1214.1
3986.7	1046.4
4957	2093.8
4761.5	2498.3
5323.2	2260
5254.7	4068.9
3100.6	3954.8
4623.2	4648
4956.5	2036.7
4985.7	2046.4
4894.3	2530.1
6852.5	1944.4
588.82	428.67
514.02	2401.9
5532.2	2474.9
5336.1	2287.2
6138.7	1585.2
938	495.04
6854.3	1254.2
6538.7	1669.1
4095.4	1402.4
3849.9	2493.3
6843.3	1091.1
6629	2063.5
6389	2632.1
4815.4	1613.9
5567.6	4716.9
5761	2242.9
3842.1	2293.9
4690	1506.4
5555.9	2479.6
7103.3	1094.6
5458.2	433.99
6085.2	1659.8
6231.3	1208.5
5377.8	2298.9
6757.3	2003.2
5750	2093.6
3922.4	2538.3
5412.6	2301.6
6543.6	2533.2
4951.2	2169.4
257.83	406.92
5429.8	294.8
6670.5	1639
5297.3	2351.3
5095.1	2368.6
6025.1	2275.1
4973.2	2383.8
6949.4	2446.9
5759.4	2269.3
6466.8	1519.3
5506.6	2465.5
5397.7	69.754
5054.8	4661.2
336.3	2666.4
5216.4	2080.9
6106.9	1643.1
5463.4	498.57
6081.1	2318
6460.1	2733.4
2981.3	2815.7
5514.1	2036.6
6086.4	1653
6141.8	1671.1
5468.1	2406.1
6559.8	1416.3
4839.2	2265.2
701.75	463.86
5373.3	2464.3
5080.8	2185.1
5409.6	2299.7
5567.3	4736.6
4415.2	1584.1
5470.2	2387.4
6247	2269.3
6110.9	2063.3
6098.3	2411.7
6782.7	510.17
4697.9	4640.5
5130.7	1953.5
5193.7	4684
5423.6	217.86
735.75	491.49
4827.1	2418.5
6772	1558.5
6282.2	1351.9
6971.4	1786.9
7081.3	1867.4
4084.9	1410.6
4955.1	2341.6
4780.9	4618.4
7233.9	1974
5706.9	2102.3
5019.2	2416.3
4143.9	770.85
5973.1	1749.8
3002.7	3925.6
799	503.45
6773	1559.8
4521.5	1691.6
6283	1097.2
939.47	480.6
6619	817.43
5420	4668.2
6546.3	954.11
4802.4	1603.6
5078.7	2384.9
5189.3	4700.2
5467.4	2436
6657.4	1294.1
6596.3	2253.8
7310.5	1743.9
5213.9	2127.1
4876.5	4629.7
3983.3	1706.4
4845.4	2226.1
2561.8	2319.3
6707.1	574.54
924.47	491.85
3172.7	2609.4
4499.8	2727
4978.8	2194.1
5338.4	2803.3
5437.2	2341
5682.6	4803.5
5323.5	4698.9
3184.7	551.1
5500.8	2361.3
4798.1	1784.4
6333.2	2372.4
6136.4	2016.6
7187.2	2107.4
5422.5	2419.3
6382.7	3266.8
6138.7	2756.3
5634.2	2557.8
4933.7	2136.7
6066	1725.5
6532.9	1751.7
4755.3	2473.5
5458.6	2317.8
5937	1900.1
4665	1815.7
6079.4	2448.6
6204.3	1812
4769.1	1467
6553.8	2672.8
6478.1	1742.9
4275.6	1668.6
4266.7	1354.4
4009.1	2590.1
3156.2	454.12
6042.3	2142.1
5987	2363.8
5212.8	2593.1
6490.6	2203.2
3719.8	2068.2
6839.9	1199.9
5026.5	2161.3
5994.8	2041.4
4402.2	1319.6
6099.9	1621.1
6499.3	1086.9
5568.9	2443.2
5025.4	4778.6
4765.4	4646.3
4694.4	4644.8
4837.6	1340.4
4665.4	2273.7
6501.9	1814.6
3112.6	4023.8
4773.1	2317.1
6994.4	2031.6
6733	1384.5
5134.1	4657.2
5155.8	4745.8
5194.4	4662
7239.3	2374.1
6405.2	1653.4
2774.4	2151.8
6139.1	1847.7
4315.7	1060.1
5299	2417.4
5526.7	2627.4
4732.5	1949.3
854.57	515.26
5264.6	4708.2
4716.2	1744.9
6000.7	2469
5230.1	4672
3844.8	1865.9
7025	2127.4
5328.5	2549.1
4569.8	4637.3
6397.1	1257.4
4774.1	2468
1573.2	2154.8
6965.7	1464.3
3820	1241.3
5298.7	2385.7
4754.1	1553.1
4366.1	1000.3
4795.1	1784.9
6648.8	1281.4
6316.1	1531.3
5682.3	4795.9
6306.7	1780.1
5463.8	2310
5458.9	2363.8
5095.4	4705.1
6969.7	1608.9
6656.3	2036.6
6600.9	1503.4
5352.8	2527
7221.4	841.9
4624.2	4665.1
5559.2	2253.5
5119.6	2268.1
5159.1	2119.3
5943.8	1878.7
5950.9	2412.6
6593.8	2816
4934.9	1563.3
1147	1669.4
242.92	431.02
5147.9	2113.6
3192.2	551.49
6964.1	1399.1
5642.6	2693.2
4823.9	1407.8
600.13	457.96
6147.6	1574.5
5447	2425.8
6284.5	1097.4
5904.1	2609.9
3452.6	1375.1
5805.9	2454.9
5470.7	2433.6
4571.5	4657.8
5452.6	2317.4
7150.2	1381.8
5323.7	4699.4
3887.5	1833.4
4721.1	1150.8
6762.3	2556.8
5999.8	2437
6216.9	2498
5623.5	1215.1
5165	4816.6
5988.1	2283.5
5458.1	434.35
5834.8	2304.5
6939.6	864.51
6453.6	1836.4
6489.1	2074.9
5525.2	4668.2
4279.1	977.3
5968.9	2406.1
4823	1764.7
4853.8	2220
5466.6	2313.5
5055.1	4778.8
6637.1	1583.7
6066.2	1868.3
4308.2	1221.6
6974.6	1590.2
4317	1095.1
7051.8	1393.7
6569.3	2077.7
5354.7	2295.2
4730.6	2927
4818.7	1742.6
4405.4	1275.7
6747.2	1487.5
6722.7	677.35
6853.4	1264.9
839.84	465.32
6508.7	1346.8
189.25	453.6
5519.5	2384.9
6950.5	2421.3
4759.9	2342.7
5860.7	2611.2
5126	2427.5
6226.2	3113.9
6240	1199.7
5744.9	2179.2
5072.6	2414.8
5021.2	2228.9
3517.1	4020.5
6110.3	2738
5089.7	2430
4421.6	2561.4
6819.6	4422.6
3632.3	2136.3
261.29	411.81
5105.1	2173.5
4932.6	1685.1
5842.1	2504.1
7291.1	852.16
5494.9	705.37
5323.9	2316.6
603.42	429.12
6789.7	568.7
5500.9	4725.1
5470.4	2786
5349.4	2403.8
4806.8	1801.1
4427.8	2415
813.97	499.48
4774.6	4655.8
6331.9	1876.9
5194	2554.9
3807.1	2628.8
88.944	406.83
4339.5	1622.2
3954.2	981.9
5708.6	2339.7
3046.8	440.29
588.13	429.67
3973.9	866.96
5782.1	2279.1
5454.8	2391.6
6356	1344.7
4390	1157.3
5473.5	2372.7
7139.7	2104.2
7197	4299
3991.2	3423.4
4190.3	1805.6
6562.9	689.45
5490.1	2428.7
6217.3	1962.9
4653.7	2274.6
6591.9	2749.9
4784.4	2474.1
6461.6	918.7
6579	1487.3
5483	703.47
6299.1	1818.8
6088.3	1496.6
4199.4	1803.7
5471	2392.8
2150	3417.2
549.94	423.66
3845	2011
840.12	507.13
4758.2	1556.8
6430.5	3065.4
5127.4	2265.4
6542.5	1138.7
6944.2	2723.6
4800.3	1477.2
4335.1	1621.2
7150.4	2027.5
6270	1195.4
6447	2400.6
2554.1	2823.4
5494.4	4719.5
6545.1	1456.7
4994.5	2049.5
2698.2	183.49
6532.5	914.86
2596.2	715.7
5766.1	4678.9
3110.7	2647.2
2281	2689.5
6250	2148.4
5782.3	4802.8
5419.9	2416.5
4559.8	4646.2
7307.2	965.34
6245.4	1634.6
6715.1	1071.9
4297.7	1746.3
4955	4656
5526.2	2542
5521.7	1117.5
6185.4	2360.3
4312.7	1280.7
6174.8	2054.9
5528.5	2501.7
5425.3	2778.3
6727.1	1402.3
4811.1	2466.4
1318.3	1717.8
338.24	2636.4
4723	1745.9
4323.9	1835.5
4108.8	986.95
3222.6	1332.1
3945.6	975.92
5509.9	1084.1
4784.1	4684.8
6120.1	2030.3
5293.2	4691.3
4436.7	1490.6
6721.8	1656.3
3062.5	2352.8
1073.5	2487.3
3356.3	588.27
5187	2069.1
6795.5	1575.4
4177.8	1784.8
4776.6	1363.9
5778	2229.5
4896.4	2521.6
5110.2	2342
6554.1	2562.8
4890.3	2499.8
6502.6	979.69
5459.7	434.94
6552.4	1612.3
3337.5	2150
4814.1	1522.7
5478.9	2316.6
6352.7	1143.4
6786.1	1592.6
1053.4	368.66
6306.2	1705.8
6035.1	2079.8
3498	324.99
5065.2	2241
6151.5	2218.7
4903.1	1558.6
1997.4	1988.3
5501.3	2356
199.51	432.62
5399	2360.3
1777.2	2750.5
5429.4	295.59
6069.8	2604.5
4712.7	2553.8
6259.5	2464.2
5480.3	2797.8
5117.2	4648.9
6511.9	2185.7
6498.6	1090.7
6226.7	2841.1
5986	2490.1
4565.4	1912.3
931.82	483.71
5655.9	2383.1
5406.9	2415.3
6519.2	785.88
4186.1	1283.5
4009.3	1664.6
5083.7	1894.2
6483.3	1162.5
4734	2282.6
4300.8	1762.7
6584.6	745.43
5195.7	4678.6
2278.2	2693
4028.6	3396.8
557.89	4551.8
6792.9	859.96
5369.4	4685.2
5823.7	2657.8
6720.7	2904.1
5705.7	1149.6
5996.1	2845.1
6950.4	1259.1
6218.6	1743.1
4726.4	2286.1
4753.1	4615.1
4301.3	1803.8
4509.7	1183.7
4861.6	2429.8
6784.6	859.29
6684.8	2871.3
6155.4	1608.8
4026.9	705.88
3965.4	2633.1
5306.7	2139.7
6694.5	2627.2
4692.9	2898.3
6959.2	2546.1
7224.5	934.98
4766.6	1788
808.09	4520.1
5180	2020.7
5514.8	1123.4
5638.7	2110.6
6362	1218.6
5489.6	720.1
4582.3	4629.4
6917.1	2073.4
5498.1	814.78
6389.7	2728.9
7344.2	2590.6
6796.7	857.86
5796.4	4687.5
4197.5	2021.8
3679	409.92
1801.2	2754.5
6368.6	2386.3
