5517.5	1905.6
1305.8	2649.7
5183.6	4882.3
4903.7	4672.6
4652.2	4635.9
6483.7	2325.8
4930.3	4781.5
5062.3	4679.9
4897.3	4867.8
6482.4	2516.1
5283.1	4672.2
5347.2	4678.6
6243.8	2236.6
5204.8	4686.7
5452.8	4695.1
4632.4	4816.1
5114	4651.5
6102.4	1876.2
5535.9	1908.7
4590.2	4833.3
1079.1	2573.3
5370.9	2183.9
4958.6	4679
5385.1	4705.5
5575.9	2130.5
6118.8	2039
6289.7	2233.3
6598.8	1597.7
4959	4680.5
5280.6	4689.6
6798.7	1305.7
5951.6	1857.9
6463.6	722.46
4679.4	4848.8
6153.3	1605.6
6207.8	1778.8
6977.4	1319.3
35.202	2998.1
6573.9	356.55
1717.5	408.85
5206.8	4850.5
6587.2	666.94
3614.6	2418.8
5213	4830.6
6540.6	2114.6
6308.7	2012.9
6710.3	1488.4
6750.3	2401.2
29.534	2973.5
5106.6	4816
5108.9	4821.6
6050.2	2284.8
5311.4	4840.5
5208.2	4853
5366.9	2183
30.18	2970.4
5110.1	4824.8
6795.6	916.28
5002.8	4850.8
6817.8	2049.5
4630	4846.4
111.03	2938
4637.7	4832.6
7014.5	2064.2
4642.7	4653.7
4828.6	4651.8
4896.6	4832
6635.1	84.6
6365.8	2011.6
6153.4	1780.2
5281.6	4687.4
5208.6	4674.7
6447.6	766.85
6010.1	2040.2
6511.7	1642
4632.5	4853.2
6694.7	1126.9
4611.1	4825.6
4891.9	4835.5
5625.8	2305.8
4598.8	4845.4
6418.8	847.11
4994.6	4841.8
5319.1	4854
4900.8	4814.2
5552.4	4709.3
5604.6	2452.5
7134	2119.2
6526.6	524.91
7060	410.39
4585.9	4889.4
4046.7	802.75
5307.7	4833.5
6588.5	1250.7
6596.9	1269.6
5210.7	4857.6
5904.7	2158.9
6686	1105.6
4602.7	4633.2
4771.1	4663.8
4669	1206.1
6563	2245.9
5951.7	1875.1
6269.5	2267.7
4642.8	4829.2
1696.3	422.69
5518.4	4717.8
5291.1	1893.2
6999.3	1072.8
4007.2	1871.8
4840.2	4643.4
6729.5	1429.7
4936	4665.8
4803.5	4815
663.78	2289.6
7076	440.42
7076.2	442.31
4819.7	4815.6
5083.8	1719.3
7239.1	933.82
4791	4812.1
6632.8	1219.4
1459.7	801.56
5101.3	4843.8
6557.8	409.71
5370.4	2078.9
5147.7	960.42
46.1	2912.3
4638.9	4814.8
4935.9	4667.6
5130.7	4810.2
7139.7	2582.7
483.44	2800.4
5785.8	2107.7
6056.7	2346.4
6621.1	1541.7
7146.2	2338.6
5915.5	2149.5
6628.4	769.7
6067.3	1274.9
7040.4	2464.8
6611.3	1513.2
4993.3	2106
4593.4	4848
4938.4	4777.7
6862.9	1285.5
6509.4	1397.9
6545.3	948.74
7280.7	2469.9
6327.5	2406.4
5832	2222.3
6004.4	1679
5146.3	4675.1
5622	2273.4
7279.5	2390.7
4903.9	4829.9
6788.1	924.75
4888.6	4871.6
5606.9	4710.3
7148.1	2343.1
5350.8	2067.4
5358.6	2187.9
7273.5	2307.3
5606.9	4708.6
4808.3	4815.3
6854.6	862.44
7261.3	2142.7
6846.3	1871.2
5215.9	4672.3
6631.2	633.95
6614.6	1606.6
6621.5	596.01
7276.8	2385.5
6624.6	1537.2
5940.8	2167.4
5462.3	2157
6478.9	1644.6
6716.3	1399.6
5898.4	1969.2
6628.6	622.49
5376.5	2178.3
7148.2	2139.7
5026	1651.7
5126.2	4842.7
5333.8	1963.6
5240.5	4685.6
6451.3	2440.3
1522.2	1509.5
4689.3	1116.4
891.61	2034.9
7149.6	2381.8
6538.9	1359
6180.7	2194.6
6164	1909.5
5383.8	2188.3
1237.4	1170
6467.6	1113.8
6913.2	696.2
1051.2	1566.3
6724.5	1495.1
731.37	3133.6
3561.8	2406.4
6687.6	1112.9
5561.9	2539
7235	950.1
5849.4	2206
4769.1	4856.6
6726.8	1495.7
4833.6	4794.1
6274.2	1833.6
5323.2	2022.8
169.51	1914.1
6144.7	1596.8
5343.3	2178.9
5867.9	2186.4
6600.8	1988
3837.2	190.03
6612.8	1525.4
3840	189.26
7151	2453.8
6019.7	1605.3
6387	1304.9
6613.7	1523.2
1227.4	308.02
5855.7	2032.8
6720.8	1413.8
6713.8	1935.3
6733.2	1427.2
4650.8	4825.2
5532.1	2290.9
5987.8	1680.4
6500.7	580.4
5437.6	2442.8
6110	2248.8
6692.8	805.56
899.76	2675.5
5999.4	1619.7
6400.1	1241.3
4935.1	4671.5
5607.9	2310.5
7245.6	2081.5
7248	1662.5
4408	1973.8
6534.1	2224.5
6457.3	2320.5
5878.3	2292.1
5841.8	2156.9
6090	1475.5
5071.6	1394.5
5831.5	2222.3
5516	1895.1
6459	705.67
5606.2	4700.9
5354.6	4693.4
5453.8	2152.4
4941.7	4659.5
6546.9	420.22
6793.3	1269.7
6721.8	1411.2
7263.8	2175.7
4764.5	4857.1
5385.4	2190.7
6172.3	1349.2
6695.6	815.27
4585.8	4850.5
6568	688.26
4957	2305.6
925.71	1924.8
4266.3	1967.8
6405.2	2616.5
81.403	1797.8
4806.2	4799.8
598.39	3084.1
5353.3	2182.2
5489.7	2557.9
7046.4	1169.3
5607.1	4714.4
4695	4847
4730.1	2765.9
6993.2	2187.3
667.09	3198.3
6065.8	1728.1
6051.7	1688.6
6691.1	316.37
2684.5	2265.5
6868.3	1388.7
5234.3	4810.8
6413.6	2522.3
7144.3	2232.1
5638.4	2269.9
6144	1646.1
5480.8	2202.8
6553.7	2240.1
6790.2	1475.4
6480.4	899.78
6990.6	1226.6
6219.8	2199.4
5292.7	1867.7
5789.8	2127.9
6171.3	2407.4
5448.9	2460.2
871	1996.2
6526.7	777.71
6431.6	1013.6
5562.7	2395.1
6242.4	2264.8
5585.9	2129.1
725.25	2595.9
5621.6	2285.3
5124.7	2181.8
6051.1	1573.3
4658.8	4851
4971.7	2268.7
5387.7	2101.4
5236.6	2150.8
5577	2330.3
6418.7	1034.6
597.82	3149.8
6377.9	1133.3
5491.7	2315.8
5812.8	2199.3
4435.1	797.77
2830.1	2361.1
5973.5	1731.8
5834.7	2308.6
4803.6	2789.5
5758.4	4719.5
5335.9	2343.1
6152.8	1984.3
6543.4	735.04
5271.5	1831.5
4366.5	2261.2
5022.9	1762.3
6548.3	737.64
6365.9	1150.1
5161.7	2213.5
5062.8	1864.2
845.67	3515.7
5537.8	2290.2
5993.6	1989.1
7192.9	875.91
5328	2352.1
6075.5	1599.9
5900.2	2151.6
5843.4	2318.9
5822.9	2525.8
6595.1	2271.7
6529.2	1338.8
6353.6	1896.9
5357.7	4690.3
6348.9	1197.7
5588	2496.5
5988.8	2054.8
5066	2093.8
7126.9	2183
6469.7	927.08
6460.1	934.07
5462.7	2160.2
5880.3	1937.9
5498.5	2278.8
6978	1289.8
1364.3	967.19
6819.9	1274.9
3327.7	3573.1
6497.2	863.4
6146.9	1953.7
6641.1	624.15
5875.2	1939.1
5922.8	2169.6
5484.8	2207.6
6894.5	2190
1236.5	2177.9
5293.8	2373.4
6731.3	164.02
5519	2257
7298.8	1837.8
6716.9	237.68
3459.8	1682
6403.4	1064.2
6744.8	112.49
5035.3	1746.6
5087	1710.3
6691.2	843.8
6713.7	235.94
5526.3	4701.2
1434.5	347.03
5498.8	2548
5702.9	2164.5
5084.8	4854.3
6652.9	422.39
6685.6	295.39
6698	301.2
6642.1	484.48
5961.9	1906
5791.2	2077.8
1862	3664.3
6361.8	973.31
4658.6	4822.7
4649.4	4852.5
5532.2	2311.3
5370.7	2229.8
5174.1	2197.8
5272.4	1887.2
5897.8	1986.6
6704.5	232.18
5116.3	2182.2
6748.9	94.418
5328.6	2315.4
6725.8	162.89
6688.6	852.02
5573.2	2492.8
5809.7	2318.9
6661.1	426.21
5961	2159.9
6029.3	1646.4
5894.1	1872.2
284.41	236.3
5429	2441.5
5895.1	1965.3
7202.5	2397
6679.8	365.95
2684.8	1195.7
5964.8	2240.7
6592.4	843.81
5408.4	2465.9
5119.9	2176.1
5092	1995.1
391.7	3913.9
1280.7	1663.1
6737.4	90.825
6809.3	1315.9
6721.1	160.65
4866.3	4854.5
5055.8	717.66
6002.5	1908.3
285.03	236.54
1204.8	2505.5
1243.9	4483.1
2095.4	404.06
6006	2249.6
5419.9	2352.2
4783	1226.8
5944.9	1796.1
6684.3	1450.2
7047.3	2336.9
5304.3	2596.1
7100.4	1751.4
5557	2294.6
1153.4	4475.2
6107.4	2253.7
5874.8	2203.4
5270.7	2508.8
1600.4	3008.4
785.73	239.93
5527.9	4716.2
4837.9	1508.6
5169.7	2145.1
4958.1	2282.7
6391	1105.8
5074	1383.5
5511.9	2548
5501.5	2560.4
5854.2	2071.3
6576.3	1564.3
91.021	1806.3
6345.9	1656
6876.3	1287.8
2326.8	3271.8
6666.7	359.51
7183.3	858.15
5418.6	2444.4
5966.4	1865.7
6150.5	2365.5
619.89	2832.9
5086.2	2601.5
6001.7	2176.4
5280.7	2149.8
5938.2	1956.3
5987.7	1990.1
5845.7	2382.2
6014.6	2112.4
5941.7	1790.6
1875.6	598.69
3383	137.42
5053.2	1466.9
451.04	4887.3
6349.7	1004.5
7061.3	2269.5
1285.2	1114.4
5865.2	2213.3
5839.1	2303
6182.1	1986.1
5428	2470.2
6634.4	583.59
4763.5	4659.1
5912.5	2160.5
5324.1	2305
1368.7	1380.8
7125.8	2612.8
4924.7	1454.9
7085.6	1937.9
5255.4	2132.9
4830.4	4838.6
5328.9	4694
5522.9	2563.9
5293.2	2588
5296.4	1913.8
6659.4	1966.2
6247.8	2430.7
2416	3269
6698.5	1449.3
5274.7	2313.4
5476.3	2483
3080.3	93.127
5837.8	2007.6
3373.1	516.39
5297.3	2330
4640.8	2583.4
5538.7	2300.4
7064.4	2663.6
4918.5	1443.7
629.89	2283.5
5080	2125.3
5070.4	1384.9
4829.5	4846.6
4663.4	1292.4
4398.2	1529.4
4773.5	1240
4028.5	2058
848.08	2200.8
5366	2200.5
5855.4	2317.5
5407.2	2380.4
4986	1263
5505.3	2552.6
5054.4	4659.9
4921.1	4654.8
6231.9	2446.4
5363.9	4688.9
4913.5	2390.5
5843	2487
6365.3	812.91
3591	2485.9
5439.5	2452.7
5607.8	4727.8
497.86	2616.1
7024.8	1945.3
6842.3	2043.9
661.95	2623.8
6613.6	143.46
4930.5	4684
5290.2	4666.6
6548.9	355.39
5039.3	1778.8
3084.2	53.225
3153.5	137.53
61.457	2729.6
6460.2	760.88
5838.7	2231.1
3913.1	642.6
1032.1	2834.4
6801.3	1281.1
5038.9	2085.2
6268.8	3641.9
6976.2	2139.3
5995.6	2147.6
5868.8	2118.9
4305.3	1471.4
5992.4	2046.4
4724.2	1616.8
7098.5	2104.7
3419.5	964.2
7331	2051.2
5072.7	1659.7
1693	3113.5
4301.2	884.95
5471.4	2440.2
4914.5	1461.2
1738.4	3036.8
6131.4	2737.5
6047.9	1714.1
5461.8	2450.4
3260.6	398.73
5927.7	1816.3
5503.3	2271.9
4407.8	2218.5
6793.5	2032.3
1570.4	1559.1
3872.2	1211.8
909.6	2547.3
5042.5	1733.5
4769.7	1218.5
5596.7	2316.2
2851	690.6
3580.2	386.03
5369.1	2088.8
6207	2429.3
2107.3	3083.4
5317.4	2317.8
4562.4	1506.1
6042.1	1746.7
4770.3	2410.3
607.33	3067.9
5625.1	2311.8
5758.9	2310.9
1603.9	3069.4
1910	558.04
6277.2	2432.4
6548.1	358.6
6559.5	2345.7
4899.3	4084.7
6106.1	1706.1
1790.5	588.34
4940.9	2029.7
5669.9	2331.8
5617.2	2393.5
4962.7	1231.7
4186.1	871.88
6738.9	1696.5
5177.7	2056.8
4916.8	1856.3
5121.8	2144.6
5376.2	2236.1
5621.6	2392.6
3182.9	227.42
5296.6	930.2
6991.5	2788.2
5464.2	4705.6
5514.2	2398.1
5123.3	2017.5
3861.7	1695.8
6600.5	289.31
5670.4	2517.6
3880	616.82
5490.8	2254.9
5381	2112.3
5535.9	4695.3
3095.9	2567.1
4667	4627.8
5285.1	1338.9
3028.9	26.503
5194.2	4654.8
5236.7	2133.4
3607.2	576.01
5541	2468.9
4909.2	1634.8
5413.2	922.65
4571	1897.4
7188.7	1882.1
5249	1984.1
5254.7	1910.3
5412.1	2359.2
4418.8	1830.9
2149.1	2236.3
7139.9	1896.4
5036.6	2075.2
6445.8	543.27
6014.3	1806.4
5467.6	2169.6
3267.2	1740.5
5625.1	2309
5603.3	2367.3
4696.4	1220
3623.6	1252.3
3354.4	883.97
6568.1	2117.8
5760.8	2207.3
3471.6	1826.4
3263.4	356.15
6704.2	1395.3
7063.1	2271.3
1231.7	1209.2
7063.4	1634.8
6035	2283.7
3132.4	836.91
5496.1	2375.8
4165.9	4667.8
6699.7	1402.3
5061.6	2415.1
4633.5	1925.9
3110.1	570.63
5161.9	1888.3
3072.5	148.93
3536.8	394.31
660.07	2979.7
4920.5	1609.4
5390	2230.9
3536.4	449.86
3116.2	326.85
5380.7	2534.2
3938.2	741.76
3321.3	302.69
3931.6	668.94
1641.8	2608
4911.4	1861.4
4978.8	4691.8
3934	1623.1
3032.5	24.709
3514.3	229.49
434.64	4890.6
5850.2	2157.8
5026.5	1779.3
2099.3	3057.5
3327.7	1264
5090.2	2128.9
4750.9	1329.9
3212.5	1483.9
1073.6	4208.4
6795	548.4
68.919	2865.1
2919.8	71.595
7130.1	2229
3467	735.57
5599.5	2314.5
5272.7	2282.8
5343.1	2281.2
4771.6	4652.5
3875.9	991.31
1334.9	1829.1
5288.2	2038.4
6195.4	2438.6
4582.5	4618.1
5090.3	1965.8
5372	1576
5539.4	2361.9
4430.2	1009.3
5023.6	1910.5
4330.2	1348.3
628.51	3062.9
4939.2	2055.4
383.46	4315.8
4054	1583.7
6919.1	690.33
6597.4	2001.3
3611.8	558.31
3439	1553.3
3945.7	1070.4
4489.1	1615.3
913.24	2840
3320.2	342.26
5253.6	1904.9
4534	1498.6
5236.8	1934.1
2376.9	3295
3003.8	488.69
5347.1	2355.6
5077.8	2433.4
5532	2385.8
3931.9	668.91
5677	2505.8
3472.9	4599.1
3268.1	247.94
5734	2190.4
5515.6	2564.6
5331.7	2358.8
986.17	3857
2997.2	757.26
6940.2	2200.6
5151.2	1801.8
5199.4	2345.4
4493.7	1745.4
3535.7	316.79
5264.6	4700.6
406.27	2377.4
5176.6	1932.7
3943	821.21
3268.9	618.7
7342.6	1863.8
6197.5	2393
3874.4	543.8
5684.7	2517.3
2546.9	3335.1
5051.8	4778.6
3889.6	760.71
6513	2643.6
6668.8	2069.8
2908.5	45.656
3990.4	1629
5263.7	2224.8
4378.1	4637.1
4326.4	882.67
382.22	4017.4
3931.7	893.39
6374.8	1271.1
5597	2356.1
2090.6	3059.2
5880.9	2126.2
4953.1	1481.4
2979.4	527.38
3361.9	667.32
3015	93.373
3400.1	440.18
5308.8	2103.1
394.21	4898.3
3097.3	597.15
4076.7	629.85
3800.2	850.78
7128.2	2228.5
4619.3	1721.6
4406	1751.3
3184.2	229.47
5171.2	1890.2
3227.1	811.03
2946.5	1669.9
5151.7	2038.5
4094.9	689.59
3702.1	885.43
3587.9	741.87
963.46	269.97
6636.3	1208.4
4624.8	1708.8
5518.5	2563.4
4825.3	4570
3115.2	632.92
5844.7	2165.1
5371.2	2355.8
3577.9	242.13
5911.5	2196.9
3296.7	1372.8
5815.1	2044.2
1261.8	2831.3
4325.6	1332
2319.5	197.18
2108.7	1488.6
3852.7	2110
3603.5	510.27
3318.9	362.35
2433	3232.4
3418.6	381.7
5568.6	2483
5747	2287.9
2123.4	326.69
4145.4	773.4
3866.3	437.92
2855.6	293.39
3519.1	570.88
6861.4	1577.7
5905.4	2148.9
3163.6	181.62
5121.8	905.07
5335.2	2149.7
3507.1	375.26
5018.6	1592.4
3901.6	1512.4
5985.3	2017.2
3535.5	316.44
5748.4	2206.3
3487.4	396.03
4817	2432.9
6282.5	2362.8
3943.1	502.27
3528.6	157.51
3433.4	288.32
657.74	2977.6
5435.8	2192.6
7117.9	2018.1
5981.4	1652.3
5173.3	2046
1854.6	1401.2
2809.7	481.35
5575.1	4834.5
6860.3	1465.1
3277.5	27.943
4905.1	2377.4
5796.9	2121.6
5847.5	2048.8
7214.6	731.92
3499.5	760.67
4627.7	1818.4
3485.2	176.44
6160.1	1698.2
1335.7	1823.9
245.6	2951.9
5198.6	1922.9
3685.6	467.49
5567	4690.2
4613.2	2496.1
4943.1	1877.5
3101.4	592.53
5850.7	2665.5
5455.1	2168.9
3368.1	240.73
3535.5	493.31
3546.5	1468
3079.3	205.47
668	2321.1
3278	636.52
3494.5	332.35
6686.4	30.283
6020.9	1949.8
3622.6	249.43
4499.4	1491.5
5168.3	1887.3
5027	4827.2
4622	1110.8
3289.3	226.14
4322	872.89
5333.8	2203.3
6970.9	1076.8
5564.2	4824.3
3700.5	887.04
5500.5	4603.4
2321.2	2303.2
6994.1	600.06
3139.4	48.582
171.67	2681.3
4168.3	1896.7
3556.2	159.47
3682.8	468.61
1085.4	2672.2
5118.3	2189.2
5380.7	2272.4
4715	1633.6
2790	444.09
381.48	4356.1
5464	2363
3379.4	773.21
6420.3	923.15
3434.9	286.38
5749.4	2263.1
5292.4	425.81
6716.9	1761.6
3031.3	516.26
3269.5	1912.4
3989.5	770.93
4613.2	1710.4
3140.7	839.31
5381.4	2400.8
415.5	4717.7
2897.2	24.727
3366.9	279.17
3080.1	106.24
3536.5	506.85
5621.1	2405.4
4318.5	2166.2
3779.2	368.3
4767.1	4634.4
1193.9	311.91
6213.5	2086
5562	4822.6
7055.9	414.06
5440.5	4699.6
373.08	4784.4
5981.4	2268.7
3425.9	97.436
3528.4	1278.2
5266.2	2303.4
4476	831.48
3370.2	658.28
4931	2014.1
3939	1091.8
3991.1	712.8
6670.3	2073.9
5889.8	2118.3
5596	2333.9
3602.3	901.58
3951.1	886.3
1717.9	418.12
3313.4	272.09
4061.2	750.32
5914	1728.6
6888.6	2238.4
3918.4	665.31
3890.1	466.88
5189.7	1926.8
4966.5	2262.7
4213.1	796.77
5464.5	2175.1
2911.9	53.81
187.42	2653.8
6570.8	479.92
5753.6	2271.8
5487	2303.7
1814.8	1235.6
4430.8	4625.2
4506.3	1844
4317.2	1626.4
4974.9	4138.6
5457.6	2440.7
4880.1	1543.2
3661.6	577.65
409.19	4400.5
3532.7	1804.3
3640.6	549.77
625.12	3079.1
5440.1	4702.6
6461.9	681.58
5238.7	2159.3
81.389	2961.2
3517.5	680.85
175.04	2838.8
3039.3	480.49
1615.4	1777.2
3940.9	1088
4022.7	1753
2377.4	3321.8
3668.2	315.76
905.68	2820
5614.3	4619.1
5358.5	2355.6
5826	4707.4
3364.9	734.84
4454.3	1721.5
3067.3	114.05
3075.1	729.39
6695.9	1062
4381.2	1408.2
5799.6	2270.6
4788.3	4650.6
3501.1	328.78
6473.8	410.75
1994.8	872.22
3902.1	501.01
4536.9	1597.2
3397.8	486.77
4070.9	1685.5
7169.7	1890.2
4929.1	2080.1
3589.3	903.45
4995	2278.3
5419.4	2395.9
4997.1	4872.9
3866.7	1859
5040.9	2117.4
4000.2	904.74
5090.3	2190
4862.7	1227.4
877.66	2089
4828.6	2210.1
3000.9	781.72
3536.4	1960.7
5422.7	2417.7
1965.2	1082.6
5519.1	2422.7
3167.2	187.73
3597.9	868.48
7115	1910.7
3105.9	469.53
5884.9	1908.2
3914.8	1453.3
3912.9	1177.2
4901.6	2415.5
3585	867.25
3392.1	784.53
2996.4	103.77
4415.3	1436.9
6020	1564.5
402.29	4198
7231.5	2391.9
5195.4	2313.8
5058.7	1889
3120.1	1011.5
3597.2	2490.9
3053.3	165.5
3141	129.26
1654.5	4738.7
3057.6	797.44
3251.3	1356.9
5266.9	4657.6
6593.2	872.75
5158.7	1923
758.09	2749.1
5153	993.59
5423.1	2365.9
3430.2	2215.3
5196	2311.8
5045.3	2167.8
5198.3	2359.9
5393.5	2342.4
3964.6	795.65
5448.1	2476.2
3966.6	1265.9
3557.1	101.96
5487.9	2354.6
882.82	3640.9
5723	2526
4678.5	1657.5
3362.8	736.64
3632	1483
5545.7	2371.5
3384.8	771.87
5604.8	2381.7
3797.4	378.77
6817.7	846.4
4022.9	1099.8
5306.1	2038.1
3328.6	144.11
3330.9	291.41
3263.3	1255.2
1768.8	1745.6
6493.7	2007.6
3848.3	596.16
5358.1	2266.8
4338.9	1664.5
3133.1	290.65
6850.2	1708.3
3135.6	112.82
4253.6	4664.1
5231.3	4660
3615.7	240.65
3934.7	1989
3528.8	418.1
4221	1897.1
2962.9	1763.4
3443	102.1
5365.9	2261
6651.4	914.1
3998.4	905.18
5618.2	2337.3
2969.7	1961.3
3295.9	1304.3
4010.3	1988.4
2968.7	1280.9
3324.2	260.92
406.12	3744.8
3262.1	2020.3
5556.9	2306.5
1375	3014.9
3280.8	1656.6
5536.5	4728.4
3424.7	1000.5
6114.4	2161.1
3321.8	925.31
3108.9	503.27
5434	2182
3517.1	779.2
5257.1	2202.9
5246.3	2354.3
1058.7	4389.5
5481.8	2392.8
3949.1	767.72
6819	1209.3
3114.1	595.64
4697.6	4631.6
4127.3	826.42
3366.2	189.49
3521.7	436.27
2852	130.3
5028.5	2275
5392.1	2263.5
5150.6	2013.5
3968.2	1274.2
3390.6	122.42
3305.1	1304.5
5455.3	2552
1738.6	3125.6
2794.9	483.6
3943.3	1121.8
5598.9	2344.1
5072.7	1473.3
3571.9	1096.1
4457.2	1410.4
6609.6	2113.5
2804.2	337.76
3520.8	755.36
3667.2	590.39
1221.4	2833.9
4814.6	2413.6
5445	4595.8
5505.5	2391.8
3845.6	657.59
