5938.3	2525.9
5455	2482.3
5454.6	2481.7
6419.8	2489
5601.4	1829.9
6100.6	2413.5
5425.5	2441.7
5422.2	2293.9
6367.1	1178.5
6772.7	1494.8
5714.4	2662.3
6567.6	1419.4
6624.3	2838.5
5411.5	2479.7
5407.6	2374.8
7258.6	2156.8
5517.9	2595.5
7288.5	318.47
4316	631.21
6630.8	2836.7
4867.7	2467.4
7315.8	330.24
6629.7	2836.7
6472.1	2438.3
4863.8	2428.5
5374.1	2419.4
5494	2470.2
6175.7	2615.7
6790.8	1118.7
6472.3	2438.4
5490.4	2572.6
4825.4	2466.5
6554.7	2716.9
6471.7	1523.2
5298.2	2056.3
5471.5	2361.9
6472.2	1522.7
4987.4	1671.5
5289.6	2051.2
5234.8	2004.8
4847.5	2426
7142.5	663.43
5670.8	2536.6
6847.1	304.95
7311.1	343.17
6787.5	2504.7
5298.8	2064
5953.8	2463.7
6980.4	1958.9
4074.9	343.03
4568.7	1993.9
5107.5	2331.4
4719.7	1606.7
6212.2	2441.8
5013.8	2395.8
5502.7	2324.2
6980.2	1959.1
6166.7	2440.9
5029.7	2397.7
6817.8	382.25
5464.4	2503.3
6707.9	643.47
5515.6	2450.4
6461.4	2427.2
5670.7	2536.6
6552.6	2111.7
5471.1	2309.5
5442.4	2699.1
6807.9	2021.2
5520.1	2331.9
4838	2447.1
5262	2022.2
5583.7	2289.9
7140.1	2332.2
4960.2	1635
5582.1	2257
6172.8	2436.9
5950.3	2511.3
5525.2	2334.2
5231.6	2009.6
6764.6	823.18
5443	2699.1
5518.9	2331.3
5780.5	2540.8
5290.4	2055.9
5323.5	2131.4
5581.8	2255.5
5416.5	2439.7
5523	2307
7125.8	669.43
5511.4	2329
5571.5	2308.3
5589.1	2420.9
6807.5	2550.6
5574.1	2264.4
5527.1	2308.5
5788.1	2542.3
5082.2	2529
5275.6	2044.8
5507.3	2281.8
5049.9	1760.2
5334	2209.3
6906	39.164
6785.4	2415.3
6426.9	2443.2
6735.6	583.74
7224.5	2463.5
4960.7	1658.9
4156	1856.6
7073.4	2085.1
5066.6	1771.7
5325	2142.7
6859.8	648.77
5564.1	2372.4
7143.9	671.32
5589.4	2273.3
6200.5	2423.5
6859.9	648.71
5644.7	2284.6
5492.9	2312.1
5354.1	2194.9
5542.8	2340.7
7216.1	76.142
5504.8	2438.1
5428.8	2288.4
5787.5	2542.9
7161.2	2412
5522.1	2340.4
5088.9	2377.9
4722.5	1611.2
5489.1	2308.8
5672.2	2412.8
7222.9	2393.8
7223.6	2461.3
5043.2	2396.9
5326.7	2144.3
5275.6	2050.9
5288.6	2109.7
5523.1	2306.7
5472.2	2482.5
5089.3	2377.5
5094.3	2008.2
5274.9	2048.7
6184.3	2407.5
6592.3	2287.9
6163.6	2256.5
4981.5	1661.9
4540.3	2694.7
7222.5	2459.7
5681.2	2545.2
7220.1	74.849
7213	76.265
5500.7	2426.1
5511.8	2490.2
4798.7	2965.3
5330.7	2148.4
5228.1	2016
7278.8	290.56
6994.5	358.19
5501.4	2456.5
6994.4	358.46
5342.8	2607.4
5678.2	2546
5626	2423.1
5865.6	2464.5
5344.4	2607.5
5539.5	2331.8
5354	2244.2
5963.3	2457.1
5760.3	2546
4549.7	1982.8
4986.3	1680.1
5770.1	2619.3
4858.4	2457.6
5501.8	2451.5
5353.7	2244.4
5414.6	2334.9
4723.6	1564.1
5062.3	1763.9
7082	1994.7
5499.9	2422.2
4722.7	1592.7
5292.9	2152.7
5415.9	2338.6
7209	77.361
5530.8	2510.7
6051.3	2372.6
5742.6	2045.7
5525.2	2516
4721.7	1591.2
5502.8	2455.9
4720.8	1589
4618	2011.2
5112.1	2384.6
5495.3	2344.8
6111.3	2430.8
4857.7	2455.9
5082.5	2342.1
5046.3	1762.2
6914.3	37.656
5421.9	2283
4720	1587.1
6377.5	1230.3
5669.8	2111
6880.7	126.25
6663.4	1259.6
7071.3	2041.5
5147.7	2310.8
4718.2	1584.1
5321.8	2189.3
4829.1	2038.7
5084.4	2342.3
6659.2	1256.8
5669.7	2110.4
5415.6	2312.4
6789.8	1096
5511.4	2337
5189	2105.7
4965	1682.9
5841.4	2051.8
5210.8	2531.5
5481.5	2464.7
6787.9	1094
5551.6	2319
7102.8	621.87
7107.3	624.02
6874.1	314.07
5841.5	2051.1
4846.7	2474.8
5444.8	2315.9
6806.7	365.6
6051.2	2372.4
5484	2338.6
5273.8	2621.9
5395.8	2325.7
5623.2	2533.7
5416	2336.6
5471.9	2357.5
4828.1	1901.7
5194.4	2023.2
5728.7	1983.8
7001.5	796.63
7085.3	2541.3
5321.1	2192.6
5244.6	2080.5
6186.8	2420.1
6177	2426.2
6462.2	2449
5126.9	2412.6
5275.6	2093.2
4985.7	1680.5
5427.8	2312.1
4757.9	2018.4
6516.3	2790
5422.3	2311.9
5126.3	2412.3
5443.5	2314.3
5471.6	2722.9
5686.7	2538.7
6483.4	2051.7
4986.9	1727
6201.8	2431.6
7140.7	1455.2
5194.2	2024.1
6710	1205.2
4424.2	1893.7
5303.2	2076.3
5729.2	2562.1
5355.2	532.16
5467	2448.2
5501.5	2347.6
5306.7	2164.5
5586.4	2283.3
5500.5	2346.9
5121.5	2415.7
6459.1	1492.6
5742.3	2550.3
5261.6	2081
5517.4	2672.5
5576.5	2579.4
6092.3	2903.4
5453.6	2314.6
4737.6	1746.7
6709.3	1204.7
5261.6	2081.3
5305	2163.9
4121.5	1514.3
5465.8	2725
5575.4	2389.8
5527.8	2480.6
5297.8	2078.5
5320.6	2112.5
5455	2313.6
5140.2	2317.3
5411.1	2287.4
4252.1	1807.2
6442.6	2441.9
5295.5	2077.5
5722.1	2096.3
5324.7	2231.3
6009.1	2441.6
5443.4	2306.2
5354.2	528.95
6443.6	2409.6
5507.7	2414.8
5439.4	2307.6
5423.9	2312.9
5524.4	2496.4
5719.6	2094
4620.7	1969.6
5199	2116.7
5173	2097.2
5147.3	2000.4
5444	2688
6858.5	118
4338.2	1896.5
5173.5	1922
6445.3	2410
5448.6	2316
5414.4	845.83
6137.6	2346.7
7046.8	337.53
4987.8	1720.4
6846.5	1024.4
5007.9	2623
5114.7	1922.7
6926.7	1367.9
6008.1	2422
5509.2	2583.5
4701.7	1568.9
5106.3	2013
5423.5	2409
5173	2094.4
5992.1	2493
5092.7	2408.7
5645	2422.9
6971.4	1480.9
5499.4	2373.3
5330.7	2256.1
5369.8	2403.1
5421.1	2311.9
4750.7	2316.3
5278.9	2526
4639.8	2027.6
5290.9	2080.9
6053.2	2440.9
5498.4	2464.1
7112.2	2366.7
5376.2	679.65
6416.6	2606.1
4987.2	1686
6464.7	1497.8
5401.5	2266.9
5800	2406.3
5498.5	2373.6
5584.5	2387.3
5404.4	2713.4
5892.8	2234.8
4610.8	1934.6
5266	2059.9
5420.4	2332.5
5083.1	2420.1
5031	1816.7
5482.1	2446.1
6455.8	1487.7
5630.8	2485
5258.2	2228.8
4564.7	2021.4
5450.6	2328.2
5272.7	2083.6
6192.1	2189.1
6846.3	1021.7
5279.6	2061.7
5228.1	2002.6
5618.1	2481.7
5121	2359.5
5617.7	2482.6
5251.3	2304.7
4888	2450.6
5463.9	2454.5
5091.4	1996.4
5425.2	2323.7
5264.7	2154.4
5423.5	2323.4
5107.5	2473.4
5344.1	2249.3
5062.2	2155.7
6003.3	2433.2
5494	2364.9
7245.8	1125.6
6686.4	2103.3
5585	2432.8
5511	2581.6
5466.5	2452.8
5532.4	2345.7
6102.4	2345.2
5483.6	2438.3
5542.4	2295.3
7232.3	2484
4870	2453.8
5573.6	2357.2
6774.5	2576.1
5184.9	2091.2
5360.9	2419.6
5011	2387
7327.3	181.58
4565.5	2019.8
5581.9	2245.7
4571.7	1684.6
6774.2	2576.2
5913.4	2352
7287.2	293.58
5472.5	2463.8
5692.8	2532.3
4823.6	2049.9
6414.9	1356.3
5486.8	2319.7
4831.3	2379.9
5326.8	2807
5508.9	2297.7
5427.2	932.81
5451.5	2327.3
5523.4	1865.3
5435.1	2275.5
5406.7	2345.5
6204.4	2438.2
5487.9	2357.2
5734.3	2565.4
6092.8	1985.7
4975.6	2368.7
5475.1	2412
5585.9	2431.2
6871.8	2834
5493.6	2291.1
5151.2	2007.6
5967.3	2351.5
5402.4	2798.2
5091.3	2364.4
5374.7	682.46
5434.2	2278.8
5463.2	2323.3
6350.8	2666
5633.4	2486.4
4735.4	1727.2
6189.8	2189.5
5572.8	2358.5
5257.3	2192.3
4637.6	2041
5485.4	2401.6
5712.4	2035.3
4803.7	2320.2
5358.5	2252.7
6821	188.09
4710.9	1579.7
5041.3	2161.9
7234.2	84.312
5164.3	1958.6
4150.8	2299.4
5557.2	2591.4
5859.3	1960.9
5148.2	2072.9
5724.4	2026.3
5359.9	2385.5
6058.4	2425
5156.8	1991.7
4869	1629.3
5487.2	2347.5
5473.5	2415.6
5045.3	2314.3
4832	2107
4639.8	2037.3
5917.7	2099
7193.7	2411
5532.3	2338.3
5093.5	2176.9
5443.6	2332.9
5492.1	1590.5
5447	1105.2
5421.6	2343.4
5443.9	1015.4
6589	2523
5320.4	2173.7
5254.1	2149.8
5852.7	1955.8
5441.2	1015.8
5432.8	2297.7
5427.6	2798.8
5427.5	2798.6
5189.6	2096.9
6433.9	2546.5
5500.8	2339.6
5524.3	2400.5
5338.3	2256.3
5563.4	2311.4
4639.9	2030.3
5903.4	2347.7
5425.1	2407.8
5429.3	2693.9
5473.9	1325.7
5456.4	2694.6
5532.6	2333.3
5518.9	2480.1
4572.8	1687.1
5095.7	2423.1
5486.4	2583.6
5283.7	106.99
4646	2221.1
5456.9	2693.8
5398.3	2280
4651.9	2224.5
5486.8	1710.4
5411.4	2459.6
4727.1	2321.8
5156.2	1990.2
5384	2269.1
6026.7	1988.6
5284.7	2145.1
5481.5	1709.9
5957.6	2419.9
5337.2	2368.2
5532.2	2332
5473.1	2374.3
5597.2	2443
5255.9	2158.1
5533	2334.8
4473.6	1681.8
5545.9	2407.8
5453.9	2416.4
5503.5	2295.8
5398.8	2276.7
5256.8	2164.5
5735.3	2566.2
5208.6	2027.1
5553.3	2338.1
5514.6	2317.5
7331	350.19
5509.2	1707.8
5816.5	2199.5
4654.6	1796.3
4463	2010.2
