5460.4	1739
5444	2129.7
5747.9	2534.9
5544.5	1712.8
5207.8	2929.4
5207.8	2929.4
5437.2	1745.8
5452.3	2129.2
5431	2134.2
6174.5	1417.9
5481.7	2471.6
6498.6	2235.7
6159.7	1805.4
6084.2	2062.2
6216.7	1742.2
6215.7	1743.2
6166.2	1968.4
6114.9	1843.7
6114.9	1843.7
5845.1	2444.5
6110.9	1848.3
5162.8	2627.9
6295.4	2303.4
4919.7	1963.4
6055.9	1772.1
6224.8	1732
5442.6	2950.6
6295.4	2303.4
6267.3	1843.5
5386.8	2388
6267.3	1843.5
6159	1800.1
5251.6	2498.5
6224.8	1732
4254	2305.1
6166.2	1968.4
6295.4	2303.4
6433.3	2276.5
4020	357.68
6365	2276.6
5470.7	2540.6
6522.7	1715.3
5325.7	2966.5
6544.3	3343.4
5248.2	2466.8
4674.3	1218.4
6128	2348.8
6227.6	2314.8
6147.1	1994
5387.9	2909.8
6510.7	2541
5768.8	2454.2
4980.4	1812.1
6414.3	1795.1
5307.3	2341.4
5388.9	2339.1
4980.4	1812.1
5442.4	2964.4
5307.3	2341.4
5375.6	2458.5
6285.4	2603.9
6536.6	969
6519.2	1713.8
6430.3	2275.2
6284.8	2293.8
4696.3	1246.9
4696.3	1246.9
4691.7	1246.7
6538.1	1750.3
6190.3	2320.9
5440.8	2337.1
6470.4	857.73
6165.1	1997.5
6202.1	2229.9
4975.2	1811
4686.8	1258.5
6369.5	1585.8
6445.1	1292.3
4674.3	1218.4
4674.3	1218.4
5492.6	2290.5
5353.3	2477
4975.2	1811
6214	2309.4
5436.3	2962.2
6499.5	2505.3
5436.3	2962.2
6146.5	1975.3
6013.1	1700.1
6146.5	1975.3
5225	2110.3
5269.2	2250.9
6345.2	2649.4
5269.2	2250.9
5367	2909.5
6146.5	1975.3
4396.6	1420.5
4570.1	1935.3
6144.4	1983.2
5426	2357.1
4379.4	1265.8
5473	1713.3
6345.2	2649.4
4642.1	1508.1
6499.8	1119
4843.6	1794.9
6521.9	2139.8
6146.5	1975.3
5387.2	2950.6
4590.4	2174.7
5213.8	2161.8
6254.3	2220.2
5256.8	2257.2
5407.9	2911.1
4593.8	2292.2
4429.5	2187
5773.5	2050.4
6047.4	1678.6
5051.7	1907.9
5400.6	2632.9
4841	2908.6
5500.1	2500.2
5098	1964.2
5490.5	2502.9
5437.2	2335.9
6127.4	2027.8
6310.6	1795.5
6146.5	1975.3
6419.2	1307.7
5360.6	2459.2
5334.9	2558.7
5455.9	2369
5936.4	2874.7
4374.8	2238.9
6216.5	2315.1
5318.1	2338.6
5406.8	2338.7
5224.9	2115.6
4365.3	2251.3
5773.2	2477.4
5140	2010.5
6292.8	2387
5289.3	2310.9
5402.8	2336.5
4744.8	2095.9
5773.5	2050.4
6350.5	2317.4
5458.1	2356.6
6288.8	2393.4
4261.8	624.65
4374.8	2238.9
6514.6	2549.2
5352	2485.5
5224.6	2110
6325.6	1217.3
4950.6	2472.2
6497.1	1034.5
4109	467.48
5884.1	2569.3
4583.5	2296.7
6498.7	2449.3
5424.3	2364.4
6434.9	2269.6
4109	467.48
6495	2337.2
6420.9	3285.3
5902.6	2909.5
6350.5	2317.4
5441	2325.3
5470.9	2400.5
6146.5	1975.3
5787.9	2402.4
5290.5	2543.2
5665.4	2172.4
6295	2320.2
6154.3	1927.6
6118.6	1949.4
5325.7	2966.5
5332.3	2362.3
6466.2	1128.1
5260.7	2196.3
4920.2	2064.7
6382.3	2366
5289.3	2310.9
4800.4	1776.3
6118.6	1949.4
5346.6	2317
5328.3	2326.8
6175.9	2199.9
6472.6	1009.7
6048.4	2402.3
5328.8	2474.3
6345.2	2649.4
5336	2465.3
6300.1	2373.3
5865	2463.3
4678.6	2120.9
6395.8	1844.5
5893.9	2184.9
5486.4	2379.4
5424.8	2949.3
5139.8	2011.4
6269.2	2323.4
5791	2426.2
5489.5	2308.1
5541.3	2317.8
6154.2	2012.6
6501.4	864.41
5277.9	2282.8
6509.7	2336.5
4740.6	2224.8
4782.1	1926.1
6382.3	2366
5327.3	2539.8
4306.9	2238
6488.7	3322.3
4566.1	2313.2
4931.8	1954
6472.6	1009.7
5330.4	2930.4
4306.9	2238
5428.1	2959.1
4211.7	581.04
4367.7	2121.1
5448.9	2114.9
6495	2337.2
6223.6	2222.5
5325.7	2966.5
6497.1	1034.5
6350.5	2317.4
5250.9	2235.8
5509.6	2297.1
6495	2337.2
6537.7	718.64
4897.5	1982.6
5332.1	2339.5
6420.9	3285.3
5300.3	2551
5428.1	2959.1
5177.2	2090.6
5082.5	2622.5
4942.9	1948.3
6208.6	1585
4378.5	1532
5275.5	2446.4
4566.1	2313.2
6293.3	2399
4732.7	1852
6466.2	1128.1
6273.1	1658.1
4899	1985.3
4690.9	2483.1
6495	2337.2
6495	2337.2
5311.3	2529.2
6307.4	2146.5
5205	2325.8
5346.6	2418.8
5486.3	2416.7
5287.8	2511.4
5712.9	2135.6
4554.7	1947.9
5245.5	2915.7
4899	1985.3
6288.8	2393.4
5759	2040.7
5575.9	2519.1
5148.8	2716.5
5598.6	2411.7
5435.2	2957.5
6137.2	2003.7
4316.7	2275.6
5333.6	2340.7
5360.9	2342.6
6224.9	1112.7
6369.6	2294.2
4856.3	1990.2
5478.6	2399.8
5220.5	2184.3
6484.4	2120.9
5350	2963.6
5443.1	2492.4
5253.3	2272.7
5321.1	2478.1
4856.3	1990.2
4342.9	2190.2
5409.6	2371.7
5435.1	2517.2
6495	2337.2
4622.1	1656.7
4979.8	1828.2
5415.4	2374.6
6434.2	1858.7
5253.3	2272.7
5457.3	2337.7
5200.2	2399.3
5617.2	2073
4719.7	1246.8
4228.3	1308
5277.9	2282.8
5371.4	2341.9
4342.9	2190.2
5193.6	2530.4
5362	2344
6247.3	2474.5
6269.7	2285.8
5276.9	2560.8
5857.8	2448.2
5489.7	2915.4
4667.1	1778.4
5875.8	2243.7
6266.4	1942.9
5397.9	2367.7
5030.6	2421.2
5284.5	2459.2
6062.1	1706.8
6134.5	2419.9
5445.9	2530
4395.3	2112.9
6305.8	2375.2
4350.9	679.36
5494.7	2438.9
6269.7	2285.8
6491.5	2195.8
5765.3	2608.7
4956.6	2489.4
6151.9	1783.4
5794.1	2410.3
6210.7	1729
6286.4	2325.6
5284.5	2459.2
5447.4	2506.7
5387.3	2380.4
4864.1	2349.3
6485.3	1439.2
5341.6	2939.6
4702	1386.7
6130.4	2230.5
4129.2	1447.7
4210.9	2252.2
5512.1	2372.3
4572	2241.9
6225.1	2391.1
4928.6	2191.8
6173.4	2436.1
6439.4	2343.1
6247.3	2474.5
5332.7	2529.2
5430.2	2945.5
4300.9	1546
5421	2438.9
6507.8	2952.9
4928.6	2191.8
4748.6	2360.1
6428.6	1808
5436.4	2498.3
5261.5	2428.9
5164.4	2383
5731.7	2215.7
5340	2432.8
4661.2	1766.1
6487.7	962.34
4864.1	2349.3
6235.4	1705.1
5988.7	1576
4359	2129.3
4864.1	2349.3
5490.7	2114.4
6117.6	2236.1
5231.9	2127.2
6284.1	2327
6208.6	1585
5212.6	2149.6
5487.8	2427.9
5212.3	2141.3
6432.2	2502.5
6304.4	2513.7
6227.1	2464
6199	2480.3
4357	824.08
6487.3	1484.9
5360.8	2335.1
6304.4	2513.7
6309.2	1442.8
5341.4	2351.2
5412.1	2949.6
6304.4	2513.7
5489.7	2915.4
6424.9	3303.3
6251.1	1118.3
5129.2	2008.4
6381.8	1829.3
6430.6	2198.8
5338.3	2359.9
4160.5	1652.1
5320.1	2296.5
6324.9	2165.4
5498.4	2412.2
5346.7	2437
6499.1	1139.9
6400.1	3237.5
5284.9	2295.3
5013.5	1878.8
5332.7	2529.2
5850.5	2466.2
6063.9	1718.7
5847.3	2471.3
4744.7	2538.3
4957.7	2469.9
4670.9	1768.1
4627.1	2010.6
5342.4	2553.3
5259.4	2316.1
4536.6	938.22
4615.6	1656.1
4475.4	889.87
5351.2	2304.9
6427.8	2349.9
6270	1415
6206.9	1724.8
6352.6	1379.8
6016.5	1644.2
6337.5	1061.1
5266.5	2803
6461.8	849.85
5013.5	1878.8
4677.6	1273.3
5765.8	2235.6
5740.1	2063.2
6266.4	1942.9
4525.5	1617.1
5153.9	2106.8
5486.6	2412.4
5322.6	2476.7
6371.5	2581.8
4295.4	2511.9
5270.7	2287.6
6096	1936.2
5519.9	2499.1
5255.7	2567.6
4998.7	1878
6466.2	1128.1
5320.1	2296.5
4677.6	1273.3
4998.7	2139.6
6078.8	1964.7
4703.9	2322.3
6135.3	1585.6
4083.2	3075
6200.3	1204
6335.8	1140.4
5351.2	2304.9
6472.6	2222.6
5975.9	1595.3
5351.2	2304.9
6480.7	2266.5
5400.9	2386
6420.4	1827.1
6295.6	2431.5
5352.6	2303.9
4388.3	1481.8
5367.4	2355.6
6339.8	2428.9
6200.7	1996.9
4746.6	2341.3
6539	2487
6458.5	1846.4
5366.8	2356.8
5413.4	2399.4
5325.3	2467.8
4388.3	1481.8
5519.9	2499.1
4651.8	1573.7
4902.7	2171.2
4844.9	2410.8
5975.9	1595.3
4998.7	2139.6
4606.5	1643.2
4433.7	1180
5437.5	2935.8
6509.4	2665.3
6503.1	2114.8
6362.9	1079.4
4700.9	1431.8
6496.7	2113.9
5652	2243.3
5325.8	2371.4
5292.4	2298.2
4827.3	2345.2
5893	2175.9
6309.2	1442.8
4915.2	2211.1
4386.8	880.35
5405.9	2346.7
6131.3	1455.3
6073.7	1883.9
6349.2	2345.8
4622.1	1656.7
4681.4	2019.1
6198.7	2467.6
6539	2487
4659.3	1756.1
5402	2347.8
5975.9	1595.3
5519.9	2499.1
4529.7	1997.1
4310.8	3099.3
6166.6	2020.6
6506.9	1083.1
5400.9	2386
4632	1798.4
5134.4	2016.6
6483.9	2206
6460.1	1515.1
5379.8	2350.6
5758.2	2296.3
4702.5	1436.5
4943.1	2334.1
4480.5	1210.3
4449.3	1232.8
4774.8	1941.4
5263.9	2559.5
6455.6	689.85
5408	2319.6
5401.9	2374.9
5402.7	2384.2
6461.5	2175.5
5104.9	2469.1
5727.8	2054.7
6398.8	936
6497	2424.4
5410.3	2322.2
5328.8	2315.6
6497	2424.4
5331.4	2344.4
4957.3	1811.6
6259.8	2187.9
5420.7	2376.8
5122.9	2081.9
5956.5	1672
4697.3	1536.9
5791	2176.2
4476.4	2463.5
4702.5	1436.5
5973.7	1589.7
5264	2555.8
5580.6	1703
5408.5	2391.2
6342.1	1888.4
5259.7	2416.2
4419.9	1206.7
6483.7	2133.7
6342	3224.5
5430.2	417.93
6487.1	1129
4604	1442.8
5331.4	2344.4
4318.3	2458.5
5423.5	2326.1
4444.9	1429.9
4228.3	1308
4444.9	1429.9
6420.1	798.31
4787.5	1919.2
6198.1	2477.2
5397	2403.1
5384.2	2309.5
5791	2176.2
6044.3	1693.8
6251.6	1935
6228.4	2436.6
5466.1	2373.6
4386.8	880.35
4606.5	1643.2
6339.5	2628.1
5240.6	2223.9
5487.1	2492.8
6341.4	1316.6
5767.9	2064.6
4131.3	1226.8
4704.7	2323.2
5419.2	2327.1
6366.2	1431.2
4522.5	1487.3
4395	2419.9
5453.9	1009.4
5342.6	2351.7
5478.4	2985.2
4501.9	2217.8
4067.1	728.02
4849.2	2081.1
5874.3	2229.3
4459.9	1691.5
6198.1	2477.2
5410.3	2322.2
4905.6	2475.1
4548.6	1724.1
6170.9	1392
4361.4	1242.7
4925.2	2904.2
5379.3	2313.8
6375.3	1862.6
6524.4	951.59
5457.5	2406.6
6474.5	1106.4
4997.7	2428.3
4817.5	2324.8
5547.2	2473.7
5388.4	2439.4
6289.5	1318.7
5611.3	2081.9
4677.6	1273.3
5416.5	2384.4
5272.1	2293.7
5110.4	2005.8
5339	2370.3
5298.3	2341.5
5240.6	2223.9
6348.9	2269.3
6400.3	2567.1
4318.3	2458.5
6497	2424.4
5473.8	2339.1
4677	1288
4432.2	1446.5
4432.2	1446.5
5580.3	1702.8
5478.4	2985.2
5339.8	2474.9
6275	1232.8
6245.1	1301.9
6134.7	1371.6
5462.5	1091.8
6069.4	1707.1
5483.3	2409.3
5410.1	2419.2
5103.1	1997.7
5441.3	613.02
4224.3	2169.3
5761.7	2297.4
4858.6	2158
4925.2	2904.2
4352.3	657.34
4772.2	1913.2
5499.3	2100.6
4576	2318.2
5455.4	2469.4
5893	2175.9
6526.3	1753.7
6340.6	2501.6
5283.7	2412.8
5409.4	2440.2
6421.1	2779.2
4398.9	2394.9
4211.7	2173.9
4849.2	2081.1
5441.3	613.02
5377.5	2445.7
5725.9	2069.6
5209.4	2411.8
4071.8	3064.9
4831.8	2351.8
5580.3	1702.8
4650.7	1364.8
5758.2	2296.3
5457.9	896.48
4570.9	1595
5315.7	2448.8
5109	2012.1
5441.3	613.02
6474.5	1106.4
5748.2	2272.3
4326.6	2220.3
5621.2	2393.5
4714.7	1983.7
5456.8	2323.2
4131.3	1226.8
5446.2	2367.8
5441.3	613.02
6225.8	1320.9
5446	2361.9
4022.7	777.98
5347.7	2431.7
4928.8	2220.4
4615.6	1656.1
6531.2	1663.1
5756.3	2612
4334.4	2793.8
6289.5	1318.7
6407	2276
5285.7	2554.3
5414	2385.2
5441.3	613.02
4818.7	2440.4
5208	2311.9
6498	1475.1
4905.6	2406.7
6235.2	1742.9
4500.8	1734.6
5281.8	2287.6
5462.5	1091.8
6537.9	2416.7
4021.2	423.2
5618.9	2091.4
4585.4	2548.1
4506.2	1072.2
6475.6	2966.1
6338.1	1327.3
6261.2	1407.9
4651.8	1573.7
6251.6	1935
4071.8	3064.9
6348.6	2218.4
5149.7	2010.8
6049.8	1492.2
4550.1	1923.9
