6115.4	2543
5392.4	2463.5
5392.4	2463.5
6701.9	2475.7
4024	2354.1
6256.7	2382.8
5357.4	2418.1
5356.5	2266
5407.6	2813.4
5357.4	2418.1
4525.8	2340.8
7301.5	404.01
7166	2550.3
5350.3	2461.8
5340	2345.9
6757	2528.4
5394.3	2548.4
7270.6	394.28
5170.5	1944.3
4722.9	1512.4
4275.4	2446.7
7301.7	404.65
4722.9	1512.4
6764.2	2419.7
4268	2372.1
5300.9	2393.8
5438.5	2450.9
6487.1	2608.7
7270.6	394.28
6764.2	2419.7
5371.4	2529.6
4199.2	2444.5
6047.4	1956.9
7301.5	404.01
5216.9	1986.9
5408.2	2336.4
7301.5	404.01
4742.3	1368.8
5206.8	1979.9
5133.4	1904.9
4239.3	2369.5
7301.7	404.65
5715.3	2553.9
6949.7	60.691
7293.3	417.08
4656.5	2454.2
5217.6	1996.5
6051.7	2447.2
5310.8	2265
6585.9	2768.1
4970.7	2469.3
4945.5	2269
4383.1	1297.8
4271.3	2434.5
4778.7	2346.2
5441.2	2297.3
5310.8	2265
4203.9	2432.7
4800.2	2348.9
6757	2528.4
7115.2	2930.3
6757	2528.4
5466.1	2427.9
6471	2413.6
5715.3	2553.9
5310.8	2265
5408.5	2281.7
5558.8	2612.2
5310.8	2265
5458.8	2305.4
4222.9	2408.3
5170.5	1944.3
5528.4	2260.9
6563	2286.8
4708.2	1328.1
5526.6	2224.9
4213.4	2427.5
6132.8	2521
5463.3	2307
5129.5	1911.3
7166	2550.3
5558.8	2612.2
5458.8	2305.4
5898.1	2567.8
5208.3	1984.8
5247	2076.1
5526	2224
5347.7	2414.9
5462.6	2279.8
7283.8	411.85
5453.2	2303
5513.8	2282
5561.2	2392.2
4734.7	1773.1
5517.4	2234.2
5465.9	2281
5910.4	2570
6471	2413.6
5189.3	1972.5
5445.1	2254.3
4852.5	1524.3
5258.4	2162
6927.3	48.43
6607.1	2354.6
6703.2	2427.6
6757	2528.4
6799.2	2755.1
4706	1352.8
4757.6	2057.8
6521.5	2297
4874.7	1538.1
5248	2088.4
7119.1	86.192
5506.4	2347.5
7303.7	415.28
5534.6	2242.2
7119	2364.5
7119.1	86.192
5609.9	2252.1
5431	2285.1
5285.3	2142.6
5483.6	2314.6
7215.7	160.46
5454.1	2414.1
5363.5	2260.5
5910.4	2570
6840.9	2649.3
5461.3	2314.7
4915.5	2329
4387.6	1303.7
5426.2	2281.7
5694.7	2375.5
6799.2	2755.1
6799.2	2755.1
4819.5	2347.8
5249.5	2090.2
5189.9	1980.7
5202.2	2048.2
5462.6	2279.8
5413.4	2465.3
4915.5	2329
4930.8	1863.7
5189.9	1980.7
7087.8	2323.5
5658.7	289.51
6289.7	2187.4
4732.5	1354.9
6601.6	2425
6799.2	2755.1
5732.5	2567.2
7217.8	160.04
7213.6	162.26
5453.7	2403.2
5460.8	2475.2
5514.9	2851.7
5255.9	2096
5125.3	1917.7
7260.5	360.64
7119.1	86.192
5448.5	2434.8
7119.1	86.192
5186.4	2714.4
5727.2	2567.2
5607.7	2393
6027.1	2447.9
5190	2714.9
5481.3	2305.6
5281.3	2205.2
6062.7	2437.2
5868.4	2574.4
4618.5	2004.1
4740.3	1384.9
5244.8	2397.1
4258.2	2426.6
5456.9	2425.8
5281.3	2205.2
5348.6	2307.4
4388.4	1243.2
4870.2	1527.4
7152.6	2421.9
5453.7	2403.2
4388.6	1280.8
5209.5	2092.8
5349.8	2311.1
7207.6	163.61
5484.2	2500.2
6546.9	2274.5
5731.6	1949.7
5478.5	2507.2
4386.8	1277.2
5448.5	2434.8
4386	1275.1
4618.5	2004.1
4950.9	2340.9
5433.1	2318.9
6272.6	2406.5
4258.2	2426.6
4903	2279.8
4848.2	1526.3
6934.5	45.259
5356.3	2255
4384.3	1272.4
5420.7	2312.2
5572.5	2174.8
6927.3	48.43
7265.8	362.52
4656.5	2454.2
5001.1	2247.8
4382.3	1269.2
5244.9	2138.2
4369.2	1763.8
4903	2279.8
7260.5	360.64
5572.5	2174.8
5349.5	2284.3
7265.8	362.52
5450.2	2310.7
5119.2	2064.2
4713.8	1381.1
5853.2	1956.7
5065	2532.8
5423.3	2444
7260.5	360.64
5486.2	2292.3
7260.5	360.64
7265.8	362.52
6980.9	63.437
5853.2	1956.7
4237	2458.9
5380.1	2288.1
6934.5	45.259
6546.9	2274.5
5420.7	2312.2
5037.5	2756.6
5328.1	2296.6
5632	2543.9
5349.9	2308.4
5409.9	2332.9
4378.8	1560.5
5073.8	1907.1
5721.9	1871.5
7329.6	238.18
6799.2	2755.1
5243.8	2143
5157	2010.9
7093.3	2353.9
7073.4	2374.4
6751	2435.4
4966.1	2372
5189.7	2024.8
4740.3	1384.9
5362.4	2284
4211.1	1708.9
5791.2	344.58
5356.6	2283.8
4966.1	2372
5379.1	2286.3
5580.9	2629.9
5739.5	2556.8
6703.2	2427.6
4740.9	1433.8
7122.2	2387
4749.2	1623.2
5073.8	1907.1
7329.6	238.18
7166	2550.3
5223.3	2008.8
5821.8	2598.9
5231	376.04
5405.8	2425.3
5438.8	2321
5224.7	2103.8
5531.3	2252.3
5438.8	2321
4955.7	2377.7
7260.5	360.64
5840.7	2582.1
5174.4	2011.5
5613.8	2590.7
5440.5	2535.9
4710.5	2819
5390.2	2286.4
4291.1	1335.1
7329.6	238.18
5175.1	2012
5224.7	2102.3
4737.6	1806.1
5576.6	2631.5
5518.2	2365.4
5481.4	2462.7
5214.1	2009.3
5243	2052.7
5391.4	2285.3
4992.1	2254.6
5345.4	2259.3
7166	2550.3
6723.6	2424.4
5214.1	2009.3
5713.1	2012.4
5248.2	2185.4
6138.9	2420.2
5378.3	2278
5376.7	130.99
6722.2	2378.4
5445.9	2392.5
5374.5	2279.3
5357.8	2284.7
5478	2483.3
5713.1	2012.4
4622.9	1964.7
5108.3	2052
5048.7	1995.3
5013.5	1874.6
5558.9	2603.7
6905.4	44.532
4738.7	2098.9
5048.5	1786.8
6722.2	2378.4
5383.2	2288.6
5370	141.98
6252.9	2302.1
7171.7	60.897
4740.9	1433.8
7329.6	238.18
6194.1	2370.6
4963.5	1766
4172.4	2401.3
6137.5	2392.7
5385	2540.3
4360.4	1250.5
4949.9	1874.2
5357.5	2385.1
5048.2	1991.6
6192	2488.5
4919.2	2368.1
5632.8	2393.3
7237.7	339.86
5436.3	2348.6
5254.5	2213.5
5297.9	2376.6
5356.6	2283.8
4176.5	2190.8
5115.5	2510.6
4640.9	2021.1
5207.1	2013.8
6551.6	2410.5
5443.6	2443.9
4650.3	1310.3
5075.6	368
7282.7	2121.5
4740.3	1384.9
7268	363.74
5334.2	2237.6
5797.7	2378.6
5436.3	2348.6
5528.5	2361.9
5530	2624.3
5930.4	2168.6
4670.2	1963.8
5178.7	1988.2
5354.3	2305.2
4904.4	2383.2
4828.4	1595.1
5444.4	2422.5
7237.7	339.86
5613.1	2472.7
5169.8	2177.3
4630.5	2038.4
5386.7	2300.7
5186.8	2015.5
6327.8	2102.6
7329.6	238.18
5190.2	1993.3
5125.2	1901.3
5597.3	2468.8
4968.3	2306.6
5597.3	2468.8
5153.8	2263.2
4310.9	2413.8
5405.4	2432.1
4949.9	1874.2
5359.2	2295.7
5177.3	2092.9
5357.2	2295.9
4943.5	2451.4
5269.9	2207.3
4992.1	2117.7
5549.7	2547.8
5431.9	2339.5
5781.8	2706.7
7155.7	2711.5
5557.4	2404.4
5385	2540.3
5405.9	2430.6
5472.3	2319.6
6204.8	2299.6
5433.1	2413.1
5480.4	2269.1
4122.7	2737.7
4277.9	2418.8
5515.6	2332.8
4571	1321.6
5064.7	1992.4
5288.8	2392.4
4774.4	2334.3
7318.3	262.5
4630.5	2038.4
5526.1	2213.7
4642.8	1742.6
4571	1321.6
5962.4	2309.7
7272.3	365.65
5414	2443
5747.6	2548.1
4360.6	1781.7
7094.2	183.02
5424.3	2292.2
4367.5	2303.4
5563.4	2661.3
5447.2	2271.1
4288.2	501.93
5386.7	2300.7
5240.3	2042.1
5369.3	2247.9
5339.7	2316.1
7128.2	2404.6
5425.3	2331.8
5828.9	2604.7
6170.5	1874.8
6532.2	2755.7
5411.9	2389
5557.4	2404.4
4314.8	2189.3
5431.6	2263.4
5018.2	1883.5
5959.4	2326.8
5563.4	2661.3
4919.1	2311.5
5075.6	368
5369.6	2251
5399.3	2295.8
4310.4	2439.1
5617.5	2473.7
4980.7	1691.6
6327.8	2102.6
5515.6	2332.8
5168.9	2136.6
4691.9	2059.8
5422.6	2377.6
5698.2	1936.2
4285.7	2201.2
5288.3	2215.8
6895.3	34.668
4374.7	1264.1
4968.7	2124.3
7231.8	169.85
5037.9	1829.7
5666.6	474.04
5426.5	2544.9
5877.1	1838.9
5013.3	1960.2
5719	1920.8
5286.3	2362.3
6562.1	2379
5027.8	1864.2
4571	1321.6
5424.9	2320.8
5410.3	2392.5
4846.3	2241.7
4379.7	1872.1
4640.1	2030.9
6980.9	1889.3
5655.7	407.07
5472.4	2312.4
5007.6	2130
5380.7	2304.6
4757.8	836.38
5075.6	368
5355.2	2316.9
4781.7	1802.3
4511.6	1800.6
5242.2	2118.5
5165.8	2089
5871.4	1835
5376.7	130.99
5368.2	2268.8
5563.4	2661.3
5563.4	2661.3
5069.6	1999.1
4546.5	2073.3
5439.5	2313.2
5464.1	2376.9
5263.2	2215.3
5505	2284.4
4694.1	2050.6
5962.4	2309.7
5359.2	2384.5
5548.6	2609
4224.7	1149.8
5568.3	2609.2
5472.3	2306.2
5470.5	2463.3
4642.8	1742.6
4920.1	2387.4
5369.6	2538.8
5372	2451.8
4646.6	2204.6
5568.3	2609.2
5331.6	2252.3
4651.4	2209.3
5362.2	326.91
5343.4	2437.5
4113	2199
5027.8	1864.2
5314.7	2233.1
5950.5	2001.9
5200.3	2083.4
5362.2	326.91
6054.2	2390.8
5261.1	2337.4
5472.3	2306.2
5409.7	2349
5570.7	2416.2
5167.6	2097
5472.9	2308.9
7071	1804.6
5486.2	2385
5389.2	2393.1
5442.3	2267.9
5331.6	2252.3
5168.3	2105.7
5828.9	2604.7
5102.4	1924.2
5494.4	2312.2
5453.6	2290.4
7314.1	426.23
5423.4	322.64
5819.3	2143.5
4650.3	1795.2
4512.7	2541.4
