5747.9	2534.9
6566.7	2331
5460.4	1739
5444	2129.7
4030	367.36
6517.6	1778.1
4684.8	1231.5
5544.5	1712.8
4685.1	1231.3
5444.1	2129.5
4677.7	1233.7
7174.5	1261
7109.2	191.5
7108.6	192.27
7305.8	1141.4
6979.7	484.26
6762.6	328.57
4677.3	1233.5
6965.2	495.45
6969.9	1432.6
6456.1	2626.4
6174.5	1417.9
7079.9	1337.4
6577.3	2325
5543.4	2556.1
6251	1291.8
6546.1	1857.9
5431	2134.2
5870	2445.1
7067.5	1374.5
4020	357.68
6954.5	949.69
7251.2	536.36
6924	2278.6
6247.3	1896.1
6992.8	442.69
6495.9	2248.5
7014.6	59
5870.1	2445.9
6661.7	1303.4
7066.5	814.65
6600.9	1104.4
6476.8	1784.2
6618.1	1336.6
4034.5	376.21
6718.4	927.85
6503.8	2328.8
5297.6	2434.1
6171.8	2657.1
6539	2270.1
4968.1	2457
7168.4	1165.5
5958	1661.6
5425.2	2474.3
4615.9	2266.1
6215.7	1743.2
6747.4	1202.8
5585	2512.9
6667.5	1312
6950.6	908.86
6462.1	1639.7
6204.1	1906.7
7211.4	2433
6673.6	1439.2
6508.6	2457.3
6458.9	1635.2
7212.1	2433.1
6733.9	1614.9
6784.9	2182.3
5386.8	2388
6251.3	2523.2
6776.1	2053.7
6701.6	1579.9
6005	1573.2
6462.1	2268.9
6005.5	1573.1
4798.6	1788.1
6244.7	1162
5873.6	2479.8
6368.1	2292.4
5698.9	2488.9
6258	2598.9
6216.7	1742.2
7338.6	1352.3
6231.4	1884.1
4234.6	533.55
5351.1	2472.8
6653.1	1311
6889.6	1494.3
6903.1	2649.9
5014.1	1849.4
6306	1642.7
4797.6	1788.4
6548.9	1703.7
6492.9	812.71
7138.2	1173.8
6347.7	1852.6
6977.5	2269.9
5183.4	2081.6
4234.8	533.97
6378	2292.6
4116.5	712.21
6689.1	352.97
4049	390.64
6278.5	2214.5
4037	389.24
6291	1662
7101.1	2671
5311.3	2568.8
6976.6	2442
6454	1709.7
6713	1583.5
6224.8	1125.1
4980.4	1812.1
4047.9	390.11
6344.7	1832.1
6664.8	421.52
5097.2	2374.2
5417.1	2352.4
5388.9	2339.1
5095.3	2372.9
7095.5	1936
6329.7	2299.5
5353.3	2477
6566	663.19
6895.9	1407.7
6006.2	1576.8
7159.9	2082.8
5988.6	1586.5
5436.4	2467.1
6665.4	733.67
4696.3	1246.9
5493.1	2290.4
7177.5	2082.5
6762	2253.1
6941.1	1358.8
6765.8	2058.8
5400.6	2632.9
4468.3	1824.5
4691.7	1246.7
5353.8	2464.2
5735.8	2424.3
7084.6	705.91
5440.8	2337.1
5360.6	2459.2
6842.7	234.87
4975.2	1811
5256.8	2257.2
6506	2549.2
6490.1	1029.1
6912.4	2188.7
6994.7	24.94
6770.8	2183
6333.1	1422.2
5260.9	2251.6
5252.4	2174.9
5438.8	2472.9
6995	25.052
5437.2	2335.9
6140	1943.9
6417.1	2169.3
6484.9	1457.2
4950.6	2472.2
6541.3	714.44
5290.5	2543.2
7203.3	1875.1
6560.1	2287.3
6924.2	2194.5
4546.4	1023.7
6170.1	1796.7
5252.7	2175.6
7137.5	2149.6
5578.9	2531.7
6954.1	1515.1
6746.6	2226.6
5285.1	2235.8
4546.2	1022
5318.1	2338.6
6375.6	2172.8
4992.2	1837.3
4826.4	1753.6
7288	1841.3
6760	2221.9
6440.5	1286.3
5442.8	2122.5
5455.9	2369
4950.8	2470
6216.5	2315.1
4701.5	1247.5
4740.6	2224.8
5826.8	2928.8
6119.7	1846.2
5080	2143.8
7161.6	1911.5
5224.9	2115.6
4097.4	763.14
5785.7	2470.5
5470.9	2400.5
6709	1539.9
5406.8	2338.7
5211.8	2101.9
6709.1	1539.9
5182.4	2537.1
6981.4	406.99
5773.5	2050.4
5391.6	2506.8
5420.9	2508.8
5289.3	2310.9
5072.9	2412.2
6260.8	2539.9
5500.1	2500.2
5422.1	2310.7
7115.1	90.654
5549.5	2548.8
7094.4	2132.6
7122	2138.9
5438.4	518
7114.7	83.087
5798.2	2470.2
5182.3	2537.5
6970.7	1967.9
6929.9	2181.8
7198.6	2107.6
4192.6	861.07
6822.2	1546.4
6275.7	1660.1
6172.5	2837.7
6680.7	960.84
5009.8	1839.8
7096.3	2130.7
5404.9	2337.1
5588.3	2540.5
6363.3	1202.6
4669.3	2224.7
5402.8	2336.5
6349.8	1865.1
7216.2	1878.8
6339	2383.1
6235.4	2179.9
7075.6	1934
6468.6	2612.1
7076.2	1931.9
7050.8	789.51
7105.5	2665.8
4992.8	1837.6
6883.4	2185.8
7076.9	1930.5
6796.2	2339.5
6960.9	261.41
6537.7	718.64
5287.4	2307.2
6647.2	712.53
4073.9	740.66
5346.6	2317
5421.5	2469.1
7205	1228.1
6983.3	2554.7
5260.7	2196.3
5177.2	2090.6
6963.6	943.22
6817.9	487.28
5934.6	2333.8
4669.1	2223.9
6516.6	2088.9
6516.3	2089.5
4096.2	763.62
7102.7	2116.2
7173.3	1965.4
6576.8	2246.4
7337.6	2076.3
6985.6	2575.3
5332.3	2362.3
4114.2	1058.1
7310.8	1157.7
5286.7	2764.1
6102.5	1833.6
6511	2085.1
5535.6	1710.1
6898.2	2374
4690.7	2283.4
4124.4	2110.9
6185.5	2291.6
4812.8	2471.3
4247.2	2123.1
5393.4	2505.1
4920.2	2064.7
5286	2764.1
5502.4	2454.9
6451.4	1803.2
6149.9	2307.6
5665.4	2172.4
7029.8	238.81
4073.7	834.46
6507.9	2100.1
4800.4	1776.3
6993.2	429.45
6359.3	1879.2
7173.1	1966
5509.1	2387
4093.8	1045.5
4950.6	2453.1
5323.7	2412.3
6540.8	2164.1
6481.1	1970.9
6283.2	1931.8
4699.9	2344.2
4963.9	2472.9
4706.4	1400.6
5328.3	2326.8
6956	2162.5
5409.6	2371.7
6516.5	2509.7
4094.6	1193.3
5412.4	2459.1
5333.6	2365.6
7002.8	368.93
5391.3	2506.7
5509.8	2384.7
4681.3	2292
6554.3	1719.5
7305.2	1238.5
6273.1	1658.1
6801.1	2292.5
6350.2	1577.7
6210.1	1581.4
6392.2	2112.5
6139.4	2339.5
6430.6	2198.8
7305.6	1238.2
6339.8	2451.2
6153.1	1652.4
4205.7	590.16
6547	1755.6
6981.4	2162.3
6274.4	1500.2
4995.4	1856.7
5388.2	2501.4
6804.5	513.51
5621.1	2644.8
6444.2	2263
6307.1	2142.2
6464.3	1116
4097.5	1702.6
4758.3	1927.7
5346.6	2418.8
4609.6	2279.6
6617.3	2205.1
4979	1828.8
6256.4	2529.1
4725.8	1849.4
6932.7	2380.9
6895.5	2059.8
4734.1	1859.3
7306.8	1235.7
4204.8	1765
6895.6	2059.7
5323.2	2410.2
6434.9	1464.8
4678.4	2039.8
4699.7	1426.9
6555	1720.3
5794.1	2410.3
5696.3	2379.7
6798.5	1162.3
6154.3	1786.1
6593	2347.6
4700.1	2344
6145.9	2033.1
6210.8	1423.9
4020.6	381.98
7104.4	2114.5
5362	2344
4144.4	1831.4
5486.5	2389.6
6728.9	1168
4942	2482.9
6596.1	2328.1
6952.2	2486.6
6157.5	2391.1
6415.9	2129.1
6499.7	2522.8
6442.4	1474
7283.9	1151.5
6898.8	331.66
6760	209.78
5568.3	2519.3
5276.9	2560.8
7128.7	105.11
7127.1	722.68
6448	1479.4
6319.8	2155.3
5253.3	2272.7
5238.1	2210
6547.8	907.78
6261.8	2479.1
4747.9	2342
4861.6	1772.2
6593.8	2371.6
5345.2	2339.4
6797.2	1554.9
5360.9	2342.6
5387.3	2380.4
5397.9	2367.7
6513.8	2243.5
6152	1784.1
4797.5	1770.5
6295.5	2381.5
5792.6	2408.6
6876.5	1503.1
6549.8	1709.9
5850.5	2466.2
4753.7	1807.5
4867.4	2403.4
5073.7	2427.5
6589.8	1298.5
5776.2	2036.8
5425.7	2364.7
5371.4	2341.9
4925.8	2058.9
5447.4	2506.7
7169.8	1206.3
5900	2232.3
6891.5	2357.4
5556.6	1704.2
6966.7	1416
5988.7	1576
5252.5	2163
5490.7	2114.4
7296.8	1124.9
4839.1	2186.7
5410.1	2726
5848.8	2465.6
7105.7	2130.5
6899.4	330.15
5482.1	2434.1
6427.8	2349.9
6547.4	1657.2
6795.9	1576.9
5110.7	2419
6430.1	2448
5458	2428.3
5320.2	2361.2
4228.3	1308
5989.4	1576.3
4143.6	1832.2
6915.8	522.41
6548.2	907.71
4681.1	1772.1
4742.2	1360.7
6994.2	476.52
5637.2	2154.8
6922.2	2054.6
5321.6	2540.7
6288.9	2168.8
6320.9	2155.5
6149.2	1779.9
7127	721.45
5003.6	1850.8
6790.6	2235.1
5398.1	2494.8
6612	1345.8
5378.7	2477.4
5452.9	740.5
4407.5	2073.5
4824.6	2490.6
6895.3	2643.8
4223.8	1411.2
4188.1	1469.6
6918	1939.2
5487.8	2427.9
5486.3	2416.7
5373.6	2722.1
6222.5	1980.8
6126.3	1367.4
6338.6	2395
6663.9	621.26
5399.4	2465.2
7001.8	344
6741.1	1516.9
6198.5	2450.2
6742.4	2295.1
5396.9	2513.4
4094.4	1178.9
5682.5	2091.4
6722.8	1627.2
5421	2438.9
4951	2484.7
5269.4	2314.2
5104.9	2469.1
4638.9	2283.6
7001.9	501.74
6197.9	2405.8
5268.9	2314.8
6744.1	1630.2
6920.2	586.06
6787.2	2391.1
6269.3	2424.6
6801.2	2379.7
5212.6	2149.6
6340	2223.8
4279	1530.4
6823.1	542.04
5428.4	2375.9
5856.5	2461.5
6337.9	2435.2
4233.2	1851.3
4698.8	1534.1
6900.2	2512.2
6364.9	2342.3
4127.2	1724.8
6744.3	1631.2
4583.9	2290.8
5115.8	2088.7
6217.5	1118.6
5199.7	2137.1
6531.2	1663.1
6205.5	1721.6
5556.6	1703.2
6379.2	2396.9
6721.2	2117.5
6535.2	1723.5
5328.8	2315.6
6056	2328.1
5847.3	2471.3
4743.2	2293
4680.7	1554.9
4226.2	2128.1
6802.8	545.94
5360.8	2335.1
4032.3	821.86
5400.6	2494.4
7092.6	1300
6900.9	1459.4
5343.6	2538.1
6524.4	951.59
4148.3	1289.4
5338.3	2359.9
6199.6	2464.7
4934	2898.5
5347.9	2516.3
5408.5	2391.2
7165.1	1233.2
6335.8	2365.5
5356.5	2336.1
6223.1	2567.8
6532.8	1717.1
4150	812.98
5413.4	2399.4
4937.2	2077.2
4046.4	1163.7
4789.6	2157.6
6251.6	1935
5381.7	2472.1
6740.7	1516.9
6487.9	1800.8
6633.4	1043.5
5951.9	2593.2
5204.4	2120
5181.9	2203.4
4315.9	1841.5
5403.7	2494.1
5457.8	1179
6504.1	2422
4665.1	2026.2
4713.5	1592.9
5294.7	2557.6
6524.6	2373
5134.7	2166.3
6710	726.15
7073.7	1327
5278	2273.3
5341.4	2351.2
6379.9	2431.1
6601	2474
6469.1	2275
6253.4	2258.9
5495.4	2449
5366.8	2356.8
4262.5	906.75
6893.9	2407.9
5241.5	2217.7
6977.1	271.78
5442.8	2596.7
6804.5	2428.2
6456.7	1141.6
4498.3	1695.3
5882.3	2437.2
5884.6	2548
5884.3	2548.6
4922.9	2475.8
4473.9	1235.1
7168.4	2199.8
6621.5	804.24
5263.9	2559.5
6327.1	2241.1
6475.6	1965.5
5342.6	2351.7
6162.5	2230
6649.5	1006.6
4263.2	906.09
6732.2	2509.1
7175.2	2186.4
6374.4	1152
4296.5	1535.4
5555.1	2200.6
5553.1	2200.5
5352.6	2303.9
5332.7	2529.2
4663.4	2045
5600.2	2540
4240.6	1795.2
4118	2033.2
6264.1	2244.7
6682.1	424.8
4041.9	1292.1
5270.7	2287.6
5456.8	2323.2
7216.1	2051.7
6440	2119
4662.6	2044.9
6980.1	2200
4928.1	2373.9
6493.5	2318
5727.8	2054.7
6504.9	2466.7
6514	1060.9
5649.6	2171.8
4811.2	2523.8
6374.7	1152.2
6911.2	2556.4
5494.7	2414.5
7169.1	2123.4
6617.8	876.85
4279.1	1534.4
5408	2319.6
7067.9	1301
4783.9	1932.2
4942.7	2350
4103.7	1444
4683.6	1779.3
5084.4	2491
5778.3	2040.6
5122.9	2081.9
7086.1	428.32
6367.3	1614.3
5405.9	2346.7
5410.3	2322.2
5417.1	2436.2
6977.1	273.64
7139.1	491.77
7067.6	1300.6
6011.6	2032.9
4167.8	1612.2
6727.2	2152.5
6465.6	1601.3
6833.9	549.07
6341.5	2630.6
4574.9	1640.6
4659.3	1756.1
4662.2	1485.4
6546.2	2366.2
4329.9	2299.8
4119.9	634.31
5134.2	2018.4
4818	2368.2
6787.9	641.25
5740.1	2063.2
5402	2347.8
5299.5	2518
5423.5	2326.1
6516	2101
4061.8	1261.2
6674.7	701.52
6448.6	1481.8
5231.3	2261.3
5389.6	2436.4
4066.6	631.24
6249.5	2509.7
5419.2	2327.1
4966.9	1833.3
6371.6	1096.4
6730	2288.9
5792.2	2614.7
5493.7	2279.6
4231.9	2330.9
6536	1664
5397	2403.1
6866.7	2188.2
7185.4	2506.7
4337.5	1411
5410.1	2419.2
6163.8	1550.3
4779.7	1950.3
5483.3	2409.3
4843.5	2372.6
6446.9	1636.4
5272.1	2293.7
5186.3	2411.8
5551.8	2198.6
6139.6	2003.6
5021.4	2421.9
5401.9	2374.9
5379.8	2350.6
4302.9	1523
5962.2	1672.6
4155	1257
5388.4	2439.4
6630.7	2235.1
6284.1	2327
5339	2370.3
6914.3	322.35
6908.1	2327.4
6489.8	1836.7
7240	712.29
4082.8	742.01
6482	1136.5
5796.6	2461.9
4182	846.77
4345.4	1410.1
6693.1	814.17
4842.1	2331.7
6580.9	951.31
6543.3	1771.1
4839	2676.8
5079.1	2449.6
5197.6	2170.9
4204.1	815.79
5929.2	2498.3
5448.9	2342
6437.7	2380.2
4694.7	1261.8
4259.1	1378
4184	847.33
5425.8	417.42
6240.3	2530
5254.3	2324.9
6852.8	651.77
5196.8	2333
7092.4	2352.1
4182.2	847.02
5404.7	2722
5281.8	2287.6
6235.2	1742.9
4804.6	2480
4240.1	2475.7
6518.3	1651.6
7064.1	1336.7
5430.8	528.8
6907.2	344.58
6804	2238.2
6303	1176.7
6705	487.46
6193.4	2081
5397.2	2703
7094	2420.3
5397.8	2703
7214.2	2677.7
6726	875.17
6658	1680.9
4075.2	1176.3
4116.1	1619.9
7270.6	1372.7
4302.8	1549.9
5554.4	2558.3
4281.5	1816.9
4146.7	1436.3
7327.7	2053.5
4719.7	1246.8
4252.8	1318
4842.2	2331.7
4398.1	1116.3
5445.6	2365.3
6844.4	354.04
6945.9	1451
7162	2109.8
5346.1	2393.5
5422	2326.7
5214.1	2189.1
4213.6	1485.4
5239.9	2275.2
5416.5	2384.4
5283.7	2412.8
5228.7	2134.7
5448.2	2319.1
6346.9	2468.5
6650	1240.8
5220.5	2196.3
6125.9	1375
4138.3	953.84
6718.4	768.09
5786.6	2462
6804.5	540.28
5484.5	2384.9
5411.1	2024.8
5929.6	2499
6212	2543.5
4151.9	2532.3
4160.5	1652.1
4274.9	791.74
5464.9	2118.9
6863.5	488.53
7094.7	2485.7
5494.4	2469.5
5360.2	2429.1
4901.2	2327.1
5359.4	2361.4
6437.7	1145.7
5594.9	2372.2
5273.5	2511.7
5446	2361.9
7055.8	64.888
4639.3	2763.9
6287.9	1851.8
4100.8	1246.2
6339.2	1333.8
6937.9	2287.4
5472.9	2123.7
7286.7	2092.1
5428.3	2499.7
6862.8	2184.1
7080.9	1906.4
4750.1	1937.6
6497	2424.4
5428.9	2346.3
4246.2	758.08
6719.8	966.29
5560.9	2221.3
4964.1	2360.2
6866.8	343.11
5384.2	2309.5
6265.9	1238.9
6491	2857.5
5462.5	1091.8
5464.8	2460.9
5424.2	2702.8
6839.9	2194.3
4113.5	2023.9
4067.1	728.02
7231.3	2107.2
7322.7	2030.5
6609.5	848.04
6905.8	2063.8
7243.6	2976.2
4092.7	2339.1
7262.9	522.88
4909.5	2052.4
6796.3	2396.3
4030.6	592.34
5950.8	2727
4632	1798.4
4091.3	2383.2
4109.2	1300.3
5424.9	2701.9
5431.7	529.31
6740.1	751.2
7082.8	1207.2
6859.3	2181.8
6545.9	1065
6134.7	1371.6
5401.7	2698.9
