5081.1	2479.1
3234.6	4748.1
6543.1	2457
6345.6	2411.1
6394.9	2429.9
6310.8	2382.2
6548.8	2400
2610.1	4661.6
6550.9	2377.4
6333.1	2386
5257.4	2446.1
6318.9	2638.9
2675.9	4550.3
6289.1	2642.1
7113.6	4351
5782.6	2807
6439.4	2850.4
6542.9	2435.6
7218.6	4482.2
2941.6	3763.2
5477.1	2405.3
6207.4	2693.4
5183.6	2487.4
80.693	4301.5
5314.9	4680.6
5475	2405.6
1304.1	4095.7
5379.9	4689.1
5150	2296
6361	2399.8
6713.2	2092.9
2508	3006.1
5646.1	2707
5055.9	4683.4
4021.6	3433.9
4645.1	4638.6
6567.2	2423.1
5032.9	4670.9
4219.7	2356.1
6700.2	4472.3
6313	2393.3
5131.1	2449.4
5839.9	2853
1327.6	4091.9
1257.9	4110.4
6274.6	2476.2
5576.3	2681.5
4711.5	4644.6
4890	4870.9
4644.5	4639.2
2917.4	3797.6
6090.4	2477.8
1746.3	871.93
5363.7	2448.2
5223.6	2487.4
5655.2	4719.2
3735.1	873.15
4665.5	4655.6
5608	2683.5
4923.7	4783.8
6079.1	2696.4
4961.8	1956.6
5338.6	4700.3
4797.8	4770.7
5378.4	4707.8
5240.9	4692.5
4582.6	4835.9
4185.9	1002.9
4741	4644.3
6550	2425.4
5900.3	2579.8
5032.1	4670.6
3723.1	1502.8
6466.4	2451.4
5174.8	4675.5
5446.3	2794.2
5202.3	4668.9
4142.8	959.14
5888.3	2704.4
3950.6	3420.2
4704.6	4660.9
6226	2685
5390.9	2425.8
6825.3	1917.3
5203.5	2366.6
7043.2	2927.2
4825.2	4647.1
5175.4	4675.1
5338.9	4699.5
5823.8	2471.7
4951.9	4681.9
7045.5	2436.3
4925.7	1962.8
4381.3	2837.4
4980.7	1978.9
6046.2	3963.4
7024.9	2326.9
5424	2879.9
4993.5	4666.2
3881.2	3457
6623.6	3666.3
5276.5	4674.8
3891.8	3435.4
4220.7	2345.5
5126.1	4678.7
4901.8	4658
6267.9	2483.7
1724.3	2486.2
4122.3	931.95
1769.2	3075.1
4842.7	2899.5
4962	4663.5
2929.1	3775.2
5098.1	4685.6
3147.8	2862.9
2966.7	3808.9
4951.9	4682.8
5271.9	2445.5
4703.5	1932.3
5791.9	2847
5273.6	4692
4970.8	4838.2
6741.3	2448.6
3834.6	1895.6
5162.6	4676
5107.4	4653.9
5241	4685.7
5300.2	4861.6
4626.5	4857
6313.2	3788
6630	2454.9
6265.2	3785.8
4993	4667.3
3718.6	954.37
5205	4834.6
5068.9	4679.7
2754.9	3789.9
5201.8	4677
832.48	669.58
5449.1	2879.4
5098.8	4818.7
3862.7	3440
6031	2480.3
4997.6	4682.8
5207.1	4832.8
5202.2	4856.1
5238.3	2326.8
6291.3	2199.9
655.8	4172.1
5305.8	4680.1
5637.7	2661.5
4821.5	4655.6
5120.5	2446.1
2969.3	555.91
5636.7	2387.7
5275.6	2447
4820.4	4657.3
5249.2	2453.6
6783.6	3451.2
5461.8	2861.8
5869.8	3725
5302.9	4840.5
5562.6	2353.5
5274.7	4690.4
5283.1	4691.4
6025.8	2325.7
6826.3	2450.5
4858.9	1866.4
5094.4	4815.6
5340.2	2336.3
6506.1	1867.6
6677.1	2447.6
3807	2651.9
6344.7	2415.9
5023.2	4671.2
5511.8	4719.9
4669.5	4850.5
4990.1	4850.7
5296	4867.5
6010.5	2800.8
5138.9	4677.8
4818.7	4661.7
4517	2041.5
4835.9	4647.3
4834.4	4646.3
5203.9	2310.8
5139.9	4677.5
4596	4845.2
4635.8	4640.2
5097.8	4658.2
4970.5	1973
4819.4	4661
4870.6	2909.8
5171.3	2597.8
6855	1947.2
5299.7	4835.6
5314.3	2310.5
4884.1	4838.2
5139.9	2461.3
4623.7	4849.9
5957.9	2724.5
5522.9	2872.9
5365.6	2481.1
6319	2294.4
5018	2080.3
5260.9	2308.5
5164.6	4674.4
6661.2	2455.4
4786.6	4815.5
5371.2	2414.1
6881.6	1941.4
4609.9	4627.9
6286.2	2239.9
4883.9	1887.8
5669.4	2144
5242.3	2283.6
5597.4	2370.2
4791.3	2547
5138.7	2479.2
4968.8	4832.5
2766.8	1190.6
5472.1	2827.7
4738	1667.6
5376	4700.8
4152.5	968.12
1286.5	4109.6
4949.2	4667.7
5600.5	4710.6
5329.7	2286.7
4988.5	4844.2
6417.7	2437.8
4177.3	1313.5
5829.9	4241.2
2632	1150.3
4631.8	4835
4795.3	4817.4
5327.3	2249.3
5441.2	2460.9
1345	142.89
5214.4	4823.9
3993.2	1673.4
4802.4	4767.6
5828.6	2469.9
4992.5	4672.8
4144.5	990.53
5094.2	4844.5
5260.3	2336.3
5312.6	4856.7
4635.8	4833.2
5481	2873.6
4590.9	4848.1
4949	4666.6
6576.2	2377
3469.8	2391.3
5306.6	2343.9
5820.2	2322.2
5175.8	2661.1
5297.8	4831.3
6866.6	1935.9
6562.3	1878.2
4118.5	941.86
5107.9	2651.6
6772.2	1891.6
4879.1	4841.9
5398.3	2505
5209.2	2312.6
5326.6	2248.5
2164.2	2974.3
4747.2	2575.6
3785.8	2915
5581.6	2420.3
4578.8	4892.1
5359.4	2309.8
3799.7	2128.2
5023.7	2057.1
6052.8	3609.3
3578.6	2128.5
6053.6	2481.3
4783.8	4814.5
6317.9	2274.6
5832.7	2458.8
5590.7	1847.5
4946.3	1956.6
5031.2	2174.6
4626.4	4833.4
2902.6	3822.7
5840.1	2461.9
4762.1	4859.5
1581.7	2139.9
4016.4	3441.9
4228	3016.3
3791.5	1679.6
5475.7	2863
5253.1	2461
5093.5	4846.2
5339.8	4690
304.29	2261.1
6731.5	3525.8
5307.3	2378
7342.7	1502.5
5845.4	4734.8
6561.2	2442.5
4344.9	2256.5
5296.2	4830
5264.9	2310.2
5157.4	2289.8
4799.4	4817.8
5259.2	2344.7
7054.5	2935
5606.4	2798.1
1600.6	237.33
2659.1	3837.3
5246.2	2465
4633.4	4816.9
5227.4	2314.4
7324.5	2409.5
6355.5	2417.1
5282.3	2344.3
4427.4	1300.4
2963.6	3759.4
4984.3	4668.5
2955.2	3784.9
2695.6	2103.1
4149.2	991.52
6060.3	2056.7
5094.1	4669
4585.2	4851
5028.1	2198
3897.4	1409
6074.1	2481.5
5946.7	2715
6322.6	2412.4
6283.9	2373.7
7283	1637.6
3989.4	1880.3
4981.6	1976.4
5335.9	2266.9
1947.5	1108.9
5121.3	2303.4
5491.4	2860.9
2891	3823.6
3253.9	738.68
5207.7	4686.2
4586.1	1839.9
4928.1	4673.1
5743.6	1819.8
5055.4	2154.1
5489.9	2828.6
5348.3	4696.2
2731	1865.8
5079.8	2254
6382.1	2404
3750.7	1342.8
3827.4	881.09
5359.9	2298
4006.8	2251.4
4775.6	4812
6483.4	2952.8
5508.3	4711.5
6162.6	2857.2
5253.7	2482.7
4996.6	2066.3
6546.4	2022.8
6316.9	2341.6
4639.7	4648.7
5530.6	2538
3716.9	1134.3
5233.8	4675.5
5673	2680.4
261.78	650.99
6050	2470
5600.5	4716.5
4183.3	1017.5
5889.2	2591.7
6070.8	4272.2
4928	4674.3
4138.3	1050.4
6539.2	2940.6
5118.6	4845.6
4963.6	1981.8
1167.6	4143.9
3446.6	1020.4
4602.9	4843.4
5505.4	4711.5
6124.3	2479.9
2954.8	3766.7
4601.9	4842.7
4827.1	4799.3
3989.7	2124.3
3556.7	1161.6
4854.6	1873.9
3237	1392.8
6590.8	2457.5
5486.5	2864.8
5025.4	2103.3
5233.7	2468.7
5599.7	4703
7330.7	1804.2
4871.6	4847.7
4644.6	4827.6
5358.5	2325.5
5065.4	2227
5246.9	2340
2867.8	2314.9
6766.2	1986.3
7063.3	2627.8
5383.5	2534
4048	3428.5
6120.6	2369.4
5377.7	2508.8
4498.2	1702
6268.2	2337.8
4289.9	2160.2
4839.7	4650.7
5088.3	4851.5
6120.6	2331.3
1710.2	2452.6
2047.5	2273.4
6025.1	2717.5
6394.5	2355.2
5326.4	2259.6
5083.4	4854.3
4583.3	1781.9
2360.4	3031
5580.9	2798.9
5504.1	4711.6
4932.5	1947.9
6423.9	2547.6
5247.4	2339.9
5583.1	4705.6
4970.2	2091.8
5400.3	2421
5246.4	2515.3
2791	2043
4027.7	3407.3
4445.5	1653.7
5816.1	1749
6924.3	2727.2
6388.1	2555.1
7073.3	2092.5
4350.6	2213.1
6683.8	2327.1
6500.4	2061.2
5935.7	1869.2
3972.9	1639.3
5230.6	2454.5
4427.2	1278.3
5846.9	2655.7
5628.7	2037.1
6406	2550.2
5116.5	2324.9
5441	2870.1
5393.3	2393.1
5337.9	2287
5149.8	2284.8
3693.5	2423.3
5934.1	1847.9
5089.3	4674.1
4309.7	2200.5
373.26	143.8
6638.1	2215.5
6814.6	2366
4754.2	4860.8
4983.3	2421.8
328.03	4872.5
2113.7	4316.4
3972.3	1639.1
4272	2099.5
5628.4	1841.8
6500.4	1874.7
5741.8	1887.3
4792.4	2543.2
2709.6	613.71
6072.8	1923
5265.9	2422.8
6543.7	2389.5
3102.4	2374.2
5395.5	2519.2
5511	2874.4
4613.5	4638.6
6264.8	2054.3
4578.1	4853.3
4438.9	1643.3
3694.7	2365.2
5157.7	2401.2
4684.4	4849.6
5141.3	2338.4
2848.4	2280.4
6377.9	2849.2
4920.9	2066.4
7219.6	2208.9
4934.1	4661.9
5516.6	2867.8
5229.3	2349.1
4386.4	2526.6
2694	2616.3
2677.6	1983.9
4643.3	1838.2
5694.9	1957.9
4768.6	1834.5
5353	2468.6
5157.4	2548
308.84	3284.2
5351	4692.7
1908.4	2741.9
5498.3	2602.9
3666.4	1183.8
6069.5	2481.4
6888.5	2112.3
6670.2	2290.2
6147.9	2873.6
6414.7	2533.1
4639.9	4855.3
5968.9	2354.3
5682.2	2295.7
6311.2	2303.1
6827.8	2907.5
4396.3	1279.3
6230.7	1988.3
7159.6	2966
6529.6	1654
3683.3	1248.6
3986.2	938.72
4044	2542.5
4823.5	2899.9
4148.8	1022.5
6258.1	1951.3
6225.9	2221.5
5316.2	2419.9
3736.6	1613.9
7313.1	2049.3
6466.6	1847.8
6777.6	2271.2
4649	4853.9
4133.1	964.62
306.51	266.97
6980.4	2444.7
5367.6	4697.5
4148.8	1632.7
4965.3	2819.4
5130.7	2486.3
794.06	4156.6
5088.6	4691.2
5502.4	2869.9
6900.5	2127.9
5319.5	2272.6
6572.8	2349.5
6228.2	4282.8
5203.3	2363.4
5174	2317.7
4761.5	4850.2
5924.2	2381.1
5066.7	2232.6
4554.5	1754.1
4947.8	2017.4
5482.4	2629.4
5124.7	2315.6
7325.5	1767.7
5440.5	2876.7
4374.4	2337.9
4829.3	2188.2
5307.2	2431.4
5679.7	2663.9
5098.1	4667.9
5832.2	2338.4
4926.3	4680.1
4797.7	4801.1
5600.7	4722.5
5491.3	2444
2764.3	583.39
4139.5	1117.1
4712.7	1985
6317.7	2426.9
5658.4	2673.2
2179.3	1987
5285.7	2411.3
5382.6	2525.1
5319.8	2367.3
4959.6	2064.7
4345.5	1555.6
4947.6	2800
4977.3	1999.6
4286.6	1981.7
6453.6	2549.7
3526.4	1339.3
3884.7	1325.3
4824.2	2026
3760.9	873.03
4077.8	942.24
5416	2533.9
5336.5	2281.8
5759	2188.2
5459.5	2049.2
3928.3	931.22
4616.2	4615.4
5143.2	2488.5
5676.3	2932.2
4905.2	2109.7
5279.9	2305.6
4217.2	2578.6
1235.1	1679.8
5639.9	2820.2
5015.9	2154.3
5155.6	2313.9
5216.9	2339.4
4574.6	1650.7
4853.2	1853.4
5835.3	2421.2
2357	336.79
5277.8	4685
6234.7	2242.3
3700.1	1444.4
5265	2523.8
6130	4222
7183.5	2650.8
5572.1	2364.4
4601.3	1620.9
5317.3	2452.8
5592.1	2444.2
6552.2	2417.7
5185	2315.6
6047.4	4320.2
5167.9	2308.6
2836.9	800.53
6767	4395.6
5519.6	4703.5
3719.7	920.54
977.93	4797.8
7235.4	3137.9
4599.8	2373.3
5308.8	2539.4
6427.8	3685.3
5236.9	2350.8
1291.1	2521.3
4362.8	2407
6567	1889.8
5087.8	4692.7
6324.1	2008.6
2951.3	577.92
6052.8	2496.5
3205.1	1438.8
1394	916.68
5486.9	2877.8
5245.8	2515.6
5149.7	2313.4
2836.1	3772.8
5332.8	2277
4651.7	4825.3
5144.6	2313.4
4049.1	2534
5579.4	2390.5
2512.2	1434.6
7154	1463.7
6614.5	2719.2
4738.1	1938.6
5426.6	2081.1
4164.5	1009.6
3698.6	2483.6
4231.7	2352.7
4961.7	2355.9
5104.6	4840.5
4149.9	967.6
4104.6	954.42
4637.9	2371.6
5022.9	2198.3
5108.3	4838.6
5040.6	4789.1
3089.5	566.85
5668.7	1768.4
5600.8	4727
5038.7	4686.8
5291.7	2304.8
5342	2279.2
6261.7	2392.9
4492.8	2342.8
4669.8	1865.4
6472	1726.8
6942.7	1998.2
3433	856.75
4999.2	2009
6643.9	2438.7
4993.7	4676.1
3717.3	2310.7
6748.1	2147.3
5236.2	2348.1
5435.5	2795.9
5386.4	2956.6
4311.3	2610.4
6408.3	2547.1
4602	1625.5
5128.3	2487.5
4398.8	1907.2
6696.6	1694.5
6511.3	2413.6
3693.9	900.69
6102.1	3586.7
5235.1	2379.2
4799.5	4804.9
6537.3	3715.5
3473.3	1946.8
5230.7	2505.7
6765.7	2448.3
4930	2000.4
6718.1	2856.4
4578.2	1769.3
5739.6	1809.8
5332.7	2304.9
5359.5	2372.9
4765.9	4843.2
3677.7	1196.8
2477.3	4741.2
4905.1	2692.1
5431.9	2872.1
4097.8	1742.4
5564.2	2154.6
6394.7	2930.1
6533.4	2444.7
5500.3	2862.2
4413.6	2234.2
5171.5	2307.1
4160	2279.1
1925.9	2376.7
4738.1	1942.8
4755.3	1927.9
4702.4	4657.1
5242.9	2354
5005.9	4831.1
4152.2	1750.7
5329.6	2398.3
5486.5	2433.2
5018	4839.5
4727.3	1725.7
6296	2836.5
4753	2321.9
2982	562.19
6474.9	2289.2
5458.5	2860.3
4747.2	4656.9
5946.8	2373.6
6925.7	3756.6
5459.3	2048.8
5485.3	2846.2
4427	1641.3
5090	2254.9
2836.1	1228.1
5975.5	1865.7
5283.8	4669
5176	2653.1
5770.8	2979.5
7092.4	2807
4160.4	1052.5
5500.4	2864.7
3922.9	972.4
4658.2	2484.2
2373.9	4643.6
7163.9	1564.7
5479.8	2873.8
5012.1	2124.8
5139.1	2289.7
4067.6	940.82
4576.4	1783.9
5366.1	2430.6
4391.8	1274.3
4934.2	2091.2
5046.3	2223.2
5433.3	2503
4134.4	1064.9
6436.1	2425.6
5139.8	2317.1
5686.9	2406.3
5540.6	2589.4
3522.3	1610.5
5463.7	2414.2
2721.3	1164.1
741.86	4800
1154.7	4088.9
2340.6	286.85
5359	2384.4
4418.8	3009.2
5150.7	2417.9
1438.8	2521
4911.2	2423.2
4062.2	932.81
5703.7	4701.7
5241	2437.3
6189.8	2747.6
6670.5	2654.8
5149.5	2325.6
4461.8	1943.2
5422.5	2093
5582.3	1937
4868	2363.9
4870.3	1895.8
6496.1	2540.4
5026.5	4782.2
6090.1	3950.7
7220.8	3277.7
1790.7	3029.5
5969.3	2682.1
5418.3	2508
5529.4	4697.6
4993.8	4886
6380.8	2492.1
4971.3	2356.2
5002.1	4661.1
5433.2	2795.2
1104.2	888
6509.7	2807.5
2774.1	602.41
5912.8	1957.7
5883.8	1878
4605.3	1639.1
4296.6	2371.3
5012.5	4863.8
6804.1	2758.4
5200.9	2680.6
4944.3	2005.4
6912.1	1900.5
6159.4	2375
6404	2066.7
3015	737.17
4890.7	1924.1
5028	4780.1
4192.6	1741.3
3824.6	1450.8
4824.4	4840.7
3936	2155
2080.5	4818.9
5733.2	2721.2
7053.4	1831.8
5220.6	2599.3
4968.1	2006.5
4183.5	1745.2
2941.1	3811.6
5154.9	4764.7
5419.4	2570.4
6043.3	2132.9
5183.2	2475.8
3897.8	2405
3905.4	2743.8
5113.8	4691.3
4187.9	1088.6
7165.6	3165
4119.3	1557.8
4602.7	1809.3
4734.2	1659
5959.5	2340.2
2112	4784.8
28.702	806.91
2545.4	1248.2
5151.2	2325.4
4883.1	1968
6371	2396.1
2927.2	3785.4
5193.8	2478.9
5158.1	2407.2
3894	1763
4995.5	4889
6440.9	2750.4
5326.8	2237.7
4603.9	1635.8
2033.3	1939.4
7124.8	1688.4
4822.6	4849.4
5121.3	2331.4
5999.8	2824.6
4050.5	2265.3
2807.7	1201.9
5321	2331.4
4767.8	2335.5
4716.5	4671.3
5438.5	2408.1
4373.3	1356.9
2175.9	3043.9
5143.8	2674.9
3960.4	1980
6406.3	1997
821.6	4772.6
4737.8	1690.3
5238.4	2346.3
4972.3	2354.6
6057.3	2498.3
6519.7	2850.7
5226.2	2518.2
5919.5	2713.6
4851	1918.7
1233.2	1680.3
3062.5	2032.7
4923.9	4687.1
587.37	1997.5
5512.4	1920.9
3554.6	1380.6
5402.8	2129.3
103.68	631.43
6862.1	2447.3
5881.6	2394.2
4510.2	2086.7
6203	1801.8
5223.5	2427.7
4950.5	2063.5
16.019	840.61
6035.9	2405
5270.8	2349.7
3382.1	911.16
4467.8	2563.6
2100.6	4363.7
3791.9	1980.1
5005.4	4626.9
5474.7	2330.2
1693.9	2439.8
5898.6	2392
5279.9	2298.2
6063.7	2483
4686.1	4639.7
4387.3	1886.1
348.82	172.01
4685.4	4611.2
4705.9	4606.5
5124.1	2266.4
4657.6	4854.6
5294.2	2349.6
4655.7	4612.2
4993	4874.4
6028.9	2467.1
5307.9	2470.3
5438.2	2514.3
5199.7	2472.2
5209.3	2492.9
5450	2082.6
5320.3	2415.2
5281	2509.8
5113.9	4697.4
2997.5	722.23
4788.4	2003
5136.5	2287.5
6584.3	2463.7
6061.6	2678.6
2786.2	2436.1
5155.5	4785.3
5960	4396.7
6791.9	1932.4
4630.7	1565.1
4600.4	1807.3
232.98	2275.8
4362.3	2199.5
5492.1	2870.9
1944.7	238.89
5285.6	4686.2
6239.3	2279.2
1598.3	983.19
5047.7	4661.7
5154.5	2325.8
6846.4	2074.2
5163.3	2279.3
2375.7	525.43
4589.9	2030.4
6253.9	2272.6
5029.6	2231.2
5077.8	4829.5
5940.3	2106.1
4091.6	988.08
5187.3	4662.2
6359.8	2755.4
5775.8	2053.5
6124.5	3212.9
3955.6	963.45
5029	2369.4
6667.1	2460.6
1870.7	2184.2
6558.6	2017
3011.6	545.65
6830.9	4289
5183.9	2413.9
2198.3	1834.7
5026.6	2859.4
5551.2	2184.1
6268.8	2869
3953.4	2148.6
4647.4	2541.9
5839.7	2467.9
4742.1	1868.7
5398.1	2546.1
5195.2	2325.1
3847.9	1298.8
6465.9	2554.3
6706	3010.3
5507.1	2887.1
6558.8	2373.9
4629	4644.5
5431.7	2564.2
1388.4	461.35
5222.4	2323
2454.3	4628.6
3383.9	677.89
6530.1	1642.2
5453.6	2084.6
250.89	2748.8
5432.1	2073.4
4593.2	1740.8
5277.2	2508.5
2252.5	4712.1
5325.9	2442.1
3600.6	1644
6617.5	1808.5
5624.3	2687
5304.9	2313.9
6188.7	2760.2
5099.7	2255.8
3707.5	1855.4
3939.4	1894.7
5149.9	2420.6
5284.4	2386.6
5181.8	4695.1
4971.2	4806.6
4458.3	1997.6
6069.7	1993.1
6055	4286.4
5892.9	2766.3
6729.7	3535.3
801.63	4127.2
6460.1	1817.7
2477.4	1751.3
2668.9	3827.5
5207.2	2421.4
1943.5	235.04
4552	1767
3706.6	1856.7
5187	4656.6
3991.5	1540
5262.9	2296.3
6530.5	2286.8
4505.4	1718.5
4088.1	1866.5
4851.6	2343.6
3526	1671.6
4562.4	4631.3
4830.1	1867.6
4466.9	1950.3
5163	2280.5
6850.8	3467
5176.3	2333.7
3003	1166
5244	2300.9
1108.1	653.63
3424.8	2326
1373.9	4104.9
5446.6	2081.3
4234.8	2335.2
4504.3	2408.3
2952.9	1011.3
4775.6	4612.6
3980.4	1620.7
3002.6	540.04
4556.3	4644.6
4959.5	2059.9
1151.1	4789.5
5162.2	2282.6
1299.4	2646.7
4999.5	4677.6
5218	2467.3
5556.4	1854.4
3242.8	1853
6523.2	2940.3
5294.1	2346.2
4920.5	2087.8
5161.6	2297.9
5220.1	4694.1
3805.4	2594.9
5017.6	4838
4679.1	1739.5
3769.6	2389.6
6900.6	2453
904.26	663.71
7188.3	2355.5
4106.1	1622.3
5316	4693.7
2594	4480.4
3695.8	2026.2
372.85	133.5
3117.8	2098.4
5678.2	2423.6
4281.2	2136
4968.5	2253.8
1445.6	2634.8
5038.6	2232.9
5164.8	2658.1
5385.1	2736
4781.8	4653.2
3600.5	932.44
6196.1	1930
2912.1	1019.3
3031.1	2518.1
6950.4	2332.6
6087.9	4204.4
4553	4638.2
4997	2476.4
4968.7	2295.4
5321.7	2331
4265.3	2333.5
1284.8	2632.5
4137.6	1569.3
6228.7	2137.8
5218.6	2408.6
5671.9	2401.7
5873	1847.9
1906.3	873.3
4601	1933.6
6400	2383.3
4328.8	2777.2
4285.3	1833.6
5271.1	2341.8
6062.9	2496.5
375.14	4231.6
5657.4	2427.5
6298	1993.8
7043.6	2726.3
5672	2436.8
5029.2	4779.6
697.68	496.7
6000.4	3918.5
620.78	1039.2
4941.9	2009.6
3601.5	931.76
5251.7	2278.9
3870.4	1349.6
4434.4	2740.8
7327	2556.9
6950.4	2664.2
4724.1	4653.5
6269.1	2242.1
4967.9	2396.1
5909.7	2308.6
4767.6	2132.4
4690.6	4635.4
4923.7	2105.8
5740.3	1753.7
3710	1345.6
3740.3	1210.6
5031.1	4628.2
6301.7	2668.1
4971.2	2300.3
3130.2	2461.3
2706.9	1833.6
4574.8	4623.2
4048.6	2142.8
5306.8	2449.8
1686.9	2788.9
4401.6	1917.8
5306.9	2386.9
6759.7	1994.1
5157.6	4812.7
4923.5	2101.3
606.79	2112.3
3618.6	2374.5
7228.5	1519.3
4931.6	1982.8
5612.6	2544.8
5090.2	2259.4
4963.4	2427.8
4130.1	1056.1
5714.4	3633.2
6362.9	2402.4
5383.4	2405.1
5317.3	2348
6602.4	1850.1
6838.1	2288.5
4692.5	1826.7
4768.5	4649.5
5203.3	2363.6
2184.1	2388.6
5994.1	3995.2
6453.6	2884.6
6545.7	2468.9
3836.8	1611.7
6707.9	3568
6130.7	4230.8
4594.4	1738.1
7109.6	3090.8
2790	3732.4
6149	2351.8
5387.1	2449.5
5182.2	2478.1
4737.7	1791.6
6437.3	2528.8
5218.3	4699.1
5259.7	2501.4
4710.6	1777.1
2351.5	2581.9
5296.8	2440.8
6641.5	2954.2
4964.1	4798.4
6981.3	2969.9
5325.1	2361.5
4499.7	2406.9
6189.6	2272.7
7244.7	3041.3
7308.2	1861.5
3889.1	905.39
5150.6	2428.3
3744.6	1735.2
687.93	486.6
5431.2	2119.3
4693.9	1869.7
5225.5	2290.5
4950.4	2060.4
6893.1	3303.7
3318	683.48
7016.1	2651.8
812.97	218.8
4855.8	2042.8
4936.1	2078.9
5294	2341.9
3899.7	822.72
4054.2	1824
5239.8	2296.6
5205.1	2380.1
7296.8	2641.7
5482.1	2820.2
5038.2	2242.2
3384	1863
5171	2399.9
5263.1	2409.1
5271.3	2338.9
7011.2	1646.5
4467	1689
6902.4	1880
1324.1	1146.8
5294.7	2349.9
5330.3	2393.3
3867	2222.3
4575.7	1721.9
340.14	2170.2
5156.9	2373.9
6957.6	1826.9
4319.2	1890.9
5881.9	4192.4
5410.8	2866.6
3048.3	541.52
4005.4	1778.6
28.411	799.05
5642	2792
3969.6	2409.4
5286.4	2428.6
6423.6	2395.7
5187.4	2657.3
3731.4	1860.4
4691.5	4630.2
3940.9	1878.5
4926.7	2785.6
5814.5	1850.7
