5863.3	2735.5
6543.1	2457
5494.7	2667.3
6548.8	2400
6345.6	2411.1
5143.1	2500.8
5081.1	2479.1
6310.8	2382.2
7099.7	2380.4
6550.9	2377.4
3594.2	3417.5
5314.9	4680.6
5379.9	4689.1
2965.9	3784
5378.4	4707.8
6044.9	3710.9
6333.1	2386
6290.7	2478.3
6439.4	2850.4
6577.2	2458.3
3896.7	886.93
6367.8	2376
6543	2435.7
5201	2485.7
6352.1	2390
5317.1	2853.9
6297.9	2622.5
6369.8	2810.8
5884.1	2442.7
7073	2724.3
5314.3	4680.8
6343.4	2390
6277.4	2475.6
5150	2296
5475	2405.6
4732.3	4662.5
1566.1	992.29
4645.1	4638.6
5050.3	2612.9
6369.1	2841.1
6147.5	3894.1
5338.9	4699.5
7037.1	2326.2
6313.2	2395.6
2778.8	485.69
3804.1	1240.9
6534.2	2493.6
4261.8	2432.2
5618	2675
4644.5	4639.2
4711.5	4644.6
4890	4870.9
3108.2	628.27
4961.8	1956.6
5021.5	2606.5
4665.5	4655.6
5474	2637.3
5300.2	4861.6
5888.3	2704.4
5823.8	2471.7
6556.9	2391.7
6551.1	2424.4
5608	2683.5
3862.7	3440
5304.5	4842.5
5646.1	2707
6043.8	2489.1
3939.9	3442.9
5917.3	4281.7
4363.6	2965.7
6717.6	1756.2
4741	4644.3
4923.7	4783.8
4797.8	4770.7
5629.8	4705.7
5616	2476.9
5240.9	4692.5
4832.7	4671.7
6823.2	2338.8
2659.1	3837.3
6911.4	2161.4
5244.7	4671.7
6361	2399.8
5671.9	1979.8
4896.6	4675.6
4896.9	4675.1
5345.1	2385.8
6288.7	2624.5
3074	3712.5
4991.4	4789.7
6341.3	2788.4
5296	4867.5
5424	2879.9
5375.7	2427.6
6040.1	1878.7
5174.8	4675.5
4863.5	1859.8
6873.6	2451.3
4988	4683.6
3994.5	3427.9
5446.3	2794.2
5203.5	2366.6
5651.2	1968.3
5900.3	2579.8
5276.5	4674.8
4672.6	4639.9
4593.7	4653.1
4970.8	4838.2
4427.4	1300.4
4962	4663.5
7075.2	2432.7
6147.9	2873.6
5098.1	4685.6
5175.4	4675.1
5299.7	4835.6
5126.7	4678.3
5476	2414.1
4951.9	4681.9
5437.4	2742
6319.1	2494.1
5273.6	4692
5522.5	2860.8
4970.1	4840.3
6340.9	2401.7
6651.5	2327.5
4122.3	931.95
6379.8	2423.7
5126.1	4678.7
5376	4700.8
5645.4	2910.5
5802.7	2542.7
2791.7	3823.7
4993.5	4666.2
6095.2	2152.4
5428.1	2874.5
4625.5	4818.4
6454.4	2572.3
4901.8	4658
6549.7	2415.3
6458.3	2689.5
4630.7	1565.1
6915	2129.5
2809.9	1108.4
6157.1	2447.8
5340.2	2336.3
5449.1	2879.4
5023.1	2068.8
5390.9	2425.8
2729.4	1687.2
4784.3	2822.6
6954.2	3742.6
5271.9	2445.5
5570.9	2380.7
5283.1	4691.4
5624.3	2775.9
5107.4	4653.9
6306.8	2541.8
6281	2636
4972.7	1964
5055.9	4683.4
6049.9	2220.4
4738	1667.6
5592.1	2434.8
4858.9	1866.4
6031	2480.3
4626.5	4857
5494.1	2436.8
7212.2	4052.7
3804.8	1252.9
5840.1	2441.8
5283.9	4680.2
5297.8	4831.3
4968.5	4848.4
6371.6	2494.5
6562.3	1878.2
5478	2418
4993	4667.3
2722.5	500.38
6394.4	1914.7
5201.8	4677
5312.6	4856.7
6648.6	2983.9
5370.9	4703.3
4954.4	1946.8
4220.7	2344.1
5274.7	4690.4
5098.8	4818.7
5203.3	4835.9
5205	4834.6
5461.8	2861.8
863.78	2722.7
5102	4825.6
6485.7	1962.5
1346.4	4133.8
6390.9	2394
6207.1	2718.1
5371.2	2414.1
4627.3	1979
4963.4	2427.8
1359.8	4094.4
5329.7	2286.7
4228	3016.3
6074.1	2481.5
4669.5	4850.5
6552.7	2447.2
6765.7	2448.3
5094.4	4815.6
6741.3	2448.6
6760.9	2315.1
6739.7	2066.2
5832.7	2458.8
5474.4	2878.8
4894.2	4818.6
3868.3	1371.8
5275.6	2447
4278.1	2542.8
6848.3	2126.9
6050.7	2481.2
5016.7	2075.3
5522.9	2872.9
5528.9	2568.1
6174.2	2466.5
5296.2	4830
5098.1	4842.8
5018	2080.3
5590.7	1847.5
6564	2378.6
5828.6	2469.9
6547.5	2118.1
5203.9	2310.8
6355.5	2417.1
2936.5	3795.7
6171.8	2390.9
2986.2	3806.3
6548.7	2459.8
5138.9	4677.8
6815.9	2447.1
5306.6	2343.9
5065.4	4680.9
4899.3	1923.6
5259.2	2344.7
3811	1253.7
5630.2	1863.2
6999.8	3384.3
2917.4	3797.6
5400.4	2850.4
6877.9	2116.8
4988.5	4844.2
6999.4	3381.7
4609.9	4627.9
4893	4816.5
5473	2429
5314.3	2310.5
6814.4	2703.8
5139.9	4677.5
4883.9	1887.8
5888.5	2646.7
6592.2	2442.9
4578.8	4892.1
4087.3	3427.5
7035.2	2438.7
5362.6	2416.4
5511.8	4719.9
4786.6	4815.5
5478.8	2830
4968.8	4832.5
5023.2	4671.2
4988.3	4842.1
2778.3	1665.8
5028.9	2175.9
5635.5	1849.3
6725.5	2801.4
4943.8	2432.3
5329.7	2254.7
4825.2	4647.1
4211.6	1874.8
5639.1	1874.4
5767.2	2080
1311	4104.7
6045.7	2057.4
5582.2	2419.5
5259	2343.3
4741.5	4660.8
6079.6	2473
4592	4847.1
3234.6	4748.1
4142.8	959.14
6511.3	2413.6
4951.3	2427.9
5023.7	2057.1
5199.6	2504.1
6232.9	2868.4
5161.4	4676.4
3322.2	1713.5
6541.7	2450.6
6071	3603.3
3950.6	3420.2
4200	2306.1
5491.3	2444
5167.2	4891.1
3818.8	862.39
5980.4	2346
800.97	310.46
2966.7	3808.9
4802.4	4767.6
5232.9	4687.9
6549.3	2437
1090.9	863.42
4930.1	2236.6
4783.8	4814.5
4908.9	1935.8
5094.2	4844.5
5933.5	1821.2
5028.1	2198
5869.9	2313
5209.9	4675.1
4928.8	4670.4
4517	2041.5
5491.4	2860.9
6920.5	1893
5000.6	4672.3
4637.2	4832
5331.9	2254.3
5068.9	4679.7
5668.8	2596.2
4825.4	4648.1
4403.4	1274.3
4946.3	1956.6
6996.1	2963.3
4152.1	967.46
5242.3	2283.6
4626.4	4833.4
4879.1	4841.9
5398.3	2505
6145.8	2482.5
1957.5	665.72
4183.2	1010.9
4590.9	4848.1
7155.9	2173.5
5348.3	4696.2
5355.8	2451.9
5359.4	2309.8
2501	986.19
5019.6	2094.3
2778.9	1107.6
4371.4	2258.9
5209.2	2312.6
5196.3	2503.4
6893.4	2441.2
3989.7	3433.7
5150.6	2504.6
6553.2	2452
7128.8	2185.7
6731.5	3525.8
4624.1	1550.3
5475.7	2863
5060.1	4689.3
5326.6	2248.5
5307.3	2378
5260.3	2336.3
5249.5	2332.8
2768.2	1093.4
2786.4	1671.9
5759.8	3646.2
4897	2055.3
4638.6	1563.7
5112.1	4822.8
4633.4	4816.9
5542.4	2601.5
6124.3	2479.9
5111.6	4823.3
4762.1	4859.5
5252.4	2332.5
5227.4	2314.4
5093.5	4846.2
4890.1	4838.7
4138.3	1050.4
5097.8	2319.7
2952.8	1155.4
5743.6	1819.8
6048.2	2472.6
5564.4	1802.1
5517.8	2870.4
5260.9	2308.5
4799.4	4817.8
4820.4	4657.3
6401.5	1929.3
5357.2	2423.4
4585.2	4851
5479	2655.7
6329.9	2295.8
6382.1	2404
5491.9	2825.5
4821.5	4655.6
5359.9	2298
6203.9	2182.4
3997.7	2365.2
3726.7	1327.7
5113.8	2604.5
5560	2618.2
5246.2	2465
5216.6	4821.9
5845.4	4734.8
6552.2	2417.7
5514.1	2621.3
5453.9	2827.7
5246.9	2340
2843.8	1826.4
5829.9	4241.2
4338.3	3049.9
6050.2	2495.3
6299.7	2542.7
2809.7	655.32
5480.8	2515.4
5963.5	2720
4835.9	4647.3
5582	2462.9
4601.9	4842.7
4934.2	2360.8
6050	2470
5430	2414.2
5221.9	2311.4
6686.1	1979.5
4375.4	2252.1
6077.3	2470.4
4775.6	4812
6355.8	2384.1
6850	2138.4
4834.4	4646.3
2293.6	2587.3
6111.2	2498.2
5924.9	4270
5326.4	2259.6
4987.6	4875.3
4602.9	4843.4
3943.3	2429.4
6221.2	2311
5725.4	2742.7
2721.4	3830.7
5253.1	2461
5025.4	2103.3
4316.3	2245.8
5233.7	2468.7
2730	1703.8
4219.7	2356.1
6818.3	2207.1
3745.7	878.24
6038	3833.8
1947.5	1108.9
4279.1	2343.2
2508.8	975.92
2902	1211.2
2456.1	573.36
4958.8	2258
5564	2573.4
4745.1	2919.7
3839.5	1366.5
4385.4	2844.7
5983.5	1960.2
5740.6	2817.1
4827.1	4799.3
4819.4	4661
5600.5	4710.6
6648.2	2716.4
1328.8	4113.7
4970.2	2091.8
5108.2	2313.9
2842.9	3742.6
4009.9	3450.1
5438	2864.5
3665.9	1183.9
4818.7	4661.7
3925.9	2382.4
5019.2	2069.6
6321.3	2413.9
5410.8	2866.6
6519.1	1847.6
2837.6	2685.4
5211.8	4673
6288	2145.9
5233.8	4675.5
5264.9	2310.2
4963.6	1981.8
4363.2	2344.5
5667.9	2926.5
5118.6	4845.6
5039.6	2608.9
4644.6	4827.6
4928	4674.3
5335.9	2266.9
5444.2	2858.3
4634	1583.6
2303.5	573.77
4886.9	2972.2
6480.1	1991.2
4871.6	4847.7
5088.3	4851.5
4183.3	1017.5
5090.2	4675.6
4604.4	1643.2
4199.9	2353.3
5157.7	2401.2
6215.5	2257.3
4681.7	1625.9
4177.3	1313.5
4475	2263.1
5901.3	2377.3
3462.4	2582.4
5722.7	2750.2
4807.2	2008.6
5490.5	2834.8
5498.3	2602.9
6543.7	2389.5
4861.7	1853.9
5968.9	2354.3
5486.5	2864.8
2360.4	3031
6247.4	2532
3750.1	2687.5
6540.5	1957.8
5400.3	2421
1286.5	4109.6
6453.6	2549.7
4321.1	2529.8
4489.8	2780.9
2344.6	2571.7
2344.3	1392.7
5125.6	2301.7
6014.5	2721.5
7111.6	2406
6076.1	2465.9
4084	1910.3
5358.5	2325.5
6268.2	2636.8
5367.6	4697.5
3862.5	1185.4
6584.5	2453
2960.3	3816
3721.3	2040
5592.1	2444.2
6582.2	2420.9
2847.5	4461.1
6580.5	2443.2
5030	2196.2
1884.9	1672.9
7247	4015.2
5583.3	2377.5
7201.4	2960.5
6091.3	1856.5
2852.2	1363.5
6814.6	2103.8
709.83	1969.1
5337.9	2287
2799.9	498.16
5089.3	4674.1
2869.5	3818.6
5827.7	3450.3
4491	1560
5655.2	2689.6
4278	1686.2
7334.7	1704.9
5505.4	4711.5
4207.1	2310
7092.6	2402.9
5581	2448.9
5473	2843
5871.7	2706.5
5141.6	2341.6
5583.6	2375.2
2831	2403.9
3318.5	681.58
6545.2	2387
2840.5	2755.6
5446.4	2051.9
3863.1	1186.5
5230.5	2463.8
4427.2	1278.3
5184.5	2407.1
3461.6	1413.7
5638	1815.6
5207.2	2525.4
6845.8	1973.3
5645.7	2567.7
4578.1	4853.3
5511	2874.4
1223.5	1561
6043.3	1980.3
213.78	4238.9
3335.1	1939.4
5591.2	2442.4
6052.8	2496.5
6797.2	1961.7
3238.1	1975.6
6014.4	3599.7
4793.3	2625.5
7100.2	1686.9
2841.4	2770.3
6217.2	3766.5
4934.1	4661.9
7144	1654
5323.9	2858.1
935.81	867.53
4022.6	1885.8
1324.7	660.48
4632.9	2365.5
6786.1	2685.4
7084.3	2749
4293	2569.9
4876	2659.8
5334.4	2264.1
4006.2	3434.3
4960.2	2301.6
6297.2	2475.8
4211	1946.9
6658.8	2616.4
4426.5	1278.5
5502.4	2869.9
5066.7	2232.6
4042.8	1556.9
5936.4	2347
4639.9	4855.3
6413	1883.3
3941.6	2383.9
589.7	194.12
3977	3448
5174	2317.7
5230.6	2454.5
6894.7	1705.8
5892.7	3605
6905.4	2117.4
7254.5	3372.8
6544.6	2885.7
955.24	652.32
5141.5	2313.9
2982.4	1141.2
463.27	2875.5
5513.1	2851.9
6388	2363.1
5941.8	4403
4947.8	2017.4
4952.2	1956.2
4816	4668.6
5228.6	2468.5
4754.1	2336.3
6640	2203.5
4684.4	4849.6
6157.4	3819.2
5888.9	2596.1
5155.6	2313.9
6131.2	2517.3
1360.3	4114.8
4833.3	4790.4
5229.3	2349.1
5318.8	2369.1
2446.4	1984.8
4602	1625.5
4053.2	2557.6
5090.1	4678.7
5478.2	2794.2
3143.7	2348.7
6253.3	2527.4
4649	4853.9
5319.8	2367.3
5485.4	2433.4
5291.7	2304.8
4961.7	2355.9
3384.3	1819
5444.3	2858.6
5504.1	4711.6
3003	1166
4509.2	2176.6
4915.2	2059.8
5075.6	4855.6
6844.2	3328.8
3520.7	2423.9
6192.9	2238.5
5572.1	2364.4
5919.5	2713.6
5579.4	2390.5
1147	4159.6
4734.2	1659
4100.3	1739.9
5484.8	2629.6
3778.4	2621.9
3469.8	2391.3
4456.6	2251.9
5207.4	2431.2
6857.8	1904.1
4999.2	2009
5570	2367.2
5937.1	2345.1
1600.6	237.33
6542.9	2281.3
6380.8	2492.1
6387.6	2063.7
5167.9	2308.6
4761.5	4850.2
2420.2	1052.5
4867.1	2632.3
4198	2080.8
2505.6	1039.3
5679.7	2663.9
6688.3	1908.8
599.25	4770.5
4330.2	2257.1
5459.9	2038
5257.1	2458.4
5124.7	2315.6
3204.2	1374.3
2917.2	678.64
6823.5	1946
4245.7	1478.3
3905.4	2743.8
4621.4	3169
4827.1	2548
4797.7	4801.1
5406	2872.7
2792	3786.3
5985.8	1830.9
6059.6	2045.4
5629.1	1866.5
5592.6	2671.3
7026.3	2450.2
2829.3	2430.4
4889.8	2599.1
4644.6	3039
3677.7	1196.8
2398.4	2468.3
1656.6	1652.2
3520.6	2378.3
6894.2	1979.5
5484.1	2838.3
3999.9	2254.9
1840.5	2486
2840.2	2331.6
5257.8	2311
2925	778.73
4732.5	2297.8
6069.5	2481.4
4148.8	1632.7
2830.6	2429.6
6293.1	2168.2
4808	2783.5
6473.3	1947.7
6078.6	1922
4616.3	2201.3
3808.5	950.47
5600.5	4716.5
6013.6	2682.3
4231.7	2352.7
4354	2014
3677.9	1190
5886.5	3665.3
4151.9	1534.7
3394	685.98
4207.6	2090.1
4926.3	4680.1
3024.2	714.14
3508.2	2627.6
5866.4	3734.8
6143.7	2494.8
5185	2315.6
7152.5	2151
4358.9	2016.1
5060.8	2222.4
3833.4	2055.7
3925.4	2410.6
4323.1	2918.8
6272.5	2524.5
4438.9	1643.3
5236.9	2350.8
4468.7	2277.6
4428.2	1649.4
2835.4	2585.8
3130.5	2388
6360.7	2879.2
5332.9	2305.2
4272	1819.5
5336.5	2281.8
3962.7	2423
4967.3	2231.1
4168.3	2203.1
6065.8	4272
2083.4	4391.8
5544.8	1849.5
4448.4	1652.8
6561.2	2462.3
3318	683.48
7106.1	1593.5
5568.5	1888.3
5510.8	2857.2
6028.2	4333.6
4138.9	1116.6
5496.7	2861.5
4839.7	4650.7
4399.1	1909.2
6407.7	2370.9
5482.4	2629.4
3631.4	2290.5
3830.6	1835.5
6826.8	2237.6
5090	2254.9
5692.9	2650.4
453.51	4822.5
5088.6	4691.2
6140.7	2515.3
6546.3	1896.8
6403.6	1866
5435.5	2795.9
5813.5	3540.4
5794.5	2128
5976.2	2463
4247	1877.2
3522.5	2368.3
4651.7	4825.3
5464.7	2838.9
5324.4	2462
6792.7	2336.1
4170.8	1206.8
5623.5	2254
6486.8	1699
4853.2	1853.4
5937.8	2464.3
5431	2232.7
4386.4	2526.6
4955.3	2295.1
5909.8	2540.8
5974.3	2823.2
5424.3	2077.5
6909.8	2307.9
5452.8	2357.4
4950.7	2422.5
3254.4	1583.4
4631.6	1837.2
5104.6	4840.5
6058.1	2481.3
6447.7	2414.6
3796.7	2378.7
4204.3	2658.3
4385.3	2813.4
5083.2	4677
2024.9	1106.2
5139.8	2317.1
5332.8	2277
4601.7	1622.1
4906.7	1964.8
4049.1	2534
4738.1	1942.8
3696.4	2367.6
4713.7	2769.8
5198.9	2472.9
3071.8	2021.9
6569.4	3643.1
3197.5	1581.9
3023.4	660.72
5897.9	1833.3
5368	2425.3
4306.1	1528.2
5158.3	2421.9
2675.8	2217.8
7237.7	3878.3
2371.7	1090.9
3804.6	2543.6
4967	2233.2
5516.2	2251.4
4864.1	2451
4368.6	1367.6
3974.6	3440.9
5472.5	2519.6
4396.3	1279.3
7234	1940.8
5519.6	4703.5
4792.2	2165.8
6158.8	2853.9
4896.1	1957.4
6345.2	3657.8
2578.3	643.32
5918.7	1904.4
283.46	4219
7151.6	2916
3804.3	2305.5
5220.6	2488.3
5298.5	2516.1
4755.3	1927.9
1255.6	3636.4
4616.2	4615.4
4414.5	2771.9
3917.9	1748.3
5345.1	2491.4
5209.3	2492.9
5171.5	2307.1
4953.4	2249.4
2298.3	2445.3
3856.5	2228.1
6967.1	2366.4
2456.3	838.7
4895.4	2346.8
6044.1	1839.5
6465.3	2045.3
5722.7	2542.9
5251.9	2352.6
5500.3	2862.2
5218	2467.3
6063.7	2483
4337.1	2176.3
5158.9	2437.2
6851	1795.6
4047.3	1816
5502.7	2603.2
5408.1	2446.5
5664.2	1816
6062.8	1864.2
2796.3	4431
5759.7	1785.6
4752.3	2328.3
3694.7	2365.2
7098	2418.3
7284.1	1776.1
5265	2523.8
5609.2	2342.8
5503.3	1937.8
2956	1136.9
4065.2	3443.3
6128.4	2535.4
5863.3	1970.8
4356	2269.8
6386.6	2779.6
3236.5	824.8
4350.3	2095.2
783.98	4423.7
1140.7	714.97
4944.3	2005.4
7267.7	2096.8
1166.3	731.23
6388.7	1864.9
6508.8	2381.1
4620.8	4616.7
5500.4	2864.7
6545.7	2468.9
1209.2	88.223
4556.2	2600.8
5179.2	2676.8
4307.4	2579.2
5151.2	2325.4
5149.5	2325.6
4092.5	1699.4
5956.1	2391.2
4753	2321.9
5031.1	4628.2
2815	1132.9
3071.6	2022.3
6625.9	2346.8
4263.5	1480.9
5433.2	2795.2
2471.2	4555.2
5150.7	2417.9
6880.8	2057.5
1825	2599.5
4508	2483.2
3807.4	2235.7
4440.2	1639.9
4327.4	2135.8
4870.3	1895.8
5238.4	2346.3
5519.7	2337.2
4393.4	1445.9
5540.6	2589.4
2110.5	438.94
3894	1763
6217.6	1847.8
4081	2400.3
4230.6	2137.8
5646.5	1849
2081.9	583.77
3352.6	743.95
6896.8	2300.5
411.04	4230.3
6537.1	2405.8
6458	1754.7
5017.6	4838
5624	2689
3117.8	2098.4
6576.5	2697.9
2781.5	2490.7
5996.8	2723.8
5138.4	2405.5
4773.1	2145
155.31	1513.4
5146.5	2488.9
5139.1	2289.7
4797.2	2013.9
4062.2	932.81
2660.9	3806.7
4318.9	2261.6
3151.3	642.03
4956.6	2361.8
6919.1	2627.8
5255.6	2309
5176.3	2677
4614.4	2207.2
6144.8	1945.2
6244	4203.9
4274.2	1570.2
5479.8	2873.8
721.2	4218.1
4160.4	1052.5
5067	2282
1092.6	681.19
5169.6	4616.7
4386.8	1386.4
5769	3631.7
4830	2892.1
5964	1790.6
5305.1	2865.9
4971.3	2356.2
4398.8	1540.6
4260.2	1821.2
5534.1	2854.8
6095.5	2204.4
6000	2391.5
5158.1	2407.2
5512.4	1920.9
4924.1	4685.1
3050.1	1411.8
3482.9	928.58
5537.4	2588.2
6592.1	1644.1
4808.5	2021.3
6566	2137.3
7098.3	2833.2
6049.5	2187.1
4997	2110.3
5552.6	2765.1
3916.5	2406.8
2865.9	2212.1
6206.5	3791.3
3290.1	1043.5
6057.3	2498.3
3805.3	2304.4
2948.2	3816.5
6532.9	2444.5
5148.1	2336.4
3526	1671.6
5040.6	4789.1
6962.2	2327
6232.7	3599.1
4727.3	1725.7
4408.6	1905.5
4500.2	1970.9
6496.7	1852.7
4950.7	2377.6
5463.7	2414.2
4223.8	1457.8
4435.4	1651.8
4967.3	2003.1
3140.2	2484.7
2556.7	613.76
5976	2805.8
6830.1	1965.7
3365.1	1813.1
5993.4	2418
2317.6	2196.4
4863.4	4773.6
5038.7	4686.8
5018	4839.5
6042.2	2503.8
4426	1837.4
5971.3	2695.9
1285.5	4749.4
4245.6	2123.9
5028	4780.1
2475.3	2414.6
6149.8	2373.4
5099.7	2255.8
4936.1	2789.2
5749.7	1788.1
4260.8	1822.6
5194.3	2478.4
1440.2	2518.2
1895	2162.7
5521	4718.6
4490.2	1439.2
5242.9	2354
5881.2	4340
4900.9	1932.8
2087.7	4434.3
4160	2279.1
4767.8	2335.5
5506.8	2603.6
4972.3	2354.6
4480.8	2350.2
5281.2	2509.5
5026.5	4782.2
4949.6	1950.8
4347.1	1869.9
5326.8	2237.7
4977.4	2170.4
5949.6	2322.9
4952.7	2460.4
3907.9	2420
5218.6	4566.9
4156.5	1064.4
2451.9	2000.9
2841.8	2672.7
6233.1	1897.9
4242.1	1530
6545.7	2466.4
5508	2593.5
5143.8	2432
5544.2	2618.3
4274	1916.2
5113.7	4695
3656.8	1228.4
4822.6	4849.4
6190.8	2361.2
5229.9	2423.2
7301.1	1925
4868	2363.9
4923.9	4687.1
1126.1	852.9
5042	4791.4
2205.7	3323.7
4080.8	2375.2
5458.5	2860.3
2558	3772.4
5998.5	2228.2
3657	2150.5
5139.3	2316.1
4603.9	2321.2
3825.9	1715.5
4321.1	2793.4
5087.6	4694.7
4697.6	1799.5
4427	1641.3
5508.5	2587
1423.3	959.08
5264.5	2454.6
3924.9	1905
5294.2	2349.6
4505.4	1718.5
5628.1	1837
4335.1	1864.3
6371	2396.1
4728.3	4634.1
6618.8	2073.3
3356.1	1882.9
3899.7	822.72
5228.3	2370.5
5194.4	2320.8
5235.1	2379.2
4633.1	2071.4
4971.1	2003.5
127.11	4312.3
4703.5	1932.3
6114.9	4298.2
5154.9	4764.7
4356.7	1499.3
6354	2274.8
5005.4	4626.9
5195.2	2325.1
6561.9	2952.7
2432.1	2022.2
4649.5	2407.7
5251.5	2291.9
4911.5	2443.6
2371.3	1092.4
4925.4	1975
3165.6	900.89
5511.3	2605.6
4933.3	2069.8
6025.2	3431.2
3702	2492.4
5766.1	4725.3
7024.8	1494
5999.1	2410
4005.2	1871.9
4815.9	2334.9
3962.5	2468.4
4834.5	2338.5
5223.5	2427.7
6919	1744.1
5047.7	4661.7
4923.7	2105.8
4824.4	4840.7
4972.1	2084.9
3762.5	2736.5
5494.2	1945.6
6011.1	4242.1
6022.2	2261.6
4943.6	1975.3
632.66	4755
5397	2440.6
4941.9	2009.6
5507.1	2887.1
2660.6	3817.6
3406.5	1513
2002.9	215.39
4352	2240.8
4811.6	2178.5
5113.9	4697.4
4207.3	2400.8
4539	2043.5
6591.8	2265.4
4914.2	4657.4
5245.7	2301.7
5485	2658.8
4284.1	1855
7009.9	2859.7
5149.9	2420.6
4920.5	2087.8
4705.9	4606.5
6706.1	2335.9
5892.9	2766.3
4769.7	1981.1
5538.4	2862.6
7088.9	2015.4
4232.3	1473.3
4878.9	1879.5
4184.1	1903.5
5935.8	2146.8
5772.3	2490.3
5154.5	2325.8
5316	4693.7
4993	4874.4
1287.4	1890.8
652.8	1972.3
4562.4	4631.3
5002.3	2189
5434.4	2887
5155.5	4785.3
3363.2	1260.2
4742.4	2518.2
5270.8	2349.7
607.56	4818.9
4630.8	2360.2
6883.9	1787.7
5921.4	3904.9
5296.8	2440.8
6162.1	2372.9
4249.7	1309.6
5544.4	1797.2
5579	2692.7
2086.1	997.57
4959.5	2059.9
1378	4716.6
4950.4	2060.4
5709	4727.7
5213.7	2297.5
3990.1	3025.1
4692.6	4611.6
4158.1	2833.6
5232.5	2306.5
4276.1	1490.6
1704.4	2154.2
5446.5	2415.6
3408.7	2333.8
6064.8	2495.4
6625.8	2765.1
4770.5	2909.8
5307.9	2470.3
5077.8	4829.5
6153.8	1856.7
5502.6	2614.1
4318.8	1456.6
1791.7	911.42
4856.5	2323.3
5176.3	2333.7
828.63	4405
5864.8	1867.3
4242.9	2110.5
5087.2	4695.6
7266.3	3365.2
2512.2	2213.3
1908.4	2741.9
6498	4327.4
2653.5	3824.9
5181.8	4695.1
2281.8	2517.5
4179	1479.8
5530	2585.1
5738.7	2415.5
5839.7	2467.9
3417.5	1735.2
2731	1865.8
3389.5	1753.8
3745	2376.7
6839.7	3725.6
6603.6	1925.8
1957.2	627.14
5071.9	2252.3
5227.2	2295
4730.6	2042
4559.1	1767.4
4815.6	1780.5
6073.4	2889.6
4798	2396.3
5316.6	2361.9
5128.5	2344.8
5679.5	1791.6
1936.5	629.38
6119.9	2495
3800.8	2189
6738.8	3689.8
4911.2	2423.2
2592.8	1166.9
5285.6	4686.2
4971.2	4806.6
5222.4	2323
5304.9	2313.9
4228	1269.3
4961.3	2378.5
3671.8	1235.1
5450	2082.6
6273.9	2624.8
4599.8	2393.6
3983.2	2306.4
5218.7	2467.9
4866.4	4627
5186.3	4678.8
4727.7	1703.1
4442.1	2194
5782.6	2303.3
4135.8	1886.7
6166.8	2861.5
5028.8	4786.1
4774.2	1802.1
4598.1	1640.5
4553	4638.2
1729.5	2746.8
7124.2	3089.1
3538.9	1357.9
5171	2399.9
6892.8	3726.5
5675.2	2650.2
4214.6	2327.7
4323.7	1874.3
5639.2	1856.2
298.85	224.67
1912.9	121.19
1671.3	112.74
5031.5	4684.3
4936.2	2382.5
5356	2409.2
4536.2	2308.6
2469.6	2207.3
2379.3	415.47
5916.3	2155.4
4736.9	2124.6
2204.2	1845.1
4767.6	2132.4
63.702	927.21
2810.2	758.42
4373.3	2147.4
4781.8	4653.2
4559.9	1747.7
4265.3	2333.5
5889.7	2313
3151.6	954.93
4690.6	4635.4
4943.2	2377.9
2325.5	2179.3
5709.1	2488.7
4247.4	2128.9
3360	1809.9
6288.5	2173.2
4615.8	4642.6
5745.9	3354.7
4599.8	2373.3
2504.1	829.59
4951.1	2400.5
4730.7	1673.9
4193.1	2069.5
4845.2	4652.3
3354.3	1822
6166.5	1862.2
5541.4	2867.9
4935.6	2379.2
3015	737.17
3296.3	949.7
2843.3	3826.1
1795.3	914.32
5443.5	2081.6
6743.3	1848.4
5458.7	2865
5212.3	2494.7
4770.6	2328.4
6601.7	1662.2
5668.8	2670.6
4535.2	2547.4
5182.2	2478.1
3955.6	963.45
5370.9	2442.6
3417.2	1660
2512.1	785.93
3011.6	545.65
1297.4	4727.5
4201.5	1850
5225.5	2290.5
6140.7	2462.9
3565.4	1026.2
7193.9	3345.9
6934.3	2464.8
5520.2	1933.4
1477.2	434.12
2589.6	3743.2
6616.2	2343.4
5468.6	2847
5348.3	2477.8
6440.5	2404.5
3797.5	2555.2
3802.7	884.46
4736.9	1757.1
3926.5	981.5
6135.9	2396
5187	4656.6
1290.5	1893.2
7273.7	2935.3
4294.8	1526.9
4407.3	2775.8
5136.5	2287.5
4515.6	1876.6
5586.7	1823.7
4672.1	3057.8
4472.5	2288
4459	1412.2
6750.7	2177
4693.2	1801.8
4560.6	2026.2
4813.2	4676.8
2915.2	3806.5
5559.7	2055.1
6010.4	4185.8
281.45	4237.6
4492.8	2342.8
3685.8	2139.3
4260.9	2085.4
1237.8	4775.9
5277.2	2508.5
4922.9	2098.1
4368.2	1795.2
2472.7	878.22
5250.8	2305.7
4137.1	1571.2
5236.7	2362.2
3003.1	2292.3
4971.6	4694.7
5126.5	4652.7
5325.1	2361.5
3630.4	2485.4
6569.1	1603.8
4971.2	2300.3
4939.3	2087.4
4860	1910.3
6391.1	2906.3
5757.9	2562.9
4282.6	1500
5039.8	2231.1
602.57	15.813
6162.9	1997.5
1191.6	87.462
5709.6	2305.3
4948.7	2401.9
6312.6	4123.8
4360.7	2753.5
5219.5	4696.7
179.56	2171.2
4830.4	1867.3
5492.1	2870.9
4956.5	2806.9
6302.5	2307
5575.5	2691.9
4957.8	2233.7
4923.1	2096
4947.6	4651.1
2020.9	172.6
4750.4	2311.8
1104.2	888
4993.8	4886
4927.9	2253.1
5656.3	1784.1
5048.8	4656.2
4700.5	1822.7
3304	1447.4
4237.1	2455.9
5235.5	2333.2
4282.4	2168.8
4230.2	2155.9
2932	2155.3
6318.2	3536.6
5740.3	1753.7
4574.8	4623.2
2486.8	836.9
5524	2604.3
4106.2	934.38
4519	2393.8
5748.6	2409.7
3788.2	2133.8
5283	2352
4223.3	2097.5
4016.2	2313.1
6732	4074.5
6372.9	3924.9
3049.3	1402.9
4424	2754.4
4768.5	4649.5
548.31	4172.5
5221.1	2351.6
5359	2498.3
4267.9	1721.8
2184.1	2388.6
7074.2	2446.8
375.14	4231.6
5221.5	2376.1
5890.5	2692.9
5255.9	2297.6
4765.8	2293.3
5028.8	2131.8
4750.6	1964.7
4539	2008.1
4762.6	1975.9
2594	4480.4
5433.2	2849.9
2088.2	426.44
4936.1	2078.9
5478	2207.5
4649	2044.5
3683.8	1465.7
4655.7	4612.2
4401.8	1895.9
1938.9	579.22
2979.2	3726.7
6981.9	2358.3
6538.1	2378
4163.2	1218
6198.5	1943.1
4924.1	2101
1470.5	4592.6
5205.1	2380.1
1739.3	2165.6
5482.1	2820.2
5529.4	4697.6
6028.9	2467.1
2669.5	3829.7
2709.6	1738.6
267.64	4803.1
5531	4722.2
3780.9	1673.9
3937.3	1507.4
5157.6	4812.7
3025.6	2357.5
5387.1	2449.5
2023.2	685.23
6208.1	2787.1
4679.1	1739.5
3226.7	2092.2
6199	3800.4
5537.2	2147.8
4612.6	2582.1
5431.2	2119.3
5341.2	2951
958.76	1836.8
4851.4	1914.1
1936.6	681.04
3013.6	2022.5
3705.5	1447.6
1393.1	918.63
3287.1	740.19
2807.9	1738.8
6126.5	2488.4
4825.2	2012
606.79	2112.3
4692.5	1826.7
4637.9	1596.7
3804	1266.4
1137	4722.9
5306.9	2386.9
2186.1	2446.9
4380.2	1945.6
6902.2	1689.6
5058.8	2238
6269.3	2609.9
1937.6	682.2
438.06	785.52
3989.1	1776
3202.9	1892.5
4943.9	2239.7
1186.2	2121.2
6109.6	1781.8
5294.1	2346.2
5020.3	2203.1
3914.6	2241.2
5113	4680.7
3783.5	2135.9
4995.5	4889
4955.2	2268.4
6471.5	1727.2
3963.9	1784.4
5383.4	2405.1
7214.2	3227.4
4280.3	2141.1
4993.5	4814.3
5535.6	1997.7
5826.2	3485.3
1278.7	2495.9
5877.9	2593.9
4379.3	1257
5197.2	2332.5
4640.7	2081.1
6575.3	2469.6
5335.2	2246.4
5022.8	2315.9
4701.8	2285.4
4764.6	2292.9
4386.4	1914.9
2988.9	2188.9
5244	2300.9
4775.6	4612.6
5184.1	2426
5676.7	4717.5
6027.5	2802.3
3516.4	1128.1
3989.1	2618.4
6140.9	2522.4
3009.2	2421.9
2938	2022
6331.3	2189.6
6732.3	2382
4431.2	1379.2
4997.2	4822.9
4626.5	1621.7
4865.7	1912.6
3756.3	2706.2
5032.3	4684.2
4203.8	1337.1
5385.2	2245.8
4577.7	4621.2
4617	1644.7
2610.1	1166.3
4285.3	1833.6
5346.5	2304.8
