6978.4	2463
5585.4	2771
5585.4	2771
6986.1	2382.7
5150.8	2487.2
6717.5	2394.1
6988.7	2350.9
6988.7	2350.9
6639.5	2485.1
7023.5	2464.9
6977.8	2432.4
5213.5	2469.3
6977.8	2432.4
7026.9	2812.1
6713.9	2363.6
7051.2	2775.1
5193.2	2472
6751.7	2389
5184.1	2273.3
5188.8	2474.2
6183	2834.2
6760.3	2359.6
4968.1	2640.8
6621.4	2482.2
6671.5	2371.6
2869.2	622.35
4251.6	2086
5842.2	2851.9
6734	2375.5
4965.5	1891.6
5987.4	2465.4
6763.8	2359.3
5825.3	2867.1
5889.2	2918.1
6289.1	2494
6763.8	2359.3
6240.6	2346.5
6738.7	2378.6
5836.9	2445.1
5000.3	2872.5
5410.7	2403.1
5039.7	2786.1
5237.7	2346.1
4833.6	1757.8
4833.6	1757.8
5999.4	2501.2
5533.8	2387
5107.7	2855.9
6709.1	2379.9
5904.3	2546.5
4492.7	1346.5
6986.9	2404.2
6491.3	2345.2
5378.3	2315.1
5027.5	2872.5
5038.3	2020
5429.2	2400.8
5692.3	2327.1
5004.8	2865.8
7014.3	2800.3
4978.9	1900
2874.1	639.63
5054.6	2820.1
4828.9	1764.6
4658.9	1505.8
5731.6	2312.4
5555.5	2415.9
5397.5	2469.6
4957.8	1879.8
5286.8	2423.2
5535.7	2396.1
6992.1	2448.8
5041.7	2855.1
2874.1	639.63
6780.2	2369
5405	2387.5
2943.3	790.78
4962.9	2403
4924.8	1898.8
5367.8	2263.8
5535.7	2396.1
5055	2872.9
7189.1	2460.6
6299.7	2483.1
5029.7	2027.8
5107.8	2867.8
5645.4	2613.3
5661.6	1733
7006.2	2353.1
6733	2402.9
6500.7	2360.3
5239	2288.7
2881.9	640.3
5295.5	2324.3
5710.8	1751.3
5352.4	2290.2
4975.7	2841.6
5046.2	2134.2
7000.7	2443.2
6992.1	2448.8
4860.1	1793.7
4851.9	2126.9
7043.2	2443.5
4287.9	2044.1
5395.8	2388.8
5061	2822.7
5716.5	1735.9
4940.9	2407.4
5720.8	1763.4
5368.2	2231
5349.7	2339
5212.7	2491.8
4948.5	1889.2
5295.3	2322.1
6339.9	2472.7
3687.9	455.71
6341.3	2904.6
4949.8	2403.4
5037.4	2005.8
5046.2	2134.2
6976.7	2453.1
3668.9	2203.2
5552.7	2425.2
3293.8	382.12
6987.5	2434.2
5364.9	2224.6
4928.8	2194.8
5043.8	2159.2
4538.9	2027.1
4117	908.84
5370.3	2230.6
5279.3	2261.7
5074.9	2856.6
5373.8	2229.5
5386.4	2432.7
5398.2	2286.2
5074.9	2856.6
5100.4	2216.2
5297.6	2287
5034.5	2047.6
5296.1	2315.5
4948.5	1889.2
4976.1	1909.7
5056.4	2856.7
5364.9	2224.6
5287.7	2311.7
4117	908.84
4893.8	1997
4502.2	1343.8
5103.8	2865.4
5364.9	2224.6
4016.9	2056.2
3925.6	2133.8
5124.8	2294.2
5843.6	1697.2
6296.2	2470.8
5077.6	2111.3
5680.7	2631.4
6583.9	2255
5043.2	2135.4
5100.4	2216.2
6808	2443.5
5074.2	2819.3
5398.5	2274.1
5564.6	2750.9
5263.1	2293.3
4484.6	1327.3
5833.3	2197.5
5706.2	2712
3232	2290.1
5258.9	2447.5
5616.5	2423.5
6768.3	2385.2
6298.7	2502.4
6990.1	2617.3
5539.1	2513.2
4931.9	2330.5
4948.9	2401.2
5477.4	2388.6
5257.3	2289.8
6337.8	2468
4678.1	2864
5364.7	2236.1
6732.2	2360.4
6448.9	2272.5
6030.7	2980.5
5265.5	2442.5
5247.3	2448
3693.2	2274.7
6297.5	2467.8
6297.5	2467.8
3773.9	2255.9
4959.7	2218.2
5689	2624.8
5874	1741.4
2899.2	782.89
3293	400.65
4974	2037.9
5016.1	2857.2
6683	2397.5
6619.1	2390.1
5071.5	2828.5
5034.5	2020.2
4984.1	2857.9
5283.1	2320.5
6799.8	2290.9
5300.7	2288.6
5397.1	2302.6
3765.2	2459.8
4966.7	1917.7
5236.5	2590.8
4013.6	2270
7013.3	2403
5374.5	2243.1
5022.6	2851.5
4496.7	1367.7
5071.5	2828.5
7033.6	2437.7
4211.6	1618
4951.9	2637.1
4460.3	1439.1
3668.1	2271.6
6334.1	2462.8
4582.9	1448.6
4830.6	1748.7
6125.2	2323.9
5068.5	2859.3
4177.7	2056
4215.6	2169.7
5564.6	2750.9
3933	2521.1
4210.5	1617.6
3494.2	1965.8
6303.3	2462.1
3556.9	2918.8
3457	1628.8
6040.5	2966.8
7032.4	2457.6
5477.4	2388.6
5441	2394.2
5723.2	2421.6
7029	2414.2
7027.7	2444.4
5046.4	2157.5
5710.6	2322.9
6057	2338.4
5376.2	2264
3677.5	2209.2
5707.6	2429.1
5477.6	2388.6
5710.8	2321.1
5085	2864
3455.8	1018.1
6981.2	2363.5
6802.6	2483.6
5494.1	1995.6
5217.5	2387.2
3635.8	1646.4
5719.2	1694.3
5218.7	2517.5
7222.5	1850.1
5094.2	2870.5
3437.7	2406.7
4939.7	2219
5707.6	2429.1
3324.1	1582.2
5318.7	2314.1
6808	2443.5
5245.1	2445.2
5722.6	2420.9
5318.7	2314.1
6302.1	2504.3
5022.5	2850.8
7158.7	1836.3
5038.8	2828.7
5181.9	2392
4215.6	2169.7
4896.6	2847.4
3765.2	2459.8
4145.4	914.29
4575.5	1444.6
5373.2	2240.4
4960.6	2265.6
6647.5	2482.8
5091.2	2202.5
3104.8	2303.7
3324.1	1582.2
5207.5	2295.5
7005	1862.7
5174.3	2290.9
7094.9	2242.3
5456.6	2251.1
4949.6	1955.4
4954.5	1890.1
4672.9	2288.6
5205.6	2462.4
5356	2350
4457.7	1417.2
5090.3	2194
5264	2328.9
4978.1	2246.9
4480.1	1777
5073.6	2786.5
6773.6	2569.7
5357	2348.3
5194.4	2446.7
5330.2	2285
4961.8	2325.5
4260	2060.2
4913.7	2002
5251.8	2319.5
5230.2	2477.9
5271.2	2327.2
5791.7	2841.2
5259.1	2319.5
5696	2303.2
5705.3	2341.7
3437.7	2406.7
5235.9	2331.8
5571	2710.7
3366.7	2369.5
4190.4	2157.9
6310.2	2483.3
5691.3	2307.5
3351.5	2499.6
6717.4	2126.4
5815.7	1713.5
5201.7	2285.9
5090.3	2194
5009.4	1951.3
5571	2710.7
5271.6	2439
6737.7	2407.9
5157.1	2292.8
5313.8	2505.9
4243.2	2653.7
3708.5	2269.7
4178.8	1398.1
3410.4	450.2
3437.7	2406.7
7178.5	2473.3
4981.7	2862.7
5065.1	2831.2
5294.1	2289.7
4643.6	2241.7
3599.7	1262.4
6542.6	2092.1
3272.2	484.96
6574.6	2014.5
5374.6	2258.3
5083.6	2190.9
6324.9	2482
3708.7	2269.7
3990.2	1070
5182.8	2291.8
5022.6	2869.5
4072.1	1024.1
6429.6	2503.5
7173.2	2409
5220.4	2292.3
6637.6	1593.7
7116.1	2850.1
5371.1	2283
6801	2565.8
4413.4	1586.9
4549.3	1731.1
4260.3	2398.3
4575.5	1444.6
4533.5	1960.8
3173.7	466.82
4969.1	2189.2
3611.9	2053.6
5610.6	1730
2966.1	519.21
3597.9	427.6
7167.6	2666.9
3653.8	628.75
5079.8	2856.2
4326.3	1521.5
4477.8	1932.3
3621.9	439.59
5571.3	1846.7
3309.3	2250.6
5001.1	2062.5
5027.8	2787.2
3415.4	2379.8
4658	1824.4
6344.3	2330.7
5045.6	2831.6
5349.6	2443.5
5478.8	2194.2
6572.5	2352.2
7091.1	2288.3
6572.5	2352.2
4955.3	2258.6
5469.5	2023.3
5782.4	1683.9
4948.3	2397.3
7178.5	2473.3
3653.8	628.75
5048.4	2851.6
6830.5	2400.1
5001.1	2062.5
4851.7	1797.8
5398	2353.4
5370.9	2253.7
4457.3	1416
3347.3	2530.2
4658	1824.4
4291.4	2217.7
5401	2400.1
4329.7	1525.2
5190.2	2402.7
4968.3	2189.9
4072.1	1024.1
5172.4	2294
4894.3	1890.6
3173.7	466.82
5317.9	2508
4809.3	1985.6
5222.3	2478.8
5205.3	2284.4
4953.6	2209.3
4809.3	1985.6
4946	1943.9
7159.9	2358.3
5287.5	2332.3
4937.1	1882.6
5082.3	2857.2
5233.1	2449.3
4678.1	1807.5
5571.3	1846.7
5600.2	2669.2
4091.5	1698.9
4300.3	1487.7
4671.4	2279.1
5279	2516.3
5183.5	2303.3
3430.2	2333.9
6407.4	2559.2
3234.1	1237.5
4002.8	2170
7097	2422.5
5075.8	2785.9
5084.2	2858.8
4972	1942.4
6982.2	2478.5
5853	2878
5659.3	2649.1
5182	2303.2
6572.5	2352.2
4671.7	2271
3539	1660.8
4646.5	1574.9
5182.3	2398.3
4291.7	2222.2
3706	747.82
4281	2460.2
6778.1	2408
4845.1	1802.2
5272.6	2325.3
4475.9	1500.9
6427	2339
6572.5	2352.2
4153.4	2096.8
5728.2	1733.9
3706	747.82
5180.4	2313.7
4414.1	1585.8
3332.4	1501.6
3706	747.82
5173.8	2267
5212	2454.9
4670.5	1515.6
3573.6	421.8
4125	1425.9
4955.9	2331.4
4962.3	2004
5291.9	2288
3582.3	433.57
4464.7	2123.9
4125	1425.9
5088.8	2251.7
3437.7	2406.7
4094.6	1046.2
3374.1	462.11
4879.2	2855.5
4972.4	2326.3
4479.9	1588.3
4424.8	1900
5120.5	2849.8
5190.6	2387.2
5573.3	1813.7
3437.4	2346.3
6309	2506.5
5573.3	1813.7
5269.9	2360.2
6257.3	1859.6
4803.6	1974.5
3042.8	2336.6
4985.8	1934.8
4486.7	1930
4646.5	1574.9
4949.6	2348.5
6970.1	2391.2
5519.5	2387.5
4409.3	1597.4
6215.3	2398.2
4948.3	2397.3
4971.7	1940.9
6410.4	2516.9
3939.5	1973.6
4155.1	1377.3
4981.5	2123.6
4972	1942.4
5425.5	2378
6287.3	2514.4
4238.6	1681.1
3686.6	2235.1
6964.5	2444.4
6433.6	2339.7
4575.8	1989.2
5850	1659.5
4191.9	1761.7
5299.2	2500.7
4428.3	1329.8
5278.2	2333.6
3597.9	2163.8
4689.5	2287.9
4236.1	2286.1
5299.2	2500.7
5370.9	2283.3
4952.7	1883.7
5365.2	2213.1
4970.3	2438.5
6983	2479.3
3683.6	562.39
3679.1	587.08
6982.3	2475.5
5608.6	2654.7
3942.9	2007.4
4831.7	2327.5
6213.7	2419.2
3429.8	2296.9
4957.4	1943.5
5172.1	2292.8
4440.8	2258.7
6309	2506.5
7109.9	2452
4165.2	1392.9
4601.2	1648.7
5610.8	2643.4
6481.7	2578.3
5737.1	1714.1
4367.5	1872.3
7218.7	2621.5
5279.1	2435.7
6264.8	2519.1
5287.7	2262.1
3682.1	2239.8
5706.8	1719.2
4190.2	1757.2
6753.5	2372.7
5331.3	2329.3
3496.7	410.65
3942.9	2007.4
5263.1	2350.1
6965.7	1530.6
5229.1	2299.1
4619.5	1661.3
3683.6	562.39
4465.5	1706.6
4531.1	1713.3
4043.1	1182
5229.2	2303.2
7137	2422.2
5288.4	2270.6
3582.3	433.57
4925.7	1910.1
5059.5	2867.3
5614.1	2674.2
5438.6	2420.3
4932.7	2012.9
5269.9	2360.2
4456.9	1409.2
5318.5	2285
3538.2	1661.6
4758.8	2290.5
5257.1	2409
4655.6	2502.8
4922.3	2052.2
4976.1	2030.2
4945.7	1910.6
6535.7	1601.2
4362	2290.1
5124.5	2857.4
4943.1	1947.9
3159.2	2500.1
4175.1	1816.5
3538.2	1661.6
5281.9	2280.2
5573.3	2759
4211.5	1791
5210.6	2310.7
5182	2400.7
4918.9	2032.3
7174.9	2298
5037	2089.8
4781.6	1953.3
4855.7	1784.5
5187.6	2303.5
6213.7	2419.2
3954	1947
6213.7	2419.2
5011.1	2146.2
5011.1	2880.2
6977.6	2597.3
5272.1	2476.4
5037	2089.8
5317.3	2419.4
5190.6	2387.5
5610.2	1672.8
5477.4	2388.6
4952.1	2003.9
3942.9	2007.4
5248.7	2275.5
4653.6	2035.9
5268.6	2284.7
4300.3	1487.7
5180.4	2313.7
5497.8	2388.4
3159.2	2500.1
4432.4	2255.2
6318.9	2503.2
5195.1	2275
4554.9	1660.2
3686.6	2235.1
4819.4	2280.5
5331.7	2454
5071.5	2828.5
5263.8	2273
5650	2632.6
5005.3	2367.1
3252.1	2107.6
3995.1	1308.9
4212	1835
5821.4	2396.3
6006.1	2461.2
6307	2968.4
4538.7	1984.6
4539.9	1716.7
3592.3	2141
4889.4	1895
5625.1	1737.7
4645.5	1940.2
4647.2	1547.8
5288.4	2501.1
5765.6	1667.1
6395.3	2503.4
5254.7	2344.2
4067.5	2095.4
6316.4	2505.3
4859.4	2392.8
4300.3	1487.7
5653.5	1708.3
5257.5	2301.1
3682.1	2239.8
5342.4	2293.6
4960.7	2347.9
7000.3	2776.7
4647.1	1547.7
3202.5	2189.3
3569.5	1608.2
4453.2	1436.2
5263.8	2273
6427	2541.7
5307.3	2315.7
5497.7	2029.3
4933.5	2354.6
5386.6	2380.6
3546.5	1147.4
5121.8	2851.6
5217.6	2541.1
5038.8	2828.7
5001.1	2062.5
6236.6	2460.9
4048.2	2012.3
4384.8	1548.8
4067.3	2093.9
4653.6	2035.9
4941.3	2348.3
4319.2	2309.7
4950.2	2373.5
4650.8	1512.3
4962.3	2004
4480.9	1658.3
6558.2	2337.9
6289	2522.2
4933.4	2350.6
5249.6	2364.5
5038.3	2857.9
5225.8	2480.9
6425.5	2459.6
4694.6	2279.7
7036.1	1614.6
4333.3	2540.3
5318.5	2278
5403.6	2421.9
7149	2578.1
5204	2379.9
6425.5	2459.6
3108.6	1517.7
3274.6	417.29
5766.2	2784.2
3411.4	2516.9
5378.5	2463.9
4937	1911.5
5037.7	2165.1
2965.5	1597.4
4659	1611.2
3405	501.19
6419.5	2371.1
5602.3	1916.2
4234.9	1451.8
5171.4	2265.2
4488.8	1366.1
4539.5	1864.7
4733.2	2343.5
5217.6	2541.1
6078.6	2368.7
4595.7	1651.3
4302.5	1843.4
5279.5	2277.9
4238.6	1681.1
5653.5	1708.3
4255.8	2279.1
5294	2499.9
3624	419.13
5286.7	2284.6
3610.2	1196.2
5271.9	2342.6
5232.1	2447.6
5362.8	2342.6
5189.7	2353.3
4940.2	2032
4831.7	1818
4922.9	2047
5056.7	2196.5
4668.9	2258.1
4046.8	2083.7
4668.9	2258.1
4947.8	2375
6999.4	2770.1
4130.5	907.71
4550.9	2659.6
4958.8	2192.1
4357.1	1678.3
4480.9	1658.3
4921.8	2042.2
4926.1	2212.7
4046.8	2083.7
4603.8	1676.4
5929.8	2678
4185.5	1823.3
3770.9	2418.5
5271.1	2312.1
6198.3	2344.1
3698.6	1978.7
4962.4	2026
5829	1620.6
3625.7	416.93
4272.1	2343.5
5834.7	2391.9
5320.1	2332
3756.8	1919.8
5255.7	2331.6
4185.5	1823.3
3997.8	1517.5
5292.6	2275.9
4690.1	2237.7
4560	1993.6
5010.3	2841
4938.5	2023
5732.1	1701
4554.9	1660.2
4099.3	1688
6974.3	2350.4
3701.2	761.79
5239.1	2359.9
5064.1	2812.8
4943.5	2262.9
6269.3	2464.2
6119.9	2975.7
4578.5	1578.9
5424.1	2430.1
5637.9	2637.5
4982.7	2840.7
4659	1611.2
5307.3	2315.7
3177.7	1441.9
4072.4	1708.9
4971.5	2312.4
4165.2	1392.9
6405.5	2494.8
4821.8	1965.2
5307.3	2322.3
4593.5	1681.6
5344	2368
5045.9	2085.3
5075	2865.2
6269.3	2464.2
4944	2198.8
4955.8	2230.6
7149	2578.1
5425.5	2378
2983.8	2075.1
4080.4	882.96
4535.5	2180.3
5373.9	2222.4
5223.8	2346.3
5034.4	2284.3
5217.1	2407
6427	2541.7
4488.2	1411.6
4136	1250.7
6982	2747.3
4474.9	1440.3
6410.5	1670.1
3871.2	1571.6
5385.2	2280.8
