6213	1436.2
6601.9	838.41
5114.9	1943.3
5339.7	2452.8
5623.8	4722.6
5728.6	2434
6272.6	2332.3
5623.4	4722.2
6529.8	2783.4
5933.4	1812.4
5478.5	4701.4
6123.3	1877
6933.5	2691.2
7303.1	1938.8
5447.6	2514.3
5667.9	2436.6
5049.5	4682.8
4726.2	4662.2
6684.3	2698.5
7110.1	2001.1
5912.6	2105.7
3853	741.02
4726.7	4661.6
5856.1	2332.4
4576.6	4835.7
2694.9	2517.1
5190.8	4797
5790.4	2379.6
4884.2	4870.9
7174.7	2634
6489.6	1720.4
5477.7	4701.6
6391.7	1723.7
5858.6	2362.3
2501.6	4116
5433.4	2063.5
5318.4	4808.3
5025.9	4670.5
5191.6	4689.5
4917.7	4783.7
5568.3	4720.9
2270.8	4151.4
3646.8	3415.6
5542	4721.3
6301.4	2615.9
5238.5	4671.6
6317.2	2528.4
5568.6	4720.5
4619.7	4818.2
4890.6	4675.3
4826.5	4671.7
627.15	1412.8
5623.5	4705.6
4968.5	2263.3
4705.2	4644.4
4659.2	4655.5
4981.9	4683.5
5456	2520
5168.6	4675.3
6283	1816.6
5332.8	4699.5
5038.8	1819.7
6123	2603.3
5242.6	2504.2
5541.3	4700.9
5746.5	2144.5
3579.1	3390.8
1248.5	1776.9
5782.1	2108.3
4985.5	4789.5
5439.2	2594.2
4945.7	4681.7
4620.7	4856.8
4819	4647.1
5828.7	2357.9
5059.3	4680.7
6346.5	2518.6
5194.8	4853.5
7001.3	638.05
3382.3	2015.6
7124.7	408.6
5198.9	4834.7
5092.1	4685.4
5715	2422.8
2281	2601.4
5270.4	4674.6
3741.7	2160.6
3518.8	2098
6613.3	810.51
5119.9	4678.6
6776.4	2385.5
5047.8	1827.1
4666.7	4639.3
4629.3	4656.1
4965.1	4838.4
1269.2	1796.4
6133.9	2301.7
4663.3	4850.2
6287.6	886.42
6432.6	2849.9
4987.3	4666.2
6188.2	2780
4945.9	4682.6
4955.8	4663.4
1205.9	1498.2
7181.1	2434
6693	1092.3
5234.8	4685.8
2470.8	4113.4
645.53	1378.9
5440.3	4697.3
5364	2461.9
5201.2	4832.7
5101.2	4653.9
6773.3	681.47
7189.3	320.5
3619	3412.8
3587.3	2027.1
6282.9	1014.5
7023.3	639.42
5215	2145.7
4986.8	4667.1
3981.1	3230.1
4626	4834.7
5871.5	1755.8
5857.8	2121.9
5796.3	2094.9
4984.3	4850.4
3615.1	2113.9
5092.8	4818.5
5299.4	4680.1
7198.4	1792.1
6280.1	1816.1
5512.1	4711.2
4617.7	4849.8
5962	1501.8
5539.9	4711.7
4807.9	4818.7
5719.8	2378.8
2235.8	4110.7
4590	4845
5329.2	2340.1
3883.4	552.81
6466.1	1654.7
6936	2994.4
6043.6	1931.5
5682.4	4738.9
5916.3	2095.3
6825.4	1471.8
5296.5	4840
5095.2	4823.7
6569.6	2742.1
4597.4	4827.5
4757.7	4666.4
5095.7	4824.6
1207.4	1501.6
4588.6	4845.9
7200.2	1793.2
5169.9	2094.2
6035.2	2200.7
4815.1	4655.5
4767.2	2132.1
6129.1	2296.2
5268.4	4690.2
6282	2212.1
5088.7	4815.4
5016.8	2378
5839	2135.4
5448	4702.1
5839.3	4730.9
6865.2	1641.7
6053.5	2228.6
5440.4	4697.6
4552.1	2488.9
4814.3	4656.6
5289.5	4867.4
4806.9	4818.5
6495.8	2576.3
6229.1	2620
5277	4691.2
6807.6	965.99
3390.2	1916.9
4562.6	1299
7036.2	1118.2
4481.1	2422
5469.1	4701.4
4586	4846.8
5326	2423.4
5505.6	4720.5
7109.4	410.07
5132.7	4677.7
1209.6	1505.6
5439.5	4712
6117.9	2265.6
5359.8	2623.2
6129.2	2313.2
5208.9	4823.8
2540.1	1916.6
5439.1	4714.1
1763.6	1846
4631.2	4831.8
4879.5	4836.4
4573.3	4891.9
4882.9	4834.5
520.07	1610.8
4887.1	4816.2
5133.8	4677.4
5293.9	4835.5
5436.9	2354.5
2394.3	4118
4755.8	1537.1
5580.7	2436.5
5147.8	2082.9
5017	4671.1
5481.3	2448.4
5395	2378.5
4914.5	4779.2
5092.1	4842.8
5173.5	2638.4
4829.8	4647.1
6145.7	1837.4
5838.8	2465.3
4943.1	4667.4
4584.9	4847.9
4588.4	4636.1
5205.3	2565.5
6129	2564.8
4828.1	4646.1
4878.1	4838.1
4780.6	4815.3
6947.5	714.15
6507.6	2953.6
5794.9	1876.7
6910.7	2584
7003.9	1311.7
4992.8	2147.1
5439.3	4711.7
5651.2	2108.5
5342.2	2325.6
2402.6	4153.4
6895.3	2919.4
6076.2	1318.7
4950.1	1704.3
4627.3	4816.8
5306.7	4855.9
5211.1	4822
4735.2	4660.7
7305.1	4354.7
4777.9	4814.6
5942.2	1692.5
5812.1	2367.6
5183.2	2214.8
6407	1443.9
4789.3	4817.3
5287	4871.8
4991.4	4854.5
6129.5	1553.6
6937.7	723.71
5274	2192.7
6313.4	1752.5
5130.7	4679.3
5122.5	1949.7
4986.2	4672.6
1720.4	1797.7
4876.5	4873.6
5900.7	1814.2
4796.3	4767
6551.2	1277.2
2226.5	869.82
6817.1	2834.1
4579.3	4851
5804.9	2199.2
4603.8	4627.8
5380.2	2445.4
6369.7	1700.9
5866.1	2290.1
7320.7	2421.8
4443.3	2233.3
6774	2446.6
6826.7	868.07
5291.6	4830.9
5255.5	2526.2
5088.2	4844.6
5255.3	2179.9
4657.2	1463.8
5203.8	4675.1
4812.8	4661.7
4994.5	4672.1
4756.3	4859.2
5169	2259.6
6650.1	2440.9
4873.3	4841.7
6195.3	1787.4
5201.7	4865.9
6293.4	2206.2
5114.6	1936
5934.9	1849.9
4318.6	3246.1
5965	2223.5
5926.1	2322.4
5118.3	4814.4
5963.7	1711.3
5103.4	4824.3
5063.1	1849.8
4337	1065.7
5184.8	2216.7
5432.7	2587.6
579.8	677.42
5281.1	2524.2
5440.8	2332.3
7014.4	1048.9
4478.4	1169.3
6637.1	2327.4
6476.2	1610.6
6280.4	2224.7
5657.9	4720.6
3807	3377.6
5993.9	1691
5886.2	2012
5338.8	2384.4
7289.4	946.81
7160.9	3616.4
6771.7	1499.3
4926.8	4779.3
6157	2191.7
2693.7	3971.4
5443.9	2546.2
6214.2	2345.5
4596.9	4843.3
5087.3	4846.2
5255.9	2177.7
5243.6	2517.8
4447.8	2479.7
6135.7	2471.4
6844.2	3051.7
5441.6	4702.4
2334.6	4109.5
6261.7	1618.3
5115.6	4807.8
5902.6	2079.2
4863.8	1777.5
5216.2	2543.4
5573.8	4711.8
1850	2329.1
3436	2144.4
5941.8	1717.2
4647.7	2432.3
6702.1	3488.4
5264.8	2226
5970	1675.1
7109.9	2300.8
2460.2	4123.7
709.15	887.46
2564.3	1662.2
6832.5	1897.9
4682.2	2417.9
6034.7	1354.3
6411.2	2203.6
6755.5	1924.3
4698.9	2466.2
5821.1	4731.6
6625.6	3151
5869.2	1606.8
6122.8	1516.8
4682.9	1990.4
1523.7	155.98
5501.7	4697.7
5453.7	2361
6022.2	1316.3
6428	1408.5
2305.8	4161.1
4638.7	4827.5
6172.5	1128
6109.4	1172.9
5785.8	2321.4
28.281	1724.9
6175.6	1125.5
5883.9	2090.8
5602.3	2335.3
4749.3	1155.2
5710.5	1986.7
4596.7	4842.1
4921.9	4673
7259.9	2527.2
5367.3	2454.9
5695.7	2072.5
5959.2	1660
4875.1	1685.1
7228.9	2056.8
5594.5	4716.8
6144.4	2193.9
5741.1	2210.3
800.6	901.18
3548.6	2240.7
5744.2	1927.1
5533.1	4706
4785	4669.6
4865.4	1783
5201.5	4686.1
5069	1869
5111.7	2670.8
5341.4	2400.2
6100.8	1291.3
2261.2	1676.3
5849.3	2161.2
5617.7	4714
4882.6	4807.1
5394.1	2446.1
5404.9	2618.4
5342.4	4696.2
947.22	2573.9
5718.2	2056.4
5074	2047.4
5315.8	2325.2
4242.6	924.79
3500	2112.3
4810.3	4668.6
5153.9	2210.7
5996.4	1433.2
5963.2	1804.6
5438.1	1361.5
6107.4	2189.1
5438.3	2331.9
5631.8	2639.6
5334.4	2559.6
650.72	1526.7
6068.3	2351.1
5722.8	2231.2
4870.6	1737.8
6617.1	3462
5304.3	2301
6046.6	2213.3
4633.6	4648.6
7239.1	32.547
5932.1	2336.9
4865.8	4847.3
5887.5	2132.9
6143.6	2321.8
6344.4	2413.8
4715.4	1202
4921.8	4674.2
5202.3	4687.5
5533.5	4717.3
6234.8	2262.5
5235.2	2163.8
6403.9	2712.7
1246.6	1548.3
5639.3	2175.4
5082.1	4851.3
5734.8	2346.4
5427.2	2358.2
6027.3	2082.1
6470.3	1632.7
5739.5	1942.2
5293.3	2554.6
5996.4	1432.9
5224.9	4689.7
4694.7	2459.5
5733.8	2333.7
5113.2	4845.1
5363.4	2618.7
6316.3	2128.3
5006	4854.1
5046.7	2373.3
5539.6	2511.5
5838.1	1946.1
5431.5	4698.7
6113.7	1260.6
5007.6	2367.6
1156.8	158.69
6179.1	2552.1
5071	1833
5153.7	2207.2
5293.8	2242.2
403.53	2838
6376	2437.6
6074.2	1589.2
4743.1	2868.3
4572.3	4853.4
6135.3	1226.3
2702.1	959.8
5275.8	2535.6
3728.5	2237.7
5077.6	4854.2
5221.7	4812.7
6602.7	1884.9
5176.2	2200.6
5450.1	2063.4
7153.6	2202.8
5045.5	2347.9
4662.3	1897.5
5959.4	1783.9
7294.5	1408
6632.9	2390.2
6736.9	150.65
1014	565.79
5497.5	4711.2
4773.2	1558.6
6016.2	3090.4
6608.6	2992.4
5911.3	2117.4
4732.5	1554.3
2460.6	4092.3
6458.5	3129.3
6233.7	1794
3951.7	957.69
6681.7	624.03
5571.2	2225.5
6148.9	1179
5703.9	1998.9
5798.6	2192.9
6098.6	1475.6
5016.8	2144.7
84.022	460.25
2506	3824.9
2505.2	4127.6
6156.6	2585.4
4821.6	4797.3
5758.7	4726.3
5055.8	2235.2
3524.7	2685.9
1783.4	1605.9
5812.4	2080.9
2484.1	4107.7
5095.7	4658.5
4830	1823.6
5873.8	2278.7
6789.4	368.76
4697.1	2460.1
5930.9	1764.1
5016.6	2125.6
6076.6	1513.9
5058.2	2527.9
5085.1	2250.6
4642.8	4853.9
4633.6	4855.2
5819.7	2357.9
5096.4	2258.2
4481.8	1112.1
1810.7	1841.2
5348.2	2358.5
5757.1	2187.7
5739.4	2387.3
5073.9	1880.8
139.75	2164.3
6575.9	3432.5
5335.7	2306.7
6087.6	1922.6
4550.7	870.46
5364.8	4703.1
5116.2	1959.8
5957.9	1790.2
6730.1	3475.3
4172.5	2502.3
5274	2196.3
617.81	1419.6
303.79	1367.2
5818.9	1882.7
6733.6	162.64
4635.4	4854.8
5725.2	2408.6
2061.9	501
7050.4	1121.4
5879.2	2095.2
4749	4860.2
6876.6	2508.4
5083.2	4674.3
5335.6	2518.3
4454.7	2414.8
4981.1	2475.7
5897.2	1540.6
3024.4	637.89
2403.8	4116.6
6825	275.52
3871.2	675.44
5739.7	2340.9
2766.6	767.58
5642.3	2101.7
5676.9	2043.1
7281.2	2114.3
5094.8	4666.1
5135.9	2667.8
4677.7	2082.7
5892	1803.1
2772.6	1714.7
6084.7	2205.4
5950.8	1506.9
4875.4	1757.7
6734.2	165.28
5178	2108.6
1059.1	2953
5921.3	2111.1
4980	1776.6
4123.1	2648
5104.3	2372.4
6187.1	3055.3
4649.8	4852.1
4993.2	2126.6
5347.4	2338.4
5931.6	1605.6
4397.1	1868.1
1527.8	308.98
2798.8	687.46
5851.9	2137.5
5377.7	2577.6
6238.3	1909.7
6658.9	2186.2
5718.2	2345.6
5074.1	1882.6
6074.1	1311.6
6763	3331.3
6033.3	2228.8
5908.7	1760.9
5331.3	2448.7
4674.4	2078.5
6415.7	1676.1
6057.3	1813.6
5909.4	1810.8
4497.2	1289.4
6588.4	2633.6
5658.6	2640.3
5969.6	1687.5
3562.5	3271.1
5422.9	2667
4928	4661.8
5030.4	2343
5909.4	2323.8
2824.4	884.28
5346.6	2444.4
6234.7	3068.3
5822.1	2318.1
5071.6	4855.3
4755.9	1150.2
5349.5	2329.6
5827.5	2135.3
1449.9	115.4
5452.5	2440.7
6566.4	1538.4
5016.6	2155.5
5006	2161
1158	557.29
4661.7	1510.9
5890.8	2328.4
5865.3	2148.2
650.54	2140.6
5091.6	4657.9
4760.5	4809.4
5959.1	1622.2
5989.8	2086.1
6946.8	1091.6
5852.9	2285.5
6216.6	2404.7
2974.6	84.641
4445.2	1826.5
2742.2	848.06
6464.1	2499.6
5457.9	2426.5
4672.1	2073.4
5735.1	2220.7
6513.5	1936.4
6511.6	1938.9
6255.8	2109.9
486.1	182.65
6214.9	2402.1
5698.5	2303.9
5980.1	1467.8
4917.7	173.76
5595.3	4727.6
2095	726.29
5521.2	4824.3
5609.2	2331.2
5358	2338.6
4942.3	4659.9
4645.4	4824.8
6288.3	2240.9
5864.3	1721.8
5333.6	2666
4438.2	3076.2
6930.3	691.36
2271.6	1071.1
948.56	2542.5
4433.9	2519.4
5093.1	2402.3
4269.1	1508
6069.1	1354.3
4489.8	1920.5
6076.9	1677
7127.7	1169.4
4464.6	2466
1112	4678.2
2253.2	846
5302.2	2248.3
5646.1	2371.2
6751.9	2824.3
274.38	426.66
5009.1	1952.1
4681.7	2442
5344.7	4692.6
4755.6	4850.1
5635.3	2353.3
4399.2	1880.5
2771	1885.7
4124	853.47
6709.5	2289.1
4266.2	930.83
4833.6	4650.7
6946.6	3350.3
6510.2	1924.3
5449.9	2322.5
3664.8	2238.8
5785.7	1866.9
6697.6	2257.1
5374.1	2342.3
2887.7	1698.7
6276.8	2474.8
2337.2	2898.8
6147.3	2186.5
5848	2139.3
5544.6	2546.1
2445.3	4143.8
4932.1	2027.5
4920	4680
4784	4665.2
5916.9	1626.3
5028.7	2145.9
6921.7	2813.1
644.81	3771.6
5595.4	4730.4
5926.8	1746
4791.6	4800.6
5837	1936.2
5093.3	2302.1
4489	1925.3
1210.3	1102.6
5719.2	2217
5883.4	2283.3
5141.1	2205.3
5956.2	1533.2
6304.9	1528.2
2770.9	1870.8
5875.7	1621.9
4305.8	1031
6216	2437.8
2668.4	3016.3
6287	2265.2
2455.6	321.99
5858.2	2109
6593.7	3296.3
420.01	2157.8
772.8	2117.4
3425.6	411.18
5169.9	2401.1
5012.2	2146
5725.8	2212.1
5987.2	1702.1
6076.6	1417
4919.6	2160.7
2668	636.03
6657.9	1114.6
4689.9	2203.6
6304.5	2530.3
6194.4	2420.8
5106.8	2323.3
5272	2513.3
6507.8	1923.5
5816.8	2312.2
5834.1	2292.7
5361.1	2448.8
2392.6	1705.7
4617.2	4615.1
6128.9	1737.7
5100.2	4840.1
6847.2	2811.2
5082.5	4691.1
6007	1871.8
3865.1	337.34
5632.1	2169
4664.4	2100
5516	4718.4
5832.5	1954.1
4882.8	2212.8
5731.7	2146.8
6211.2	2556.9
989.94	2512.6
5675.3	2463.5
1898.3	520.33
5550	4825.1
4853.9	4856.3
4998.3	2095.8
4736.5	1137.3
6471.9	3416.1
5445.6	2328.8
2298.8	2903.6
5599.4	2319.5
5423.3	2436.9
5456.6	2317.9
5604.2	2349.8
5990.2	2314.2
5514	4703.4
5442.3	4707.4
5474.1	2443.1
4834.5	1786.4
5728.7	2089.6
6219.7	2223.3
6052.4	1673.4
5055.4	2077.7
5551.9	4826.7
5034.1	2230.2
521.12	2347.8
5834.2	1793.1
6020.7	2078.7
976.1	2090.9
651.16	4781.3
6668.6	2017.4
5563	4836.2
5354.8	2339
6955.2	1849.8
5603.7	2239.9
4756.5	4805.6
4240.9	2523.1
5910.8	1804.2
5169.2	2104.9
5886.5	2350.4
4362.5	2481.7
5612.6	2331.9
4994.9	2158.6
5595.2	2295.3
5616.6	2185.1
5406.1	2359.7
6300.2	2392.1
4335.7	2489.8
6016.6	1390.6
5967.6	1517.9
1020.1	722.3
5822.3	2059.1
1482.3	161.87
5604.6	2237.1
1240	1115
5959.8	1964.6
1017.9	2181.8
5608.4	2323.8
6147.4	1227.8
2156.5	542.22
5081.8	4692.7
5880.5	2293.6
5761.1	1905.9
5368.2	2445.9
6186.6	2154.9
5905.1	2099.7
5753.1	2326.4
5116.2	2580.7
1220.8	1103.7
5651.6	4732.8
5034.9	2369.5
4465.3	3063.9
5959.5	1762.9
946.71	2472.7
7093.5	2225
5011.7	4838.2
541.29	771.22
5125.6	2134
5886.4	1911.1
6610.6	137.94
5422.5	2416.2
5020.3	1869
5083.6	2410
879.81	1173.7
6697.1	2274.3
4407.3	1384.7
739.58	126.27
5332.7	2326.8
4299	2555.5
4740.8	1464.4
6029.1	2185.1
5040.6	4661.9
5491.9	4712.8
5810.1	2142.7
5596.9	2308.6
5905.4	2132
6460.1	1606.7
6345.6	1776.9
2275.9	1484.5
4640.1	2087.4
5528	4703
5585.1	2313
5116.7	2408.1
4792.7	4804.1
5312.5	2311.5
6024.4	2521.4
5037	2170.3
5863.1	1897.8
5265.3	2507.9
5887.4	2276.5
4998.4	4626.4
5040.8	1832.9
6010.7	1881
7309.5	3903.2
5912	2138.1
4536.9	854.03
5611.4	2179.4
7242.3	1709.1
3701.8	2027.3
6110.7	2273.1
5093.4	2392.2
4450.9	2678.4
6507.8	298.06
3680.5	1926.9
5691.6	2371.9
5663.8	2129.3
5077.5	1867.3
6060.7	1251.9
6410.3	1000.8
5708	2069.7
5809.8	2355
5035.1	4789.1
6122.5	1549.2
6037.5	2093.8
5832	1882.1
5355.6	2410.6
4049.6	1043.6
2808.8	3979.9
6102.9	2195.1
4987.5	4676
6113.5	1506.7
5266.9	2516.4
3178	2568.8
4885	2337.3
833.31	2923.8
7207.8	1884.3
5507.4	2353.2
6378.3	2735.8
5019.6	4631.3
5012.3	4839.8
6418.6	1125
5649.1	2276.6
5390.2	2623.6
5506	4811.4
3542.9	515.62
6511.4	2303
5207.1	2361.9
6182.5	1205.6
5641.5	2116.3
5709.1	4746.4
5881.3	1631.3
1335.5	1124.9
5514.2	2349.9
3443.1	1176
1203.6	1512.9
5516.8	2250.3
5049.3	4805.6
5883.2	1768.8
3225.5	1405.8
5351.8	4690.7
814.56	1457.5
5603.6	2220.4
5228.1	2448.2
6212.6	2145.7
6104.9	1399.7
5848.3	2439.3
5025.3	2078.3
6156.2	1955.4
5668.3	4769.5
5285.2	2272.2
6504.2	783.21
4603.7	2476.7
5148.4	4765.2
4231.3	2412.6
6712.9	2351.8
4451.9	1820.6
5555	4711.6
1129.1	1740.6
4954.4	1873.5
5085.5	2379.5
7263	3349.9
5842.3	1739.5
953.21	2651.4
6217.6	2473
6488.7	3053.2
1216.4	981.45
5080.3	2127.1
2621.5	2442.7
6312.9	2407.4
5522.9	4697.2
224.89	978.62
1260.7	692.24
7242.8	1710.5
5148	4784.3
6214.5	2422.6
5294.5	2301.1
6019	1939.5
5696.1	4700.2
6185.7	2797.4
4498.8	1878.1
5996	1724.8
5447.7	2157.2
3268.8	2086.9
4748	1141.7
4449.7	1422.4
6003.1	1960.2
611.25	3990.9
683.95	588.91
5113.8	1978.8
4816.4	4838.3
5723.7	2341.3
5362.2	2421.9
5064.1	2028
6215.5	2419.7
5365.3	2473.8
744.61	588.78
329.46	86.127
5354.5	2348.5
5048	2295.1
5598.9	2229.2
5315.3	4696.1
5081.7	4694.6
5744.5	2329.6
6259.4	1334
5705.3	2057.1
1281.2	449.98
5803.7	2326.8
1084.4	521.11
661.45	1012.8
1195.6	1520.4
6820.5	2631.1
5991	1463.6
4537.9	1426.8
217.88	543.37
5961.2	1490.9
4917.8	4687
4650.9	4854.7
5978.9	1811.7
509.09	543.9
5419.4	2366.8
5012.6	4840.7
7114.2	427.6
5122.4	2222.2
5415.2	2428.3
5155.8	2227.4
6120.1	1326.8
5334.4	2429.9
4700.3	2125.9
4995.9	4661
6038.5	1995.4
5010.4	4828.3
4838.9	4655.1
1083	2453.8
6025.1	2058.6
613.09	2155.9
5524.1	4725.1
5366	2309.4
5888.3	2153
4665.9	2417.5
5527.9	4719.9
5107.5	4695.1
6068.2	2304.9
7003.1	594.94
4989.5	4886.1
5137.7	2315.3
5107.6	4691.3
5321.7	2441.8
5027.8	2736.9
5089.4	2104.5
5076.5	2479.1
3537.6	2427.4
5985.5	2272.5
5182.3	2132.6
5345.3	2420.5
5377.8	2384.1
1303.5	1124.8
6239.2	3083.1
782.33	146.89
2388.5	585.72
3101.2	332.19
6634.8	3445.4
4816.7	4849.2
5377.6	2352.4
6514.1	2324
5920	1852.3
5717.9	2098.6
5498.2	2307.4
5683.4	2324
3204.4	718.19
4222.2	2432.7
5367.9	2617.6
5051.9	2155.5
6587.2	1842
6992.6	2019.4
5287.4	2216.6
5983.9	1673.9
5343.6	2369.9
4908	4657.2
1494.2	161.68
4552.3	1956.2
6770.2	2489.6
1046	629.91
5841.8	1780.3
994.38	1475.1
6159.1	2372.2
2907	196.29
3301.5	212
6065.8	1810.9
4745.4	1133.7
767.59	1023.8
4443.6	1378.5
724.62	4844.1
6171.3	2002.1
2383.5	1936.3
1028.5	1292.9
4454.3	2224.7
5233.6	2168.9
6138.2	1483.7
5744.7	2154.2
5767.6	2000.5
323.54	2084.6
5266.6	2244.1
4893.9	1777.1
4819	4840.6
6275.4	997.43
5634.4	2184.2
4826.9	1758.8
5181.1	4662.1
3451.1	749.14
5945.6	1847
5424	2431.4
5266.6	2204.6
5155.4	2400.9
2410.8	276.54
6258.5	1343.5
5888.9	2150.5
5668.3	4716.7
5960	1492.6
4828.4	2926.1
1604	646.98
5764.9	2539.2
6022.2	2106.3
5093.1	2119.4
4838.1	2339.8
4724.8	2421
6011.5	2228.4
5898.2	1978.9
5416.1	2405
5107.5	4697.4
755.46	601.43
6144.1	2029.8
4700.7	1804
6382.2	1750
5960.1	2104.1
7227.1	2582.4
3766.6	2987.2
4845	1745.3
7075.6	993.66
6135.3	1757
5491.8	2389.4
4199.9	2505.4
4956.8	2084.2
6652.1	3493.1
800.74	1015.2
4990.7	4888.9
1147.4	728.25
5006.5	2135.1
6042.9	2230.3
4763.4	1550.3
5288.5	2316.3
6127.7	1868.4
5182.4	2398.4
5375.1	2353.8
7104.4	3603.4
4894.4	2331
5915.9	1866
3309	1273.8
5708.7	2041.8
5313.7	2490.3
6034.3	2278.1
4875.4	2185.2
5280.1	2206.3
4810.9	2072
2670	2498
5827.3	4724.7
5916.4	2353.9
5745.6	2369
5555.2	4711.7
2058.7	805.23
5156.5	2426.5
5670.5	4747.3
5617.1	2202.8
4545.5	2476.2
5026	1842.6
4580.2	4634.3
4380.9	1929
5931.9	1826.9
6158.3	1732.3
1214.3	981.37
5956.4	2233.1
4941.7	4650.9
5776.9	2202.6
4963.6	1882.6
4700.2	4607.1
6133.7	2190.7
3232.8	1252.9
5182.9	2287.3
5002.4	4866.3
6376.9	2207.9
5931.5	2383.8
3583.3	2083.8
6313.4	1872
5405.5	4661.1
5457	2294.5
5439.4	2410.1
6739.2	2129.2
5090.9	2246.2
5950.2	1789.5
5727.2	2244.5
4643.8	2137.3
997.08	2536.6
5166.4	4612
5372.7	2334.2
5132.5	2405.3
6028.7	1509.3
1181.8	142.81
5165.8	935.72
5131.6	783.93
1078.7	545
6143.5	1262.8
5187.6	2137.1
6359.9	2504
5941.2	1862.5
5829.5	2195.2
5275.2	2213
5850.3	1865.8
6033.3	1997.7
1062.6	2452.6
5515.4	4701
5481.5	2287.4
4642	4666
5794.4	4712
6040	1699.1
1047.9	1145.8
4660.1	1504.9
5340.7	2607.3
5595.5	4749.5
1078.7	525.28
6710.6	3467.6
5100.1	2416.2
300.79	852.94
5407.2	2378.2
6235	1474.8
4751.5	4640.6
4087.3	2172.1
5103.1	2133.7
5340.1	2607.6
1234.9	1001.6
5175.7	4695
5343.9	2369
5126.6	2226.6
5105.5	4441.4
5749.1	2523.3
3381.6	1958.3
3084.6	1999.1
5189.9	2125.4
6158	2356.1
6682.8	3185.3
4397.2	1559.4
4751.8	2724.9
5444.9	2365.2
3305.9	2916.1
5034.1	2243.4
293.02	860.73
683.82	900.81
484.96	2416.9
4649.8	2286.8
664.69	1003.7
5975.1	1664
4964.9	2055.8
5406.5	2378.9
5216.9	4666.3
2990.5	845.35
4861.5	4626.1
1939	2042.9
6508.2	3155.7
1013.9	691.26
5025.4	4684.2
5846.4	1882.7
5980.7	1595.1
5233.2	2224.2
5618.2	2322.5
5814.4	4711.2
7103	1446.7
759.9	608.53
6871.9	1348.6
5071.5	4829.7
5335.8	2319.4
5094.9	2413
6505.3	1941
5450.8	4707.7
5303.8	2423
4163.8	2532.1
5870.1	2296.1
6019.5	2477
6099.3	2206.9
6489.4	2176
4873.1	2266
6286.3	1511.1
5135.6	2291
5977	1660.5
6591.6	1854.9
5676.6	2262.1
6137.1	1754.6
4427.9	3016.3
5180	4678.5
5276.6	2211.5
5883.1	1605.3
467.29	1293.9
5714.5	2070.6
4897	2346.1
5954.4	2135.9
2268.8	1564.7
2629.5	2676.9
5344.6	2418.4
6871.8	1613.9
4873.2	2261.8
5711	2162.4
5086.1	2027.1
6176.2	1713.4
5886.8	1844.6
665.63	1002.6
4817.9	1902.2
5081	632.91
6097.1	2208.3
6654.2	2789.3
5425.7	2421.2
5842.8	1773.9
5041.5	1856.4
4011.3	1591.2
990.9	2354.9
6997.7	3032.2
1099.3	1407.2
3001.4	3029.5
5174.4	2379.2
5163.9	2294.8
5310.4	4693.7
5701.5	2221.9
5865.7	1844.8
5867.5	2313.3
2356.9	1717.4
1198.3	1082.5
5143.1	4741.2
5599.3	2285.9
6966.6	3048.3
5439.6	2435.9
5221	2242.1
5400	2424.7
5505.5	2402.6
5194.6	2299.4
5955.3	2134.4
4865.2	2252.1
5633.4	2231.6
4742	4655.9
4998.9	415.66
1062.4	1353.8
4226.6	2435.1
6731.6	2455.6
5408	2344.1
745.63	2175.7
5683.3	2255
1268.5	678.86
4764.1	1156.4
5951.9	1956.7
5322.3	4669.5
5179	968.82
5028.9	2248.8
5964.9	2149.9
7311.5	3218.4
4419	1424.6
5768.9	1987.7
4722	2409.3
1672.1	354.74
4923.7	4805.4
5202.1	2223.9
4660.1	2858.9
6018.6	2053.6
5120.6	4649.5
6217.5	2505.1
1145.7	562.37
6904.6	823.29
5888.9	2286.9
3122.8	1090.1
216.14	517.62
5056	1839.4
5842.1	1801.7
5113.4	2489.3
5075.4	639
5882.9	2144.9
772.97	2985.1
1253	1111.9
3430.8	2193.6
681.66	562.76
29.795	1334
2422.9	104.2
394.53	450.42
4329.2	2485.9
4521	2720
7095.3	2008.9
3682.5	2447.9
5242.3	2259.5
5831.7	4815.8
7157.4	2805.9
4645.2	2103.3
2688	2934.1
5418.3	2392
3562.6	404.29
5076.4	4670.2
5023.1	2316.7
4838	2110.6
390.53	2189.7
971.01	630.58
4734.9	2731
4899.5	1891.6
4499.1	873.07
6015.1	2385.5
4788.3	1989.5
6142.7	2283.8
4408.4	2239.1
5251.6	4703.6
536.88	1057
5277.4	1352.3
5381.4	2424
3824	2226.4
5480.6	1313.1
5159.6	4634.4
6961.1	1997
4929.8	233.9
6523.9	2368.4
5387	2623
5445.1	2359.8
3474.6	1372.4
5180.7	4656.6
5418.4	2429.8
5133	2439.7
794.5	1372.2
4760.2	4651.7
5871.2	1807.4
5275	2287.8
5145.5	2143
4848.7	2622
7128.8	3680.7
522.17	473.23
5042.9	543.53
736.12	1020.3
3516.1	2491.3
6821.2	2631.8
1027.7	3896.9
5974.8	2299.7
4634.7	2097.3
5943.6	1886.6
4790.4	2254.3
6010.2	2040.4
1404.5	772.53
3678.7	984.79
4710.4	4674.5
4757.9	1499.4
5026.3	2131
5218.7	4661.7
523.74	1503
6162.4	2454.4
5847	1954.8
367.8	1725.8
841.64	913.96
425.58	2173.2
5565	2333.1
4166.6	2488.4
5414.7	2382.7
6356.2	3203.7
5879.5	2105.9
1478.4	883.83
5105.4	701.71
5092.7	2123.7
428.75	614.95
3542.2	1698.4
4803.6	2930.8
180.46	855.17
5488.1	4719.5
5481.4	4714.4
5018.3	2210.6
6028.8	2095.3
4609.8	4661.9
4081.4	2513.8
4819.3	1751.3
1075.8	97.189
1005.3	1613.9
4679.6	4665.4
4685.5	4630.6
2031.2	1619.1
6595.3	1881
5667.2	4805.2
4063	2418
6042.3	2309.6
5136.7	2329.2
5017.9	4772.3
5240.6	2213.9
772.77	625.53
4336.9	1329
6123.4	1179.8
841.54	1351.3
5927.5	1728.5
5694.8	2127.7
5632.9	2290.6
1540.7	816.87
1059.8	1355.6
4768.6	4612.3
5388.3	2346.2
1542.4	223.3
5088.9	680.93
5957.2	1997.2
3643.5	742.8
6111.1	2314.2
5756.3	2042.2
3240.8	724.67
6017.3	1892.8
3775.6	3393.6
5445.1	2357
166.53	618.47
5811.1	1868.6
6679.4	2947.2
5524.5	4731.5
760.65	1630.1
4738.1	4609.7
6574.3	99.656
3286.6	2186.9
4563.1	4647.9
5457	2415.5
4551.8	4644.3
214.85	975.35
6140.2	1570.5
1088.9	308.61
5059.2	551.61
7338.7	2751.8
1858.8	2045
3024	2483.7
6011.9	2241.8
4056.7	1859.8
5951.3	1953.2
652.81	104.6
6729.7	2367.2
2490.8	4131
6042.2	2276.2
5356.4	4682.3
770	1194.7
2407.6	4098.4
5702.8	2103
6049.4	2420.6
5775.6	2209.4
6629.7	2206.8
4972.7	2194.2
5996.4	1482.1
6951.8	2739.1
5686.5	2381.7
5849	2317.1
1387.5	54.315
5169.2	2388.1
6162.1	1815.6
919.76	2504.3
4684.8	4661.5
6095.6	1432.4
3653.1	2609.7
5407.8	2367.5
1465.1	1221.8
3849.1	2090.8
5748.5	2012.7
1380.4	1020.6
1244.8	1533.7
4573.9	4883.9
1256.6	1107.4
6431.3	2277.7
5614.4	2323.9
6021.1	1933.1
5139.5	2214.2
7234.4	2680.9
5192.2	1051.8
5017.6	1784.7
853.13	2194.9
239.09	530.77
4470.6	2470.7
772.34	369.7
2318	2547.4
6079	1679.3
5669.1	4790.9
6946.5	2490.3
129.83	946.75
5013.3	2236.9
5888.9	2306.2
7255	873.33
5116.1	776.76
6212.1	2410.9
3674.1	571.55
6099.2	2406.9
265.12	381
5890.7	2308
1429.7	156.55
4450.7	2229.6
2231	1350.8
4668	2088.5
6537.6	2262.4
6320.8	2458
3003.6	1833.2
5899.8	2182
5968.2	2197.7
4419.9	1659.2
5215.2	2241.7
4300.7	2886.4
6168.9	2238.2
3038.2	2561.2
5444.9	2353.9
5784.9	4690.9
5535.7	2381.6
3655.5	2488
5176.5	2232.3
3881.5	342.11
5797.6	2216.3
4762.5	1489.6
