5488.7	2038.7
5487.6	2038.3
5482.8	2215.7
5737.5	2505.4
5683.2	1144.1
6928.2	2637.4
6740.1	869.12
4928.2	1539.9
2998.6	4024.6
4923.5	1541.5
6629.9	1050.3
6299.2	1511
6175.2	2362.6
4619	1088.6
5303.7	2765.6
5473.1	2042.6
7236.9	1179.6
6430.8	1839.7
5488.6	2215.3
7182.1	619.63
6761.9	1498
6853.5	1436.1
4745.8	1231.3
5322.2	4685.7
7321.3	959.54
7080.2	1344
4840	4676.8
6951.8	1431.4
5726.7	2451.9
5491.6	4706.6
6535	1765.6
4590	4840.9
6655.4	2691.1
5474.4	2218.9
7138.8	1264.6
7048.2	1954.4
5063	4688
7034.4	1363.4
4652.7	4643.9
6452.4	989.62
6195.2	1434.7
6107.9	1555.2
6741.9	1608.6
7116.7	1319.2
6358	1160.1
5662	4724.3
6587.1	1655.7
5527.3	2456.8
6145	2303.9
6201.7	1785.3
6757.7	1612
6102.5	2050.8
6743.1	1608.7
6519.8	1775.8
4345	3278
5636.6	4726.8
5672	4742.9
6915	1390.1
4897	4876.4
5636.5	4710.3
4719.2	4649.8
7244.2	1194.3
5490.9	4706.6
6184.1	1454.4
5251.9	4677
5582	4725.3
7339.5	2948.2
831.17	4560.2
6745.9	842.37
5555	4726.3
5039.5	4676.3
4931.1	4788.4
5581.3	4725.8
5202.6	4803.4
4672.9	4661
4611.4	4637.1
6335.9	2277.4
5963.8	2005.3
6266.9	1911.9
5555.3	2584.1
6138.1	2301.6
6486.8	1736.7
6970.6	1249.5
4904.1	4680.8
5127.5	2453.4
5780.5	2434.6
5345.6	4705.4
6694.8	2058.9
5209.6	4674.1
6833.3	328.43
6425.5	1787.5
6833.6	331.35
6500.3	1591.2
6833.1	323.69
5554.3	4706.2
6784.7	1568.9
5181.9	4681
7139.7	1949.6
6125.9	1849.4
4918.1	2326.1
4995.4	4688.7
6125.8	1845
7139.6	1950.3
6627.4	1629.1
7031.9	1072.2
6499	944.19
7221.4	841.9
4959.2	4687.3
5283.8	4679.9
6925.6	1392.7
4832.8	4652.3
6791	1496.5
6072	1771.5
6981	1247.5
3030	3998.2
5457.8	2773.3
6796	1510.6
6721.1	1396.2
5377.2	2482.8
4748.6	4649.4
4642.6	4662
6643.4	462.75
5133.3	4684
5074.3	2060.4
5182.7	4680.4
4633.4	4861.2
5105.5	4690.7
6590.9	1372.1
6667.6	1529.3
6711.2	1527.5
5000.9	4671.5
5412.8	2724
6351.4	1847.8
5444.8	2376.6
7040.2	2773.2
6034.1	2035.7
6758.2	2454.6
5326.8	2482.2
6354.3	1848.9
6409.6	2260.7
6261.2	1718.1
6295.3	2301
4969.4	4668.7
6447.8	1311.2
664.42	4512.6
6304.1	2286.2
6328.5	2537.2
5522.8	2515.5
7110.5	1225.3
5280.8	4697.2
6553.3	1398.5
6090.2	2322.9
4639.2	4840
6839.3	2003.8
4909.2	4663.3
5380.9	2786.2
7277.2	401.21
6859.7	264.35
5247.9	4692.2
6658.7	1556.5
4996	4849.3
1814.7	1718.1
5383.9	2780
6687.1	318.47
6838.8	2003.6
5325	2455.6
4920.5	1530.2
5114.8	4659.1
4920.6	1527.8
5906.5	2377.9
5453.5	4702.5
5106.5	4823.6
5209.1	4682.2
5103.1	1913.9
6219.4	2296.8
6856.9	1995.3
5212.2	4839.6
4603.2	4850.3
6206.6	2303.8
5281.6	4695.5
6226.1	1324.1
6118.2	1947.4
5309.3	4844.9
5305.3	4868.5
5104.2	4819
6308.1	1895.4
4771.4	4671.8
6526.7	2423.1
5108.6	4828.9
6555.8	2639.2
5734.6	2439.4
4821.2	4823.9
4610.7	4832.9
4996.2	4688.2
7140.4	1208.9
5311	4847.1
6432.5	1789.7
5385.9	2425.3
5290.5	4696.6
5446	2329.4
5312.7	4685.3
6665.8	1301.3
7321.7	952.11
5453.5	4702.7
6877.1	377.8
4676.1	4855.7
4828.8	4660.9
4827.8	4662.2
4597.8	4853.3
6651.8	1530.3
1759.5	383.29
6759.1	107.01
6282.8	1217.8
5525.1	4716.3
5188.4	4895.9
3190.1	3998.6
5458	2782.2
6665.4	1541.5
6877	382.51
6664.2	387.27
6800	2151.9
4956.8	4676.2
5434	2445.4
3948.9	2634.1
5452.2	4719.1
5482.4	4706.5
6327.3	1882.3
6264.7	1186.4
4901.5	4823.6
4303.7	1699.8
5146.2	4683
797.65	4558.8
5217.9	4833.7
5105.2	4847.9
5892.5	1804.4
4935.6	1552
6594.5	2577
6371.1	2269.4
6686.4	1558.4
6263.1	2284.3
5369.1	2333.7
1587.8	326.47
5169.8	4681.1
6379	2280.2
5291	4696.3
6937.3	24.529
4900.2	4821.4
6510.2	2271.2
7027.6	2046.7
7002.9	1287.4
5302.4	4872.6
6263.8	2205.1
5004	4859.2
6642.8	2501.4
4330.9	1883.6
5518.5	4725.6
5452.8	4717.4
4895.9	4839.9
4934.4	1551.8
4437.7	1682.2
5903.1	1849.8
6605	764.44
3181.6	3993.9
6540.5	1751.6
5212.3	2229.1
795.08	4560.3
6007	2346.7
4522.9	2733.9
4586.2	4897.1
7090.6	1133.4
5496.3	2326
5211.6	4865.3
5461.7	4718.2
6860.8	1987.5
5171.8	4679.9
6265	1942.7
6165.7	2231.8
6571.7	901.59
6166.2	1987.6
4640.7	4822.1
4929.9	1562.2
4797	4821.5
5147.2	4682.7
7312.4	937.67
6854	2139.4
4794	4820.6
7342.1	276.97
6869.2	492.68
6388.1	1575.4
6547.2	1680.7
4827.3	4665.2
1148.4	1701.5
7225.1	804.89
3955.3	3416.6
6869.8	1980.1
5299.1	4877.1
5144.2	4684.5
6927.5	2720.4
6996.5	1275.3
5416.4	2463.8
6818.7	2798.8
5212.8	4796.6
5455	2780.2
7213.8	1687.4
4826.2	4666.8
5319.1	4861.7
6938	2611.3
5852.9	4738.5
6635.2	2510.6
6567.4	1368.6
6807.8	359.49
4573	1744.5
6702.7	1597.1
5852.1	4738
6514	2349.7
4351	3300
4956.4	4671.8
4936.2	4675.7
5524.4	4717.1
2996.2	4006.7
6195.6	1777.1
4617.6	4633.2
566.27	4516.8
5100.9	4849.9
6462	2264.2
6840.5	2140.2
6875.8	585.21
4809.7	4772.6
5221.6	4829.2
4791	4819.6
6745.8	1949
5905.5	1884.8
3067	212.19
4887.5	4880.1
5293.5	2128.4
5489.9	2348.9
5336.1	2253.6
6222.1	2350
5407.5	2749.2
4769.2	4864.6
5079.7	1902.4
6717.8	2588.3
6875.7	588.73
4905.2	2264.7
5213.7	4869.6
6556.4	859.58
7021.1	1334.2
654.37	4575.1
6305.4	1872.1
1117.1	1634.7
4886.2	4847.4
6222.8	2378.5
4939.4	1552.1
5309.8	2178.5
5199.9	4844.7
6258.7	2296.8
6022.1	1942.3
5482.1	2345.8
5217.2	4680.3
3307.8	1289.8
6594.8	2080.7
4848.4	2076.7
6330.1	1655
6632	2511.7
4773.3	1642.6
4764.1	2028.7
5494.9	2024
6149.5	1900.6
6147.6	1574.5
6168.3	2235.7
6526.9	2335.1
4533.3	1347
5317	2183.8
5629	1206.1
3068	213.52
6150.5	1629
5278.6	2177.8
4122.5	2828.3
6245.9	2741
5421.2	2774.2
6820.2	2800.6
5383.9	2389.4
5833.4	4736.5
3001.6	4003.2
2971.8	1196.2
5522.4	2479
4975.4	4837.8
5354.6	2243.2
2155.9	305.1
5223.9	4827.2
4938.3	4786
5099.9	4851.2
6321	2274.1
6731.8	2443.9
7010	305.62
7051.4	2033
5323.2	2260
6680.8	1561.5
5333.4	2450.2
1798.8	1727.1
4481.7	2647.6
5840.6	4737.8
6590.3	1344.3
4901.7	2344.4
7122.2	1277.6
5303.7	4834.4
5467.8	2770.5
5157.6	1985.9
5451.3	2597.3
5913.9	2616.1
6607.6	1695
7121.3	1280.8
4696.7	4854.8
3357.9	507.3
5433	2748.7
6140.2	1956.6
5543.6	2481.3
5188.7	2017.9
4463.6	2652.3
5535.5	2483.8
6754.2	1461.7
6729.8	634.99
6802.5	2011.2
5492.8	2325.4
5482.3	2299.9
6110.8	2257
3373.1	660.93
5101.3	4674.2
6226.5	1973.9
5607.5	4721.8
6828.1	1424.9
6746.1	819.2
5469.2	2774.1
4652.4	4832.8
6807.3	1513.8
6745.9	1462.3
4177.8	1784.8
6143.7	1544.6
6875.8	364.01
5792.8	2687
5481	2300.1
5421.5	2445.6
5405.9	2528.7
5510.7	2357.1
1533.8	4560.9
6028.9	2257.9
5242.2	4681.9
4609.1	4848.1
6882.9	82.089
3350.4	662.91
1557.4	309.25
2455.3	1330.6
5514.9	4703
6715.6	872.77
6879.8	1486.5
7061.1	1334.9
1840.5	1791.9
5546.1	4711.1
6294	2193.9
2119.8	471.64
6263.5	2306.6
2033.5	809.13
5292.9	2134
7267.6	1146.2
4788.2	2329.5
5225.3	2057
6332.4	2360.3
4643.2	4645.5
2443.9	431
4881.9	4850.8
4688.8	2217.9
7145.9	1282.7
6609	2017.5
4782.7	4817.1
6320.6	1884.9
3360.9	427.78
5459.4	2326.1
4965.9	2184.8
5487	2030.3
4655.2	4859.2
5113.7	1935.1
2996.1	2784.8
3363.3	433.67
5779.2	2081.3
4347.3	1812.9
4823.6	4673.5
4294.1	2249.9
6610	2225.7
5377.1	4708.3
2421.9	114.97
6067.1	1641
4935.5	4679.6
2557.3	3334.1
2072.9	436.18
6328.6	2366.8
6373.8	1104.4
4700	1181.9
6777.7	1094.1
5323.6	2444.2
6479.2	1827.6
1571.3	285.62
4795.1	2321
7133.4	1263.9
6532.4	2513.6
5514	2345.5
6268.9	2187
6219	1765.3
5444.8	4704
6666.1	2515.4
4492.9	1654.6
6884.8	82.117
5415.6	2470.9
5125.7	4850.6
6218	2221.6
4209.7	813.09
6120.3	2496.6
4845.8	4654.4
6828.9	2011.5
5355.8	4701.5
5114.7	2465.3
6045.3	2491.4
6777.2	595.54
6150.5	1577.9
6065.2	1649.6
7275.2	2720.1
5819.1	2526.3
5672.7	4726.7
4893.1	2347.4
1938.1	219.4
6146.5	2317.1
6533.9	789.63
6581.3	692.6
6086.3	1644.9
6515	2373.4
5480.4	2353.4
6641.9	2078.8
4632.8	1969.7
4834.4	4804.3
1300.8	807.42
5998.7	2271.3
3037.8	724.6
6512.2	2308.8
6145.9	1610.4
6180	2571.6
5670.3	2644.9
2994.4	3992.2
6351.7	1421.8
6204.8	2199.7
4896.1	4812
5587	4716.5
5496	2314.7
3775.9	1168.4
6562.4	2225.5
5281.9	2122.1
4274.4	1854.7
6965.4	2064
6224.7	2569.2
4878.5	4852.8
4646.9	4652.6
3612.1	1207
6376	1234.6
7153.7	1280.2
5748	2402.4
5370.4	2516.5
6339.3	2346.1
6827.1	1431.6
6386.3	1864.5
6454.6	2247
5238.3	4694.9
6251.6	2291.1
3337.2	1028.2
5109.2	4664
5095	4856
5590.8	4708.3
4585.5	4858.7
6189.2	2974.8
6153.9	2541.8
5392.4	2353.2
2977.9	1202.3
3337.4	1213.9
6543.9	1031.8
5072.2	2372
5157.9	4682.1
7058.7	2366
5097.7	4680.8
6251.5	2173.4
5331.2	2443.5
5528.7	2342.2
4952.9	1883.7
6017	2040.9
5405.8	2308
1774.6	1736.6
7150.9	1026
5387.4	2317.8
3176.6	288.32
6918.7	1339.4
5090.1	4859.7
5904.5	2549.5
5393.9	2460.9
3966.1	2086
5074.3	2141.7
6797.8	1529.3
3985.7	991.27
6148.1	1611.7
7080.7	657.45
6797.9	2061.3
5282.1	2121.4
5794.7	2448.2
6354.4	1138.2
6678.5	629.11
2444.9	1872.2
2763.3	1213.4
6445.4	1289.7
6418	1836.3
5879.2	2202.8
5539.6	2366.8
5444.8	2773.7
6609.8	890.27
5225	2058.3
6196.1	2235.6
5584.8	2310.4
1920.4	293.78
6046.3	2352.9
4065.8	4599.9
6637.1	1583.7
5751.1	2420.3
7330.7	4367.5
6630.4	1592.8
6882.1	2661
3514.7	2025.2
2755.4	1219.6
4641.1	2294.1
6280.7	1935.3
7231.5	4281.4
6904.8	1315.1
4956	1613.8
6756.1	2625.7
2687.9	177.98
5340.3	2280.6
4144.2	1056.7
3338.4	1235.5
6527.1	2307.1
5441.2	2782.7
4966	2282.2
6570.8	640.02
4769.3	2276.2
6933	1316.8
6188.5	1758.9
6067.2	1640.7
6333.8	2293.7
4881	2358.3
6296.1	1826.9
5510.6	4716.4
7268.3	4229.9
4820.7	1323.2
1252.7	4559.2
5398.9	2515.4
5378.8	2762.3
4624.4	1445.4
4672.4	1159.9
6844.4	2048.9
6122.6	1593.4
6334.3	2373.8
4788.4	2242
927.27	518.71
5345.8	2762.5
5487.6	2205
6405.8	2150.2
6128.8	1398.8
6444.4	1476.5
4992.3	2055.7
1294	811.93
3663.2	654.23
5555.3	2285.2
5976.8	2081.3
6020.3	1583
3500.3	2017.5
2755	1220.1
2933	1953.6
5234.7	4818.5
6136.9	1558.9
2328.6	69.119
6184	2212.6
5970.5	2285.4
5334	2474.1
5391.6	2330.5
6993.9	1292.7
6759.5	1488
4766.3	2298.8
3006.1	857.42
6514.9	1038.2
4761.8	4865.6
4994.9	2458.9
6272.6	3193.9
5392.4	2331.7
2242.8	1819.1
6535	911.1
5379.8	2522.2
5251.8	2563.2
3107.3	3959.2
7327.2	2095.1
3153.6	3994.2
4647.7	2268
5445.8	2779.5
5096.9	4679.9
2439.3	120.31
5385.8	2400.2
1568.7	278.79
5254.5	2120.4
4780.8	1450.7
5252.8	2563.2
3156.3	4007
6904.2	1325.6
3359.1	420.6
5744.1	2103.8
6012.9	2354.3
5088.7	2047.4
6128.6	3132.1
6293.3	2198.1
6670.6	2182.1
4017.9	1632.1
3169.3	537.12
5669.4	1137.3
5107.4	4671.7
705.85	4559.9
4151.6	1530.8
4955.1	2000.2
4822.9	2222.3
6042	1910.8
5060.1	2081.4
4921.2	1962.5
4778.3	1835
1734.3	905.43
3347.2	2518.2
4897.9	1645.4
6292.8	2738.3
1921.8	962.48
4606	4822.9
5264.7	2544.6
5374.2	4704.2
2330.4	555.24
5607.6	4727.7
5386.6	2506.1
2334.1	553.72
2432.7	28.573
5407.3	2407.1
2580.4	507.2
6779.5	185.95
2437.6	1819.7
3599.8	677.77
6711.5	2577.4
5540.4	2402.9
6707.9	1607.4
4594.9	1445.7
4821.8	1321.2
5725.3	2159
5327.5	2756.1
6204.1	2211.6
6271.2	2307.4
4754.5	2037.9
6588.8	1472.6
4215.2	839.22
1839.6	1783.4
3822	2622.8
4941.3	4667
5299.2	2619.2
7024.2	1350.9
7008.5	1835.4
6238	2849.7
4840.4	4795.2
5633.9	2400.8
5452.9	2778
6067.8	2058
4768.8	2344.5
5510.6	2033.7
4658.7	4831.3
5358.3	4698.1
5374	4703.1
6253.5	2522.3
5419.2	2333.4
5998	1585.6
6920.4	435.41
5097.5	4683.9
5519.5	2384.9
4955.7	4664.8
5465.8	2360.3
7022	323.84
4011.4	937.64
4087.4	793.85
4611.3	1263.3
4958.6	2048.8
5387.4	2464.7
5290.4	2197.7
6500.5	2101.1
5923.1	2236.1
7004.8	1821.7
5396.5	2783.7
4766.1	2444.1
5779	2562.9
4637.5	2295.2
6788.6	377.02
3171.2	535.74
5105.2	4663.3
1732.5	903.15
7317.8	4333.9
5032.8	2090.1
5489.5	2497.7
6775.3	1568.2
2583.4	506.47
4331.2	1724.6
5104.4	4675
6454	1483.5
4696	1193.1
6791.3	2136.6
7172.7	632.71
6874.9	343.24
5471.5	2362.8
6059.5	2380.8
4427.6	3258.4
5445.9	2599.3
3993	597.34
2598.5	507.51
6045.9	2086.5
5512.2	2325.8
6847.2	2045.8
5496	2472.2
5275	2394.6
5644.1	2102.4
864.67	4571.7
6875.9	2337.2
4768.8	4855.6
5429.1	2332.9
6448.1	2380.3
6810.7	2057.9
4805.2	4806.5
4785.5	2289.5
5284.9	2511.7
6596.6	2072.7
1546.6	169.3
6255.2	1948.1
2310.9	570.47
5420.4	2334.7
6811	424.01
6239.3	1948.1
4222.2	2170.8
4624.1	4621.1
2280.5	1036.8
4852.3	4658.1
4737	2933.2
6938.9	864.85
6798.3	261.39
7051.3	640.63
6915.5	1253.4
6301.3	2361.2
6027.6	2353.7
2401.9	578.4
7186.4	1239.9
6037.7	2454.7
6152.4	2217.6
2034	243.31
6228.2	2355.3
1323.1	818.15
4333.9	2231.4
4876.4	2625.3
5361.4	2529.1
5790.1	2437.3
3227.8	888.9
6399.6	1132.2
6980.1	110.54
6544.1	916.2
6850.3	1488.7
5825.9	2569.4
7291.1	852.16
3345.3	2149.7
5560.5	2850
4253.8	1342.3
6374.8	1879.2
5822.6	2569.8
6118.3	2478
3435.4	552.42
6195.9	2341.3
5932.1	1900.5
5454.7	2357.3
4618	1885.7
5527.1	4708.5
5909.9	2422
5285.1	4690.2
5115.4	4844
3192.2	551.49
5499.1	2508.5
6078.2	1876.9
5772.7	2692.3
7130.4	1229.8
766.95	2422.5
5083.3	4860.9
7143.6	617.9
4630.5	4625.6
6850.3	154.36
5548.7	2426.9
2794	1845.2
5061	2195.5
6507.3	2171.6
5204.7	2549.9
5118.8	2479.1
4786.5	2058.3
7025.6	1338.9
5511.8	2314.7
5868	2257.2
2811.5	292.32
5564.5	4831.8
4755.7	1746.1
5753	2408.3
5758.6	2301.9
5088.4	2150.1
6373.9	1573.9
7246.3	1970.8
5352.9	2448.8
6864.4	1239.2
6528.5	2942.4
5575.8	4841.9
5446.1	2362.3
4590.6	2918.5
4814.9	2239.2
6961	1468.9
5499.4	2488.5
6101.1	2381.6
3001.1	4011.8
6289.2	2352.2
6872.9	77.944
6046.2	2325.5
5711	2287.5
3295.1	88.867
6678.5	743.78
4823.2	2077.6
6439	2110.1
5393.8	2767.9
4928.2	1638.9
5758	2682.7
4415.4	1324.6
4725.2	2334.5
5565.2	2360.1
4898.6	2312.9
6534.1	1617.7
6186.4	2375.2
4806.6	4810.2
2758.3	532.53
2757	534.19
1990.3	2174.9
4769.6	4854
6214.3	2430.2
6345.7	2348.8
5309.3	2502.4
5528.9	4723.5
6456.8	2316.4
5222.8	2365.3
5449.6	2770.5
6261.9	2338.2
6407.3	1330.5
6175.1	2516.3
5162.9	1986.4
5478.4	2424.8
1128.3	1724.6
2285.1	1016
5460.1	4696.2
6304.3	2523.3
951.59	2223.6
4973.2	2383.8
5561	2443.4
3195.9	1977.1
5599.6	2570.8
6653.7	726.48
6969.9	1470.6
3896.2	1579.7
5259	2386.6
4663.6	4653.1
3441.1	559.74
4636.9	1978.2
6546.5	1769.7
5332.3	2320.9
4921.4	1995.7
6681.4	733.71
2005.3	2391.2
5740.4	2232.2
6955.6	1262.6
5359.7	2472.8
5063.2	4810.9
5520.9	4818.1
4004.4	656.47
5400.9	2420.4
4838.9	1929.9
4915.9	1948.5
3189.1	1983.9
6657.4	2589.5
2830.6	135.21
6259.3	2275.9
6441.2	1051.2
5608.2	4735
1326.5	679.11
6064.9	2322
5719.2	4749.8
5880.8	1806
5025.3	4843.2
5040.3	2370.8
5054.3	4666.5
7230.2	1124.1
5653.5	4711.2
1714.5	3808.5
3186.1	558.96
6450.5	1842.9
4783.1	2246.7
1592.2	1800.5
1746.3	495.78
6281.5	1358.3
4931.5	2152.5
4602.3	1056.3
6333.7	1621.9
5369.2	4697.8
5515.7	2203.8
6349.5	2322.2
6046	2503.4
5244.4	2655.7
6138.8	2219.3
2656.3	1909
5299.5	2144
5888.1	2249.8
7281.5	852.46
7159.2	2587.2
4225.7	2544.6
7099.5	2663.2
6152.6	2213.6
3325.9	1224.4
6590.4	1384
6980.5	1278.9
6961.1	1265.8
5282.9	2165.9
5541.8	2413.6
6448.1	2356.5
6303.2	1939.1
583.72	303.03
4804.7	1776
5594.5	2208
5549.9	2400.6
3838	1554.5
4690.3	1927.2
5360.8	2408.9
6034	1906.7
1784.8	381.14
6630.2	1531
3445.7	562.46
6273	2500
6304.7	2455.2
6231.6	1701.5
6721.4	2902
7038.1	1058.9
6302	1489.5
5419.2	2326
6338.3	2442.8
5398.2	2350.3
6475	1146.8
2105.3	352.2
5476.8	2435.8
6945.9	1405.9
5437.5	2773.2
5023.5	4834.2
5080.7	2202.9
6177.8	1836.6
6016.1	1588.8
2237.6	1827.3
2993.5	711.35
5216.5	2056.9
5000.9	4681.2
5095.3	4699.8
5048.2	4794.3
6331.9	1876.9
5999.8	2437
6246.1	2240.1
2736.1	282.5
4628.1	4619.9
6516.9	2451.3
4820.4	2218.5
6069.3	2248.8
3453.9	2022.6
6174.1	2536.4
6738.5	513.93
3549	293.38
5980	1738
4581.8	1136.8
6300	2347.1
5407.1	2424.5
6053.3	2481.2
4656.2	2500.7
6984	1295.1
3334	2349.4
5184.5	2524.8
1381.6	832.51
5623.9	4708.1
6149	1642.9
4661.2	2561
5542.2	2018.3
4870.3	2629.8
5348.3	2293.7
7102	1206.1
6663.3	697.44
3386.9	915.95
3357	2054
5131.7	1966.7
5377.8	2298.9
4229	1271.6
5784.8	2450.4
4197.2	3111.1
5933.4	1909.4
6264.2	3050.8
5026.7	4845.8
5782.5	2454.1
4973.5	2518.1
4923.7	1950.4
4619	1979.4
5488.9	2749.2
5411.9	2523.2
5400.9	2505.7
1844.3	1749
1885.9	304.65
7338.8	1903.3
6141.1	1583.8
5950.1	2393.9
6261.2	1867
7238.9	1123.8
5761.3	2163.2
6214.1	2198.1
6449.7	2393.5
5651.6	4739.4
4721.1	1150.8
6960.8	1390.1
5333.4	2311.9
6966.4	1946.1
5166.8	2589.5
3350	147.86
6178.4	1583.3
2829.3	256.55
6105	2238.1
6097.4	1955.2
2802.9	1238.7
4828.7	4843.7
6862.2	376.17
6375.3	2252.4
6337.4	2406.8
5537.5	4729.4
4721.3	1374.1
4773.1	2317.1
3353.7	1269
6803.6	1534.8
4987.6	4837.8
4869.2	4793.2
3215.2	865.28
6211.8	2384.1
5015.7	4871.9
6032.9	1647.1
2870.7	1867
6213	2212
6497.4	779.58
2800.8	1234.9
4876.5	4629.7
6070.8	1731.3
4839.3	2227.1
5293.2	4691.3
6432.1	912.62
6559.3	2108.9
5535.8	4702
6788.5	2144
6649.1	2197.7
7049.4	2586.3
5768.6	2248.9
5345.8	2534.9
5752.8	2094.5
4773.5	2441.7
4529.8	1910.3
4862.9	1880.7
5238.6	2141.7
5075.5	2148.8
4716.8	2226.1
5540	2399.4
3762.7	479.82
6802.2	505.74
6142.7	1583
2810.7	263.3
1501.5	444.92
5336.1	2287.2
6113.6	1930.8
5118.5	1969.8
2220.8	1818
6231.3	2203.4
4830.5	4854.4
6239.5	3147.1
6297.2	2347.6
5121.7	2188.9
4783.8	1785.5
4962.1	2351.7
5470.2	2387.4
6275.9	2200.9
2250.8	1825.9
6290.1	1081.3
6405.3	2137.1
6540.6	3600.5
5328.8	4701.4
5555	2636.6
5002.4	4891.6
6452.2	2274.3
1846.7	1747.8
6383.8	1099.7
6129.2	2296.2
5555.9	2479.6
3005.5	833.29
5378.8	2289.8
1604.2	1753.6
4680.8	4620.6
5425.8	2345.7
5411.1	2294.1
5845.8	2353.2
5121.1	4696.7
1308.7	4423.6
5270.7	4684.5
6335.8	2403.9
7243	1326.7
5375.1	2509.9
5037.3	4631.5
6304.7	2437.9
6293.4	2167
6265.1	1963.8
5388.3	2462.5
4785.9	1800.1
7284.8	852.41
3347.2	130.42
3307.5	86.476
4667.7	4635
4931.3	4692.3
6964.6	127.5
5810.2	4712.3
3372.8	600.13
4971.6	2370.3
827.79	483.03
3509.3	1037.3
6473.2	1836.9
6763.5	1987.6
4626.3	2342.5
4807.2	2379.5
5346.5	2685.5
1962.8	289.82
2236.9	1800.3
6214.4	2472.9
6233.2	1162.8
6820.8	278.42
6795.3	396.9
7231.9	830.39
6702.1	1195.5
5130.7	1953.5
5065.1	2228.3
5027.9	2419
6496.1	835.75
3478	248.87
4033.5	720.3
4755.8	2052.7
6508.1	1601.7
5002.9	4893.7
4812.5	1585
6487.2	1952.7
5021.8	2091
3653.7	391.25
6155.4	2569.1
6406.3	1043.6
4926.4	1674.1
4416.8	1677.1
5739.5	2218.3
6008.7	1939.4
3998.8	1958
4023	1611.1
5674.6	2253.5
5386.2	2363.7
4836.1	1811.1
4698.1	4617.4
6940	1394.9
5761	2242.9
6861.5	72.678
3833	2157.6
5354.7	2295.2
5520.6	2361.2
4921.9	4662
5629.1	2338.4
4771.7	1354.8
5322.3	2221.8
3595.6	1082.1
5462.4	2336.2
6091.3	1881.9
3344.7	128.96
5310.6	2220.7
4616.4	1848.5
6726	1380.2
5014.8	2368.6
4730.9	1721.5
3327.5	2538
6335.5	2388.4
5011.9	4630.2
4633.8	1702.5
6447	2400.6
6943.4	402.78
6245.2	2456.8
5582.5	2238.4
5504.9	2321.8
3991.2	3423.4
4806.3	1791.2
6365.6	1853.3
5937.1	1853.8
1719.2	3878.7
4805.1	1578.9
814.81	60.813
5458.6	2337.7
2713	2523
4635.7	4649.6
6303.6	2441.5
3705.9	1043.4
4979	4809.5
3778.8	500.75
6599.9	661.38
4735.9	4639.2
6577.6	370.23
1801.4	2238.9
4771.9	2098.2
6203.5	1902.7
6768.4	2179
5750	2093.6
6766.7	19.843
6425.4	2233.5
6155.4	1608.8
5121.3	4702.4
4741.9	1850.3
4792.2	1870.7
4964.1	2057
5423.8	2781.6
5256.6	2570.2
6666.2	467.59
5420	4668.2
6466.8	1519.3
4841.4	2621.2
5437.2	2341
3844.6	565.59
7232.8	1192.4
6143.2	1663.2
6021.3	2121.9
4618.3	1993.6
6247.5	2518.5
5028.8	2429.4
6641.9	1514
5528.5	4706.1
6741.2	1451.1
4927.1	1676.3
4597.8	1669.4
6027.2	1748.9
6499.9	2183.8
6576.9	2247.8
6638.4	1526.9
3267	2293.3
3366.5	2249.7
4833.9	1919.6
3690.3	439.45
6676.7	2652.6
3328.3	887.57
5739.2	2085.5
6291.2	2416.6
5608.8	4753.1
4821.4	1622.1
5852.7	2277.3
5189.3	4700.2
5387	61.39
6629.4	853.3
2930.6	1177.2
2712.2	2515.1
4986.2	2066.9
5162.2	4790.1
6304.2	1941.6
4956.5	2036.7
5352.1	2752
5310.7	2281
7232.8	814.18
6154.1	1343.2
4806.8	1287.4
3184.7	551.1
4691.7	2668.3
5458.9	2363.8
5460	2373.2
6478.3	2153.1
5207	2460.2
6936.1	1427.7
3187.9	2184
3362.5	2249.6
5463.8	2310
5194.4	4667.5
4724.2	1738
6977.4	2333.2
6843.3	1089.3
5981.9	2471.9
5925.8	2208.6
7006	699.1
5387.8	2306.4
6392.1	1424
1487.8	286.75
4793	2467.3
3207.9	954.29
6593.7	1692.3
4665	4617.9
2862.8	312.27
5403.7	4080.2
6381.9	1431.2
6812.6	2048.6
5500.8	2361.3
4697.9	4640.5
5329.6	2408.2
6541	2074
5996.1	1961.3
7131.8	2118.8
5039.4	4689.9
6590.2	3608.4
5425.1	2382.4
3432.5	2025.6
5211.7	2122.4
6276.5	2421.1
5866	1860
3820.7	2635.1
1830.7	2982.9
6793	2482.1
4829.4	2338.8
3474.8	233.34
5763.5	2679.6
3467	466.82
5715.5	4733.2
6808.6	1540.7
6803.6	396.4
2531.1	2081.9
7182	769.18
3616.9	2354.6
3534	282.38
4877.5	2465.2
5952.6	2500.7
6285.9	2216.6
2769	2146.7
2077.9	1838
6080.9	2553.8
5193.7	4684
5465.9	2379.4
5793.8	2192.9
3850.6	1847.2
6214.2	2314.1
6372.2	2200.6
4908.4	1965
6404.8	1036.6
5084.8	4834
6073.2	1657.6
5335.7	4674.5
803.05	4598.5
5025.4	4778.6
4633.9	1958
7107.2	2365.5
6937.2	430.92
5352.6	2528.1
3997.9	1955.4
6499.2	2113.5
4619.6	1993.4
4422.9	1964.4
5134.1	4657.2
5847.3	2197.5
6102	2314.3
6417.1	2402.8
4934.9	1563.3
7041.5	1048.4
4823	1764.7
2714.7	2510.1
6233.2	1209.4
1554.9	241.43
4802.4	1603.6
6560.4	2462
6098.3	2411.7
4994.5	2049.5
6260.8	2335.5
6981.6	1624.3
4635.9	2333.4
219.64	174.74
3440.9	190.49
5401.8	2342.2
3988.9	1659
6541.9	1771.4
2122.5	993.71
6167.2	2024.9
5067.6	2171.9
4590.2	1452.7
5194.4	4662
3695	904.2
4947.6	2017
6272.7	2534.4
6880.3	113.77
6359.2	1870.4
6190.7	2417
7259.8	1229.5
6609.1	582.92
5207.5	2203.9
2995.9	2308.2
6448.5	2227
3499.4	321.42
5494.9	705.37
4716.7	1710.8
6192.4	2483.2
6765.4	2248.3
4806.2	1399.7
6979.9	1412.6
7020.6	1075.7
5532.2	2474.9
6165	1664.6
2772.5	3699
6514.7	2077.8
5093.8	2684.5
6764.8	786.09
102.04	582.53
4023.3	1002.1
4818.7	1742.6
5323.5	4698.9
4569.8	4637.3
2008.8	242.65
4955	4656
3395	1607.9
6895.1	3007.5
1097	2420.7
6425.9	2205.6
5689.4	4722.3
5300.8	2152.8
4872.6	1802
3190.4	2358.7
5509.9	1084.1
4546.3	3051.4
5796.4	4687.5
3343.7	522.05
1551.3	203.59
6791.4	137.47
5799.4	2136
5454.8	2391.6
4106	1013.9
5026.8	2160.9
3539.5	198.01
5155.8	4745.8
6874.8	174.52
6274.5	2475.7
6035.1	2079.8
5070.4	2468.8
6071.9	1758.1
5425.3	2778.3
4704.2	1821.6
1883.9	3133.8
7342.4	970.59
4762.2	1627.2
2710.2	1931.1
2505.1	4246.5
5440.2	2300.2
5365.3	2780.5
5829.5	4715.4
5230.1	4672
3788.5	2137.7
4571.5	4657.8
4798.1	1784.4
6398	1855.2
94.864	587.48
5422.3	216.7
2053	317.8
24.337	3730.8
5436.6	2304.2
5705.4	2101.4
4559.8	4646.2
5465.5	494.59
5126	2427.5
5656.7	4755.2
6756.6	789.38
6867.8	1211
5578.2	2457.6
5447	2425.8
5638.7	2110.6
1853.1	342.63
6569.7	2138.5
6805.4	417.19
5473.5	2372.7
4176.3	1143.5
5653.6	4753.8
5203.1	2061.2
7021.8	2655.3
6319.7	1972.9
5399	2360.3
5133.6	4655.1
3549	3639.9
5360.2	2332.7
6211.7	2418.1
5080.1	2425
6081.1	2318
770.86	2382.8
5567.6	4716.9
6717.6	683.08
4714.6	1385.3
5526.9	2327.4
3305.8	1993
1130.1	1672.7
693	4532.8
6804.3	2056.7
5107.7	4577.7
6361.4	1127.1
4642.7	1270.6
6052.3	2101.7
6639.2	1520.4
2861.6	329.79
6896	279.13
4738.5	1749.3
5957.5	2532.4
5937	1900.1
5682.2	4793.7
5525.2	4668.2
5299.6	2211.1
6410.6	1860.3
5095.4	4705.1
5405.9	2770.4
5468.1	2406.1
6564	878.95
5196.3	2052.5
7073.1	2038.2
4734	2282.6
6818.6	1467.8
6902	2586.9
5682.6	4803.5
868.53	4781.9
3135.7	4005.7
5034.7	2220.8
4814.4	1776.5
5851.9	2272.9
5991.9	2041
2449.2	112.42
7110.1	1149.6
5682.3	4795.9
5522	2193.8
6381.4	2538.7
5505.1	2456.1
3511.8	2366.8
5110.8	2124.1
6813.7	53.81
6136.7	1620.2
5466.8	2426.8
4843.6	1815.5
3918.2	3422.8
4803.3	2420.8
4953.7	2159
3942.9	704.67
5323.7	4699.4
2155.9	2554.9
4726.4	2286.1
6285.1	1611.8
1578.6	151.71
4780.9	4618.4
6219.6	1737.5
5942.6	1894.9
4916.2	1943
4129.7	2623
5037	4824.8
6999.8	1188.7
5159.1	2119.3
6180.1	1602.6
5738.8	2098.6
5283.6	2405.8
3449.7	2512.2
5017.8	2373.1
3915.8	2498.4
6523	2471.7
6516.1	2434.9
6013.9	1893.6
991.23	204.4
5419.9	2416.5
3199.9	274.02
5382	2438.8
5146.7	2016.9
6880.5	2382.6
5202	2065.5
5542.2	2562.8
5438	331.93
5500.7	2361.6
574.74	435.03
3403.4	161.3
5478.9	2316.6
6234.9	3183.2
5299.7	4690.9
6102.5	1477.2
4721.6	1949.8
5878.2	2367.6
6521	3584
5117.2	4648.9
5085.8	2667.7
762	4509.4
1809.8	2560.6
5640.1	4755.1
4582.3	4629.4
6811.8	463.29
7132.3	2125.3
6098.7	1552.9
5500.8	2349.9
4606.1	2309.9
6502.6	979.69
3687.4	439.37
4647.7	1417.5
6350.7	1171.3
5407.9	2419.3
5722.8	1151.3
5086.9	1933.6
4577.1	1802.8
3344.2	484.45
4556.1	2369.6
2844.9	355.44
4724.3	1721
6592	848.23
3428.9	175.36
6197.1	2294.6
1567.1	2146.9
7211.1	1663.8
4864.6	2620.2
3190.5	520.82
4120	874.89
3196.8	541.58
6752	1618.2
3801.2	2592.7
4602.4	1749.9
4923.5	1587.4
6479.4	876.55
6034.3	2309
1812.9	2603.2
6351.1	2270.3
5368.7	2524.8
5532.5	4725.7
3409	1270.7
56.947	302.07
5381.8	46.567
5471.2	2373.6
4545.2	1359.2
2121.1	2034.3
7268.8	2582
4369.6	4646.7
6853.4	1264.9
5165	4816.6
5281.1	2314
3221.7	1956.3
2554.1	2823.4
5070.3	2414.6
6139.1	1847.7
6719.9	3237.6
1801.2	2754.5
6345.1	3393.6
1903	346.19
4445.1	1523.9
4623.2	1851.8
4370.7	1030.2
3436	1352.3
4287.1	1278.7
5344.9	2285.8
5032.2	2186.8
4620.2	4874.3
6750.4	2987.2
5494.4	4719.5
6612.7	916.85
2699.8	1890
7039.9	1052.9
6726.7	2915.3
5522.2	1519
6600.4	1373.2
3149.8	376.13
5369.4	4685.2
1940.3	973.63
6604.2	3611.6
5613.6	2346.1
922.4	1470.2
6355	1339.5
4519.2	1877.4
5413.1	2600.8
3633.2	2247
6672.1	235.94
5295.9	2224.8
4590.1	1465.2
3140.9	428.47
6478.3	3083.2
1829.1	1839.2
5234.5	2057
5914.7	1761.2
5468.1	2418.8
6135.6	1383.1
6391.3	2518
4896.4	2521.6
6141.4	2970.9
3843.2	473.17
