6055.7	1783.5
5102.4	1860.3
5368.9	2461.7
5490.1	2535
5872	2443.2
7188.3	2039.8
6218.4	1517
7188.3	2039.8
6412.6	1684.6
6051	2334.1
5386.2	2325.1
7067.7	1324.3
6051.4	2306.5
6274.8	2204.8
7188.3	2039.8
7123.4	1277.9
6056.7	2346.1
4802.8	2195.3
7009.9	1242.3
7188.3	2039.8
5218.4	2532.4
5466.8	2615
5996.8	2344.3
6704.4	75.705
7142.6	498.44
7188.3	2039.8
5934.2	2359.2
7088	587.04
6918.5	897.78
5004.2	1694
6662.3	2220.1
7188.3	2039.8
7123.4	1800.3
7088.9	1170.4
6704.4	75.705
6752.4	1612.7
7164.3	1446.5
6772.1	2574
5394.7	2471.7
6918.5	897.78
6704.4	75.705
5233	2121
7085.3	1168.9
7009.9	1242.3
6104.2	1454
5429	2341.8
6704.4	75.705
7088.9	1170.4
6248.8	1011.4
7168.2	499.75
5825.3	2375.9
7088.9	1170.4
5359.4	2344.1
6918.5	897.78
5569.2	2606.6
6450.2	1623.7
5490.9	2358.8
6651.5	2239.2
5429	2341.8
5177	2055
6424.3	2072.6
6704.4	75.705
4950.7	2363.2
5897.3	2134.2
5172.6	2187.8
6481.7	1877.2
7101.1	616.35
5917.5	2120
5357.2	2430.8
5172.6	2187.8
5221.5	2538.7
7099.1	588.46
5733.8	2060.1
5331.1	2285.3
6635.1	2155.5
5380.3	2645
6185.9	2621.9
7138.8	3963.9
5153.1	2044.9
6996.5	1236.5
7088	587.04
6578.1	2070.1
5472.9	2360.2
5221.5	2538.7
5647.5	2445.5
7087.8	1083
5428.8	2385.1
6563.7	1508.9
6662.3	2220.1
4916.8	2069.1
5357.2	2430.8
6906.9	874.72
4802.8	1897.3
4887.7	2576.2
6647.1	2672.3
6897.7	882.28
6285.5	1304.1
5733.8	2060.1
5964.5	1687.5
5882.9	2368.3
6825	488.46
5375	2330.2
4916.8	2069.1
5153.1	2044.9
6528.5	2104.3
4877.7	1534.8
6632	2198.2
5094.8	2339.7
5969.3	2357.3
6632	2198.2
5188	2188.1
6906.9	874.72
6411.7	1232.8
6897.7	882.28
5301	2181.3
7088	587.04
5109.9	1867.7
5297.6	2179.6
6850.3	2274
7087.8	1083
6067.2	2247.9
7087.8	1083
4772.4	2457.3
5898.3	2389.6
5236.3	2563.6
5238.3	2400.7
5281	2167.5
5188.5	2189.1
5171	2238
7156	1461.1
4741.3	2300.1
5101.1	1850.8
6209.2	1576.8
6208.4	2276.5
6279.5	1314.2
5464.7	2357.3
5032.8	1736.4
6034	2036.2
6693	77.224
7080.4	1168.2
6335.7	2364.6
6679.5	2439.9
5476.9	2337.7
6820.1	2248.5
7092.3	1089.4
7087.8	1083
7107.4	2024
5369.5	2346.7
6820.1	2248.5
7128	2074.6
5369.8	2389.3
5368.8	2348
5094.8	2339.7
5798.9	2221
6725.7	2016.6
6266.3	2539.4
6887.6	2284.2
5219.5	2551.8
5281.9	2165.4
6663	2508
6415.2	1186.5
5677.5	2364.2
6402.3	1182.2
6423.6	1885.6
7099.1	588.46
6980	811.1
6101.8	1858.1
5940.6	2092.5
7195.9	2488.4
5272.5	2561.9
6641.1	2129.2
5746.3	2230.8
6243.2	1328.7
6697.8	2335.6
6686.8	3330
5238.3	2400.7
6110.1	1971.4
6289.8	1260.3
7145.8	1813
6456.9	434.42
4874.4	1538.9
5489.7	2367.5
6425.4	377.53
6590.1	871.45
5657.8	2335.4
6313.4	853.51
5399	2464.3
5703.2	2368
5796.7	2001.3
6405.7	1175.2
7216.1	1011.3
6778.7	3328.3
5867.9	1804
6264.4	1246.4
5945.6	2086.4
6555.8	349.83
6243.2	1328.7
6897.7	2546.9
5038.9	1757.8
5372.5	2404.9
6514.1	202.41
5747.1	2380.8
5907.8	2163.9
5344.8	2326.4
7198.9	2653.2
6141.5	1018
5427.2	2455.1
5428.7	2640
5828.2	1976.8
5154	2181.5
5045	1973.2
6313.4	853.51
6560.5	348.02
7102.2	2438.3
5391.4	2546.5
6883.9	2319.3
5372.5	2404.9
5624.3	2215.8
5832.2	2194.6
6456.9	434.42
5334.8	2299.4
6662.9	2488.1
6625	765.95
4995	2358.8
7205.7	800.24
6221.4	2297.2
6013	1709.5
6698.5	2251.9
6414.4	1112.8
5255.3	2141.8
6698.5	2251.9
4995	2358.8
5847	2336.4
6116.4	3045.7
5462.3	2364.2
5774.6	1968.5
5360.1	2502.2
7087.6	1129.4
5814.9	1900.1
5291.1	2601.5
6897.7	883.71
6557.6	302.87
5291.1	2601.5
5845.6	2319.8
7102.2	2438.3
5939.7	2104.1
6024.2	1780.9
4938.4	2350.8
5044.9	1721.7
6342.3	653.7
6549.6	1510.7
5153.2	2177.6
5322.1	2236.1
6405.7	1175.2
4829.3	2922.2
6545.1	2068.9
4968.7	2561.4
6301.7	1885.1
5265.2	2574.6
4949.1	2067
5180.2	2170.6
4992.2	2328.2
5944.1	2957.9
6592.9	213.17
5944.1	2957.9
5944.1	2957.9
5116	2279.2
5948.5	2131.4
7078.7	568.08
5624.3	2215.8
6511.6	166.29
6310.6	1918.7
5902.7	2119.8
5801.7	1919.2
6154.4	1435.2
6160	2874.6
7102.2	2438.3
5689.1	2379.7
7148.6	2827.4
5923	2103.4
5344.8	2326.4
5689.1	2379.7
5902.7	2119.8
5913.4	2488
4950.5	2044.1
6053.9	2005.8
6629.2	3309.2
6723.6	2352.5
5007.2	2554.1
5056.3	2215.8
6268.7	2691.8
5088.5	1873.9
5884.4	1879.6
5380.4	2363.5
6897.7	2546.9
5853.4	2385.7
5045.2	1772.1
6659.9	2119.4
6270.7	1443.8
6812.2	470.24
5300.4	2185.4
4950.5	2044.1
6371.8	1698.9
5368.1	2308.9
5861.5	2410.7
6648.7	1997.5
5373.1	2536.5
6154.4	1435.2
5330.3	2243
7195.9	2488.4
5354.2	2546.5
6181	1072.2
6163.6	1454.3
4932.9	2056.7
6939.2	116.72
6263.5	1174.6
5152.9	2175.7
5853.5	2328.5
5773.1	1965.2
6674.3	2078.6
6700.2	1727.2
6547.1	2062.6
6617.7	614.59
5185.9	2070.9
5992.1	2350.6
5984.9	2107.6
4912.2	1621
4985.1	2172
5377.6	2452.8
4920.3	2044.8
5379.9	2342.9
6265.9	2114.1
5401	2596.6
5939.7	2104.1
5667.8	2526.8
6232.2	960.6
5883.8	2133.8
5823.7	2335.4
5847	2336.4
6423.9	2112.5
6231.3	1022.8
5360	2457.6
6222.3	1151.5
6170.3	1519.7
7172.7	2225.3
6206.6	3059.7
5812.1	1899.7
6824.8	2389.6
5451.2	2692.9
6423.9	2112.5
6361.4	2115.3
7195.9	2488.4
5746.3	2287.7
4973.5	2322
6144.6	2288.5
5376.6	2452.9
6757.8	3329.9
5778.8	2359.7
5202.9	2548.5
5382.7	2333.8
5883.8	2133.8
6041.7	2240.1
6542.6	2011.2
5492.2	2449.8
4948.1	2080.4
6812.2	470.24
6041.7	2240.1
5849.9	2180.5
7195.9	2488.4
6112.5	2297.3
5925.7	2147.7
5021	2447.4
5976.6	1660.2
7070.8	563.2
6225.2	1979.2
6270.3	2690.1
6699.9	1726.1
6894.3	2390.8
5975.1	1662
5780.9	2275.2
5493.8	2435.5
5448.9	2371.9
6342.3	653.7
5101.3	1847.6
7170.6	1644.2
5377.6	2452.8
6289.7	919.22
5373.1	2536.5
5663.7	2330.9
5097.2	2139.2
5391.1	2343.2
7119.6	2058.6
6389.2	1166
5322.1	2236.1
5470.1	2496.6
6354.7	2098.6
5066.2	2398.7
5399.3	2694.1
5884.4	1879.6
5876.9	2054.6
5326.3	2329.6
7050.3	1318.5
5825.4	1973
6105.8	1259.6
6597.1	2164.3
7165.2	1614.8
5485	2327.6
6720.6	3344.3
5693.9	2355.2
5198.5	2082.1
6351.8	1580
5951.3	1674.6
5612.4	2203.5
5407	2347.3
6242.8	1058.4
5087.6	2300.5
6560.9	2064
5906.9	2139.2
7180.1	2211.1
5664.4	2614.9
4965	2069.6
6202.4	1184
4965	2069.6
6563.5	2598.4
6560.7	2617.7
6275.6	917.36
6217.5	1382.4
6022	1767.9
5194.1	476.95
5439.7	2366.2
5136.4	2173.9
6242.8	1058.4
7070.8	563.2
6635.5	750.68
6542.6	2011.2
5804	1901.3
7075.4	1987
5918.2	2106.3
6897.7	2546.9
5170.2	2400.8
6681.3	2091.8
6316.1	1298.6
6132.1	1370.2
6105.8	1259.6
6824.8	2389.6
7078.7	568.08
5976.6	1660.2
5829	2174.9
7070.8	563.2
6081.1	2337.5
7070.8	563.2
5259.8	2546
7161.1	1613
6707.6	1982.9
5391.4	2457.9
5830.3	2343.5
6951.5	1873.4
5691.6	2152
6015.7	1791.7
5455.2	2449.3
5758.2	2456.4
6081.1	2337.5
5201.9	2242.9
5660.9	2350.3
6350.9	2254.7
5998	1687.3
5841.1	2017.1
6250.3	1570.9
6054.6	2053.9
6081.1	2337.5
6767.9	2179.6
6397.1	1878.1
6081.1	2337.5
7199.4	1977.3
5177.5	2066.5
5662.2	2354
5384.6	2342.9
6289.7	919.22
4919.4	2084.6
5651.5	2290.3
5133.3	2399.7
6358	734.75
6260.4	1032.3
6253.4	1743.7
5671.7	2328.3
6235.8	1640.4
6720.7	2294.8
6275.6	917.36
6008.4	2255
5399.7	2454.3
5668.3	2340.9
5887.7	1781.5
5873.6	2310.2
5324.2	2513.6
5314.1	2307.4
5107.9	2077.6
6403.4	1225.7
4970.3	1744.1
6452	2075.6
