5976.7	2628.3
6798.8	3387.4
6402.8	2434.7
6262.5	2400.5
6294	2413.9
6238.7	2377.4
6407	2393.5
6528.1	2626.3
6409.2	2377.5
6255.7	2382.4
5469.6	2415.4
6123.1	2542.9
6225.8	2664.8
6106.6	2544.3
7331.6	1336.2
5792.8	2639.7
6773.5	3394.7
6403.2	2419.4
6868.4	955.7
3289.4	3685.2
6944.7	2177.9
6549.9	2399.9
5403.6	2451.3
6051	2560.1
5476.2	4695.4
5645	2386.2
3122.3	3714.3
5371.4	4682.8
5356.5	2266.1
6272	2392.6
5307.9	2441.2
6448.7	2782
5719.9	2581.8
5046.8	4676.2
3176.8	3735.2
4636.3	4632.4
6419.2	2410.7
5024.4	4664.7
681.1	2293.9
5863	409.63
6240.3	2386.9
5357.4	2418.1
5809.7	2659
3297.6	3678.6
1268.4	200.84
6214.7	2446.2
5677.7	2567.4
4703	4638.2
4881.5	4864.9
4635.6	4633.1
3263.8	3721.6
6088.3	2446.9
6156.1	2375.6
5555.4	2419.7
5438.5	2450.9
5646.9	4712.9
4393.1	1232.8
4656.6	4649.4
5697.1	2568.5
4915.2	4777.7
5945.1	2566
5201.1	1969.7
5330	4694.2
4789.2	4764.9
5369.9	4701.9
5232.4	4686.5
4574	4829.7
4741.8	1367.3
4732.1	4638.1
6408.3	2411.6
5846.9	2502
5023.5	4664.3
6231.7	2061
6344.4	2430.5
5166.1	4669.5
5549.8	2762.1
5193.8	4662.8
4701.1	1321.1
5837.9	2568.9
3266.2	3683.4
4696	4654.7
6075.8	2576.8
6288.3	2939.4
711.01	4719.1
5408.2	2336.4
487.64	1877.8
4816.6	4640.9
5166.8	4669.2
5330.4	4693.5
5901.9	2440.2
4943.4	4675.7
6764.3	2419.4
5169.5	1976.3
4108.7	1219.8
5216.9	1986.9
1172.7	2266.9
6759.1	2344.5
5504.1	2843.1
4984.9	4660.1
5153.6	2717.8
4953.9	2508.8
5268.1	4668.6
3035.4	3729.2
4778.7	2346.2
5117.4	4672.5
4893.2	4651.9
41.727	2366
7142.3	2412.7
4692.4	1307.5
651.7	1927.2
5313.7	2633.6
4953.3	4657.4
3275.9	3697.6
5089.7	4679.3
5371.4	2529.6
3313.3	3729.5
4943.6	4676.6
5480.3	2414.8
4637.2	1588.8
5795.9	2655.9
5265.1	4685.8
4962.5	4832.3
6739	2425.1
6487.1	2608.7
5058.8	4673.5
5098.8	4647.8
5232.5	4679.7
5198	4827.9
4618	4850.4
155.35	2426.1
6464.7	2433.6
7255.2	1201.9
4984.5	4661.1
4383.1	1297.8
5292.5	4855.4
5060.1	4673.4
3137.5	3719.6
5193.3	4670.8
7133.5	3121.3
5528.5	2843.8
5090.6	4812.6
5149.7	2713.4
6047.9	2448.9
4989	4676.6
5198.8	4826.7
5193.9	4850
5441.2	2297.3
6279.2	2228.8
1683.3	1459
5297.2	4674
5715.3	2553.9
4812.7	4649.4
5347.7	2414.9
4572.6	1533
5730.9	2455.7
5482.6	2416.6
4811.6	4650.8
5463	2422.1
6121.2	2638.5
5541.7	2827.1
5431.7	421.55
5294.1	4833.9
3095.7	1764.3
5266	4684.2
5274.6	4685.1
2740.9	2854.3
6703.2	2427.6
5129.7	1911.1
5085.2	4808.8
5538.3	2309
6444.8	1974.1
6731.7	2422.1
785.3	2398.5
17.844	1119.9
5466.8	4695.3
5503.4	4714.5
4661.4	4844.3
4981.7	4844.3
5287	4861.5
5906.3	2622.1
5130.5	4671.6
4810	4655.4
4795.6	2026.4
4827.4	4641.1
4825.8	4640
5408.2	2281.7
5131.4	4671.4
4623.4	4828.8
4732.8	4654.7
4884.8	4811.3
5208.3	1984.8
4810.6	4654.7
6847.9	2589.4
5555	2553.5
6301.2	2005.2
5291.9	4829.5
5513.7	2282
4875.6	4832
5364.6	2428.9
4615.1	4843.9
2999.5	3803.5
5601.5	2840.8
5556.6	2446
6303.3	2304.9
5247	2076.1
5462.9	2279.4
5156	4668.4
7145.7	2527.3
4778.1	4809.4
5561.2	2392.2
6732.3	2037.8
4601.3	4621.8
6280	2260.2
5147.4	1927
7180.2	2197.4
5445.1	2254.3
5713.3	2368.9
6715.4	2217.1
5364	2443.7
4960.2	4826.5
191.22	916.41
5556.1	2794.2
5048	1765
5367.6	4694.5
4708.2	1328.1
3255.8	3704
4940.6	4661.4
5592.2	4706.8
5528.4	2260.9
4980.4	4838.2
6312.7	2423
7268	1345.7
3480.4	1512.6
318.67	102.53
4587.5	4838.8
4786.8	4811.3
5527	2224.7
5612	2430.1
3861.2	1218
5206.1	4817.9
4323.8	1627.5
4793.9	4761.2
5904.8	2439.2
4983.8	4666.5
4706.1	1352.8
5085.7	4838.6
5463.4	2307
5303.9	4850.3
4627.4	4827
5560.2	2839.6
4582.7	4841.8
4940.5	4660.6
6427.2	2376.9
7069.8	3111.1
5505.9	2314.6
5925.8	2319
5558.8	2612.2
5288.9	4824.8
6722.3	2033.4
6490.4	1981.7
4689	1314.8
5497.6	2602.8
5870.6	2019.6
4870.9	4835.6
5581.4	2465.1
5412.8	2283.1
5526	2224
1348.5	2288.3
5165.4	2506.1
3123.3	1325.7
5702	2403.3
4570.6	4885.9
5556.4	2285.3
1998.4	1435.6
5252.7	2056.5
1371.5	2483.8
4519.8	1303.6
6062.8	2449.8
4775.3	4808.5
6303	2288.6
5908.2	2431.5
5748	1913.3
5188.5	1972.9
5257.3	2162.9
4617.9	4826.9
3228.6	3688.8
5914.8	2434.4
4753.5	4853.4
1347.1	2271.9
3169.1	3744.5
4781.2	4758
1121.8	2169.8
5555.1	2829
5466.1	2427.9
5085	4840.1
5331.2	4683.9
3536.6	2320.1
6849.4	2433.9
5506.3	2347.5
718.83	135.55
5837.5	4728.5
6415.9	2424.5
4830	2275.4
5288	4823.5
5465.9	2281
5363.5	2260.5
4791.1	4811.7
5461.3	2314.7
584.75	2407.2
5629.7	2598.7
2680.7	974.46
3614.1	2569
5459.6	2432.4
4624.8	4810.8
5431.1	2285
6601.4	2415.1
6269.5	2404.1
5483.6	2314.6
7282	3166.5
3311	3679.2
5259	4670.2
3302.9	3706
6997.7	2303.3
4714	1357.3
6026.5	2343.9
5085.5	4662.9
4576.7	4844.9
5253.8	2183.7
4119.3	1308.9
6076.6	2449.9
5868.4	2574.4
6246.8	2400
6217.1	2370.8
6274.3	2070.9
3966.6	1708.6
5776.4	2646.4
5534.6	2242.2
3547.4	1539.4
5329.4	2280.4
5571.9	2828.1
3240.1	3687.2
4373	1399.9
5199.2	4680
4780.2	1766.8
4919.5	4667
5873.3	1894
5285.6	2142.6
5571.9	2796.9
5340.2	4690.2
6446.4	2693.4
5295.9	2231.9
6288.2	2395.9
4013.7	1323.3
4461.3	1240.3
5556.5	2274.1
373.06	981.5
4766.9	4805.9
5218.7	555.93
4807.5	4661.9
5997.2	2658
5466.4	2447.8
5222.1	2060.9
6472.5	2096.3
6208.8	2056.8
4630.9	4642.6
997.18	2287.8
1269.3	261.66
5225.4	4669.2
5733	2567.2
167.62	1075.1
6060.3	2441.9
5592.2	4710.9
4739.3	1375.7
5838.6	2508.9
3744.4	623.34
4919.4	4668.1
4707.1	1400.3
4090.4	1659.8
5110.5	4839.1
5203	1993.6
4803.2	2816.9
4149.8	1777.7
4594.4	4837.3
5496.8	4705.4
6111.2	2449.5
3302.7	3687.2
4593.2	4837.3
4818.7	4793.2
3781	1959.8
4316.6	1469.4
5125.3	1917.7
2459.8	196.88
6439.7	2435
5566	2831.3
5253.6	2094.3
5448.3	2434.8
5591.7	4697.2
6780.9	1797.2
4862.9	4841.5
4636.1	4821.5
5555.3	2300.1
5280.9	2205.5
5449.6	2310.5
1381.7	3566.6
6771.9	2004
6762.7	2560.7
5570.1	2487.4
5185.9	2714.4
6112	2365.2
5567	2469.2
4734.5	1665.2
6264.1	2338.4
4800.3	2209.3
4831.1	4644.7
5080.1	4845.6
7256.1	3411
7122	2387
1667.8	1455.4
5913.9	2577.7
6277.1	2490.2
5525.1	2234.2
5075.2	4848.1
4777.1	1705.1
4180.2	2713.7
5614.1	2599.1
5495.2	4705.2
5176.1	1962.5
6192	2488.5
5450.2	2310.7
5575.1	4698.4
5209.5	2092.8
5584.2	2397.8
5460.8	2475.2
4554.3	2252.7
3224	3692.4
4774.4	1706.2
5935.5	1834.7
6081.1	2565.2
6167.5	2493.8
1511.2	361.11
4830.6	2244.1
6078.1	2357.7
5796	2473.2
5834	1977.2
4303.8	1591.6
5444.4	2422.5
4870.2	1527.4
7035.8	3825.6
6293.7	2142.2
6179.2	2491.9
5328.1	2296.6
5520.8	2834.6
3301.9	1579.8
5536.3	2261.8
5356.3	2255
4400.8	2396.9
6014.9	1936.9
5081	4668.2
4809.8	2236.9
2884	213.41
6746.5	2146.8
321.5	1276.4
4746.6	4854.1
5220.9	2391.6
6277.8	2138.4
241.89	960.08
4303.3	1591.2
4011.2	1271.9
5778.8	1909.1
5861.9	2029.4
7072.1	2377
5113.8	2491.1
3193.5	57.655
6279.3	2110.6
5467.4	2390.2
6403.6	2385.8
802.6	582
5580.6	2476.2
5589.7	2842.1
4604.6	4632.3
6427.9	2025.2
4569.9	4847.9
4769.8	1697.7
4399.8	2355.4
5364.5	2369.4
4676.1	4843.6
5348.6	2307.4
2389.3	1010.1
5671.4	318.98
5165.6	2069.9
6766.3	2896.8
4925.8	4655.9
5595.6	2835.8
5432.9	2318.9
1449.1	505.61
4284.3	2506.4
5194.5	2431.8
4770.3	1696
5845.3	1995.8
5074.2	1907
5545.7	2435.1
3519.6	3588.5
1135.5	1923.9
5342.6	4686.7
453.6	2331.3
5637.8	2526.6
4554.5	1624.5
6073.5	2449.7
6742.2	2169
6266.7	2462.8
7152.6	122.79
6922.6	2187.3
4631	4849.2
6040.7	2345.8
5821.7	2291.6
6470.1	2300.6
102.52	2416.8
4848.3	1526.2
6926.1	1963.7
4177.4	525.7
6484.4	1921.2
4282.1	1444.9
4545.9	2100.2
5011.2	2260.1
5305.2	2632.9
4714.8	1380.4
6792.9	1994.7
6313.9	2071
5515.4	2396.2
1904.4	78.841
5459.4	2675
5932.3	1968.2
6657.3	2292.1
4640.2	4847.9
4694.9	1326.2
2842.6	337.38
6717.9	2428.7
5358.4	4691.7
4026	1323.9
5350.6	2612.2
6005.8	2452
7217.9	3061.6
5080.1	4685
5581.5	2837.7
6751.3	2180.6
5518.7	2246.7
6421.5	2358.5
4208.9	1163.8
5410.4	2333.1
5380.1	2288.1
4753.1	4844.2
7102.6	2108.4
5283.8	2209.2
4784	1712.7
5189.7	2024.8
5629.9	2544.5
5332.7	2286.4
6624.9	1744.2
5520.4	2841.2
2035.1	2479.7
5110.2	2193.3
5510.4	2404.9
5739.5	2556.8
5088.9	4661.8
5935.5	2332.3
4917.7	4673.9
4789.4	4795.1
5592.4	4716.7
5655.4	2419
5040.5	2273.8
4709.1	1451.9
5093.4	2083.1
6242.6	2411.2
5726.6	2561.6
2521.5	85.159
5486.4	2379.5
5569.8	2481
5518.9	2337.5
5200.1	2067.4
4744	1672.9
5558.3	2813.2
5214.4	2009.4
3110.9	1715.1
6250.5	2491.5
1427.2	1741.3
6537.1	2594.9
5106.2	2055.1
4413.8	1233.3
4665.4	1312.2
5595.9	2488.4
5535.4	2255.9
4955	2381.5
5643.5	2061.5
4549.5	1293.5
4608.1	4609.5
5368.7	2452.7
5872.6	2917.9
5158.7	2187.1
5481	2273.6
7061.1	3098
7055.3	2139.5
2886.4	218.39
5243.8	2143.1
5362.6	2284.1
5420.9	2312.1
4766.6	1568.7
5125.2	1901.3
5909.7	2405.9
6042.6	2932
5269.4	4678.9
6958.1	1988.8
3749.8	1294.2
5475.7	2482.2
3146.2	418.26
7158.6	2498.4
5707	2360.8
4960.2	1752.5
5520.4	2417.2
5709.5	2420.9
6408.5	2406.9
5390.2	2286.4
5390	229.76
5374.5	2279.3
5892.2	2956.8
5839.5	411.96
5511.8	4697.4
4382.7	1269.3
6490.4	2738.6
5804.3	4896.3
7034.6	2230.2
6029.8	2378.8
7120.4	1966.1
5439	2321.1
3508.9	2335.7
1748.4	1396.9
6493.9	1991.3
5079.6	4686.4
6304.8	2081.4
2889.1	225.08
6062	2460.8
2413.3	2455.1
1058.6	619.92
5565.7	2844.1
5457.5	2475.6
5356.7	2283.8
2707.8	2899.3
5531.3	2252.3
4643.2	4819.6
5350.6	2284.6
3862.4	2463.6
5701.1	2383.1
4167.6	1874.2
7066.9	1602.4
1756.7	643.3
5048.2	1991.6
5614	2088.8
4726.6	1372.4
4401.5	2438.1
4786.6	2350.7
5201.9	2331.6
5096.4	4833.7
1705.1	1490
4680.4	1324.5
6957.5	2344
5251	2184.3
5100	4832.6
5032.4	4783.1
3600.5	869.05
5812.4	1848.6
5592.7	4721.4
5029.5	4680.3
5492	2274.5
5540.4	2254.2
6189	2383.1
811.65	2419.9
4923.9	1856
6930.6	1798.8
6788.2	2081.1
4448.8	1414.1
5232.8	2015.3
6475.5	2422.7
4985.1	4669.9
7321.1	2875.1
3321	2898.8
5438.6	2318
5537.9	2763
5809.9	2636.4
659.86	954.05
6695.2	2582.2
4960.6	1754.8
5353.3	2451.8
4854.1	2012.3
6227.3	2235.4
1373.2	3617.3
4360.5	1250.6
2014.9	2726.6
5438	2347.7
4790.2	4798.2
5373	400.15
1294.1	265.35
5443.8	2465.8
4944.3	4565.5
5174.4	2011.8
5673.9	2623.6
4948.7	1876.2
5869.5	1885.5
5531.6	2277.7
5556.6	2345.1
4757.8	4836.8
4560.4	1632.2
6398.9	3225.3
5317.8	2551
5511.7	2836
4704.7	1924.1
6258.1	1951.8
2083.5	1382.9
6396.6	2426.2
5579.8	2829.5
4865.4	2257.4
5378.3	2278
3418.5	2087.4
6838.9	2714.5
5048.7	1995.3
5061.4	1983.2
4665.9	4636.9
5445.5	2323.8
5001.1	4825.8
4738.7	2098.9
5528.2	2367.3
5651.7	2407.6
5010.6	4833.7
5038.9	1813.2
6419	2442.9
5060.2	2311.3
1856.4	1988.7
6291.1	2204.3
5538.1	2825.6
4739	4650.7
6697.9	2183.3
301.11	2461.7
5643.4	2059.3
5564.6	2813.3
4798.2	1734.2
5304.4	2231.6
4289.4	1749.8
7050.1	1791.4
5444.5	4685
5558.4	2603.7
462.59	1599.1
317.14	923.32
4723.3	1403.3
5580	2831.7
4546.2	1327.9
2678.6	317.06
5267.3	3891.3
6334.8	2094.8
5559.3	2839.4
5242.2	2118.5
5345.4	2259.3
4650.5	1310.2
4769.5	1706.9
5557.4	2404.4
4844.2	1524.9
5177.3	2092.5
5269.9	2207.3
5609.9	2465.7
4705	1412
6339.2	2410.4
5347.7	2287.7
5832.1	2383.4
5666.9	2517.8
3127.8	1294.1
5632.8	2393.3
4258.9	1722.9
5570.9	4161.6
2390.7	709.85
4055.3	1175.1
5555.7	2355.5
6796.7	3418.4
5357.5	2385.1
3902.4	2452.6
5188	2395.9
4647.7	1305.1
5695	4694.9
5443.9	2404.1
5827.7	405.18
213.04	95.75
5357.2	2295.9
4888.6	2033.2
5611.9	2098.6
5741.5	1985.3
5139.7	2343.7
5135.9	1933.8
6238.2	2486.5
5000.1	4779.9
2164	952.35
343.62	3984.9
3342.3	1526.5
5883.6	2557.2
5597.2	2468.8
5520.7	4691.3
4986.3	4880.1
6551.9	2410.6
5210.2	2333.3
4993.4	4655
5535.7	2762.3
4525.8	1302.3
1219.4	237.44
4270.3	1388.7
5781.2	2201.2
6636.9	1727.7
4963.5	1766
4319.4	2482
5003.6	4857.5
6546.7	2555.1
5580.9	2629.9
5186.8	2015.5
6246.9	1920.8
2653.1	1668.5
5809.3	2245
3925.1	3002.2
1420.1	1759.4
5370.9	135.03
4755	1921.6
4597.8	1766.4
4815.5	4835.1
3893.5	2041.1
5321.4	3895.5
5771.8	2590.7
5669.1	2007.3
5595.2	2554.9
5207.1	2013.8
4750.3	1924
3287.2	3734.4
5146.9	4758.3
5599.1	2517.5
6645.1	1819.7
5403.2	2439.9
1002.9	1668.4
4636.5	2611
5105.2	4685.2
4740.7	1433.7
738.21	4764.8
4709.1	1787
4831.6	1769.2
5045	1757.5
3651	3315.8
3670.9	3349
1125.2	3767.7
2504.7	2006.1
5359.1	2295.7
1668.8	1486.8
6280.2	2389.6
3274	3709.6
5412.9	2445.3
5364.9	2375.8
3833.8	1562.1
4987.7	4882.8
3217.2	2823.7
5526.1	2213.7
4961.8	1762.5
3341.9	1632
6909.4	1810
4815.1	4843
5332.9	2303
5620.9	2809.7
4702.7	2295
3927.8	2381.6
5520.4	2302.7
5072.3	2322.9
4639.5	4660.2
5614.4	2387.5
4830.6	1588.1
4121.7	2717.6
5530	2624.3
454.3	1098.2
6010.3	1970.2
1600.9	3674.8
5048.7	1786.8
5439.6	2315.9
5211.1	2330.5
6065.6	2462.1
5468.7	429.33
5441.6	2477
5854.5	2573.8
5122.3	1952.4
7343.8	1975.7
6843.7	2201.6
4915.7	4680.9
1180.5	1485.7
5681.7	1977.5
4143.8	1555.2
5679.4	2001.8
311.12	588.7
551.71	939.7
379.12	1330.1
6716.7	2729.4
1615	704.96
5426.6	2394.9
5192.1	2066.6
226.48	794.36
6055.4	2390.7
5472.5	2319.9
6610.4	2002.6
3081.9	1695.1
632.13	4711.6
6018.7	2746.5
4993.1	4620.4
6159.5	2095.8
3710.6	645.12
5975.6	2379.9
5480.1	2268.9
6069.8	2451.5
4677.6	4633.8
2557.9	113.15
553.1	88.246
4677.3	4604.3
4695.7	4602.8
5334.5	2237.6
4648.7	4848.7
5494.4	2319.4
4648.2	4606.5
4984.7	4868.2
6046.3	2439.4
5510.9	2436.8
5614.4	2472.4
5418.1	2437.7
5425.8	2456
5634.2	2093
5519.6	2391.1
5488	2469.8
5105.4	4691
7278.7	3313.6
5105.7	2065.5
5343.2	2258
6432.6	2440.7
5937	2556.9
3905.9	2477.5
5146.9	4779.3
252.87	2288.6
6340	2207.3
867.67	1715.9
4757.3	1694.6
3500.9	2328.3
2457.8	721.64
1492	1729.5
3903.2	1162.6
5277.1	4680.1
6663.1	1825.9
1255.7	2390.1
5038.2	4655.8
5361.7	2296
6579.6	1806.1
5369.6	2247.8
3426.5	943.08
4785.1	1964.1
6252.6	2286
5254.5	2213.5
5069.4	4822.8
6421.9	2184
4668.6	1348.1
5178.7	4656.2
2691.6	2584.4
7038	1826.5
6926.8	2316.7
4571	1321.6
5255.6	2344.6
6695.2	2433.9
3391.7	2813
6481.1	2092.4
5372.2	129.57
3767.5	1423.7
5389.7	2381.9
962.24	1954.2
5378.5	2634.6
7106.6	2153.8
2692.1	319.21
3697.2	1990.2
770.65	1071.7
5915.6	2437.6
5050.9	1934
5582.5	2498.6
5399.3	2295.8
3981.4	1162.3
2766.6	2831.4
4547.5	1331.1
5589.9	2853.4
4233	2358.7
4619.4	4638.2
5608.3	2512.9
6996.7	3367.3
5426	2293.3
1901.8	2223.3
6385.3	2478
7260.4	1682.3
5641.2	2092.9
3852.3	1052.3
5620.3	2083.3
4749.2	1623.2
5485	2469.2
2863	3644.2
5528.9	2412.1
4338	1822.5
6933.3	1910.7
5705.4	2569.5
5505	2284.4
6001.5	2747.4
5314.7	2233.1
3949.3	1817.5
3906.3	1754.6
5356.9	2387.5
5485.1	2355.7
5173.4	4688.9
4963	4799.2
4790.9	2014.8
7338.1	1712.9
1745.3	2558.2
5839.6	2603.6
3521	2774.2
5770	3013.1
5743.6	2023.8
1089.2	1810.5
3965.1	3286
5411.9	2389
4682.8	1760.8
4781.6	1725.4
3946.7	1818.7
5178.5	4650.6
4266	1450.9
5465.4	2267.4
7265.6	2250.7
4742.3	1681.1
3733.5	1523.4
5127.4	2326.6
5688.2	2003.8
4553.3	4625.7
5107.2	1915.1
4892.1	2038.9
5369.6	2251
702.74	2210.1
5380.8	2304.7
6989.1	2965.1
5447	2270.9
2501.2	53.336
4486.6	2346.5
3522.6	2626.2
5631.2	2097.5
4788.5	2339.1
4920.1	2387.4
3757.7	1317.1
4766.7	4607.5
4140.1	1492.3
4765.8	830.38
4549	4637.5
5200	2064.1
6926.2	2074.5
5369.3	2254.7
3902.4	2416.4
4991.8	4671.7
2730.3	1214.6
5718.2	1920.7
2028.9	1059.6
3244.1	778.2
5494.3	2317
5165.8	2089
5368.2	2268.8
5211.7	4688
1830.2	2476.9
5372.2	162.9
5005.1	1832.1
1027.6	1673.1
682.98	2210.9
6493.7	1766.9
1620.1	4755.6
4318.3	1493.7
5308.1	4687.6
493.37	4647.3
5689.2	4627.2
293.38	2019.6
7039.7	2471.4
5824.4	2398
4794.7	2192.5
5207.2	2238.3
3904.5	2508.9
5263.2	2215.3
5548.6	2609
4516.6	2001.3
4774.8	4646.3
5479.2	517.21
5194.3	4078
4975.4	2388.6
4374.9	2456
381.29	1377.8
2643.1	970.21
4543.1	4632.3
5514.9	2851.7
5208.3	2277.7
5520.2	2301.9
4810.2	2337.8
3851.3	2506.8
4718	1793.1
6528	1962.2
5422.6	2377.6
5819.7	2379.6
5751.3	2027.4
4283.3	1372.8
4832.9	1893.4
6302.9	2380.9
5943.5	2403.1
4799.6	1972.7
5472.4	2312.4
6069.1	2460.9
5950.1	2254.8
5806.4	2403
5831.3	2255.3
4234.6	2699.2
5817.7	2408
5389.3	207.56
5079.8	637
5063.6	376
1034.9	941.9
5184.5	2018.1
4397	1685.5
5454	2249
663.15	2405.3
5870.1	4733.1
1230.3	241.02
4125.3	1294.8
4715.5	4648.4
6266.8	2262.9
5207.2	2367.7
6011.8	1990
5070.3	2153.8
4681.3	4629.2
5168.3	2105.7
5872.7	1836.5
4137.7	1410.7
6563.3	2932.2
5014.8	4632.2
6112	2560.3
5210.2	2281.4
985.58	1555.5
2570	110.85
4565.9	4617.7
4686.5	2218.1
5509.7	2419.4
4076.2	2508
4857.2	2020.9
5506.6	2356.1
5771.3	2346.1
5149.4	4805.7
5168	2101
249.88	983.02
4363.2	2361.7
7128.1	1646.9
5176.9	1993.7
5079.4	2579.8
5305.7	2236.6
2237.5	2225.5
4701.2	1405.1
7255.6	3270
2443.7	700.58
5573.4	2387.3
5516.5	2318
6803.2	1966.8
686.27	1193.2
5017.2	1904.8
4757	4645.9
793.38	487.31
4399.4	2457.6
1436.6	2408.1
580.44	1932.6
6404	2444
3759.6	1376.3
2716.6	2266.3
3801.8	1411.7
4823.3	1699.4
3007.8	376.72
5334.8	2595.4
5131	2489.7
5573.4	2419.8
5401.6	2442.1
4815.9	2169.1
4539.1	1922.4
5209.7	4694.1
5470.6	2463.4
5025.8	1860.3
999.47	2797
5500.7	2412.8
4461.6	1198.4
4956.2	4792
5903.4	2929.9
5524.1	2331.5
4916.4	2385.5
276.75	213.08
510.56	1059.1
7244.4	3298.8
3713.1	641.13
5357.7	2395.3
3807.8	1618.5
3690	646.04
5626	2120.1
5017.6	1940.2
5430.3	2261.4
5191.9	2063.7
220.48	1077.4
4286.3	1274.9
6359.7	376.82
2320.3	41.244
5117.8	2054.9
5178.9	2081
5494.4	2312.2
5892.7	307.91
3875.2	1554.2
5442.3	2267.9
5409.7	2349
2755.3	1129.6
5563.3	2787.2
5263	2224.2
6484.6	1976
5379.7	2368.3
5464.8	2377.2
5472.9	2308.9
2403.9	712.46
4883.1	1830.9
4253.6	2483
633.12	791.25
6129.3	2600.2
5557.6	2305.3
3993.3	2158.6
4805.4	1683.2
3547.5	2271.6
5363.7	2342.6
7288	1740.1
4774.1	1984.2
4826.7	2184.1
4973.8	2753.5
4603.2	1531.3
3793.8	1490.9
2498.6	1551.3
7173.6	2847.1
4138.5	2363.8
2769.2	1898.5
6325.3	2389.3
5568.3	2609.2
1200.7	1315.4
4682.9	4626.1
3898.9	1706.1
5333.1	2593.7
7163.5	2028.3
