51.663	3111.2
5938.3	2526
6640.8	1063.3
6853.3	2266.1
6755.8	1468.4
4330	642.59
5502.8	3079.7
5601.4	1829.9
608.21	1472.8
6629.7	2837.5
1803.7	568
5545	1870.9
7163.8	1248.2
5143.9	3068.8
7032.1	345.01
5454.3	2481.8
6592.2	2381.9
4317.8	646.3
7270.6	1142.6
7016.9	360.65
6717.6	420.16
7048.4	1340.2
5489.5	4701.9
6526.5	1702.7
6715.1	2279.9
5755.8	4719.5
6388.2	1146.6
7161.7	1246
7125.4	1162
5673.4	2555.2
5634.6	4722.8
3121.5	3380.5
6209.4	2395.7
3113.9	2453.9
5202.2	4796.9
4325	634.22
6424.7	1075.5
6567.6	1419.5
5842.5	4817.2
7322.1	364.8
6637.6	1607.3
7099	1326.3
4650.4	4639.2
6962.7	927.55
5670	4738.3
7034.1	316.99
5598.4	2396.5
6945.5	189.54
6600.7	1385.1
6963.4	952.74
7043.7	305.11
6595.9	1711.4
1488.1	980.68
4894.9	4871.2
5760.3	4731.4
5302.4	3123.3
6328.5	1063
4334.2	648.87
3255.9	1234.1
3829.1	2352.9
4716.8	4645.1
4472.1	867.78
4928.8	4784.1
5374.3	2408
5202.9	4690
7071.3	2069.2
5345.7	4681
5579.2	4721.2
5343.4	4700.6
4649.7	4639.7
6637.6	2281.3
4716.7	4645.4
6595.3	1656.6
6551.2	2243.7
4841.8	4543.8
4901.9	4676
4831	2427.7
7256.4	2343.9
4109.6	3309.2
5304.6	3100.4
5553	4721.7
6261.4	1207.8
6728.3	2184.6
4007.3	193.31
5552.3	4701.6
5515.6	2450.4
4670.3	4656.4
6808.6	1129
6967.5	2132.3
6471.4	1654.3
7023.1	868.88
6852.8	1038
6576.5	1557.7
5365.4	3098.7
5131.7	4678.7
5179.8	4676
6361.1	2005.5
4996.3	4790.3
4709.8	4661.5
3543.8	3548.2
5634.5	4705
5577	4702.5
7288.5	2025.9
4956.9	4682.6
5490.4	2572.6
6919.5	33.075
6640.5	2370.1
6743.7	1475.4
6573.1	1553.2
7259.9	1061.1
6589	2236.3
4998.7	4666.8
5343.8	4700.1
6462.2	1513.8
6616.6	2086.2
5281.6	4675.1
3627.9	353.48
4598.5	4654
7049.9	2089.9
7004.6	867.82
5471.5	2361.9
4258.5	753.28
6460.4	1514.7
3519.6	3517.5
5693.9	4739.1
6563.8	2240.8
6351.6	1001.5
6956.5	2525.5
6984.9	2125.3
6719.2	1237.9
5451.4	4697.8
6552.1	2226
6589.7	2220.5
5670.8	2536.6
5103.3	4685.9
6817.8	382.25
5278.7	4692.6
6761.7	1519.5
5463.7	3120.8
6215.2	2450.7
4957.4	4683.1
6713.1	2054
4719.6	1606.7
7305.2	2055.7
6315.9	2454.5
4130	1220.4
6795	1554.7
4173.8	2265
7283.1	1831.5
5206.9	4677.8
6969.6	2662.8
6755.5	1451.6
4631.3	4856.8
6473	1956.5
6470.3	1516
5383.6	4707.5
5459.2	4702.5
6657.9	1671.2
5430.5	2450.4
2426.2	1570.1
6493.1	1502.9
5104.4	4819.2
5281.5	4675.6
4378.1	2275.1
5060.4	4682.1
7000.7	2619
4087.1	346
6860.5	2141
5307.2	4840.6
4987.4	1671.5
5112.6	4654.4
4609.1	4830.6
5326.6	3124.8
6714.8	1217.6
5279.6	4690.3
6575.2	2104.3
5383.3	3126.2
5205.6	4854.3
6804.9	1509.2
6933.8	1384.4
7228.8	1048.4
6727.3	2277.9
4818.9	4819.5
5106.4	4824.5
5303.1	4864
6861.2	2141.2
5207.2	4856.3
4674.8	4851.1
5186	4891.5
5314.9	3114.5
5523.1	4711.8
5308.8	4842.6
5234.8	2004.8
7325	2053.8
5841.4	2018.5
4051.4	2255.3
5100.1	4816.6
4347.1	662.31
4608.2	4828.5
6955.3	915.76
5361.1	2583.7
4595.4	4848.9
7147.7	1296.4
4338.5	662.28
6772.7	1522.8
6993.4	1664.5
6321.6	1022.9
6866.9	1999
6220.2	2469.8
5144.1	4678.4
5699	4718.8
4954.6	4671.1
5300.3	4867.8
7199.8	1878.7
4272.8	2379.7
4897.9	4816.8
5450.3	4714.6
5450.8	4712.5
4893.7	4835.3
38.918	308.22
4899.1	4819.1
5516.5	4720.9
5108.1	2331.4
5209.4	4860.9
4638.3	4817.7
7185.9	592.3
6664.1	1593.3
5502.7	2324.2
5167.6	4676.4
6666.9	1568.4
229.41	2639.1
5474.6	2310.7
4888.9	4838.6
5728	4713.5
5850.4	4735.4
4993.8	4844.8
6641.4	2275
7197.6	1874.9
5070.6	4681.4
6353.3	1008.3
4145	1780.5
5288.1	4691.8
6723.9	229.42
4098.1	1242.8
4061.2	2356.3
5432.3	2454.1
7034	2090.3
5210.6	4792
5173.6	4890.3
4584	4892.6
4794.5	4816.9
3836.6	3172.6
5529.5	2443.1
4791.6	4816.1
5458.1	3116
6650	2086.6
7267.3	3088.5
4750.7	2316.3
6847.1	304.95
5390.2	3045.8
5198.6	4839.3
5317.9	4856.3
5297.1	4872.5
7016.6	2146.3
4304.8	627.55
6694.6	2238.3
3380.2	1186.1
5453.2	4702.2
4830.4	4647.7
5581.8	2257.1
5355.2	3113.1
6100.3	2323.6
6803.1	1141.5
4631.3	4833.6
7016.9	1262
5849.9	4733.7
4954.1	4667.3
5282.8	4680.1
6909.1	1312.8
5435.8	3106.1
6772.3	848.73
6352.4	1001.4
5605.5	4713.2
2703.5	3011.7
4582.6	4893
4841.1	4647.9
5611.2	3088.6
3480	3524.5
4089.5	2022.5
6838.6	2203.8
6500.3	1488.1
5427.4	2622.7
4807.4	4768
5219.6	4824.3
5633.9	3136.1
5099	4845.2
5302	4831.5
4268.4	2057.1
4788.9	4815.4
7174.4	1879.4
5524.8	2334.1
5438.2	2441.9
5487.9	3079
7157.1	588.48
5527.1	2308.5
4767.4	4860
5444.6	2436.5
5043.2	2771.3
666.71	3118.6
5581.8	2255.5
4606	4844.1
5544.5	4717.7
5831.5	4731.9
5328.2	2216.6
4102.3	766.93
3523.6	3545.1
4883.9	4843
3996	731.64
4823	1787.1
6555.9	2228.6
5310.7	2117.6
5197.8	2972.9
7014.1	128.37
5116	4823.8
5512.7	4698.2
4221.3	1069.8
3238.6	1064.1
2415	385.41
5387.7	3101.8
4363.5	966.45
5638.3	2455.8
7016.6	2149
6718.7	2191.2
5512.6	4711.9
6734.1	880.41
5374	3113.2
3541.6	436.73
6769.1	570.18
5523	2307
4825.6	4657.8
4063.5	325.87
6712.7	1230.5
5583.7	2289.9
5531	2447.2
6565.8	2227
4838.2	2449.9
5129	4814.4
4314.6	1761.9
2884.2	3091.9
5336.2	2545.6
4826.5	4656.3
4607.7	4844
6619.7	2068.3
5249.4	73.145
598.98	4412.7
5322.9	2126.9
4615.3	4628.6
5720.2	2524
4894.8	4839.3
7007.6	2143.4
6108.2	2140.7
5221.7	4822.7
5352.3	4699.2
690.98	3003.9
6873.2	2152.8
3712	1931.4
5366.4	2189.9
6876.4	1982.2
5483.3	3095.3
5300.7	4829.9
5453.6	3111.5
5097.8	4846.5
3815.4	1034.9
5398	2309.5
7017.4	2103.6
6526.1	2666.3
4007.1	194.23
4804.4	4818.3
5099.1	4669.6
3208.4	2107.9
5543.2	1857.1
5434.6	3100.9
6462.8	1109.6
5542.8	2340.7
5837.1	4733.6
4838	2447.1
3313.2	1649.8
4257.8	1830
6713.8	2188
5807.2	2056.8
4229.5	1218
5405.2	3105.7
4481.8	2084.1
6886.2	2284.1
5120.5	2687.3
5457.8	2435.1
5028.4	1987.9
5605.4	4716
4124.3	1123.9
5290.4	2055.9
6630.5	2377.8
5958.5	2481.8
4085.2	1100.8
5275.8	2045
6043.3	2437.4
4933.3	4673.8
3682.4	3447
6812.1	3652.2
4640.9	4640.9
5049.9	1760.2
4840.1	2065.8
7030.5	264.8
5511.8	2490.2
5375.6	4703.7
1302.2	369.39
3987.1	1014.1
1393.7	555.87
6169.6	2310.8
5907.5	1953.5
5439.3	3114.1
5509	2282
7271.2	1843.9
7328	1147.7
5353.6	4696.7
6166.6	2203.2
5605.3	2480.3
5212.7	4686.7
5507.3	2281.8
7275.3	2040.8
7222	2110.2
7029	2354.5
6769.9	57.871
5681.2	2545.2
6981.5	2131.8
2656.3	1628.5
4933.2	4675.1
7005.8	2142.3
6295.9	3023.3
4094.7	2036.6
5463.6	1204.2
4824.6	4661.3
2654.4	1630.6
6528.8	2218.9
6547	3092.6
6061.4	2437.6
5605.4	4717.3
4823.9	4662.2
4331	3082.2
6418.8	2035.5
6821.4	2130.2
6448.6	3054.2
6887.9	2256.9
6632.8	806.48
4532.3	1816.2
5272.7	4676.7
5487.9	3103.9
4317.1	1763.8
7240.2	1870.8
7260.2	2089
7065.2	2114.6
5089	2377.9
6986.1	2557.9
7079.1	1317.4
6939.1	888.11
5218	2529.3
6825.9	247.89
5554.3	1846.8
5358.6	3043
6343.7	2002.2
5682.2	2544.8
3317.5	865.45
4981.5	1661.9
4893.7	4807.3
4960.7	1659
4876.9	4847.7
7023.9	390.17
5216.9	4673.4
3724.1	2250.1
4832.3	4799.7
5735.2	2535.8
5123.4	4846.4
4649.5	4828.1
686.78	4389.5
4309	2063.4
5604.8	4703.7
5487.5	2308
6817.2	2296.8
6673.5	1639.6
6673.3	2315.1
7004.5	2615
5366.3	2278.2
2420.3	2498.8
7178.5	1871.6
5540.4	2332
7178.9	1869.4
7125.8	669.43
6612.8	1495.4
4644.9	4649.3
7133	2133.2
6880.8	2296.8
5106.6	4659.8
5361.1	3050.5
6996.1	93.547
6711.2	379.24
3978.1	1570.1
7021.5	2139.8
5419.8	3046.3
3403.3	3540.1
5093	4851.6
7021.8	2139.3
5275.4	2048.6
5326.6	2144.3
6945.3	1431
6851.3	208.2
6943	1434.8
5428.8	2288.4
6839.7	2577.1
5155.8	4677.5
6810.4	3659.1
6496.1	2340.6
5511.7	2445.2
3149.1	2067
6190.4	2399.2
6846.6	1025.5
5012.8	4854.3
3371.8	3565.6
4583.1	4854.2
3567	1630.7
7080.6	2397.8
5228.1	2016
6638.4	2029.5
5584.9	4712
6723.8	1245
5402.4	2404.4
7079.6	1317.3
6608.6	897.65
4466.8	1544.3
5088	4855
6653.7	3619.8
6115.2	2276.4
5508.5	4711.7
6316.3	2391.9
5095.5	4676
4309.2	2058.2
2407.6	872.82
5297	2560.8
6454	1311.4
6816.5	2591.7
7082.6	2417.1
4255.6	2046.7
6678.8	779.45
7133.5	2729.2
7279	1901.3
5946	2034.9
7050	2115.7
5330.9	2148.5
3760.3	715.32
1005.8	2341.6
6821	2349.6
5414.6	2334.9
4125.1	983.33
6083.4	2124.8
5700	4733.3
2321.7	651.65
5342.8	2607.4
5595.4	1827.1
6431.6	1099.7
6994.6	358.14
5330.4	2227.1
4476.1	881.77
6818.9	2345
4349.3	2157.9
4253.9	2109.3
3317	866.13
5588.1	4705
3576.5	78.224
6968.8	1432.4
4759.1	4861.2
4642.2	2452.1
3592.6	901.89
6154.5	2176.2
6570.7	1720.7
5607	2426.8
5291.2	2820.7
6868.7	2186.4
6649	2360.2
7108.2	2154.4
4131.7	609.81
5587.3	4705.5
4125.6	1369.5
7022.2	2123.8
4827.7	1902.1
2740.6	1929.8
3259.1	631.18
5577.8	2276.4
4355.9	1046.8
6612.6	2051.7
5326.8	2328.8
2832.5	1734.9
4721.7	1591.2
4321.3	1758.7
5542.6	4704.4
4618.8	4639.1
4844.7	4650.8
6644.8	1024.6
7291	2066.9
6820.6	2398.2
4544.2	1651.9
5461	2495.9
3866.1	1749
5404.8	2384.2
3188.9	1676.9
5495	2344.9
2660.8	1621.9
6784.4	147.37
6632.8	2255.6
5094.9	4673.5
7292.9	2089.9
5530.6	4823.8
5619.1	2417.9
3128.7	2074.8
7254.4	1846
6892	2321.8
3516.4	1205.3
5692.8	2532.3
3936.5	143.86
7121	1146.7
5077.6	1917.3
6059.3	2436
6551.4	2323.8
6707.8	560.22
4857.2	2450.5
3126.1	1959.7
6855.9	433.97
5411	2298.8
4939.6	4662.7
6861	2155.1
4795.9	4670.3
657.95	1820.9
4105.6	1117.4
6722.6	2032.1
5490.6	3113.6
5415.9	2338.6
6254.2	2812.4
7057.7	1314.3
6747.6	1951.2
6767.6	1477.6
5282.8	4685.4
6674.1	1640.1
5105.4	4667.2
7043.2	222.38
6935.7	886.76
7322.1	2180.3
6455	1309.2
6551.2	1587.1
7145.8	2095.3
6555	2145.4
6648.8	2381.3
7084.5	2422.7
4965.2	1682.8
6810.2	3627.7
3825.5	2350.8
89.354	2630.8
6448.7	1124
5476.6	2488.7
6971.5	2120.2
4645.7	4855.8
7175.4	3639.3
5405.1	3112.5
3026	3498.5
6814.2	2177.2
4311	657.18
5472.2	2482.5
6597.8	916.51
5949	2803.2
5114.4	2384.5
5356.3	4693.4
4207.5	881.6
4507	1652.4
5430	2394.1
6970.5	2536.1
6544.2	1379
6945.4	1356.8
4455.8	1540.2
7147.1	2174.3
414.52	2140.6
5372.5	4698.4
6668.3	2108.4
4338.3	2230.3
4469.4	1555.5
6822	2451.4
4590.5	3009.2
4325.5	1786.1
4656.5	4853.9
6498.6	2979.7
5194.4	2023.2
7280.9	291.34
6787.6	1094.4
5633.1	2431.3
4846.7	2474.8
4483.9	2560.3
6730.2	2307.4
3555.7	3458.4
4414.1	967.3
5102.2	4670.8
6055.1	2349.2
5823.2	2338.9
4644.8	4855.6
5095.1	4679.2
7201.4	597.56
6663.4	1259.6
6732.1	2305.1
5773.2	2108.9
6815.6	3645.4
3497.6	815.92
7059.8	2149.3
6735.7	531.92
3472	813
6857.7	2045.6
7099.8	464.82
4323.4	654.85
6647.7	2337.6
5943.4	2342.1
7019.4	2116.4
5444.8	2315.9
4646.6	2430.2
6709.8	1205.1
6731.2	2327.5
4027.3	1297.7
5415.6	2312.4
5575.5	2362.6
3622.1	409.3
2151	91.399
4689.4	4849.9
5628.3	4713.7
6730.3	2326.3
5605.6	4723.3
3742.2	2214.1
4760	1807
4131.2	1145.8
4942.9	1649.7
7181.7	2224.6
6554.4	2444.1
7255.8	1865.1
6149.2	3004.6
4719.6	1588.2
6625.9	2262.9
4766.3	4851
6863.2	1476.1
4802.9	4802
5229.5	3077.9
6990.4	2117.9
7145.9	1255.8
6888.9	1984.6
4081.8	1508.8
6984.4	2437.8
4931.5	4680.9
6785.1	65.71
5483.8	2338.6
5704.2	2507.6
5314.3	2572.8
3152	1933.4
7043	286.88
4826	2468
5237.2	2993.7
3263.9	1993.8
6554.7	1389.6
6464.7	1497.8
6551.2	1387.5
2818.8	1740.1
5416.3	2312.7
4303.6	600.14
7047.4	2990.2
6690.1	790.2
4298.2	1377.1
5306.9	2165
567.27	2140.7
2898.8	874.01
5471.8	2357.2
6933.4	186.82
4766.9	4849.7
5500.3	2422.2
5277.5	3074.8
3612.9	1052.9
5427.8	2311.5
6576.3	1735.7
5443.5	2314.3
7338.7	2013.2
6659.3	1257.1
5113.2	4839.8
5145.5	2312
6889.2	2278.4
6052.5	2346
6783.3	1564.6
4570.4	1576.2
6804.5	1517.8
6769	635.33
5502.8	2451.6
6655.6	1253.4
887.85	933.79
6179.4	2429.6
4743.3	2353.9
4493.5	2284
5091.5	2395.7
6453	2389.6
4667.9	2449
1321.2	397.06
5910	1938.5
6370.3	2443.2
5455	2313.6
1916.4	2026.4
4835.4	1895
5541.4	2488.2
2180.5	2552.4
7262.7	1085.9
6072.1	2156
4805.5	2930.4
6719.4	1980.3
6160.8	2163.5
5337.9	3074.4
7171.8	1201.8
6866.3	1482.5
6537.7	1027.8
948.16	2825.1
5320.6	2112.5
6822.4	2472.8
4692.8	2053.7
6545.2	1384.9
5453.5	4708
6926.3	2102.7
3605.9	2274.8
4463.9	2280.8
5442.1	2717.8
6176.8	2427.1
7219	2085.5
4248.3	2103.8
6416.5	1182.7
6933.8	185.38
6611.6	2046.3
6716.6	1983.6
5093.9	4691.7
6670.6	2287.9
4021.7	2153.3
6866.4	1505.2
5526.9	4718.9
5525	4703.9
6844	461.73
6547	2315.7
7229.2	2401.2
5545.9	2403.2
3528.7	3532.1
5400.8	2332.7
6312.3	3016.6
5445.3	2717.8
4030.4	1052.1
5447.3	3095
7146.9	2085.9
6452.6	1999.7
2572.4	2461.7
5382.1	2540.9
7047.2	338.49
6550.7	2322.5
3766.2	1464.1
5562.3	4827.1
5572.3	4836.9
4934.2	2173.8
5753.8	2078.4
7010.1	2002.2
4866.7	4181.6
3986.2	999.18
4337.1	2082.5
4767.4	4806.7
3049.6	2498.7
4302	1290.9
6665.9	1692.3
5439.8	3091.3
5237.4	4846.6
3326.7	2328.2
6955.9	1903.2
5045.8	4789.7
4973.6	1676.1
5622.8	4703.9
5605.9	4727.7
6668.5	1290.7
6771.1	1965.6
6986.7	2242
6461.1	1346.9
5691	2368
6991	2382.1
6420.1	2438.9
7066.5	1870.3
5425.9	908.6
6855.1	1091.5
6129.4	2521.2
5500.6	2344.3
4946.9	2426.7
4463.2	2248.9
5281.2	2061.6
7223.8	2409.2
6993.6	2613.1
3823.9	719.13
4828.3	2040.2
1225.8	1464
5518.7	4813.7
7041.5	168.84
6837.5	2566.5
4917.3	1624.2
4231.7	1599.9
3231.3	495.58
5577.6	2402.5
4905.1	2330.6
6944.7	203.43
5575.4	2389.8
6769.7	3632.8
5404.4	2713.4
6247.7	2478.3
5489.2	2440.1
3924.7	2041.8
6667.8	1577.7
3213.6	2430.3
3931	2033.8
7000.9	2225
1488.8	1866.3
5483.9	2495.3
6497.7	2282.5
4445.5	2144.2
5839.9	2604
4850.3	4653.1
3005.3	1313
7328.1	2391.8
6594.9	1348.1
6508.6	2205.8
6946.1	1429.6
5366.9	4693.2
5507.7	2414.8
5498.6	3129
6469.8	2264.2
4838.7	2467.3
6669.7	1693.5
7054.1	364.39
6110.4	2114.8
6971.3	455.41
5128.2	2446.2
2432.2	1579.1
6788.3	2523.4
3235.2	820.95
6799.9	83.369
6673.5	2330.7
3148.3	1012.9
4259.8	1908.4
5111	4840.7
4622.1	4616.7
5337.4	3071.9
6526.7	1063.7
6832.4	2460.1
3365.8	2247.3
5275.6	2093.2
6073.5	2180.9
6648.5	515.08
5052.4	4662.4
7168.7	1813.8
6856	438.63
6941.1	1923
6456.9	1291.8
5514.5	2348.6
6552.2	2388.6
4021	1691.1
6689	3134.7
3116.4	2058.4
6827.3	326.48
5430.5	3089.3
6752.1	245.96
2534.4	832.91
6824.1	2523.2
7123.1	1185.4
6867.6	2187.5
4353.4	1790
6956.2	184.57
5980.9	2312.1
6997.8	2722.5
4985.7	1680.7
3994.8	524.67
5147.3	2000.4
4250.8	1371.2
6314.3	1016.1
4108.3	1255.5
1989.7	2033.6
6715.9	1673.5
2614	2493.9
3697.5	805.22
5372.7	3062.9
227.04	639.94
6456.6	2339.3
5197.5	3051.3
292.73	2031.9
7204.4	2713.4
6476	1075.4
5682.2	4737.8
2863.3	2410.5
5411.1	2287.4
2389.9	1585.7
4072	1126.1
6479.7	2209.5
6722	3609.1
7287.2	293.58
5422.4	2333.5
6001.9	2417
4688.2	4610
4161.3	913.53
4672.7	2563.1
4245.5	2100.1
5595.3	2982
5606.4	4730.7
5443.4	2306.2
1680.5	1945.7
6845.2	1029.4
3888	162.32
3968.5	410.82
7168.9	1192.9
6677.5	581.69
5411	2534.4
6893.2	2445.9
3993.2	853.84
5294.8	3076.1
5023.6	4841.2
6459	1492.5
6686.4	2103.3
4827.1	4839.1
5305.2	2067.4
6764	604.53
2902.5	2204.2
4047.6	264.25
5186.8	1912.6
4587.2	3009
4135.3	1669.2
5420	2505.2
3836.3	1091.4
5494	2364.9
7006.4	2133.6
7176	1269.1
6547.6	2306.8
5493.2	2474.4
6735.9	2376.1
1832.9	456.99
5499.8	2373.2
5627.5	2479.1
5439.4	2307.6
6915.4	3297.6
6886	2603.7
4376	2239.8
6947.9	1386.4
6202.9	2539.6
6710	729.44
5401.8	2266.9
6658.2	3612.4
6478	1245.4
3703.9	333.63
4633.9	4645
7204.7	1859.6
4270.5	1272.8
3470	2407.9
4941.6	2169.4
6646.2	1663.2
5467	2448.2
1859.7	2970
2474.5	2296.2
6247.3	2606.1
4669.2	2474.4
4416.1	1839.9
7162	2414
2502.4	52.016
4446.5	1734
1101.8	1360.7
5326.5	4696.9
6451	1244.5
7186.2	3057.2
4429	1719
4656.1	2463.3
6637.5	2379.9
6682.8	981.02
2721.7	539.95
7086.7	2422.2
5533.8	4697.6
5086.9	2668.9
6539.6	2340.2
5173	2094.4
5588.3	2287.1
6773.2	2780.1
5029.8	4635.5
5160.6	4765.3
2185.3	2526.9
7154.9	1234.4
5713.3	2092.9
4628.7	4621.5
5423.5	2323.4
4328.9	1385.1
5338.1	3089.7
4867.9	4790.2
6767.9	2090.6
5184.9	2091.1
6961.8	377.05
6980	2372.4
5324.4	2563.5
5598.2	2420
6076.6	2163.1
3086.2	1197.1
6827.4	3299
3832.2	1236.9
6414.5	1356.6
6834.2	1082
2452.6	2360.9
720.7	3144.2
5530.6	3052.7
4795.3	4666.3
6821	188.09
4823.5	2966.8
3461.2	3497.5
3386	1130.9
3234.7	1683.1
6532.7	1073.4
544.45	2282.6
6227.9	2381.3
6199.4	2554.9
6309.5	2323.9
6493.7	1216.5
7164.4	2481.5
5290.9	4686.6
5468.5	3088.7
6989.1	2367.1
7126.4	684.89
1614.5	1843.2
4050.4	2462
712.98	3377.1
3821.4	2265.2
3826.8	717.69
5119	4691.7
6625.5	2269.9
5293.9	2570.8
6982.5	2080.8
3932.4	1030.2
6606.1	1733.5
4718	1584
2759.6	412.99
5006.3	4626.4
4828	4849.9
6622.3	2124.1
2206.4	1923
4350.8	923.41
6862.8	1959.3
5810.3	1981.7
4665.5	4630.3
4845.8	1928.5
4414.7	2244.9
4488.6	2240.5
7266.9	1155.2
5108.8	2478.4
4113.8	1994.2
5013.5	4867.3
5450.9	2327.3
5159.2	4786
4320.4	1732
5256.1	2058.6
4580.3	2297.8
4999.8	4886.8
5816.1	4472.6
5621.1	4697.8
6705.9	952.06
4021.3	1034.3
5379.2	671.77
4919.6	4657.4
6645.9	2557.7
4227.3	2266.4
4709.3	4610.3
6739	230.29
2430.5	118
5653.4	2143
7288.8	2144.5
3644.9	2075.5
4254.2	2128.1
4252.1	1807.2
7231.6	2415.8
4299.4	1788.6
5751	2535.2
2909.6	1126.5
7279.4	2163.6
4323.5	659.37
3805.2	2097.4
5398	2280
5344.1	2249.3
6785.1	3659.3
4701.7	1569.2
6988	1885.4
7187.5	2083.6
4323.4	1051.9
6881.4	2192.6
3850.4	1544.3
5434.9	2275.5
5425.3	2323.8
5532.3	2345.9
4840.5	2316.3
3917.8	1014
6854.6	2049.3
6855.3	446.14
4204.9	1405.2
6503.2	1104.7
1076.4	979.63
2908.5	1118.3
5475.7	2426.1
5000.6	4889
4976.2	4807.4
6857.5	250.53
6209.6	2091.4
5187	4695.7
5378	2535.3
5031	1816.7
5191.5	2242
3181.2	109.16
5192.2	4662.7
5584.5	2387.3
7043.1	2125.8
551.12	2165.6
4728.8	2425.7
5509.1	3149
4640.3	2527.8
3921.9	319.4
2733	1863.1
5584.8	2390.7
2467.6	1513
1101.1	1826
6968.6	1943.6
4663.1	4613.9
6926.7	2405.6
5727.1	2601
3456	3413
5368.8	2264.8
3017.9	2494.8
4548.6	1661.8
6637.1	3290
5526.4	4701.6
7167.2	1809.5
6926.7	1367.9
7014.4	2138.1
4118.4	1380.2
5107.5	2473.4
4769.9	1941.7
4905.5	2914.3
5156.8	1991.7
7214.4	2744.9
3852.5	739.96
6476.2	1534
6785.7	1972.4
5490.6	2318.7
5587.4	2380.3
2408.7	292.86
5493.3	2291
6940.1	1589.6
7049.1	85.261
3403.1	1736.8
6786.2	1525.4
4460.2	894.22
6168.6	1938.6
5118.9	4697.8
6560.7	2343.4
4192.4	3292.9
6627.7	2314.6
4722.1	4672.1
4187.3	1555.4
4862.2	2477.5
1608.8	1852.7
2957.7	3345.8
5968.1	2116.3
4224.3	1406.2
7034.2	2996.7
4659.4	1640.5
6701.8	796.22
4701.1	2263.1
6871.9	219.07
4294.8	1364.1
3222.6	839.22
5900.2	2629.4
3274.4	3549.5
4061.6	1067.4
4956.8	2191.9
6581.9	1781.7
568.19	1770
2753	1837.4
715.63	3055.9
5611.2	2610.5
5542.1	2295.2
4088.7	509.84
4319.6	697.63
6020.1	2342.6
6757.2	3639.6
6862.4	1946.4
5268.2	4679.6
3992.4	1070.4
4644.6	2302.8
4566.4	4632.5
5565.3	4732
4244.6	715.93
4086.2	657.28
5869.8	1967.9
5486.8	2319.7
4696	4635.6
4019.4	2186.7
5565.3	4713.5
2318.6	599.03
2626.3	1619.5
5233.9	2574.9
4178.2	1597.1
5107.4	4543.6
7153.1	1829.3
4232.2	1311.8
947.91	2833.9
2427.7	2372.7
6465.7	1500.4
5297.4	2216.7
5192.2	4656.6
5475.1	2412
5450.1	2323.4
4788.4	1898.6
4254.6	1748
5606.9	4748.9
5662.6	2151.2
6411.9	1172
7041.4	2148.6
6112	2449.3
5191.2	4679
2086.3	529.43
6985.1	2216.9
4375.2	2565.9
1948.2	1191.5
3658.2	1002.5
5945.1	2411.2
5581.9	2245.7
5431.8	3162.5
4953	4651.8
4022.5	196.11
5573.4	2383.7
5719.6	2094.1
4363.7	2299.5
5321.5	4694.2
4254.5	2305.8
5822.6	1998.2
7323.7	2029.2
5784.9	2485.1
3916	2275
4189.4	1011.9
5830.1	2348.5
5733.1	2357.8
5496.1	2393.9
5148.2	2072.9
6581.2	967.7
4334.9	1398.8
769.92	3329.6
4544.3	1689.3
4569.6	4654.2
2501.3	2122.1
6562.1	1554.4
6618.7	2039.8
7012.7	104.52
3615.2	343.61
5333.6	4670.1
5345.7	2255.9
5241.8	2380.9
6429.5	1213.7
5650	4734.7
4953.7	2999.8
6765.6	455.38
5346.9	2529.4
5008.9	2388
5487.2	2347.5
5083.1	2420.1
5463.2	2323.3
6270.5	1223.9
5355.5	3151.6
5192.4	4659.6
6197.4	2476.9
3779.1	1791.1
5473.5	2415.6
6680.6	1651.2
4750	4611.2
5225.3	4694.2
5651.4	4706.7
5327.4	2289.9
5498.3	2424.5
6764.7	2172.2
5421.6	2343.4
6948	176.65
7213.6	578.76
6695.6	3595.7
2297.1	383.27
5721.9	1994.7
4482.6	876.65
6058.4	2425
6719.7	2307.3
4260	1293.1
3885.7	1359.2
4277.2	1271
4863.8	2229.4
3787.5	128.22
5686.9	4717.4
6511.8	1089.7
6800.2	1591.1
7273.5	2065.8
3922.4	687.32
3744.8	1864.1
7130.4	2446.3
3392.8	3485.9
4338.1	1029.8
4006.2	1135.3
5527.2	2829.7
103.09	2782.4
5095.7	2423.1
5677.9	4770
3897.8	1057
5252.9	2107.5
4175	1260.8
1969.1	2035.7
4557.5	4638.2
4298.8	838.88
2926.2	304.2
5277.7	4812.7
6265.7	2478.8
5535.2	2313.2
2533.7	749.26
3851.8	741.03
2510.4	970.94
6548.9	1068.8
5680	4798.6
3659.6	2097.4
3582.6	1619.5
2508.7	146.3
633.99	2374.3
6929.2	2545.6
3858.9	23.846
5679.9	4789.4
6931	2545
7094.3	148.99
1726.2	3104.9
3148.1	623.39
7162	3399.9
4107.8	341.52
5179.7	2073
5260.4	2296.7
5190	2572
4562.7	4645.2
3908.7	1983.1
5436.4	2713.5
4170.4	1162.3
4090.8	1201.4
5358.5	2252.7
3910.7	3182.7
4695.1	4660.2
5565.2	4692.1
4627.6	2463.4
6764.8	1446.9
2858.7	1072.7
5419.4	4663.4
7145.9	1244.9
5154.1	4741.6
6479.3	2017.9
4237.7	1626.3
5906.8	2455.3
5726.8	4748.9
6942.9	198.7
7310	1818
4921.6	2670.9
4951	3002.4
4384.6	1725.4
3832.6	503.16
2721.7	1834.2
5523.5	4660.9
6818.5	1539.4
6295.1	1028.3
5429.3	2693.9
3910.6	1106.3
6748.1	234.02
6627.5	2338.7
5700.8	2289
6163.1	2424.4
5792.4	4840
3756.9	439.57
4227.6	1732.5
4664.2	1694
3180.9	1961.1
2816.4	436.48
4026.8	1150.7
5487.6	1714.9
627.99	1407.6
4532.9	1818.3
4922.2	1659.1
5687.1	2558.2
4344.6	681.32
4221.9	2564
3217.5	1833.5
2757.6	1846
4633.9	2210.5
4294.8	1296.3
4580.9	4623.4
5131.6	4650.7
7127.6	2084.9
5532.3	2338.3
3465.9	2420
3095.1	1210.2
4262.3	2329.3
2532.6	2274.3
6880.3	216.69
5508.1	2298.1
963.43	950.7
3980.8	676.43
5443	3142.8
6413.7	2967.2
5222.5	4701.7
3394.8	3518.2
7273.8	2063.8
3556	1936
5429.1	2367.8
4566	4658.6
5277.9	2137.1
4404.1	1554.1
2082.5	431.77
3877.1	333.25
5553.7	2342.3
4055.7	2554.2
5502	2357.8
6830.1	2012.5
2368.5	1936
4541.8	2715.5
7005.9	2418.9
5840.8	4819
4016.1	1143.7
6314.6	2184.5
5197.1	1981.1
4463.8	2812.9
5162.4	4814.9
6979.8	2477.6
5444.2	2332.8
4354.7	1346.9
3982.1	821.32
5034.4	4820.3
4565.9	4676
6932.1	921.2
6044.7	2425.1
6672.7	791.25
5573.6	2357.2
3862.1	1031.8
6811.1	1679.7
5439.4	1027.7
3365.2	2247.8
6136.1	1938.6
3874.9	1039.4
4282.3	2511.6
2452.1	922.27
6306	2309.7
4223.8	646.01
5625.8	2657.6
6364	2827.4
2689.3	1648.3
7141	1867.1
6822.5	2049.4
2846.3	329.58
3984	744.83
6621	2371.9
3053.1	2490
7301.3	1996.5
5321.7	4694.3
6325	2690
1818.1	3071.3
4795.7	2250.1
4004	1045.1
5445	2404.4
6735.8	664.01
5545	2380
3263.3	79.312
7009.2	2422
5533.4	2583.1
5533	2334.8
7040.2	21.387
2585.6	1882.1
5295.5	2077.5
4114.8	1167.6
5836.7	2739.6
3470.8	2408.3
4210.7	761.91
4733.6	4631.2
5715.3	2630.6
4494	1666.8
5514.6	2317.5
1494.2	1628.6
4334.4	780.07
4843.8	1917.3
6979.1	2698.6
5467.9	2280.5
2582.5	189.79
4902.1	2302.1
6599.9	2385.4
6684.9	724.74
7333.4	2400
6346.9	1185.4
4413.8	1748.3
4332.8	1362.2
7169.9	990.78
6943.8	2135.6
5560.8	2436.6
1388.9	1238.9
4846.6	1944.3
6653.5	746.69
6709.7	2982.1
4779.3	4649
5463.1	2284.2
5662.4	2165.5
4640.6	4644.8
2920.4	372.87
4092.4	945.01
3960.9	1911.9
5933.7	2423.2
1885.6	761.08
7294.6	2008.3
4233.7	543.44
5421.7	3078.9
6582.1	910.22
7016.5	2004.1
5269.2	127.6
7140.5	2743
4812.1	1886.2
6282	2441.9
5456.6	2694.6
6761.4	531.5
4032.9	867.31
5766.7	2184.4
5017.3	4864
4399.6	1541.9
6584.2	2716.3
6812.9	954.22
6784.4	2781
4423.5	2090.9
6959.3	254.99
5929.8	2167.1
7294	1776.3
6610.7	1386.7
6788.4	2502.2
5569	4544.2
5030.7	4822.7
4869.3	1629.3
3053.3	1816.3
6579.9	1027.9
5434.1	2689.4
6581.9	477.09
