4977.4	1748.8
5411.3	2286.3
6233.8	2423.5
5476.9	1853.1
5797.7	2519.3
4981.4	1747.3
6820.6	2735.7
5418.4	2180.8
6117.5	2017.7
5402.2	2183.5
2491.5	3735.3
5481.2	4711.8
6414.2	701.54
6113	1476.7
5952.9	2396
4729	4672.6
5029.6	4681.1
6249.5	2293.1
828.35	2643.5
5886.4	2141.3
5918.5	1904.8
5322.5	4816.8
4641.9	4648.7
5974.3	1839.9
5339.4	2332.9
5052	4692.3
5556.8	2470.9
6149.2	1417.5
5263.7	2666.9
4729.8	4671.9
2192.9	4060.2
6432.4	1739.9
6113.9	1477.7
5481	2512.3
5051.5	4692.8
5538	2480.1
5952.3	1972.3
4886.6	4880.8
6163.7	1397.9
6469.8	1698.9
5885	2140.3
6136.6	1289.9
4708.4	4654.7
6743.5	846.05
5478.4	1887.3
6663.6	1620.1
5455.9	2471.8
6671.8	1241.5
4708.2	4655.1
5194.5	4699.8
4598.1	4637.9
5335.1	4710.4
5570.9	4730.9
5571.4	4730.6
6580.2	1630
4920.2	4793.8
6466.7	1194.7
4893.3	4685.8
6549.9	765.86
5968.9	1699.8
5925.8	1997.8
5199	4679.2
4482.8	2989
5569.5	654.08
4994.1	1789.4
6374.6	1796
4822	4657.2
6447.2	1592.7
6341.6	1789.9
5335.5	4709.7
6148.5	1958.6
4984.8	4693.6
5661.5	4748.1
6324.6	1593.5
6356.1	1677
6611.6	1603.6
6246.5	2873.2
3693.2	3432.4
5999.5	2358.2
6137.9	2887
4988.1	4799.7
6587.8	1632.6
6464	1720.5
5803.4	2108.3
6310.7	1063.7
6222.4	2187.7
5257.9	2493.6
5062.1	4690.9
5307.5	2442.2
5273.2	4685
5897.8	2370.1
6227	1905.3
6367.4	1793.9
6294.2	1827.9
5652.5	2584.2
5850.6	2381.6
4822.2	4658
4825.2	1509.2
5095	4695.7
5122.8	4688.7
6506.7	1401.1
6327.9	1027.6
331.56	2081
6548.9	1375
7239.6	3782.4
6487.5	1757.6
4958.7	4673.7
4631.9	4666.6
6552.8	1493.6
5940.2	2137.3
4948.5	4692.1
6146.5	2231.2
4990.2	4676.5
6516.9	2142
6257.5	1387.7
4898.6	4668.2
5375.2	4717.3
4967.3	4848.2
5270.2	4702.2
5077.1	2144.8
6241.8	1190.6
5029.7	2590.7
6574	1628.7
6499.6	1640.9
5968.4	2118.5
5491.4	2433.4
4622.2	4828.1
5914.8	2102.2
5443.1	4707.8
5201.5	4844.6
6038.3	1542.8
3958.1	2477.1
4975.7	1738.5
6058.1	2023.9
5948.4	2298.6
5104.1	4664.4
6401.6	1785.9
6397.4	1784.4
6343.1	1816.4
4622.9	4866
5125.7	2470.4
5198.8	4865.8
4666.4	1467.6
5198.4	4687.5
5294.9	4873.2
6256.5	1272.2
4817.4	4667.1
4985.6	4693.3
4810.6	4828.7
5271.4	4700.2
6029.6	2072.3
6054.6	1865.4
5315.8	2699.9
6394	1308.2
5385.5	2349.9
4666.9	4860
6113.7	1984.8
5685.8	4748.9
6202.3	2212
5065.3	4689.8
5384.3	2394.7
5949	2549.5
5280.5	4690.3
5514.8	4721.5
5749.5	4729.1
7174.5	3824.4
5092	2009.8
5302.4	4690.4
5298.8	4850
6059.9	1509.6
5111.8	2470.3
5597	4723.1
5098.6	4835.5
5923.7	2363.3
6142.9	1459.7
6039.7	2259
6184.3	1943.7
6183.9	1943.1
5932.2	2358.9
6543	1363.2
6598	1687.1
5162.1	2094.9
5098	4833.7
5422.3	2470.8
3731.9	3415.9
6552.2	1513.3
4890.9	4828.5
6150.3	1292.7
5363	2542.2
6679.2	1394.5
5291.8	4877.4
5806.5	2416.8
7203.3	873.21
4883.6	4845.8
5077.3	2155.6
6395.7	1306
4890.1	4884.9
5750	4724.4
5441.8	4724.3
5372.7	777.5
5953.7	1723
5029.5	2623.7
3846.7	3403
6435.7	1720
4885.5	4844.5
5094.6	4852.6
5159.2	4686.2
5450.7	4712.3
6174.9	2221.5
6057.9	1858.1
5207.5	4838.3
5751.7	4741.1
2502	3746.4
4832.8	4657.5
6096.8	1823.5
5442.3	4722.2
5163.9	2405.7
6085.1	1552.1
6428.9	1769.7
5826.6	2157.3
4815.6	4671.8
5508.2	4730.7
5798.1	1867.2
4917.3	4789.3
3744	3126.5
5201.1	4870.5
4628.5	4844.8
4620.3	4859.5
6202.5	1934.9
5274.6	2494.7
4987.6	1757
6132.4	1979.6
5088.4	2009.3
6168.7	1418
6190.2	2322.8
4783.4	4825.4
5136.8	4687.7
6659.3	1596.9
5736.6	1964.6
4945.7	4676.8
5020	4681.4
6264.6	1401.9
6594.9	1014.3
5451.5	4723.6
6076.8	2257.6
4831.2	4656.6
6564.3	1623.5
6043.1	1611.5
4599.9	4837.4
4786.4	4826.1
4607	4638
4349.6	1726.8
5158.1	4686.6
5171.1	2649.1
4902.7	1584.6
5124.9	2651.8
5449.5	2367.2
4590.9	4855.9
5190.1	4849.1
6152.8	2628.6
5060.4	2639.8
5597	4725.9
122.57	705.51
5740.2	4726.4
2632.8	1263.9
5434.2	2346.2
6182.9	1923.7
5634.2	2340
5601.1	2701.7
5319.4	2450
6084.5	1996.3
5362.5	737.47
5986.7	2088.6
6241.7	1882.1
5211.1	4833.9
4632.7	4842.8
4985.3	4854.4
3647.1	3459.7
4591.7	4646.2
5330.8	2676.7
5639.8	2332.1
6552.8	2868.2
6230	1509.2
4988.8	1963.2
4799.1	4777.2
5229.6	4698.1
6038.3	2005.4
4997.3	4682.5
5943.2	1656.2
5090.8	4854.4
4876.9	4884.7
4925.6	4680.7
6412.7	1740.4
4875.7	4851.7
5293.9	4841.1
5081	2161.4
5182.2	2647.4
6753.5	808.35
6192.9	1158
5279.8	2287.7
6637.5	1222.5
3824	3415.3
5616.9	2707
5477	2306.3
4758.8	4869
4896	1948
5610.5	2696.2
6571.8	1578.9
6417.3	230
6111	2210
5312.8	2448.2
5428.2	2368.6
1222.7	2132.1
6149.9	1937.2
1869.9	3887
4587.2	4857.8
5934.8	2351.4
6979.4	3168.5
7159.2	350.93
2783.3	595.96
6463.8	1672.1
6439.5	44.523
6088	2251.5
5561.4	647.76
2111.1	788.71
7338.2	890.13
6201.6	2292.9
6454.7	1711.5
2244.8	3802.7
4894	4842.3
5299.8	2523
5213.1	4831.9
6588.8	994.78
5257.1	2213.1
6517.2	1647.7
4687.5	2108.9
5899.3	2128.8
5420.5	2365.8
5089.8	4856.2
4983.4	2370.2
5233.9	2213.2
4927.7	4790.9
5941.1	2303.4
5364.9	2698.4
6710.6	1434.9
5409.3	2678.1
6250.5	1325.9
5206.6	4685.4
4637.4	1279.8
5367	4713.5
5504.5	4708.1
4630	4826.8
4766.7	2285.8
5308.2	2354.7
6046.4	1869.3
1192.8	1832.1
6533.1	1690.3
5348.8	2676.1
7033.6	1118.2
5646.8	2275.5
5422.8	2320.8
3842.7	3400
6641.6	1558
5273.8	2464.9
5305.2	2270.4
5827.4	2324.1
590.23	2914.4
4687.6	4859.1
5292.4	4839.5
6196.2	2243.3
4968.6	2388.5
6216.5	1858.4
5823.3	4741.6
6405.7	1121.3
5431	2345.7
4674.8	2072.1
5131.8	2414.9
4909	1589.2
5828.9	4743.5
5414.7	2674.5
5231.7	4686.9
5339.6	2675.4
215.23	2103.1
6131.5	2230.6
5897.4	2317.8
6424.6	2668.1
4733.3	2404.3
5410.9	2653.3
4910.5	1587.9
349.78	2691.3
5479.7	2305.3
4926.1	2381
4722	2550
4713.8	2921.2
5001.1	2257
5810.2	2330
3594.2	1405.2
6367.3	1750.5
5188.3	2119.1
4632.7	4650
6397.4	1501.4
6557.8	1041.8
5885.2	2516.1
1169.9	798.71
5806.1	2172.5
5535.8	4716.2
6012.8	1745
4885.3	1860.5
4719	1970.5
5765.5	2029.4
5373.4	2691.5
4886.1	2298.1
931.13	1739
6001.2	1697.4
7270.4	803.81
4885.7	2345.1
5244.1	2171.4
5398.8	2346.2
6577.3	1575.4
1088.3	1608.2
4772.3	4821.9
5046	2653.9
5156.3	2084.3
5935.7	2455.4
4684.6	2035.1
6588.1	997.44
5871.4	2121.8
5328.8	2338.3
5551.6	2482.9
5321.8	2354.8
6302.1	1838.8
7169.9	1741.3
4992.7	4864
5374.9	2694.2
3835.8	3419.3
4686.6	2071.4
4636.5	4658.7
5237.8	2168.5
5050	2569.2
5115.4	4855.2
5345.3	4706.5
6149	2296.6
5260.5	2502.2
6218.4	1943.5
4823.8	4809.2
5996.3	1677.1
4641.1	1408.2
5536.1	4727.5
4396.5	1381.3
4204.8	3237.2
4319.9	1614.1
2137.3	2086.2
6070.2	2229.6
6300.7	2206.7
4486.2	2249.5
3860.2	3425.4
4599.3	4853.2
6124.7	1921.4
5434.3	4709.1
5841.2	2425.4
6283.6	1819.4
385.19	1563.6
6242.5	1888
7159.4	1830.4
5087	4685.7
6690.3	1602.2
6325.5	1853.6
5282.7	2475.7
620.75	739.6
4275	1568
5462.9	2495.2
5656.3	2361.8
4641.4	4837.4
3250.7	3287.9
5579.6	4715.6
6481	2673
792.9	3140.2
659.61	1806.5
2996.5	1346.4
5084.7	4861.5
5475.4	2322.6
740.63	2443.1
5233.6	2166.2
4827	2335.6
5419	2373.1
5284.9	2305.9
5264.6	2220
4888.8	2299
6635.1	1653.9
3819.4	1143.3
4885.1	2358.5
4924.9	4684.5
2206.8	1071.4
5523.5	2508.3
2822.1	3385.6
681.56	1930.8
6224.6	1322.3
4942.1	2350.3
4180.6	2082.4
4159.1	851.13
5121.8	2559.8
4868.4	4857.3
6216.8	2290.6
5373.5	2549.5
5859.1	2381.6
5930	2300.8
6249.8	1846.6
5334	2373.1
5080	4864.2
5263.1	4688.5
5319.8	2694.4
5500.1	4721.6
5273.8	2240.2
5147	4687.1
3428.4	2369.9
4824.6	4807
5144	2563.9
6372.4	1764.2
3750.6	3246.5
6850.7	2712.6
4773.9	1949.6
5135.4	2067.1
4751	4870.2
6366.2	1188.3
5339.9	2683.4
4507.6	2990
6094.5	2009.2
5826.7	2321.7
5447.8	2376.4
5098.3	4669.8
2014.4	228.46
5346.8	2328.9
5890.9	1843.3
6347.2	1837.8
4172.8	1484.1
5390	2574.7
5790.5	2385.3
4700.4	2060.6
4992.6	1757.6
3280.6	1454.7
5597	4733.1
6082.5	1572.8
6212.6	1325.1
5932.1	2304.8
5854.1	1786.9
6134.4	2506.6
5335.6	2694
5054.6	2138.6
6511.9	941.12
6223.1	1347.7
4976.6	2227
4949	2374.4
5333.4	2351.1
6218.7	1869.7
6111.6	1460.1
2404.6	2486.2
4270.8	2232.2
1169.6	1658.5
4906.2	2368.8
5661.4	4731.7
5243.7	2176.5
6119.8	2244.6
1390.8	1951.8
2542.1	2334.4
4496.4	2136.3
4828.6	1897.1
4617.4	2943.9
4836.5	4660.6
4793.8	2594.3
1769.6	569.35
6473.5	2975.6
5086.4	4683.7
6237.8	1445.4
1192.6	1813
5295.3	2328.3
4973	2084.8
4718.4	1975.2
6304.3	1872.2
4752.9	4671.9
6048.5	2646
4769.4	2327.8
6240.2	1494
5912.5	2951.6
4038.7	2651.7
7218.3	3777
6343.4	1836.9
6188.9	1895.6
4795	1495.3
4574.8	4863.7
6543	720.18
5802.9	1854.6
4233.2	1379.5
4930.9	4672.2
5887.3	1839.2
5936.3	2548.2
6468.3	1681.9
5097.1	4676.9
5816.9	1841.7
5301	2465.8
5368.8	764.03
5978.3	2365.1
1380.6	2582.9
6199.8	1297.9
5324.6	2413.6
4911.2	2403.8
5427.5	2177.2
5451.4	2491.1
6496.6	1759.7
6440.2	2362.9
4876.8	2363.3
5326.2	2410.7
4917.5	2395.3
5286.9	2687.7
4080	985.71
4675.5	2005.4
6599.9	1268
4875.9	2343.6
830.34	1795.1
5645.3	2262.4
4424	2114.5
5977.1	2362.9
5591.6	644.82
4837	1507.7
4992.9	2110.3
4224.3	1274.1
2845.3	1544.6
6119.6	1953
1764.1	1812.1
5704.9	4738.7
4942.3	2359.1
6513.7	2225
5781.4	2355
734.52	2585.6
4091.9	1692.6
5326.5	2685.5
5849.7	2337.5
5284.1	2516.8
6101.9	2654.9
6058	1726.6
6006.9	1741.5
6271	2167.6
4637.4	4864.8
4216.3	1267.7
6181.5	1986.2
3976.6	1294.3
5086.9	4688.7
5105.9	2491.4
5122.8	2591.3
5091.8	2022
5319.1	2353.2
5345	2351.5
6019.1	1742.2
5363.7	4707.5
4973.3	1816.2
5211.9	2170.1
6758.9	3245.7
351.31	1969.5
5282.8	2661.7
4113.7	1932.1
5824.4	2459.6
5347.7	4703
6529.5	2060.9
4879.4	1545.3
5546.7	2597.2
5906.9	1894.7
6495.6	28.964
6137	1989.6
4889.2	2464.8
5877	2023.2
5323.2	2701.1
3452.5	2546
5114.9	2039.2
361.05	1690.7
6129.2	2021.7
5105.9	2464.8
6367.3	1153.3
6515.4	2231
6027.3	1595.6
4448.8	1264.6
5094.5	4668.4
6867.2	147.15
3431.7	462.25
5908.5	1682.1
2251.8	837.11
4974	2059.1
5074.3	4866
6433.6	1853.2
4247.2	1564.9
6431.5	1782.9
4126.8	1125.7
6270.8	1949.7
5543.6	2612.1
2040.5	1957.1
4785.3	1716.3
6463.6	1024.8
5042.3	2754
6045.4	2347.6
7160	2797.6
6392.6	1820.3
3898.9	609.67
6152.4	2220.7
6391	1145.9
7150.1	1364.7
3671	2544.4
5361	2355.6
4794.2	4810.2
4941.9	2017.9
6045.7	1859.1
4169.5	1494.1
5618.1	2307.7
5862.7	2444
4699.1	2040.9
4307.7	1112.1
1697.3	1000.9
5725.9	2331.7
5640.3	2234.4
4758.5	4859
5849.2	2417.3
4510.9	1322.8
5085.4	4701.4
5933.1	2330.1
5356.8	2693.9
4279.7	2509.9
5087.3	2134.5
4923	4690.4
4808.9	2287.2
5516.8	4713.7
5274.5	4695.2
5656.8	2286.5
6043.8	1856.9
4137.2	1576.1
5405.2	2379.8
6254.9	1870.1
4907.6	2205.4
6401.9	1799.8
6429.5	1097
605.4	2951.2
5335.2	2532.2
5993.4	2251.6
5357.1	2699
691.34	532.44
5832.5	2435.8
6290.1	2291.6
671.28	2918.8
5956.4	2365.5
5734.3	2332.9
6364.4	1134.7
6663.7	1610
5268.2	2303.9
5340.4	2351.7
5114.6	2168.6
4887.4	2388.8
4702.2	2338.2
5254.3	2254
5597.4	4740.4
5518.6	4728.7
4891.9	2467
4595.2	4827
2412.9	2395
5051.7	3750.1
6198	2323
4890.2	1866.3
5833.9	2468.5
5091.7	2617.5
5301.7	2505
5654.3	2298.1
5361.8	2698.3
5688.1	2602.3
5394.2	2377
5409.9	2381.9
3707.5	2541.6
4921.2	2192.5
4855.6	2156.1
5908.8	2095.6
4651.6	2296.3
4980.1	2078.1
5958.3	2367.7
5341.5	2427.8
1242.3	684.09
5410.5	2378.9
6135.9	1423
5079.7	2260.8
5017.4	2271.9
6244.6	2452.5
5959.7	1701.1
6080.5	4798.4
3762.2	475.34
5889	2302.9
1087.5	2206.7
5313.9	2531.6
245.55	485.46
7287	2257.6
5487	2496.8
4900.1	2351.3
1232.4	642.12
5345.8	2520.9
6012.2	2300.5
3732.2	411.65
5838.1	2394.2
5321.3	2316.9
5552.3	4835.1
5554.2	4836.7
5940.8	1619.2
5014.3	4848.1
5104.6	4848.9
5400.1	2372.8
5906	2148
4613.7	4626.1
2824.8	3142.1
5927.5	2367.8
5893.9	1901.2
5564.1	4846.6
5035	4696.7
5980.7	2107.3
4655	4830.6
7287.3	2464.2
6558.8	262.62
6045.4	2349.5
4573.7	2650.6
4791.4	2112.8
5438.4	2342.6
6485.3	1613.6
6164	1448.4
5660.8	2347.9
7035.8	3589.7
5591.9	642.18
5263.3	2548.4
4968.1	2535.6
6946.3	1871.8
5327.2	2440.7
5359	4702.9
5082.2	2296.5
6006.1	2190.4
5940.4	1957.4
5556.5	2423.9
5431.7	2500
4529.3	2548
686.64	1223.2
4744.9	4666.8
5384	2380
5179.1	2391.3
6663.8	1629.3
5896.5	1852.6
2684.5	549.37
4835	2145.3
5293.8	2507.3
6350.8	1586.4
3477.3	411.4
5285.8	2539.3
5833.4	2450.5
5051.7	2403.1
2331.1	793.45
5038.9	4800.3
6128.4	2019.4
4759.4	4816.2
4405.3	1438.1
6160.8	1948.5
5050.2	4815.5
5369.1	2353.5
4381.4	1695.6
5653.7	2326.7
5679.3	4727.3
5947	1962
6863.9	2030.6
4795.8	4814.2
4802.3	1739.5
2564.4	844.91
6290.4	1784.7
4620.2	4629.5
4907	1980.2
5537.5	2636
4825	1765.8
5336.5	2691.3
5113.6	2618
5678.1	2354.7
6314.3	2299.4
5798.1	2422.3
5084.8	4704.8
4689.8	2150.2
5325.9	2659.4
7115.7	1967.9
5896.6	2299.4
5422.6	2383.1
5057.7	2167.8
4513.8	1392.5
4211.5	3210.1
5563.2	2443.7
6448.1	299
5858.1	2391.3
4221.2	1383.3
2650.8	79.246
4990	4884.2
5643.2	2349.6
6203.6	2284.1
3906.3	616.75
4853.7	2301.2
5510.3	4823.3
5015	4849.7
5039	4801.5
5245.6	2195.1
4734.9	1969.8
7290.8	86.795
5931.3	2146.4
5858.4	2393.1
5900.7	2425.7
6323.8	1890.1
5053.7	2438.1
4913.4	1947.8
5450	2333.7
5317.3	2369.8
5304.4	2427
6430.2	1798
6232.5	1427.1
6087.5	1745.3
4106.9	1109.5
4385.9	1368.8
5484.2	2459
5340.1	2362.2
683.77	1234.3
5661.3	2334.9
5414.2	2457.5
3326	3051.7
6268.4	1322.9
4367.4	1722
4824.6	2296.2
5077.7	2247.6
4850.2	1653.4
6561.6	2206.1
4833.8	1971.6
5456.5	2561.2
5870.5	2450.7
5836.8	2374
5674.9	2596.5
4781.9	1516
7340.6	3856.3
4210.1	3226
5340	2370.9
5337.6	2421.7
1335.1	1816.1
6352.9	1694.8
5047.3	2175.2
5849.1	1917.1
5485.2	2493.1
5250.7	2192.6
5894.6	1897.3
1634.3	1189.2
6533.8	1059.1
6383.9	1799.6
5234.7	2206.6
5924.2	1843
7012.3	160.32
4963.3	2493.7
6454	1603.4
5320.5	2695.5
5626.6	2397
4328.4	2200
4458.9	1264.6
5012.1	4838.9
4691.4	2065.1
5237.2	2169.2
5928.4	2371
6177.6	1428.6
5944.9	2509.3
4632.1	4654.2
5348.4	2441.1
5525.6	4707.3
5259.6	2310.9
5711.2	4754.6
4991.4	4895.9
5863.7	2419.4
6666.6	2136.1
4739.3	2108.6
4672.6	2807.2
308.97	2667.1
4164.4	2075.1
5793.4	1855.2
4784.5	1743.6
4998.9	4671.4
5180.9	2118.9
4689.8	2921.3
5417	2441.3
5360.2	2346.9
6254.5	1301.7
4876.4	1533.7
4775.9	1963.2
5415.2	2452
4645.1	4676
3043.7	3216.9
5678.9	2201.9
1282	188.24
4860	4782.6
5022.4	4645
4561.5	2801.7
5083.7	2290.2
6498.2	1716.9
5249.7	2413.3
4820.4	4851.1
4512.2	2198.4
750.65	2388.5
6377.6	1206.7
6861.8	2793.2
5328.9	2326.9
6513.9	414.76
6040.3	2323.5
4818.9	4848.4
4730.7	1680.4
4698.6	2029.5
4859.3	4799.3
6683.6	1384.3
6499	1413.2
1767.1	670.75
6032.8	2062.9
5836.7	2327
4882.8	1810.7
5443.2	2341.6
2489.9	1230.3
702.42	1039.5
5241.9	4036.1
4126.1	1933.2
2536.1	1421.4
5106.1	2057.9
6685	1379.2
236.43	525.38
4805.1	1513.9
5333.8	2403.9
5067.3	2258.5
3775.4	1424
2052.3	2266.8
6403.6	1847.4
6105.4	1596
6106.6	2887.2
1525.6	711.73
5139.7	2066.8
4981.8	2350.7
3053	623.87
6240.1	2841.3
4205.1	1565.3
6001.4	1787.7
4772.1	2444.6
6132.5	1901.3
5366.1	2365.8
4025.2	777.03
5819.1	2399.3
4268.3	1413.8
3024.2	2438.4
5901.7	2452.3
5098	2662.2
5847.8	1868.3
5043.6	4671.4
4693.3	2051
4161.2	1486.9
6303.5	1795.2
6298.9	1653.9
4737.1	2158.7
6152.2	2003
6438.2	1202.2
4116.9	1660.7
6243	1798.9
4911.2	4667.3
4444.8	2674.5
4895.8	1982
4259.4	1666.5
5915.7	2403.1
5318.1	4706.4
6622.8	1697.3
3597.8	783.28
5767.7	2047
4971.8	1844.7
4933.6	1990.9
434.14	518.19
4902.7	2409.2
5987.3	2121.7
4920.8	4697.5
4972.3	1847.4
5271.1	2438.8
6390.9	657.49
4874	1833.9
5157.9	2102.3
5596.9	4758.3
6664.8	1581.2
5279.3	2428.9
5127.4	2183.3
4723.7	1391.8
6055.3	2508.9
1959.8	1913.5
4724.8	1903.3
6541.3	1382
4810.3	4687.2
3571.4	1018
5057.1	2187.5
5497.4	1872.1
4686.9	1993.5
5330.2	2610.5
5110.5	4707.5
1666.3	3913.2
4801.1	2161.2
5044	4668.5
4999.9	4636.5
5365.4	2401
6494.6	2074.6
5475.6	2416.7
6997.2	199.07
1794.7	4271.9
5511.6	2272.5
6096	1610.9
5605.3	2397.8
4531.2	1651.1
4893.2	1970.4
5829.3	2061.4
6466.9	957.5
6719.6	1514.1
6470.4	1633.4
5378.8	2320
7159.6	1386.3
5203.4	311.73
2013.8	4239.5
6520.7	1726.2
6889.9	2449.1
6365.7	103.28
5352	2315.6
6470.6	201.06
413.74	2455.9
5074.1	4838.9
3698.5	3419.1
5672.2	2143.4
5151	4795.9
6680.7	1380
5630.2	2286.7
6351.4	1331.8
6197.3	1400.9
5115.9	2056
4961.1	2528.1
6552.8	1505.7
4943.9	2203.3
5017.1	2162.7
5365.4	2366.7
4968	4817.2
4590.4	2729.5
5301.1	2699
5518	4711.4
5035.8	4789.9
3077.8	209.25
6155.7	2300.1
5706.9	4745.1
5004.2	4876.2
4475.7	1543.2
6553.6	1482.5
5975.8	2468.4
6283.1	2306.2
6078.4	2647.9
4367.8	1640.8
5063.8	2171.7
4223	1034.6
6246.9	2465.7
4624.8	4654.4
5457.4	2380.3
211.19	527.22
4856.4	2103.9
5443.5	2711.3
4653	4622.8
5293.5	685.57
6063.1	1714.8
6158.7	2300.1
6545.9	1502.6
6380.6	1185.8
4731	1918.6
4398.6	1148.7
4602	1282.8
5615.1	4232.9
5396.9	2394.3
4668.9	4625.7
4239.7	1573
6422.9	1744.6
4878.5	1960.4
6164	1503.2
5544.4	4623.4
5649.2	2315.2
4963.1	2431.3
4151.2	1482.8
6837.4	3101.7
5960.3	2649.1
4995.4	2183.3
4883.8	2504.3
3734.5	355.98
5105.7	3901.1
415.22	2454.8
4612.3	4652.6
4993.6	2139.5
5015.5	2145.8
4961.9	2530
6660.9	2007.7
311.54	483.24
3761	2445.5
5460.5	2488.3
5282.3	2314.1
5888.9	1856.1
1241.2	654.77
6671.9	1397.1
6487.5	1673.7
4586.1	1823.2
1406	3143.6
6663.5	1248.1
2713.5	1625
6952.2	782.65
4917.9	1840.1
5557.2	4720.2
5660.8	2283.6
1419.5	3229.1
4411.8	2158.7
5481.3	2491.3
2092.9	1169.1
5390	1283.1
6012.3	1695.9
6366.8	795.11
5319.9	2324.6
6163.8	2211.8
5655.7	2149.2
4067.6	2547.2
5353.4	2322.2
5495.9	735.78
4993.2	2242.1
2995.6	399.19
5225.9	417.4
6624.6	1640.7
5248.2	2376.8
5093.9	2401
5843.6	2328.2
5007.1	2415.8
5858.8	2606.4
5663	2306.2
6330.6	1609.4
5439.1	2479.5
5343.8	953.37
5044	4665.6
1976.1	1979
5181.2	2139.8
5870.9	1890.6
5327.8	897.28
6009.2	2330.8
6391.1	100.26
4281.8	2648.1
5430.3	2179.8
6745.3	1523.9
5890	1914
5406.9	2423.6
6627.7	1286.4
4937.4	2332.9
603.82	536.43
4996	2714.8
5080.3	2253.5
5350.5	2320.8
5557.1	4741.6
4731.2	1906
5409.7	2405.5
5945.8	2341.6
6361.2	119.15
5992.5	2467.9
6323.4	1249.8
4683.2	4675.1
5115.7	2044.8
5182.9	4688.6
5319.1	843.27
1469.3	737.38
4923.1	2445.5
6594.1	1662.1
6257.4	1302.2
6065.6	2665.1
7047.4	1726.3
4384.7	1687.4
4834.7	2307.7
4774.2	4622
6531.2	1624.2
5618.1	2155.9
5035.9	2441.2
4106.2	828.1
5910.2	1775.4
3773.4	3334
2316.3	999.39
6595.1	1662.3
4793.9	1974.2
5982.6	1561
1664.7	750.78
6427.5	1058.5
5409.1	4673.2
6405.2	1095.1
4908.8	1832.6
5080.8	2414.1
5178.7	4705
5406.5	2452.2
6498.4	1414.1
696.48	2880.6
4450.3	1791.1
5177.9	2181.7
4864.2	4637.2
3369.6	1576.2
4942	2302.6
3159.5	268.67
6513	869.89
612.86	534
4321.4	2551.7
5008.9	2584.2
5011	2264
5282.9	2715.8
5377.2	2361.2
5670.7	4807.9
5312.9	4704
3847.7	1538.1
5438.3	2380.8
4904.1	1969.5
1387.2	2147.3
6059.6	2043.8
6309.6	2295
5362.4	2436.4
2141.1	1947.3
6304.7	2980.6
5517.3	2545.3
4982.1	2222.5
5843	1942.9
6382	1827.7
4880.1	2488.3
5397.8	2338.6
5856.1	1929.7
3698.2	304.29
5974.5	2437.8
5930.2	2022.2
4878.9	1719.3
1530.1	1851.8
6335.5	1813.4
6162.8	2797.3
4148.4	1314.3
4573.2	2553
4392.9	1429.7
5070	2240
5803.4	2399.4
4597.2	2571.8
6052	2312
4461.3	2258.2
6659.6	1346.1
5040.9	2232.1
5840.6	2126.5
4389	1377.1
5869.1	1869.2
6401.2	1150.6
5489.6	2459.8
5020	4782.6
4754.9	4650.9
4683.1	4649.4
4921	1599.9
4836.8	2345.1
6063.1	2066.8
1372.4	2595.7
4890.8	2371.3
3283.3	602.7
6562.7	1504.2
5123.5	4662.6
5145.4	4751.2
5183.7	4667.1
6327.1	2427.8
6152.4	1838.8
3604.1	787.05
6155.3	1786
4248.4	1060.5
5250.6	2437
7088.4	1976.7
4864.3	2102.2
1587.2	774.4
5254.4	4713.5
4829.1	1928.2
5915.5	2422.6
5216.9	4704.1
4520.1	2141.9
6406.1	2262.8
5288.6	2546.6
4559.1	4642.3
6021.1	1713.1
4892.2	2481.7
3400.5	1790.6
6618.2	1691
4239.9	1592.8
5249.6	2407.2
4875	1792.3
4662.7	1435.5
4901.2	1970.2
6245.1	1671.5
6245.3	1969.5
5671.4	4801
6186.4	1838
5402.7	2330.6
5398	2382.8
5085.2	4709.8
6871.5	2904.8
6130.1	2220.1
6447.5	1601.6
5307.1	2529.2
4025.6	2701.5
4613.7	4668.5
5488.2	2284.8
5107.8	2313.5
5136.2	2182.3
6020.7	1715.2
3754.8	802.28
6526.3	2943.7
4985.4	1765.3
1234	1889.9
297.88	507.37
5127	2176.9
3744.4	1478
6476.9	1210.4
5507.1	2619.6
4918.7	1667.4
1327.5	685.33
1860.4	2006.6
5386.3	2442.6
6218.2	1111.8
4983.1	2635
4371	1887.1
5667.4	2469.2
5409.1	2449.9
4561.2	4662.3
5391.8	2338.3
6832.4	2572.8
5313.4	4704.1
792.26	2402.4
4853.3	1479.7
6441	288.24
5869.3	2454.2
5927.6	2439
5445.4	799.49
5154.1	4823.8
5804.2	2337.9
5249.2	486.67
5729	2337
6989	208.76
6312.5	1904.7
6286.7	1647.4
5513.6	4671
4653.9	1491.2
5888.2	2439.9
4922.4	1955.8
2138.9	1904
5405.2	2334.8
5044.7	4783.5
6373.1	1756.1
6000.6	1889
4380.2	1357.8
3969.8	1220.4
4362.1	1212.8
6678.1	1646.5
6533.3	2200.7
5298.6	2320.5
4200	3215.4
4919.8	1940.2
4695.6	1666.6
6458.7	1690.6
6178	1487.4
6671	1406.2
532.82	508.89
6359.3	1458.3
426.33	540.95
5450.4	2406.8
1545.1	288.52
4881.6	2390.1
2036.3	2014.6
5111	2447.9
6476.2	2524.4
6400.5	731.77
5650.5	2223.3
5075.9	2438.9
5037.1	2289.6
3790.5	3558.9
5643.8	2580.7
5087.6	2451.5
2068.3	4219.5
4846.5	4061.1
3915.5	2509.8
3514.2	1439.1
5097.6	2235
4979.4	1857.5
568.23	1968.8
6472	1803.7
5153	2287.6
5275.2	2348
509.82	501.46
6097.9	1614
5491.3	4728.7
5376.4	2703.2
5294.2	2424.4
4909.9	1983.6
2140.7	3854.7
509.06	544.58
4762.8	4661.9
6345.9	1828.8
6494.3	238.03
3148.4	2602
700.31	527.57
4693	1937.9
4090.6	1182.7
5621.7	2366
6513.6	17.602
2335.3	54.826
4104.8	1072.1
5678.2	2314.2
5394.1	2409.8
6230.6	1444.1
4562.9	1423.8
5411.8	2391.6
6649.8	301.63
769.25	3317.4
7078.6	3550.6
4167.8	1858
6445.3	820.28
5428.1	2444.7
6103.8	2004.2
4829.7	2346.3
4030.1	713.53
4900.1	2487.1
6366.7	988.4
6652	1369.7
5383	1195.7
6239.4	1826.4
5854.1	1795.7
4176.3	1855.5
5409.6	2411.2
4075.5	1338.6
7298.6	166.19
253.06	1879.6
1360.6	710.82
4876.9	1795
2683.3	416.13
5112.4	2310.4
6400.4	1265.3
2118.4	1248.3
4901.7	1725.9
4690.6	1937.4
6295.9	2253.9
6154.8	1304.7
5975.8	2480.7
1239.4	1835.7
5484.3	4724.6
6402.3	1555.7
1441.9	976.99
3442	598.25
6335.8	1165.9
6835.7	506.96
5759.7	4686.1
4321.4	2568.2
4603.3	2617.2
6197.7	1681.2
5745.3	4799.7
5360.4	2433.6
4550.9	4649.3
1813.1	4329
5011.1	4792.3
6451.6	1350.2
4665.5	2019.1
4944.6	4661.5
5450.1	2544.9
5290.5	655.27
615.06	3091.9
4302.4	1339.1
5907.4	2175.6
5457.4	2511.4
5343.8	2698
6685	1401.1
4920	2480.6
3252.6	2680.4
3686.9	2545.9
4724.2	2919.9
4677.2	1994
4204	1164.1
570.65	65.289
4082.8	1176.8
5333.8	968.41
4773.4	4689.5
5873.4	2163.8
5453.4	4718.2
4342.8	1474.3
6679.3	1664.2
1576.1	263.87
706.96	960.52
6942	3155.2
5156.9	2132.5
6397.2	1833.9
691.5	302.55
4889	1643.6
5678.9	2273.9
4964	2524.3
5104	2378.4
3665.5	1608.1
4958.8	2506.8
6309.8	1214.6
5255.9	512.07
6510.1	1607.9
5874.1	2064.7
4706.2	2018.9
5417.1	2336.9
6261.7	1202.3
6612.3	1713.4
3511.8	1356.2
6133.6	1817.6
5812	2203
3228.6	2386.7
5069.6	2296.8
5851.3	2317.7
4961.3	1761.6
2877.3	3000.6
5438.7	2375.1
251.13	505.79
5340.6	2380.2
4572.7	2740.2
5270.1	576.41
6547.3	2182.7
4857.1	2544.7
5953.4	2454.4
5381.7	2711.8
5106.5	4654
1054.8	1487.4
6467.6	1043
551.13	927.05
5803.8	2495.6
4816.5	2118.3
619.12	524
5575.1	2406.1
5347.2	2432.4
6427.8	862.67
4165.8	1348.2
4166.9	2331.7
6903.9	414.6
6325.6	1314.1
4813.3	2333.2
4667.8	2029.6
6488.3	824.88
5185.1	4683.2
4425.4	2969.3
2588.2	500.62
6851.1	1302.3
6518.9	1189.4
5358.6	4690.4
6815.1	2165.7
2072.3	2324.9
5324	937.24
1970	2174.7
3855	1534.8
6354.8	1536.8
4181.3	2216.8
4742.1	4620.7
4668.4	2056.7
4756.8	1582.3
4946.5	2453.8
6417.1	1313.4
6811.3	117.87
5900	1873.9
4564.5	1378.9
2976.5	1361
5986.1	2032.2
1988	2928
5083.7	2649.2
6650	2632.6
432.23	798.9
4883	1974.7
7048.9	1395.4
3705.7	3399
2942.7	109.12
5556.5	2164.1
6238.2	1322.3
5007.4	4795.8
4572.1	4634.5
1313.2	1952
760.43	2238.7
6219.1	1923.3
5317.7	2994.9
6337.4	1422.3
5788.3	4691.3
4368.9	2126.4
4192.1	987.81
6643.8	2225.3
6006.5	2467.4
