5445.4	2171.6
1349.1	3825.2
4917.7	4783.7
4890.7	4674.9
4638.9	4638.4
6953	2436
4917.7	4783.7
5049.5	4682.8
4884.2	4870.9
6345.4	2554
5440.4	4697.6
5334.5	4680.4
6627	2136.7
5191.6	4689.5
5440.4	4697.6
4619.7	4818.2
4734.7	4644
6249.4	1616.9
4801.9	2134.4
4576.6	4835.7
2506	3824.9
5166.2	2206.9
4945.7	4681.7
5372.4	4707.4
5433.4	2063.5
6608.6	2992.4
1859.5	2371.9
6687.6	1512.2
4945.7	4681.7
5267.4	4691.9
6965.9	1137.3
5942	1692
6641.2	74.904
4663.3	4850.2
948.56	2542.5
6340.4	3027.8
6993.2	1331.4
659.1	1373.2
6641.2	74.904
6408.7	1053.6
5194.8	4853.5
6668.4	417.53
668.34	1742
5292.6	4862.9
5998.1	2199.2
2271	84.325
6687.6	1512.2
5506	4811.4
686.3	1377.4
5092.8	4818.5
5095.2	4823.7
6123.8	2270.9
5194.8	4853.5
5296.5	4840
5166.2	2206.9
150.77	1353.5
5096.6	4826.5
6798.5	941.83
4991.4	4854.5
2626.3	2431.9
4598.3	4829.9
547.33	1625.7
4588.6	4845.9
7257.2	2035.3
4629.3	4656.1
4814.3	4656.6
4882.9	4834.5
6640.8	67.427
2271	84.325
7140.4	2851.1
5268.4	4690.2
5195.8	4677.1
6641.2	74.904
6195.3	1787.4
6828.9	1307.1
4620.7	4856.8
6807.6	965.99
4597.4	4827.5
4878.1	4838.1
5453.5	2353.9
4584.9	4847.9
6641.2	74.904
4983.1	4844.3
5306.7	4855.9
4887.1	4816.2
5539.9	4711.7
5436.3	2507.7
664.64	2474.3
6640.8	67.427
7109.4	410.07
4573.3	4891.9
439.82	2088.7
5293.9	4835.5
6798.5	941.83
6807.6	965.99
5293.9	4835.5
5839.3	2136.6
6798.5	941.83
4588.4	4636.1
4757.7	4666.4
3900.4	574.34
1081.8	30.594
5942.3	1717.5
5173.5	2335.3
4631.2	4831.8
2641.2	1784.1
5505.6	4720.5
5068.3	1859.1
6846.3	1270.1
2583.3	1941.2
4828.1	4646.1
6705.7	1453.7
4922.6	4670.3
4789.3	4817.3
686.3	1377.4
7127.8	445.71
7127.8	445.71
4806.9	4818.5
4758.6	1557.8
7293.5	930.56
4777.9	4814.6
6866.3	881.39
3933	455.18
5087.3	4846.2
6640.8	67.427
5169.9	2094.2
4480.5	1118.7
610.09	4727.9
4627.3	4816.8
4922.6	4670.3
5118.3	4814.4
5199.4	4791.7
5290.8	2229.7
5651.2	2108.5
6137.4	2357
6854.9	1306.9
1205.9	1498.2
5776.3	2181.5
6714.6	548.28
7135.7	1503.8
6768.9	2337.2
6846.3	1270.1
4921.4	2191.4
4579.3	4851
4926.8	4779.3
7036.2	1118.2
6807.6	965.99
6714.6	548.28
7323.5	2505.6
6912.1	2097.3
5717.7	2233.8
6069.2	1348.6
5133.8	4677.4
5441.1	2320.6
7323.5	2505.6
3624.2	995.8
6304.6	1548.8
4874.6	4874.8
5594.2	4712.8
994.62	2521.2
5147.8	2082.9
5154.9	2211.8
7312.8	2261.7
5594.2	4712.8
4793.6	4817.6
3725.2	1458.4
6702.4	2282.5
6385.3	2086.8
5533.5	4717.3
6714.5	379.42
6736.9	150.65
6701	337.07
6875.6	2496.9
6859.8	1302.1
5764.9	2225.9
5274	2192.7
6649.8	1455.6
6846.3	1270.1
5829.7	1895.6
6713.6	366.18
5176.2	2200.6
670.87	2485.7
6240.6	2240.9
5113.2	4845.1
5122.5	1949.7
5533.5	4717.3
6521.3	2486.7
6127.4	2608
5481.5	2287.4
6875.5	2550
6806	2167.9
6598.9	1246
6343	2129.3
6686.4	1537.5
5183.2	2214.8
6771.7	1499.3
6714.6	548.28
7097.3	422.39
6771.7	1499.3
6704.1	1518.3
6696	290.23
949.34	2601.2
6799.5	952.09
5439.2	2594.2
7289.4	946.81
5742.3	2208.9
4756.2	4859.3
6706.6	1519.2
4821.6	4797.3
6389.7	2580.7
5107.4	2009
4849	1668.4
998.42	2946.3
5137.7	2202
5776.3	2181.5
6385.3	2086.8
3930.3	591.67
6848.2	1288.7
3930.3	591.67
6806	2167.9
4937.4	2014.9
3382.3	2015.6
6849.3	1286.4
6924.6	2060.6
5756.9	1995.9
6848.2	1288.7
6385.3	2086.8
6710.6	1450.9
4638.7	4827.5
5347.4	2338.4
5996.4	1432.9
3634.9	3391.3
5242.6	2504.2
6268.9	2197.8
4540.1	1273.7
6065.1	1284
6021.6	1325.2
6714.6	548.28
4921.8	4674.2
5427.2	2358.2
7281.2	2114.3
813.98	503.68
5199.4	4791.7
6864.3	2435.3
1042.3	1679.2
5721.6	2337.5
5731.8	2153.9
5736.4	1940.7
4740.8	1150.6
5717.7	2233.8
5350	1378.2
6182.5	1205.6
5592.8	4703.6
7192.9	2427
5266.2	2193.4
4928	4661.8
3634.9	3391.3
6961.1	1099.8
6849.3	1286.4
6873	2514.4
4749	4860.2
5184.8	2216.7
1329	3731.7
7156.7	1694.2
4572.3	4853.4
6529.8	717.85
4340.4	2283.6
7254.2	2485.6
537.34	1338.6
2716.1	2924.4
3399.9	1989.7
4791.6	4800.6
7149.7	2797.3
5152.2	2205.9
5362.3	2616.7
6825	275.52
5594.5	4716.8
4685.2	4849.1
5406	4068.2
4563.3	1335.1
6440.7	909.82
6165.8	1416.5
6144.2	1353.6
6563.2	635.78
7244.5	3352.4
7107.9	1461.4
5221.7	4812.7
2563.2	2525
6806	2167.9
5456.6	2317.9
6062	2163.2
5293.8	2242.2
7164.5	2720.2
6636.2	1610.1
6491	802.69
6686.5	1534.2
4717.8	1749.7
5071	1833
5655.7	2132.3
6882.8	2434.4
5257.4	2526.2
6752.2	1217.7
6505.6	757.26
6543.3	684.36
5380.6	2445.5
6909.2	2051.5
5447.3	2061.9
6789.5	2672
5440.8	2332.3
4624.8	2065.8
6129.4	1190.3
4642.8	4853.9
4396.1	2223.7
5188.2	2118.2
4992.8	2147.1
5395	2378.5
6487	800.79
6822.5	2811.5
6543.3	684.36
5307	2358.9
5681.1	2217.2
6853.3	2446.7
723.47	2981
5967.4	1529.1
5721.6	2337.5
5137.7	2668
5745.6	4721.8
5124	2385.4
6484	1666
6487	800.79
5042.7	1782.5
6127.4	2608
4547.5	1456
6529.8	717.85
6469.7	840.25
4836.9	2185.5
4779.1	1771
3010.6	744.97
5353	2338.1
6007	1871.8
7241.8	872.07
5115.8	2395.4
6033.4	1495.2
5746.7	2195.1
5412.3	1343.2
5726	2547
617.29	1419.2
6587.4	1226.2
6432.6	2849.9
5344.7	4692.6
6516.9	747.71
5443.9	2546.2
6003.1	1960.2
4781.6	2056.2
6774	2446.6
6575.6	612.19
3153.9	2601
5274	2196.3
5806.8	1854
5314.2	2324.2
6993.7	1297.5
6113.7	1260.6
6989.3	1106.5
1268.5	678.86
6529.8	717.85
6369.5	1701.1
6725.5	368.04
5675.3	2045.6
5739	2235.9
5302.2	2248.3
7040.7	2789.8
4438.9	3195.7
5070.5	2415.5
6547.8	670.85
5335.3	2304.7
6944.4	2006.9
6529.8	717.85
5166.2	2206.9
6746.7	74.27
6563.2	635.78
4568.3	1433.5
4763.4	1550.3
6574.5	1843.9
6547.8	670.85
5514	4703.4
562.28	1593.2
5370.4	2604.7
5539.6	2192.4
5071.6	4855.3
6469.7	840.25
6746.7	74.27
6529.8	717.85
6529.8	717.85
5959.5	1762.9
5666.1	2063.7
3045	768.13
6182.5	1205.6
4645.4	4824.8
4633.6	4855.2
5348.2	2358.5
5169	2259.6
4858.4	2169.7
5041.2	1841.4
5829.6	1916
6746.7	74.27
4805.7	2158.1
6491	802.69
5115.4	2352.3
6487	800.79
6541.9	1693.9
5428.9	2541.7
5683.2	2351.1
6529.8	717.85
5946.1	2117.4
6105.7	1296.2
5842.3	1739.5
154.45	1400.4
5230.9	2501.9
5753	1991.6
5924.8	2170.5
6529.8	717.85
3116.4	181.43
5965	2223.5
6259.4	1334
5198.7	2539.5
4812.3	2149.1
4704.3	1851.4
6218.8	1971.1
6904.7	2935.8
6746.7	74.27
6975.6	1153.4
6746.7	74.27
4853.9	4856.3
4427	849.27
6027.6	1751.5
154.45	1400.4
212.74	621.41
2138.1	26.897
4532.4	1272.9
6032.9	2228.9
5224.9	2399
4297.8	875.36
5933.5	1607.1
6660	1470.8
7027.1	2509.2
4879.7	2905.3
6920.1	1866.5
5374.1	2342.3
3205.2	90.784
6265.1	2210.4
5739	2235.9
4799.6	2701.8
7222.6	2832.3
7244	2754.8
5516	4718.4
4137.8	980.08
4853.9	2093.4
4339.7	2240.8
6543.3	684.36
5114.6	1936
5386.2	2604.2
5374.1	2618.4
5756.3	2042.2
6800.2	1333
2819.5	810.03
5322.3	4669.5
7050.4	1121.4
6821.7	2740.6
6746.7	74.27
7236	856.52
5217	2506.8
5964.3	1701.7
2670.5	3983.1
3526	1971
3608.3	3256.1
6024.7	2128.9
5049.3	2147.9
5909.5	1846
5998.4	1872.3
5790.5	2417.5
5979.5	2070.3
5927.6	1600.7
4674.3	2846.8
3328.8	146.36
4716.6	1240.7
4483.7	1464.2
6182.5	1205.6
7331.4	2525.9
6480.4	2746.8
5727.2	2244.5
5727.6	2332.3
5069.6	2578.5
5230.4	2541.2
6717.7	327.57
4750.1	4661.5
5772.6	2193.8
5108.9	2338.9
3350.5	1909
7242.8	2237.7
4470.4	1116.8
5014	2334.6
5015.9	2125.7
4819	4840.6
5315.3	4696.1
5398.3	2622.4
4851	2889.1
5074.1	1882.6
1116.2	1245.4
5043.5	2333
6911.7	2777.1
6674.8	1468
5045.5	2347.9
5293.3	2554.6
3040.4	48.272
5806.8	1854
3311.8	528.4
5076.8	2369.1
3135.7	2887.8
5354.5	2348.5
7313.6	2738.9
4464.3	1106.4
5732.5	1940.4
4671.2	2031.6
4739.5	1137.4
4816.7	4849.2
3871.2	675.44
3455.1	1044.6
4419.9	876.66
762.59	4834.4
6909	2015.9
5162.7	2224.9
5748.3	2345.3
5213	2429.5
4637.2	995.22
5378.4	2610.5
5040.6	4661.9
4908	4657.2
6550.2	2795
5351.8	4690.7
4378.6	2439.1
5956.5	2596.5
727.5	1455.1
5427.8	3114.5
5243.6	2517.8
5595.4	4730.4
4501.6	1595.2
6500.4	296.11
3897.5	3511.4
6037.1	1679.9
6410.3	1000.8
4917.8	4687
5446.8	4691
1309.8	1327.8
4572.8	1481.7
3040.4	48.272
3329.6	300.16
6937.9	1887.1
6432.5	734.01
5727.2	2244.5
3683.9	548.82
4274.9	1467.2
6968.3	1113.3
4575.9	1951.3
2506	3824.9
6616.6	2198.6
6015.3	2089.2
5731.7	2146.8
3455.1	1044.6
6008.1	1951.9
3947.4	1148.1
5390.2	1431.2
3354.2	986.26
5390.2	1431.2
4740.7	1483.1
1138.1	2547.2
3045	768.13
5286.1	2497.3
4453.1	1128.8
3485.5	3268.2
1531	307.4
6139.2	1396.6
5275.7	2513.5
6432.6	2849.9
5909.5	1634.3
5318	2317.7
2229.6	825.26
6935.5	2010.1
6176.5	1117.6
3413.7	1022
1813	768.9
4579.9	1413.3
4297.8	875.36
5415	2364.2
2446.4	518.78
3515.4	407.04
5169.2	2104.9
398.83	2179.2
7150.7	2800.2
5102.9	2357
3739.6	1535.3
5753.3	2049.7
917.61	2346
6927.8	2657.3
5445.1	2359.8
5604.2	2349.8
4048.1	3423.2
6453	2703
2329.8	2562.5
1309.8	1327.8
7131.2	1780.9
6919.6	3408.8
6258.5	1343.5
2952.6	776.57
4310	1799.5
5494.4	2383.1
5448	2442.1
4550.7	870.46
3683.9	548.82
6711.6	1729.1
4867	1975.3
4269.1	1508
4762.8	2077.7
5176.1	2267.4
5452.5	2440.7
2879.9	58.514
7244	2754.8
5044.7	2721.1
4993.5	4677.5
5331.3	2448.7
4767.3	1900.1
3780.4	1740
6633.2	137.07
5631.8	2639.6
3472.8	372.64
5304.3	2301
5181.8	2131.1
5522.9	4697.2
5010.5	4781.4
4710.5	4671.2
5165.8	935.72
2623.9	301.11
5180.7	4656.6
4993.8	2126.1
3540.3	599.44
5697.2	2021
4261.3	1150.4
7244	2754.8
3460.6	1506.6
6935.5	2010.1
5009.1	1952.1
5020.3	1869
5218.2	2406.7
3460.6	1506.6
2535.3	1947.2
7018.3	1978.2
4572.2	1933.6
727.5	1455.1
6015.8	1647.2
5280.1	2206.3
3463.3	1844.6
5445.1	2357
5422.5	2416.2
6346	1516.4
3549.4	1269.8
3292.3	902.22
6503.1	296.19
5604.6	2237.1
2332.7	1684.6
2959.7	191.24
6827.4	1269.2
7325.5	2287.3
3716	191.95
6728.1	1370
6101.7	2268.1
2408.3	519.91
5311.5	2425.7
1001.8	2843.2
6822.8	1276.8
4694.7	2473.6
3460.6	1506.6
3310.6	732.04
4843.7	1743.4
3265	313.26
3472.6	412.11
3485.5	3268.2
4271.5	1100.1
5192.4	2262.3
3473.3	469.86
2791.9	154.57
5135.9	2667.8
3708.1	653.37
3473.3	469.86
3298.9	2077.7
3109.6	1853.6
4262.5	1514.6
4965.5	4694.8
3228.2	1402.5
3624.6	917.61
3454.1	246.57
4360.9	1659.3
5744.7	2154.2
4555.5	1480.8
3111.4	3571.2
3264.4	1367
4697.9	2043.9
4079.8	798.71
3415.2	1605.2
4360.9	1659.3
3865	804.18
7117.1	3586.1
3136.2	231.52
6763.5	2266.4
3165.7	605.14
5418.5	2362.3
2904.8	133.86
5137.7	2315.3
4760.2	4651.7
3209	629.12
3438.9	1102.2
5064.1	2028
921.95	2461.1
6327	2807.7
4700.7	1804
5116.1	776.76
5355.6	2410.6
3645.4	442.19
4572.2	1933.6
3710.7	1020.2
3485.5	3268.2
4308.5	1844.9
6218.8	1971.1
3646	1472.7
7247.7	35.635
3870.1	345.4
3544.4	583.55
3373.2	1588.3
3523.7	871.11
3475.2	1116
3446.4	3282.8
3651.7	652.21
5019.4	1861.6
3186.8	415.2
6172.3	1504.9
4866.7	1940.6
3218.5	647.3
5141.2	2401
2250.2	1891.9
5349.6	2436.1
3298.9	2077.7
5644.4	2620.5
242.41	3014.1
3216.5	252.94
5573.8	2220.1
5390.2	2623.6
5121.3	2403.7
5666.5	2340.8
3455.1	1044.6
6948.1	2492.3
4960.1	1814
4902	2373.7
3662.1	1409.3
3473	334.06
5251.6	4703.6
708.87	2138.5
4863.5	1804.9
3710	734.73
2945.6	470.29
4570	1573.2
87.466	1452
3645.4	442.19
5658.6	2640.3
3485.5	3268.2
5222.2	4845.1
3471.8	528.29
6429.9	3486.4
3948.7	783.88
2870.4	31.351
3057.8	1314.8
5027.1	2238.1
5073.4	4571.2
5952.7	2519.9
2692.4	2477.7
3695.1	811.49
6191.7	1436.5
5416.1	2405
3111.4	3571.2
5744.7	2154.2
4532.4	1190.9
2930.9	524.39
3299.4	683.55
2973.9	84.843
3540.3	599.44
5089.4	2104.5
5050.9	4575.3
2747	431.66
3715.1	413.47
5661.6	2306.2
6948.1	2492.3
3667.6	2909.1
3646	1472.7
3136.2	231.52
4856.1	1747.5
2548.6	498.12
2887.7	1698.7
4767.3	1900.1
3734.1	485.9
3433	782.78
3310.1	574.37
7102.8	2458.7
6346	1516.4
3475.2	1116
2639.9	2395.6
4352.6	4639.6
2765.4	468.29
5735.9	2164.3
5169.9	2401.1
3515.1	261.14
5727.9	2256.4
3235	1401.3
5697.2	2021
5749.1	2523.3
3523.7	871.11
661.62	1481.7
7119.6	3589.2
7151.9	902.36
3342.3	385.25
3262.3	373.4
4273.5	2905.5
3136.2	231.52
5424	2531.7
5590.7	2326.9
6410.3	1000.8
3645.4	442.19
3641	333.88
2361.9	720.3
3238.4	438.27
5472	2466.9
5763.9	2181.5
3116.4	181.43
5146	868.24
5126.7	2160
3240.7	233.9
4627.5	1340.3
3192.6	1266.1
6656.2	2759.5
3473	334.06
5590.3	2236.7
2973.9	84.843
4164.1	2506.6
7246.5	2493.8
3566.1	266.55
3638.3	324.1
3371.5	296.68
3485.5	3268.2
5244.1	2225.3
1264.1	1529
5985.6	1396.9
4859.6	1959.8
4740.8	1464.4
2765.4	468.29
5563	4836.2
6336.3	2617.4
3422.7	559.95
4365.4	2416.8
5665	2125.7
5820.7	1918.8
7277	717.32
3433	782.78
3662.1	1409.3
3422.7	559.95
5166.8	2518.7
3438.5	1113.8
3485.5	3268.2
4893.1	1792.7
3436.5	344.48
5553.6	4692.2
6763	3331.3
4341.6	1571.5
3050.2	596.69
6438.8	3489.7
5266.6	2204.6
3312.4	249.56
3650.5	656
3228.2	1402.5
3032.1	202.33
3726.1	3360.1
3218.5	647.3
3433.8	346.17
6677.1	84.65
5173.8	2322.8
3558	270.69
3533.4	925.12
4852.4	1745.1
5222.2	4845.1
3796.8	410.59
3002.1	63.065
3130.9	142.82
5126.6	2226.6
4573.9	4883.9
5551.9	4826.7
3624.6	917.61
5073.4	4571.2
6761.9	2226.8
6868.1	869.89
3095.2	47.35
6909.3	2143.8
2621.6	3012.1
3496.8	177.65
3624.6	917.61
6391	1980.6
4810.3	2169.6
5180.5	2306.6
3931.6	1177.7
2747	431.66
6218.8	1971.1
5276.3	2411.6
3533.4	925.12
6543.3	515.37
3178.8	147.31
5591.9	2298.1
6654.3	2744.9
3117.3	528.28
3472.1	824.13
2887.7	1698.7
3608.2	556.53
3440.8	1121.2
2778	689.74
5178.6	2451.6
6218.8	1971.1
3116.4	181.43
4419.2	1586.5
3271.5	228.57
3471.8	528.29
5451.2	2454.5
4071.1	2368.9
3339.7	345.52
4752.8	4637.2
6192.8	2281.1
6281.9	2467.9
5551.9	4826.7
6943.9	715.78
5427.6	4704.6
428.75	614.95
5994.3	2257.5
3551.9	261.95
3662.1	1409.3
5034	2336
4213.6	884.17
3310.1	574.37
4289.7	1772.5
3699.2	1020.9
3613.6	494.42
6521.7	2143
5744.7	2154.2
5414.7	2382.7
3533.4	925.12
3717.5	806.28
6432.3	489.04
3464.1	437.02
3687.3	534.35
6055.5	2000.1
6716.6	2358.8
3688.6	573.24
3664.7	365.28
4881.1	1797.6
4383.7	2212
3734.1	485.9
5276.6	2211.5
2874	40.401
6843.4	2114.4
6576.2	406.45
5596.9	2308.6
5301	2346.6
3268.3	2087.1
3468.3	3280.5
3679.9	1563
3660.5	1367.9
4226.2	942.21
5267.7	2500.3
4213	1012.9
3593.4	601.54
4848.7	2622.1
3463.3	1844.6
3573	575.96
3485.5	3268.2
5427.6	4704.6
6599	154.11
4994.9	2158.6
5421.9	1314.3
3640	839.19
4517.8	2468.7
2688.8	304.45
1938.3	1140.4
3700.9	1016.9
3780.4	1740
6357	2821.3
3422.7	559.95
3485.5	3268.2
5073.4	4571.2
5155.4	2400.9
5814.4	4711.2
3302.7	751.83
2296.8	2595.9
3021.6	109.33
2708.1	568.98
6953.6	672.46
3636.2	994.32
5736.2	2530.8
4775.8	4653.4
3233.4	183.04
6520.9	146.87
6432.3	489.04
3677.2	402.46
3616.7	1106.7
3336.1	499.1
5708.7	2041.8
6935.5	2010.1
4291.4	1886.2
3703	1049.3
4455.7	2245.9
5228.1	2448.2
4986.6	4875.8
239.06	2917.3
4579.8	2002.1
3769.3	829.2
4758.2	2161.7
4419.9	876.66
6537.6	2262.4
2261.3	792.91
2614.8	622.79
3463.3	1844.6
5230.3	2470.3
1542.6	319.05
5337.6	2475.5
3120.1	188.91
3529.3	895.05
6935.5	2010.1
3299.4	683.55
4077.7	1039.4
3662.1	1409.3
3471	987.29
4361.4	2478.4
3516.8	893.51
3080.4	648.38
2956.6	94.059
3703	1049.3
5761.1	1905.9
4637.2	995.22
7028.7	2089.6
4896	2328
4603.3	1690.3
625.08	2869.5
1810	779.46
3249.3	331.44
3093.7	125.93
221.74	2099.6
2283.5	448.59
3190.7	1384.6
4710.4	4674.5
6258.5	1343.5
4834.5	1786.4
6910.5	2814.5
4947.8	245.15
5230.5	2413.6
396.66	2101.8
4896	2328
3487	2059.4
4901.3	2394.2
5196.2	2386.3
3735.2	708.08
5255.8	2548
3318.8	964.22
3498.2	118.63
5302.7	2402.8
4729.3	1768
3544.7	2054.5
3832.3	1182.1
3516.8	893.51
3330.6	1424.8
5362.2	2421.9
2777	463.51
5424	2431.4
3387.6	114.58
7096	391.09
3433.8	346.17
5086.1	2027.1
3646.8	454.44
3038.8	134.94
2905.5	1153.8
5335.6	2518.3
6192.8	2281.1
3613.6	494.42
5153.7	2300.1
3695.5	1424.1
3085.2	289.55
2692.4	2477.7
3090.4	110.32
4245.7	4671.5
5218.7	4661.7
3370.8	108.96
3462	1790.3
3464.1	437.02
1879.6	1827.6
2531.7	1502.8
3387.6	114.58
5163.9	2294.8
7150.2	3642.8
3769.3	829.2
5437.9	2385.1
2539.5	1509.7
3232.5	1328
3766.5	630.8
3624.2	995.8
3269.6	268.9
6779.5	2080
184.2	1738.4
5375.1	2353.8
7063	2699.6
2531.7	1502.8
5524.5	4731.5
3105.1	885.15
5841.8	2542
2665.3	634.75
3065.9	403.33
5240.7	2214
3451.4	802.1
5018.3	2210.6
5005.5	2396
5738.1	2014
5296.6	2442.4
3719.2	679.29
6587.9	1858.8
2766	430.66
4679.6	4665.4
3436.5	344.48
3311.3	198.43
3250.8	299.82
2814.7	114.87
4410.6	2218.7
5194.6	2299.4
4819.2	1902.2
3319.7	978.87
3523.3	285.99
3242.7	1329.8
5321.5	2610
4986.6	4875.8
3520	926.3
3703	1049.3
5418.3	2392
4733.2	1242.9
4464.3	1106.4
3791.8	1033.1
6858.1	3032.2
2762.9	323.1
3643.2	912
3598.3	613.61
3485.5	3268.2
4155.3	2477.7
5073.4	4571.2
5321.7	2441.8
3764.5	688.44
