-0.542505 0.0562124
 -0.502973 -0.0714013
-0.583574 -0.121895
 -0.504736 -0.0584501
-0.544607 0.0465838
-0.531294 0.0828608
 -0.499041 -0.0583145
-0.566758 -0.329398
 -0.52474 0.0837197
  -0.50555 -0.0713561
 -0.503697 -0.0600322
-0.520355 0.0964901
-0.476144 -0.352931
 -0.808157 -0.0746335
-0.541465 0.0447303
-0.476709 -0.352678
 0.318763 -0.122573
 -0.512195 -0.0742718
 -0.509754 -0.0805327
 0.321136 -0.126597
 0.342111 -0.215876
-0.547704 -0.324391
 -0.505934 -0.0657281
-0.627192 0.0563706
 0.335172 0.0157313
 -0.568204 -0.0806457
 -0.512082 -0.0762382
 0.344598 -0.174107
-0.543703 0.0403907
  0.348169 -0.0621569
  -0.772294 -0.00329997
  0.333003 -0.0641685
 0.319147 -0.107611
  0.317565 -0.0505392
-0.556541 -0.329544
  0.325612 -0.0523248
  0.317226 -0.0935744
 0.323351 -0.123229
-0.541601 0.0403003
  0.539092 -0.0376558
-0.528514 -0.127116
 -0.508511 -0.0598966
  0.332777 -0.0689828
-0.515992 -0.411085
   0.31587 -0.0683726
 -0.739323 -0.0412496
 -0.795712 -0.0407297
 0.327397 -0.113962
   0.31917 -0.0144656
  0.319758 -0.0747917
  -0.68293 -0.0297675
-0.672094 -0.153109
 -0.741394 -0.0418372
 0.346089 -0.181091
0.340326 -0.21825
 -0.619774 -0.0195738
0.234908 -0.14061
0.316254 0.016093
-0.563006 -0.383307
 -0.502996 -0.0766225
 -0.814512 -0.0416338
  0.31865 0.0018308
-0.521553 0.0299257
-0.522638  0.040142
-0.543658 0.0404811
-0.487287 -0.356496
-0.522931 0.0335647
 0.330607 -0.119115
-0.485818 -0.118347
 -0.641375 -0.0798772
-0.558146   -0.2972
-0.708713 -0.116742
 -0.508375 -0.0717629
  0.334901 -0.0218566
  -0.5541 0.0548337
 -0.507155 -0.0729835
 -0.508262 -0.0562124
  0.366522 -0.0299935
-0.702719  -0.11742
 0.349864 -0.153629
  0.31474 0.0106232
  -0.50286 -0.0817532
-0.584546 -0.126687
 0.330177 -0.120064
-0.541827 0.0536357
  0.330901 0.00743622
-0.618904  0.107181
 -0.50112 -0.319803
 0.318695 -0.118528
-0.815094  -0.03474
 0.345728 -0.178289
-0.513619 -0.406963
  -0.50008 -0.0718533
  0.341524 -0.0406393
-0.533916 0.0619761
 -0.497933 -0.0887826
-0.691105 -0.104604
-0.557988 -0.325227
 -0.509958 -0.0753567
-0.586038 -0.122325
 -0.680405 -0.0645753
-0.702861 -0.041566
-0.670465 -0.152363
 0.371608 -0.027236
-0.431278  -0.53051
 0.317543 -0.104853
   0.34071 -0.0535905
-0.702402 -0.104243
  0.513687 -0.0334517
-0.580297 0.0146464
-0.539386 0.0340394
  0.327781 -0.0205909
 -0.758723 -0.0415208
 0.316706 0.0152567
  0.491898 -0.0369099
-0.497956 -0.501398
  -0.51927 -0.0563706
  0.317995 -0.0439393
 -0.757568 -0.0627445
 0.318401 -0.130236
 -0.508624 -0.0749273
   0.331217 -0.00965127
 -0.575392 -0.0487762
-0.520965   0.03639
-0.506499 -0.074204
  0.346903 -0.0266031
-0.522773    0.1063
-0.495402 -0.502858
-0.553219 0.0728027
   0.34679 -0.0652986
 -0.757154 -0.0623377
-0.544607   0.05237
-0.577562 -0.135751
 -0.498498 -0.0563706
 -0.499583 -0.0855279
-0.582218 0.0906812
-0.672183 -0.115883
 0.325001 -0.133423
-0.444953 -0.525137
 0.326041 -0.108786
 -0.47124 -0.513606
 -0.490497 -0.0569583
-0.525553 0.0682143
 0.331579 0.0129512
  0.392357 -0.0318695
-0.626202 -0.277762
  0.373642 -0.0291346
-0.423887 -0.533135
-0.527994  -0.34658
 -0.568362 -0.0920826
-0.555276 -0.127682
-0.620925 -0.232195
-0.518773 0.0500645
-0.507155 -0.084669
-0.549444 -0.138079
 0.319057 -0.125738
-0.492373 -0.503667
 -0.504465 -0.0697061
-0.672944 -0.118008
 0.322289 -0.106074
  0.392628 -0.0327058
 0.0723054 -0.0512851
 -0.677616 -0.0779334
   0.329296 -0.00700678
  0.516693 -0.0377462
-0.524875 0.0666322
  -0.5567 -0.306829
  0.321069 0.00400064
 0.319441 -0.132315
-0.563978 -0.139638
  0.360939 -0.0264449
-0.618743  0.109871
  0.323238 -0.0281853
 -0.66888 -0.116245
 -0.52422 0.0632418
-0.499854 -0.143526
-0.681248 -0.116606
 -0.62981 -0.125896
-0.544472 -0.185973
  0.527881 -0.0363674
  0.504262 -0.0494091
 -0.500397 -0.0826347
 0.317407 -0.010578
-0.630666 -0.274801
 -0.501007 -0.0727801
-0.514275 -0.125286
 -0.51866 0.0421989
   0.315147 -0.00569583
  0.324075 -0.0945011
  0.320006 0.00379722
  0.498046 -0.0333613
-0.590603 -0.287843
  0.318514 -0.0230546
-0.668143 -0.115973
 0.345118 -0.157087
-0.483897 -0.349193
-0.546302 -0.138486
-0.557423 0.0727122
  0.388424 -0.0238908
  0.322063 -0.0478947
-0.661953 -0.109826
-0.560497 -0.140136
   0.3203 -0.129716
  -0.68062 -0.0945689
-0.550213 -0.133423
  0.345321 -0.0252922
  0.325792 -0.0732547
-0.696069 -0.115069
 0.368195 -0.154013
    0.3599 -0.0318469
  0.37319 0.0177656
  0.548111 -0.0308976
-0.501143 -0.077617
 0.387949 -0.030423
  0.541059 -0.0622699
-0.667074 0.0545172
 0.323577 -0.045431
-0.532628 0.0338811
-0.541036 0.0520988
   0.45709 0.00861155
 -0.608224 0.00824991
 -0.663609 -0.0895285
 0.379903 0.0161834
  0.524988 -0.0380626
-0.608125 -0.121986
  0.315237 -0.0211785
 0.234772 -0.217843
-0.679336 -0.113736
