 0.562147 0.0638521
  0.563051 -0.0584049
 0.458062 -0.130349
   0.56226 -0.0464933
 0.561514 0.0547207
 0.570306 0.0873813
  0.567255 -0.0457475
 -0.55358 -0.326154
 0.576612 0.0869744
  0.560813 -0.0586761
  0.563096 -0.0477591
0.565944 0.102864
-0.455124 -0.348603
 -0.768532 -0.0791992
 0.564452 0.0526186
-0.455463 -0.348619
  0.588592 -0.0991572
  0.554236 -0.0623829
  0.556135 -0.0680109
0.590716 -0.10205
0.605476 -0.16875
-0.617749 -0.287911
  0.559547 -0.0532289
 0.171463 0.0820471
   0.60308 0.00601227
  0.487513 -0.0767581
  0.554394 -0.0642589
 0.607849 -0.136429
 0.562531 0.0483467
  0.613319 -0.0521214
  -0.482044 -0.00836293
  0.600774 -0.0541556
  0.589112 -0.0876751
  0.589021 -0.0444139
-0.543884 -0.326041
  0.595327 -0.0458831
  0.588366 -0.0770067
  0.591892 -0.0993154
0.564701 0.048392
 0.781052 -0.025699
 0.532063 -0.118143
  0.558824 -0.0483467
  0.600006 -0.0583823
-0.385621 -0.447717
  0.587145 -0.0579754
-0.270439 -0.057885
 -0.329951 -0.0629254
  0.595124 -0.0920826
  0.590196 -0.0170197
  0.590151 -0.0626993
  0.450739 -0.0265579
-0.719458 -0.133536
 -0.272564 -0.0584953
 0.608844 -0.141627
 0.604255 -0.170287
  0.404246 -0.0120245
  0.703073 -0.0862285
  0.588614 0.00614788
-0.631783 -0.342975
  0.562983 -0.0632192
 -0.558982 -0.0593768
   0.589812 -0.00456571
 0.583981 0.0362092
 0.582579 0.0459283
 0.562531 0.0485954
-0.573561 -0.315214
 0.582964 0.0398482
  0.597452 -0.0958572
  0.573742 -0.0990442
 -0.423503 -0.0974846
-0.685699 -0.238569
-0.653956 -0.122777
  0.558101 -0.0593994
   0.60308 -0.0223087
  0.51762 0.0661349
  0.559118 -0.0602583
  0.559028 -0.0448434
  0.634023 -0.0278915
-0.647478 -0.122958
 0.612663 -0.119138
  0.587168 0.00221505
  0.563141 -0.0676493
 0.460594 -0.135818
  0.597678 -0.0970551
 0.563186 0.0613658
   0.599237 -0.00036164
0.532176 0.131434
-0.480981  -0.31578
  0.588795 -0.0960832
 -0.779477 -0.0413174
 0.608505 -0.139299
-0.590988 -0.363866
  0.565695 -0.0582918
  0.608188 -0.0363222
 0.570125 0.0682369
  0.564362 -0.0746335
 0.503923 -0.127704
-0.544856 -0.321724
 0.556225 -0.062835
 0.455124 -0.131298
  0.219561 -0.0861381
 -0.640736 -0.0530933
-0.717844 -0.132677
 0.63834 -0.02536
-0.532764 -0.482769
  0.588207 -0.0853696
  0.606131 -0.0460413
-0.195986 -0.157833
  0.765954 -0.0239134
 -0.561921 0.00103972
 0.567413 0.0417468
  0.596819 -0.0216532
 -0.197229 -0.0609589
  0.588886 0.00549241
  0.751171 -0.0267614
-0.446219 -0.520689
  0.548382 -0.0463125
  0.588999 -0.0392605
-0.195964 -0.103678
 0.588682 -0.104717
  0.557649 -0.0626089
  0.599237 -0.0130642
  0.520355 -0.0425153
 0.584478 0.0422441
  0.559683 -0.0615014
  0.612392 -0.0257669
0.575347 0.107882
 -0.49009 -0.502761
 0.513145 0.0852114
  0.612098 -0.0546981
-0.195195 -0.103045
 0.560271 0.0603035
-0.273151 -0.165021
  0.567617 -0.0439393
 0.564769 -0.070791
-0.503041 0.0742944
 0.417446 -0.148724
 0.594378 -0.106932
-0.483874 -0.505229
  0.594536 -0.0882628
 -0.59804 -0.448122
  0.574307 -0.0429221
 0.577381 0.0722828
   0.60039 0.00345818
  0.659112 -0.0279593
-0.729245 -0.222838
  0.641007 -0.0267162
-0.486858 -0.503502
-0.509822 -0.343829
  0.487762 -0.0923764
0.502408 -0.12628
0.0635808 -0.324775
 0.585179 0.0544042
  0.558259 -0.0715821
 0.511043 -0.135186
 0.588976 -0.101508
-0.527588 -0.485262
  0.561537 -0.0568453
0.401353 -0.15329
   0.59153 -0.0863868
  0.659451 -0.0289764
  0.631582 -0.0348305
0.0326606 -0.111724
0.597678 -0.01103
   0.76783 -0.0264223
 0.577426 0.0715821
  -0.5442 -0.302015
   0.591553 -0.00302874
0.589812  -0.1063
 0.401262 -0.153539
  0.626089 -0.0251566
0.505301 0.137378
  0.592909 -0.0274394
 0.419389 -0.146961
 0.578579 0.0676719
 0.560565 -0.126009
 0.440523 -0.148973
 0.352961 -0.157517
-0.519134 -0.182651
  0.774678 -0.0253826
  0.758472 -0.0343784
   0.56452 -0.0684178
  0.58884 -0.014217
-0.731975 -0.221369
  0.565221 -0.0595576
 0.545511 -0.112877
 0.585834 0.0470132
 0.587507 -0.010578
   0.59379 -0.0768711
   0.590875 -0.00287052
  0.754697 -0.0244785
-0.747722 -0.210226
  0.590061 -0.0231224
 0.428882 -0.145605
 0.609454 -0.123749
-0.462764 -0.345649
 0.517303 -0.134236
 0.507426 0.0858895
0.658433 -0.02206
  0.592253 -0.0423119
 0.321611 -0.145628
 0.405941 -0.152861
 0.589993 -0.104582
-0.197162 -0.135864
 0.511223 -0.130484
  0.610968 -0.0248628
 0.595033 -0.061863
 0.506906 -0.142125
 0.635221 -0.117171
 0.625389 -0.028999
   0.64329 0.00682596
   0.78885 -0.0210429
  0.564181 -0.0637164
 0.654975 -0.026897
 0.782883 -0.039577
 0.298669 0.0885792
  0.593542 -0.0404359
  0.57399 0.0412948
 0.564339 0.0601905
  0.716183 0.00169519
 0.243813 0.0210655
-0.303167 -0.121556
 0.746764 0.0106232
  0.772802 -0.0262641
 0.393238 -0.142916
  0.587394 -0.0222409
0.136723 -0.22164
-0.057433 -0.169202
