-0.0921052 -0.0500871
  0.105373 -0.0477139
 -0.548585 -0.0748369
 0.413581 -0.364904
-0.0598288   -0.36947
-0.632357 -0.106819
-0.632264 -0.106865
0.0543364 -0.423946
   0.14287 -0.0982305
-0.609605 0.0116403
-0.465227  0.377462
 0.294646 -0.365867
 0.439573 -0.336958
-0.0984339  -0.134078
-0.663146 0.0139457
 -0.626525 -0.0799224
  -0.609759 -0.00131095
 0.209593 -0.378501
  0.476822 -0.0619761
0.127546 -0.37486
0.323216 0.135412
  0.326335 -0.0548563
 0.395973 -0.367058
-0.376625 -0.200123
  -0.641323 -0.00565063
   0.391204 -0.00325476
0.822595 0.105237
-0.746156 -0.117397
 -0.484462 -0.0765547
-0.164298 -0.381139
0.448298 0.128021
-0.434827  0.389034
  0.476596 -0.0402551
 0.289809 -0.366979
 0.437675 -0.502917
-0.439031  0.372195
  -0.55948 -0.0755602
-0.106842 -0.386532
-0.625454 -0.158624
 0.164026 -0.153561
-0.405285 -0.101576
 0.448275 -0.325069
-0.436906  0.386932
-0.103949 -0.388641
  0.518411 -0.0818663
  -0.48349 -0.0208169
  -0.56235 -0.0800355
 0.139638 -0.105734
0.303868 -0.35462
 0.109351 -0.391575
 0.388605 -0.364578
-0.437132  0.386706
-0.527972 -0.068576
0.0872683 -0.159506
-0.101259 -0.421225
 0.244175 -0.392917
 -0.815177 -0.0463803
 0.417039 -0.341931
0.0101259 -0.378911
0.421356  -0.3619
 -0.536629 -0.0168841
-0.398369 -0.145764
0.344711  -0.4635
 -0.273581 -0.0851662
 0.394323 -0.347852
-0.630006 -0.107882
-0.243542 -0.154985
0.304049 -0.35452
 -0.534323 -0.0684404
 -0.537261 -0.0676719
  0.39256 -0.543223
 -0.642286 -0.0904326
 -0.534933 -0.0678979
-0.527994 -0.120245
-0.238863 -0.169564
-0.671355 -0.104401
 0.457113 -0.205366
 0.207423 -0.374424
-0.472776 -0.129196
  0.508036 -0.0888956
 -0.554891 -0.0801711
-0.321046 -0.162467
 0.391159 -0.372955
  0.329657 -0.0530933
-0.696356 -0.139955
 -0.779976 -0.0475557
 0.150894 -0.500189
-0.413196 -0.104876
0.0817758  -0.22268
 0.443099 -0.503507
0.0658637 -0.408886
 0.473251 -0.359784
-0.463125 -0.131275
 0.178492 -0.126393
-0.115838 -0.170061
 0.494068 -0.134779
-0.422079 -0.104921
 0.143481 -0.161043
 -0.557016 -0.0240943
 0.410936 -0.155573
  -0.62834 -0.0758992
-0.417287  -0.14669
-0.575075 0.0684404
-0.446897 -0.151256
 0.182696 -0.111995
  -0.6172 -0.106865
 -0.554168 -0.0790635
 0.408902 -0.538323
 0.300613 -0.123952
 0.219945 0.0017856
 0.703616 0.0615692
 0.536787 -0.134033
-0.235925 -0.123816
 -0.36225 -0.203626
 0.178221 -0.116652
 0.178198 -0.115838
  0.34184 -0.105147
-0.0954956  -0.419168
 0.194133 -0.166761
-0.503222   -0.1367
-0.185295 -0.319893
-0.637632 -0.156138
0.0140588 -0.360383
  0.485411 -0.0968517
-0.260788 -0.153652
 0.445427 -0.548577
-0.517439  0.034288
 -0.817849 -0.0381304
-0.451372 -0.145628
-0.543364 -0.120856
 -0.721499 -0.0923086
-0.488847 -0.145176
 0.411479 -0.153855
-0.18629 -0.32186
  0.489954 -0.0888504
0.226613 -0.15763
 0.443438 0.0209525
-0.531498  -0.17596
-0.509031 0.0935517
 0.395634 -0.154375
 0.363719 -0.107678
 0.394052 -0.379354
 -0.538731 -0.0189635
-0.187375 -0.324188
 0.430894 -0.365272
 -0.539793 -0.0171779
-0.598763  -0.12081
-0.104311 -0.420877
-0.447439 -0.149516
  -0.33515 0.00517597
-0.470132 -0.124947
-0.360193  -0.13783
 -0.541104 -0.0163642
 0.377078 -0.107837
 0.176028 -0.415671
-0.781158 -0.183103
-0.265421  -0.20114
-0.358589 -0.155483
  0.499673 -0.0947271
-0.0757184 -0.0669034
-0.495741 -0.141605
-0.199716 -0.161992
 0.247588 0.0209525
-0.479783 -0.141356
 0.176028 -0.415624
 0.251747 -0.161495
 0.19619 -0.11681
 -0.18864 -0.158489
 -0.172276 -0.0487762
 -0.811131 -0.0692541
 0.325702 -0.152363
-0.502906 -0.135796
 -0.556338 -0.0432386
-0.110865 -0.419595
 0.369054 -0.359495
 0.193952 -0.113442
 -0.564927 -0.0777978
-0.439257  0.386322
 0.362115 -0.158489
-0.50008 -0.14287
 0.175373 -0.495625
 0.369415 -0.156161
  0.39803 0.0432612
-0.358001 -0.147707
-0.171395 -0.166174
-0.236196 -0.112538
0.297245 0.134101
-0.235021 -0.480993
 -0.818083 0.00980949
 0.265512 -0.155234
 0.273174 -0.398844
-0.302421 -0.159687
 -0.418485 -0.0975072
 0.184979 -0.107158
0.00307394  -0.175644
0.0124314 -0.364558
 0.281966 0.0901162
  0.308728 -0.0998578
 0.304908 -0.166015
  0.15989 -0.419722
 -0.689641 -0.0734581
-0.455644 -0.131999
-0.236241 -0.113623
 0.176639 -0.112086
 0.310536 -0.102186
-0.236806 -0.168095
-0.331262 -0.145605
 -0.533871 -0.0520536
 0.206225 -0.412959
  -0.40793 -0.0984791
-0.221211 -0.107204
 0.412563 -0.153742
-0.0674685  -0.110391
 0.454175 -0.111611
-0.578534 0.0677849
 -0.535657 -0.0389441
-0.0373167  -0.165496
-0.471782 -0.187284
-0.0224443 0.00659993
-0.596955 0.0935517
-0.314514 -0.213413
-0.539183 -0.131208
-0.276022 -0.165835
 0.363245 -0.109034
-0.470516   0.37276
   0.308682 -0.00311915
-0.235269 -0.116968
 -0.52587 -0.119115
-0.549987 -0.169338
-0.553987 -0.125738
-0.136655  -0.17153
-0.443732 -0.145085
 -0.541963 -0.0134711
 0.285944 -0.400591
0.212735 -0.41222
-0.0705876  -0.213526
  0.44041 0.0849854
-0.197162 -0.135864
-0.501889 -0.134892
 0.362906 -0.120087
-0.232987 -0.109487
 0.419276 -0.444939
  0.420316 -0.0237552
-0.524649 0.0347852
 0.225641 -0.171033
-0.502363 -0.135389
    0.474766 -0.000610268
-0.538911 0.0311915
-0.521123 0.0389667
-0.160026   -0.1631
  0.515947 -0.0997448
-0.615778 -0.118053
-0.277875 -0.149244
-0.688651 0.0389215
-0.477071 -0.139254
 0.266777 -0.214701
-0.0303326   -0.17813
  0.15876 -0.173384
-0.581992 -0.169135
  0.410574 -0.0692541
