  0.765547 -0.0150081
  0.771446 -0.0145108
  0.479309 -0.0642589
 0.410913 -0.350728
 0.126687 -0.347889
 -0.665248 -0.0885114
-0.581585 -0.100219
 0.048618 -0.403351
  0.730626 -0.0473522
 0.553987 0.0319373
-0.490519  0.358792
 0.556519 -0.291143
  0.55514 -0.292386
    0.4035 -0.0998352
-0.450965 0.0304004
 -0.575188 -0.0711979
-0.427165 0.0134259
 0.600526 -0.277672
  0.802163 -0.0268518
 0.121624 -0.356317
-0.418937  0.125534
  0.802027 -0.0188053
 0.388627 -0.353849
 0.492441 -0.171643
-0.0815498  0.0104198
  0.521123 0.00788827
-0.226658  0.232218
-0.0942524  -0.195082
-0.0857087 -0.0699321
 0.501798 -0.305721
0.611375  0.12628
-0.456096    0.3665
   0.80205 -0.0149177
 0.552654 -0.292183
  0.43824 -0.491213
-0.460842  0.349887
 -0.273603 -0.0763965
-0.111182 -0.363473
 0.592095 -0.158195
  0.774701 -0.0719664
  0.500939 -0.0741136
  0.56226 -0.281627
-0.45804 0.364646
-0.108899 -0.365742
  0.517236 -0.0696835
   0.317746 -0.00589925
 -0.674705 -0.0565289
  0.771401 -0.0459283
 0.562554 -0.281152
 0.28061 -0.35431
 0.511382 -0.318831
-0.458288  0.364578
  0.493955 -0.0567097
  0.813057 -0.0653212
0.0826347  -0.40246
 0.392944 -0.350375
 -0.476189 -0.0724636
 0.413942 -0.326945
0.00384243  -0.358964
 0.418802 -0.348119
   0.483264 -0.00262189
0.612234 -0.10587
 0.184775 -0.469892
-0.0827704 -0.0667226
 0.514456 -0.304184
 -0.662683 -0.0897997
    0.6802 -0.0940942
 0.446196 -0.311892
  0.486248 -0.0576364
  0.482609 -0.0572295
 0.530481 -0.483874
 -0.673584 -0.0729609
  0.484959 -0.0569583
 -0.21938 -0.127659
 0.629977 -0.111724
 0.235111 -0.139367
 0.569922 -0.174107
 0.202428 -0.355745
 0.558237 -0.106955
  0.504239 -0.0752889
-0.269241 -0.080917
 0.357323 -0.141695
 0.513099 -0.326335
  0.804333 -0.0181272
 0.111408 -0.209051
 -0.672757 -0.0516015
 0.317543 -0.454118
 -0.236716 -0.0935065
 0.270462 -0.195557
 0.441856 -0.497239
0.0606425 -0.389972
  0.32959 -0.379331
 0.565266 -0.106277
 0.172751 -0.109645
  0.720749 -0.0918792
 0.666435 -0.097575
-0.0548789 -0.0971455
  0.782634 -0.0738876
   0.518908 -0.00985469
0.642634 -0.11134
  -0.66233 -0.0589699
 0.602786 -0.110594
  0.42443 0.0966935
 0.580116 -0.120268
-0.0350565 -0.0953373
 -0.21886 -0.127229
 -0.668412 -0.0558056
 0.454762 -0.513992
 0.101327 -0.111543
 0.646296 0.0101033
0.0983209  0.117036
 0.617116 -0.110978
 -0.23658 -0.105418
 0.515134 -0.168886
-0.0394188 -0.0999709
-0.0397126  -0.099112
 -0.663743 -0.0613884
0.0894381 -0.399703
 0.585201 -0.114527
 0.533555 -0.119861
 -0.19072 -0.297245
 0.109984 -0.209909
-0.180278 -0.326493
  0.481682 -0.0836293
 0.673328 -0.093936
 0.511449 -0.515077
 0.309835 0.0638747
 -0.672531 -0.0452954
 0.564362 -0.118098
-0.577878 -0.100694
0.0317339  -0.14113
 0.545557 -0.124856
 0.569312 -0.120562
-0.190697 -0.298082
  0.488711 -0.0745883
-0.146419 -0.140249
  0.45474 0.0324346
 0.468414 -0.173994
0.552134 0.111995
  0.700836 -0.0978688
  0.173113 -0.0994736
 0.386571 -0.365652
   0.480936 -0.00485954
-0.190697 -0.300523
  0.42886 -0.351189
   0.479625 -0.00293833
-0.181498 -0.143345
0.0799902 -0.402593
 0.414372 -0.137966
 0.761478 0.0164546
   0.62896 -0.0951339
  0.628915 -0.0944106
   0.478178 -0.00219244
  -0.43763 -0.0860025
 0.308343 -0.379946
-0.826726  -0.12732
 0.512851 -0.158444
 0.598944 -0.112131
  0.351808 -0.0912463
  0.725789 -0.0270552
 0.410032 -0.136903
  0.666412 -0.0972134
-0.106277 0.0368873
 0.556813 -0.118414
 0.303506 -0.380619
  0.790658 -0.0749725
-0.0207717  -0.101621
 0.327714 -0.134055
  0.722399 -0.0172005
-0.0244333  -0.136429
0.0369777 -0.151414
 0.533532 -0.119002
 -0.271569 -0.0347626
0.0760574 -0.401694
 0.364872 -0.344688
-0.0229189 -0.0973038
   0.10639 -0.0825443
-0.460662  0.364646
0.404562 -0.13835
0.533826 -0.12576
 0.170626 -0.474302
 0.299913 -0.144068
 0.399025 0.0621569
0.635108 -0.10153
  0.712928 -0.0917435
 -0.236965 -0.0944106
0.788511  0.08876
 0.185725 -0.466986
 0.247452 0.0305812
 0.229596 -0.148973
 0.543726 -0.319712
 0.586806 -0.114346
-0.0270326 -0.0879011
   0.17856 -0.0886922
 0.616054 -0.111204
0.00648692  -0.343221
 0.460978 0.0926476
  0.461543 -0.0749047
 0.629864 -0.112312
-0.032977 -0.403798
  -0.65993 -0.0643267
 0.565017 -0.105802
 -0.236806 -0.0954504
-0.0409105 -0.0953599
  0.462786 -0.0774136
 0.681488 -0.101711
 0.661982 -0.093823
  0.487152 -0.0399612
 0.204394 -0.393887
  0.357865 -0.0810978
 -0.444591 -0.0764869
 0.404246 -0.139706
  0.476529 -0.0750629
  0.449654 -0.0978462
 0.453564 0.0944785
  0.486293 -0.0261285
  0.787494 -0.0736389
  0.54793 -0.162399
 0.546641 0.0147594
 0.40958 0.130258
-0.299348 -0.195805
 0.493051 -0.124427
0.644872 -0.10856
    0.173 -0.100785
-0.495944  0.354226
 0.312525 0.0114369
-0.0389215  -0.102231
-0.217165 -0.126755
0.309745 -0.18898
  0.47524 -0.123003
-0.0963319  -0.151324
  0.58884 -0.113284
  0.476981 0.00103972
-0.0936648  -0.398862
 0.318379 -0.378404
 0.424588 -0.172299
 0.432205 0.0962188
-0.198834 -0.117081
 0.534301 -0.117985
 0.173067 -0.113758
 -0.035825 -0.0950887
 0.42009 -0.43056
  0.227878 -0.0120923
 0.496645 0.0516693
 0.350452 -0.145063
 0.534142 -0.118482
 0.317249 0.0116403
 0.477229 0.0492735
 0.508805 0.0556474
 0.640351 -0.100468
 0.370591 -0.101327
 0.375699 -0.134756
  0.665259 -0.0930771
 0.163122 0.0792896
 0.557265 -0.115793
 0.440048 -0.180888
 0.393871 -0.141559
0.641323 -0.11143
-0.174604 -0.203852
  0.393035 -0.0554665
