  -0.51719 -0.0142622
-0.519903 -0.014217
-0.0203196  -0.136994
0.189409 -0.13401
 0.169135 -0.189974
-0.688427 -0.239677
 -0.581811 0.00730061
 0.153652 -0.135163
 -0.625868 -0.0133355
 0.760868 -0.196958
 -0.644953 -0.0450016
 0.619376 -0.410179
 0.141333 -0.191104
 0.180933 -0.470684
-0.688506 -0.243565
  -0.51823 -0.0142848
 0.722218 -0.216713
 -0.718061 -0.0238908
-0.398324 -0.343373
 0.252312 -0.136994
-0.743469 -0.199399
-0.562599 -0.103022
 0.219764 -0.152589
    0.424 -0.423745
  -0.612688 -0.00773006
 -0.665248 -0.0885114
  0.128925 -0.0827025
 0.275027 -0.450696
 -0.705028 -0.0324798
  -0.42886 -0.0107814
 0.245689 0.0138327
-0.582647 0.0215854
 0.689241 -0.267139
 0.698033 -0.244175
 -0.802891 -0.0963545
0.773864 -0.21877
   0.2298 0.0382886
-0.489299 -0.162241
 0.682211 -0.267342
   0.246254 -0.00949305
-0.625856 -0.135073
-0.798038 -0.097462
0.783199 -0.20071
-0.542189 -0.161789
 0.419141 -0.420153
 0.777978 -0.213187
 0.773571 -0.218815
-0.578873 -0.139231
-0.546913  -0.14886
 0.711165 -0.221007
 0.774023 -0.211627
  0.756234 -0.0354633
 0.726557 -0.238456
  0.63504 -0.291572
 0.243926 -0.206429
0.00535679  -0.208508
 0.611352 -0.293154
  0.67534 -0.257307
 -0.47628 -0.181453
-0.703042 -0.197749
 0.682528 -0.264042
-0.501346 -0.388539
 0.417084 -0.428964
0.760597 -0.22042
 0.650703 -0.335896
  0.77956 -0.186719
 0.309338 -0.199919
 0.703073 -0.248628
-0.768727 -0.102796
0.0540878 -0.197184
 -0.739613 -0.0403455
 0.445744 -0.312412
  0.77617 -0.219086
-0.587755 0.0739328
-0.42504 0.152363
0.561424 -0.38436
 0.307462 -0.202451
 -0.49825 -0.124743
 0.185838 -0.134485
-0.685206 -0.238976
-0.518682    0.3672
 0.323306 -0.449216
 0.798592 -0.193862
0.0685082 -0.171869
-0.586173 0.0218792
 -0.48227 -0.148611
 0.469341 0.0135615
-0.248311 -0.130032
 0.701243 -0.228443
 0.518908 -0.453743
-0.396719 -0.175802
 0.798298 -0.197591
-0.472483  0.360668
 0.519496 -0.453031
 0.484304 -0.526564
 0.730581 -0.247949
 0.817555 -0.166241
 -0.587462 -0.0198224
 0.164207 -0.549217
 0.607894 -0.287617
 0.731892 -0.245983
 0.542686 -0.451521
 -0.513845 -0.0124992
 -0.27462 -0.030875
 0.158828 -0.135321
 0.261421 -0.535543
-0.520355  0.363765
 0.629615 -0.267885
-0.584704 0.0118437
 -0.677542 -0.0726218
-0.601679 -0.081369
-0.734733 -0.112967
-0.247497 -0.129128
-0.458288  0.364578
0.311078 -0.19741
 -0.599803 -0.0126574
-0.0292928  -0.139457
 0.585427 -0.480012
 0.211017 -0.085234
-0.501821 0.0271682
-0.393397  0.160342
  0.17969 -0.476881
-0.101937  0.170378
 0.812311 -0.179147
 -0.659401 -0.0990442
 0.694123 -0.241463
 0.378072 -0.193297
 0.679047 -0.258799
  0.387497 -0.0146012
0.783787  -0.1968
-0.670609 -0.283887
-0.0486632  -0.140203
-0.462379 -0.126777
 -0.579596 -0.0688924
-0.466335  0.355334
 -0.460436 -0.0746561
  0.698056 -0.0943202
 0.720003 -0.127704
 -0.644081 -0.0573651
 0.111408 -0.209051
 -0.77247 -0.106232
-0.471827  0.351288
0.618382 -0.44012
0.567029 -0.46794
0.527407 -0.48688
 0.463849 -0.418777
-0.696779  -0.19576
  0.68741 -0.398346
 -0.69424 -0.237778
 0.570238 -0.464825
-0.687964 -0.249125
 0.697106 -0.256584
 0.463419 -0.418352
0.545263 -0.31596
-0.447665 -0.023484
 0.675385 -0.405475
 -0.784366 -0.0799902
  0.520649 -0.0102615
-0.713832 -0.190878
-0.786678 -0.158828
 0.252741 -0.148431
 0.715527 -0.365272
-0.46369  0.35495
0.00574104 -0.0163868
 0.605137 -0.446598
 -0.558869 -0.0539522
0.375586 -0.18864
 0.441856 -0.497239
  0.71173 -0.334472
-0.157381  -0.14122
  0.317384 -0.0845107
0.144814 -0.14174
0.588275 -0.45561
  0.52266 -0.487387
 0.665598 -0.411641
 0.780713 -0.197953
 0.675792 -0.427847
 0.416474 -0.433597
0.00431708  0.0342202
 0.651065 -0.420436
  -0.53916 -0.0609589
  0.517484 -0.0697965
-0.459712 -0.128925
-0.0691184  -0.356613
-0.521688     0.354
-0.395386 -0.324459
-0.355583 -0.512489
 0.665802 -0.411128
-0.0431256 -0.0950887
  -0.74183 -0.0230998
-0.694799 -0.198992
 0.802321 -0.184888
-0.671721 -0.280474
 0.531882 -0.505948
-0.694591 -0.238072
 0.339987 -0.442792
-0.703209 -0.195195
-0.176277 -0.149877
 0.745837 -0.243542
-0.323736 -0.182741
 0.721155 -0.374774
 -0.68967 -0.200439
 0.638046 -0.286916
-0.0350565 -0.0953373
 0.645482 0.0268292
-0.481252 -0.136496
  -0.77178 -0.0505618
 0.496374 -0.309677
-0.492893 -0.515662
0.00433968  0.0156861
 0.811814 -0.239473
 0.587733 -0.471138
  0.74925 -0.244695
 0.662276 -0.280655
 0.722783 -0.372525
-0.443325  0.195308
 0.671249 -0.371958
 0.504488 -0.521523
 -0.697149 -0.0188279
0.568227 -0.38156
-0.751556 -0.175667
  0.78112 -0.205886
-0.590264  -0.10318
-0.748278 -0.117759
 0.741972 -0.357743
 0.350452 -0.145063
 0.699841 -0.255792
 0.416428 -0.423598
 0.299415 -0.199286
 0.376422 -0.129354
 -0.494588 0.00962867
-0.0394188 -0.0999709
-0.443416 -0.227178
-0.378479 -0.137536
-0.387497 -0.165631
-0.734782 -0.122099
-0.809947  -0.14764
 0.669802 -0.444761
 0.295324 -0.455445
 -0.037701 -0.0950661
-0.494475 -0.119974
0.641323 -0.11143
 -0.522118 -0.0463351
 -0.770836 -0.0826799
 0.494407 -0.300952
-0.610028 -0.148024
-0.711179 -0.324843
 0.621704 -0.151934
-0.70671 -0.13514
-0.410077  0.106209
-0.579392  -0.12454
 0.785098 -0.210429
-0.208327 -0.131479
 0.718285 -0.375825
 0.672741 -0.241756
  0.57164 -0.162806
-0.703507 -0.194766
 0.568091 -0.316232
0.243791 -0.14452
0.0975976 -0.155709
-0.645143 -0.411698
-0.505121  0.353548
 -0.538301 -0.0574104
 0.784601 -0.210271
 -0.54246 -0.113193
 -0.735422 -0.0639199
 -0.429402 0.00232806
0.0407523 0.0357572
 0.520897 0.0113917
 0.653416 -0.107113
-0.429561 -0.291595
 0.273852 -0.463957
 -0.537465 -0.0687568
  0.78182 -0.265173
 -0.776414 -0.0807587
-0.603103 -0.054585
-0.270009 -0.126506
 0.605385 -0.413266
-0.618852 -0.146057
 0.156771 -0.398084
-0.298647 -0.143413
-0.174604 -0.203852
-0.467488  0.358001
 0.559073 -0.103858
 -0.42183 -0.129377
0.296025 -0.33941
 0.752821 -0.349161
 -0.521824 -0.0447982
-0.647935 -0.244197
-0.584049 -0.113306
-0.251566 -0.383795
 0.558417 -0.384844
 0.601385 -0.475068
  0.61298 -0.272428
 -0.676945 -0.0932127
-0.302354 -0.133287
 0.747736 -0.231269
-0.312547 -0.143096
  0.59978 -0.470064
-0.745299 -0.114459
-0.640062  -0.13948
 -0.003639 0.00126574
 0.534142 -0.118482
 -0.736337 -0.0904552
 0.454355 -0.409781
-0.440319 -0.135864
