   0.518524 -0.00965127
   0.515721 -0.00969647
  0.676515 -0.0848272
  0.576771 -0.0995414
 0.660875 -0.125919
 -0.67242 -0.248944
0.409105  0.01433
  0.23475 -0.129173
  0.517123 -0.0099451
 0.783787 -0.179283
  0.656241 -0.0347626
0.667655 -0.37514
 0.664355 -0.125331
 0.251295 -0.465593
-0.672045 -0.253058
  0.350791 -0.0129738
 0.708611 -0.215673
-0.0225799 -0.0360284
0.274733 -0.36975
   0.78051 -0.0698417
0.0834032 -0.399549
 0.270959 -0.127116
  0.701649 -0.0939586
 0.361437 -0.442125
   0.528424 -0.00282531
 0.235202 -0.129083
 -0.207084 -0.0919244
 0.184866 -0.467478
  0.819725 -0.0107814
  0.658433 -0.0203649
   0.713877 -0.00499515
 0.407274 0.0314627
 0.728366 -0.238999
 0.685308 -0.241982
-0.461656 -0.177701
 0.794636 -0.198744
   0.713764 -0.00108492
 0.475715 -0.163642
 0.670752 -0.264427
  0.713855 -0.0201388
 0.313632 -0.180074
-0.440251 -0.179803
 0.734107 -0.219018
 0.295528 -0.196981
 0.491039 -0.398315
 0.798479 -0.193636
 0.794184 -0.198789
 0.547026 -0.144769
 0.289154 -0.179554
 0.744549 -0.198269
 0.794659 -0.192483
  0.629028 -0.0788827
 0.757048 -0.214385
 0.736118 -0.235382
  0.14052 -0.214927
 0.284588 -0.197501
 0.671204 -0.261059
 0.716251 -0.230432
 0.622541 -0.134553
-0.687995 -0.204756
 0.671068 -0.261172
-0.599644 -0.352868
 0.356215 -0.445507
0.784578 -0.19836
 0.740548 -0.276451
  0.79719 -0.169609
 0.260358 -0.202812
 0.738446 -0.222974
-0.448569 -0.171259
 0.662298 -0.128156
-0.0802163 -0.0687342
 0.384762 -0.326877
 0.796512 -0.198947
-0.654211 0.0462899
0.335421 0.152499
 0.402234 -0.436303
 0.260901 -0.202315
 0.186968 -0.149244
  0.26637 -0.127727
-0.668521 -0.248221
-0.597723  0.288521
 0.240039 -0.467359
 0.814685 -0.176706
  0.68793 -0.106119
 0.403816 0.0319825
 0.532379 -0.140701
  0.734423 -0.0195512
 0.238818 -0.130642
 0.736683 -0.205886
  0.47359 -0.472388
  0.59309 -0.144972
 0.814865 -0.180006
-0.573923  0.282757
 0.474065 -0.471974
 0.644849 -0.438932
 0.759421 -0.224239
 0.808491 -0.165835
  0.403387 -0.0191895
 0.228783 -0.544445
0.668153 -0.25629
 0.760597 -0.222137
 0.500871 -0.469144
   0.521982 -0.00793348
  0.292996 -0.0381982
  0.665418 -0.0867936
0.340122 -0.52137
-0.598944  0.285763
0.680787 -0.23823
 0.405444 0.0192573
  0.688698 -0.0674685
  0.532424 -0.0866128
-0.296816 -0.188075
 0.560452 -0.101802
-0.562621  0.285424
 0.647855 -0.141333
    0.68307 -0.00072328
0.262031 -0.13062
 0.644691 -0.439081
  0.731779 -0.0480077
 0.498317 0.0382434
 0.706938 0.0941168
 0.249984 -0.472202
-0.208621  0.127546
 0.802999 -0.177723
 0.437313 -0.127071
 0.681172 -0.238615
 0.580387 -0.159144
 0.668039 -0.256199
  0.477387 -0.0516015
 0.735757 -0.214814
-0.610833 -0.313564
 0.243745 -0.133016
 0.559909 -0.112515
  0.429199 -0.0780012
-0.569854  0.278282
  0.563752 -0.0644397
-0.0587439  -0.211559
  0.814165 -0.0947271
  0.291482 -0.0765095
 0.198699 -0.205185
-0.287459 -0.197591
 -0.5739 0.275185
 0.615737 -0.434034
 0.679974 -0.396039
 0.587077 -0.449851
 0.409625 -0.434628
-0.680566 -0.203219
  0.72111 -0.367917
-0.679275 -0.246842
 0.618721 -0.431599
-0.671028 -0.259884
 0.684178 -0.253713
  0.40897 -0.434314
0.686302 -0.25412
  0.228285 -0.0245915
 0.655992 -0.410412
-0.366364 -0.149719
  0.586354 -0.0427413
 -0.69973 -0.197501
-0.691279 -0.203219
 0.627491 -0.105621
 0.747306 -0.333455
-0.567978  0.277966
   0.21226 -0.0546981
  0.61863 -0.431651
  0.444343 -0.0570487
 0.190856 -0.203852
 0.504578 -0.472797
 0.743984 -0.306309
 0.351039 -0.129897
  0.712612 -0.0518953
  0.757139 -0.0750403
 0.632893 -0.423621
  0.61246 -0.435351
 0.658411 -0.408904
0.731349 -0.21617
  0.54854 -0.499985
 0.355515 -0.450271
 0.393939 0.0187827
 0.646228 -0.415845
   0.48236 -0.0606651
  0.825963 -0.0349661
  0.728004 -0.0809396
 0.202021 -0.353944
-0.599983  0.278124
 0.201546 -0.352997
-0.316955 -0.527615
 0.658592 -0.408377
  0.250865 -0.0877655
-0.0792218 -0.0139683
-0.678493 -0.206406
 0.818798 -0.167891
-0.612279 -0.309835
  0.49226 -0.522617
-0.679289 -0.247068
 0.256019 -0.462038
-0.648208 -0.217572
 0.563141 -0.114821
 0.773164 -0.217572
-0.447869 -0.173813
 0.710939 -0.374829
-0.672415 -0.208305
 0.688472 -0.255838
  0.257555 -0.0877203
   0.588207 -0.00230546
 0.395725 -0.145854
 -0.266687 -0.0911785
 0.660422 -0.248401
-0.582466  -0.48792
   0.39525 -0.0117081
 0.827794 -0.218634
  0.63226 -0.439384
 0.776599 -0.218792
 0.650387 -0.277694
0.712702 -0.37265
0.660626 0.123613
 0.471714 -0.470616
 0.644058 -0.442261
  0.128495 -0.0275751
 0.52865 -0.39424
-0.651293 -0.219968
 0.825375 -0.171779
 0.464052 -0.118053
-0.519405 -0.173565
 0.712883 -0.372222
-0.334766 -0.145854
0.736276  -0.2298
 0.488621 -0.401531
 0.463283 -0.176526
 0.583145 -0.103745
 0.531972 0.0143978
  0.254346 -0.0926476
0.231879 -0.25681
 0.592276 -0.111136
 0.323962 -0.173022
 -0.57503 -0.162828
-0.646413 -0.224375
0.602831 -0.47956
 0.211424 -0.472293
  0.254436 -0.0874943
 0.533374 -0.113984
0.0928059 -0.213729
   0.52144 -0.0428317
-0.271659 -0.153629
 0.558847 -0.281492
 0.345773 -0.189884
-0.501753 -0.469273
 0.680584 -0.132971
-0.528243 -0.177723
-0.215244  0.113442
 0.425153 -0.143978
 0.805011 -0.190856
 0.491943 -0.109351
 0.708091 -0.375902
 0.714262 -0.217662
  0.70183 -0.127478
-0.688165 -0.201592
 0.659541 -0.273219
  0.745317 -0.0736842
  0.749363 -0.0836745
-0.660563  -0.41863
-0.594491  0.277988
  0.481478 -0.0599192
 0.804513 -0.190833
 0.53299 -0.11256
-0.0732321  -0.112063
-0.0631288 -0.0228059
  0.140294 0.00311915
  0.587258 -0.0223313
 0.370523 -0.186697
-0.423209 -0.296771
 0.183691 -0.481921
  0.594062 -0.0608685
 0.825353 -0.222635
-0.298443 -0.150216
  0.388582 -0.0642137
 0.359448 -0.119251
 0.591078 -0.413422
 0.327601 -0.191737
 0.167711 -0.402135
 0.509935 -0.122393
 0.516309 -0.167213
-0.570645  0.280339
 0.286396 -0.144927
 0.493006 -0.120426
 0.197975 -0.353627
 0.751352 -0.344098
  0.512715 -0.0416564
 0.350791 -0.342552
 0.413852 -0.132925
 0.186719 -0.405475
   0.4002 -0.435767
 0.457746 -0.541032
 0.721946 -0.220103
 0.533216 -0.112809
  0.18959 -0.139231
0.773819 -0.20896
 0.497119 -0.125082
 0.642069 -0.438631
-0.515382 -0.167778
  0.55566 -0.156907
  0.443642 -0.0259477
  0.718149 -0.0849854
-0.298941  -0.15103
 0.399861 -0.426267
 0.433245 -0.135208
