0.0603261 -0.327804
 -0.36164 -0.291708
-0.466674 -0.195308
-0.707069 -0.376933
-0.188618 -0.374788
  0.17031 -0.148589
-0.790197 -0.309406
-0.783018 -0.194088
-0.795165 -0.233687
-0.202247 -0.315124
-0.770354 -0.189567
-0.731482 -0.277174
-0.795027 -0.212486
-0.771991 -0.198066
-0.796354 -0.303552
 -0.80815 -0.182447
-0.515066 -0.249147
-0.0274168  -0.330482
-0.766731 -0.254549
-0.823897 -0.166626
-0.812538 -0.165744
0.0223087 -0.415075
-0.799769 -0.171756
-0.786339 -0.186561
-0.801867 -0.181385
-0.803824  -0.29338
-0.809575  -0.28834
-0.764518  -0.20001
 -0.78783 -0.194042
-0.772346 -0.321814
-0.754535 -0.203739
-0.767129 -0.256132
  0.02371 -0.389161
0.0534323 -0.353544
-0.0244107  -0.352176
0.0315983 -0.422585
 -0.820374 -0.0687342
-0.027349 -0.324708
-0.794421 -0.186923
 0.530142 -0.389877
0.0294059 -0.417486
-0.773661 -0.198653
-0.035712 -0.333057
-0.817683 -0.167281
  -0.8115 -0.273445
-0.818203  -0.17309
-0.755075 -0.212486
 0.050494 -0.314333
-0.828489 -0.267297
-0.765944 -0.217504
0.338472 0.138599
0.0221731 -0.319373
-0.732307 -0.247407
  -0.7159 -0.330984
-0.190042 -0.386277
 -0.18238 -0.390974
0.0590603 -0.330638
-0.791289 -0.195308
0.0222635 -0.419229
-0.0151437  -0.331348
-0.0370907 -0.0227833
0.0596706 -0.321521
0.0328188 -0.314152
-0.564565 -0.145877
-0.755907 -0.260697
-0.485728 -0.328821
-0.768668 -0.210949
0.0188505 -0.401418
-0.803022 -0.260155
0.0275524  -0.42266
0.0170197  -0.42278
0.0150759 -0.420434
-0.798316 -0.170717
-0.741692 -0.176435
-0.764977 -0.189386
-0.755936 -0.261466
-0.811628 -0.292522
0.360939 0.138011
-0.794351 -0.308456
-0.491288 -0.352427
 -0.492328 -0.0516467
0.0171779 -0.418951
-0.201886 -0.385639
-0.727753 -0.371929
-0.032186 -0.323306
-0.00431708   -0.478723
0.0044753 -0.477304
-0.799708 -0.169677
-0.812669 -0.219855
 -0.492735 -0.0518501
0.0273038 -0.418526
-0.809969 -0.297065
 -0.806654 -0.0589699
 -0.811649 -0.0965353
-0.469816  -0.27948
-0.790061 -0.174356
-0.786938 -0.182357
-0.427526 -0.280113
-0.730036 -0.340477
-0.769595 -0.191873
-0.730104 -0.250255
 -0.816032 -0.0565289
-0.810542 -0.174491
-0.356532 -0.544977
-0.389599  -0.43612
-0.759559 -0.319328
-0.826002 0.0360058
0.0254052 -0.413413
-0.730456 -0.249396
 -0.78046 -0.108424
-0.805736 -0.297449
 -0.82166 -0.174582
-0.419548 -0.525031
-0.370093 -0.518761
-0.756598 -0.320255
-0.402302 -0.530673
-0.730429  -0.24926
0.0628123 -0.345929
0.0610041 -0.352651
-0.166829 -0.322108
0.0599644 -0.329624
0.577336 -0.38233
 -0.82174 -0.163167
-0.0155731  -0.337837
0.0224443 -0.411786
 -0.512783 -0.0767355
-0.199648 -0.402575
 -0.553942 -0.0689602
-0.0552857  -0.483962
-0.767909 -0.081482
-0.804468 -0.287752
-0.00553761   -0.326516
-0.196868 -0.389753
-0.399318 -0.532117
-0.435121  -0.51142
0.0505392 -0.337033
-0.194698 -0.386519
-0.734473 -0.275005
0.0478721 -0.477399
-0.784219 -0.102796
-0.806765 -0.286848
-0.407907 -0.523433
-0.769235 -0.193613
-0.753194 -0.210791
-0.801487   -0.1737
-0.574917  -0.16267
0.0225347 -0.412995
0.0606651 -0.425677
-0.766369 -0.229348
-0.0370907  -0.323193
-0.518456 -0.116652
-0.774755 -0.213639
-0.818495 -0.164637
-0.771482 -0.304682
-0.448705 -0.477742
-0.570329 -0.135299
0.0478721 -0.476158
0.0624959 -0.349392
-0.749336 -0.173384
-0.814851 -0.265715
-0.401737 -0.499646
0.0527542  -0.33838
-0.0210881   -0.42214
-0.794964 -0.209751
-0.00341298   -0.420716
-0.011256 -0.334103
0.0533193 -0.420524
-0.798809  -0.17908
-0.0108492  -0.335512
-0.817636 -0.221211
-0.767692 -0.228082
-0.615086 -0.347859
-0.494995 -0.172028
-0.794433 -0.310287
0.0185114 -0.328821
-0.766555 -0.260358
-0.0130642  -0.323261
-0.81031 -0.26619
-0.812239 -0.218092
-0.766869 -0.260697
0.0221278 -0.410027
-0.797437  -0.15103
0.0604165 -0.419853
 -0.77275 -0.189974
0.0688924 -0.329655
-0.810017 -0.166897
-0.645731 -0.331949
 -0.80955 -0.166919
-0.544856 -0.167937
0.0564158 -0.420364
-0.813283 -0.163981
-0.0604617  -0.346277
0.0343106 -0.324414
-0.523406 -0.201456
-0.471646 -0.286035
-0.787107 -0.175011
 -0.77732 -0.281627
-0.790803 -0.178673
-0.815808 -0.163687
0.00384243  -0.373224
-0.501097 -0.117239
0.010804 0.117533
0.0363448 -0.323193
0.0174039 -0.430795
-0.706954 -0.350357
-0.186584 -0.219041
-0.717946 -0.382195
-0.771444 -0.216419
0.0516015 -0.329533
-0.366816 -0.256629
-0.637524 -0.110436
0.0487762 -0.326064
 -0.658576 -0.0585857
-0.743426 -0.355506
-0.222522 -0.317339
 0.467623 -0.482568
-0.525666 -0.142464
-0.438443 -0.131434
-0.794711 -0.239496
-0.776109 -0.314604
 -0.539296 -0.0893929
-0.817804 -0.176413
-0.251566 -0.402503
-0.821124 0.0733451
-0.820471 -0.170355
-0.734025 -0.347543
-0.808374 -0.182832
0.0756506 -0.419652
-0.514817 -0.122867
-0.770316 -0.166422
-0.798248 -0.284611
-0.706346 -0.352149
 -0.46317 -0.128653
0.0256538 -0.417717
-0.0536131  -0.424482
0.000429448   -0.328799
-0.767579 -0.169428
-0.719544 -0.366457
-0.754655  -0.33399
0.0843525 -0.423252
-0.810072 -0.182651
0.0126348 -0.426808
-0.218182 -0.377814
-0.823669 -0.173723
  -0.0601 -0.495209
0.0401872 -0.329813
 -0.820685 -0.0648466
-0.817852 -0.193387
-0.794765 -0.240106
-0.820941 -0.283842
0.0190313 -0.417925
