 0.147979 -0.313384
 0.10648 -0.30771
 0.521575 -0.179396
-0.699665  -0.37038
 0.118256 -0.369576
-0.566328 -0.103226
-0.745256 -0.335982
-0.772956 -0.192415
-0.784946  -0.23163
 0.108989 -0.311191
-0.788438 -0.173045
-0.757706 -0.251001
-0.784526 -0.210655
-0.727159  -0.21443
-0.791759 -0.295121
-0.772248 -0.197026
 0.439506 -0.261217
0.0649822 -0.318627
-0.679829  -0.29824
-0.790231 -0.180097
-0.777008 -0.179712
 0.109012 -0.401325
-0.788938 -0.171327
-0.776154 -0.185341
-0.728607 -0.214972
-0.769758 -0.311824
-0.776168 -0.306264
-0.755077 -0.198653
-0.777953 -0.192958
-0.713719 -0.356563
-0.745433 -0.202044
  -0.7579 -0.252719
 0.111069 -0.375181
 0.141017 -0.336653
0.0659993 -0.339198
 0.119251 -0.407582
-0.507539 -0.124517
0.0650274 -0.313225
-0.755102 -0.202609
 0.801123 -0.240558
0.116968 -0.40329
-0.728926 -0.215108
0.0571391 -0.320051
-0.611766 -0.261262
-0.778713 -0.289764
-0.784036 -0.186584
-0.745851 -0.210339
 0.139503 -0.298669
-0.808991  -0.27401
-0.720247 -0.235631
-0.444094  0.143955
 0.111589 -0.306286
-0.723696 -0.244988
-0.743844 -0.299845
 0.118098 -0.380513
 0.123116 -0.385553
   0.1466 -0.316209
-0.751278 -0.211876
 0.109826 -0.404996
0.0749047 -0.318763
  -0.139706 -0.00169519
 0.147617 -0.307304
 0.121963 -0.297426
 0.443461 -0.158014
-0.747207 -0.256697
 0.400448 -0.344932
-0.675424 -0.252108
 0.10691 -0.38778
-0.698067 -0.327239
 0.115295 -0.408246
 0.103474 -0.408174
 0.102728 -0.406379
-0.759627 -0.185114
-0.553648 -0.235834
-0.755785 -0.187985
-0.709581 -0.280813
-0.778597 -0.311508
-0.222951  0.167281
 -0.79568 -0.294013
 0.479648 -0.352231
  0.545466 -0.0358928
0.104853 -0.40494
  0.10639 -0.382296
-0.664464 -0.405817
0.0605973 -0.311869
 0.209909 -0.451001
0.240129 -0.44547
-0.788787 -0.169248
-0.778091 -0.236128
  0.545828 -0.0356215
 0.114617 -0.404219
-0.776712  -0.31596
 -0.657378 -0.0825217
-0.567956 -0.156522
 0.529351 -0.259658
-0.750417  -0.18846
-0.776563 -0.181521
0.0354859 -0.318243
-0.730477 -0.327985
-0.724695  -0.20835
-0.676276 -0.271411
 -0.709635 -0.0736615
-0.774655 -0.188527
 0.492237 -0.496389
-0.452615 -0.403021
-0.757851 -0.308095
-0.712646 0.0473748
   0.1136 -0.399303
-0.721996 -0.247023
-0.557852 -0.162557
-0.771889 -0.316322
-0.787819 -0.188414
 0.680471 -0.399768
 0.498747 -0.472634
 -0.75474 -0.308976
 0.471533 -0.505349
-0.721917  -0.24691
 0.150329 -0.328053
 0.148498 -0.335044
0.0758088 -0.312095
 0.147594 -0.315101
-0.568724 -0.367831
-0.759699 -0.192392
0.0746335 -0.326199
0.110323 -0.39779
  0.531656 -0.0676267
  0.1103 -0.39888
   0.48392 -0.0665418
-0.0596932  -0.476994
 -0.60247 -0.108989
 -0.77014 -0.306015
 0.125173 -0.312367
 0.239745 -0.375864
  0.63773 -0.426127
 0.570351 -0.453555
 0.137355 -0.323125
0.113871 -0.38207
-0.759962 -0.248967
 0.191308 -0.452333
-0.533532 -0.157833
-0.773175 -0.304569
 0.586716 -0.448603
-0.724336 -0.210203
-0.650857 -0.251814
 -0.79059 -0.173293
 0.518727 -0.167213
 0.110368 -0.398778
0.198789 -0.40421
-0.756741 -0.226952
0.0570939 -0.312367
 0.553806 -0.104943
-0.764747 -0.211695
-0.784424 -0.177226
-0.605092 -0.404343
 0.435776 -0.479914
 0.440613 -0.147007
  0.21287 -0.448321
 0.276338 -0.318469
-0.575211 -0.230071
-0.782126 -0.282079
 0.454378 -0.478235
0.139367 -0.32412
 0.276587 -0.389647
-0.784295 -0.207875
 0.128879 -0.402822
0.0786567 -0.321498
0.0536583 -0.406393
-0.760054 -0.194382
0.0791766 -0.322832
-0.806652 -0.219832
-0.758156 -0.225528
-0.722487  -0.27939
 0.540833 -0.157856
-0.790077 -0.301382
0.0882628 -0.315576
-0.783809 -0.237733
0.115476 -0.30988
-0.777806 -0.282667
-0.777601 -0.234343
-0.756813 -0.257759
 0.109984 -0.395957
-0.786011 -0.152024
 0.146871 -0.408642
-0.728293  -0.20627
 0.284068 -0.303167
-0.648913 -0.237869
-0.678726 -0.306196
-0.647794  -0.23805
 0.442851 -0.178356
0.0885792 -0.405283
-0.777736 -0.177723
0.0493865 -0.334162
0.0937778 -0.311734
 0.573674 -0.184888
 0.529825 -0.265986
-0.745668 -0.189997
 -0.73712 -0.299935
-0.780265 -0.177791
-0.780537 -0.176865
0.0925346 -0.360053
 0.544336 -0.104853
-0.374975  0.115341
  0.12133 -0.309609
 0.237032 -0.403993
-0.708073 -0.337672
 0.234591 -0.206971
-0.664224 -0.408753
-0.761921 -0.214091
0.126529 -0.31587
 0.432612 -0.230952
 0.407885 -0.133942
 0.085347 -0.313813
  0.295076 -0.0760122
-0.661227 -0.403479
 0.224285 -0.308095
 0.509189 -0.462879
 0.499108 -0.139774
 0.446693 -0.123636
-0.756716 -0.257103
-0.751664 -0.323012
  0.499922 -0.0859347
-0.718038  -0.22668
 0.288159 -0.386473
-0.816526 0.0717855
-0.786501 -0.184007
-0.716409 -0.349882
-0.797493 -0.181611
 0.171666 -0.400189
 0.442919 -0.124156
 -0.72566 -0.181453
-0.498702 -0.459667
-0.691372 -0.350558
 0.502408 -0.117013
 0.113306 -0.403633
0.0481433 -0.410418
0.0884888 -0.315712
-0.757127 -0.169632
-0.701955 -0.367566
 -0.68899 -0.371495
 0.169089 -0.404219
-0.742707 -0.215334
 0.228783 -0.401701
 0.088195 -0.376291
-0.790339 -0.187443
0.0427187 -0.486433
0.0928737 -0.317113
-0.509619 -0.116561
-0.825286  -0.17908
-0.756827 -0.257578
-0.794817 -0.295731
 0.107136 -0.403889
