-0.493028 -0.281831
-0.284543 -0.322312
-0.539228 -0.276203
 -0.18794 -0.335796
-0.285402 -0.332374
-0.494068  -0.28999
-0.538437 -0.269467
-0.428272   -0.3269
-0.412496 -0.324911
-0.20896 -0.33819
 -0.22042 -0.356615
-0.610414 -0.114459
-0.108492 -0.337849
-0.211198  -0.34125
-0.494271 -0.289131
-0.676208 -0.102887
-0.430374 -0.304817
-0.385305  -0.10083
-0.474246 -0.139796
-0.283164 -0.325047
-0.618305 -0.267546
 -0.53586 -0.467115
-0.111385 -0.347581
-0.741678 -0.298263
-0.641658 -0.237575
-0.497345 -0.298918
-0.427888 -0.303122
 -0.40576 0.0124766
-0.725158 -0.220397
-0.381982 -0.100378
 -0.65401 -0.236693
-0.520219 -0.366683
  -0.5376 -0.274801
-0.544404 -0.290239
-0.484643 -0.308162
-0.631179 -0.139367
-0.208237 -0.365871
-0.552473 -0.357192
-0.452434  -0.39381
-0.549173 -0.359185
 -0.680057 -0.0785663
-0.526955 -0.303529
-0.544765 -0.325318
-0.11134 -0.37383
-0.333364 -0.420759
 -0.607842 -0.0805101
 -0.479919 -0.0949983
 -0.51927 -0.369928
-0.572567 -0.120539
-0.493887 -0.285673
-0.437697 -0.319848
-0.108017 -0.345701
-0.65566 -0.24101
-0.482609 -0.309903
-0.618721 -0.248198
-0.653545 -0.233077
-0.432476 -0.317791
 -0.481976 -0.0947723
 -0.523677 -0.0914497
 -0.524084 -0.0908621
-0.618827 -0.245192
-0.213142  -0.36581
-0.718911 -0.216261
 -0.57555 -0.287052
-0.670368 -0.243045
-0.642881 -0.101666
-0.726358 -0.203807
 -0.27731 -0.437078
-0.551637  -0.35808
-0.432634 -0.103293
  -0.2873 -0.326403
-0.427549 -0.305224
-0.522864  -0.36906
 -0.482654 -0.0951791
-0.621535 -0.247859
-0.52761 -0.31743
-0.653052 -0.253261
-0.371065 -0.341329
-0.742246 -0.103926
-0.146329 -0.153403
-0.472189 -0.128201
-0.710638 -0.373147
-0.678932 -0.377498
-0.373303  -0.31926
-0.546687 -0.445959
-0.616741 -0.300862
-0.659891 -0.263545
-0.612937 -0.263297
-0.616483  -0.30102
-0.430397 -0.104062
-0.599147 0.0722602
-0.503132 -0.318288
-0.707485 -0.230749
-0.608276  -0.14669
-0.209729 -0.350951
 -0.696139 -0.0922634
-0.611836   -0.2701
-0.554711 -0.358959
-0.416587 -0.492004
-0.541081 -0.277853
 -0.480009 -0.0987051
 0.272111 -0.305541
-0.653904 -0.243858
-0.188618  -0.38947
-0.535815 -0.298556
-0.612686 -0.112651
-0.455892  0.124065
-0.348802 -0.274937
-0.440138 -0.154918
 -0.533057 -0.0925572
-0.655409 -0.237078
-0.484869 -0.102728
 -0.535385 -0.0919244
-0.620855 -0.250843
-0.131388 -0.144679
-0.429583 -0.301563
 -0.73712 -0.299935
-0.426102 -0.300568
-0.618038 -0.250684
-0.599644 -0.090523
-0.541352 -0.448097
-0.272179 -0.102186
-0.274824 -0.371759
-0.705587 -0.227133
-0.489367 -0.495869
-0.275344 -0.339743
-0.639361  -0.10205
-0.541782 -0.274304
-0.353164 -0.321408
-0.150374 -0.409053
 -0.64937 -0.248266
 -0.504488 -0.0955182
-0.209525 -0.350691
-0.617496 -0.246412
-0.284882 -0.324572
-0.704719 -0.233416
 -0.531453 -0.0928511
-0.113984 -0.344968
-0.556406 -0.360697
-0.600548 -0.147097
-0.678102 -0.128473
-0.493503 -0.293335
 -0.654053 -0.0754019
-0.675609 -0.252267
 -0.32021 -0.114165
 -0.27462 -0.379331
  -0.67786 -0.0743622
 -0.20939 -0.344941
 -0.52492 -0.308321
-0.428905  -0.30936
-0.495379 -0.286961
-0.480122 -0.128586
 -0.43381 -0.345796
-0.67711 -0.24691
 -0.698293 -0.0712657
 -0.579619 -0.0931449
-0.545285 -0.117917
-0.553422  -0.44474
-0.445066 -0.108379
-0.531204 -0.319351
 -0.490316 -0.0945463
-0.618203 -0.296861
-0.689281 -0.211446
-0.495854 -0.286984
-0.372376 -0.314559
-0.208938 -0.344769
 -0.65974 -0.223674
-0.271614 -0.333665
-0.287368 -0.328731
-0.0289086  -0.157969
-0.619803 -0.297178
-0.299913 -0.193952
-0.724627 -0.222906
-0.434375 -0.109238
-0.49113 -0.29815
-0.530187 -0.284091
-0.490497 -0.476031
-0.113532  -0.36814
  -0.64847 -0.0757862
-0.299008 -0.330421
-0.460865 -0.122958
-0.442376 -0.355393
-0.434036 -0.345552
-0.481207 -0.127749
-0.535724 -0.300726
 -0.71986 -0.211333
-0.308366 -0.101982
  -0.1466 -0.407733
-0.623549 -0.251973
-0.215537 -0.337473
-0.522886 -0.365697
-0.310626 -0.144136
-0.705763 -0.231834
-0.550597 -0.116832
-0.446987 -0.177384
-0.617143 -0.298285
-0.426374 -0.312457
  0.63773 -0.426127
 -0.67871 -0.249871
-0.488802 -0.148182
 -0.24752 -0.109939
-0.112967 -0.359316
-0.496034 -0.305925
-0.418372 -0.309609
-0.372986  -0.31431
-0.542483 -0.437734
-0.504714 -0.103429
-0.652803  -0.24205
-0.616901 -0.255295
-0.622061  -0.24917
-0.270642 -0.142893
-0.136564 -0.402395
-0.129784 -0.125014
-0.529057 -0.282915
 -0.67174 -0.254256
-0.287278 -0.322379
 -0.40802 0.0312819
-0.549489 -0.355924
 -0.49183 -0.317023
-0.527633 -0.279412
 -0.28712 -0.342154
-0.212622 -0.105124
-0.239428 -0.195602
-0.533826 -0.159076
-0.540042 -0.278418
 -0.557762 -0.0879689
-0.611154 -0.254301
-0.280859  -0.33645
 -0.423187 -0.0960832
-0.364036 -0.339225
-0.156274 -0.547892
-0.106752 -0.353521
-0.234207 -0.141944
-0.523971 -0.363747
-0.238095 -0.107136
 -0.172186 -0.0100581
-0.489028 -0.319147
-0.128156 -0.393977
-0.532244 -0.304275
-0.171282 -0.012454
-0.686162 -0.131253
-0.572996 -0.438423
-0.470335 -0.102231
-0.455666 -0.109826
-0.650477 -0.405005
-0.465905 -0.109509
-0.430465 -0.307168
-0.149131 -0.412003
-0.537465  -0.27132
-0.455666 -0.108718
-0.705935 -0.229348
-0.212712 -0.104717
 -0.586354 -0.0843073
-0.292996 -0.188347
 -0.22051 -0.366689
  -0.49452 -0.0955408
 -0.37484 -0.142079
 -0.668916 -0.0988181
-0.220126 -0.367575
-0.668625 -0.265014
 -0.62467 -0.248424
-0.544426 -0.323623
-0.283481 -0.338321
-0.418666 -0.139299
 0.631265 -0.430329
 -0.666378 -0.0787019
-0.718983 -0.227494
 -0.672671 -0.0729383
-0.645202 -0.107091
-0.125127 -0.395329
-0.670632 -0.228534
-0.682263 -0.225415
-0.658881 -0.258211
-0.442964 -0.354629
-0.383723 -0.472462
-0.576002 -0.309157
-0.175599 -0.107859
-0.613369  -0.29173
-0.431143 -0.351749
-0.243112 -0.111995
 0.613161 -0.454595
-0.261217 -0.102841
 -0.471692 -0.0953373
 -0.648475 -0.0749273
 -0.392515 -0.0967161
 -0.689889 -0.0703842
-0.289832 -0.361407
-0.429922   -0.2932
-0.590875  -0.11351
-0.0916983   -0.35928
-0.291459 -0.329144
 -0.594242 -0.0793122
-0.413242 -0.353824
-0.526141 -0.456476
-0.197184 -0.143729
-0.495221 -0.283074
-0.262325 -0.361859
-0.583077 -0.398172
-0.577358 -0.119047
-0.360826  0.135705
-0.159664 -0.545811
-0.620185 -0.298195
-0.506951 -0.429942
-0.650857 -0.251814
-0.649908 -0.260358
-0.493955  -0.11256
-0.457429 -0.491202
-0.545104 -0.323238
-0.261398 -0.144317
-0.424814  -0.33583
-0.139186 -0.414616
-0.176955 -0.388164
 -0.15216 -0.354701
 -0.450897 -0.0969647
 -0.662079 -0.0778882
-0.537917 -0.300319
-0.348101 -0.375095
-0.615303 -0.266054
-0.649047   -0.2602
 -0.587688 -0.0930319
-0.722751 -0.219109
-0.520468 -0.439119
-0.569086 -0.304026
 -0.580161 -0.0847142
 -0.44432 -0.306965
-0.498995 -0.446983
-0.302489 -0.099451
-0.489683 -0.290261
-0.294963 -0.392872
-0.542189 -0.327533
-0.284633  -0.31743
 -0.49999 -0.448119
  -0.59752 -0.0177656
-0.264246 -0.483377
 -0.287662 0.00757184
-0.533645 -0.294804
-0.140655 -0.358501
 -0.589247 -0.0902292
-0.565334 -0.430544
-0.463735 -0.507917
-0.15381 -0.40517
 -0.573064 -0.0832224
  -0.51719 -0.0403229
-0.124766 -0.359633
-0.616874 -0.304727
-0.580251 -0.287639
-0.563932  0.168095
