-0.523587 -0.269354
  -0.3269 -0.311417
-0.565085  -0.26472
-0.233958 -0.328188
-0.327759 -0.321475
 -0.52422 -0.277446
-0.564497 -0.257827
-0.460955 -0.313813
-0.447258 -0.312502
-0.253035 -0.328889
-0.264766 -0.345719
 0.328301 -0.138192
0.0350339 -0.335055
-0.255295 -0.331893
-0.524514 -0.276655
 0.141469 -0.148883
-0.463238 -0.292996
  0.577336 -0.0751307
 0.513664 -0.126032
-0.325792 -0.314039
-0.563073    -0.284
-0.472053 -0.491179
-0.160817  -0.33967
-0.770628 -0.279887
-0.663618 -0.226093
-0.413829 -0.314943
-0.460933 -0.291482
 0.108063 0.0249306
-0.740184 -0.209864
  0.579799 -0.0743848
-0.674983 -0.225483
-0.445812 -0.387728
-0.563819 -0.263138
-0.469951 -0.308343
-0.514772 -0.295053
  -0.5772 -0.144317
-0.252312 -0.355418
 -0.36928 -0.411793
-0.365121 -0.413345
-0.574284 -0.346824
 0.149154 -0.111227
-0.632847 -0.263184
-0.569832 -0.312547
-0.328211 -0.343992
-0.487965  -0.37486
-0.0535001  -0.100988
 0.521666 -0.081595
-0.316141 -0.422766
 0.401714 -0.132315
-0.524423 -0.273196
-0.470109 -0.307688
-0.325725 -0.318899
-0.676407 -0.229913
-0.51328 -0.29659
-0.640006 -0.236897
-0.674755 -0.222002
-0.330516 -0.334119
  0.519654 -0.0818663
  0.475783 -0.0857991
  0.475285 -0.0854148
-0.640198 -0.234004
-0.257262 -0.355399
-0.734351 -0.206293
  -0.6003 -0.274937
-0.690111 -0.231291
 0.234026 -0.134236
-0.741475 -0.193568
 0.123251 -0.450018
-0.368014 -0.412837
  0.473613 -0.0891895
-0.329251 -0.315576
-0.460639 -0.293697
-0.321588  -0.42209
  0.518931 -0.0824765
-0.642596 -0.236513
-0.554688 -0.304184
-0.673862 -0.241915
-0.257646  -0.35596
 -0.802235 -0.0825669
0.00282531  -0.148137
 0.513981 -0.113849
-0.716502 -0.369056
-0.684991 -0.372586
-0.410846 -0.307371
-0.485909 -0.468032
-0.638322 -0.288634
-0.680787 -0.251634
-0.555999 -0.278395
-0.637994 -0.288702
  0.562599 -0.0824539
-0.0133355   0.120878
 -0.41948 -0.336337
-0.724663 -0.220487
-0.433132 -0.170332
-0.253962 -0.340832
0.0350113 -0.140022
-0.555298 -0.285944
-0.373009 -0.413709
-0.109916 -0.547404
-0.566825 -0.266235
 0.521666 -0.085008
 0.734174 -0.177836
-0.673943 -0.232376
-0.232195 -0.379647
-0.561514  -0.28608
 0.324549 -0.136949
-0.116855  0.165202
 0.32351 -0.26958
 0.549083 -0.130801
  0.441675 -0.0898449
-0.676276 -0.226025
  0.51658 -0.089958
  0.438308 -0.0898901
-0.641997 -0.239632
  0.618924 -0.0954278
-0.462312  -0.28999
-0.767066 -0.280361
-0.459351 -0.288883
-0.563774 -0.265105
   0.3969 -0.101237
-0.478947 -0.470792
  0.645844 -0.0643945
-0.316458 -0.359866
-0.722722  -0.21669
-0.385983 -0.530096
-0.317769 -0.329047
   0.1367 -0.138056
-0.567571 -0.262822
-0.599848 -0.253668
-0.195263 -0.399829
-0.670261 -0.236693
  0.515043 -0.0849854
-0.253984 -0.340459
-0.638918 -0.235179
-0.326923 -0.313791
 -0.72212 -0.222928
  0.442037 -0.0908168
-0.163393 -0.337168
-0.374795 -0.415843
0.312954 -0.18021
 0.104243 -0.190516
-0.523903 -0.280497
  0.194947 -0.0991798
-0.695111 -0.240536
  0.614788 -0.0789957
-0.317407 -0.367166
 0.151007 -0.103858
-0.253193 -0.335609
-0.447281 -0.326787
-0.461701 -0.297449
-0.525666  -0.27444
 0.507562 -0.116177
-0.339196 -0.362578
-0.696324 -0.235405
0.0655925 -0.105282
 0.396923 -0.100852
 0.423774 -0.122438
-0.492667 -0.467637
  0.551049 -0.0883532
-0.558621 -0.306106
  0.511269 -0.0829512
-0.639309 -0.284678
-0.043555 -0.328437
-0.526209 -0.274462
-0.410032 -0.303032
-0.252832 -0.335548
-0.679989 -0.211424
-0.313745 -0.322447
-0.329364 -0.317859
  0.740119 -0.0808039
-0.640822 -0.284927
-0.34288 -0.18299
-0.739669 -0.212396
  0.558734 -0.0875169
-0.406099 -0.314943
-0.633998 -0.246322
-0.416903 -0.499296
-0.162964 -0.360087
  0.190878 -0.0989763
-0.340258 -0.319306
   0.527 -0.10648
-0.473974 -0.342238
-0.564181  -0.30215
 0.507087 -0.115544
-0.561446 -0.288227
-0.735097  -0.20114
  0.631785 -0.0670842
-0.191421 -0.398796
 -0.64475 -0.240581
 -0.25959 -0.328007
-0.548766 -0.353413
 0.408088 -0.128134
-0.722817  -0.22155
 0.417152 -0.123093
-0.480529 -0.165902
-0.638609  -0.28608
 -0.45926 -0.300455
 0.706532 -0.377193
-0.697595 -0.238886
 0.501436 -0.136836
  0.655699 -0.0679431
-0.162218 -0.350642
-0.411818  -0.32256
-0.315282 -0.325499
-0.410461 -0.302919
-0.480552 -0.459773
  0.479987 -0.0964449
-0.673742 -0.230726
-0.638396 -0.243994
-0.643179 -0.237982
    0.6373 -0.0951339
-0.183464 -0.393887
 0.225437 -0.112606
-0.633042 -0.245124
 -0.69125 -0.242773
-0.329386 -0.311214
0.104175 0.048844
 -0.21712 -0.436199
-0.521801 -0.303823
 -0.45031 -0.294669
-0.328957 -0.331274
  0.661304 -0.0626993
-0.635743 -0.134507
0.430103  -0.1664
-0.565899 -0.266777
  0.256697 -0.0995866
-0.554665 -0.269331
-0.323193 -0.325182
  0.529328 -0.0784533
-0.402325 -0.327465
  0.23658 -0.528874
-0.156341 -0.346001
   0.63122 -0.0933483
 -0.44988 -0.384997
  0.659225 -0.0652534
  -0.0258799 -0.000791088
-0.403161 -0.337017
-0.334133 -0.363285
-0.454491 -0.322809
  -0.025021 -0.00275751
-0.705867 -0.120223
-0.537646 -0.452531
 0.513032 -0.087223
  0.526186 -0.0933483
-0.656349 -0.400435
  0.517416 -0.0945915
-0.408879 -0.307959
 -0.19402 -0.402987
-0.563254 -0.259861
  0.526186 -0.0923538
-0.723122 -0.218702
  0.615285 -0.0676945
  0.374297 -0.0924442
 0.384582 -0.171011
-0.264653 -0.355933
  0.504623 -0.0850532
 0.485117 -0.121172
0.152816 -0.13957
-0.264268 -0.356606
-0.688228 -0.252967
-0.645722 -0.236987
-0.569583 -0.310784
-0.325951 -0.327126
 0.559819 -0.113239
  0.70174 -0.380796
 0.177565 -0.106842
-0.734868 -0.216713
-0.010804 -0.102774
 0.237937 -0.141333
-0.172028 -0.387732
-0.690142   -0.2166
  -0.7012 -0.214046
-0.679479 -0.246322
-0.474653 -0.341363
0.0262641 -0.518759
 -0.51267 -0.327578
  0.654455 -0.0648918
-0.635264 -0.279819
-0.464617 -0.339239
  0.658275 -0.0690054
0.697513 -0.39581
  0.639447 -0.0651178
  0.565266 -0.0765999
   0.23371 -0.0965127
   0.55731 -0.0742944
  0.223245 -0.0984113
-0.331963 -0.349342
-0.462492 -0.281582
 0.342405 -0.132089
0.233145 -0.34201
-0.333274  -0.31761
 0.380694 -0.087223
-0.449044 -0.340941
-0.461317 -0.479406
  0.671633 -0.0867936
-0.525486 -0.270914
-0.304478 -0.351616
 -0.52761 -0.420067
 0.348079 -0.135728
0.0762156  0.163326
 0.269015 -0.521381
-0.641461 -0.285786
-0.433064  -0.45297
-0.671751 -0.240219
-0.670379 -0.248605
 0.489548 -0.103678
  -0.284 -0.53725
-0.570351 -0.310536
  0.643177 -0.0947723
-0.457927 -0.323623
-0.343016 -0.381991
 0.214656 -0.377756
 0.159167 -0.348311
   0.54402 -0.0791766
 0.201546 -0.104198
 -0.56339 -0.287956
-0.386435 -0.362605
-0.559638 -0.282418
-0.669656 -0.248447
 0.389938 -0.102141
-0.738006 -0.208485
 -0.44154 -0.465521
-0.504533 -0.321136
  0.379428 -0.0918792
-0.344168 -0.323803
-0.438895 -0.465078
  0.129625 -0.0968969
-0.403522 -0.306761
-0.176932 -0.404571
 -0.56834 -0.314785
-0.327284 -0.306761
-0.296567 -0.505507
  0.150307 -0.0115047
-0.303913 -0.472966
 0.108108 0.0200484
-0.456819 -0.312389
-0.177882 -0.350364
  0.379586 -0.0996092
 -0.50381 -0.454893
-0.413739 -0.522199
-0.0202744  -0.406535
  0.111589 -0.0998804
  0.278598 -0.0370229
 0.187917 -0.348657
-0.638304 -0.292228
-0.605408 -0.275095
0.796964 0.111724
