 0.378795 -0.307326
 0.380603 -0.300862
-0.157042 -0.362702
 0.318311 -0.481384
 0.217685 -0.356213
 0.441562 -0.296793
0.0353051 -0.365749
 0.378343 -0.331703
0.0350339 -0.345608
0.0503358 -0.360815
 0.503584 -0.301427
 0.379699 -0.309632
 0.102638 -0.358632
 -0.668548 -0.0155279
0.00680335  -0.550615
-0.154239 -0.127523
  0.44258 -0.447871
 0.438986 -0.318311
-0.075854 -0.362951
0.219583 -0.33454
 0.221663 -0.333095
-0.114866 -0.545751
-0.0658637  -0.361355
 0.549309 -0.287074
 0.207536 -0.353157
 0.166693 -0.540552
 0.550574 -0.259703
 0.438805 -0.474867
-0.0780916  -0.342762
0.549128 -0.28669
-0.160817  -0.33967
0.368172 -0.32933
 0.216012 -0.357976
-0.383293 -0.110232
-0.150171  -0.12906
 -0.724808 -0.0411139
 0.533871 -0.357355
 0.505211 -0.272292
 0.120584 -0.334488
 0.446286 -0.312073
-0.167032 -0.111204
 -0.519722 -0.0918792
   0.5904 -0.277152
 -0.73893 -0.263251
-0.0744526  -0.336626
 0.118324 -0.339374
-0.0690506  -0.358458
-0.161201  -0.36539
-0.157901 -0.333269
0.636486 -0.25134
  0.53968 -0.294511
 0.599057 -0.247271
 0.149154 -0.111227
 0.014556 -0.453006
-0.630598 -0.255295
 0.509822 -0.289538
 0.295844 -0.348479
-0.0791992  -0.364917
0.280633  -0.5378
-0.401805  -0.10309
-0.218611 -0.110413
 0.616461 -0.270846
 0.572793 -0.250526
 0.556112 -0.281039
 0.421604 -0.402004
-0.693338 -0.070678
-0.150872 -0.131953
 -0.715084 -0.0671972
 -0.660628 -0.0753793
-0.265715 -0.107769
  0.59935 -0.249125
 0.121692 -0.454925
 0.219357 -0.327036
-0.0717855  -0.366405
-0.155641 -0.340057
-0.528492 -0.140678
 0.440884 -0.319486
-0.156568 -0.441994
-0.406755 -0.105802
-0.142916 -0.107882
 -0.633638 -0.0787471
 0.271659 -0.113962
  0.30814 -0.182583
 -0.16753 -0.138124
  -0.4068 -0.105825
  -0.1473 -0.125602
-0.670609 -0.113939
  0.38083 -0.332424
 0.128857 -0.344785
0.0202744 -0.458813
-0.077843 -0.363882
0.0322764 -0.344916
-0.0751985  -0.353639
  -0.43008 -0.0995866
 0.468369 -0.383589
-0.195218 -0.118618
  0.63461 -0.249825
-0.667373  0.050833
 -0.599124 -0.0886696
-0.259025 -0.107904
 -0.493797 -0.0934839
  0.46916 -0.382839
0.0220826 -0.452728
-0.152816 -0.541492
 0.438669 0.0233032
 -0.609897 -0.0771423
 0.438986 -0.296816
 -0.68199 -0.111724
-0.514975 -0.142057
 -0.27609 -0.121895
0.0346948 -0.354568
-0.083358 -0.352773
-0.157381 -0.350047
 0.303755 -0.326719
 -0.560565 -0.0697287
 -0.673437 -0.0796286
-0.0754019  -0.354183
-0.235631 -0.102231
 0.284159 -0.181362
-0.437291 -0.115521
-0.772804 -0.280474
 0.619015 -0.325725
 0.377597 -0.309632
 0.317113 -0.530982
-0.542053 -0.360164
-0.414846 -0.107588
  0.53308 -0.361543
-0.298082 -0.119906
 -0.722263 -0.0668356
 -0.246638 -0.0965353
 -0.570171 -0.0403455
 0.217843 -0.343949
-0.258347 -0.107724
-0.612306 -0.125919
0.0385825 -0.336666
 -0.566758 -0.0431934
 0.424023 -0.397734
-0.174401 -0.172502
-0.263251 -0.167778
-0.142599 -0.109961
0.00836293  -0.458044
-0.214927 -0.101395
0.294963 -0.52752
 0.287617 -0.423645
 -0.540539 -0.0883758
  0.12402 -0.444847
 0.445382 -0.450927
-0.157223 -0.370046
 -0.678925 -0.0599418
 -0.66848 -0.072667
 0.561943 -0.436545
-0.394866 -0.155483
 0.117669 -0.371289
-0.240468 -0.546335
0.00865676  -0.550137
 -0.544585 -0.0862511
-0.802658 -0.184527
 0.550303 -0.261782
-0.195896 -0.117194
-0.567684 0.0294059
-0.510523 -0.105961
  0.255363 -0.0963093
-0.177204 -0.123432
 0.426893 -0.523309
-0.260675 -0.122686
 -0.410846 -0.0896867
 0.517801 -0.301224
 0.185386 -0.524952
 -0.588727 -0.0537713
-0.413196 -0.103723
 -0.529418 -0.0978914
0.217888 -0.36322
-0.691915 -0.062948
-0.394956 -0.141401
 -0.412857 -0.0897545
 -0.493006 -0.0534775
 -0.595146 -0.0842169
-0.378569 -0.156997
0.0981853 -0.387902
 -0.516806 -0.0848046
-0.139051 -0.108379
 0.619015 -0.377107
-0.582444 -0.135389
 0.547523 -0.289109
-0.285786 -0.102502
-0.271049 -0.338983
-0.538844  -0.10031
 -0.717082 -0.0381982
-0.511811 -0.128518
 -0.495741 -0.0579076
 -0.541239 -0.0781142
  -0.52813 -0.0847368
-0.433561 -0.103067
0.0505618 -0.550155
 0.15042 -0.30606
0.0349435 -0.374239
 0.548382 -0.263093
 0.472211 -0.384774
 0.220917 -0.326584
-0.553422 -0.154985
0.240694 -0.34128
-0.507946 -0.103836
 0.419525 -0.311123
0.00275751  -0.536917
 -0.718692 -0.0588795
-0.242163 -0.192822
 0.309293 -0.322538
 0.127297 -0.324052
 -0.53803 -0.100988
0.430487 -0.30771
-0.363493 -0.247882
 0.380762 -0.335032
-0.515789 -0.140633
-0.234298 -0.154511
  0.42504 -0.392097
-0.610186 -0.113871
 -0.542754 -0.0441201
 0.503109 -0.493571
 0.421017 -0.312412
 0.285176 -0.335473
  -0.67866 -0.0768937
  0.20019 -0.381684
 -0.767362 -0.0952469
-0.605227 -0.114572
0.222883 -0.33564
 0.142893 -0.100581
-0.209209 -0.101485
0.0923538 -0.541048
  0.29824 -0.326267
 -0.601068 -0.0742266
-0.153313 -0.122234
 -0.565515 -0.0552857
-0.261805 -0.125082
 -0.414462 -0.0912463
-0.684239 -0.068802
-0.614596 -0.124608
-0.686022 -0.114436
 0.483874 -0.502429
 -0.414191 -0.0994962
-0.585879 -0.132518
 0.239903 -0.342007
  -0.21009 -0.0998804
-0.233732 -0.323758
-0.566893 0.0183306
 0.478902 -0.466493
-0.320368 -0.500975
 -0.733121 -0.0609137
 -0.729215 -0.0612076
-0.161698 -0.342039
-0.502476 0.0631966
 0.507765 -0.491693
-0.140881  -0.12454
-0.518795 -0.127252
 0.378999 -0.313768
0.532673 -0.11516
-0.0902518  -0.379559
 0.508353 -0.296613
 -0.480371 -0.0910655
 -0.540381 -0.0776848
  0.43008 -0.332031
-0.155076 -0.378181
-0.125127 -0.539868
 0.296206 -0.316887
-0.430419 -0.110775
 0.118867 -0.547253
0.00259929  -0.138644
 -0.566667 -0.0560994
 0.498769 -0.292228
-0.126551 -0.537946
-0.0783177   -0.37175
 -0.542776 -0.0566419
-0.242186  -0.52163
0.39473 -0.3466
 -0.622995 -0.0724636
 0.543771 -0.439167
 0.622224 -0.269422
  0.55835 -0.302467
 0.601633 -0.252108
 -0.475692 -0.0952017
-0.188098 -0.524656
-0.551117 -0.156206
 -0.784212 -0.0900258
-0.154737 -0.368656
 -0.613615 -0.0715595
-0.0780238  -0.366251
-0.427458 -0.066926
-0.243858 -0.122099
 0.389509 -0.333721
 -0.537487 -0.0622699
 -0.633372 -0.0223313
-0.396199 -0.074204
-0.676773 -0.102141
0.159076 -0.40074
 0.405082 -0.507356
-0.0748143  -0.372684
-0.283051 -0.104853
-0.801114 -0.174084
-0.254979 -0.154398
 -0.26524 0.0498159
-0.160048 -0.368319
-0.668874 -0.102887
 -0.611267 -0.0749273
 0.292002 -0.369128
 0.116923 -0.380396
0.000836293   -0.534763
 0.599848 -0.254165
 0.399996 -0.333545
 -0.542347 -0.0578172
 -0.720798 -0.0588795
-0.531159 -0.139051
 -0.427594 -0.0955408
 -0.592389 -0.0710623
  0.21608 -0.360666
 -0.413807 -0.0982531
 0.108899 -0.383655
  0.12402 -0.338524
0.0467872  -0.38596
 0.512105 -0.302874
-0.611115 -0.127998
-0.0635808  -0.544106
0.123297 -0.35257
 0.296929 -0.321769
-0.394255 -0.481209
-0.100943 -0.125286
  -0.67937 -0.0740006
 0.609205 -0.423157
 0.125783 -0.391737
-0.250571  -0.12567
0.0593994 -0.543355
 0.227404 -0.364101
 0.502612 -0.284362
 0.553626 -0.321882
 -0.617927 -0.0569357
-0.247497 0.0497933
-0.626632 -0.070113
-0.0966483  -0.125534
 0.143029 -0.105576
-0.0172005  -0.409727
 -0.635365 -0.0441427
-0.119974 -0.539073
-0.237326 -0.285922
 0.551885 -0.321882
-0.086432 -0.342046
-0.140768 -0.129625
 0.499673 -0.300003
 -0.519586 -0.0894607
 0.105734 -0.340468
 0.477003 -0.499095
 0.423955 -0.403767
0.451395 -0.50791
 -0.669965 -0.0726896
 -0.669574 -0.0734581
  0.19628 -0.381571
 0.550461 -0.270665
 -0.124562 -0.0976428
0.0111882 -0.549438
 0.443891 -0.295867
0.0287504   -0.3561
-0.0871326  -0.340972
  0.46803 -0.470399
 -0.602085 -0.0939586
 0.103497 -0.372288
 0.453067 -0.487043
 -0.68104 -0.113826
-0.124201 -0.528686
 0.243474 -0.370586
-0.204236 -0.327171
 -0.495424 -0.0817984
 -0.542098 -0.0862511
 0.136361 -0.453888
 0.236513 -0.531742
0.456073 -0.35092
-0.482224 -0.109034
-0.156115 -0.130597
0.318537 -0.38123
-0.141107 -0.106209
0.0357798 -0.368597
-0.155415 -0.344604
 0.165292 -0.403895
 -0.46699 -0.101576
 0.115341 -0.345717
-0.243067 -0.192189
 0.381078 -0.305586
-0.369031 0.0677397
   0.1836 -0.533947
-0.163936 -0.442062
-0.155415 -0.368154
-0.284181 -0.528275
-0.163981 -0.441782
 0.158489 -0.390393
 0.533894 -0.300229
-0.271863 -0.517308
 -0.34514 -0.361344
0.374004 -0.32947
 -0.519315 -0.0928511
 -0.542076 -0.0965579
 0.630655 -0.247068
-0.425989 -0.111069
 -0.533916 -0.0923764
-0.122054   -0.5404
-0.283142 -0.112967
 -0.39907 -0.103497
 0.452389 -0.349925
0.0327284 -0.545691
 0.295076 -0.370575
 -0.511766 -0.0839005
-0.126054 -0.539202
 0.541601 -0.275999
 -0.592005 -0.0703842
0.0346948 -0.383266
 0.215266 -0.363396
 0.335534 -0.545237
 0.434397 -0.317068
-0.200936 -0.456568
  -0.22503 -0.0988181
 0.593587 -0.264449
0.0411592 -0.548039
 0.545489 -0.285922
-0.554665 -0.269331
 -0.225008 -0.0983661
0.0496351 -0.340936
 0.327375 -0.378343
-0.251159 -0.525311
-0.481546 -0.108492
-0.453632 -0.164953
 -0.395951 -0.0870648
 0.584365 -0.448716
-0.136745 -0.542265
 0.538663 -0.303326
 0.444953 -0.293516
 0.607307 -0.341551
0.329273 -0.37703
-0.503606 0.0606651
-0.237484 -0.151188
 0.441562 -0.298624
 0.285876 -0.370656
 0.545511 -0.285854
   -0.4841 -0.0982079
-0.163393 -0.337168
 0.454491 -0.350974
-0.558327 -0.191669
-0.432815 -0.092625
 0.448411 -0.337039
-0.620079 -0.073752
-0.155867 -0.128156
-0.196393 -0.109826
 0.585337 -0.429063
 -0.717152 -0.0610041
0.00895059  -0.548628
 -0.422441 -0.0223313
 -0.674445 -0.0678075
-0.297607 -0.503193
 0.541307 -0.275502
-0.0179464  -0.409178
-0.190765 -0.152725
-0.0809622  -0.367996
 0.115318 -0.373599
 0.427549 -0.299144
  0.11898 -0.343924
-0.0115273  -0.406646
 0.381621 -0.484717
  -0.348666 0.000293833
 -0.739276 -0.0397126
 -0.544291 -0.0969647
 0.295663 -0.374749
 0.294239 -0.330731
0.001763 -0.54572
-0.142599 -0.338402
-0.543138 -0.102525
 0.507291 -0.277604
 0.442331 -0.298398
-0.725312 -0.046968
 0.522841 -0.435711
-0.504556  -0.10309
  0.16432 -0.388523
-0.210248 -0.115363
-0.0733451   -0.34641
-0.438963 -0.108944
 0.229438 -0.336897
-0.0721246    -0.5492
  0.45978 -0.492287
 -0.696774 -0.0636712
-0.367381 -0.141582
 -0.270846 -0.0442331
 0.323645 -0.376564
 0.164139 -0.390139
 0.511766 -0.280655
 0.313655 -0.374876
 0.437923 -0.477442
  0.384943 -0.0905456
 0.291007 -0.331411
0.0684178 -0.544276
 0.548608 -0.270959
 0.426102 -0.471221
 -0.632633 -0.0348531
-0.483219 -0.394753
 0.428837 -0.301698
-0.156341 -0.346001
 -0.407478 -0.0999709
 -0.429018 -0.0562124
  0.15537 -0.403231
 -0.396131 -0.0771197
   0.54515 -0.0787697
0.463826 -0.46756
-0.0758766  -0.341388
 -0.673184 -0.0539748
 0.539386 -0.270416
  0.27844 -0.113849
 -0.60256 -0.114685
 0.600752 -0.245463
 0.367155 -0.533632
0.0351243 -0.342701
  0.45092 -0.354963
 -0.539725 -0.0918114
 0.117804 -0.367718
 0.111679 -0.385167
-0.470833 -0.111317
 0.281989 -0.484351
 0.484756 -0.482441
 -0.391001 -0.0307846
 -0.663114 -0.0710623
-0.387023 -0.112719
 -0.61967 -0.322538
-0.301834 -0.123093
-0.344146 -0.501791
 0.260629 -0.372076
  0.40854 -0.487762
 -0.768777 -0.0777752
-0.131863 -0.112086
 0.538911 -0.269942
-0.413535 -0.101666
 -0.605408 -0.0815272
-0.180639 -0.115047
-0.503199 -0.103791
-0.119025  -0.53266
 0.161653 -0.398514
-0.155008 -0.347466
  0.57546 -0.419735
 0.630926 -0.242276
-0.585631 -0.145515
 0.383271 -0.482814
 -0.421943 -0.0842847
 -0.699807 -0.0678979
 0.115137 -0.354127
 0.219832 -0.364483
0.106277 -0.53998
 0.112086 -0.361837
0.00886018  -0.446029
-0.301563 -0.349403
0.331986 -0.37328
-0.787546 -0.231495
0.0322086  -0.37347
-0.400132 -0.113126
 0.426328 -0.475439
0.540155 -0.44175
 0.638724 -0.237191
-0.156929 -0.341442
-0.0292702  -0.425786
 0.162467 -0.397659
 0.307236 -0.384688
 0.289063 -0.429662
-0.507833 -0.126122
 0.601859 -0.248628
 0.175667 -0.391304
  0.16163 -0.399101
-0.363629 -0.141085
 0.633435 -0.276361
-0.219267 -0.180097
 0.308999 -0.385513
 0.449066 -0.465682
-0.524875 -0.100898
-0.707178  -0.10926
 -0.540335 -0.0576138
-0.0159122  -0.406694
-0.524627 -0.101259
0.0467872 -0.547596
 0.288385 -0.345332
 -0.496893 -0.0678527
 -0.504691 -0.0902066
 0.161088 -0.404738
-0.694276 -0.045092
-0.212396 -0.113668
-0.0734807  -0.375391
 -0.467488 -0.0890991
 0.116425 -0.354509
 0.318424 -0.386256
 0.593655 -0.242321
 0.346089 -0.532923
-0.140701 -0.109803
-0.0652082  -0.390592
 0.103972 -0.545001
 0.283119 -0.373572
-0.0205005   -0.35723
 0.370365 -0.340464
 0.556248 -0.420246
 -0.696867 -0.0685986
-0.242321 -0.148815
-0.534843 -0.153674
-0.0724636  -0.371978
-0.542098 -0.092625
-0.178921 -0.116697
 -0.557152 -0.0970777
 0.176277 -0.547342
0.0370003 -0.348899
 0.460164 -0.473041
-0.534866  -0.12393
 -0.51111 -0.090636
 0.291301 -0.438491
 0.569154 -0.422468
 0.127297 -0.457506
 -0.533713 -0.0827252
-0.392741 -0.138486
 0.155889 -0.391077
  0.22329 -0.189296
-0.196981 -0.152476
 0.357052 -0.491473
0.0181724 -0.392472
-0.251995 -0.537007
 0.544336 -0.459972
-0.125647 -0.116222
 -0.674043 -0.0733451
 0.582692 -0.448883
-0.574397 -0.126167
 0.294013 -0.529181
 0.556474 -0.317588
-0.639981 -0.226364
0.0186019 -0.346306
 0.208757 -0.366274
-0.246593  -0.15546
0.00494995  -0.548505
-0.674499  -0.10135
-0.606283 -0.115386
-0.494249 0.0439393
-0.209932 -0.160455
-0.0787471  -0.334311
  -0.48019 -0.0871778
 0.533283 -0.366717
  0.12185 -0.400844
 0.470471 -0.476682
-0.655054 -0.125873
 0.433855 -0.505984
-0.602424 -0.112832
 0.324708 -0.375425
-0.343264 -0.500607
 0.166061 -0.398579
    0.177 -0.377078
-0.801756  -0.18256
 0.268518 -0.532311
 -0.522547 -0.0979818
0.188143 -0.34818
 -0.545059 -0.0746335
 -0.628713 -0.0516693
-0.508421 -0.128427
 -0.665438 -0.0797416
-0.160568 -0.343628
 0.731756 -0.272157
-0.678364 -0.017743
0.0907038 -0.371983
 0.161721 -0.401484
 0.421514 -0.394203
 0.512037 -0.315486
 -0.18898 -0.157562
 -0.461679 -0.0989311
 0.126574 -0.373199
-0.684408 -0.113284
 -0.473771 -0.0828156
0.0582014 -0.536565
0.0294059 -0.361871
 -0.717731 -0.0564836
 0.356758 -0.513228
 0.428995 -0.345057
 0.518095 -0.312999
 0.560316 -0.291798
0.590829 -0.27835
 0.418056 -0.495203
 0.529577 -0.445314
 -0.694173 -0.0494995
 0.146306 -0.385508
 0.583755 -0.449209
 0.125421 -0.373371
 0.506206 -0.450151
 0.026784 -0.377245
 0.323871 -0.521691
 0.259771 -0.536144
 0.31648 -0.51092
 0.484982 -0.329804
 0.457859 -0.345086
 0.453451 -0.472399
 0.325205 -0.374361
-0.195557 -0.150374
 0.198563 -0.347459
 0.549964 -0.256923
-0.502883 0.0442783
 0.515134 -0.425506
-0.177339  0.152725
 0.459735 -0.345151
 0.344439 -0.509002
-0.490406 -0.112922
-0.507675 -0.124743
 0.577946 -0.416458
 0.133852 -0.338224
  0.53742 -0.444241
 0.507697 -0.429741
-0.205999 -0.155844
  0.30536 -0.368565
-0.231133 -0.154895
0.311643 -0.33871
 -0.620574 -0.0771423
