 0.354317 -0.322605
 0.356396 -0.315893
-0.187827 -0.364122
 0.296997 -0.497022
 0.184504 -0.368999
 0.420587 -0.312547
-0.00614788   -0.372591
0.354249 -0.34705
-0.00653212   -0.353087
 0.199218 -0.361364
 0.592344 -0.284972
 0.355424 -0.325205
0.0630158 -0.369395
-0.445292 -0.026784
 0.254888 -0.536351
-0.108582 -0.135525
 0.533125 -0.427752
 0.537781 -0.302828
 -0.11299 -0.367935
 0.186561 -0.347172
 0.188957 -0.345805
-0.181453  -0.54129
-0.102502 -0.365858
 0.629909 -0.271411
 0.174898 -0.365528
 0.177407 -0.547326
  0.53907 -0.275185
 0.482631 -0.471054
-0.115318 -0.347889
 0.417626 -0.333595
-0.19124 -0.34144
 0.344078 -0.344862
 0.182899 -0.370634
  0.598311 -0.0922182
-0.104514 -0.136858
-0.776692 -0.042018
 0.612618 -0.339035
0.594175 -0.25794
-0.111136 -0.341711
 0.425108 -0.327985
  0.691637 -0.0711753
  0.483648 -0.0988633
 0.584727 -0.292205
-0.784198 -0.229664
0.0802163 -0.345714
0.0790635 -0.350902
0.0846916 -0.366242
-0.191737 -0.366748
-0.188663 -0.335536
 0.634791 -0.264494
 0.528062 -0.310581
 0.669689 -0.233778
  0.772712 -0.0580432
-0.189499  -0.44613
-0.716176 -0.218747
 0.597135 -0.274236
 0.263681 -0.362045
-0.115906 -0.369207
 0.476189 -0.493553
-0.470448 -0.104808
-0.256019 -0.116584
 0.612731 -0.284882
 0.648534 -0.237168
  0.54472 -0.296771
 0.519225 -0.383677
-0.718565 -0.072441
-0.105079 -0.140113
-0.012228  -0.12124
-0.426735 -0.106819
-0.301382 -0.112764
 0.593496 -0.263658
 0.256312 -0.448718
 0.186538 -0.339578
-0.00311915   -0.375755
-0.186516 -0.341818
-0.654645 -0.122732
 0.539657 -0.303755
-0.185205 -0.442516
  0.582308 -0.0920374
 -0.13227 -0.116086
  -0.59474 -0.0893477
 0.406438 -0.112131
 0.272993 -0.192641
 -0.763201 -0.0759896
  0.582014 -0.0919922
-0.101937 -0.133807
-0.646497 -0.123297
 0.356803 -0.347812
-0.101485 -0.352242
 0.162987 -0.460404
-0.115182 -0.368862
-0.00926703   -0.352384
-0.112334 -0.358439
  0.564384 -0.0905908
 0.453813 -0.401113
-0.231065 -0.124246
 0.632757 -0.262731
-0.700232  0.039464
 0.354113 -0.116358
 0.095925 -0.120607
   0.50824 -0.0955182
 0.559683 -0.364088
-0.181792 -0.446811
-0.183464 -0.540547
-0.0945463  0.0200484
-0.250232 -0.109577
 0.417536 -0.312593
-0.654349  -0.12185
-0.574646 -0.137717
0.0331579 -0.136157
-0.00659993   -0.361959
-0.120087 -0.358141
-0.188211 -0.351921
  0.27236 -0.341951
 -0.515292 -0.0803067
  -0.70273 -0.0804197
-0.112673 -0.359122
-0.269331 -0.108741
 0.417965 -0.175237
 0.562486 -0.105463
-0.772318 -0.272722
-0.242751 -0.438665
 0.353277 -0.324979
  0.47854 -0.493361
-0.384717 -0.413847
  0.575482 -0.0946367
 0.406461 -0.413508
 0.268834 -0.128766
-0.776685 -0.063174
-0.0942524  -0.109215
 -0.525395 -0.0485276
0.185069 -0.35643
-0.111589 -0.120336
-0.574669 -0.137491
-0.0027123  -0.344742
 -0.521937 -0.0515337
 0.318424 -0.434818
 0.608753 -0.129897
-0.113193 -0.181521
-0.206067 -0.115747
-0.025134 -0.463844
-0.250594 -0.108221
 0.273829 -0.541802
 0.259296 -0.439553
 0.451688 -0.100152
 0.259635 -0.439533
 0.535634 -0.430406
-0.188143 -0.371544
 -0.572747 -0.0763738
 0.356509 -0.105893
 0.576025 -0.443192
 0.577629 -0.135592
0.0786341 -0.382084
-0.230749 -0.550138
 0.256471 -0.535649
-0.299031 -0.110978
-0.799636 -0.181905
 0.538708 -0.277491
 0.169383 -0.124969
-0.522231 0.0237778
-0.487219 -0.115634
    0.7872 -0.0486858
-0.209073 -0.128789
 0.467759 -0.520513
-0.295889 -0.126348
-0.278621 -0.103881
 0.603713 -0.284837
 0.266506 -0.522111
 -0.740367 -0.0464933
-0.281401 -0.117895
 0.469386 -0.108063
 0.184617 -0.375934
 -0.494023 -0.0893477
-0.449202 -0.142486
  0.11473 -0.109645
  0.509099 -0.0547207
 -0.551795 -0.0956312
-0.275818 -0.171824
 0.243361 -0.383974
-0.251023 -0.107271
-0.307643 -0.109645
0.617048 -0.39318
-0.627504  -0.13114
 0.628689 -0.273174
 -0.17578 -0.115408
   0.3698 -0.331931
  0.45752 -0.112651
  -0.77164 -0.0396448
-0.577471  -0.12411
  -0.55401 -0.0603713
 -0.494452 -0.0896415
 -0.473455 -0.0966935
-0.308185 -0.116765
 0.180978 -0.547198
 0.289425 -0.300161
-0.0063513  -0.381761
 0.629344 -0.249057
 0.458062 -0.401995
 0.188279 -0.339223
-0.508285 -0.167778
-0.413242 -0.312909
 0.495379 -0.109012
 0.398324 -0.326267
0.0513303 -0.542778
-0.0230093  -0.107384
0.326448 -0.19341
 0.277265 -0.337317
 0.270597 -0.321204
 0.457927 -0.112922
 0.530255 -0.292612
-0.255092 -0.269535
 0.356871 -0.350379
 0.573493 -0.137288
-0.254595 -0.157698
  0.40567 -0.409896
-0.572205 -0.125127
  -0.71703 -0.0394188
 0.517981 -0.500483
 0.523474 -0.296545
0.409942 -0.32308
-0.706789 -0.077617
 0.165744 -0.394807
-0.283119 -0.180052
 0.669667 -0.107249
 0.265715 -0.340615
    0.7403 -0.0574104
-0.243655 -0.107452
0.403206 -0.49669
 0.422396 -0.313904
-0.041679 -0.111498
  0.20114 -0.127636
 -0.520807 -0.0637843
 0.348553 -0.125263
  0.576906 -0.0804649
 -0.580093 -0.0867258
-0.577087  -0.13618
-0.585495 -0.139231
 0.472754 -0.519306
  0.575957 -0.0875621
-0.545218 -0.144023
 0.369438 -0.332318
-0.244491 -0.106526
-0.0910429  -0.341644
 -0.52162 0.0123862
 0.519609 -0.462712
-0.218476 -0.523851
 -0.655868 -0.0757184
 -0.706927 -0.0698417
-0.192392  -0.34403
 -0.64242 0.0438489
 0.522434 -0.498824
-0.171734 -0.130439
-0.566645 -0.125693
 0.35452 -0.32926
  0.748527 -0.0831998
-0.127116 -0.383969
 0.494317 -0.312796
  0.521892 -0.0905456
-0.661449 -0.070565
0.624937 -0.28287
-0.185883 -0.379704
 -0.07443 -0.548432
 0.264178 -0.330611
 0.490678 -0.109034
0.246706   -0.539
 0.734581 -0.079606
  -0.52205 -0.0645527
 0.484213 -0.308185
-0.165089 -0.537199
-0.115408 -0.376605
 -0.717213 -0.0485954
 -0.16163 -0.536683
 0.603713 -0.296138
 -0.584975 -0.0823409
 0.515495 -0.464163
  0.61967 -0.283797
 0.563661 -0.314017
 0.596051 -0.266619
  0.527497 -0.0935065
-0.0414078  -0.542296
-0.505301 -0.169496
-0.352034 -0.172728
-0.185386 -0.370026
  -0.57451 -0.0818211
-0.115092  -0.37119
 0.0362318 -0.0826121
-0.0951113  -0.133129
 0.365528 -0.349403
-0.289967 -0.080917
-0.810136 -0.021608
 -0.467442 -0.0766903
-0.648791 -0.112447
 0.123432 -0.412593
 0.474472 -0.495494
-0.111995 -0.377776
  0.21608 -0.114391
-0.798286 -0.172186
-0.285289 -0.156658
 0.645889 0.0403907
-0.190607 -0.369526
 -0.64859 -0.111611
 -0.572386 -0.0851662
-0.18525 -0.38893
0.0774814 -0.390824
-0.0375654  -0.539671
 0.593926 -0.268744
0.506364 -0.31596
 -0.591598 -0.0592638
 -0.557039 -0.0824313
-0.479535 -0.151844
  0.566283 -0.0861381
 -0.635008 -0.0717177
 0.352983 -0.350709
   0.57668 -0.0863642
0.0690958 -0.393751
0.0846916 -0.349322
0.0063513 -0.394552
 0.498272 -0.319599
-0.573516  -0.13957
-0.039577 -0.550195
0.0842621 -0.363265
 0.264607 -0.335866
-0.250617 -0.518192
 0.183555 -0.129964
 -0.707474 -0.0746787
 0.606267 -0.438922
 0.264381 -0.387294
0.326222  -0.1268
 0.230184 -0.534138
 0.194834 -0.376709
 0.488011 -0.300342
 0.543613 -0.338319
-0.0801259  -0.088195
  0.65337 0.0402325
-0.291504 -0.100988
-0.172254 -0.130236
  0.739802 -0.0608007
 0.129399 -0.412959
  0.279909 -0.0655699
-0.0696157  -0.547854
-0.264065 -0.289696
 0.541895 -0.338429
-0.123907 -0.347098
 -0.27514 -0.130507
 0.588908 -0.284091
 0.484485 -0.096038
 0.248763 -0.338635
 0.439076 -0.525434
 0.404675 -0.421317
  0.46525 -0.515504
-0.233326 -0.114278
0.352893 -0.10813
 0.161653 -0.394529
 0.538414 -0.286622
-0.222861 -0.102706
 0.181566 -0.545705
 0.422848 -0.311643
-0.012341 -0.363441
-0.124269 -0.346117
 0.432205 -0.494626
  0.585563 -0.0981627
  0.24578 -0.369415
0.441788  -0.5036
-0.578895 -0.138892
-0.102005 -0.535649
 0.371902 -0.359097
 0.316209 -0.321814
 -0.430804 -0.0938908
-0.296002 -0.111566
 0.268472 -0.447082
-0.187036 -0.541075
 0.437426 -0.367503
 0.522931 -0.108221
-0.110684 -0.138395
 0.289854 -0.396644
-0.309202 -0.107701
0.0794026 -0.377351
-0.186358 -0.346526
 0.128902 -0.415936
  0.533622 -0.0984791
0.0754245 -0.356643
-0.0949531  -0.206609
 0.356826 -0.320684
-0.560655 0.0485728
 0.207175 -0.538869
-0.192709 -0.442096
-0.186425 -0.369623
-0.166558 -0.551856
-0.192799 -0.441852
 0.122144 -0.401583
 0.522773 -0.316073
-0.193929 -0.533748
 0.568702 -0.312254
 0.349909 -0.344944
  0.481863 -0.0999031
 0.451982 -0.109554
 0.628666 -0.260426
 0.570555 -0.099225
0.460933 -0.10309
-0.189748 -0.535465
-0.310016  -0.11803
-0.262641 -0.118347
 0.545986 -0.333534
0.0882628 -0.549751
 0.265014 -0.385639
 -0.455599 -0.0958798
-0.193455 -0.534272
 0.623106 -0.260607
  -0.63464 -0.0710849
-0.00791088   -0.390833
 0.182289 -0.376153
 0.379699 -0.544282
 0.413128 -0.332831
-0.226183 -0.456668
-0.260132 -0.102005
 0.664265 -0.249916
 0.131027 -0.549644
 0.626519 -0.270529
-0.512399 -0.285221
-0.260155  -0.10153
0.00818211  -0.348085
 0.442105 -0.363615
-0.202315 -0.536518
 0.523587 -0.107791
 0.535724 -0.157924
 -0.260177 -0.0999935
0.599757 -0.45526
-0.0844655  -0.551076
 0.621298 -0.286148
 0.424588 -0.309044
  0.59978 -0.358695
 0.443845 -0.362289
-0.701658 0.0364804
-0.246548 -0.155257
 0.420361 -0.314469
 0.255815 -0.385463
 0.626496 -0.270507
  0.517416 -0.0984565
-0.193749  -0.33894
 0.436206 -0.367632
-0.514139 -0.204327
 -0.596073 -0.0836745
 0.543409 -0.321204
 -0.581901 -0.0840135
-0.110345 -0.136044
-0.231947 -0.115838
 0.618856 -0.426713
 -0.428702 -0.0967613
-0.141898 -0.544684
-0.590716 -0.025021
 -0.645618 -0.0751307
-0.220103 -0.520793
  0.52987 -0.289741
 0.128857 -0.412496
-0.224262 -0.155867
-0.118618 -0.372675
0.0762608 -0.384089
 0.527701 -0.285244
 0.079267 -0.354814
 0.135412 -0.409381
 0.384988 -0.495573
  0.648647 0.00248628
 -0.756033 -0.0442105
 -0.595146 -0.0972586
 0.265173 -0.389446
 0.418734 -0.318447
-0.0717855  -0.548409
 -0.17318 -0.341103
0.452638 -0.11629
 0.541172 -0.280271
  0.42122 -0.314152
 -0.745331 -0.0504714
  0.51154 -0.452848
-0.431798 -0.116538
 0.298534 -0.382113
  0.15555 -0.124879
-0.110504 -0.351024
  0.560542 -0.0998578
 0.196619 -0.348639
-0.141966 -0.547118
0.389464 -0.52766
0.0862059 -0.110458
-0.274711 -0.154036
  0.690552 -0.0280271
 0.295528 -0.391984
-0.0559412  -0.403531
 0.497006 -0.296952
 0.284385 -0.389642
 0.481885 -0.473574
  0.751759 -0.0546528
 0.415796 -0.319396
-0.131072 -0.543619
 0.536606 -0.287097
0.511201 -0.45311
 -0.664111 -0.0391249
-0.721913 -0.280836
 0.528514 -0.286668
-0.187217 -0.347739
  0.582331 -0.0868162
 -0.115318 -0.0712883
 0.119002 -0.414109
 -0.466968 -0.0787245
  0.740413 -0.0575686
 0.507426 -0.463509
-0.00682596   -0.350576
 -0.644384 -0.0620213
    0.527 -0.284656
 0.412473 -0.111521
-0.574646 -0.124201
 0.595259 -0.259658
 0.440771 -0.522522
-0.113058 -0.346465
 0.431911 -0.371666
 0.452253 -0.103949
-0.188279 -0.368409
-0.0415434   -0.39513
-0.210339 -0.135773
-0.205072 -0.499531
 0.474562 -0.498772
  0.582512 -0.0255182
 0.192438 -0.111521
  0.596616 -0.0945689
 -0.70735 -0.275705
 0.268043 -0.131547
-0.247904 -0.524993
0.387746 -0.35742
  0.50494 -0.465874
-0.782058 -0.077956
 0.226748 -0.115951
 0.620642 -0.255612
  0.576341 -0.0892347
  0.34453 -0.108515
-0.218815 -0.121127
 0.500804 -0.107859
-0.0975072  -0.539003
 0.126145 -0.410299
-0.185747 -0.349405
 0.477636 -0.473452
 0.695389 -0.228398
-0.630036 -0.140678
 0.474788 -0.465553
 -0.294104 -0.0973942
   0.69688 -0.0682596
0.0759444 -0.365632
 0.186923 -0.377426
 0.276542 -0.525904
0.0732773 -0.372406
-0.194653 -0.438357
 0.202112 -0.373206
 0.304546 -0.388824
-0.786027 -0.226522
-0.00962867   -0.380893
 0.477907 -0.111476
 0.528379 -0.450115
 0.511743 -0.466511
 0.637097 -0.250187
-0.187804 -0.343359
 0.282305 -0.412007
 0.126484 -0.409413
  0.27679 -0.399497
-0.188347 -0.449051
-0.460594 -0.137762
 0.671656 -0.235043
 0.140814 -0.402645
 0.126371 -0.410791
-0.259522 -0.153946
  0.63226 -0.290442
  0.32299 -0.178198
  0.27957 -0.400971
 0.513077 -0.454125
0.475444 -0.10969
-0.730418 -0.107068
 -0.715071 -0.0488214
 0.130936 -0.409426
0.475534 -0.11021
-0.0676041  -0.551233
 0.413015 -0.332686
 -0.554281 -0.0688698
 -0.641276 -0.0800355
 0.126416 -0.416386
-0.756201 -0.044866
 0.154307 -0.123116
-0.110775 -0.380129
  0.532492 -0.0865902
-0.113035 -0.361199
 0.289561 -0.402089
 0.665011 -0.229122
 0.390142 -0.531358
0.0659541  -0.11916
0.0849854 -0.399438
 0.156771 -0.547869
 0.252357 -0.388404
 0.165518 -0.359974
0.346406 -0.35615
 0.529464 -0.444512
  0.699593 -0.0683952
-0.251182 -0.152906
-0.428769 -0.175486
-0.109713 -0.376833
-0.296319 -0.117556
 0.175667 -0.123997
 -0.618856 -0.0954052
  0.22659 -0.548776
 0.080917 -0.356491
  0.25473 -0.537481
-0.585405 -0.120923
 0.158127 -0.118075
 0.297856 -0.447731
 0.561175 -0.439246
-0.201682 -0.452536
 -0.480529 -0.0949757
-0.447484 -0.139457
 0.290691 -0.385122
-0.316616 -0.186561
-0.0913593  -0.161178
 0.489977 -0.461523
-0.0196642  -0.400704
-0.204801 -0.548129
 0.579053 -0.457538
0.0472844  -0.12567
-0.645408  -0.08103
 0.577788 -0.465537
 -0.53152 -0.137333
 0.372602 -0.520271
 0.546054 -0.334393
-0.406619 -0.295686
 0.170649 -0.348822
  0.17596 -0.378802
-0.266868 -0.158466
  0.21339 -0.540685
-0.650353 -0.110956
-0.578669 -0.124901
 0.508669 0.0473296
-0.264833 -0.162286
0.0758314 -0.343585
  0.518705 -0.0866128
 0.522412 -0.383861
0.0848724 -0.411388
 0.510997 -0.473131
-0.625992 -0.136316
  0.32525 -0.548828
-0.574533 -0.122506
 0.296432 -0.391005
 -0.24761 -0.524001
 0.131253 -0.410165
 0.279729 -0.374844
-0.798732 -0.180074
  0.28165 -0.539727
 0.477094 -0.106616
 0.161743 -0.359671
 -0.664615 -0.0683274
 -0.782878 -0.0424701
-0.476009 -0.138531
 -0.43277 -0.113239
 -0.19133 -0.345671
 0.745385 -0.278915
-0.652503  -0.02536
0.0492508 -0.380778
 0.126461 -0.413321
 0.402144 -0.411757
 0.598808 -0.298466
-0.233213 -0.159754
 0.043555 -0.123839
0.0873813 -0.384111
-0.583484 -0.138192
  0.526683 -0.0813238
-0.0167937  -0.543408
-0.193251 -0.358699
-0.0223087  -0.102344
0.370274 -0.52056
 0.406868 -0.362655
 0.603894 -0.296138
 0.550868 -0.307823
 0.662208 -0.262347
 0.433561 -0.501796
 0.522186 -0.461229
 -0.663704 -0.0579754
 0.292115 -0.378596
 0.578692 -0.465792
0.0865676 -0.384453
 0.474766 -0.474058
-0.0155279   -0.38448
 0.269896 -0.543775
 0.273264 -0.543671
 0.506319 -0.463173
  0.46864 -0.345839
 0.439234 -0.361834
 0.442738 -0.487805
 0.297291 -0.389428
-0.239541   -0.1532
 0.174582 -0.359068
 0.538459 -0.272202
 -0.53794 0.0352599
 0.504759 -0.442772
0.678391 0.107904
 0.441675 -0.361737
0.215402 -0.54356
0.0390119 -0.145176
  0.46021 -0.135886
0.0343332 -0.548623
0.0946819 -0.348103
 0.508827 -0.469637
 0.497391 -0.446257
-0.271772 -0.157087
 0.274711 -0.383682
 -0.25186 -0.158082
 0.279864 -0.353829
 -0.582444 -0.0873135
