 -0.103113 -0.0310784
0.183329 -0.34118
 0.354317 -0.322605
-0.187827 -0.364122
-0.0368647   0.113035
-0.282983 -0.330654
-0.282509 -0.321385
 0.186561 -0.347172
-0.113103 -0.349344
 0.199218 -0.361364
-0.189047 -0.342532
 0.356396 -0.315893
-0.114685 -0.349078
-0.479535 -0.106819
 0.414688 -0.525917
 0.188957 -0.345805
-0.19124 -0.34144
 -0.230681 -0.0751985
 -0.283639 -0.0732321
-0.115634   -0.1334
  0.11464 -0.126687
 0.654342 -0.417043
 0.186945 -0.121986
 0.533125 -0.427752
-0.119183 -0.119725
-0.120042 -0.119703
0.0914497  0.072328
 0.489615 -0.294126
 0.201999 -0.132564
 0.166784 -0.124427
 0.282373 -0.128043
 0.363448 -0.338414
 0.262935 -0.331714
-0.473613 -0.102186
 -0.64253 -0.086658
  0.137062 -0.0283661
-0.188527 -0.335625
-0.522886 -0.090523
 0.764191 -0.205818
 0.306919 -0.118143
 -0.295076 -0.0997674
 0.186697 -0.339494
0.0811204 -0.376187
 0.123251 -0.129196
 0.796874 -0.191421
-0.0425153  -0.119748
 -0.44545 -0.112425
-0.509528 -0.102435
  0.20401 -0.184595
-0.281107 -0.324052
-0.00501776   -0.345832
-0.0275072 -0.0795834
0.0846916 -0.366242
 0.105576 -0.183193
-0.453768 -0.112108
0.0853922 -0.137988
 0.408246 -0.409668
-0.475466 -0.107656
-0.0233032  -0.107452
 0.454536 -0.400444
 0.125828 -0.128721
 0.750087 -0.212124
-0.0640555 -0.0261511
 0.354475 -0.319057
-0.206496 -0.113962
 -0.639592 -0.0854827
 -0.541601 -0.0989311
 0.660581 -0.409521
-0.275366 -0.342322
 0.158037 -0.124924
 0.669689 -0.233778
-0.479761 -0.113352
 -0.275457 -0.0348531
-0.455689 -0.111611
 0.452005 -0.156613
 0.197907 -0.134033
0.422079 -0.32473
 0.190675 -0.102502
 0.539657 -0.303755
  0.598311 -0.0922182
-0.0707232  -0.541154
  0.64555 -0.418345
 0.187081 0.0686664
 0.115634 -0.543543
-0.110097 -0.348741
-0.0726896  -0.122415
 0.355017 -0.319034
  -0.45526 -0.0264675
-0.565673 -0.097801
0.0787019 -0.362483
 0.429719 -0.457922
 0.138983 -0.179893
0.0816176 -0.349968
-0.186651 -0.442471
 -0.473455 -0.0966935
 -0.567278 -0.0492056
 0.25855 -0.11907
-0.486948 -0.100898
 0.694914 -0.274078
 0.095925 -0.120607
  0.592864 -0.0629254
-0.188211 -0.351921
-0.0230093  -0.107384
 -0.505437 -0.0946593
 0.187578 -0.339175
-0.214905 -0.117194
  -0.52162 -0.0452502
 0.286102 -0.328776
 0.646454 -0.420678
  0.452344 -0.0502002
 0.216916 -0.121059
-0.490678 -0.070339
  0.592592 -0.0630384
 0.557016 -0.145402
 0.174966 -0.350793
 0.199942 -0.183645
 -0.495492 -0.0697965
-0.0920148  -0.109441
-0.492508 -0.111679
-0.280836   -0.1037
 -0.460345 -0.0973942
-0.114504 -0.122958
 0.213774 -0.120878
  0.569741 -0.0774362
-0.462266  -0.10422
-0.248198 -0.127071
0.0492282 -0.138418
-0.0331579   0.113578
-0.288385 -0.339523
-0.115521 -0.201479
-0.467917 -0.103655
 0.574736 -0.137491
  0.31257 -0.170784
-0.175305 -0.122415
0.0948401 -0.117601
-0.298421  -0.13123
 0.159167 -0.127614
-0.189635 -0.335247
-0.563277 -0.140565
  0.434284 -0.0985921
-0.170445 -0.122144
 -0.590852 -0.0883306
    0.3632 -0.0945463
 -0.590377 -0.0916305
-0.0403455  -0.542669
-0.0421085  -0.111091
 0.261624 -0.439298
 0.188279 -0.339223
-0.490994 -0.102774
0.0243881 -0.552545
-0.109147  -0.34832
0.0950887 -0.118143
-0.00650952   -0.361773
  0.362861 -0.0944332
 0.289515 -0.323148
 0.274078 -0.178537
 0.631649 -0.414514
   0.18916 -0.0805101
0.0665418 -0.124766
 0.253464 -0.500367
0.472754 -0.15164
  0.40567 -0.409896
 0.417355 -0.321272
 0.217843 -0.120539
-0.201931 -0.130394
 -0.590694 -0.0921278
-0.113894 -0.341553
 0.296183 -0.077843
 -0.590513 -0.0888052
 0.656625 -0.110391
0.0436454 -0.135073
 0.658592 -0.121556
 -0.552857 -0.0943202
 0.085008 -0.136157
0.494204 0.105734
 0.393464 -0.184662
   0.45196 -0.0654116
 0.261081 -0.348164
 0.667429 -0.119499
 -0.450965 -0.0942072
 0.259409 -0.118618
 0.648534 -0.237168
  0.78277 -0.249577
0.0901614 -0.181973
-0.0241395 -0.0758766
 0.402844 -0.167485
-0.168841 -0.132451
-0.462538 -0.101214
-0.184911 -0.335753
 0.169383 -0.124969
-0.0402777 -0.0448208
-0.0758314  -0.118708
 -0.478698 -0.0921278
 0.113261 -0.540994
-0.233326 -0.107091
 0.356826 -0.320684
-0.213887 -0.115002
 0.359335 -0.505062
-0.0954504  -0.351415
 -0.071989 -0.0400968
  0.139051 -0.0294963
 0.683274 -0.115408
0.0718081 -0.186109
 0.268766 -0.523476
 0.671905 -0.398426
  -0.60039 -0.0992702
 0.254391 -0.111114
0.344123 -0.15051
0.0860477  -0.36242
0.0953147 -0.118708
-0.0224217  -0.125557
 0.535272 -0.430051
 -0.449134 -0.0413174
 0.155483 -0.162128
-0.294827 -0.365338
-0.289967 -0.080917
-0.0348305  0.0699095
 -0.579506 -0.0854827
  0.78451 -0.203377
 -0.25308 -0.110933
-0.484711 -0.113374
 0.660988 -0.109306
 0.188256 -0.129806
 0.129241 -0.163077
-0.075967 -0.163371
-0.0629932  -0.164591
 0.670955 -0.124924
-0.0684856  -0.163552
-0.0152567  -0.132925
-0.266438 -0.334388
 0.345163 -0.151392
 -0.11464 -0.176526
 0.150013 -0.162105
 0.106639 -0.192121
 0.391159 -0.100468
 0.168818 -0.349828
-0.302647 -0.122912
0.182786 -0.20462
  0.21617 -0.131705
-0.470471 -0.100491
 0.132044 -0.111792
 0.417468 -0.539162
 -0.504759 -0.0945237
0.0954956 -0.118957
 0.669509 -0.106526
-0.265263 -0.333647
-0.0397804  -0.541868
  0.489435 -0.0911333
 0.277265 -0.337317
 0.182899 -0.373242
0.0230772 -0.543259
  0.81152 -0.228217
 0.201298 -0.127342
 -0.627999 -0.0801033
-0.192392  -0.34403
-0.203513 -0.342247
-0.265873 -0.155437
 0.674052 -0.106367
0.380197 -0.17474
 -0.443619 -0.0534775
 0.257171 -0.122325
 0.339761 -0.123048
 -0.06175 -0.116086
 0.293132 -0.154285
-0.217911 -0.100694
-0.169202 -0.121714
  0.31691 -0.525825
 -0.48062 -0.112154
 -0.467261 -0.0886696
 0.31587 -0.15268
-0.179554 -0.118799
-0.226251 -0.153855
 0.147888 -0.120765
-0.00958346   -0.548364
 -0.476348 -0.0947271
  0.452683 -0.0879689
0.0601227 -0.133581
-0.253668 -0.113261
 0.268427 -0.536676
  0.576951 -0.0858669
  0.21608 -0.114391
 0.398866 -0.497363
 0.253193 -0.118414
  0.57885 -0.101666
 0.473003 -0.138282
 0.235744 -0.547812
  0.187375 -0.0791314
-0.0553309  -0.162715
-0.214362 -0.115793
-0.0749951  -0.122121
-0.470335 -0.102954
 0.190629 -0.369935
   0.4332 -0.120268
 0.448931 -0.061298
 0.461973 -0.152883
 -0.059535 -0.0302874
0.168343 -0.16163
-0.585563 -0.095812
 0.270168 -0.522271
 0.326719 -0.152635
0.0469906 -0.135547
 0.631378 -0.420605
 0.219425 -0.119816
 0.218724 -0.128314
0.130688  -0.1869
 0.214543 -0.128427
 0.384808 -0.291301
 0.353797 -0.150194
 -0.507562 -0.0955182
-0.178176 -0.121104
 0.488779 -0.304976
 0.146216 -0.113623
 0.354678 -0.151256
 -0.224149 -0.0406845
 -0.717213 -0.0485954
 0.571391 -0.140316
  0.375134 -0.0704294
 0.360419 -0.503765
-0.652812 -0.111317
-0.243655 -0.107452
-0.112018 -0.347744
 0.509167 -0.434513
 -0.535092 -0.0954052
 -0.653233 -0.0824991
 0.168728 -0.117736
 -0.507087 -0.0861833
-0.0446173 -0.0510364
   0.45422 -0.0471488
 0.813735 -0.190629
 0.430736 -0.106729
-0.0361866  -0.125512
-0.0208395 -0.0719664
 0.186877 -0.103745
 -0.242321 -0.0893025
 0.601859 -0.119567
  -0.4966 -0.110142
 0.176209 -0.200439
0.48905  -0.173
  0.13844 -0.550702
 -0.091947 -0.0508104
 0.49678 -0.13514
 0.67152 -0.23823
-0.271072 -0.155935
 -0.455192 0.00284792
  0.597633 -0.0608459
-0.0736842  -0.114911
-0.197207 -0.112877
  0.507358 -0.0836066
 -0.448072 -0.0481659
-0.211989 -0.113555
  -0.45804 -0.0976428
-0.262641 -0.118347
 0.220081 -0.129015
-0.124246 -0.129806
  0.507245 -0.0601453
-0.115386 -0.343427
-0.014895 -0.331789
-0.379971 -0.106209
 0.668514 -0.240468
 0.262212 -0.117443
 0.309519 -0.120268
-0.185386 -0.370026
 0.516625 0.0969421
 0.466764 -0.139435
-0.0671294   -0.12454
  0.498837 -0.0909525
 0.451123 -0.142961
-0.484213 -0.106345
 -0.43277 -0.113239
 0.105034 -0.187736
 -0.492486 -0.0556474
  0.506816 -0.0612754
-0.0252018 -0.0505166
-0.0100581  -0.354532
 -0.575414 -0.0954956
 -0.508217 -0.0718986
-0.533668 -0.106526
 -0.292567 -0.0792444
  0.35834 -0.120336
-0.391634 -0.106187
 -0.591598 -0.0592638
-0.205931 -0.122867
 0.329205 -0.104288
 0.475579 -0.138779
 0.541172 -0.280271
-0.205954 -0.123138
-0.0768937  -0.115657
 -0.751237 -0.0912237
 0.388537 -0.508812
-0.467261 -0.079493
 -0.50225 -0.101847
 0.678617 -0.105667
  0.559231 -0.0942976
  0.507675 -0.0591281
-0.0768259  -0.116199
 -0.260177 -0.0999935
 0.585766 -0.213887
-0.110345 -0.136044
 0.051059 -0.551272
 0.132654 -0.190336
   -0.82638 -0.00334517
 0.215605 -0.118505
 0.490452 -0.070791
 0.221459 -0.129716
  0.490972 -0.0714013
 0.256109 -0.109328
  0.14669 -0.549211
 0.343807 -0.100265
  0.535408 -0.0966709
 0.667972 -0.382536
  0.375993 -0.0571165
0.0932805 -0.116606
   0.36781 -0.0921504
  -0.46473 -0.0768485
 0.108221 -0.187217
  0.449406 -0.0858217
0.167824 -0.54663
  0.489909 -0.0694123
 0.335964 -0.149583
-0.264246 -0.154669
 0.14999 -0.11421
  0.186923 -0.0829964
 0.694982 -0.272111
 0.158737 -0.188618
-0.186425 -0.369623
 0.469205 -0.072441
 0.422848 -0.311643
 -0.604074 -0.0824313
  0.482518 -0.0838779
 -0.720663 -0.0315305
   0.42235 -0.0789279
 0.432386 -0.117217
 0.662841 -0.387344
 -0.551456 -0.0925346
-0.016093 -0.476189
0.0882628 -0.549751
-0.193251 -0.112719
0.432182 -0.11412
 0.278531 -0.529554
 0.155912 -0.125399
 0.767513 -0.220374
  0.160749 -0.0364804
-0.192732 -0.353087
 0.688404 -0.252131
0.306987 -0.11629
  0.482631 -0.0719212
 0.543613 -0.268224
 0.158489 -0.190042
 0.289267 -0.524195
 -0.467126 -0.0806683
  0.507901 -0.0497933
 0.268834 -0.128766
 -0.461453 -0.0751759
 -0.26637 -0.130597
 0.697558 -0.218114
 0.079267 -0.354814
 0.304026 -0.111521
-0.0692315  -0.103972
-0.0507426 -0.0944106
 0.451214 -0.397899
 -0.25021 -0.116448
 0.305699 -0.109939
-0.357639 -0.181679
  0.482857 -0.0729383
 -0.744893 -0.0767807
-0.0694801  -0.104152
 0.294691 -0.522692
 0.258053 -0.107271
 0.196325 -0.129738
 0.179916 -0.363272
 0.292273 -0.181023
 -0.467668 -0.0406845
 0.113623 -0.551828
 -0.219176 -0.0808265
 0.698214 -0.216713
 0.695456 -0.271411
-0.0826347  -0.119047
-0.747417 -0.250684
-0.285786 -0.156658
 0.322741 -0.508705
-0.178424 -0.348573
 -0.5501 -0.10691
 0.392583 -0.474723
-0.260426 -0.088986
 0.226748 -0.115951
 0.699502 -0.123184
  0.392673 -0.0991572
 0.535815 -0.096038
 0.644171 -0.091947
  0.323555 -0.0787245
  0.596616 -0.0945689
 0.201682 -0.186403
0.0754245 -0.356643
  0.487626 -0.0935291
-0.561491 -0.105305
   0.57433 -0.0750629
  0.364465 -0.0912915
 0.26906 -0.11403
 0.810955 -0.186629
 0.433516 -0.173858
 0.793574 -0.274982
-0.204733  0.104401
 0.666955 -0.110865
 -0.713493 -0.0497707
 0.540087 -0.284814
 -0.19463 -0.350495
 -0.713715 -0.0835388
 0.184911 -0.120358
0.187533 -0.34189
0.0839457 -0.375597
0.0758314 -0.343585
 0.318944 -0.150533
 -0.258414 -0.0893703
-0.396493 -0.124969
 -0.604526 -0.0809396
-0.244084 -0.132677
-0.609275 -0.097575
-0.110504 -0.351024
-0.0676493 -0.0791088
-0.266868 -0.158466
 -0.481139 -0.0966483
 0.630904 -0.138033
-0.195986 -0.105915
 -0.611904 -0.0852566
 -0.713455 -0.0510138
 0.782951 -0.195557
   0.56061 -0.0952243
-0.43885 -0.11742
 0.145379 -0.359429
  0.29711 -0.523976
-0.109147 -0.350739
0.230139 -0.53501
-0.00506296    -0.35867
  0.46091 -0.100332
 0.307869 -0.151482
 0.647607 -0.412805
 0.386028 -0.484035
  0.368895 -0.0907264
  0.76349 -0.252312
 0.187533 -0.341928
 -0.604187 -0.0816176
 0.214566 -0.116448
 0.637097 -0.250187
 0.138802 -0.551825
-0.272631 -0.152476
 0.542031 -0.282011
  0.539228 -0.0935744
-0.73438 -0.11351
-0.0273038 -0.0306264
  0.387791 0.00393284
-0.270484 -0.153381
  0.141944 -0.0953373
 -0.19237 -0.112425
 0.217278 -0.134688
 0.695389 -0.228398
 0.245915 -0.536257
-0.0913593  -0.161178
-0.0787471  -0.161382
0.351876 -0.10135
 -0.658637 -0.0810526
  0.146396 -0.0882176
 0.329431 -0.148611
0.14452 0.11412
 0.533419 -0.103678
 0.338563 -0.153539
-0.207378  0.106616
-0.193319 -0.362408
  0.11299 -0.548451
 0.504759 -0.442772
-0.505867 -0.117917
 0.602696 -0.138327
  0.524152 -0.0966031
 0.204168 -0.134847
-0.0533645  -0.143368
-0.0971681  -0.161178
-0.125014 -0.374743
-0.742492 -0.112289
 0.080917 -0.356491
-0.0697513  -0.112447
  0.158941 -0.0352373
-0.263545 -0.153765
  0.508059 -0.0341298
  0.13948 -0.160478
-0.0475331  -0.105621
 0.575143 -0.109396
-0.224511  -0.15772
 0.337275 -0.146057
 0.345027 -0.147029
 -0.560632 -0.0953599
-0.108266  0.039351
 0.652941 -0.419093
 -0.617401 -0.0891895
 0.327533 -0.154375
-0.259499 -0.121398
 0.128247 -0.550979
  0.097349 -0.0855053
 0.217029 -0.116629
-0.573448 -0.128473
-0.187759 -0.366915
  0.33081 -0.149154
 0.439212 -0.496001
0.00779786  -0.189658
 0.638927 -0.141492
-0.277762  -0.15112
 0.319486 -0.517776
 0.315305 -0.147888
 0.203671 -0.133197
 -0.274327 -0.0407749
 -0.23493 -0.156974
 0.231359 -0.538381
  0.328505 -0.0801033
 0.529057 -0.400146
 0.178221 -0.187375
 0.334449 -0.147504
 0.581427 -0.217617
-0.0223087  -0.102344
 0.232376 -0.535488
 0.585631 -0.257669
-0.0377688 -0.0860025
  0.462605 -0.0938682
0.0878785 -0.126642
 0.402279 -0.176322
-0.252312 -0.154307
 0.312593 -0.149312
 0.115137 0.0726444
 -0.467759 -0.0965579
-0.263636 -0.154104
-0.499357 -0.116064
 -0.298217 -0.0972586
0.0888052 -0.362318
-0.0895737  -0.105531
 0.184459 -0.114369
-0.0394866 -0.0347626
-0.0463803  -0.164524
-0.251611 -0.111566
0.141831 -0.18638
-0.0226929 -0.0670616
-0.0377236 -0.0229641
  0.418598 -0.0366387
-0.473409 -0.104672
-0.153064 -0.187058
-0.265738 -0.329366
 0.358656 -0.101485
 0.469137 -0.138259
-0.273535 -0.339942
 0.658772 -0.112402
0.0654794 -0.138892
  0.21339 -0.543926
-0.256448  0.101643
 0.536674 -0.094162
-0.0335873   -0.16432
-0.0381982 -0.0888956
 0.302534 -0.155709
 0.299822 -0.130665
 -0.471285 -0.0691637
 0.165043 -0.547808
 0.358295 -0.123975
  0.347107 -0.0956538
 0.130303 -0.140113
 0.291256 -0.530682
 0.457271 -0.159144
0.351401 -0.10752
 -0.647548 -0.0843073
 0.630248 -0.377975
-0.0654794 -0.0746335
-0.0970777  -0.163235
-0.107339 -0.345676
  0.332212 -0.0953599
 0.471194 -0.135163
  0.468369 -0.0996318
 0.163733 -0.114708
 0.083584 -0.353297
-0.264833 -0.162286
 -0.443755 -0.0596932
 0.461679 -0.162105
 -0.221256 -0.0361188
 0.772237 -0.189364
 0.276542 -0.525904
 -0.26307 -0.338845
 0.278734 -0.125218
0.541918 -0.30423
 0.477365 -0.138079
-0.0706554 -0.0503358
 0.165405 -0.157924
0.0811204 -0.146894
0.227065 -0.13279
0.0769163  0.110006
 0.119929 -0.161517
-0.0693671  -0.106842
 0.142305 -0.104559
 0.311282 -0.349394
 0.545082 -0.142735
-0.0592186 -0.0857539
   0.4933 -0.145085
