 -0.184143 -0.0282983
0.108063 -0.33977
 0.296567 -0.321136
-0.0882402  -0.369397
-0.322515  0.102141
-0.360555 -0.318786
0.00429448  -0.338604
 0.111227 -0.346151
-0.192596 -0.341576
-0.0726444  -0.364221
-0.0887826  -0.346933
 0.298782 -0.314107
-0.193907 -0.341418
  0.544698 -0.0868388
 0.493729 -0.484231
 0.113871 -0.344708
-0.0914949  -0.346184
  -0.31526 -0.0728705
 0.0236422 -0.0713561
-0.290939 -0.126529
-0.501708  -0.10648
 0.663225 -0.392348
0.0971003 -0.117239
 0.504601 -0.424018
-0.380332  -0.10926
 -0.515563 -0.0997222
-0.376309 0.0602583
 0.448637 -0.292273
 0.301337 -0.118369
0.0857313 -0.120087
0.00124314  -0.132066
 0.456209 -0.304976
 0.201886 -0.330494
-0.496306 -0.101508
 0.288091 -0.108673
  0.260155 -0.0179012
-0.0886244  -0.340091
-0.414982 -0.099564
 0.787155 -0.176435
0.0426735 -0.123319
 -0.372082 -0.0970777
 0.111498 -0.337864
-0.0858669  -0.371129
-0.498611 -0.108763
0.812085 -0.16475
-0.474155 -0.101078
  0.453429 -0.0986373
  0.514569 -0.0889408
 0.317949 -0.166241
 0.203332 -0.330351
-0.0873813  -0.340093
 -0.309903 -0.0734807
0.0102615 -0.362243
 0.231156 -0.168117
  0.567865 -0.0864094
  0.16102 -0.128066
 0.493887 -0.370448
-0.497843 -0.106684
-0.113374 -0.103406
 0.530322 -0.360731
-0.496645 -0.108741
 0.776328 -0.181069
 -0.144905 -0.0222183
 0.296929 -0.317158
 0.143142 -0.107158
 0.292612 -0.106593
-0.440116 -0.108876
 0.654975 -0.393094
-0.353074 -0.330299
0.0761478 -0.120358
  0.66092 -0.219945
  0.546958 -0.0927833
 -0.175667 -0.0339038
 0.565786 -0.086545
0.404065 -0.15164
 0.153561 -0.128744
 0.376535 -0.323442
  0.101734 -0.0983661
 0.203716 -0.361839
0.0749499 -0.122958
 0.209661 -0.522852
 0.640171 -0.402291
0.0956764 0.0736842
 0.147459 -0.534034
-0.358046 -0.318424
0.0548563 -0.115883
 0.297472 -0.317158
 -0.332596 -0.0278237
 0.445834 -0.097801
0.0045431 -0.358528
 0.506364 -0.417156
 0.237281 -0.165699
0.204055 -0.33475
 0.413355 -0.394156
-0.496012 -0.096264
 -0.482044 -0.0540426
 0.170988 -0.115228
  0.537171 -0.0825669
 0.684924 -0.260471
0.0114143 -0.116335
 0.560203 -0.055896
-0.273196 -0.340712
-0.113216 -0.103361
 -0.527565 -0.0938908
 0.112447 -0.337776
 0.105712 -0.112945
 -0.414168 -0.0489796
 0.225889 -0.327714
  0.64103 -0.404515
 0.404811 -0.043103
 0.220035 -0.112425
 -0.510251 -0.0713561
 0.559887 -0.056009
 0.699299 -0.102819
 0.100287 -0.348492
 0.117669 -0.178447
  -0.51493 -0.0708136
0.0344236 -0.103926
  0.535046 -0.0940942
 -0.503358 -0.0918114
-0.336913 -0.106819
0.0103745 -0.119251
 0.216781 -0.112267
0.0145334 -0.101824
-0.485976  -0.10361
0.0673555 -0.127116
 0.304275 -0.119093
-0.31709 0.103519
-0.198857 -0.350407
 0.215786 -0.188505
-0.490949 -0.103067
 0.661643 -0.106887
-0.479399 -0.152228
 0.166897 -0.115182
0.0103067 -0.113329
-0.204033 -0.135864
0.0770971 -0.123048
 0.110232 -0.337912
 0.559841 -0.129173
-0.407297 -0.105124
-0.0639425  -0.120155
 -0.511382 -0.0984113
 0.300794 -0.088534
-0.510817 -0.102254
   0.1169 -0.534174
-0.130868 -0.107588
 0.492712 -0.370742
 0.113193 -0.337675
  0.533442 -0.0854148
 0.206135 -0.532226
-0.188821 -0.340495
0.0105554 -0.113894
-0.0886696  -0.356249
  0.300478 -0.0883984
-0.160546 -0.331839
 0.746719 -0.090071
 0.592683 -0.415816
 0.0999257 -0.0754697
 0.171892 -0.114798
 0.352735 -0.468591
  0.4174 -0.14782
 0.491604 -0.370884
 0.371947 -0.319735
 0.171553 -0.115024
-0.0873587  -0.130846
-0.511156 -0.102774
0.00309654  -0.341323
  0.407613 -0.0627219
-0.459034 -0.105011
  0.647087 -0.0988407
-0.000474653    -0.130597
 0.648805 -0.110458
-0.460051 -0.103519
 0.160681 -0.126122
 0.667791 0.0942524
  0.48297 -0.160568
  0.227811 -0.0677171
 0.200778 -0.347389
  0.755534 -0.0850758
 -0.475218 -0.0933257
0.356645 -0.10309
 0.699683 -0.201366
 0.801123 -0.217481
 0.216509 -0.167326
  0.102344 -0.0676719
 0.493322 -0.144159
-0.235857 -0.129151
-0.485863 -0.101011
-0.0847594  -0.339928
 0.088195 -0.120449
 0.0836519 -0.0384243
0.0515789 -0.112289
 -0.501097 -0.0921278
 0.145221 -0.531105
0.0866354 -0.104695
  0.29937 -0.318899
-0.458673 -0.101191
 0.358566 -0.494511
0.0219018 -0.349778
 -0.485185 -0.0362996
  0.262099 -0.0188279
  0.767558 -0.0818437
 0.200123 -0.172073
 0.264494 -0.515278
 0.652195 -0.390467
  0.740277 -0.0618856
 0.166445 -0.106096
 0.258844 -0.147866
0.0118889 -0.358421
0.0107814 -0.114504
-0.111837 -0.122167
 0.506725 -0.426303
 -0.474087 -0.0409783
0.0737068 -0.157042
 -0.20774 -0.378158
 -0.369234 -0.0769615
-0.317158 0.0619082
 -0.495673 -0.0953147
 0.803971 -0.173904
0.0661801 -0.109328
  0.542686 -0.0939134
  0.664016 -0.0949079
 0.172367 -0.122799
0.0606651 -0.157381
 -0.17431 -0.158647
0.0481659 -0.158647
 0.660716 -0.113487
-0.154985 -0.158511
-0.00978688   -0.128473
-0.175192  -0.34401
 0.260064 -0.148792
0.00732321   -0.17248
0.0682369  -0.15711
 -0.46317 -0.162376
  0.21825 -0.102322
0.0938456  -0.34729
0.000971908   -0.127071
0.102841 -0.20227
 0.169926 -0.126325
 -0.493232 -0.0999257
0.0480529 -0.106345
 0.468889 -0.507546
  0.518908 -0.0798546
0.0109396 -0.114775
  0.663948 -0.0940942
-0.343897  -0.32186
  0.26176 -0.514076
  0.277265 -0.0963545
 0.218046 -0.335374
0.00174039  -0.375077
 0.205547 -0.522608
 0.824358 -0.199444
 0.157178 -0.121511
 -0.532176 -0.0931223
-0.0921504  -0.349096
0.0930997 -0.346903
-0.348282  -0.14938
  0.664039 -0.0948175
 0.472935 -0.151437
 -0.313248 -0.0554213
 0.354882 -0.107091
-0.00246367   -0.131501
0.0662931 -0.108786
0.229302 -0.14999
-0.113352 -0.100807
-0.0626541  -0.119635
 0.188098 -0.539836
0.293968 -0.11577
 -0.490406 -0.0886696
  0.27514 -0.146871
-0.247814 -0.115295
-0.184595 -0.154398
0.0644623 -0.115431
0.0320729 -0.543427
 -0.498792 -0.0944106
  0.405082 -0.0831998
 0.140475 -0.124653
0.0660219 -0.111905
 0.179328 -0.541881
  0.413603 -0.0934387
  0.312615 -0.0995188
 0.541918 -0.432393
 0.165496 -0.114391
  0.549354 -0.0949305
 0.435437 -0.131411
  0.29277 -0.528507
  0.298805 -0.0659089
0.030649  -0.1572
 0.106435 -0.111182
0.0525734 -0.115747
-0.493187 -0.102367
0.117217 -0.36829
 0.377688 -0.115454
  0.402053 -0.0538844
0.234071 -0.16545
    0.4306 -0.0138327
0.0862963 -0.156997
0.412631 -0.10144
 0.265805 -0.514071
 0.275072 -0.148069
 0.158715 -0.125466
 0.610381 -0.412864
 0.173067 -0.114301
0.0984791 -0.125489
0.0628123  -0.18143
0.0165902 -0.128427
  0.47463 -0.260132
0.451349 -0.12906
  -0.52969 -0.0947723
-0.0719438   -0.11916
0.447959 -0.30319
 0.063287 -0.107972
  0.668401 -0.0938682
 -0.310536 -0.0377688
 -0.374795 -0.0705876
   0.5376 -0.132744
  0.461091 -0.0547207
 0.295935 -0.508873
  0.655699 -0.0966031
 0.281514 -0.094388
0.0053794  -0.34757
 0.479489 -0.431312
-0.428498 -0.105124
 0.262053 -0.107068
0.0871778  -0.11351
 -0.392944 -0.0945689
 0.0784759 -0.0449112
  0.406393 -0.0400516
 0.826212 -0.164298
 0.351265 -0.103768
-0.125602 -0.122302
  0.104469 -0.0644623
  0.097914 -0.0998126
 -0.327375 -0.0863868
  0.668107 -0.0939586
-0.434669 -0.116019
-0.456593 -0.173587
 0.715912 -0.111046
 0.157924 -0.541693
 0.0336099 -0.0460413
 0.452005 -0.129919
 0.662864 -0.223968
-0.148747 -0.158828
 -0.333025 0.00551501
 0.564949 -0.053794
0.0535905 -0.108334
 0.358385 -0.094162
  0.303484 -0.0882628
 -0.319486 -0.0499515
-0.456955 -0.100446
 -0.481998 -0.0971681
  0.05567 -0.117804
 0.173881 -0.123568
0.00113013  -0.126732
  0.825172 -0.0179012
0.00167259  -0.343567
  0.10135 -0.324436
-0.408698 -0.103994
 0.660196 -0.226251
  0.17474 -0.113103
0.0444139 -0.124788
-0.270484 -0.359723
-0.552156 0.0781368
 0.428905 -0.132835
0.0613206 -0.117533
  0.291617 -0.0958798
  0.40307 -0.136813
  0.539409 -0.0873813
   0.58163 -0.0837649
0.0882854 -0.180775
 -0.375043 -0.0591055
  0.824969 -0.0186019
 0.0982079 -0.0435776
0.00099451  -0.350784
-0.490316 -0.105802
  0.520084 -0.0565967
-0.427458 -0.119115
 -0.371472 -0.0758766
 0.352848 -0.111815
 -0.516105 -0.0967613
 -0.374071 -0.0720342
-0.216803 -0.120675
-0.346948 -0.106051
 0.446377 -0.131162
 0.452073 -0.291482
-0.0920148  -0.122167
0.0506748 -0.109351
-0.501776 -0.136836
  0.14938 -0.545744
 -0.490248 -0.0799902
  0.521711 -0.0865902
  0.72224 -0.083245
  0.529825 -0.0873361
  0.825262 -0.0176978
0.0508104 -0.109893
 -0.157991 -0.0999257
0.709854 -0.16163
-0.157788 -0.133332
   0.0667 -0.544964
0.0395092  -0.18516
    -0.7679 -0.00510817
 0.169248 -0.112538
  0.443484 -0.0645527
 0.174921 -0.124269
  0.279864 -0.0740232
0.168072 -0.10413
 0.260901 -0.525377
   0.28052 -0.0933031
-0.521892 -0.102751
 0.647336 -0.374406
  0.301766 -0.0494091
0.00872457  -0.112334
  0.305563 -0.0862285
  0.270529 -0.0759218
0.0535679 -0.181249
  0.401759 -0.0807813
  0.37319 -0.498202
 0.442263 -0.063626
0.250277 -0.14712
-0.140339 -0.157833
  0.27453 -0.097801
   0.29815 -0.0696383
  0.68524 -0.258369
0.0265805 -0.184821
-0.0862059  -0.374914
  0.421446 -0.0664061
 0.377168 -0.310378
  0.375156 -0.0905908
  0.435347 -0.0784533
 -0.379609 -0.0440523
  0.512353 -0.0623603
 0.37701 -0.11247
 0.641934 -0.379166
 0.106639 -0.110504
0.0886696  -0.46817
  0.17908 -0.535276
  0.362273 -0.0935517
0.377213 -0.10926
0.247746  -0.5265
0.0738876 -0.120923
 0.788827 -0.189929
  0.266438 -0.0262415
0.104808 -0.35631
 0.729609 -0.215176
0.0429674 -0.121714
 0.267727 -0.075628
 0.688404 -0.203762
0.0395318 -0.185747
 0.234388 -0.525834
 -0.490135 -0.0812108
   0.82533 -0.0122054
-0.0266257   -0.13062
 -0.337614 -0.0806005
-0.025473 -0.134507
 0.736118 -0.185386
 0.111792 -0.347518
0.0292476 -0.115273
 0.0583597 -0.0974394
0.0757862 -0.086771
 0.527384 -0.358695
0.0699321 -0.115205
0.0307168 -0.113419
 0.617071 -0.129015
  0.267885 -0.0769163
 -0.13462 -0.131004
 0.0585857 -0.0976202
 0.296409 -0.512808
 0.353051 -0.091947
 0.152047 -0.123997
0.105373 -0.36197
 0.227901 -0.176526
 -0.346677 -0.0435776
 0.205118 -0.534933
 0.103248 -0.075854
    0.737 -0.183012
 0.685602 -0.257804
-0.354272 -0.109939
-0.414643 -0.396098
-0.189499 -0.160478
 0.294217 -0.505417
-0.264992 -0.337543
 0.469431 -0.103497
 0.351537 -0.473016
 -0.160139 -0.0888504
-0.0559186  -0.116358
 0.123771 -0.189884
 0.220148 -0.101056
 -0.52144 -0.102322
  0.660129 -0.0775718
  0.259002 -0.0736615
  0.763422 -0.0551727
0.119386 -0.18134
 0.108176 -0.349227
  0.440568 -0.0885792
 0.452841 -0.105034
  0.409241 -0.0794252
  0.302354 -0.0853244
 0.208372 -0.108605
 0.824087 -0.160229
 0.520106 -0.148837
 0.810164 -0.241282
 -0.44753 0.0876525
  0.661598 -0.0981401
 -0.369167 -0.0727122
 0.450942 -0.296341
-0.095925 -0.355546
 0.235654 -0.124834
0.0187827 -0.118663
  0.29928 -0.318808
 0.206383 -0.359866
 0.198247 -0.328731
 0.27844 -0.14504
 0.0613432 -0.0865676
0.0205457 -0.134982
 -0.532877 -0.0907942
0.0214724 -0.134598
  0.37093 -0.111611
-0.0863642  -0.349457
 0.0575686 -0.0725766
-0.358385 -0.151437
 0.542302 -0.077391
 0.349955 -0.171101
-0.297426 -0.101553
-0.447756 -0.101982
 -0.368941 -0.0741136
 0.801914 -0.167326
 0.531204 -0.088308
  0.578466 -0.0883306
-0.134485 -0.354993
 0.183917 -0.534012
 -0.18898 -0.343029
 0.288566 -0.515425
-0.0868162  -0.353019
 0.240604 -0.106187
 0.290013 -0.143933
 0.642114 -0.396972
 0.344372 -0.483047
  0.306038 -0.0857991
 0.786273 -0.218521
  0.11247 -0.340518
  0.190223 -0.0999257
 0.168163 -0.110458
 0.628779 -0.235608
 0.158331 -0.542897
-0.354791 -0.146487
 0.452909 -0.293335
  0.33359 -0.102095
 0.294036 -0.179283
 -0.113826 -0.0277333
 0.478472 0.0133581
-0.332935 -0.148973
 0.0578624 -0.0906586
  0.363177 -0.0930093
 0.145605 -0.130416
0.735011 -0.19402
  0.22537 -0.530994
-0.177045 -0.156658
-0.152296 -0.156568
0.0858217 -0.106593
 0.240897 -0.106797
  0.269964 -0.0757184
 0.278079 -0.144001
-0.331624  0.099677
-0.371088 -0.121285
 0.287459 -0.148724
-0.447032 0.0900484
-0.0934613  -0.368428
 0.062948 -0.545173
 0.475308 -0.439106
 0.523768 -0.103045
 0.295347 -0.169835
-0.447349 -0.107181
 0.159167 -0.129512
-0.0892573  -0.140249
-0.158331 -0.157087
 0.184369 -0.365957
 0.534074 -0.147346
 0.11351 -0.34898
0.0583371 -0.105825
 0.0819793 -0.0305812
-0.346429 -0.147594
  0.300771 -0.0343106
 0.249803 -0.146668
-0.136451 -0.102322
 0.712499 -0.074204
-0.311915 -0.152386
 0.286148 -0.140904
 0.409105 -0.130213
  0.451598 -0.0939586
-0.190313 0.0402777
 0.647878 -0.402544
  0.637436 -0.0711979
 0.276044 -0.149583
0.0581562 -0.120562
 0.188143 -0.537507
  0.411004 -0.0633548
 0.170604 -0.110481
  0.56443 -0.118641
-0.0876525  -0.372458
 0.290939 -0.143571
-0.411275 -0.494425
 0.176729 -0.175463
0.691976 -0.11412
-0.359628 -0.145854
 0.315237 -0.508821
 0.274462 -0.141989
 0.159257 -0.127455
 -0.175395 -0.0386277
 -0.32082 -0.151459
 0.203739 -0.534205
 -0.161201 -0.0858895
 0.379112 -0.434029
0.0956764 -0.182425
0.282938 -0.14287
   0.7073 -0.164094
 -0.111905 -0.0978462
 0.204507 -0.531414
 0.655088 -0.218182
 -0.126642 -0.0819341
0.0315079 -0.108989
  0.18586 -0.115906
 0.493096 -0.152047
-0.346316 -0.147933
 0.248492 -0.144792
0.0392831 0.0777074
 -0.490655 -0.0960832
-0.356102 -0.147685
  0.532831 -0.0998578
 -0.375134 -0.0946819
0.228986  -0.3429
0.0369551 -0.100287
-0.367607 -0.105531
 0.0854601 -0.0280045
0.0773232 -0.157404
0.0681917  -0.10978
0.0484598 -0.181747
 0.102322 -0.059648
 0.0848046 -0.0134937
  0.509008 -0.0240491
-0.496012 -0.104017
-0.532605 -0.151143
-0.344236  -0.31856
-0.367675 -0.104921
 0.439822 -0.130846
-0.183284 -0.349588
 0.649325 -0.100446
 0.247588 -0.124246
 0.194675 -0.538706
-0.334856  0.097349
 0.359583 -0.100762
-0.158082 -0.158873
 -0.319893 -0.0800355
 0.261624 -0.149922
-0.131275 -0.137581
  -0.49452 -0.0698417
 0.018308 -0.549941
 0.353345 -0.115273
 0.284204 -0.088534
0.047081 -0.13505
 0.235654 -0.532158
 0.409964 -0.153674
0.0857087 -0.112673
  0.27783 -0.106503
 0.684833 -0.331689
 -0.179441 -0.0700225
0.0644623 -0.157811
0.0098999 -0.345208
  0.267252 -0.0913819
 0.441834 -0.127704
0.250843 -0.10578
0.0816628 -0.110549
0.0090184 -0.349462
-0.317633  -0.15702
  -0.3137 -0.061863
 0.432408 -0.154398
  -0.30823 -0.0339716
0.793031 -0.16154
 0.245893 -0.522918
 -0.34184 -0.327081
-0.208621 -0.128676
 0.206948 -0.362924
 0.448185 -0.130665
   0.26176 -0.0369099
 0.261194 -0.144181
 0.338721 -0.124992
 0.179803 -0.125986
-0.451621 0.0875847
0.0898449 -0.154759
0.0585631 -0.100423
 0.0586761 -0.0996544
-0.324436 -0.341196
 0.691207 -0.101734
 -0.148453 -0.0813464
 0.447394 -0.139435
