 0.392176 -0.264517
  0.539816 -0.0101937
 0.450197 -0.295189
 -0.668302 -0.0128382
  0.38926 -0.462623
 -0.27609 -0.366355
 -0.336619 -0.0563932
  0.407003 -0.0149629
 0.552383 -0.228308
  0.496034 -0.0937326
-0.298941 -0.113352
-0.501708  -0.10648
  0.101395 -0.0985695
 0.327239 -0.094275
  0.663361 -0.0457023
  0.27184 -0.162874
 0.51276 -0.29338
-0.474155 -0.101078
 0.203807 -0.435308
   0.551863 -0.00897319
-0.496645 -0.108741
 0.374162 -0.334182
 0.508488 -0.142848
-0.227991 -0.104243
-0.462131 -0.107136
 0.249125 -0.164637
-0.200868 -0.119251
-0.454694 -0.103768
   0.65554 -0.0727122
 0.410868 -0.261601
-0.283142 -0.175395
 0.535227 -0.133061
 0.448818 -0.146261
  0.563006 -0.0821149
-0.498611 -0.108763
 0.330268 -0.105915
-0.496984 -0.151821
0.0145334 -0.101824
 0.518027 -0.138192
-0.308411 -0.109193
-0.440116 -0.108876
-0.0153697  0.0398708
0.508488 -0.14877
  0.512082 -0.0738424
  0.493548 -0.0583823
-0.317158 0.0619082
-0.480778 -0.116177
-0.290939 -0.126529
  0.476189 0.00348079
-0.218001  -0.17743
0.325092 -0.10587
-0.477387 -0.110142
-0.526706 -0.102005
0.246729 -0.28009
 0.549354 -0.086658
 0.506703 -0.273807
  0.40142 -0.094162
   0.43711 -0.0943654
0.0103745 -0.119251
-0.461995 -0.115476
  0.709425 -0.0207265
  0.565447 -0.0746787
 0.352396 -0.321588
  0.401262 -0.0985017
0.352644 -0.10422
-0.465182 -0.106797
  0.403455 -0.0350791
 0.106209 -0.114188
  0.226274 -0.0653664
 0.324798 -0.105689
0.693445 -0.28773
 -0.546009 -0.0970551
-0.370432 -0.120856
  0.580749 -0.0673328
0.234071 -0.16545
 0.443009 -0.306693
  0.463713 -0.0908394
 0.603035 0.0370003
   0.5567 -0.082793
 0.358566 -0.494511
   0.551343 -0.00684856
 0.541285 -0.131727
  0.644759 -0.0344236
  0.651879 -0.0609363
  0.790477 -0.0435776
-0.50659 -0.11134
   0.5508 -0.116719
  0.652466 -0.0598966
 0.426532 -0.132405
-0.387746 -0.165224
 0.286509 -0.145854
  0.555999 -0.0812108
  0.534165 -0.0533193
 -0.19949 -0.127365
 -0.471059 -0.0953599
 0.327555 -0.106277
 0.106639 -0.110504
-0.440591 -0.099225
-0.345095  0.105418
 0.543681 -0.116719
  0.786115 -0.0233258
  0.661259 -0.0602583
-0.34514 0.104808
  0.725337 -0.0509686
  0.721517 -0.0224217
 0.569244 -0.114233
 0.565063 -0.142577
  0.461498 -0.0415208
0.356645 -0.10309
0.557355 -0.27566
-0.33307 0.106367
 0.439438 -0.093823
   0.715075 -0.00325476
  0.719031 -0.0557604
 0.441856 -0.308728
 -0.49174 -0.116742
-0.314401  -0.12628
  0.373009 -0.0987955
 0.491853 -0.117194
 0.710125 0.0194382
   0.42287 -0.0857765
 0.504782 -0.287911
 0.411252 -0.134259
  0.479196 -0.0773006
  0.556112 -0.0787923
  0.48297 -0.160568
-0.4669 -0.1136
 0.515631 -0.072102
  0.663948 -0.0940942
 0.493322 -0.144159
     0.3005 -0.00219244
-0.393374 -0.106232
 0.358317 -0.354909
  0.808627 -0.0245011
  0.803541 -0.0181498
0.320594 -0.50291
0.0306038 -0.113758
0.358114 -0.10257
   0.644691 -0.00160478
0.0292476 -0.115273
 0.443099 -0.490128
  0.465159 -0.0880593
-0.320119 -0.110458
-0.371291 -0.125783
  -0.420497 -0.00246367
  0.361572 -0.0938682
0.0570261 -0.083584
  0.269964 -0.0757184
-0.471985 -0.100739
-0.484191   0.11073
  0.704814 -0.0155505
-0.387655 -0.102774
  0.658795 -0.0692315
-0.276722  0.102864
0.0572521 -0.402306
-0.275592 -0.107724
-0.351491     0.103
  0.405737 -0.0114595
  0.227765 -0.0290668
 0.374071 -0.313542
  0.563073 -0.0423119
-0.474879 -0.107475
  0.668492 -0.0705198
 0.255679 -0.174356
  0.476393 -0.0766451
  0.711595 -0.0253826
-0.455779 -0.115295
 0.498656 -0.287978
-0.243316  0.100807
0.437065 -0.29815
 0.479625 -0.079945
  0.263206 -0.0283887
  0.372444 -0.0889634
0.0264901 -0.447658
 0.0232806 -0.0795382
 0.084895 -0.118188
  0.458808 0.00664514
 0.399341 -0.100129
 0.327081 -0.102706
0.572408 -0.14391
-0.358069 -0.108085
 0.510251 -0.267998
 0.460164 -0.162467
-0.362589 -0.105305
 0.456299 -0.160048
   0.720703 -0.00687116
 0.265331 -0.183216
  0.711753 -0.0116855
  0.729541 -0.0153697
   0.567074 -0.00687116
 0.510568 -0.075628
  0.706215 -0.0111656
 0.442489 -0.167914
  0.650206 -0.0405263
-0.339625 -0.044866
 0.536945 -0.145244
  0.421604 -0.0946593
  0.237417 -0.0728027
-0.49947 0.109328
 0.460368 -0.079606
-0.357097 -0.111295
 0.399635 -0.092512
   0.717788 -0.00352599
 0.477568 0.0436906
-0.326584   0.13514
 0.432454 -0.261488
 0.520807 -0.149177
-0.51319  -0.1096
 0.478133 0.0246367
0.0491604 -0.304817
  0.706916 -0.0102389
 0.170604 -0.110481
   0.64546 -0.0552857
-0.542686 -0.106684
-0.297426 -0.101553
  0.711979 -0.0072328
  0.37041 -0.303439
-0.474833 -0.146577
-0.0527316  -0.193071
  0.731191 -0.0470358
-0.398753 0.0959928
-0.474359 -0.145153
 0.249825 -0.145018
  0.29598 -0.180119
 0.714239 0.0200258
-0.357662 -0.118143
 0.559661 -0.112357
-0.494791  0.111747
   0.664649 -0.00702938
-0.235563  0.107497
  0.45031 -0.126777
  0.646454 -0.0629706
 0.278214 -0.157856
-0.477026 0.0402325
-0.546506 0.0801033
 0.326968 -0.102254
-0.329906  0.097236
 0.345728 -0.531957
-0.347739 0.0982531
 -0.46647 0.0848272
   0.22494 -0.0870196
 0.37441 0.161517
-0.505889 -0.163032
-0.531498 -0.156658
 0.415411 0.0237326
 0.273219 -0.152861
-0.0162738 -0.0315983
  0.577494 0.00585405
  0.720862 0.00239587
0.0462673 0.0749047
  0.552835 -0.0134485
0.415547  -0.1671
-0.326403 0.0501776
 0.439393 -0.163846
   0.6736 -0.391595
   0.64833 -0.0441427
0.413671 -0.13462
-0.140271 0.0153697
 -0.34132 0.0588117
