  0.32464 -0.287707
  0.488508 -0.0235292
 0.514998 -0.284859
 -0.474517 -0.0182628
 0.452841 -0.447796
 0.512806 -0.315169
  0.360623 -0.0572747
  0.593135 -0.0193251
 0.596209 -0.221188
0.443303 -0.11073
  0.535069 -0.0939134
 0.346609 -0.119658
  0.528785 -0.0822957
 0.301563 -0.110119
  0.605883 -0.0615014
0.369867 -0.16545
 0.565221 -0.282102
 0.385531 -0.107791
 0.439099 -0.394093
  0.667407 -0.0144882
 0.355673 -0.121104
 0.560723 -0.289628
 0.454988 -0.161156
 0.542596 -0.083132
 0.397126 -0.112221
 0.360872 -0.166897
  0.584591 -0.0893477
0.406257   -0.107
  0.667542 -0.0789053
 0.582557 -0.225822
 0.536606 -0.145628
 0.337094 -0.172186
 0.384197 -0.165948
 0.373936 -0.114301
 0.353232 -0.121805
 0.304523 -0.120991
 0.483106 -0.151211
 0.659541 -0.065389
 0.572114 -0.137107
 0.336687 -0.110323
 0.464278 -0.105463
 0.305066 0.0314853
  0.45474 -0.167304
  0.461046 -0.0901162
  0.440184 -0.0743396
 0.527294 0.0562576
0.378547 -0.12576
 0.542573 -0.103926
  0.422396 -0.0101485
 0.568995 -0.137762
 0.299144 -0.121059
  0.38144 -0.118347
 0.427617 -0.108492
  0.33906 -0.279276
 0.353842 -0.119025
 0.451779 -0.296206
 0.331601 -0.112786
 0.370704 -0.112786
 0.331081 -0.117849
 0.401262 -0.120991
  0.663112 -0.0336551
 0.377665 -0.105689
 0.434126 -0.312706
  0.33142 -0.117352
 0.309699 -0.120517
 0.39412 -0.11256
  0.483965 -0.0426961
 0.401307 -0.109125
  0.482654 -0.0625411
 0.298828 -0.120856
 0.698327 -0.282689
 0.275434 -0.118776
 0.488711 -0.109487
  0.402957 -0.0954504
 0.367268 -0.165518
 0.508217 -0.296228
  0.40081 -0.108085
 0.154985 0.0248628
 0.364036 -0.115002
 0.414372 -0.483949
  0.600119 -0.0164546
 0.489389 -0.149086
  0.587733 -0.0493639
  0.664446 -0.0674685
   0.75637 -0.0556474
0.341705 -0.12628
0.607781 -0.11516
 0.664672 -0.066813
 0.514003 -0.131411
0.461159 -0.15702
 0.354249 -0.151889
 0.363968 -0.113013
 0.333613 -0.079945
  0.588592 -0.0947045
 0.388673 -0.100762
 0.301743 -0.121308
 0.402234 -0.105011
 0.421017 -0.100016
 0.504533 0.0977332
0.499086  -0.1334
  0.753454 -0.0342428
 0.672583 -0.066587
 0.504849 0.0969873
  0.681262 -0.0648918
  0.521214 -0.0490926
 0.387723 -0.149968
   0.3837 -0.182334
  0.397827 -0.0574556
 0.314356 -0.119816
0.600187 -0.26454
 0.512738 0.0968517
0.373642 -0.11247
  0.669463 -0.0149855
  0.674504 -0.0701356
0.507358 -0.29833
 0.364194 -0.129467
 0.527904 -0.106345
0.293968 -0.11794
  0.43763 -0.135276
  0.493593 0.00517597
 0.355718 -0.104288
 0.557852 -0.276881
  0.34453 -0.154172
  0.466403 -0.0904552
0.363855 -0.10978
 0.429854 -0.179238
 0.410891 -0.118505
  0.628802 -0.0688698
  0.670774 -0.0999935
 0.439912 -0.162738
  0.398392 -0.0132903
  0.574262 -0.0870648
 0.441743 -0.343357
  0.776396 -0.0348531
  0.769299 -0.0286148
  0.43268 -0.476083
 0.345118 -0.111905
 0.315508 -0.119319
   0.58762 -0.0150081
 0.343513 -0.113397
 0.445744 -0.492007
 0.401985 -0.105734
   0.52257 -0.0938456
 0.430284 -0.120584
   0.443642 0.000158218
 0.326561 -0.110074
 0.370229 -0.083358
  0.371653 -0.0832224
 0.387023 -0.106729
0.368511  0.12854
  0.658546 -0.0280723
  0.471307 -0.0953599
  0.669938 -0.0755602
 0.552337 0.0868388
 0.343219 -0.378176
  0.547026 -0.0868388
 0.500465 0.0961962
 0.592005 -0.016206
  0.713538 -0.0180368
0.452683 -0.30441
   0.38266 -0.0677623
 0.382886 -0.115069
  0.678979 -0.0765095
 0.376241 -0.174333
  0.627084 -0.0703842
  0.665553 -0.0381982
 0.409829 -0.119432
  0.44319 -0.310242
 0.570171 0.0821827
 0.371879 -0.322357
  0.466922 -0.0931449
  0.363471 -0.0372489
 0.293426 -0.107995
 0.441495 -0.392558
  0.503064 -0.0679883
 0.385124 -0.113849
  0.528695 -0.0044753
 0.329522 -0.119047
 0.301404 -0.117782
 0.615398 -0.141537
  0.496351 -0.0961736
 0.455892 -0.289922
 0.526254 -0.159913
 0.491085 -0.094388
 0.344304 -0.187465
  0.676696 -0.0188279
 0.344959 -0.187307
  0.665666 -0.0238004
  0.531995 -0.0395996
  0.675295 -0.0118889
 0.459034 -0.092173
  0.660106 -0.0232806
0.603668  -0.1466
  0.663406 -0.0479173
  0.498589 -0.0376558
 0.534594 -0.153833
 0.353955 -0.113216
  0.491537 -0.0693445
0.347174 0.130981
  0.527271 -0.0840587
  0.497865 -0.0987729
 0.329838 -0.111204
  0.672718 -0.0151663
 0.424904 0.0316661
0.513913 0.121511
 0.369054 -0.283978
  0.57329 -0.147549
 0.332325 -0.125806
 0.574488 0.0129738
 0.338405 -0.288611
  0.660807 -0.0223313
 0.260132 -0.119951
  0.584885 -0.0721246
 0.285831 -0.130145
  0.536199 -0.0838553
   0.59926 -0.0233936
 0.449089 -0.294804
 0.373687 -0.159144
 0.635741 -0.131185
  0.687003 -0.0605973
 0.469793 0.0959024
 0.373032 -0.157811
 0.352622 -0.149629
 0.474653 -0.167123
 0.669305 0.0089958
0.496215 -0.10526
  0.50989 -0.129445
0.353254 0.132451
  0.674617 -0.0172231
 0.574194 0.0865224
 0.377145 -0.146916
  0.660106 -0.0697965
 0.346768 -0.164501
0.374094 0.048844
0.285063 0.106209
  0.42339 -0.106616
 0.518592 0.0885114
 0.415931 -0.515348
 0.503516 0.0914723
 0.403816 0.0960154
  0.712114 -0.0535227
-0.578556  0.115634
 0.324753 -0.188776
 0.259318 -0.193184
 0.604572 0.0125218
 0.501414 -0.138101
  0.30371 -0.035938
   0.620868 -0.00411366
   0.676561 -0.00933483
0.668989 0.048731
  0.601385 -0.0219244
 0.494226 -0.164591
 0.509799 0.0474426
 0.485208 -0.166196
 0.691004 -0.375195
  0.661394 -0.0511721
 0.347061 -0.154714
 0.516083 0.0112108
 0.499764 0.0553987
