-0.312299 0.0204327
  0.759467 -0.0318921
 -0.152522 -0.0308976
 -0.810593 -0.0144656
 -0.173836 -0.0307394
 -0.149516 -0.0307394
  0.488508 -0.0235292
  -0.21235 -0.0306716
 -0.809914 -0.0200936
 -0.674626 -0.0346496
 -0.215357 -0.0306264
  -0.449654 -0.00406845
  -0.805087 -0.00018082
-0.291075 0.0916983
  -0.811848 -0.00580884
  -0.521123 -0.00614788
 0.524129 0.0919018
 -0.152612 -0.0340168
 0.63904 -0.26411
 -0.173768 -0.0374749
 -0.170558 -0.0374297
-0.170739 -0.034062
  -0.536945 -0.00648692
0.241756 0.106277
 0.637933 -0.255453
 0.395612 0.0607103
 0.439008 -0.117284
 0.715007 -0.215447
 -0.726603 -0.0723506
 0.821691 -0.133739
-0.284724  0.019619
 0.440907 0.0984339
 0.611104 -0.370032
0.386503 0.130575
   -0.742388 -0.000745883
   -0.81031 -0.00845334
   0.828585 -0.00519858
  0.772553 -0.0541104
  -0.805087 -0.00659993
0.796942 -0.20514
  0.528785 -0.0822957
 0.387768 -0.059761
  -0.75029 -0.0273716
 0.622156 -0.366631
   0.68741 -0.0687568
 0.642544 -0.249419
  0.775989 -0.0537261
   -0.52266 -0.00513077
 0.548404 -0.281921
0.390797 0.123342
 0.528695 0.0580432
 0.572114 -0.137107
  -0.450264 0.000565063
  -0.448976 -0.00189861
 0.774452 -0.178786
   -0.52144 -0.00302874
  -0.811579 -0.00913141
 0.663632 -0.112312
 -0.213933 -0.0310784
  0.810164 -0.0468098
  0.810413 -0.0436906
 -0.807266 -0.0197094
 -0.810622 -0.0107588
 0.809441 -0.148973
  0.592615 -0.0803745
 -0.726329 -0.0736163
 0.613048 -0.365514
-0.755764 -0.026897
  0.825149 -0.0405263
  0.724794 -0.0981627
 0.527294 0.0562576
 0.801643 -0.157833
  0.520671 -0.0553987
  -0.812509 -0.00212464
  0.660309 -0.0378366
0.541759 -0.36362
 0.575866 -0.136203
 0.568453 -0.137717
 0.695728 -0.208983
 0.661959 -0.113239
 0.712973 -0.101666
0.389305 0.139525
 0.705334 -0.106616
  0.434194 -0.0967161
 -0.253261 -0.0137649
  0.521214 -0.0490926
   0.78998 -0.0445043
 0.795879 -0.157946
 -0.175373 -0.0355085
 -0.147843 -0.0355085
 0.624258 -0.368669
  0.678979 -0.0765095
 -0.730737 -0.0780238
  0.495402 -0.0893025
0.490836 0.052822
 0.388447 0.0550371
 -0.464459 -0.0201614
  -0.223946 -0.00438489
 0.776848 -0.142735
-0.720491 -0.019845
 -0.172276 -0.0293833
-0.307078 0.0179012
 0.302489 -0.432824
  -0.804403 -0.00384243
 -0.168276 -0.0352825
 0.515201 -0.160161
 -0.766661 -0.0285696
 0.521123 0.0513981
 -0.642492 -0.0758314
 -0.169293 -0.0325024
-0.699577 0.0308072
 0.093823 0.0765321
  0.713787 -0.0257669
  -0.444139 -0.00404585
  0.766858 -0.0248854
  0.664174 -0.0724184
 -0.466561 0.00531159
 0.667271 -0.100943
 -0.151324 -0.0295415
 -0.813335 -0.0171779
  0.783561 -0.0306716
 0.321362 -0.106006
  -0.446716 -0.00422667
 -0.69936 0.0312141
  0.766993 -0.0134711
   -0.802357 -0.000248628
  0.767106 -0.0462221
 -0.447801 -0.0045205
-0.311327 0.0176073
 -0.177091 -0.0351921
  0.677804 -0.0504262
   0.1506 0.0388989
  -0.768062 0.000678075
 -0.27557 0.0153245
  -0.828257 -0.00965127
   -0.787993 -0.000610268
  0.719234 -0.0985695
 0.637006 -0.244808
-0.702646 0.0311462
 0.391769 0.0483694
 -0.70209 0.0310784
  0.743577 -0.0376784
  -0.221685 -0.00137875
 0.371472 -0.128201
  0.660106 -0.0232806
  0.766767 -0.0329092
 -0.209141 -0.0344914
  0.52483 0.0518501
-0.310106 0.0187149
  0.661643 -0.0209977
  0.767151 -0.0319599
 0.654388 0.0246819
   -0.22607 -0.00348079
 0.592864 -0.441743
  0.667949 -0.0727348
  0.761478 -0.0974168
  0.672311 -0.0756958
 0.530661 0.0568001
   -0.719675 -0.000316435
  0.658863 -0.0633774
  0.753635 -0.0793574
  0.713425 -0.0907942
  0.400403 -0.0266257
  0.689919 -0.0712205
 0.726422 -0.043329
  0.732389 -0.0302195
 0.801733 -0.270281
 0.643448 -0.238863
  0.714307 -0.0901162
 -0.811691 -0.0170649
  0.692925 -0.0662479
   0.73214 -0.0236196
0.523949 0.046855
-0.261895  0.104943
  0.813509 -0.0450468
 -0.806688 -0.0294285
 0.819047 0.0518501
   0.699186 -0.00151437
0.392492  0.12619
 -0.828327 -0.0114369
  0.726083 -0.0961284
-0.776608 -0.028547
  0.731281 -0.0250662
 0.629163 -0.264675
0.699954 -0.20505
  0.809825 -0.0099451
 0.703435 -0.174446
  0.764778 -0.0359606
 0.806525 -0.267297
 0.384762 0.0473522
 -0.172389 -0.0184888
 0.670051 -0.070904
 -0.812458 -0.0200484
0.379089 -0.35094
   0.47915 -0.0980496
 0.671837 -0.378431
 0.534142 -0.156545
-0.134801 0.0677397
  0.560406 -0.0234614
-0.211808 -0.003639
 -0.450242 0.00886018
 0.617026 -0.343312
 0.112809 -0.095699
  0.809554 -0.0105554
 -0.471149 -0.0910881
   0.2774 0.0110752
 0.624168 -0.316119
   -0.53907 -0.00594446
  0.69566 -0.204168
 0.276994 0.0311236
 0.721336 -0.108899
 0.698621 -0.227359
0.580274 -0.43744
 0.318695 -0.187217
-0.743048 0.0026671
  0.69896 -0.210135
  0.757726 -0.0393284
 -0.208327 -0.0214272
 0.737836 -0.183623
 0.717042 -0.091834
  0.691817 -0.0658185
0.0974168   0.03804
  -0.15815 -0.0388311
