-0.105169 0.0313723
  0.762134 -0.0280723
-0.0909525 -0.0221731
-0.718036 -0.015867
-0.0690054 -0.0218792
-0.0878785 -0.0220374
   0.758811 -0.00348079
  -0.10969 -0.0222183
 -0.717042 -0.0229641
 -0.165202 -0.0417694
 -0.112877 -0.0222635
 -0.269512 0.00386503
 -0.709983 0.00278011
0.215492 0.115928
  -0.720507 -0.00470132
  -0.342744 0.000678075
 0.767694 0.0741136
-0.0909977 -0.0253148
 0.689354 -0.247678
-0.0689376 -0.0284792
-0.0876299 -0.0288182
 -0.109667 -0.0256312
   -0.358498 -2.26025e-05
 0.683296 0.0853922
 0.688608 -0.240536
 0.727936 0.0530029
  0.741407 -0.0667904
 0.709786 -0.226635
-0.634638 -0.081256
 0.808288 -0.151866
-0.0842395  0.0304456
 0.743396 0.0777752
 0.660377 -0.353645
 0.72328 0.100423
-0.617188 0.0035938
  -0.717559 -0.00818211
   0.816787 0.000203423
     0.741 -0.0594898
  -0.709554 -0.00517597
 0.798998 -0.217029
 0.770564 -0.043668
  0.722783 -0.0278915
 -0.632888 -0.0301065
 0.669983 -0.350811
   0.73318 -0.0590151
 0.692789 -0.233778
  0.745408 -0.0590603
 -0.344123 0.00149177
 0.680539 -0.234817
 0.726625 0.0952017
 0.769321 0.0509912
 0.700022 -0.108469
 -0.270077 0.00872457
 -0.268879 0.00603487
 0.741475 -0.206768
 -0.343016 0.00384243
 -0.719727 -0.0090184
    0.7205 -0.0988633
-0.0453406 -0.0219922
  0.815204 -0.0449112
  0.815137 -0.0412722
 -0.713188 -0.0223313
 -0.717996 -0.0109622
 0.814572 -0.156455
  0.712792 -0.0578624
-0.634294 -0.082793
 0.662592 -0.350153
 -0.641796 -0.0295867
  0.811859 -0.0420859
0.722376 -0.10031
  0.76844 0.0497255
 0.805644 -0.166739
   0.76471 -0.0257216
-0.720807         0
  0.710012 -0.0293833
 0.671498 -0.309406
 0.702531 -0.107769
 0.697513 -0.109034
 0.689286 -0.219855
 0.710532 -0.102525
 0.709176 -0.104356
0.725495 0.105983
 0.700135 -0.109373
 0.738378 -0.052822
  -0.123274 -0.00519858
  0.764891 -0.0223087
  0.819702 -0.0358928
 0.798659 -0.166987
 -0.092625 -0.0269422
 -0.108017 -0.0269648
 0.671792 -0.352321
0.725585  -0.0667
 -0.640652 -0.0879011
  0.715324 -0.0562802
 0.760145 0.0472844
 0.722715 0.0495899
 -0.289787 -0.0144204
-0.0924894 0.00483694
 0.781436 -0.147029
 -0.676502 -0.0202292
 -0.111272 -0.0208169
-0.100174 0.0286826
 0.673713 -0.301337
 -0.708857 -0.0017856
 -0.107181 -0.0268066
  0.761862 -0.0979592
 -0.665255 -0.0322538
 0.764236 0.0466064
 -0.408495 -0.0957894
-0.0862963 -0.0238004
-0.548314 0.0440975
 0.425763 0.0794252
  0.814029 -0.0112108
  -0.26411 0.00397804
  0.823477 -0.0134485
  0.712702 -0.0627671
-0.294217 0.0139683
  0.720862 -0.0892121
-0.0897545 -0.0208395
 -0.722148 -0.0192799
  0.755308 -0.0306264
  0.704814 -0.0584953
 -0.266823 0.00354859
-0.547952 0.0448434
   0.823567 -0.00332257
 -0.706344 0.00264449
  0.800829 -0.0379722
 -0.267749 0.00323216
-0.104175 0.0285922
-0.0723054 -0.0262641
 0.724862 -0.041905
 0.550597 0.0438941
  -0.65514 0.00504036
-0.0794252  0.0256312
 -0.749553 -0.0107362
 -0.648574 0.00237326
  0.719212 -0.0999709
 0.687071 -0.230252
-0.552699 0.0447982
0.725179 0.044866
-0.551998 0.0442783
 0.781075 -0.029338
 -0.090071 0.00797868
  0.698508 -0.0752211
  0.710397 -0.0137197
  0.770926 -0.0287052
-0.0844203 -0.0264223
 0.766722 0.0467646
-0.103226 0.0292702
  0.711436 -0.0123636
  0.824042 -0.0193477
0.811701  0.02866
-0.0948853 0.00576364
 0.642521 -0.423166
  0.716228 -0.0632418
  0.764484 -0.0978914
  0.720116 -0.0660445
 0.770858 0.0500645
  -0.63197 0.00479173
  0.705989 -0.0539748
  0.755737 -0.0799902
  0.709673 -0.0926476
   0.731575 -0.00517597
  0.698598 -0.0693219
  0.766609 -0.0348305
  0.823726 -0.0143074
 0.798275 -0.291708
 0.693241 -0.223607
 0.710645 -0.091834
 -0.719517 -0.0192347
  0.701921 -0.0639425
   0.823748 -0.00974168
  0.76636 0.0435324
 0.22598 0.122912
   0.81916 -0.0425153
 -0.788463 -0.0304682
 0.771672 0.0739554
  0.0617726 -0.00226025
 0.728072 0.0968969
 -0.749689 -0.0130642
 0.723483 -0.098027
 -0.777119 -0.0290894
  0.770858 -0.0173361
 0.680561 -0.249486
 0.693942 -0.215989
   0.814345 -0.00406845
 0.698598 -0.181634
  0.768666 -0.0323442
 0.804084 -0.287775
 0.720862 0.0444591
  -0.111408 -0.00980949
 0.718511 -0.061298
 -0.720344 -0.0231902
 0.712792 -0.232308
  0.707865 -0.0627219
 0.647675 -0.407064
  0.770022 -0.0951791
0.593542 0.065502
  0.692789 -0.0109396
-0.0795608 0.00560542
-0.269964 0.0180368
 0.666887 -0.327262
  0.460481 -0.0700451
   0.814074 -0.00461091
  0.230907 -0.0943428
  0.69288 0.0197998
 0.674029 -0.300274
  -0.360532 0.000610268
 0.689444 -0.214701
 0.692586 0.0339942
 0.719596 -0.111317
 0.691885 -0.239722
 0.610584 -0.431611
  0.780487 -0.0894833
 -0.618291 0.00797868
 0.692721 -0.221301
  0.759828 -0.0352599
-0.0389441 -0.0119567
 0.688133 -0.215628
   0.71381 -0.0938004
  0.700451 -0.0634678
  0.42834 0.0457475
-0.0966257 -0.0302421
