./pipeline/AutomaticSolver
-0.0147635   -2.51297  -0.991185
   3.36874    2.67537    53.3866
   1.04702   -49.0057          1
-0.895526
Residual@ L:  -0.51719 -0.0142622          1    0.518524 -0.00965127           1
Residual@ L:-0.519903 -0.014217         1    0.515721 -0.00969647           1
Residual@ L:0.189409 -0.13401        1   0.576771 -0.0995414          1
Residual@ L:-0.688427 -0.239677         1  -0.67242 -0.248944         1
Residual@ L: -0.581811 0.00730061          1 0.409105  0.01433        1
Residual@ L: 0.153652 -0.135163         1   0.23475 -0.129173         1
Residual@ L: -0.625868 -0.0133355          1   0.517123 -0.0099451          1
Residual@ L: 0.760868 -0.196958         1  0.783787 -0.179283         1
Residual@ L: 0.762563 -0.318944         1  0.811837 -0.270914         1
Residual@ L: -0.644953 -0.0450016          1   0.656241 -0.0347626          1
Residual@ L: 0.619376 -0.410179         1 0.667655 -0.37514        1
Residual@ L:-0.688506 -0.243565         1 -0.672045 -0.253058         1
Residual@ L:-0.740903 -0.189409         1 -0.505889 -0.277717         1
Residual@ L:  -0.51823 -0.0142848          1   0.350791 -0.0129738          1
Residual@ L: 0.722218 -0.216713         1  0.708611 -0.215673         1
Residual@ L: -0.718061 -0.0238908          1 -0.0225799 -0.0360284          1
Residual@ L:-0.398324 -0.343373         1 0.274733 -0.36975        1
Residual@ L:-0.562599 -0.103022         1  0.270959 -0.127116         1
Residual@ L:  -0.612688 -0.00773006           1    0.528424 -0.00282531           1
Residual@ L: -0.665248 -0.0885114          1  0.235202 -0.129083         1
Residual@ L:  0.128925 -0.0827025          1  -0.207084 -0.0919244          1
Residual@ L: -0.705028 -0.0324798          1   0.819725 -0.0107814          1
Residual@ L:-0.582647 0.0215854         1  0.407274 0.0314627         1
Residual@ L:-0.698406 -0.253758         1 -0.391679  -0.36899         1
Residual@ L: 0.689241 -0.267139         1  0.728366 -0.238999         1
Residual@ L: 0.754743 -0.117895         1  0.779063 -0.105802         1
Residual@ L: 0.698033 -0.244175         1  0.685308 -0.241982         1
Residual@ L: -0.802891 -0.0963545          1 -0.461656 -0.177701         1
Residual@ L: 0.0945689 0.00960606          1    0.75203 0.00897319          1
Residual@ L:0.773864 -0.21877        1  0.794636 -0.198744         1
Residual@ L:-0.489299 -0.162241         1  0.475715 -0.163642         1
Residual@ L: 0.682211 -0.267342         1  0.670752 -0.264427         1
Residual@ L:-0.793246 0.0274168         1 -0.384378 0.0589247         1
Residual@ L:-0.625856 -0.135073         1  0.313632 -0.180074         1
Residual@ L:-0.798038 -0.097462         1 -0.440251 -0.179803         1
Residual@ L:0.783199 -0.20071        1  0.734107 -0.219018         1
Residual@ L:-0.542189 -0.161789         1  0.295528 -0.196981         1
Residual@ L: -0.166196 0.00976428          1  0.691117 0.0103972         1
Residual@ L: 0.777978 -0.213187         1  0.798479 -0.193636         1
Residual@ L: 0.773571 -0.218815         1  0.794184 -0.198789         1
Residual@ L:-0.578873 -0.139231         1  0.547026 -0.144769         1
Residual@ L:-0.546913  -0.14886         1  0.289154 -0.179554         1
Residual@ L: 0.711165 -0.221007         1  0.744549 -0.198269         1
Residual@ L: 0.774023 -0.211627         1  0.794659 -0.192483         1
Residual@ L: 0.764484 -0.106887         1   0.788194 -0.0955634          1
Residual@ L: 0.726557 -0.238456         1  0.757048 -0.214385         1
Residual@ L:  0.63504 -0.291572         1  0.736118 -0.235382         1
Residual@ L: 0.243926 -0.206429         1   0.14052 -0.214927         1
Residual@ L:0.00535679  -0.208508          1  0.284588 -0.197501         1
Residual@ L: 0.611352 -0.293154         1  0.671204 -0.261059         1
Residual@ L:  0.67534 -0.257307         1  0.716251 -0.230432         1
Residual@ L:-0.703042 -0.197749         1 -0.687995 -0.204756         1
Residual@ L:-0.746183 -0.225144         1 -0.528446 -0.326357         1
Residual@ L: 0.682528 -0.264042         1  0.671068 -0.261172         1
Residual@ L:0.760597 -0.22042        1 0.784578 -0.19836        1
Residual@ L: 0.650703 -0.335896         1  0.740548 -0.276451         1
Residual@ L:  0.77956 -0.186719         1   0.79719 -0.169609         1
Residual@ L: 0.309338 -0.199919         1  0.260358 -0.202812         1
Residual@ L: 0.703073 -0.248628         1  0.738446 -0.222974         1
Residual@ L:-0.768727 -0.102796         1 -0.448569 -0.171259         1
Residual@ L: -0.739613 -0.0403455          1 -0.0802163 -0.0687342          1
Residual@ L: 0.445744 -0.312412         1  0.384762 -0.326877         1
Residual@ L:  0.77617 -0.219086         1  0.796512 -0.198947         1
Residual@ L:-0.587755 0.0739328         1 -0.654211 0.0462899         1
Residual@ L:-0.42504 0.152363        1 0.335421 0.152499        1
Residual@ L: -0.776907 0.00305134          1 -0.296952 0.0113917         1
Residual@ L:  0.646273 -0.0299709          1   0.682324 -0.0376332          1
Residual@ L:0.561424 -0.38436        1  0.402234 -0.436303         1
Residual@ L: 0.307462 -0.202451         1  0.260901 -0.202315         1
Residual@ L: -0.49825 -0.124743         1  0.186968 -0.149244         1
Residual@ L: 0.185838 -0.134485         1   0.26637 -0.127727         1
Residual@ L:-0.685206 -0.238976         1 -0.668521 -0.248221         1
Residual@ L: 0.798592 -0.193862         1  0.814685 -0.176706         1
Residual@ L:-0.586173 0.0218792         1  0.403816 0.0319825         1
Residual@ L: -0.48227 -0.148611         1  0.532379 -0.140701         1
Residual@ L:-0.248311 -0.130032         1  0.238818 -0.130642         1
Residual@ L: 0.701243 -0.228443         1  0.736683 -0.205886         1
Residual@ L: 0.785753 -0.117194         1  0.805191 -0.105463         1
Residual@ L: 0.798298 -0.197591         1  0.814865 -0.180006         1
Residual@ L:-0.472483  0.360668         1 -0.573923  0.282757         1
Residual@ L:-0.686183 -0.257962         1 -0.509167 -0.333857         1
Residual@ L:-0.687188 -0.302693         1 -0.670698 -0.311982         1
Residual@ L: 0.484304 -0.526564         1  0.644849 -0.438932         1
Residual@ L: 0.730581 -0.247949         1  0.759421 -0.224239         1
Residual@ L:0.750674 -0.21938        1  0.626654 -0.267727         1
Residual@ L: 0.817555 -0.166241         1  0.808491 -0.165835         1
Residual@ L: -0.587462 -0.0198224          1   0.403387 -0.0191895          1
Residual@ L: 0.645188 0.0236648         1  0.587484 0.0121149         1
Residual@ L:-0.778656 0.0162964         1 -0.300387 0.0372263         1
Residual@ L:0.581653 0.142396        1  0.741362 0.0885566         1
Residual@ L: 0.607894 -0.287617         1 0.668153 -0.25629        1
Residual@ L: 0.731892 -0.245983         1  0.760597 -0.222137         1
Residual@ L:  0.76948 -0.349396         1  0.799496 -0.315599         1
Residual@ L: -0.513845 -0.0124992          1    0.521982 -0.00793348           1
Residual@ L: -0.27462 -0.030875         1   0.292996 -0.0381982          1
Residual@ L: 0.158828 -0.135321         1   0.665418 -0.0867936          1
Residual@ L:   0.46916 -0.0278463          1   0.817939 -0.0121149          1
Residual@ L: 0.629615 -0.267885         1 0.680787 -0.23823        1
Residual@ L:-0.584704 0.0118437         1  0.405444 0.0192573         1
Residual@ L:-0.601679 -0.081369         1   0.532424 -0.0866128          1
Residual@ L:-0.734733 -0.112967         1 -0.296816 -0.188075         1
Residual@ L:-0.247497 -0.129128         1  0.560452 -0.101802         1
Residual@ L:-0.645561 -0.244152         1  -0.80789 -0.167937         1
Residual@ L:-0.458288  0.364578         1 -0.562621  0.285424         1
Residual@ L:  0.646251 0.00567323          1    0.734197 -0.00424927           1
Residual@ L: -0.599803 -0.0126574          1     0.68307 -0.00072328           1
Residual@ L:  0.468798 -0.0267614          1   0.817442 -0.0113691          1
Residual@ L:-0.0292928  -0.139457          1 0.262031 -0.13062        1
Residual@ L:-0.688045 -0.254775         1 -0.511901 -0.329603         1
Residual@ L: 0.585427 -0.480012         1  0.644691 -0.439081         1
Residual@ L:-0.789157  0.054133         1 -0.367178  0.113578         1
Residual@ L: 0.211017 -0.085234         1   0.731779 -0.0480077          1
Residual@ L:-0.501821 0.0271682         1  0.498317 0.0382434         1
Residual@ L:  0.777775 -0.0732321          1   0.798614 -0.0649144          1
Residual@ L:-0.101937  0.170378         1 -0.208621  0.127546         1
Residual@ L: 0.812311 -0.179147         1  0.802999 -0.177723         1
Residual@ L: -0.659401 -0.0990442          1  0.437313 -0.127071         1
Residual@ L: 0.694123 -0.241463         1  0.681172 -0.238615         1
Residual@ L: 0.378072 -0.193297         1  0.580387 -0.159144         1
Residual@ L: 0.679047 -0.258799         1  0.668039 -0.256199         1
Residual@ L:0.783787  -0.1968        1  0.735757 -0.214814         1
Residual@ L:-0.670609 -0.283887         1 -0.610833 -0.313564         1
Residual@ L:-0.0486632  -0.140203          1  0.243745 -0.133016         1
Residual@ L:-0.462379 -0.126777         1  0.559909 -0.112515         1
Residual@ L: -0.579596 -0.0688924          1   0.429199 -0.0780012          1
Residual@ L:-0.466335  0.355334         1 -0.569854  0.278282         1
Residual@ L: -0.460436 -0.0746561          1   0.563752 -0.0644397          1
Residual@ L:  -0.758 -0.18143        1 -0.557852 -0.264223         1
Residual@ L: 0.346632 -0.127342         1   0.43277 -0.116606         1
Residual@ L: 0.720003 -0.127704         1   0.814165 -0.0947271          1
Residual@ L: -0.644081 -0.0573651          1   0.291482 -0.0765095          1
Residual@ L: 0.111408 -0.209051         1  0.198699 -0.205185         1
Residual@ L: -0.77247 -0.106232         1 -0.287459 -0.197591         1
Residual@ L:-0.471827  0.351288         1  -0.5739 0.275185        1
Residual@ L:0.618382 -0.44012        1  0.615737 -0.434034         1
Residual@ L:0.567029 -0.46794        1  0.679974 -0.396039         1
Residual@ L:0.527407 -0.48688        1  0.587077 -0.449851         1
Residual@ L: 0.359809 -0.128427         1  0.444049 -0.116945         1
Residual@ L:-0.687573 -0.259545         1 -0.511766 -0.336036         1
Residual@ L:-0.741984 -0.235315         1 -0.675971 -0.273513         1
Residual@ L:-0.696779  -0.19576         1 -0.680566 -0.203219         1
Residual@ L: 0.360035 -0.127116         1  0.443348 -0.116222         1
Residual@ L:  0.68741 -0.398346         1   0.72111 -0.367917         1
Residual@ L: -0.69424 -0.237778         1 -0.679275 -0.246842         1
Residual@ L: 0.570238 -0.464825         1  0.618721 -0.431599         1
Residual@ L:0.478857 -0.12237        1  0.551908 -0.108492         1
Residual@ L:-0.687964 -0.249125         1 -0.671028 -0.259884         1
Residual@ L: 0.697106 -0.256584         1  0.684178 -0.253713         1
Residual@ L: 0.500126 -0.116019         1  0.570849 -0.102932         1
Residual@ L:-0.447665 -0.023484         1   0.228285 -0.0245915          1
Residual@ L: 0.675385 -0.405475         1  0.655992 -0.410412         1
Residual@ L: -0.784366 -0.0799902          1 -0.366364 -0.149719         1
Residual@ L:  0.360713 -0.0832224          1   0.572838 -0.0636938          1
Residual@ L:-0.713832 -0.190878         1  -0.69973 -0.197501         1
Residual@ L:-0.786678 -0.158828         1 -0.691279 -0.203219         1
Residual@ L: 0.252741 -0.148431         1  0.627491 -0.105621         1
Residual@ L: 0.715527 -0.365272         1  0.747306 -0.333455         1
Residual@ L:-0.46369  0.35495        1 -0.567978  0.277966         1
Residual@ L: 0.605137 -0.446598         1   0.61863 -0.431651         1
Residual@ L: -0.558869 -0.0539522          1   0.444343 -0.0570487          1
Residual@ L:0.375586 -0.18864        1  0.190856 -0.203852         1
Residual@ L:  0.71173 -0.334472         1  0.743984 -0.306309         1
Residual@ L:-0.157381  -0.14122         1  0.351039 -0.129897         1
Residual@ L:  0.317384 -0.0845107          1   0.712612 -0.0518953          1
Residual@ L:-0.809016 0.0134485         1 -0.478065 0.0303778         1
Residual@ L: 0.743057 -0.120042         1 0.729699 -0.11898        1
Residual@ L:0.588275 -0.45561        1  0.632893 -0.423621         1
Residual@ L:  0.52266 -0.487387         1   0.61246 -0.435351         1
Residual@ L: 0.665598 -0.411641         1  0.658411 -0.408904         1
Residual@ L: 0.780713 -0.197953         1 0.731349 -0.21617        1
Residual@ L:0.00431708  0.0342202          1  0.393939 0.0187827         1
Residual@ L: 0.651065 -0.420436         1  0.646228 -0.415845         1
Residual@ L: 0.502589 -0.112967         1   0.673668 -0.0851888          1
Residual@ L:  -0.53916 -0.0609589          1    0.48236 -0.0606651          1
Residual@ L:  0.517484 -0.0697965          1   0.825963 -0.0349661          1
Residual@ L:-0.459712 -0.128925         1   0.728004 -0.0809396          1
Residual@ L:   0.522073 -0.00754924           1    0.58823 -0.0208847          1
Residual@ L:   0.521779 -0.00788827           1   0.588072 -0.0213594          1
Residual@ L:-0.395386 -0.324459         1  0.201546 -0.352997         1
Residual@ L: 0.665802 -0.411128         1  0.658592 -0.408377         1
Residual@ L:-0.0431256 -0.0950887          1   0.250865 -0.0877655          1
Residual@ L:-0.740623 -0.238434         1 -0.628937 -0.298669         1
Residual@ L:-0.694799 -0.198992         1 -0.678493 -0.206406         1
Residual@ L:0.523768 0.112922        1   0.82793 0.0627897         1
Residual@ L: 0.802321 -0.184888         1  0.818798 -0.167891         1
Residual@ L:  0.646115 -0.0268066          1   0.682098 -0.0345592          1
Residual@ L:-0.671721 -0.280474         1 -0.612279 -0.309835         1
Residual@ L:-0.694591 -0.238072         1 -0.679289 -0.247068         1
Residual@ L:-0.703209 -0.195195         1 -0.648208 -0.217572         1
Residual@ L:-0.176277 -0.149877         1  0.563141 -0.114821         1
Residual@ L: 0.745837 -0.243542         1  0.773164 -0.217572         1
Residual@ L:-0.323736 -0.182741         1 -0.447869 -0.173813         1
Residual@ L: 0.721155 -0.374774         1  0.710939 -0.374829         1
Residual@ L: -0.68967 -0.200439         1 -0.672415 -0.208305         1
Residual@ L: 0.638046 -0.286916         1  0.688472 -0.255838         1
Residual@ L:-0.0350565 -0.0953373          1   0.257555 -0.0877203          1
Residual@ L:-0.481252 -0.136496         1  0.395725 -0.145854         1
Residual@ L: 0.749408 -0.353528         1   0.79059 -0.312819         1
Residual@ L: -0.808837 -0.0442105          1  -0.478314 -0.0782273          1
Residual@ L:  -0.77178 -0.0505618          1  -0.266687 -0.0911785          1
Residual@ L: 0.749318 -0.353356         1  0.763399 -0.335679         1
Residual@ L: 0.811814 -0.239473         1  0.827794 -0.218634         1
Residual@ L: 0.587733 -0.471138         1   0.63226 -0.439384         1
Residual@ L:  0.74925 -0.244695         1  0.776599 -0.218792         1
Residual@ L: 0.662276 -0.280655         1  0.650387 -0.277694         1
Residual@ L: 0.515134 -0.168886         1  0.460006 -0.173813         1
Residual@ L:  -0.81986 -0.0557604          1  -0.547342 -0.0989085          1
Residual@ L: 0.504488 -0.521523         1  0.644058 -0.442261         1
Residual@ L: -0.697149 -0.0188279          1   0.128495 -0.0275751          1
Residual@ L:-0.751556 -0.175667         1 -0.651293 -0.219968         1
Residual@ L:  0.78112 -0.205886         1  0.825375 -0.171779         1
Residual@ L:-0.590264  -0.10318         1  0.464052 -0.118053         1
Residual@ L:-0.748278 -0.117759         1 -0.519405 -0.173565         1
Residual@ L: 0.699841 -0.255792         1 0.736276  -0.2298        1
Residual@ L: 0.299415 -0.199286         1  0.463283 -0.176526         1
Residual@ L: 0.376422 -0.129354         1  0.583145 -0.103745         1
Residual@ L:-0.736021 -0.342785         1 -0.407907 -0.523433         1
Residual@ L: -0.494588 0.00962867          1  0.531972 0.0143978         1
Residual@ L:-0.0394188 -0.0999709          1   0.254346 -0.0926476          1
Residual@ L:-0.443416 -0.227178         1 0.231879 -0.25681        1
Residual@ L:-0.0753115   0.158308          1 0.528266 0.117013        1
Residual@ L:-0.378479 -0.137536         1  0.592276 -0.111136         1
Residual@ L:-0.387497 -0.165631         1  0.323962 -0.173022         1
Residual@ L:-0.734782 -0.122099         1  -0.57503 -0.162828         1
Residual@ L:-0.809947  -0.14764         1 -0.646413 -0.224375         1
Residual@ L:-0.384604  -0.54822         1  0.509415 -0.508916         1
Residual@ L:-0.687202 -0.309451         1 -0.645731 -0.331949         1
Residual@ L: -0.037701 -0.0950661          1   0.254436 -0.0874943          1
Residual@ L:-0.494475 -0.119974         1  0.533374 -0.113984         1
Residual@ L: -0.522118 -0.0463351          1    0.52144 -0.0428317          1
Residual@ L: -0.770836 -0.0826799          1 -0.271659 -0.153629         1
Residual@ L:-0.610028 -0.148024         1  0.345773 -0.189884         1
Residual@ L: 0.621704 -0.151934         1  0.680584 -0.132971         1
Residual@ L:-0.70671 -0.13514        1 -0.528243 -0.177723         1
Residual@ L:-0.579392  -0.12454         1  0.425153 -0.143978         1
Residual@ L: 0.785098 -0.210429         1  0.805011 -0.190856         1
Residual@ L:-0.690251 -0.381496         1 -0.456503 -0.512288         1
Residual@ L:-0.208327 -0.131479         1  0.491943 -0.109351         1
Residual@ L: 0.718285 -0.375825         1  0.708091 -0.375902         1
Residual@ L: 0.672741 -0.241756         1  0.714262 -0.217662         1
Residual@ L: 0.779877 -0.212057         1  0.680448 -0.255521         1
Residual@ L:  0.57164 -0.162806         1   0.70183 -0.127478         1
Residual@ L:-0.703507 -0.194766         1 -0.688165 -0.201592         1
Residual@ L:-0.823921 0.0196416         1 -0.572883 0.0429448         1
Residual@ L: 0.568091 -0.316232         1  0.659541 -0.273219         1
Residual@ L:-0.664532  -0.39862         1 -0.399318 -0.532117         1
Residual@ L:-0.798818 0.0250436         1 -0.437517 0.0535227         1
Residual@ L:-0.681294 -0.313564         1 -0.639617 -0.335588         1
Residual@ L:0.243791 -0.14452        1   0.745317 -0.0736842          1
Residual@ L:-0.505121  0.353548         1 -0.594491  0.277988         1
Residual@ L:-0.425673  0.181928         1 0.692699 0.132948        1
Residual@ L: -0.538301 -0.0574104          1   0.481478 -0.0599192          1
Residual@ L: 0.784601 -0.210271         1  0.804513 -0.190833         1
Residual@ L: -0.54246 -0.113193         1  0.53299 -0.11256        1
Residual@ L: -0.735422 -0.0639199          1 -0.0732321  -0.112063          1
Residual@ L:-0.685007 -0.352714         1 -0.405127 -0.487694         1
Residual@ L:-0.740752 0.0310332         1 -0.0819341  0.0631514          1
Residual@ L:-0.805745 -0.193658         1  -0.51328 -0.341198         1
Residual@ L:-0.429561 -0.291595         1 -0.423209 -0.296771         1
Residual@ L: -0.537465 -0.0687568          1   0.594062 -0.0608685          1
Residual@ L:  0.78182 -0.265173         1  0.825353 -0.222635         1
Residual@ L:0.549964  -0.1638        1 0.50946 -0.1671       1
Residual@ L: -0.776414 -0.0807587          1 -0.298443 -0.150216         1
Residual@ L:-0.670121 -0.376702         1 -0.499673 -0.472774         1
Residual@ L:-0.603103 -0.054585         1   0.388582 -0.0642137          1
Residual@ L:-0.270009 -0.126506         1  0.359448 -0.119251         1
Residual@ L:-0.681201  -0.31248         1 -0.639447 -0.334804         1
Residual@ L: 0.605385 -0.413266         1  0.591078 -0.413422         1
Residual@ L:-0.618852 -0.146057         1  0.327601 -0.191737         1
Residual@ L:-0.688445 -0.344044         1 -0.408292 -0.479275         1
Residual@ L: 0.456367 -0.117488         1  0.545444 -0.103135         1
Residual@ L:-0.298647 -0.143413         1  0.509935 -0.122393         1
Residual@ L: 0.745385 -0.120268         1   0.73214 -0.119138         1
Residual@ L:-0.467488  0.358001         1 -0.570645  0.280339         1
Residual@ L:-0.772388 0.0189861         1 -0.267252 0.0424927         1
Residual@ L: 0.559073 -0.103858         1  0.286396 -0.144927         1
Residual@ L: -0.42183 -0.129377         1  0.493006 -0.120426         1
Residual@ L:-0.561288  0.165654         1 0.419028 0.202089        1
Residual@ L:0.296025 -0.33941        1  0.197975 -0.353627         1
Residual@ L: -0.521824 -0.0447982          1   0.512715 -0.0416564          1
Residual@ L:-0.647935 -0.244197         1  0.350791 -0.342552         1
Residual@ L:-0.584049 -0.113306         1  0.413852 -0.132925         1
Residual@ L: 0.558417 -0.384844         1    0.4002 -0.435767         1
Residual@ L:  0.61298 -0.272428         1  0.721946 -0.220103         1
Residual@ L:0.656535 0.152906        1 0.789551  0.10153        1
Residual@ L: -0.676945 -0.0932127          1  0.533216 -0.112809         1
Residual@ L:-0.302354 -0.133287         1   0.18959 -0.139231         1
Residual@ L: 0.747736 -0.231269         1 0.773819 -0.20896        1
Residual@ L:-0.312547 -0.143096         1  0.497119 -0.125082         1
Residual@ L:  0.59978 -0.470064         1  0.642069 -0.438631         1
Residual@ L:-0.745299 -0.114459         1 -0.515382 -0.167778         1
Residual@ L:-0.640062  -0.13948         1   0.55566 -0.156907         1
Residual@ L: 0.534142 -0.118482         1   0.718149 -0.0849854          1
Residual@ L: -0.736337 -0.0904552          1 -0.298941  -0.15103         1
Residual@ L:-0.440319 -0.135864         1  0.433245 -0.135208         1
Problem size: 295points
-5.21124e-09 -8.87032e-07 -0.000588885 
1.1891e-06 9.44356e-07 0.0317182 
0.000622058 -0.0291154 1 
-5.21124e-09 -8.87032e-07 -0.000588885 
1.1891e-06 9.44356e-07 0.0317182 
0.000622058 -0.0291154 1 
-5.21124e-09 -8.87032e-07 -0.000588885 
1.1891e-06 9.44356e-07 0.0317182 
0.000622058 -0.0291154 1 
iter      cost      cost_change  |gradient|   |step|    tr_ratio  tr_radius  ls_iter  iter_time  total_time
   0  2.121190e+04    0.00e+00    1.95e+05   0.00e+00   0.00e+00  1.00e+04        0    7.72e-02    7.73e-02
   1  1.723681e+04    3.98e+03    9.51e+02   3.98e+00   9.99e-01  3.00e+04        1    7.96e-02    1.57e-01
   2  1.717952e+04    5.73e+01    4.55e+01   1.97e+00   9.95e-01  9.00e+04        1    7.97e-02    2.37e-01
   3  1.717799e+04    1.54e+00    1.71e+01   4.03e-01   1.00e+00  2.70e+05        1    7.99e-02    3.17e-01
   4  1.717798e+04    6.51e-03    1.50e+00   2.76e-02   1.00e+00  8.10e+05        1    7.68e-02    3.93e-01
   5  1.717798e+04    3.20e-06    4.92e-02   6.15e-04   1.00e+00  2.43e+06        1    8.21e-02    4.75e-01
   6  1.717798e+04    1.71e-10    1.13e-03   4.98e-06   8.80e-01  4.33e+06        1    7.60e-02    5.51e-01
   7  1.717798e+04    8.37e-11    2.91e-05   2.18e-08   4.78e+02  1.30e+07        1    7.71e-02    6.29e-01
Ceres Solver Report: Iterations: 8, Initial cost: 2.121190e+04, Final cost: 1.717798e+04, Termination: CONVERGENCE
-0.0407309   -2.37808  -0.960609
   3.27862    3.41031    58.0088
  0.978968   -53.3241          1
-0.888256
