3546.12  1972.5
5143.92 2020.46
3503.57 2222.03
3503.62 2222.04
3471.74 2227.45
3543.56 1992.79
   2542 260.883
4301.88 532.016
1795.58  1716.7
4306.74 1921.74
3671.79 1861.89
 5156.6 1834.87
3671.57 1861.29
 2193.1 1823.99
3543.37 1992.75
3537.55 1985.91
4921.29  618.67
4291.21 527.008
 3479.5 1817.48
4921.26 618.638
3469.13 2216.17
3573.23 1968.19
3494.43 2208.14
3700.18 2227.47
 4560.7 1783.11
 2922.4 1806.21
1831.61 1849.32
5101.15 2012.44
3479.36 2192.14
3492.42 2211.28
5103.32 2012.68
3506.32 2201.76
 2399.8 1826.04
 3470.4 2216.53
3533.59    2009
1066.54 58.2098
3599.62 1987.89
4317.26 661.432
4317.71 661.732
2128.35 476.988
2801.91 1609.05
3488.77 2219.31
2704.62 1851.84
3534.04 1998.37
2527.11 265.437
2790.62 1647.68
3233.39 1840.93
 4901.3 1749.09
3703.14 2212.77
2790.76 1600.65
 1500.9 1850.41
 4585.1 1804.94
3553.03 1928.88
3433.92 1815.58
3700.01 2241.62
2377.43 374.347
2527.14 265.413
3626.65 408.766
 2298.8 1851.71
3637.16 1765.53
2790.61 1647.74
3584.51 1938.39
4892.03 623.216
 4585.1 1804.85
3585.01 1938.39
1941.62  1841.9
4911.35 612.703
2774.87 1382.16
 2591.6 293.012
 4598.8 1813.25
4286.05 665.764
 1834.8 1797.81
 3516.6 1804.95
3600.63 1973.88
 1965.5 1825.03
2172.71 1823.84
 1100.3 331.576
1838.41  1855.9
4316.95 511.509
936.474 1870.54
1864.01 1839.99
1637.69 1768.75
 1852.8 1798.97
2803.41 1620.35
3706.59 2233.42
 4290.7 661.362
3997.81 469.225
1679.26  407.01
3473.37 2202.29
2803.59 1620.43
4430.97  1173.3
4290.85 661.464
 1853.6 1799.36
3572.44 1930.04
2079.81 1808.61
1025.72 1871.36
2257.08  1835.2
1015.25    1325
3465.15 2232.17
3531.47 1824.24
2887.62 1776.16
 2801.2 1634.98
3692.48 2209.65
694.084 1867.84
3483.63  1651.3
2590.19 1779.13
 3702.6 2212.29
907.256    1869
4616.21  1800.4
4431.22 1173.23
 4077.4 1768.53
 1053.1 1787.13
4077.29 1768.23
 4849.9 1749.31
3549.98 1943.94
 4850.3 1749.11
 2801.2 1635.02
 1725.7 1831.07
4414.39 1770.21
4549.69    1815
1014.73 1325.56
3689.32 2211.02
3704.28 1826.14
 3930.3 1795.18
3652.97 1832.98
 1053.1 1787.53
3594.94 401.813
3704.67 1828.21
3564.34 1891.34
1616.19 1768.07
3305.17 1533.02
3460.85 2219.23
1683.84 404.717
 1786.6 1807.54
2860.79 277.489
2804.71 1849.68
4284.65 533.686
2257.08 1835.21
 1785.3 1803.77
3563.04 1910.45
3516.08  2201.8
4333.91 1935.53
2801.46 1641.69
3651.97 1832.21
1792.21  1815.7
3483.17 1650.82
666.655 716.378
1479.62    1857
666.656 716.375
2123.66 497.979
3600.46  1973.9
1039.12 1869.15
3291.78 1771.96
1803.51 1850.76
1325.71 729.336
1552.62 1536.33
1820.71 1847.28
 3001.9 1789.96
661.832 1068.65
3641.48 1872.13
   5099 1826.83
2590.68 1756.13
 2585.7 954.572
3528.01 1814.26
952.609 1868.05
952.374 1868.65
 3535.9 1943.01
661.804 1068.76
 1913.7 1797.79
3545.61 1958.68
1726.72 1326.64
   5099 1826.93
2586.75 643.847
1014.62 1736.26
 4147.3 1806.32
2585.67 1232.19
661.595 1421.56
3530.38  1471.4
2625.65 1028.24
4912.96 627.998
4186.78 753.228
3458.28    1823
2660.33 636.115
2494.08 1757.84
666.946 751.236
2866.86 503.937
2767.33 1386.94
 1323.3 754.273
2610.75 974.499
2204.93 1860.56
 3974.2 1761.11
2255.21 1851.11
2979.69 1772.98
2866.39  503.24
4327.09 529.739
3643.41 1864.75
 779.89 1871.01
2372.09 393.304
2585.42 955.368
2803.89 1603.24
4727.77 606.958
2718.52 269.692
917.231 1830.54
 4305.3 651.491
 671.94 758.242
649.103 1875.47
2803.51 1602.65
1017.91 1308.17
1663.25 1679.36
 2141.2 479.925
3497.53 2205.16
3545.27 1958.59
 3509.1 2088.15
 4607.8 649.071
3508.54  1828.6
3393.99 1840.57
2114.97 485.201
 3904.3 1794.25
3652.44 1875.15
1706.63 474.902
1974.31 1830.86
3292.64 1838.25
2658.51  636.27
2585.42 1234.06
4305.23 650.481
 3667.7 1796.56
 2929.3 1799.78
2448.22 1840.42
2254.62  1851.7
1628.39 1769.56
1710.96 471.995
2224.33 954.228
 2422.7 1823.45
2070.09 1772.88
 5158.8 1796.28
1778.59 1767.57
3428.37 1567.72
2080.39 1755.73
3441.3 1343.8
   4639 1779.23
2530.25 276.617
3701.32 1797.93
 3147.4 1785.61
2119.81 486.711
1006.48 1400.16
1327.14  360.52
4474.02 603.501
2142.7 1768.4
2870.89   277.4
659.705  1101.1
3428.19 1567.08
   4017 481.969
1791.51 1834.48
 1530.4 1775.66
   1065 1780.84
4327.65 530.082
3552.41 1902.15
2163.11 1828.37
3971.91 1760.67
3667.72 1795.52
 894.84 1792.76
1469.99 1823.23
3652.73 1877.26
3259.73 1077.14
 3610.9 1815.85
666.612 403.066
2465.83 1845.44
1663.26 1679.18
1689.68 1366.56
1802.61 1843.88
2305.84 613.497
2615.01 1017.17
669.601 403.531
3698.66 418.495
3094.95 714.862
2587.15 1514.73
4137.14 867.503
2846.58  575.55
2303.91 508.353
1937.1 1795.3
 4303.8 542.231
 5158.8 1796.18
 4303.9 542.292
3310.29 1771.19
2867.03 1189.48
   3969 1794.45
4739.12 595.124
 3602.8 1766.09
2311.45 398.388
3555.41 1782.12
4739.09 595.088
1689.09 509.234
2866.28 903.432
3653.24 1879.25
3404.11 1810.81
2858.74 606.095
4236.81 1941.45
3527.84 2029.01
2592.73 1226.73
2573.77 659.108
3489.04 2236.22
2592.69 1227.25
1450.98 1830.35
3147.39 1786.01
1691.37 511.895
2448.21 1840.19
 2724.3 382.147
3403.32 1811.28
  4370 1778.3
2868.71  933.37
2465.83 1845.51
 2224.1 954.594
 1054.9 1522.96
 1714.3 1809.66
2846.34 575.695
870.133 767.624
1034.81 1321.57
1033.91 1867.68
3250.93 1533.16
3652.91 1879.51
 3463.2 1696.13
 1066.5 1777.54
3694.45 1866.07
3440.83 1344.02
3662.59 1803.66
   2600 1795.76
   3969 1794.65
 1448.2 1832.49
3417.39 1783.74
1324.18 684.156
4303.44 707.756
2164.11 1827.09
2843.07 386.951
1689.99 1366.81
2858.05 606.509
 2990.6 1798.54
3510.25 2158.29
1801.08 1730.42
 2151.6 1823.18
3752.49 1717.21
3390.51 1847.52
2304.83 616.212
2590.35 920.853
1519.42 1854.26
2971.09 637.543
 4462.6 1771.51
3990.38 1775.46
1322.51 1010.46
4337.74 534.439
3806.75  1777.6
4014.99 482.479
4595.92 1615.23
2811.17 1598.62
3606.44  2002.2
3806.84 1778.83
1763.19 1714.43
   2805 1644.99
4489.11 624.626
1688.69 1030.13
1806.41  1841.8
2811.24 1650.53
1055.22 51.3422
3806.45 1808.67
3317.68 458.824
3665.96 1803.07
4590.84  641.18
1900.2 1332.4
3217.48 1768.25
5051.29 1759.03
961.674 1463.24
 2934.9 1787.33
1689.41 1029.98
 1376.7 1812.75
3183.53 1840.63
3703.37 413.088
3574.45 2037.19
2811.58 1649.51
 3200.4 1785.53
946.064 1698.81
3806.47 1808.27
2901.21 1355.48
 2871.7 805.267
   932 1650.3
2518.71 260.301
2304.72 755.184
 1797.7 1840.35
3715.71 516.492
3658.39 1804.49
3399.78 371.731
867.862 1111.45
4664.1 86.959
2718.73   356.9
3653.55 1881.87
3686.67 1870.48
2811.07 1599.02
2424.68 1854.05
 3950.9 1781.57
3418.47 1783.61
2527.89 1766.26
3713.07  513.44
1935.3   1796
3016.88 668.371
4997.23 1330.59
3000.41 1806.89
2424.69 1854.26
2305.53 754.418
1654.38 1661.92
3390.25 1846.54
4509.79 1749.76
 3200.4 1785.73
4491.66 623.592
 3828.5 1761.87
4602.77 1497.58
1241.57 1366.45
 4475.2 1779.35
3296.61 1839.97
4482.65 618.656
4889.19 1760.87
3423.18 787.445
1035.74 1321.69
3407.79 1768.95
659.756 1452.72
844.205 1278.97
1326.07 685.028
 2220.4 768.445
2867.31 389.187
 2523.1 1771.84
2758.69 1790.29
1690.59 786.636
863.664 774.011
659.764 1452.65
 1654.8 1800.16
1928.19 1775.76
2220.79 767.929
   4610 1810.79
2512.42 1239.24
 1888.9 1793.59
3999.41 1810.96
3442.29 1546.73
3551.81 1803.94
1467.82 741.528
 2519.3 271.014
 4184.8 1801.86
672.575 599.573
5142.48 1331.58
3950.12 1782.08
1052.31 1820.73
3458.28 1235.67
4929.2 1770.5
 3868.9 1804.41
   3151 1801.32
2518.37 273.408
3442.39 1313.19
2426.91 1812.02
4996.56 1330.68
2535.84 266.615
3980.58 469.491
2505.86 973.557
 3842.4 1794.62
 2033.3 1809.77
3428.09  1540.6
1052.19 1477.47
2824.68 939.736
894.106 105.296
2763.28  280.38
3311.51 1839.55
986.176 1848.38
1351.91 1820.44
 4595.9 1615.12
3693.48 1838.78
2450.32 1762.39
2841.84 273.869
 2426.9 1811.22
 3722.9 1798.44
5081.41 1814.99
1578.71 1851.39
662.322 1670.52
 3019.4 1801.21
 3862.7 1793.04
2513.26  934.96
 2925.8 1618.24
2393.94 364.602
3305.37 349.263
2303.95  400.81
1616.18 438.391
 3237.1 1787.81
1625.66 438.598
2592.74 1479.58
3410.92 1402.47
3693.78 1826.19
947.809 1698.29
3261.16 1846.96
4603.07 1624.64
2837.04 644.845
   4879 1751.96
 2758.9 1790.96
993.628 1321.27
3391.05  1771.4
806.563 1869.74
2789.83 1614.87
2323.95 444.945
3448.33 1821.04
 1638.7 1828.07
2763.71 280.137
2612.97 805.701
2592.85 1480.18
910.698 1777.65
2871.94 938.646
2907.18 667.075
1313.24 359.119
2835.97 931.963
1381.99 1807.16
3345.25 1472.87
   1382 1808.68
993.353 1321.38
3662.05 1810.87
3694.05 1866.68
2824.69 939.728
 2726.5 1794.32
 2020.8 1813.34
4431.51 1763.07
3618.63 1928.79
944.341 1716.16
2803.89 1647.37
 4584.1 1731.68
2722.54 1000.27
1476.79 1362.18
2813.17 1606.82
1416.61 1445.26
3635.27 1800.49
4016.35 1508.17
1265.71 1863.63
  3175 338.89
2513.67 1510.23
1640.99    1826
4385.19 1773.66
2720.66 379.853
1474.32 698.174
894.467  104.72
2266.04 1856.72
 3167.4 1770.95
806.564 1869.75
1474.18 698.443
3022.21 1802.99
1020.29  1503.7
 2802.2 1588.68
1914.81 1840.87
2968.31 638.228
   2096 1772.85
2523.7 1808.3
3284.29 1810.96
4599.13 1519.95
1073.92 1870.31
 1663.1 1795.32
 3022.2 1802.27
4584.12 1732.05
1522.22 1848.46
3330.08 1786.66
 1991.8 1810.31
3766.19 1804.06
4496.52 1769.64
2832.99 958.552
 1990.2 1814.95
3402.44 1777.14
2553.39 1770.83
 2416.8 1845.95
1410.88 1442.53
3595.08 1967.22
3766.21 1803.76
 984.41 1792.12
3593.76 1994.82
 3986.6 495.512
2660.93 626.642
2837.01  644.87
4977.79  990.06
3620.37 1819.66
2256.11 1815.06
3222.31 1803.17
2256.09 1813.57
4569.11 1810.16
 2880.7 1814.95
1854.01 1849.57
 2256.1 1814.28
3244.09 1785.73
 4385.2 1774.17
3895.2 1800.8
3220.1 1808.4
 3790.2 1795.36
 1571.7 1846.07
845.882 939.862
2486.68 1251.24
2924.28 1657.48
2493.16 828.209
4298.66 1428.02
4201.32 1769.08
3848.62 1807.86
2836.14 867.556
3284.33 1811.77
1325.78 1269.49
3174.82 1768.64
3540.02  1787.2
3298.02 1805.59
4010.13 1741.06
 2739.8 1774.95
876.032 1077.64
3623.21  1470.8
3528.32 1695.85
1225.91  1379.6
2812.85 1630.78
857.077 1851.57
3724.25 1699.14
2726.06 653.875
3298 1805
4595.16 1554.41
949.276 1545.97
2886.36 1515.15
2308.27 407.867
916.892 1199.94
 2676.4 1809.28
2505.5 1799.7
2486.17 1251.97
 4226.3 1805.45
 3300.4 1572.24
3980.17 479.451
 2862.6 1795.02
 2739.8 1774.88
 2810.3 1791.37
3243.91  1780.8
   4053 1794.06
 1668.9 1792.81
2371.91 1826.89
1775.28 1724.57
2145.72  475.21
3298.01 1805.43
 2935.7 1802.01
1006.31 1468.76
 2177.3 1855.73
 4603.2 1624.63
976.333 1549.81
872.441 1811.49
