2882.92 1941.56
4305.34  1988.8
2847.62 2156.97
2847.53 2157.16
2820.19 2159.68
2881.76 1958.63
1923.49 304.601
3568.94 642.007
1207.71 1714.84
   3566 1901.83
2996.26 1850.75
4360.28 1824.22
2996.36 1850.75
 1595.5 1818.25
2881.95 1958.63
2876.38 1952.97
4170.18 683.666
3559.77 637.409
2818.86 1809.83
4170.38 683.543
 2819.3 2152.25
2907.13 1938.93
2840.88 2143.77
3015.31 2161.07
3820.85 1776.55
2293.71 1800.18
 1246.5 1843.09
4267.52 1982.16
 2827.2 2129.78
2838.24 2148.95
4270.54 1982.07
2849.47 2140.26
1796.69 1819.98
2819.98 2144.92
2872.98 1973.56
440.896 55.2152
2929.31 1954.85
3582.08  760.56
3581.59 760.336
 1520.1 507.927
2178.85 1613.05
2834.63 2153.44
2089.31 1843.38
2872.97  1963.9
 1908.9 309.022
2167.72 1649.84
   2588 1832.53
4144.03 1744.73
3017.93 2148.65
2168.29 1604.66
917.863 1846.09
3841.61 1796.38
2889.74 1903.89
2775.54 1807.87
3015.32 2172.32
 1767.4 416.895
 1908.8 308.951
2962.13 476.031
1704.94 1844.59
2965.57 1760.88
2168.02 1649.84
2917.96 1912.49
4144.74 689.101
 3842.4 1796.47
2917.47  1912.1
1352.28 1835.32
4160.78 677.932
2152.99 1397.25
1977.08 345.621
3854.82 1805.22
3552.87 763.877
1248.14  1793.4
2853.4 1799.3
2930.08  1944.9
1376.21  1819.7
1575.96 1817.29
467.042 324.324
1252.96 1849.66
3582.48 622.217
341.491 1867.96
1275.67 1834.32
1047.48  1765.3
1265.85 1794.76
2180.22 1623.79
3022.25 2164.99
3557.35 760.581
3310.12 537.744
1067.95 424.056
2821.15 2138.38
2180.32 1623.69
3703.72 1207.69
3556.85  761.03
1266.65 1794.76
2907.21 1904.97
1481.92 1802.76
432.827 1867.36
1665.18 1829.95
411.138 1328.34
2815.21 2163.59
2866.77 1816.27
2260.42 1772.97
2178.18 1637.64
3009.02 2144.83
83.1058  1866.6
2822.95 1654.27
1974.82 1774.09
3018.41 2146.31
 308.26 1866.55
5083.95 1801.17
3704.02 1207.79
3378.35 1763.19
 450.89 1786.24
3378.45 1763.29
4096.35 1744.72
 2887.5 1916.67
4096.75 1744.92
2177.88 1637.55
1140.39 1826.31
3691.48 1765.23
3811.45 1805.28
410.964 1328.64
3006.39 2147.37
3026.64 1818.85
3239.16 1788.16
2978.76 1823.91
450.141 1785.85
2931.01 469.631
3026.15 1818.95
 2898.8 1872.09
1025.73 1765.01
2655.88 1543.49
2810.71 2153.81
1071.66 422.808
 1199.8 1802.27
 2236.3 338.036
2184.52 1841.19
3554.28 643.286
1664.78 1829.95
1198.61 1801.49
2897.54 1888.57
2857.47 2139.58
3591.17 1915.19
2178.37  1643.6
2979.45 1824.59
1205.88 1810.22
2822.08 1654.17
30.5441 708.851
895.833 1851.44
31.0765 709.053
1514.54 528.399
2930.08 1942.36
446.398 1865.14
2641.73 1766.81
1218.7 1844.5
709.436 735.346
950.553 1538.71
1235.84 1841.43
2368.66 1784.57
31.4567 1064.84
 2969.3 1859.82
4308.48 1816.95
 1976.1 1752.12
1971.84 985.352
2863.26 1806.13
 357.22 1864.45
357.106 1864.65
2874.12 1916.76
31.1052 1064.63
1325.71 1793.64
 2883.4 1929.84
1120.68 1334.76
4308.68 1816.86
1973.01 685.246
413.704 1736.74
3440.27 1798.31
1970.56 1252.39
34.9039 1419.89
2866.14 1487.71
2010.04 1057.43
4161.91 692.467
 3486.4 802.757
2799.54 1815.09
 2042.2 680.668
1882.11 1753.79
31.6366 744.414
2242.47 557.081
2146.15 1401.74
707.467 759.776
1995.85 1005.77
1611.35  1852.4
3280.32 1756.43
1663.29 1843.75
2347.88 1768.28
2241.48 556.483
3592.73 640.501
2970.57 1852.79
 174.53 1868.16
1761.91 434.784
1971.16 986.637
2180.51 1607.29
3979.22 682.182
 2100.3 327.166
312.145 1828.84
3570.97 751.499
37.2403 750.695
34.7639 1873.82
2180.12  1606.9
414.491 1311.25
1071.42 1677.83
1531.86 511.272
2842.93 2142.99
2884.67 1929.36
2852.62 2041.69
3868.42 720.021
2845.79 1819.88
2740.23 1831.37
1506.17 515.468
3214.57 1787.38
2978.68 1862.65
1096.33 492.164
1382.95  1824.5
2643.88 1829.22
2042.99 681.107
1970.96 1253.86
3570.77 750.669
2992.82 1789.57
2300.35 1793.94
1845.78 1832.57
 1662.8 1843.94
1038.36  1765.5
1101.53 490.145
1633.23  986.86
1818.98 1817.82
1473.23 1768.96
4362.36 1789.68
1192.05 1764.35
2771.46 1576.83
1483.03 1752.49
2783.05 1366.01
3899.53 1772.76
1911.95 319.819
3024.19  1792.4
2506.38 1780.17
1509.36 516.566
403.038 1401.98
705.477 364.464
3746.36  676.43
1540.74 1765.02
2244.87 338.866
32.1995 1098.88
2771.46 1576.15
3326.71 550.037
1206.26  1828.6
937.115 1773.53
462.182  1777.8
3591.64 641.076
2887.77 1880.28
1566.29 1821.99
3277.77 1755.94
2989.99 1790.54
286.064 1789.78
885.544 1820.69
2979.07  1864.7
2614.26 1115.14
2941.26 1807.61
23.3153 388.779
1860.98 1836.95
1070.12 1677.92
1084.51 1372.73
1217.71 1838.21
1697.32 647.438
1999.81 1046.89
27.0148 389.452
3028.33  486.76
2458.81 767.275
1972.87 1521.23
3439.79 912.173
2222.66 626.199
1694.55 545.483
1348.35 1791.17
3570.75 651.366
4361.35 1789.58
3570.25 652.005
2659.38 1766.42
2240.83 1213.74
3274.83 1787.88
3990.76 670.833
2933.44 1761.75
1702.35 437.665
2888.92 1776.19
3990.86 670.802
1079.39 525.617
2240.34 940.794
2979.66 1866.75
2747.64 1803.58
2232.56 655.969
3504.25 1920.74
 2868.3 1989.67
 1978.1 1246.53
1961.09 700.492
2834.74  2168.2
 1977.8 1247.61
867.844  1828.6
2506.19 1779.78
1080.42 527.331
1846.46 1832.76
2105.77  436.62
2747.06 1803.68
3650.86 1772.46
2243.24 969.141
1861.67 1836.86
1634.02 986.854
453.176 1524.27
1123.92 1805.09
2222.96  626.15
250.392 767.318
431.313 1324.59
440.512 1864.07
2606.14 1544.07
2979.37 1865.68
2803.73  1696.3
463.385 1775.52
 3016.2 1854.27
2783.15 1365.42
2988.53 1796.59
1985.79  1790.3
3274.83 1787.69
863.132 1828.51
2759.74 1778.03
707.317 689.854
3568.22 802.993
1567.47 1820.92
2219.88 443.841
1086.01 1370.67
2233.35 655.744
2357.92 1792.57
2854.51 2097.46
1213.99  1727.9
1555.43  1817.6
3074.03 1716.48
2736.23 1837.13
1696.55 649.811
1976.14 952.306
935.446 1848.52
2340.48 687.268
   3737 1765.83
3297.09  1770.5
709.314 1015.51
3600.63 643.957
 3124.6 1773.39
3325.82 550.122
3852.17 1620.66
2187.54 1603.59
2935.27 1966.67
3124.01 1772.22
1175.39 1713.16
 2181.6 1647.11
3759.69 697.326
   1083 1040.56
 1221.9 1836.14
2188.14 1650.82
 430.99 49.0219
3123.63 1799.65
2669.37 520.626
2989.41 1795.03
3853.93  713.86
1296.85  1340.9
2571.82  1763.4
4281.81 1754.52
 357.08 1465.89
2305.62 1781.84
 1083.8 1040.57
777.855 1810.06
2541.29 1831.75
3034.35 481.589
2908.24 1999.65
2188.05 1651.21
2555.53 1780.56
342.468 1698.98
3123.63 1800.04
2273.06 1372.17
2245.62 846.893
327.137 1650.05
1900.76 303.411
 1696.4 785.588
1212.83 1835.27
3043.58  580.19
2983.64 1798.54
2748.64 437.996
253.054 1112.05
3930.53 192.499
2099.95 412.146
2979.86 1869.48
3010.72  1857.2
2187.64  1603.2
1826.04 1847.14
3258.36 1775.76
2761.59 1777.44
1915.25 1762.19
3042.31 577.837
1346.86 1791.66
2384.62  717.47
4233.58 1353.12
2367.39 1800.17
1825.84 1846.95
 1696.7 785.283
1054.98 1661.19
2734.97 1838.49
3781.87 1745.65
2555.63 1780.36
   3762 694.616
3143.87 1757.39
 3858.1 1512.11
632.473 1368.45
3748.49 1773.68
2647.68 1831.17
3753.98 690.849
4132.91 1756.93
2769.54 846.103
432.355  1325.1
2750.66 1764.28
34.4879    1451
227.641 1279.31
709.513 690.866
1612.17 796.631
2242.49 445.613
1910.35 1768.15
2137.73 1783.63
1083.07 800.882
243.663 773.573
35.6915 1451.21
1064.49 1797.37
1338.33 1770.87
1611.48 796.903
3865.35 1801.89
1900.44 1257.12
1304.35 1790.61
3303.48 1803.72
2784.53 1556.73
2885.12 1797.16
856.215 751.159
1900.94  314.16
3475.59  1794.8
35.0037 590.939
4368.04 1354.74
3257.28 1775.08
450.944  1817.7
2799.03 1261.43
4169.31 1764.52
3181.67 1797.03
 2509.5 1794.99
1898.98 316.934
2783.45 1339.83
1823.51 1805.21
4232.77 1353.71
1917.51 310.265
3293.16 537.905
1893.53 1002.06
3157.09 1787.26
 1435.5 1804.65
2771.56 1550.88
449.851 1480.58
2201.07 975.855
262.003 95.6595
 2143.2 338.771
2661.63 1830.78
392.372  1845.6
754.548  1816.7
3852.77 1620.66
3016.38 1830.07
1844.04 1760.93
2218.38 334.294
1823.31 1805.99
3045.79 1791.73
4291.43 1807.67
993.854 1846.27
37.1343 1668.74
2385.54 1795.29
3176.38 1786.68
1899.97  965.62
2296.73 1622.65
1782.66 408.007
2659.04 414.937
1693.96 440.262
1005.45 453.044
2590.15  1782.7
1015.35 452.814
1977.83 1488.89
2755.89 1421.78
3016.96 1817.38
343.644 1697.09
2615.89 1838.19
3858.72 1629.98
2213.45 692.151
4123.09 1747.48
2138.31 1785.67
388.255 1324.81
2735.16 1765.93
203.254  1866.5
2167.23 1618.71
1714.33 484.012
2789.69 1813.92
1053.75 1824.24
 2143.4 338.263
1998.59  842.66
1978.9 1488.5
304.033 1775.74
2246.58 974.284
2276.74 711.109
690.922 362.439
2212.21  968.17
782.304 1805.91
 2694.8 1487.38
782.285 1804.43
388.061 1325.11
2986.18  1804.3
3018.05 1854.66
2200.78  975.54
2107.12 1788.61
1422.91 1808.58
3708.59 1757.39
2947.05 1906.75
340.213 1715.48
2179.84 1648.09
3840.99 1729.08
2103.77 1031.78
869.699 1366.86
 2189.6 1610.62
815.752 1448.71
2963.62 1793.27
3319.97 1519.26
682.681 1859.02
2535.45 403.801
 1901.6 1517.34
1055.75 1822.56
3665.39 1768.55
2102.12 434.304
862.174 708.464
262.202 94.9377
1674.52 1847.85
 2525.2 1766.42
202.578  1866.5
862.424 708.258
2387.49 1795.49
419.474 1504.99
2179.33 1592.85
1325.87 1835.05
2338.13 687.599
1498.74 1769.34
 1912.3 1802.73
2635.88 1804.35
3855.48 1532.92
 483.76 1865.76
1072.91 1790.37
2388.56 1796.17
3841.29 1728.69
937.296 1842.51
2677.81 1780.27
1395.56 1806.54
3085.78 1796.71
3769.88  1762.8
2208.16 993.841
1394.37 1809.97
2744.32 1772.86
1939.36 1766.58
1815.24 1839.04
811.069 1445.83
2926.37  1936.8
3085.58 1797.01
380.186 1789.39
 2925.7 1960.51
3300.41 559.897
2044.42 671.611
2213.54  692.22
4216.98 1036.35
2952.59  1811.9
1663.52 1808.33
2576.59 1796.16
1662.92 1809.79
3827.42 1802.55
2253.87 1808.68
 1268.3 1843.75
1662.14 1809.11
2598.73 1779.97
3664.99 1768.06
3206.15 1793.82
2574.35 1802.01
3107.88 1788.52
986.751 1841.36
227.295 940.247
1874.36 1269.49
2295.66 1659.04
1881.52  861.96
3559.95 1456.15
3494.86 1762.92
3162.19 1801.13
 2210.7 906.646
2637.34 1803.47
714.526 1272.53
2531.25 1764.76
2874.57 1781.65
2647.78 1797.92
3313.76 1737.09
2118.96 1770.84
260.592 1078.84
2953.34 1489.61
2864.32 1696.59
616.012 1380.55
2189.12 1634.04
256.529 1850.14
 3044.9 1697.75
2107.01 699.756
2650.12  1798.4
3850.95 1563.16
345.121 1545.49
2259.49 1524.38
1698.77 446.814
307.839 1202.25
2061.45 1803.95
1894.65 1795.12
1875.35 1269.89
3514.18 1797.76
2649.63 1578.21
3292.01 548.238
2238.74 1788.88
2119.84 1770.36
2186.98 1786.15
2598.63 1776.36
3353.71 1787.22
1078.52 1790.86
1769.67  1820.2
1187.17  1722.5
1537.08 506.761
2649.24 1798.01
 2306.3 1796.18
402.981 1470.36
1584.32 1848.91
3858.91 1629.59
374.454 1549.46
260.552 1809.82
