2890.69 1947.02
4329.02 1992.24
2854.09 2167.54
2854.06 2167.75
2826.43 2170.47
2888.96 1964.39
 1912.9 282.053
3585.67 623.365
1182.78  1715.1
3587.03 1905.98
 3006.4 1853.68
 4383.8 1825.46
3006.58 1853.57
  1574 1820.4
2888.94 1964.34
2883.55 1958.61
4189.04 672.167
3576.18 618.547
 2824.6 1811.88
4189.21 672.012
2824.35 2162.55
2914.81 1944.18
2846.68 2153.93
3026.07 2171.35
 3844.9 1777.62
 2286.2 1802.01
1221.81 1845.63
4291.56 1985.39
2833.19 2139.75
 2844.2 2159.28
4294.52 1985.56
2856.17 2150.47
 1778.4 1822.14
2826.55 2155.47
2879.99  1979.7
446.905 58.7036
2937.84 1960.49
3599.52 742.898
3599.52 742.999
1503.75 489.429
2168.61 1610.15
2841.15 2164.03
2077.02 1846.45
2880.28 1969.88
1898.21 286.505
2157.22 1647.78
2587.89 1835.12
   4169 1744.99
3028.72 2158.66
2157.76 1601.75
 893.55 1847.81
 3865.8 1798.06
2897.12 1908.28
2780.22 1810.09
3025.86 2182.91
1754.03 395.808
1898.15  286.41
2968.51 452.449
 1685.1 1847.21
2974.86 1761.63
2157.51 1647.84
2925.18 1917.09
   4163 676.341
 3866.6 1798.06
2925.26 1916.69
1328.22    1838
4179.71 666.364
2142.38 1389.05
 1966.9 322.742
3879.11 1806.43
3570.56 746.394
 1223.4 1795.02
2859.89 1800.42
2938.76 1950.28
 1352.3 1821.73
1554.21 1819.85
465.246 323.146
1228.31  1852.2
3599.6 603.78
328.034 1868.94
1251.11 1836.59
1022.49 1766.45
 1241.2 1796.27
2170.01 1621.15
3032.12 2175.63
3574.78 742.915
3322.36 516.196
1052.96  410.87
2827.58 2148.72
2170.09 1621.13
3725.58 1197.61
3574.46 743.478
   1242 1796.47
2914.45 1909.33
1459.01 1805.02
  416.7 1869.05
1644.68 1831.68
396.783 1325.41
2820.99 2174.38
2873.67 1818.43
2252.12 1773.44
 2167.9 1635.38
3019.31 2154.85
79.4258 1866.94
2828.51 1652.61
1959.99 1775.63
3028.34  2156.5
295.876 1867.49
 5088.5 1800.83
3725.82 1197.63
 3396.5 1764.03
434.131 1786.33
3396.59 1763.92
 4121.4 1745.11
2894.64 1921.33
4121.8 1745.1
 2167.6 1635.32
 1115.4 1828.17
3714.29 1765.69
3835.39 1807.45
396.585 1325.86
3016.77 2157.41
3037.59 1820.41
 3254.6 1789.79
2988.47 1826.18
  433.4 1786.33
2937.55 445.922
3036.87 1821.32
2906.66 1875.74
 1000.8 1765.97
2657.58 1538.71
2816.62 2164.46
1057.04 409.056
1174.91 1804.35
2230.19 313.747
2174.41 1844.18
 3570.5 624.325
1644.28  1831.7
 1173.7 1802.07
2905.47 1892.66
2864.67 2149.82
3612.61 1919.13
2168.06  1641.7
2989.28  1826.7
1181.01 1812.41
2827.87 1652.32
38.7799 711.755
871.708  1853.8
39.2828 711.942
1498.16 509.796
2938.56  1947.7
429.899 1866.84
2642.98 1768.07
1193.91 1847.07
  694.4 727.128
926.191 1535.73
1211.11 1843.78
   2363 1786.06
34.0355 1065.45
2978.36 1863.34
 4332.5 1818.12
1961.28 1753.14
1958.09 969.389
2870.21 1808.48
343.278 1865.94
343.174 1866.34
2881.54 1921.62
33.6764 1065.36
1301.4 1795.1
 2890.6 1934.87
1096.71 1327.45
 4332.7 1818.14
1960.34  665.07
397.946 1736.07
 3459.5 1800.14
1956.38 1241.09
34.1235 1419.76
2872.98  1481.7
1997.05 1042.34
4181.01 680.981
3503.27 785.094
2804.78 1817.19
2031.65 659.352
1865.38 1754.85
39.1765 746.894
2235.25 534.276
2135.33 1393.74
692.019 751.843
1982.75 989.777
1590.13 1855.67
 3296.6 1757.11
1642.81 1846.52
2341.69 1769.48
2234.49 533.543
3609.13 621.718
 2979.8 1856.06
167.03 1869.3
1748.29 413.837
1957.62 970.427
2170.29 1604.34
3998.93 668.417
2091.92 303.564
299.551 1829.43
3588.38 733.767
44.2292  753.46
33.3162 1874.36
2169.91 1603.85
400.105 1308.47
1046.35 1677.75
 1515.8 492.392
 2848.9 2153.16
2891.03 1934.16
2858.87 2049.44
3888.46 705.315
2852.24  1822.3
2743.99 1833.96
1489.77     497
 3229.5 1788.96
2988.24 1866.05
1080.03 478.632
1359.11 1827.07
2645.24 1832.06
 2031.7 660.389
1956.62 1242.86
3588.21  732.95
 3002.8 1791.38
   2293 1795.69
1828.42 1835.53
1642.32 1846.91
1013.39 1766.96
1085.26 476.495
1614.12 972.515
 1801.1 1819.75
1450.19 1770.18
 4385.9 1789.92
1167.09 1765.37
2775.97 1573.02
1460.09 1753.33
2787.8   1357
 3924.1 1773.74
1901.15 297.326
3034.92 1793.39
 2504.2 1781.62
1493.21 497.806
388.406 1399.96
696.761 357.614
3765.04 659.814
1518.5 1765.9
2239.52 314.252
34.4174 1099.01
2775.89 1572.38
 3339.9 528.888
1181.41 1830.98
912.601 1774.07
445.116 1778.93
3608.66 622.665
2896.03 1884.39
1544.41 1824.48
3294.01 1756.67
2999.92 1791.24
 274.29 1790.94
861.433 1821.53
2988.62 1868.16
2614.94 1100.34
2949.68 1809.97
38.8371 396.463
1843.93 1840.25
1045.07 1677.68
1060.28 1366.66
1192.91 1840.48
1681.14 628.493
1986.71 1031.56
42.2956 397.097
3036.67 463.545
2456.27 746.153
1957.95 1516.85
3455.99 895.308
2215.08 604.013
1679.51  525.41
 1324.2 1792.61
3587.49 632.765
 4384.9 1789.83
 3587.1 633.472
2661.09 1767.49
2232.33 1201.48
   3291 1789.25
4010.17  656.98
2941.78 1762.49
1688.04 417.282
2896.31 1777.63
4010.23 656.911
 1062.6 512.504
2232.38 923.023
2989.24 1870.25
2751.61 1805.61
2225.76  633.67
3524.41 1924.94
2875.24 1996.21
1963.82 1235.53
1948.16  680.54
2841.33 2179.14
1963.69 1236.34
843.883 1829.05
2503.99 1781.63
1063.57 514.245
1829.11  1835.5
2096.9 413.38
2751.02 1805.89
 3673.2 1773.29
  2235 952.11
1844.64 1840.22
1614.69 972.881
436.664 1522.66
 1098.9 1806.86
2215.13 604.115
247.772 766.145
416.366 1321.77
424.164 1865.58
2606.53 1539.36
2988.57 1869.43
2808.99 1695.64
446.289 1776.13
3026.86 1857.15
 2787.5 1356.53
2998.39 1798.37
 1971.2 1792.07
   3291 1789.26
839.233 1830.09
2763.99 1779.45
692.935 681.738
3586.13 785.911
1545.61 1823.29
2212.76 420.217
1061.49 1365.81
2225.85 633.874
   2352 1794.34
2860.94 2106.59
1189.08 1728.52
 1533.4 1819.68
3085.57 1715.48
2740.02 1840.35
1680.22  631.02
1962.44 935.914
911.039 1850.96
2335.19 665.413
 3760.3 1766.61
3313.68 1771.14
690.814 1008.46
3618.08 625.841
3137.55 1773.77
3338.56 528.822
3876.42 1618.74
2177.57 1600.22
2943.85  1972.6
3137.04 1773.86
1150.39 1713.13
 2171.4 1645.09
3778.52 680.903
1060.49 1030.92
1197.11  1838.4
2177.94 1649.76
437.493 52.9393
3136.55 1802.31
2670.99 496.752
2999.25 1797.21
3873.14 698.316
1273.1 1333.8
2571.28 1764.56
4306.09 1754.61
343.622 1463.65
 2298.4 1783.44
1061.31 1030.88
 754.84 1811.05
2540.03 1834.64
3041.93 458.288
2915.93 2006.39
2177.98 1649.41
 2554.6 1781.72
328.833 1698.42
3136.57 1802.29
2265.21 1363.38
   2238 827.517
314.02 1649.6
1889.91 281.021
1679.31 768.028
   1188 1837.25
3052.51 557.782
 2993.5 1799.65
2751.05 413.708
245.623 1110.25
 3943.2 177.957
2091.34 388.676
2989.55 1872.96
3020.64 1861.02
2177.57 1600.23
1808.28 1849.54
 3274.2 1776.87
2765.87 1779.13
1899.19 1763.27
3050.54  555.33
1322.7 1793.2
2379.86  696.09
4257.44 1348.13
2361.71  1802.3
1808.09 1849.56
1679.83 767.458
1029.98 1660.42
2738.45 1840.72
3805.59 1745.85
 2554.7 1781.73
3781.32 678.587
 3157.3 1758.06
3882.16 1507.87
612.564 1364.94
 3771.9 1774.34
2649.11 1833.87
3772.87 674.441
4157.88 1756.73
2773.05 826.481
417.408  1322.1
2754.69 1765.25
33.5408 1451.01
219.684 1277.67
695.069  682.73
 1594.3 779.413
 2235.8 421.892
 1894.2 1769.04
2126.49 1785.91
 1062.9 788.745
241.203 772.472
34.6943 1451.15
 1039.5 1798.26
1314.09 1772.67
   1594 779.169
3889.69 1803.62
1884.52 1246.75
 1279.9 1791.49
3320.21 1805.24
2789.17 1552.53
2892.51 1798.94
838.611 741.198
 1890.2 291.639
 3495.4 1796.15
45.4522 594.906
4390.69 1350.31
3273.12 1776.81
434.226 1818.93
2803.76 1250.08
 4194.2 1765.21
 3195.9 1798.81
 2507.4 1796.83
1888.68 294.093
2788.94 1329.97
1805.71 1807.74
4256.56  1348.5
1906.84 287.734
3305.57 516.378
1878.46 986.488
 3170.8 1789.14
 1412.1 1806.57
2775.77 1546.61
 433.67 1477.98
2192.29 958.713
273.808 103.183
2135.48 314.941
2663.41 1833.45
377.326 1846.67
731.845 1818.24
   3877 1618.63
3027.09 1832.16
1826.62 1760.77
2211.94 310.088
 1805.5 1807.72
   3057 1793.34
4315.62  1807.8
969.128 1848.39
 35.381 1669.11
 2380.3 1797.01
 3190.5 1788.03
1885.47 949.011
 2289.4 1619.62
1769.85 386.506
2660.05 390.397
1679.96 419.584
990.272  441.11
2590.1 1783.9
 999.86 441.048
1963.24 1483.08
2759.59 1414.28
3027.47 1819.69
 329.95 1697.19
2616.46 1840.75
3882.97 1627.93
2205.33 670.852
 4148.1 1747.76
 2127.1 1787.26
374.636 1321.77
2738.75 1767.32
194.633 1867.82
2156.73 1615.86
1699.95 463.514
2794.63 1815.72
 1028.8 1825.67
2135.71 314.416
1985.76 824.361
1964.14 1483.29
291.638 1776.35
2238.33 957.398
2270.39 689.528
 682.56 355.882
2203.47 951.057
759.225 1806.17
2697.02 1481.58
759.215 1806.17
374.461 1321.99
2996.16 1805.52
3028.33  1858.2
   2192 958.385
 2095.2 1790.43
 1399.4 1810.34
3731.61 1758.29
2955.48  1911.3
326.631 1715.36
2169.49 1646.68
 3865.2 1729.08
2092.53 1016.18
846.615 1361.59
2179.57 1607.82
792.787 1445.06
2972.87  1795.2
3336.74 1514.16
661.113 1860.93
2534.4 379.15
1885.36 1512.53
1030.79  1823.8
3687.89 1769.04
2093.26 411.034
845.152 698.126
 274.01 102.486
1654.24 1851.34
 2523.5 1767.45
193.983 1867.84
845.263 698.183
2382.31 1798.01
403.929 1503.49
   2169 1589.89
1301.61 1837.37
2332.61 665.853
   1476 1770.35
1896.2 1804.6
2636.99 1806.15
3879.53 1528.93
466.305  1867.7
 1047.9 1792.32
 2383.4 1797.97
3865.52 1729.08
912.872 1845.06
2679.98 1782.08
 1371.8 1807.81
3097.89 1798.57
3793.52 1764.18
 2199.7 976.822
 1370.6 1811.85
2748.24 1773.53
1923.79 1767.73
 1797.3 1841.55
788.139 1442.33
2934.21 1942.02
3097.71 1798.55
 365.41 1790.41
2933.25 1966.33
3312.55 538.412
2033.43 650.594
2205.39 670.948
4238.58 1026.88
2961.07 1814.75
1643.01 1810.88
2576.21 1798.28
1642.39 1810.85
3851.51 1803.63
 2245.4 1810.65
1243.71 1846.08
 1641.6 1810.88
2598.89 1781.54
 3687.5 1769.08
3220.9 1795.4
2573.9 1803.8
 3120.5 1790.16
962.045 1843.27
 223.02 938.576
1858.28 1258.73
2288.18 1657.39
1866.86  844.19
3580.76 1450.21
3515.02  1764.1
3176.02 1802.55
2202.65 887.972
2638.54  1806.1
 693.78 1267.59
2529.72 1765.44
2881.72 1782.89
2649.22 1800.31
3330.73 1737.57
 2107.3 1771.85
253.321 1076.65
2961.33 1483.59
2871.11 1695.85
596.293 1377.59
2179.15 1631.48
245.877 1850.57
3056.58 1697.68
2097.16 678.703
2651.6 1800.2
3875.28 1560.76
331.607 1544.96
2251.26 1519.15
1684.47 426.377
297.642 1199.85
 2048.5 1805.57
1878.2 1796.5
1859.07 1259.57
 3534.6 1799.36
2650.99 1574.54
3304.67  526.84
 2229.9 1790.83
 2108.2 1771.59
 2176.9 1787.68
2598.81 1777.29
 3371.4 1788.66
 1053.5 1791.31
1750.91 1822.69
1162.18 1722.87
1520.92  488.01
2650.71 1800.25
 2299.1 1797.91
388.055 1468.56
 1562.7 1851.53
3883.21 1627.73
360.024  1548.9
249.691 1810.38
