0.0957729 0.0703041
0.564045 0.085857
0.0841534   0.14122
0.0841213  0.141284
0.0751212  0.142113
0.0953901 0.0759266
-0.220078 -0.468594
 0.321617 -0.357517
 -0.455719 -0.0043334
 0.320649 0.0572277
 0.133086 0.0404108
  0.58213 0.0316764
 0.133118 0.0404108
-0.328056  0.029712
0.0954543 0.0759267
0.0936215 0.0740622
 0.519548 -0.343803
 0.318598 -0.359031
0.0746832 0.0269386
 0.519614 -0.343843
 0.07483 0.139668
 0.103743 0.0694406
0.0819317  0.136874
0.139355  0.14257
0.404548 0.015983
  -0.0982 0.0237632
 -0.44295 0.0378877
 0.551594 0.0836723
0.077428  0.13227
0.0810651  0.138579
0.552589 0.083643
0.0847596  0.135718
-0.261823 0.0302821
0.0750532  0.137255
0.0925002 0.0808413
 -0.70816 -0.550694
 0.111044 0.0746822
 0.325943 -0.318489
  0.32578 -0.318562
-0.352876 -0.401657
 -0.136012 -0.0378417
0.0798769  0.140058
 -0.16549 0.0379824
0.0924985 0.0776602
-0.224881 -0.467139
 -0.139675 -0.0257313
-0.00131619   0.0344134
   0.51094 0.00550791
0.140219 0.138483
 -0.139487 -0.0406061
-0.551139 0.0388745
0.411381  0.02251
 0.098017 0.0579045
 0.060423 0.0262946
0.139361 0.146272
-0.271465 -0.431626
-0.224913 -0.467162
 0.121851 -0.412158
-0.292027 0.0383831
 0.122981 0.0108239
 -0.139579 -0.0257313
 0.107307 0.0607356
 0.511173 -0.342014
 0.411643 0.0225425
0.107146 0.060607
-0.408124  0.035329
0.516455 -0.34569
-0.144527 -0.108885
-0.202437  -0.45509
0.415731  0.02542
 0.316326 -0.317397
 -0.44241 0.0215289
0.0860545 0.0234723
 0.111299 0.0714047
-0.400246 0.0301872
-0.334487 0.0293941
-0.699552 -0.462101
-0.440822 0.0400512
 0.326073 -0.364032
-0.740885 0.0460768
-0.433346 0.0349999
-0.508467 0.0122784
-0.436577 0.0219775
  -0.13556 -0.0343077
0.141643 0.143861
 0.317799 -0.318482
 0.236411 -0.391841
-0.501727 -0.429268
0.0754373    0.1351
 -0.135528 -0.0343398
 0.365987 -0.171289
 0.317636 -0.318334
-0.436315 0.0219774
  0.10377 0.0582603
-0.365448 0.0246105
-0.710816 0.0458777
-0.305117  0.033562
-0.717957 -0.131571
0.0734828  0.143399
 0.090457 0.0290606
-0.109158 0.0148049
-0.136234 -0.029746
0.137288 0.137223
-0.825947  0.045627
 0.0760319 -0.0242737
-0.203179 0.0151741
0.140379 0.137711
-0.751824 0.0456112
 0.820368 0.0240869
 0.366084 -0.171257
 0.258873 0.0115841
 -0.70487 0.0191744
 0.258905 0.0116163
  0.495244 0.00550487
0.0972796 0.0621125
  0.495376 0.00556966
 -0.136331 -0.0297782
 -0.47788 0.0323635
 0.361959 0.0122556
 0.401451 0.0254418
-0.718014 -0.131473
 0.13642 0.138059
 0.143086 0.0299087
 0.213049 0.0198066
 0.127326 0.0315745
-0.705116  0.019044
 0.111605 -0.414265
 0.142926 0.0299408
0.101002 0.047434
 -0.51563 0.0121843
 0.0210291 -0.0607436
0.0720019   0.14018
-0.500506 -0.429679
-0.458321 0.0244507
-0.117098 -0.457587
-0.134146 0.0372628
 0.316789 -0.357096
-0.305247  0.033562
-0.458715 0.0241923
 0.100586 0.0528623
0.0873955  0.135495
 0.328935 0.0616229
 -0.136169 -0.0277864
 0.127551 0.0317994
-0.456321 0.0270688
 0.0757428 -0.0243058
-0.843251 -0.335512
-0.558391 0.0406384
-0.843076 -0.335445
-0.354707 -0.394918
 0.111298 0.0705693
-0.706349 0.0451489
0.0163716 0.0127763
  -0.4521 0.0383514
-0.619754 -0.326789
 -0.540377 -0.0623151
-0.446457 0.0373422
-0.0735258  0.0186223
 -0.84295 -0.218319
0.124211 0.043395
 0.565077 0.0292846
-0.202759 0.0079406
-0.204162 -0.244485
0.0892998 0.0257207
-0.735707 0.0449196
-0.735744 0.0449851
0.0928769 0.0621428
-0.843066 -0.218386
-0.416873 0.0216092
0.0959318 0.0664489
 -0.48437 -0.129457
 0.565143 0.0292522
-0.203775 -0.343283
-0.717112 0.0028762
 0.279258 0.0231454
-0.204583 -0.156574
-0.841816 -0.101431
0.0902497 -0.079105
-0.191585 -0.220757
 0.516826 -0.340905
 0.294443 -0.304597
0.0683238 0.0286716
-0.180998  -0.34479
 -0.233702 0.00849123
-0.842891 -0.323804
-0.115069 -0.385476
-0.146778 -0.107408
-0.620403 -0.318747
-0.196256 -0.237762
-0.322838 0.0409549
  0.226599 0.00935856
-0.305737 0.0381044
-0.0803672  0.0132608
-0.115393 -0.385672
 0.329448 -0.358013
 0.124628 0.0410822
-0.795849  0.046143
-0.273273 -0.425737
-0.204387 -0.244062
-0.135466 -0.039737
 0.456684 -0.344291
-0.161871 -0.461165
-0.750546 0.0331983
 0.322283 -0.321472
-0.841046 -0.321736
-0.841862  0.048004
 -0.135594 -0.0398656
-0.716853 -0.137196
 -0.500587 -0.0165178
-0.349006 -0.400556
0.0826065  0.136617
0.0963495 0.0662884
0.0857966  0.103271
 0.420208 -0.331834
0.0835498 0.0302475
0.0487993 0.0340311
-0.357465 -0.399175
0.204954 0.019547
 0.127298 0.0443279
-0.492386 -0.406847
-0.398027 0.0317673
0.0170784 0.0333222
-0.180738 -0.344645
-0.204452  -0.15609
  0.32222 -0.321745
 0.131954 0.0202685
-0.0960146  0.0217076
-0.245663 0.0344236
-0.305899  0.038169
 -0.51147 0.0123445
-0.490673 -0.407511
-0.315636 -0.243989
-0.254483 0.0295701
-0.368309 0.0134834
 0.582817 0.0203055
-0.460875 0.0119674
  0.059078 -0.0497668
-0.365083 0.0080635
0.0628942 -0.119171
0.430449 0.014735
-0.223879 -0.463584
  0.14228 0.0212022
-0.0281855  0.0171746
-0.356414 -0.398813
-0.720623  -0.10733
-0.621058 -0.448886
 0.380023 -0.346185
-0.346082 0.0121862
-0.114279 -0.457313
-0.842706 -0.207112
  0.059078 -0.0499916
 0.241872 -0.387794
-0.456196 0.0331167
-0.544801 0.0149874
-0.701152 0.0163949
 0.329088 -0.357824
0.0973713 0.0501308
-0.337673 0.0309436
   0.22576 0.00919764
 0.131022 0.0205896
-0.759132 0.0203399
-0.561778 0.0305145
 0.127427 0.0450026
0.00732968  -0.201759
 0.114978 0.0262073
-0.845631 -0.440882
-0.240656 0.0358684
 -0.501016 -0.0164857
-0.496276 -0.116958
-0.452426  0.036282
-0.294535 -0.355729
-0.194953 -0.224225
-0.844413  -0.44066
 0.143644 -0.408626
-0.0438487  -0.316278
 -0.203824 -0.0680699
 0.279097 -0.268576
-0.121589 -0.362721
-0.295447 -0.389294
-0.409419 0.0207971
 0.322212 -0.354436
 0.582484 0.0202728
 0.322047 -0.354226
0.0221821  0.012648
-0.115608 -0.169298
 0.224794 0.0197137
 0.460483 -0.348028
 0.112404 0.0111119
-0.292879 -0.424788
 0.097749 0.0158633
 0.460516 -0.348038
-0.497963 -0.395834
-0.115768 -0.259154
  0.12762 0.0456774
0.0512387  0.024881
-0.118329 -0.352921
0.300318 0.063452
0.0909605 0.0861427
-0.202102 -0.158503
  -0.2077 -0.338264
0.079913 0.144917
-0.202198 -0.158148
-0.567605 0.0331192
-0.0282497  0.0170461
-0.497624 -0.395269
-0.245436 0.0344878
 -0.16007 -0.425132
0.051046 0.024913
 0.348586 0.0146373
-0.114814 -0.249822
 -0.24043 0.0358361
-0.315376 -0.243991
 -0.704117 -0.0670684
-0.483301 0.0253773
-0.121492 -0.362737
-0.770875 -0.316264
-0.711315 -0.132805
-0.708286 0.0447937
0.00465522   -0.06055
 0.127524 0.0453239
 0.0697031 -0.0104346
-0.700756 0.0156434
0.139648  0.04157
0.0629265 -0.119364
 0.13054 0.022581
-0.199569 0.0205099
 0.224794 0.0196494
-0.569157 0.0330888
0.0552198 0.0164696
-0.620452 -0.341766
  0.32138 -0.304519
-0.337282 0.0305888
-0.122504 -0.422755
-0.495784 -0.117637
-0.118071 -0.352995
-0.0770594  0.0212556
 0.08642 0.121631
   -0.453651 -3.23367e-05
-0.341247 0.0294956
   0.158689 -0.00379131
 0.047483 0.0359253
 -0.29479 -0.354948
-0.202747 -0.255364
 -0.54535 0.0396771
-0.0828015  -0.342617
0.376942 0.012454
 0.232121 0.0139909
-0.619795 -0.234558
 0.332048 -0.356875
 0.175336 0.0149434
  0.24158 -0.387766
  0.414857 -0.0353359
 -0.13315 -0.040957
 0.113007 0.0785718
 0.175143 0.0145578
  -0.466358 -0.00488485
 -0.135108 -0.0266296
 0.384412 -0.339306
-0.496773  -0.22631
-0.451047 0.0356013
 -0.132952 -0.0254084
-0.711421 -0.552732
 0.175016 0.0235883
0.0254712 -0.397477
 0.130829 0.0220671
 0.415436 -0.333863
-0.426372 -0.127436
-0.00664489   0.0116526
    0.5563 0.00873022
 -0.735753 -0.0862893
-0.0942789  0.0177255
-0.496509 -0.226308
 -0.59723 0.0270144
-0.0166932  0.0341569
 0.145626 -0.410328
 0.104109 0.0894289
 -0.132984 -0.0252799
-0.0120059  0.0173026
  -0.740563 -0.00955489
 0.175016 0.0237169
-0.104998 -0.117143
-0.114032 -0.290067
  -0.74561 -0.0256613
-0.227561 -0.468985
-0.294837 -0.310249
-0.454032 0.0353136
 0.148663 -0.377868
 0.128932 0.0232231
0.0515679 -0.424679
-0.769999 -0.202776
 0.440653 -0.505499
-0.161988 -0.433189
 0.127685 0.0465769
 0.137847 0.0425331
 -0.133118 -0.0410855
-0.252161 0.0392222
 0.219371 0.0157245
0.0558299  0.016277
-0.222791 0.0112553
 0.148246 -0.378642
-0.409909 0.0209589
-0.0682703  -0.332674
  0.54042 -0.123414
-0.073944 0.0237597
-0.252226 0.0391579
-0.29474 -0.31035
 -0.505999 -0.0219957
0.0470656 0.0363747
  0.391714 0.00580986
-0.0119738  0.0172384
 0.385173 -0.340198
  0.181681 0.00967381
 0.416811 -0.071073
-0.645091 -0.118367
 0.380724 0.0150367
0.0183305 0.0339644
 0.382533 -0.341438
  0.507278 0.00952423
0.0584461 -0.290327
-0.710971 -0.132639
0.0522332 0.0119427
 -0.841952 -0.0911901
-0.778365 -0.147711
-0.619729 -0.341432
-0.322567 -0.306614
 -0.11506 -0.422172
-0.224405 0.0132173
-0.149551 0.0183123
-0.496751 -0.305214
 -0.77309 -0.314205
 -0.841556 -0.0911222
-0.502867 0.0228355
-0.412717 0.0141136
-0.322795 -0.306524
 0.419197 0.0243242
-0.227666 -0.155018
-0.423906 0.0206121
 0.234223 0.0249276
 0.0633832 -0.0563834
0.0964967 0.0227674
-0.571434 -0.321584
-0.227503 -0.465447
 0.290883 0.0219917
-0.841783 -0.374329
0.584686 -0.12288
 0.219016 0.0154993
-0.704852 0.0295297
0.0681547 -0.153597
 0.519262 0.0120239
 0.194122 0.0227264
-0.0271584  0.0220542
-0.228146 -0.464534
0.0630276  -0.12779
-0.252994 0.0254184
 0.540154 -0.123218
-0.222048 -0.466729
 0.230827 -0.391788
-0.229941 -0.238984
 0.186032 0.0195096
 -0.38073 0.0252336
 0.0591121 -0.0583093
 -0.705212 -0.0814528
-0.128697 -0.247612
-0.767053 -0.537379
-0.147748 -0.457345
0.0229213 0.0338362
-0.724134 0.0387133
-0.604903 0.0292019
  0.415054 -0.0353361
  0.13971 0.0336023
-0.246235 0.0108415
-0.122997 -0.458818
-0.253058 0.0256759
  0.14939 0.0209789
 0.559464 0.0262269
-0.526122 0.0389352
 -0.841081 -0.0195088
-0.0679697  0.0221536
 0.192381 0.0193184
-0.227822 -0.250981
-0.0972061  -0.034682
-0.266442 -0.434552
0.0220716  -0.43227
-0.295643 -0.423933
-0.522304 -0.419725
-0.000609921    0.0180087
-0.519045 -0.419801
 -0.202191 -0.0787154
0.0539545 -0.100811
 0.139901 0.0294259
 -0.740176 -0.0101764
0.00786506  0.0362756
  0.417012 -0.0322692
-0.124623 -0.341009
  0.504045 0.00641353
-0.149358  0.018987
 -0.72549 -0.132733
0.0471279 0.0124882
-0.786393 0.0455949
 -0.139839 -0.0359797
-0.288936  -0.40953
0.0650799 0.0282858
-0.506404 0.0316827
-0.147684 -0.457512
-0.195356 -0.291461
 -0.201836 -0.0788437
-0.753216 0.0157168
-0.113715 -0.248129
-0.103787 -0.334768
 -0.62585 -0.449553
-0.125029 -0.250142
-0.595766 0.0256475
 0.0338432 -0.0792136
-0.595772 0.0251599
-0.725553 -0.132636
 0.129768 0.0251185
  0.14026 0.0416988
-0.128794 -0.247715
-0.159625 0.0199531
-0.384872 0.0265273
  0.367591 0.00967684
 0.116886 0.0588447
  -0.741305 -0.00412314
 -0.135687 -0.0263085
   0.411177 0.000355243
-0.160729   -0.2292
-0.566995 -0.118891
 -0.132474 -0.0386436
 -0.584754 -0.0919437
 0.122339 0.0214873
  0.239652 -0.0687201
-0.628562 0.0431325
-0.0186158  -0.435936
 -0.227284 -0.0693495
-0.505744 0.0311312
 0.353367 0.0133492
-0.161272 -0.425895
-0.569472 -0.335639
-0.766987 -0.537617
-0.302042 0.0394542
-0.0219895   0.012648
-0.786616 0.0455954
 -0.56939 -0.335707
-0.0673274  0.0222177
 -0.715212 -0.0734151
 -0.135854 -0.0444921
-0.416819  0.035241
-0.0835755  -0.342508
-0.359908 0.0136094
-0.223763 0.0246017
0.0144458 0.0251356
  0.415946 -0.0642204
-0.694049 0.0453509
-0.500095 0.0205337
-0.0669741  0.0224424
   0.411276 0.000226064
-0.544741  0.037697
0.0282497 0.0172067
-0.393877  0.025856
 0.162555 0.0226208
 0.387767 0.0114571
-0.126364 -0.241691
-0.394269 0.0269862
0.0501462 0.0147678
-0.214854 0.0127009
-0.255715 0.0365537
 -0.586296 -0.0928926
 0.110076 0.0687371
  0.16249 0.0227172
-0.728146   0.02021
 0.109855 0.0765453
 0.233215 -0.384548
-0.180267 -0.347771
 -0.12459 -0.340987
 0.534955 -0.227698
 0.118708 0.0276214
-0.305664 0.0264436
-0.00507201   0.0224388
-0.305859 0.0269269
 0.406709 0.0245414
-0.111313 0.0265598
-0.435774 0.0381055
-0.306118 0.0267016
0.00221497  0.0171099
0.353237 0.013188
0.202181 0.021668
-0.00581036    0.024365
 0.169831 0.0199234
 -0.52846 0.0373173
-0.778479 -0.259334
-0.236251 -0.150945
-0.0975571 -0.0227034
-0.233896 -0.285107
  0.318658 -0.0894937
  0.29723 0.0114963
 0.187709 0.0240744
-0.125527 -0.270396
0.0149273 0.0248467
-0.618079 -0.149945
-0.0199991  0.0121022
0.0930257 0.0176611
0.0183622 0.0230169
  0.237609 0.00299142
-0.155729 0.0141046
-0.767517  -0.21371
  0.118956 -0.0784793
 0.0896514 -0.0103395
 -0.65051 -0.114383
 -0.132632 -0.0309336
-0.768855 0.0402104
   0.149099 -0.00995921
-0.159663 -0.338506
0.0191326 0.0231775
  0.414457 -0.0542661
  -0.73969 -0.0600826
 -0.109464 -0.0670339
-0.294059 -0.421776
-0.751963 -0.173081
-0.174663 0.0250023
-0.229573 0.0220953
-0.235928 -0.150815
 0.303587 0.0229639
 0.0189734 -0.0493116
 0.230448 -0.388387
-0.116295 0.0200409
-0.155439 0.0139439
-0.133337 0.0191445
0.00218287  0.0159221
 0.250761 0.0194972
 -0.49825 0.0206943
-0.270718 0.0303516
  -0.462481 -0.00181137
-0.347288 -0.402041
0.0188437  0.023049
-0.0940546  0.0224459
 -0.720642 -0.0848179
-0.331734  0.039803
  0.417078 -0.0323985
 -0.730033 -0.0587776
 -0.76753 0.0269354
