 3525.3 1967.17
5142.73 2020.47
3484.25 2211.62
3484.25 2211.62
3452.56 2216.71
3523.26 1987.14
2542.85 285.904
4286.66 542.686
1813.61 1716.47
4282.75 1918.69
3649.45 1859.24
5155.33 1834.85
3649.15 1858.75
2202.79 1821.47
3523.26 1987.14
3517.24 1980.37
4920.24 618.357
4276.11 537.928
3459.95 1815.53
4920.24 618.357
3450.95 2205.92
3552.59 1963.11
3475.64 2198.06
3678.05 2217.84
4539.67 1782.41
2914.31 1804.28
1848.91 1846.15
5097.84 2012.43
3460.33 2182.23
3473.48 2201.09
5100.15 2012.44
3486.75 2191.72
2404.56 1823.58
3450.95 2205.92
3513.44 2002.98
1075.25 69.1028
3578.36 1982.45
4300.68 672.114
4300.68 672.114
2136.94 499.989
2796.72 1612.04
3469.37 2208.83
2701.81 1848.53
3513.62 1992.51
2528.11 290.518
2785.69 1649.78
3218.41 1838.36
 4889.2 1748.99
3680.96 2203.41
2785.89 1603.65
 1523.3 1847.89
4564.55 1803.81
3532.52  1924.6
3415.11 1813.45
3678.11 2231.69
2381.38 398.753
2528.11 290.518
3612.05 428.099
   2306 1848.66
3615.31 1764.81
2785.69 1649.78
3564.27 1933.95
4890.49   624.4
4564.55 1803.81
3564.27 1933.95
1956.77 1838.66
4909.95 612.469
2770.35 1390.72
2591.61  317.99
4578.53 1812.64
4268.56 676.547
1852.08 1795.82
3496.55 1803.91
3579.22 1968.74
1980.19 1822.53
2182.86 1820.89
1114.59 344.945
1855.58 1852.69
4301.88 521.684
961.013 1868.29
 1880.7 1837.14
1658.31 1767.33
1869.74 1797.08
2798.18 1623.06
 3685.3 2223.47
4273.57 672.249
3981.72 484.347
1693.25 427.702
3453.96 2192.01
2798.37 1623.06
4409.96 1179.52
4273.57 672.249
1870.52 1797.28
3552.13  1925.8
2092.06 1805.99
1050.58 1868.43
2265.29 1833.07
1039.23 1331.44
3446.37  2221.4
3511.14 1822.21
2880.33  1775.6
2796.03  1637.3
3670.66 2200.23
716.169 1866.07
3464.27 1652.79
2590.24 1777.44
3681.16 2202.72
931.621 1866.76
4596.27 1800.68
4410.27 1179.52
4052.35 1767.82
1078.12 1786.53
4052.25 1767.72
4836.08 1749.07
3529.69 1939.38
4836.49 1749.07
2796.03  1637.3
1744.89 1828.62
4391.17 1769.96
4528.51 1813.46
1038.73 1331.83
 3667.4 2201.59
3681.43 1824.79
3905.71 1793.77
3630.85 1830.92
1078.12 1786.53
3579.95 421.454
3682.03 1826.06
3543.41 1887.81
1637.13 1766.85
3288.75 1537.57
 3441.9 2208.64
 1697.4 425.964
1804.75 1805.02
2856.14 302.157
2799.45  1846.5
4269.52 544.806
2265.29 1833.07
1803.48 1802.78
3542.05  1906.5
3496.11 2191.75
4310.11 1932.77
2796.32 1643.64
3629.76 1830.33
1810.25 1813.04
3463.59  1652.5
680.978 724.298
1502.24 1853.79
680.978 724.298
2132.22 521.045
3579.22 1968.74
1064.01 1866.25
3275.61 1770.69
1821.32 1847.54
1345.12 744.962
1574.28 1540.49
1838.21  1844.3
2991.94  1788.4
680.415 1075.05
3619.93  1868.9
5094.97 1826.74
2590.73 1755.01
2586.04 971.924
3507.59 1812.04
 977.22 1865.31
976.978  1865.7
 3515.3 1938.28
680.415 1075.05
1929.45 1795.98
3525.27 1953.76
 1745.2 1336.16
5094.97 1826.74
 2587.3 665.844
1039.57 1736.86
4122.32 1804.85
2585.66  1244.4
682.631 1424.94
3510.25 1476.91
2624.82 1044.49
4911.32 627.854
4167.58 765.107
3439.11 1820.99
 2658.5 658.909
2496.53 1756.67
681.764 759.194
2861.92 527.236
2763.03 1395.31
1343.06 769.435
2610.27 991.778
2214.31 1856.79
3949.39 1760.51
2263.43  1847.9
2970.26 1771.71
2861.23 526.673
4312.74 540.306
 3621.7 1861.75
803.095 1868.48
2376.21 417.568
2585.55 972.965
2798.67 1606.28
4719.91 610.221
2716.44 294.589
941.722    1829
4288.57 662.253
687.118 765.812
670.439 1873.38
2798.28 1605.79
1041.86 1314.59
1683.52 1679.68
2149.34 503.229
3478.58 2195.13
3525.67 1953.86
3489.68  2080.5
4595.83  654.61
 3488.5 1826.31
3375.93 1838.06
2123.71 508.222
3879.85 1792.87
 3630.5 1872.05
1721.05 495.395
1988.81  1827.8
3276.42 1835.46
2657.43 658.495
2585.56 1245.97
4288.49 661.225
3645.44 1794.89
2921.04 1797.94
2451.76 1837.13
2262.85 1848.29
1649.15 1767.82
1725.28 492.584
2232.68 971.171
2426.89 1821.23
2082.58 1771.44
5157.58 1796.77
1796.91 1766.32
3409.76 1571.27
2092.66 1754.74
3422.82 1352.16
4619.53 1778.61
2531.26 301.643
3678.65 1797.06
3134.19 1784.13
2128.24 509.999
1030.82 1405.03
1342.34 377.583
4460.21 611.449
2153.56 1767.33
2865.48 302.319
678.468 1107.61
3409.67 1570.59
4000.21  496.65
1809.55 1831.51
1552.49 1774.81
1090.04 1779.25
4312.74 540.306
3531.11 1898.17
2173.48 1825.48
 3947.1 1760.01
3645.44 1794.89
919.227 1790.98
1492.78 1821.76
 3630.8 1874.11
3245.07 1091.36
3589.68 1813.65
675.604 409.697
2468.93 1841.81
1683.52 1679.68
1708.99 1374.66
1820.44 1840.99
2311.85 635.625
2614.37  1033.7
678.701 410.158
3682.82 437.032
3084.41 735.548
2587.42 1519.49
4117.09 879.549
2841.64 598.354
2309.33 531.874
1952.39 1793.53
4288.53 552.933
5157.58 1796.67
4288.53 552.933
3293.75 1770.11
2860.61  1202.1
3944.23  1793.3
4731.98 598.247
3581.57 1765.39
 2316.7 422.434
3534.75 1780.74
4731.98 598.247
1704.11 529.217
2860.22 921.703
3631.29 1876.06
3385.83 1808.84
2852.85 628.944
4212.36 1938.33
3507.77 2022.56
2592.78 1238.63
2574.57 680.926
3469.62  2225.4
2592.59 1239.42
1473.98 1829.22
3134.19 1784.13
1706.41 531.841
2451.76 1837.13
2721.98 406.656
3385.05 1809.13
4346.29 1777.73
2862.81 950.889
2468.93 1841.81
2232.68 971.171
1079.71 1526.31
1733.69 1807.41
2841.64 598.354
888.441 777.938
1058.87 1327.88
 1058.8 1864.98
3235.61 1537.72
3631.29 1876.06
   3444 1696.71
1091.54 1776.49
3671.78 1863.47
3422.72 1352.26
3640.41 1802.03
 2599.8 1793.82
3944.23  1793.3
1471.21  1830.2
3398.89 1782.35
 1343.2 700.029
 4285.8 718.351
2174.46 1824.31
2838.74 411.148
1709.57 1373.68
2852.85 628.944
2980.91 1796.69
3490.85 2149.19
1819.01 1729.76
2162.25  1820.7
3729.57  1718.1
 3372.4 1844.41
2310.97 638.184
2590.73 938.667
1541.58    1851
2963.49 659.423
4439.99 1770.97
3965.54 1774.95
1344.29 1022.81
4322.61 544.343
3783.07 1777.32
3998.6 497.32
4575.61 1616.24
2805.69 1602.09
 3585.2 1996.47
3783.07 1777.32
1781.78 1714.51
2799.73 1647.05
4475.38 632.464
1707.12 1043.69
1824.18 1838.93
2805.98 1651.64
1063.69 61.8813
3782.79 1806.24
3305.18  480.57
3643.77 1801.06
4579.25 647.564
1915.84 1341.34
3202.81 1767.06
5045.06 1759.22
985.959 1467.85
2926.51 1785.65
1707.81  1043.6
1400.42 1811.15
3169.54 1837.75
3688.35  431.65
3553.91 2030.69
2806.17 1651.34
3186.07 1784.34
970.761 1699.63
3782.79 1806.24
2893.76 1364.46
2865.68 825.143
956.605 1651.45
2519.95 285.319
2310.98 775.564
1815.63 1837.76
3698.82 534.578
3636.16  1803.5
3387.52 393.118
889.685 1119.09
4666.21 85.2871
2716.32 381.669
3631.49 1878.71
3664.67 1866.99
2805.69 1602.09
2428.84 1851.27
 3926.2 1780.63
3399.97 1781.96
 2529.5 1765.05
3696.86  531.63
1950.62 1794.12
3008.62 689.589
4990.03 1331.37
2990.48 1804.69
2428.84 1851.27
2311.57 775.062
1674.75 1663.04
 3372.4 1844.41
4487.88 1749.65
3186.07 1784.34
4477.54 631.028
3804.58 1761.24
4582.95 1499.97
1265.63 1372.74
4452.78 1778.99
3280.35 1837.32
4468.74 626.476
4876.69 1761.32
3407.65 805.419
1059.77 1328.18
3389.45 1767.98
 680.91 1455.61
 866.89 1284.93
 1345.1 700.902
2228.13 788.793
2862.51 413.334
2524.81 1770.81
2754.57 1787.88
1707.58 804.075
881.975 784.224
 680.91 1455.61
1675.14 1798.83
1943.67 1773.71
2228.13 788.793
4589.95 1809.68
2514.51 1250.65
1905.14 1792.38
3974.53 1809.73
3423.65 1550.62
3531.12 1802.26
1486.64 758.098
2520.35 296.144
 4159.9 1800.84
685.101 607.663
5141.85 1331.39
 3925.4 1780.53
1077.29  1818.7
3440.14 1246.09
4918.11  1770.2
3844.69 1802.85
3137.72 1799.46
2518.98 298.859
3423.29 1322.38
2430.99 1809.24
 4989.4 1331.67
2536.76 291.653
3964.07 484.716
2507.86 990.728
3818.38 1792.93
2046.57 1807.47
3409.79 1544.57
1076.79  1482.2
2819.38 957.515
901.503 113.207
2760.36 305.221
3294.96 1836.94
1010.97 1846.25
1375.82 1818.23
4575.61 1616.24
3670.77 1836.92
2453.82 1762.42
2837.56 298.575
2430.99 1809.24
   3700 1796.97
5076.55 1815.73
1600.11  1848.5
684.043 1670.75
3009.04 1799.43
3838.53 1791.86
2514.79 953.213
2917.54 1621.28
2397.27 389.339
 3294.1 371.443
2308.95 425.188
1631.29 458.033
3222.01  1786.6
1640.91 458.013
2592.68 1485.83
3393.2 1409.5
3671.25 1824.09
972.539 1698.45
3245.65 1844.43
4582.94 1625.83
2832.29 666.811
4866.14 1751.87
2754.76 1789.24
1017.47 1327.88
3373.05 1770.03
830.061 1867.04
2784.91 1617.79
2328.9 468.93
3429.37 1819.32
1659.27 1826.04
2760.75  304.99
2612.84 825.513
2592.98 1485.83
935.202 1776.58
2866.03  956.01
2900.46 688.947
1328.42 376.001
2830.63 949.681
1405.67 1806.34
3328.56 1478.38
1405.67 1806.34
1017.18 1328.08
3639.72 1809.77
3671.78 1863.47
2819.38 957.515
2723.16 1792.36
2034.34 1811.18
4408.48 1762.36
3597.5 1924.5
969.046 1716.38
2798.76 1648.81
4563.49 1731.66
 2719.7 1016.79
 1498.9 1369.87
2807.74 1609.69
1439.63 1450.84
3613.45 1798.69
 3991.8 1512.21
1290.16 1860.71
 3165.3 361.998
2515.64 1515.49
1661.54 1824.18
4361.64  1773.4
2718.35 404.412
1492.63 715.386
901.867 112.615
2273.98 1852.77
3153.76 1769.88
830.061 1867.04
1492.63 715.386
3011.78  1800.4
1044.99 1507.13
2797.11 1591.75
1930.51 1837.99
2960.94 660.014
2107.91 1771.63
 2525.4 1806.21
3268.27 1809.18
 4579.2 1522.27
1098.85 1867.17
1683.32 1792.95
3011.78  1800.4
4563.49 1731.66
1544.35 1845.12
3313.18 1784.87
2005.95 1808.65
3742.86 1802.39
4474.39 1768.52
2827.27  976.16
2004.39 1812.66
3384.15 1776.48
2554.36 1769.54
2421.14 1843.08
1433.98 1447.98
3574.38 1962.17
3742.86 1802.39
1009.27 1790.52
3573.35  1989.2
3970.25 510.797
2659.59 649.155
2832.29 666.811
4973.54 991.609
3599.25 1816.99
2264.32 1812.19
3207.52 1801.05
2264.32 1812.19
4548.25 1809.63
 2873.6 1812.86
1870.89 1846.62
2264.32 1812.19
3228.87 1784.16
4361.64  1773.4
3870.81 1799.44
3205.37 1806.61
3766.63 1793.88
1593.21 1843.41
865.819 949.118
2489.04 1263.06
2916.16 1659.13
2495.37 847.901
4274.92 1432.28
4176.44 1768.07
3824.54 1806.66
2830.34 886.842
3268.27 1809.18
1348.98  1277.8
   3161 1767.93
3519.49 1786.02
 3281.7 1803.22
3985.16 1740.57
2736.13 1773.83
 897.58 1085.98
3602.63 1476.25
3508.06  1696.5
1250.14 1385.27
2807.35  1633.4
881.106 1849.99
3700.88  1699.1
2723.23 676.106
 3281.7 1803.22
4574.82 1555.46
 973.86 1548.13
2879.11  1520.5
2313.48 431.964
939.709  1207.2
 2674.3 1807.47
2507.65 1798.11
2488.74 1263.35
4201.56 1804.23
 3284.2 1575.69
3963.34  494.62
2855.94 1792.96
2736.13 1773.54
 2804.9 1789.74
3228.67 1779.86
4027.99 1792.87
1689.03 1791.97
2377.34 1824.07
1793.67 1724.19
2153.94 498.373
 3281.7 1803.22
2927.29 1800.19
1030.86 1472.81
2187.35 1852.61
4583.04 1625.64
1001.05 1551.93
896.644 1810.13
