2890.2 1946.9
  4329 1992.4
2853.9 2167.5
2853.8 2167.7
2825.8 2170.3
  2889 1964.4
1912.9 282.05
3585.7 623.38
1182.8 1714.6
3587.1 1905.6
3006.3 1853.8
4383.8 1825.5
3006.4 1853.8
  1574 1820.2
2889.2 1964.4
2883.5 1958.6
4188.5 671.54
3576.4 618.67
2824.6 1811.9
4188.7 671.42
2824.9 2162.7
  2915 1944.2
2847 2154
3025.5 2171.5
3844.9 1777.5
2286.2   1802
1221.8 1845.2
4291.5 1985.8
  2833 2139.7
2844.3 2159.3
4294.5 1985.7
2855.8 2150.4
1778.4 1822.1
2825.6 2155.2
  2880 1979.7
446.37 59.472
2937.7 1960.5
3599.9 743.15
3599.4 742.92
1503.8 489.37
2168.6 1610.2
2840.6 2163.9
  2077 1846.2
  2880 1969.8
1898.1 286.58
2157.2 1647.9
2587.9 1835.2
4169 1745
3028.2 2158.8
2157.8 1601.6
893.55 1847.8
3865.8 1797.7
2897.2 1908.3
2780.2 1809.9
3025.5   2183
1754.1 395.75
  1898 286.51
2969.1 452.47
1685.1 1847.2
2974.9 1761.7
2157.5 1647.9
2926.1 1917.1
4163.3 676.68
3866.6 1797.8
2925.6 1916.7
1328.2 1837.4
4179.1 665.67
2142.3 1389.2
1966.9 322.74
3879.1 1806.7
3570.4 746.29
1223.4 1794.6
  2860 1801.1
2938.5 1950.3
1352.3 1821.5
1554.2 1819.2
465.25 323.14
1228.3 1851.9
3599.2 603.55
328.03 1868.8
1251.1 1836.3
1022.5 1765.9
1241.2   1796
  2170 1621.2
3032.6 2175.5
3574.9 742.99
 3323 516.4
1052.8 411.09
2826.8 2148.5
2170.1 1621.1
3725.5 1197.5
3574.4 743.44
1242 1796
2915.1 1909.4
  1459 1804.3
416.68 1868.4
1644.7 1832.2
396.73 1325.7
2820.7 2174.3
2873.7 1818.5
2252.1 1774.1
2167.9 1635.4
3019.1 2154.9
79.422 1866.8
2828.8 1652.4
  1960 1775.2
3028.7 2156.4
295.87 1867.3
5088.5 1801.3
3725.8 1197.6
3396.5   1764
434.13 1786.7
3396.6 1764.1
4121.4   1745
2894.9 1921.4
4121.8 1745.2
2167.6 1635.3
1115.4   1828
3714.3   1766
3835.4 1806.8
396.56   1326
3016.4 2157.5
3037.4 1821.1
3254.6 1789.6
2988.4 1826.3
 433.4 1786.3
2937.4 445.92
3036.9 1821.2
2906.5 1875.7
1000.8 1765.6
2657.5 1538.8
2816.1 2164.3
1056.5 409.79
1174.9 1803.6
2230.1 313.79
2174.4   1844
3570.9 624.55
1644.3 1832.2
1173.7 1802.8
2905.2 1892.6
  2864 2149.7
3612.6 1919.2
2168.1 1641.5
2989.1   1827
  1181 1811.7
2827.9 1652.3
38.659 712.08
871.69 1853.2
39.161 712.27
  1498 509.98
2938.5 1947.7
429.88 1866.2
  2643 1767.8
1193.9 1846.6
694.29 727.36
926.17 1535.9
1211.1 1843.5
2363 1786
34.024 1065.5
2978.7 1863.1
4332.5 1818.2
1961.3 1752.7
1958.3 969.14
2870.1 1808.1
343.26 1865.3
343.15 1865.5
2881.2 1921.5
33.692 1065.3
1301.4 1794.9
2890.7 1934.9
1096.5 1328.3
4332.7 1818.1
1960.8 664.67
397.93 1736.8
3459.5 1799.9
1956.2 1241.4
34.119 1419.8
  2873 1481.7
  1997 1042.4
4180.4 680.27
3503.4 785.17
2804.8 1817.3
2031.2 659.71
1865.4 1754.4
39.045 747.26
2235.6 534.08
2135.3 1393.8
692.02 751.84
1982.7 989.84
1590.1 1855.1
3296.6 1757.1
1642.8 1846.3
2341.7 1769.3
2234.6 533.48
3609.7 622.06
  2980 1855.9
167.01 1868.6
1748.4 413.74
1957.6 970.45
2170.3 1604.3
3998.3  667.8
  2092 303.52
299.55 1829.4
3588.6 733.91
44.258 753.38
33.303 1873.9
2169.9 1603.9
 400.1 1308.5
1046.4   1677
1515.6 492.61
2849.1 2153.2
  2892 1934.4
2859.1 2049.5
3887.8 704.72
2852.2 1822.2
2744 1834
1489.7 497.08
3229.5 1788.8
2988.3   1866
  1080 478.67
1359.1 1826.4
2645.2 1831.8
  2032 660.15
1956.6 1242.9
3588.4 733.07
3002.8 1791.1
  2293 1795.6
1828.4   1835
1642.3 1846.5
1013.4 1766.1
1085.2 476.58
1614.3 972.23
1801.1 1819.9
1450.2 1769.8
4385.9 1790.5
1167.1   1765
2776 1573
1460.1   1753
2787.8   1357
3924.1 1773.6
1901.1 297.36
3034.9   1794
2504.2 1781.5
1492.9 498.15
388.43 1399.8
696.52 357.99
3764.8 659.63
1518.5 1765.8
2238.8 314.59
34.325 1099.4
  2776 1572.3
3339.9 528.89
1181.4 1830.4
 912.6 1774.2
445.12 1778.2
3608.6 622.63
2895.2 1884.1
1544.4   1824
  3294 1756.6
2999.9 1792.1
274.29 1790.1
861.44   1822
2988.7 1868.1
2614.8 1100.4
  2950 1809.6
 38.68 396.79
1843.9 1839.5
1045.1 1677.1
1060.2   1367
1192.9 1840.2
1681.4 628.21
1986.6 1031.7
42.169 397.36
3036.5 463.53
2455.9 746.32
1958.1 1516.3
3456.8  895.8
2215.2 603.94
1679.4 525.52
1324.2 1792.4
3587.6 632.83
4384.9 1790.4
3587.1 633.47
2661.1 1767.4
2232.4 1201.4
  3291 1789.3
4009.7 656.52
  2942 1762.6
1688.2 417.14
2896.4 1777.4
4009.8 656.49
1062.7 512.35
2232.4 923.01
2989.3 1870.2
2751.6 1805.5
2225.2 634.01
3524.4   1925
2875.2 1996.2
1963.9 1235.4
1948.6 680.15
2840.7   2179
1963.6 1236.5
843.9  1830
  2504 1781.1
1063.7 514.05
1829.1 1835.2
  2097 413.32
  2751 1805.6
3673.2 1773.4
2235.3 951.86
1844.6 1839.4
1615.1 972.22
436.66 1522.7
1098.9 1806.4
2215.5 603.89
247.74 766.23
416.36 1321.8
424.15 1865.1
2606.5 1539.4
  2989 1869.1
2809.1 1695.5
446.29 1775.9
3026.7 1857.4
2787.9 1356.4
2998.4 1798.3
1971.2 1791.8
  3291 1789.1
839.23 1829.9
  2764 1779.3
692.86 681.89
3586.2 785.96
1545.6 1822.9
  2213 420.09
1061.7 1364.9
  2226 633.78
  2352 1794.2
  2861 2106.6
1189.1 1727.9
1533.4 1819.5
3085.9 1716.2
2739.9 1839.9
1680.6 630.61
1962.8 935.51
911.02 1850.3
2335.2 665.41
3760.3 1766.6
3313.7 1771.5
 690.8 1008.5
3617.7 625.61
3137.6 1774.5
  3339 528.97
3876.4 1618.6
2177.5 1600.5
2943.8 1972.6
  3137 1773.3
1150.4 1712.9
2171.4 1645.1
3778.4 680.81
1060.7 1030.4
1197.1 1838.1
2178.1 1648.9
436.98 53.676
3136.6 1801.4
2670.9 496.77
2999.3 1796.7
3873.2 698.37
1273.1 1333.8
2571.3 1764.3
4306.1 1754.9
343.54 1464.3
2298.4 1783.2
1061.5 1030.4
754.84 1811.1
  2540 1834.4
3042.6 458.35
2916.1 2006.4
  2178 1649.3
2554.6 1781.9
328.82 1698.8
3136.6 1801.8
2265.2 1363.4
  2238 827.52
314.02 1649.6
1889.9 281.03
1679.5  767.8
  1188 1837.2
3052.4 557.77
2993.4 1800.3
2751.6 413.64
245.66 1110.1
3943.2 177.96
2091.2 388.76
2989.5   1873
3021.1 1860.4
2177.6 1600.1
1808.3 1849.9
3274.2 1776.9
2765.9 1778.7
1899.2   1763
3051.1 555.39
1322.7 1792.9
2380.2 695.92
4257.3 1347.7
2361.7   1802
1808.1 1849.7
1679.8 767.49
  1030 1660.1
2738.6 1841.3
3805.6   1746
2554.7 1781.7
3780.7  678.1
3157.3 1758.1
3882.2   1508
612.59 1364.8
3771.9 1774.6
2649.1 1833.8
3772.6 674.23
4157.9 1757.4
2773.5 826.41
417.37 1322.3
2754.7 1765.2
33.554 1450.9
219.66 1277.8
   695 682.87
1594.2 779.55
  2236 421.79
1894.2 1769.1
2126.5   1785
  1063 788.55
241.17 772.56
  34.7 1451.1
1039.5 1798.5
1314.1 1771.7
1593.5 779.83
3889.7 1803.3
1884.7 1246.4
1279.9 1791.8
3320.2 1805.5
2789.4 1552.4
2892.5 1798.9
838.59 741.24
  1890 291.78
3495.4 1796.3
45.215 595.48
4390.6   1350
3273.1 1776.2
434.22 1818.4
2804.1   1250
4194.2 1765.1
3195.9 1798.7
2507.4 1796.7
  1888 294.57
2788.2 1330.2
1805.7   1807
4256.5 1348.3
1906.8 287.76
3305.8 516.45
1878.5 986.44
3170.8 1788.7
1412.1 1806.2
2776.1 1546.4
433.58 1478.7
2192.2 958.79
273.48  103.7
2135.5 314.93
2663.4 1833.4
377.32 1846.4
731.84 1817.8
  3877 1618.6
3026.9 1832.6
1826.6 1761.7
2211.9 310.11
1805.5 1807.8
  3057 1793.3
4315.6 1808.8
969.12 1848.1
35.398 1668.7
2380.3   1797
3190.5 1788.1
1885.2 949.35
2289.3   1620
1769.6 386.71
2660.3 390.35
1679.7 419.82
990.39 440.94
2590.1 1784.1
1000.2 440.56
1963.2 1483.2
  2760 1414.1
3027.5 1819.6
329.96 1696.9
2616.5   1841
  3883 1628.1
2205.6 670.68
4148.1 1747.8
2127.1 1787.1
374.54 1322.3
2738.8 1766.9
194.61   1867
2156.7   1616
1699.9 463.56
2794.7 1816.1
1028.8 1825.8
2135.7 314.42
1986.1 824.03
1964.3 1482.8
291.64   1776
2238.7 957.09
2270.1  689.7
682.32 356.26
2203.6 950.94
759.23 1806.9
2697.4 1481.3
759.21 1805.4
374.35 1322.6
  2996 1806.2
3028.6 1857.8
2191.9 958.47
2095.2 1790.1
1399.4 1810.2
3731.6   1758
2955.9 1911.2
326.63 1715.4
2169.6 1646.1
3865.2 1729.1
2092.7   1016
846.53   1362
2179.6 1607.7
792.78 1445.1
2972.9 1794.9
3336.9 1514.4
 661.1 1860.5
2534.4 379.15
1885.4 1512.4
1030.8 1824.1
3687.9 1769.4
2093.3 411.01
845.03 698.36
273.69 102.99
1654.2 1850.5
2523.5 1767.4
193.96   1867
845.28 698.15
2382.3 1797.2
403.94 1503.4
2169.1 1589.5
1301.6 1837.1
2332.8 665.75
  1476 1770.2
1896.2 1804.5
  2637 1806.3
3879.6 1529.2
466.28 1866.9
1047.9 1791.4
2383.4 1797.9
3865.5 1728.7
912.85 1844.2
  2680 1781.6
1371.8 1808.1
3097.9 1798.4
3793.5 1763.5
2199.4 977.09
1370.6 1811.6
2748.2   1774
1923.8 1767.5
1797.3 1841.6
788.16 1442.2
2934.7   1942
3097.7 1798.7
365.41 1789.8
  2934 1966.3
3313.3 538.65
2033.5 650.54
2205.7 670.75
4238.7 1027.1
2961.6   1814
  1643 1810.1
2576.2 1797.9
1642.4 1811.6
3851.5   1804
2245.4 1810.7
1243.7 1845.9
1641.6 1810.9
2598.9 1781.3
3687.5 1768.9
3220.9 1795.4
2573.9 1803.9
3120.5   1790
962.04 1843.1
222.95  938.8
1858.1 1259.1
2288.2 1657.3
1866.9 844.14
3580.8 1450.3
  3515 1763.7
  3176 1802.9
2202.2 888.34
2638.5 1805.4
 693.8 1267.5
2529.7 1765.7
2881.7   1783
2649.2 1799.7
3330.7 1737.3
2107.3 1771.9
253.28 1076.8
2962.3 1483.7
2871.2 1695.8
596.38 1377.1
2179.1 1631.7
245.88 1850.7
3056.1   1697
2097.1 678.75
2651.6 1800.2
3875.1   1560
331.66 1544.4
2251.2 1519.3
1684.5 426.35
297.63 1199.9
2048.5 1805.8
1878.2 1796.7
1859.1 1259.5
3534.6 1799.3
2651.1 1574.4
3304.7 526.85
2229.9 1790.4
2108.2 1771.4
2176.9 1787.6
2598.8 1777.6
3371.4 1788.6
1053.5 1791.9
1750.9 1822.3
1162.2 1722.4
1520.9 488.03
2650.7 1799.8
2299.1 1797.9
388.05 1468.6
1562.7 1851.5
3883.2 1627.7
360.08 1548.3
249.69 1810.2
