4.98788
0.943557
0.296119
0.363821
0.491311
1.21279
0.0849813
0.00946084
0.0568655
0.995482
1681.12
0.728647
2.32095
3574.49
0.299876
0.0686245
0.562279
0.391304
0.503809
0.1029
1.58864
3871.55
3.74571
0.471911
0.0476669
3.33682
1.49941
405.519
1.06063
354.974
0.364533
730.984
757.353
0.609651
1.08656
0.237092
7.61753
0.028364
0.850144
0.770772
0.363642
0.183989
0.266398
0.697853
3951.52
0.0837762
1.82381
4.76019
0.0208807
1.88274
0.25339
0.866829
0.27295
0.159003
0.0995275
1.04441
723.358
0.492442
0.542734
0.261528
0.23993
0.149502
0.0177069
1.0006
0.31204
0.0237964
0.702891
0.156537
3.44758
0.375473
0.685701
0.178485
0.347958
2.10245
2.59185
1.13719
0.0245469
0.158938
0.129538
1.71582
3.40969
2210.55
0.865836
0.510318
0.628838
5.20766
2.30851
1.2033
1.76875
0.328855
2.00676
0.00689209
0.519778
2.80068
0.369473
0.832681
1.34958
0.489563
0.463015
1.28289
0.0148434
0.602424
0.867526
0.274676
0.584501
1.09382
0.5338
2.10662
4.2707
0.102108
3.78122
0.91995
0.263933
1.28887
0.546654
5.12291
8.69392
1.50695
18.3576
0.0542423
4.03009
0.25756
2.63494
0.133115
0.927986
4.46096
1.21866
448.119
2.59296
1.42896
1.30573
1.02044
0.596115
0.555059
0.143164
55.8581
2.54519
1.29458
3.26273
0.0346515
0.39689
16.8633
0.286318
2.93593
2.01395
4.2064
0.685883
1514.98
0.859563
0.684517
0.391576
2.53416
1.46516
0.0730354
0.0669366
2.20089
0.74064
3354.25
21.2017
16.5317
0.354691
18.0449
0.218275
0.495099
0.194656
1237.32
0.0425875
0.335454
0.593938
3.09013
1.25196
0.284399
0.709005
8.12976
1.40026
0.36935
2905.34
2.42038
0.279829
0.0574061
0.296163
0.244723
0.31248
0.743775
0.227393
1.01068
1.82343
1.49295
0.196159
0.360895
59.8408
0.863141
44.5156
0.994358
1.4559
0.5238
1354.67
20.6761
4.58557
1.26393
0.141933
0.394785
0.681928
1.40678
0.0715609
0.701869
1.20905
0.707558
0.490248
0.120415
1.28562
0.532915
0.929412
2.62821
0.516035
0.340389
2.23647
2.06046
3.62385
0.554324
13.4085
0.122535
5.55474
2.66421
0.0958387
0.808516
0.146431
4.83588
0.876425
0.641694
4.26908
2.43347
3.10475
0.772757
8.00918
1.29115
1.68126
0.681114
2854.04
2.06065
0.130678
0.390054
0.190115
5.86732
4.53325
1.76373
4.92041
0.0689081
1.20588
1.47928
0.462058
2.14245
0.710935
822.614
2.89523
0.0715701
2.56928
0.0403046
0.162907
1.80188
3241.09
0.288679
539.067
17.7461
3.20291
3.14704
0.216896
1.12857
0.897418
2355.64
0.786161
3.46042
0.793192
0.133519
0.00591404
0.162568
8.76669
1.13537
0.0229275
4.10834
2.32757
2.86881
0.428949
4.86354
0.35768
2291.03
0.253144
1.26012
0.494786
1.41715
0.294098
3.08213
0.0592152
0.082676
5.02049
2.37968
1.68632
0.17713
0.0698947
0.500368
0.172718
24.404
0.923124
0.095184
0.0537708
1.51266
0.587133
0.379819
1.85308
2.32866
0.45029
1.69619
0.213991
0.0705733
2115.06
0.214576
470.371
0.306354
0.150752
3587.81
0.0927586
1.33022
0.512347
0.752603
5.85195
0.0986262
10.6585
0.422646
0.537652
0.169166
1.05638
0.808039
1.71116
5.1341
0.208669
0.661619
0.306975
0.758669
1.10149
0.732554
4.82591
0.0727988
0.665744
3586.4
0.00864978
0.275337
0.117832
1.18128
0.229632
0.91808
0.317037
0.898389
0.582418
0.208923
2.82891
1.56104
0.808651
0.267822
0.00920562
1.16032
4.27452
0.27044
1.46281
0.130487
2.53522
4.6808
1.63132
0.953483
0.142002
8.13001
1.63933
1.69821
0.931795
0.198485
0.293371
0.953875
0.733162
1.49577
1.15486
0.69475
0.562694
0.763798
0.348257
0.590467
0.335998
0.787528
245.157
1.12135
1.83968
373.121
0.277517
0.307963
0.410989
0.242122
1.08657
3.07762
0.00638456
226.517
2.44755
3.95983
0.175622
0.206158
0.099153
1.25687
0.472274
0.418078
2.27967
5.91716
2.48017
0.475677
1.14989
0.372527
0.0398033
0.151866
0.219733
1.27986
0.107956
91.9429
0.0826353
0.305277
1456.28
1.1584
1.19397
0.357336
5.63567
1.89865
1.03379
0.472575
0.593632
0.227552
0.57659
0.204965
6.21535
2.75704
0.766148
1.63367
2.74407
127.636
1.53546
0.0750749
0.922998
0.852304
1239.89
0.182605
2781.04
0.0682508
2.1834
0.95599
0.0910609
1.04239
0.340373
0.467844
306.529
4.35997
2.31098
0.569683
0.811566
0.131429
0.526645
0.30916
2.04879
0.370752
17.2693
0.294668
0.341976
0.16569
0.782868
0.535686
1.86762
530.819
0.351918
0.276406
3.83238
6.54742
2.50443
9.50301
0.117974
1.24267
3971.88
0.357623
299.964
1.55632
6.0736
0.898998
1.10648
5.54178
2.37386
1.06192
826.703
1.3224
5.06135
16.0589
0.0132881
0.0105965
0.704784
3.70025
0.084515
1.99594
1796.48
0.839754
1.43681
0.896146
0.272734
2.96291
0.575846
3.14853
0.0916778
2.09656
1.09394
0.456311
0.0184595
13.688
0.287469
1.13133
0.594132
2.33227
1.71802
12.4468
1.80444
1.78318
13.1168
0.176767
0.982218
49.9763
0.156663
0.0038611
2.1114
0.507902
0.564327
1.32862
0.463785
1.03094
0.102046
0.467138
1.29952
0.315732
0.229165
0.355419
0.773487
0.969225
0.0450627
2.95968
0.010704
2.44893
0.00523371
3.13497
0.0330182
0.582741
0.0923645
0.219603
1.27495
1.0726
0.304462
1900.8
0.0113605
156.804
0.319059
0.119195
1.48562
95.3769
0.259787
3.94903
7.62678
0.708152
0.0656116
0.845265
0.526397
1.0974
0.595945
0.738143
2.64946
0.862419
0.582812
0.28161
0.0826273
0.634449
1.17865
0.29595
0.0552678
1.50957
0.0721307
5.20228
0.252201
0.294336
0.509001
0.135627
2.12375
3.65675
3.78057
0.659727
1.29864
2.15811
2.3288
0.873416
1873.26
2.67501
5.61658
0.418297
0.0943049
0.230177
8.42887
0.261603
3.67423
0.314617
0.341082
0.442274
0.120225
1343
1.80324
64.8714
0.443499
0.188902
0.100417
0.487749
1.92926
1.64239
0.608318
0.769996
48.1483
0.6217
0.499468
0.511878
0.0877394
0.0942768
2.40481
13.5215
4.62551
0.486893
0.294069
2426.17
1.257
2.38325
3182.21
0.618288
7.78661
1.19459
1.06105
2.02571
0.667905
0.21045
0.219087
0.252448
1.64493
1.48817
1.4592
0.398123
0.0918486
2.84132
15.4211
0.474862
0.119922
0.866231
0.745946
0.757081
1.46901
0.227136
1.97867
1.23474
0.044323
7.59651
0.10089
0.548836
0.874435
0.0525476
0.938069
1.84217
0.0977668
5.42347
0.153887
2.91692
0.0785355
2222.63
1.90858
2016.22
8.34587
12.7068
0.577583
94.9657
0.824148
0.0230073
3471.26
0.128566
0.857238
0.765275
2.13579
0.630877
449.492
2.72912
3006.27
256.206
694.79
0.491243
0.692082
0.41543
0.383718
1.19202
0.247224
0.864253
0.182613
3.00232
0.585581
3.20155
0.496392
0.331301
0.620403
2.68177
0.0754435
0.317346
507.349
1.07934
0.829762
1.65988
0.276216
0.134668
0.753438
0.252483
0.0150072
2.64288
0.931525
1703.66
2467.11
1.0201
8.38012
7.27388
1.98575
0.69804
0.943307
0.65395
0.900708
0.351133
1339.78
1.46332
0.916306
1.54348
1.2425
1.33995
151.944
0.94
0.251975
0.647478
12.5549
0.284382
2.09903
0.566411
10.4333
0.821208
0.0863491
1.17021
3.86762
0.0476424
0.482038
12.5298
0.847364
10.0178
0.242227
0.0843256
0.598237
0.554138
0.853437
253.288
0.00342626
0.275624
0.600642
3.74747
0.702039
0.0893707
0.530063
2.16328
1.2021
1.6606
0.0944859
5.70461
2.41864
1.69571
0.0747098
1.59894
3.20209
0.191711
0.804932
0.536389
0.428197
0.29495
4.74439
0.199629
0.287298
3.17641
0.5444
1.61743
1.83799
3006.86
0.147532
1886.58
18.4959
0.733188
1.71768
0.933413
0.579949
2.90911
2.15576
4.85664
6.27715
36.6176
0.336924
3446.65
1.31431
0.78505
0.506288
0.933067
3071.63
14.1885
0.465812
0.102124
2611.72
0.262258
0.915899
0.29416
2.50222
1.23925
4.54919
10.2957
2.75149
1.3906
1.51823
0.171581
0.713721
0.477868
1.84707
1.53765
3.17078
0.756553
1.48111
2.33136
0.715004
0.106117
0.349384
0.038039
0.474193
0.34207
14.6604
17.9785
2.71953
0.00744191
0.194983
4.11891
0.318694
5.83809
0.348178
0.47351
0.816676
2.80451
0.172973
0.131794
0.185389
0.782206
8.51842
2.72458
0.691116
1.14728
2672.5
1.3798
0.17865
2.30008
0.519811
13.2632
14.1984
0.217006
1.19882
8.69496
0.539828
0.0943621
4.2149
2.33812
2.51511
11.8048
1894.75
0.319661
1.86984
5.86065
0.195133
2.08658
1.00623
929.008
0.448034
0.265309
1.6197
0.152052
3.08778
0.00622333
959.928
2446.2
1.51027
1.13605
0.317377
4.93978
0.080011
2.47014
0.112505
0.446761
36.3071
0.399615
0.15176
0.107114
3.65035
0.349845
2.16833
3018.99
0.0641109
96.5918
4.5941
0.844771
1118.67
0.366695
0.151067
0.615672
0.12641
479.382
2.98769
49.4749
1.17293
440.612
3.0654
12.9906
0.778849
0.943804
0.0543015
0.887758
0.0223458
2837.84
0.0861563
0.0660263
112.314
0.0596109
2210.21
1.21055
2.48447
9.69611
0.367046
3.38344
2.19133
1045.23
