 0.307249 0.0787371
 0.83972 0.096282
0.293736 0.159212
0.293736 0.159212
0.283303 0.160889
 0.306579 0.0853113
-0.0161796  -0.474749
 0.557896 -0.390214
  -0.256253 -0.00379681
 0.556609 0.0627759
 0.348119 0.0432046
 0.843869 0.0351749
 0.348021 0.0430432
 -0.12813 0.0307717
 0.306579 0.0853113
 0.304597 0.0830836
 0.766474 -0.365303
  0.55442 -0.391781
 0.285737 0.0288151
 0.766474 -0.365303
0.282773 0.157336
 0.316233 0.0773988
0.290901 0.154747
0.357537 0.161258
0.641188 0.017913
 0.106106 0.0251135
-0.244631 0.0388952
 0.824943 0.0936366
 0.28586 0.149535
0.290191 0.155746
 0.825701 0.0936406
0.294558 0.152661
-0.0617082  0.0314641
0.282773 0.157336
 0.303346 0.0905271
-0.499325 -0.546122
0.324718 0.083766
 0.562512 -0.347606
 0.562512 -0.347606
-0.149808 -0.404271
0.0673939 -0.038176
0.288837 0.158292
0.0361491 0.0396806
 0.303404 0.0870782
-0.0210326   -0.47323
 0.0637628 -0.0257491
 0.206218 0.0363309
  0.756256 0.00690989
0.358495 0.156509
 0.0638294 -0.0409369
-0.351823 0.0394677
 0.649378 0.0249573
 0.309627 0.0647217
 0.270976 0.0281307
0.357556 0.165818
-0.069339 -0.437598
-0.0210326   -0.47323
 0.335808 -0.427937
-0.0941546  0.0397235
0.336883 0.012119
 0.0637628 -0.0257491
 0.32008 0.067799
  0.75668 -0.363314
 0.649378 0.0249573
 0.32008 0.067799
-0.209121  0.036429
 0.763087 -0.367241
0.0587134 -0.111035
-0.000129391    -0.464186
  0.65398 0.0278629
 0.551935 -0.346146
-0.243589 0.0223257
 0.297786 0.0249899
 0.325002 0.0792522
-0.201411 0.0311199
-0.134691 0.0305808
-0.486375 -0.455312
-0.242436 0.0410494
 0.562906 -0.397128
-0.536933 0.0461842
-0.234164 0.0359288
-0.307377 0.0129483
-0.237775 0.0227417
 0.0678751 -0.0345476
0.359923 0.163111
 0.553585 -0.347561
0.457506 -0.40942
-0.295875 -0.428068
0.283763 0.152756
 0.0679393 -0.0345476
 0.598487 -0.180565
 0.553585 -0.347561
-0.237516 0.0228059
 0.316084 0.0651177
-0.164584  0.025674
-0.507447 0.0462317
-0.107555 0.0345883
-0.511184 -0.130552
0.281267 0.162432
 0.302587 0.0310155
0.0949213 0.0156704
 0.0671677 -0.0298595
0.355104 0.155461
-0.617538  0.045455
 0.287159 -0.024759
-0.000577818    0.0162752
0.358559 0.156283
-0.546609 0.0456819
  0.65982 0.0239259
 0.598587 -0.180565
  0.48076 0.0131081
 -0.49838 0.0192694
 0.480727 0.0130757
  0.738767 0.00693648
 0.308693 0.0695864
  0.738903 0.00693652
 0.0671677 -0.0298595
-0.278875 0.0331251
0.592301 0.013813
 0.637512 0.0281356
-0.511348 -0.130422
0.354031 0.155909
  0.35865 0.0318628
 0.432483 0.0216516
 0.341998 0.0338806
 -0.49838 0.0192694
 0.325239 -0.430125
 0.358845 0.0322822
0.313212  0.05261
 -0.31435 0.0127892
  0.229375 -0.0626913
0.279795  0.15823
-0.294511  -0.42864
-0.259168 0.0253569
0.0869562 -0.469398
0.0682934  0.039011
 0.552253 -0.389516
-0.107555 0.0345883
-0.259588  0.024617
 0.312765 0.0587643
0.297639 0.152671
 0.565616 0.0674102
 0.0672638 -0.0277724
  0.34164 0.0336869
-0.257359 0.0279948
  0.286933 -0.0248555
-0.629123 -0.330426
-0.358756 0.0414098
-0.629123 -0.330426
-0.151364 -0.397339
 0.325002 0.0792522
-0.503026 0.0455117
 0.225051 0.0140536
-0.253713 0.0393521
-0.410481 -0.323624
 -0.335042 -0.0617285
-0.248153 0.0382863
0.131665 0.019883
-0.629308 -0.214956
0.338402 0.046386
 0.823996 0.0325063
-0.00041731  0.00889192
-0.0019625  -0.248906
 0.301418 0.0276651
-0.531598 0.0452021
-0.531677 0.0453319
 0.303958 0.0692248
-0.629308 -0.214956
-0.218115 0.0223807
 0.307241 0.0743216
-0.278772 -0.128998
 0.823996 0.0325063
-0.00154758    -0.34967
 -0.511072 0.00291597
 0.503792 0.0252981
-0.00208845   -0.159204
 -0.628579 -0.0997698
  0.302294 -0.0826605
0.0108055 -0.225018
 0.763537 -0.362177
 0.518693 -0.316992
0.278874 0.030614
0.0218935 -0.351953
-0.0314278 0.00943797
-0.628864 -0.318938
0.0888599 -0.395301
0.0563032 -0.109523
-0.411161 -0.315567
0.0060155  -0.24237
-0.124339 0.0423992
 0.446863 0.0107012
-0.108167 0.0394706
 0.124525 0.0143892
0.0886342 -0.395486
 0.566481 -0.390998
 0.338984 0.0440332
-0.588921 0.0462458
-0.0710394  -0.431404
-0.00212335   -0.248563
 0.0680367 -0.0400707
 0.700523 -0.367981
0.040965 -0.47189
-0.543284 0.0332503
 0.558525 -0.350852
-0.627102  -0.31676
-0.632592 0.0478618
 0.0679082 -0.0402312
-0.510319 -0.136098
 -0.299078 -0.0159088
-0.145725 -0.403204
 0.29187 0.153782
 0.307371 0.0743541
0.295524 0.116045
 0.659676 -0.353368
 0.295133 0.0323632
 0.258075 0.0362335
-0.154165  -0.40156
 0.423972 0.0213553
 0.341881 0.0474217
-0.286722 -0.405783
-0.198575 0.0328547
 0.225318 0.0353767
0.0215389 -0.352089
-0.00212056   -0.158689
0.558496 -0.35119
 0.346801 0.0220196
 0.108323 0.0230264
-0.0461665  0.0359251
 -0.10836 0.0395991
-0.310393 0.0131102
-0.285329 -0.406708
-0.118292 -0.249154
-0.0543541  0.0306926
-0.167704 0.0142994
 0.844608 0.0226387
-0.261751 0.0126145
  0.269214 -0.0515962
 -0.164387 0.00880416
0.273512 -0.12373
 0.667478 0.0166625
-0.0199947  -0.469568
 0.357732 0.0227351
 0.178494 0.0184793
-0.152674 -0.400975
-0.513952 -0.106324
-0.411398 -0.444567
 0.615031 -0.367577
-0.144337 0.0129464
0.0900321 -0.469345
-0.629949 -0.204236
  0.269182 -0.0518215
0.463594 -0.40537
-0.257589  0.034077
-0.342214 0.0154087
-0.494458 0.0168705
 0.566481 -0.390998
 0.309161 0.0560207
-0.137779 0.0320917
 0.446109 0.0105393
 0.346801 0.0220196
 -0.55069 0.0207341
-0.361871 0.0308655
 0.341979 0.0480989
 0.214997 -0.209587
 0.328445 0.0281975
-0.630892 -0.433995
-0.0405155  0.0374656
 -0.299078 -0.0159088
-0.290695 -0.116323
-0.254002 0.0371962
-0.0922288  -0.359618
0.00736487  -0.228568
-0.629873 -0.433844
 0.359108 -0.424997
 0.162107 -0.326723
-0.00150899  -0.0686429
  0.50207 -0.279317
 0.082185 -0.371888
-0.093056 -0.393774
-0.210566 0.0215742
 0.558512 -0.386841
 0.844608 0.0226058
 0.558512 -0.386841
0.231023 0.013862
 0.088429 -0.173129
 0.445164 0.0214985
 0.704498 -0.371923
 0.325774 0.0123092
-0.090631 -0.429802
 0.310362 0.0173622
 0.704498 -0.371923
-0.292299 -0.394649
0.0882995 -0.265439
0.342143 0.048744
0.261335 0.026613
0.0858752 -0.361818
 0.533433 0.0692412
 0.301479 0.0969706
0.000257045   -0.161103
-0.00573826   -0.344705
 0.28892 0.163748
0.000192783   -0.160846
 -0.36806 0.0333222
 0.178494 0.0184793
-0.291543 -0.393785
-0.0461665  0.0359251
0.0427915 -0.434996
 0.261077 0.0267095
 0.577525 0.0163708
0.0891532 -0.255831
-0.0405155  0.0374656
-0.118292 -0.249154
 -0.497859 -0.0663984
-0.282562 0.0261411
 0.082185 -0.371888
-0.560825 -0.312768
-0.504719 -0.131722
-0.504741 0.0450933
  0.211882 -0.0626418
0.342143 0.048744
  0.280484 -0.0103013
-0.493963 0.0159635
 0.355473 0.0445994
  0.27348 -0.123697
 0.345144 0.0243722
0.0025681 0.0216683
 0.445164 0.0214985
-0.368973 0.0336456
 0.265633 0.0178934
-0.411116 -0.338416
 0.557611 -0.332384
-0.137457 0.0317061
0.0812298 -0.433518
-0.290501 -0.116645
0.0858752 -0.361818
 0.128031 0.0226126
0.295909 0.138658
  -0.254475 0.000579156
-0.141478 0.0305186
   0.374496 -0.00325845
 0.256913 0.0383245
-0.0925174  -0.358776
-0.000418321    -0.259854
-0.345807 0.0404936
 0.122298 -0.351784
 0.608373 0.0141475
 0.452179 0.0154563
-0.410757 -0.232153
 0.569731 -0.389669
 0.392109 0.0162356
 0.463063 -0.405149
  0.653019 -0.0367912
0.0703495 -0.041452
0.326968 0.088382
 0.392109 0.0162356
   -0.26673 -0.00444121
 0.0683878 -0.0266487
 0.620022 -0.360659
-0.291309  -0.22528
-0.252774 0.0365196
 0.0704431 -0.0251399
-0.503132 -0.548499
 0.392016 0.0257578
 0.234783 -0.410664
  0.34625 0.0240505
 0.654218 -0.355688
-0.222597  -0.12729
0.201083 0.012859
0.807565 0.010278
 -0.528721 -0.0856442
0.110123  0.01898
-0.291082 -0.225311
-0.392278  0.027372
 0.190131 0.0361298
 0.360928 -0.426768
 0.316667 0.0996474
 0.0705074 -0.0252362
 0.195572 0.0185478
  -0.533724 -0.00933884
 0.392016 0.0257578
0.0993417 -0.119679
0.0900962 -0.297227
 -0.538384 -0.0252003
-0.0237197  -0.474942
-0.0925142  -0.313549
-0.255586 0.0361353
 0.364372 -0.392884
0.343747 0.024855
 0.261891 -0.439453
-0.560415 -0.200457
 0.682847 -0.540794
0.0409272 -0.443222
 0.342209 0.0496146
 0.353131 0.0457578
0.0703495 -0.041452
-0.0537132  0.0405819
 0.439228 0.0173248
 0.265989 0.0177648
-0.020577 0.0121985
 0.363727 -0.393854
-0.211147 0.0217674
 0.137155 -0.341853
 0.789449 -0.130574
 0.131183 0.0252473
-0.0537132  0.0405819
-0.092321 -0.313714
 -0.301965 -0.0213849
 0.256913 0.0383245
   0.62414 0.00712726
 0.195572 0.0185478
 0.620734 -0.361131
  0.39919 0.0109442
  0.655436 -0.0750681
-0.436652 -0.116956
 0.612581 0.0167848
 0.226609 0.0359886
0.617838 -0.36263
 0.752137 0.0109684
 0.268519 -0.303721
-0.504422 -0.131623
 0.262527 0.0131617
 -0.629145 -0.0896719
-0.567919 -0.145861
-0.410489 -0.338128
-0.119789 -0.309194
0.0890544 -0.432798
-0.0221179  0.0140926
0.0535181 0.0197121
-0.291158 -0.304163
-0.562953 -0.310698
 -0.629145 -0.0896719
-0.301837 0.0233173
-0.213435 0.0150478
-0.119789 -0.309194
  0.65774 0.0268898
-0.0255112  -0.157148
-0.226118 0.0211936
  0.45514 0.0269061
  0.273784 -0.0583944
 0.309165 0.0244485
-0.363894 -0.319299
-0.0235875  -0.471378
 0.516166 0.0239806
-0.627766 -0.368823
 0.839431 -0.130569
 0.438966 0.0172923
-0.498653 0.0298603
 0.279213 -0.158648
 0.765772 0.0138922
 0.412396 0.0246423
 0.179655 0.0235254
-0.0240398  -0.470484
 0.273667 -0.133532
-0.053005 0.0267433
 0.789242 -0.130474
-0.0181848  -0.472857
 0.451697 -0.409298
-0.0276979  -0.242716
 0.403734 0.0213749
-0.179559 0.0261609
  0.269224 -0.0603854
  -0.49882 -0.0809177
0.0748537  -0.25365
-0.556525 -0.531602
0.0554252  -0.46839
 0.231419 0.0358628
-0.520487 0.0389272
-0.400376 0.0297029
  0.653019 -0.0367912
 0.355138 0.0358589
-0.0454903  0.0113324
  0.08084 -0.470578
-0.053005 0.0267433
0.364763 0.022707
 0.817932 0.0288809
-0.326538 0.0396692
 -0.628114 -0.0188467
 0.137294 0.0235141
 0.410367 0.0210238
-0.0254194  -0.255066
  0.107169 -0.0351342
-0.0641067  -0.440698
 0.231136 -0.446589
-0.0931834  -0.428896
-0.316274 -0.418083
 0.207404 0.0192904
-0.313108 -0.418089
0.000224756  -0.0797243
 0.263761 -0.104854
 0.355297 0.0316343
  -0.533139 -0.00972775
 0.215187 0.0383297
  0.655432 -0.0336336
0.0791049 -0.349351
  0.748663 0.00785654
0.0535824 0.0201616
-0.518348 -0.131722
 0.257127 0.0138362
-0.580044 0.0457743
 0.0635074 -0.0362808
-0.0866137  -0.414496
 0.275669 0.0300648
-0.307062 0.0322749
0.0555548 -0.468466
0.00685911  -0.297106
0.00032108 -0.0797243
-0.545431 0.0159934
0.0902131 -0.254145
 0.101546 -0.342064
-0.415979 -0.445088
0.0785598 -0.256229
-0.390548 0.0257891
   0.24248 -0.0821781
-0.390548 0.0257891
-0.518443 -0.131657
0.344918 0.026919
 0.355473 0.0445994
0.0748537  -0.25365
 0.043179 0.0211882
-0.183586 0.0273837
0.597998 0.011313
 0.331018 0.0646887
 -0.534289 -0.0038264
 0.0680665 -0.0260708
  0.649028 0.00120546
0.0420409 -0.234136
-0.359857 -0.117898
 0.0710235 -0.0389473
 -0.379367 -0.0912431
  0.33627 0.0232711
  0.460824 -0.0710403
-0.428576 0.0436881
 0.188735 -0.449698
-0.0251398 -0.0699613
-0.306316 0.0316623
  0.58258 0.0149446
0.0415965 -0.435735
-0.361921  -0.33336
-0.556405 -0.531797
-0.104696 0.0410755
 0.184936 0.0137882
-0.580044 0.0457743
-0.361921  -0.33336
 0.138195 0.0238356
 -0.509286 -0.0727135
 0.0675237 -0.0448553
-0.217766 0.0362087
 0.121458 -0.351589
-0.159366 0.0143622
-0.0219257  0.0257458
 0.222635 0.0267239
  0.654202 -0.0677278
-0.491558 0.0458174
-0.299145 0.0213836
 0.138195 0.0238356
  0.649028 0.00120546
-0.344895 0.0385581
 0.237418 0.0187207
-0.192931 0.0265513
 0.378871 0.0244902
 0.619696 0.0133408
0.0774529 -0.247512
-0.193447 0.0278695
0.260782 0.015961
-0.012391 0.0136751
-0.0562497  0.0378851
 -0.381229 -0.0921843
 0.323407 0.0770891
 0.378871 0.0244902
-0.521048 0.0205815
 0.323066 0.0859877
 0.453731 -0.400713
  0.02225 -0.355164
0.0791049 -0.349351
  0.78402 -0.242426
 0.331596 0.0292954
-0.107874 0.0277153
 0.202633 0.0240472
-0.107874 0.0277153
 0.644013 0.0268732
0.092706 0.027937
-0.237396 0.0390512
-0.107874 0.0277153
 0.209662 0.0184873
  0.58258 0.0149446
 0.420996 0.0235179
 0.201925 0.0258795
 0.386696 0.0216875
 -0.32881 0.0379953
-0.568272 -0.256414
-0.0338962  -0.153063
  0.106716 -0.0226728
-0.0318122  -0.289735
  0.554031 -0.0973539
 0.521609 0.0131917
0.405763 0.025897
0.0784619 -0.276915
 0.222635 0.0267239
-0.409211  -0.14821
  0.18732 0.0131458
 0.305336 0.0190996
 0.227056 0.0247639
   0.45864 0.00413976
0.0474491 0.0150887
-0.557816 -0.211358
  0.332707 -0.0828786
  0.301573 -0.0103702
-0.441751 -0.112831
 0.0708936 -0.0311444
-0.563239  0.040159
   0.365051 -0.00951493
0.0432026 -0.346292
 0.227056 0.0247639
  0.652761 -0.0568029
 -0.532704 -0.0592156
 0.0945186 -0.0683116
-0.0916895  -0.426665
-0.543947 -0.171453
0.0270944 0.0261634
-0.0277684  0.0230815
-0.0339925  -0.152966
0.529881 0.025095
  0.227878 -0.0501428
 0.451457 -0.406038
0.0868895 0.0213852
0.0474491 0.0149924
0.0700893 0.0203236
 0.209597 0.0170726
  0.47274 0.0213558
-0.297266 0.0210607
-0.0706689   0.031626
  -0.262816 -0.00125503
-0.144211 -0.404802
 0.227056 0.0247639
 0.110381 0.0237654
  -0.51394 -0.0840092
-0.133215 0.0410212
  0.655466 -0.0336989
 -0.523753 -0.0579639
-0.558124  0.027037
