 2657.1 1686.69
4389.58  2001.4
4389.58  2001.4
 3065.8 1796.19
4631.05 1842.78
2688.97 1821.43
3181.51 1800.45
3276.81 1799.48
3828.75 1780.13
3322.71 1784.53
 4410.3 1934.78
4607.96 1738.93
3690.98  1567.1
 2358.2 1823.61
3690.98  1567.1
4607.96 1738.93
3690.65 1616.33
3701.09 1587.32
2696.05 1828.02
3592.06 1826.69
3158.94 1824.66
4374.95 1791.55
2804.94 1812.88
3264.12 309.842
3014.71 427.258
2712.77 1769.99
3427.22 197.318
3322.71 1784.53
4155.86 1742.65
 2723.2 1811.99
3427.32 197.027
3810.25 1788.71
 4410.3 1934.78
2828.36 1796.26
2695.07 1768.32
 3045.9 1794.12
1020.57 1854.77
3704.17 1587.41
3673.76  1340.8
2613.24 1732.52
2356.92 1821.54
1880.21  1295.9
4605.46 291.086
2693.99 1776.39
4156.43 238.769
4387.23 1776.98
 2747.1 1755.64
3701.97 1602.21
3142.08 1829.77
2700.48    1764
3701.97 1602.21
1879.62 1296.49
3483.21 213.441
3481.83 1750.66
2677.37 1818.68
 1986.7 309.038
4687.57  1798.9
2956.39 1779.45
1875.22 1692.45
3480.25 1749.19
1888.64 1692.65
2750.84 1765.47
3068.96 1833.19
2561.67 370.524
2482.93 1738.33
4404.69 1952.03
3698.28 1824.58
2561.67 370.524
2645.89 1778.45
2659.86 1822.61
4428.71 1616.61
2482.93 1738.33
3702.07 1609.52
1012.21 1777.58
 1462.9 1784.93
5109.78 1742.79
4938.78 1771.07
1542.84 1275.89
1540.86 1277.17
1891.39 1838.58
2659.86 1822.61
 1986.7 309.038
5109.78 1742.79
1881.17 1279.53
2774.44 1769.01
2333.21 1827.54
 4427.3 1616.12
3113.89 1824.35
3913.98 1762.57
3622.77 1742.59
2381.81 1804.52
1356.51 1851.51
4399.24 1800.09
3113.89 1824.35
1803.88 1837.44
 2639.7 1737.93
4227.44 1744.63
3891.06 1745.38
2727.23 1768.81
1461.51 1776.64
1533.94 346.707
2726.05 1769.31
3917.06  1752.1
3704.68 1569.26
4643.57 1762.59
1461.51 1776.64
2718.64 1006.18
2210.45 702.517
3704.48 1568.57
 4597.9 1854.67
1547.13 923.791
1533.57 1394.26
   3010 450.227
1381.87 1849.02
2211.83 703.283
1532.37 1392.78
2728.51 1756.13
1803.78 1837.14
4389.76 1948.93
2574.79 1794.97
915.334 1854.58
1531.82 1044.12
3326.86 1813.09
4643.57 1762.59
4724.77 1686.62
3666.21 1345.96
1534.27 728.047
2616.01 1297.44
2659.17 1815.43
3090.24 1834.18
4196.48 1821.94
1782.35  1800.7
3478.73 1188.78
1796.97 1623.98
3259.16 330.083
1934.44 1750.15
3385.92 1728.69
2774.44 1769.01
2566.21   368.6
4908.97 1769.96
 4988.4 1734.48
1481.27 1767.07
4455.12 1805.58
3027.26 430.242
4071.89 1759.35
2726.05 1769.31
4908.98 1770.06
2732.15 1778.06
2257.31 1337.61
3480.59 1478.16
3772.85 422.753
3518.49 977.276
1446.48 1614.13
3503.42 921.935
3478.23 1190.46
1540.07 735.053
3290.44 1825.78
3772.85 422.753
1265.36 1388.98
 4598.9 1846.92
3345.53 1817.72
1474.51 1394.94
4220.45 1814.73
1048.07 1767.28
1900.75 1292.38
1530.44 1076.97
3765.86 184.301
1214.33  1853.9
1470.28  340.08
1811.01  1668.8
4328.06 1818.18
3477.82 903.122
3478.03 456.683
2449.19 1822.42
3125.42 1829.96
 1530.7 380.839
3035.56 1800.42
2494.74 1738.92
4577.37 1792.06
2580.45 453.491
4427.05 1282.66
4724.77 1686.62
4071.89 1759.35
4487.32 1697.73
1263.03 1035.08
1282.45 1257.58
 2663.2 1813.46
1761.9 1761.5
3183.41 690.187
1272.22    1272
4140.13 229.098
4309.43 1790.52
3345.53 1817.72
4982.97  1770.8
2798.64 1766.36
3303.75  1786.2
4519.66  1755.2
3182.34 684.672
3712.43  1565.2
2577.19 457.105
1531.83 1425.15
4347.16 1786.57
2945.27 1743.54
3712.13 1564.91
1048.07 1767.28
2580.64 451.998
4406.19 1663.84
1263.68 1068.79
1224.96 1764.07
2587.26 445.635
3036.35 1799.34
1796.57 1620.92
3430.63 208.124
4419.24 869.094
4180.84 1818.07
1286.33 1620.34
3615.52 182.218
4963.07 1756.22
3772.27 1461.78
1280.01 1435.77
1900.85 1292.88
4608.69 1795.26
4345.08 263.175
3842.67 1760.19
2573.14 473.947
1275.94 1446.14
3491.63 1767.62
4364.16 1757.94
1467.79 341.202
3276.7 312.23
4982.97  1770.8
1449.76 1840.29
4616.79 1780.46
1443.71 1449.09
4427.34 1982.34
3001.53 436.821
3027.26 430.242
3508.32 965.433
3709.65 1561.85
4461.76 1980.54
3190.87 452.542
1936.31 1746.21
2867.49 493.661
3809.15 1774.49
3902.02 1772.25
1918.35 1789.93
1811.71 1667.52
5008.02 1750.75
1809.04 1686.83
3714.51  1572.9
2714.54 1820.65
3404.38 915.284
3776.46 184.335
1886.65  1837.3
3412.12  1780.7
2625.54 1684.24
2210.48  332.93
4364.16 1757.94
3414.59 1743.86
3024.53 1795.69
4140.13 229.098
4167.78 1762.14
3842.67 1760.19
3508.32 965.433
2252.12  1782.4
3664.62 1346.25
2833.18 1801.77
4823.51 1736.07
3714.41 1573.39
2654.25 1843.66
1793.13 1782.08
 3836.6 1773.32
1029.03  1794.2
3198.36 337.629
1905.52 1730.36
3404.38 915.284
1287.22 1846.33
2790.87 1746.29
   4703 1773.85
4584.71 1843.13
4510.97 1778.92
4823.41 1735.67
1813.02 1535.03
2521.39 1804.51
 3771.6 1139.29
1459.47 730.835
2579.07 479.023
2797.17 1766.85
4128.52 1759.16
 2489.8 1500.59
942.674    1850
1712.34 1251.69
1318.21 1822.41
1224.96 1764.07
3405.39 1195.17
 1004.8 521.935
1252.1 397.64
2211.13 984.145
3251.79 317.027
1386.78 1802.62
 1464.4 723.855
 3621.4 300.337
3773.45 872.351
3656.39 1761.83
  4356 1750.2
3831.36 1625.52
4636.49 1569.98
 3400.3 921.257
3006.18 438.731
3419.53 1737.75
2210.56 658.103
2256.65 1778.07
2114.84 1833.59
3278.39 312.251
3304.15 1783.44
 1464.4 723.855
3762.27 530.767
 2376.2 1818.49
4797.09 1745.12
4146.94 1741.06
3430.63 208.124
1535.14 1640.91
1836.59 1818.31
3109.19 723.623
5030.21 1700.65
2576.24 998.689
3109.19 723.623
4253.55 355.924
2575.38 1774.12
2714.54 1820.65
5008.02 1750.75
5032.78 1712.83
3656.78 1762.91
3615.32 274.412
1549.11 1618.04
2519.72 1771.47
 4642.5 1831.17
3762.57 530.894
4648.92 1852.74
1735.96 741.221
3135.84 698.088
   1458 1440.23
1832.05 1818.41
   4703 1773.85
3689.98  1581.7
1006.24 718.458
 1595.5 1839.91
4683.17 1731.58
1783.33 1820.89
3703.45 1615.53
2353.84 712.841
3484.29 1443.74
   2789 1744.82
1459.47 730.835
4128.52 1759.16
 4642.5 1831.17
3509.75 1798.47
4437.07 1903.68
4919.08 1436.96
4797.41 1784.05
4868.06  1780.8
3932.02 1775.12
3193.05 705.865
2575.73 753.999
3484.29 1443.74
2574.95 753.711
1539.68 1433.26
4260.49 357.763
4898.44 1777.13
4838.53 1769.63
3405.48 884.563
4167.78 1762.14
2972.04 1744.63
3193.05 705.865
3772.93  301.45
3683.92 1593.35
4382.11  1505.2
2212.53 658.613
3405.48 884.563
4167.18 1750.46
3404.29 885.082
952.964 1812.56
2662.12 1699.97
4568.34 1739.62
1455.17 1087.98
1782.43 1222.92
3133.96 700.028
2125.12 1338.19
4167.28 1751.16
3505.83 746.118
1539.88 1432.47
4269.11 1760.49
3617.53 298.393
3419.22 203.084
3210.84 385.698
3912.39 1780.55
1860.12 1407.47
2911.51 1781.12
1715.65 1106.22
4346.86 1351.94
1031.38 1057.45
4655.62 1847.98
2293.58 1415.22
1774.59 1209.28
 1835.9 1822.85
1086.61 1723.05
1552.79 1443.44
3190.02 341.021
4646.11 1582.58
1536.13 1639.73
2637.73 1694.07
1709.76 1820.63
1942.32 1813.36
4347.57 1351.94
3836.95 1504.64
4838.53 1769.63
4655.38 1818.65
3747.67 300.429
1473.59  1043.7
3249.11  315.99
1155.53 1849.01
1735.69 1084.63
3179.14  1784.6
3822.72  1603.9
3616.53 472.032
3739.41 872.016
1539.48 577.951
2777.69 1812.49
3619.11 945.217
3791.82  1481.4
4751.85 1779.74
3727.23 880.766
3179.14  1784.6
2559.45 1838.15
3251.79 317.027
2470.34 1615.39
3619.11 945.217
1032.42 664.742
3622.67 1766.56
1942.32 1813.36
1473.1 1043.7
3616.63 691.281
4091.79 1743.82
4844.56 1785.37
2390.37 1774.33
3565.39 1782.52
4861.82 1768.74
2318.51 1282.68
4091.69 1743.53
2637.73 1697.61
1551.22 1456.66
1032.42 664.742
3247.99 1799.38
1749.89 74.2299
1548.44  1453.8
1750.02 1808.99
3195.05 347.491
1774.28 1159.12
 3585.1 1737.46
2807.07 1376.27
1062.09 1748.38
3784.99  1788.6
3935.61 1775.82
1783.33 1820.89
1851.62 1761.19
1030.88 698.041
3024.53 1795.69
1740.93 1780.91
1774.28 1159.12
1133.46 1844.08
3445.83 1742.38
1507.23 1865.41
3636.75 1746.84
2359.22 669.433
2196.62 331.714
3708.78 1766.67
4663.79 1571.22
4454.66 1968.71
2533.98 1763.99
3521.32  1735.1
1843.42 1729.48
4454.66 1968.71
3662.83 191.673
3723.87 1742.21
1712.66 913.842
3739.41 872.016
3636.75 1746.84
2216.46 1243.69
1823.17 1734.89
4604.72 1775.29
4287.41  1791.6
4353.81  261.17
1007.85 876.507
4879.09 1757.49
 1071.2 1761.73
1472.54 933.328
1472.54 933.328
3032.42 424.557
4149.46 1782.72
2359.22 669.433
 1772.7 534.784
1277.15 906.876
3737.86  805.15
4221.94 1784.63
 3745.8 181.448
5083.41 1770.25
3041.48 1829.25
1033.28 1420.69
1533.17 1757.98
1028.39 1846.55
1092.91 1699.12
3843.97 1775.69
3724.07 1741.22
1770.98 132.308
3735.19  900.12
4800.57 1786.84
3320.74 1802.45
3727.23 880.766
4074.99 1775.96
3280.84 299.122
1782.18 1197.35
3378.06 1211.03
3778.89 879.319
4744.72 1776.85
4152.26 1776.88
 3383.4 773.054
1742.72 1050.85
1488.25 770.563
1723.12 1811.75
1588.91 545.045
1520.21  925.41
 1488.4 744.474
1033.28 1420.69
1734.31 1779.14
1379.03 1415.01
940.425 1409.56
3295.96 1819.97
2785.65 837.359
2111.13 1351.48
2754.28 1773.24
1062.19 1748.87
4477.43 1785.35
1464.17 376.184
1480.18 1755.92
1265.66 1438.41
2793.04 1738.72
4248.05 241.099
3611.78 1803.93
2212.61 1238.85
