1807.56 1716.38
3524.05 1982.23
3523.95 1981.54
2199.54 1822.25
3656.63 1859.67
 1843.1 1847.07
2312.44 1826.07
2402.96 1824.39
2917.02 1804.93
2446.64 1810.12
3539.43 1926.04
3622.67 1765.08
2787.53 1602.59
1517.66 1850.41
2788.03  1602.5
3622.47 1765.08
2787.23 1649.71
2796.78 1622.17
1849.81 1853.67
2702.74 1849.56
2303.58 1849.68
3421.42  1814.1
1951.68 1839.54
2380.07 390.516
2134.07 492.227
1864.05 1797.62
2527.74 282.092
2447.42 1810.71
3215.73 1769.25
1875.1   1838
2527.84 282.002
2900.09 1813.29
3540.62 1926.24
1975.26 1823.29
1846.28 1796.35
2179.36  1819.8
157.359 1886.01
2799.93 1622.17
2771.84  1387.9
1763.98 1761.59
1515.77 1848.73
1031.12 1329.37
3617.16 421.582
1846.18 1803.44
3214.83 357.732
3431.6   1801
1896.14 1783.24
2797.66 1636.63
2285.67 1853.52
 1852.5 1791.42
2797.76 1636.53
1030.62 1329.76
 2591.6 309.575
2590.23 1777.86
1832.33 1845.21
1110.25 339.909
3703.54 1820.34
2088.64 1806.53
1022.74 1722.36
2588.85 1776.88
1034.26 1721.87
1899.69 1792.89
2211.15 1857.87
1687.98 421.174
 1630.2 1767.23
3536.58 1940.93
2801.21 1847.51
1688.48 420.797
1798.66 1805.62
1815.64 1849.15
3470.87 1652.22
 1630.1 1767.13
2798.06 1642.92
129.007 1809.57
 602.64 1815.71
4060.69 1767.95
3914.19 1794.28
 685.41 1305.12
683.625 1306.31
1055.61 1867.01
1815.34 1848.46
1109.75 340.416
4060.79 1768.05
1033.77 1312.43
1924.17 1796.53
1494.63 1854.67
3470.17 1651.93
2260.08  1849.3
2995.28  1788.9
2723.89  1769.8
1540.78 1832.93
511.404  1882.3
3445.55  1821.7
2260.67  1848.9
968.669 1866.41
1790.76 1766.61
3281.05 1771.03
2973.42 1772.07
1877.28 1796.64
601.149 1806.47
 675.85 373.857
1872.35 1797.03
2997.45 1778.77
2800.42 1605.25
3665.62 1786.59
600.693 1806.27
676.079 721.725
1336.64 739.032
2800.03 1604.76
3627.28 1869.91
689.843 952.028
675.512 1423.81
2129.28 513.342
537.883 1879.08
1338.54  739.77
674.133 1422.51
1874.13 1783.54
 968.91 1866.01
3522.61 1938.94
1725.49  1821.8
40.5572 1887.53
674.118  1072.9
2449.98 1837.66
3664.23  1785.4
3737.38 1718.03
2764.46 1392.53
676.694 756.623
1738.92 1333.25
1814.45 1841.86
2232.03 1857.86
3262.51  1842.8
933.807  1829.9
 2585.6 1240.41
948.786 1654.43
2374.86 409.368
 1081.6 1779.53
2495.72 1756.91
1925.94 1796.03
1692.64 419.045
3888.08 1793.28
3955.45 1760.21
621.503 1797.81
3495.21 1827.04
2146.54 495.457
3138.62 1784.59
1875.31 1796.73
3887.88 1793.28
1882.22 1805.79
1395.85 1371.97
2587.38 1517.72
 2863.7 519.334
2625.08 1039.05
586.704 1644.25
2610.42 985.999
2585.51 1241.99
681.983 763.218
2425.88 1849.37
2863.01 518.768
396.778 1416.17
3629.06 1862.71
2467.88 1842.78
614.038 1423.83
3281.85 1836.31
 167.12 1798.76
1050.75 1325.76
672.083 1105.54
2857.68 293.859
364.117 1884.84
608.969 364.649
962.423 1699.49
   3382 1838.91
 2585.5 967.066
2586.18 540.767
1606.89 1849.46
 2271.3 1853.82
672.494 407.558
   2170 1826.29
1642.18 1768.12
3596.91 1814.27
1706.72 502.332
3469.99 1344.85
3735.29 1716.16
3138.23 1784.39
 3523.7 1726.52
395.447 1059.06
 414.73 1283.34
1818.21 1839.79
910.995 1791.29
2300.33 753.333
403.099 1298.53
 3200.2 348.408
3356.99 1813.49
2468.37 1842.87
3952.57 1793.71
1947.26 1794.06
2429.33 1812.29
3541.72 1781.13
2298.55 748.336
 2807.6 1601.41
1703.66 505.674
673.758 1454.59
3391.96 1809.46
 2078.4 1771.79
2807.51 1601.02
167.007 1798.96
1706.22 500.685
3450.48 1696.47
395.577 1092.81
354.053 1794.72
1713.63 494.995
2170.99 1825.11
948.302 1651.06
2530.91 293.223
3461.36 962.111
3253.33 1839.35
417.421 1650.28
2717.16 286.186
3934.52 1780.95
2862.92 1503.21
411.211 1463.43
1051.65 1326.06
3624.67 1817.05
3385.16 388.537
2929.32 1786.14
1699.09 522.429
408.775 1474.17
2599.87 1794.38
 3405.1 1782.77
604.816 365.218
2392.53 393.225
3952.77  1793.9
603.772 1870.94
3647.87 1802.56
583.637 1478.61
3552.75 1966.29
2120.74 500.499
2147.13 495.349
2614.55  1028.2
2805.05 1598.07
3581.48 1963.86
2307.47 523.997
 1083.1 1776.76
1986.57 550.358
2898.81 1799.81
2984.16 1797.26
1068.87 1819.21
964.199  1698.3
3973.91 1775.24
 960.71 1716.32
2809.67  1607.9
1865.22 1847.55
2514.79 976.102
2867.07  294.03
1050.41 1865.73
2524.83 1806.87
1775.54 1714.41
1337.12 371.944
3406.19 1782.38
2524.24 1771.17
2158.68 1821.47
 3199.8 348.999
3227.07 1787.07
2930.21 1785.94
2614.65  1027.8
1392.44  1811.7
2764.75    1394
1983.94  1828.6
3813.02 1762.06
2809.57 1608.69
1812.96 1869.25
 943.71 1811.67
2923.81 1798.53
147.511 1826.92
2314.98 414.292
1054.68 1760.45
2514.29 976.467
438.204 1876.65
1938.48 1774.08
3707.21 1797.26
3616.56 1859.25
3538.07 1802.81
3812.63 1761.46
966.372 1566.22
1676.81 1832.57
2862.79 1197.84
597.376 756.768
1701.99 526.082
1945.48 1794.65
3190.88  1784.8
1620.2 1532.3
69.9065 1883.17
859.217 1282.96
471.903 1853.62
354.359 1794.62
2515.05 1244.94
116.455 531.206
662.731 510.965
1336.95 1018.66
2367.33 396.867
1531.67 1810.75
602.188 750.393
 2722.8 398.385
2864.89 944.926
2755.95 1788.39
3390.28 1776.86
2918.89 1658.55
   3659 1611.12
2510.16 982.313
 2125.3 502.274
2528.96 1765.37
1336.75 694.726
1397.71 1806.86
1281.93 1861.55
 2394.8 393.677
2429.62 1809.93
602.407 749.955
2853.86  621.48
 1536.9 1845.96
3789.46 1769.65
3207.74 1767.38
2532.09 295.291
676.702 1670.53
1002.61 1846.87
 2225.5 782.001
3993.26 1728.79
1700.99 1038.95
 2225.3 782.971
3302.73 470.986
1726.29  1801.8
 1867.2 1846.37
3972.81 1774.64
3993.56 1740.65
2756.15 1789.76
2717.09 373.356
 690.08 1648.51
1668.31 1799.36
3666.34 1849.22
2854.65  621.37
3672.21 1867.97
882.234 774.477
 2252.3 759.044
596.313    1469
 996.76 1847.07
 3707.7 1797.45
2786.55 1616.86
120.625 732.433
753.364 1869.25
3700.25 1757.79
942.604  1849.4
2800.52 1648.13
1480.29 752.528
2592.69 1483.78
1937.39 1772.99
 598.87 756.953
3191.17  1784.7
3666.84 1849.13
2622.49 1822.71
 3561.2 1900.23
 3903.2 1489.82
3790.76 1806.77
3852.84 1803.34
3012.52 1800.02
2308.94 768.641
 1701.9 798.139
2592.98 1483.78
1700.71 797.837
681.414 1463.15
3309.36 473.248
3879.02  1799.9
3826.46 1793.36
2515.57 946.782
3229.05 1787.76
2103.92 1771.99
2309.53 768.137
2864.19 405.171
2780.15 1627.78
3429.98 1549.27
1338.66 695.594
2514.19 947.197
3228.65 1776.14
2513.99 947.385
68.2512  1845.1
   1813 1729.77
3588.77 1765.66
593.446 1115.63
932.542 1255.37
2249.93 760.932
1257.54 1370.57
3228.26 1777.12
2612.99 818.751
681.735 1462.26
3318.86 1785.31
2719.14 396.136
2519.93 287.723
2327.22 460.872
2993.81 1805.33
1011.96 1439.55
2042.12 1808.11
 862.11 1137.12
3399.28 1407.08
  145.6 1076.89
3679.35 1864.42
1431.89 1448.98
924.361 1242.34
999.261 1852.52
209.641 1754.63
694.093 1473.11
2307.18 417.058
3669.21 1622.66
677.429 1669.74
 1787.5 1724.16
872.993 1850.57
1103.67 1841.44
3399.48 1407.18
2924.43 1544.62
3826.46 1793.06
3678.34 1837.69
2840.28  402.96
613.049 1071.22
2364.66 395.388
 299.97 1880.36
882.323 1116.46
2318.84 1811.51
2906.49  1637.7
2718.12 560.965
2832.47 943.794
680.768 605.117
1925.24 1838.86
2720.32 1011.09
2882.21  1521.9
3750.71  1802.9
2821.42 951.768
2323.96 1809.54
1716.87 1864.87
2367.63 396.828
1602.75 1645.78
2720.71 1011.19
146.394   677.6
2724.28 1792.91
1101.07 1841.34
612.592 1071.12
2718.08 769.412
3157.35 1770.22
3832.64 1807.18
1533.26 1802.66
2675.01 1808.15
3846.66 1792.28
1438.18 1315.75
3158.34 1770.22
1787.5 1727.7
694.095 1486.32
 146.24 677.668
2375.51 1824.88
899.242 110.106
690.328 1483.33
913.792 1839.13
2311.74 423.842
924.029 1190.84
2687.89 1764.58
1937.33 1414.26
182.111 1779.29
2875.98 1813.58
3015.27 1801.01
943.105  1850.1
1000.88 1790.85
144.499 711.238
2156.41 1821.08
888.472 1810.52
924.278 1190.44
275.717 1875.62
2554.04 1769.89
669.445 1894.47
2737.36 1773.93
1486.02  709.88
1323.21 370.423
2804.65 1792.13
 3684.8 1612.29
3575.52 1954.88
1682.27 1792.45
2628.09 1762.13
993.595 1758.88
3575.42 1954.68
2761.35 296.848
2818.71  1769.7
859.052 946.065
2832.47 943.695
2737.36 1774.22
1341.18 1274.97
976.767 1763.93
3620.8 1799.2
3336.44 1814.57
3393.32 385.957
121.126  892.88
3862.88 1781.13
191.014 1792.85
613.148 960.664
611.247 960.181
2151.17 490.583
3210.31 1807.25
1486.42 709.664
922.858 570.629
407.891 930.154
2832.14 880.485
3278.29 1808.84
2838.99 290.257
4036.42 1793.25
2183.98 1853.64
147.526 1446.25
674.779 1788.15
165.936  1877.6
213.994  1729.3
2930.11  1800.8
 2819.3 1769.01
  920.8 169.548
2829.09 970.336
3794.05 1808.94
2444.37 1827.63
2821.13 951.571
3142.17 1800.04
2396.07 381.076
932.077 1230.07
2487.89 1259.51
2868.14 950.081
3744.35 1799.74
3212.48 1801.63
2493.16 838.253
890.284 1083.22
 628.83 797.793
886.617 1841.04
730.329 572.673
661.792 953.696
628.697 771.503
147.261 1446.85
879.817 1809.24
513.836 1443.22
49.0159 1434.02
2431.68 1844.35
1905.37 884.316
1242.01 1383.19
1904.53 1800.76
181.864 1779.59
3507.48 1807.63
601.817  400.49
619.344  1785.5
396.547 1465.48
1941.14 1767.48
3297.98  363.95
2718.87 1828.02
1338.28  1271.9
