 1795.6 1716.56
3537.5 1985.9
3537.62 1986.01
 2193.1 1823.85
3671.31 1860.91
1831.62 1849.43
 2307.8 1827.61
2399.82 1826.43
2922.41 1806.34
2444.21 1811.73
3553.29 1929.81
 3637.2 1765.61
2790.77 1600.84
1502.82 1852.57
2791.26 1600.89
   3637 1765.61
2790.5 1648.4
 2800.2 1620.37
1838.41 1855.91
 2704.6 1851.63
2298.75 1850.65
3433.89 1815.26
1941.58 1840.81
2377.36 374.504
2128.48 476.788
 1852.8 1798.72
2526.62 265.998
2444.99 1811.68
3225.6 1769.8
1864.01 1840.08
2526.82 265.786
 2905.2 1814.63
3554.38 1929.47
1965.49 1824.35
1834.79  1797.1
2172.62 1821.93
152.848  1887.2
2803.39  1620.5
2774.82 1382.22
 1751.5 1761.88
 1500.9 1850.54
 1015.3 1324.48
3627.82  408.44
1834.71 1805.06
3221.51 342.774
3444.17 1801.55
1885.31 1784.54
2801.12 1634.76
2280.61 1855.83
1841.11 1792.83
2801.22 1634.77
1014.78 1325.08
2591.74 292.826
 2590.2 1778.62
1820.69 1846.71
1100.71 331.269
3718.58 1820.48
 2080.5 1807.82
 1006.2 1722.38
2588.79 1777.16
1017.69 1722.56
1888.91 1794.22
2204.88 1859.65
1678.79  407.21
 1616.3 1767.83
3550.18 1943.92
2804.68 1849.21
1679.04 407.352
1786.61 1807.21
1803.79 1850.62
3483.9 1651.1
 1616.2 1767.83
2801.48 1641.87
125.134 1809.29
589.175 1816.02
4077.32 1768.62
3930.49 1795.04
671.788 1302.12
670.006 1303.42
 1039.1 1868.63
1803.51 1850.65
1100.47 331.158
4077.41 1768.61
1017.89 1308.29
 1913.7 1797.63
 1479.6 1856.48
3483.21 1650.69
2254.57 1850.55
3001.88 1789.25
 2726.1 1770.55
1526.08 1833.54
499.322 1882.97
3458.29 1823.01
2255.18 1850.53
952.346 1867.67
1778.6 1767.2
 3291.8 1771.58
 2979.7 1772.83
 1866.2 1797.54
587.709 1807.64
670.048 370.215
 1861.2 1798.11
3004.09 1779.22
2803.92 1602.95
3680.48 1787.07
587.262 1807.64
666.53 716.71
1323.86 728.337
2803.54 1602.26
3641.84 1872.16
678.075 947.772
661.605 1421.42
2123.18 498.764
525.413 1880.38
1325.69 729.277
660.264 1419.91
1863.01 1785.12
952.589 1867.36
3536.07 1941.87
1712.62  1823.8
 39.418 1887.44
661.836 1068.61
 2447.6 1839.54
3679.16 1787.28
3752.85 1716.88
2767.29 1387.04
666.893 751.292
1726.53 1327.31
 1802.6 1843.57
2226.13 1860.55
3272.98  1844.4
917.588 1831.26
2585.63 1232.03
932.482 1653.64
   2372 393.511
   1065 1780.32
 2494.1 1757.37
1915.51 1797.61
1683.31 405.439
 3904.3 1794.09
3971.91 1761.02
607.785 1797.93
3508.45 1827.93
2140.97 480.195
3147.41 1785.95
 1864.2 1798.05
3904.11 1794.21
1871.19 1806.64
1380.57 1366.81
2587.41 1513.33
2867.21 503.737
2625.56 1028.39
 573.46 1643.34
2610.76 974.417
2585.49 1233.76
671.962 758.192
 2423.1 1851.45
2866.52 503.159
387.089 1414.94
3643.64 1864.85
2465.76 1843.94
600.849 1421.81
3292.58  1837.7
162.198 1798.75
1034.88 1320.93
659.602 1101.54
2860.61 277.623
354.697 1885.72
 604.36 361.933
946.057 1698.67
3393.97 1840.21
2585.42 955.345
2586.07 525.123
 1592.8 1851.15
   2266 1855.99
666.208 404.089
2163.11  1828.1
 1628.4 1768.39
3611.21 1815.56
1696.76 489.402
3482.85 1338.96
3750.65 1716.95
3147.02 1785.98
3537.28 1727.14
387.632 1057.05
405.183 1281.99
 1806.4 1841.63
894.84 1791.9
2296.17 739.589
  393.8 1296.43
3206.74 333.344
3368.71 1814.91
2466.26 1843.91
3969.02 1794.71
 1937.1 1794.97
2426.59 1813.36
3555.47 1781.13
2294.66 733.923
2811.22 1599.06
1693.59 492.934
659.771 1452.59
3404.12 1811.01
 2070.1 1772.44
2811.11  1598.8
162.086 1798.75
1696.32 487.626
3463.34 1695.24
387.5  1091
344.723 1795.24
1703.79 481.922
2164.11 1827.03
931.993 1650.57
2530.17 276.694
3472.97 951.892
3263.64 1840.34
406.871 1649.43
 2718.8 269.414
3950.87 1781.22
2867.39 1499.54
401.101 1462.33
1035.75 1321.53
3639.22 1818.48
3394.35 373.741
 2934.9 1787.14
1689.11 509.275
398.693 1472.95
2599.99 1795.06
3417.41 1783.98
600.306 362.452
2389.79 377.451
 3969.2 1794.67
590.349 1871.55
3662.57 1803.19
570.733 1476.52
3566.57 1969.98
2114.85 485.368
2141.37 480.445
2615.24 1016.44
2808.61 1595.83
3595.69 1967.91
 2303.7 508.631
1066.49 1776.36
 1979.3 535.425
 2903.9 1800.96
2990.61 1798.62
 1052.3 1820.23
947.829  1697.4
3990.42 1776.07
944.335 1716.79
2813.24 1606.55
1853.97 1848.66
 2513.4 965.045
 2870.2 277.722
1033.91 1867.38
2523.69 1807.99
 1763.2 1714.11
1326.97 360.729
3418.53 1783.96
 2523.1 1772.15
2151.62 1823.52
3206.92 333.443
3237.11 1788.39
2935.81 1787.12
2615.18 1016.44
1376.69 1812.29
2767.77 1387.72
1974.28 1829.61
 3828.9 1762.63
2813.17 1607.01
1801.09 1871.26
927.431 1812.54
 2929.3 1799.79
143.133 1826.17
2311.83 397.881
 1038.1 1760.45
2513.11 964.892
427.368 1877.96
 1928.2 1775.27
3722.4 1798.2
3631.05 1861.44
3551.76 1803.32
3828.51 1762.29
950.101 1564.38
1663.37 1833.23
2867.15 1189.26
588.617 752.473
1691.96 513.049
 1935.3 1795.46
 3200.4 1785.62
1606.24 1530.25
67.8464 1882.72
844.214 1278.84
460.415 1853.71
345.024 1795.24
2513.84 1236.96
121.234 534.559
655.801 505.807
1322.62 1009.99
2364.72 380.501
1516.89 1811.49
 593.56 745.497
2724.45 382.029
 2868.9 933.323
2758.69 1789.08
3402.38 1776.84
2924.29 1657.58
3673.88 1609.05
2509.02 970.527
2119.34 487.347
 2527.9 1766.17
1324.2    684
   1382 1807.94
1265.69 1862.94
2392.05 377.969
2426.88 1810.66
 593.66 745.523
2857.56 606.308
1522.19 1847.38
3805.24 1771.22
3217.51 1768.33
2531.93 278.029
662.333 1670.43
986.179 1848.43
2220.19 768.836
4009.77 1729.49
1688.97 1029.34
2220.39 768.884
3311.02 456.435
 1713.4 1803.14
1856.02 1848.61
3989.37 1776.21
 4010.1 1740.71
2758.88 1790.12
2718.56 357.035
675.606 1647.31
 1654.8 1800.68
 3681.1 1850.18
2858.04 606.641
3687.13 1870.05
870.262  767.11
2247.62 745.095
583.218 1467.46
980.348 1848.58
3722.88 1798.14
2789.81 1614.92
 122.85 733.563
738.343  1870.8
 3715.4 1758.42
 926.38 1851.32
2803.94 1647.79
1467.92 741.202
2592.63 1480.18
1927.1 1773.8
590.036 752.842
 3200.7 1785.61
3681.6 1850.1
2623.02  1824.8
 3575.2 1903.23
3918.78 1487.84
3806.46 1807.44
3868.89 1804.23
 3019.4 1801.27
2304.96 754.821
1690.65 786.588
2592.92 1480.23
 1689.5 786.153
667.353 1460.77
3317.66 458.791
 3895.2 1800.78
3842.38 1793.91
2514.28 935.166
3239.09 1788.27
2096.01  1773.5
2305.25 754.996
 2867.6 388.974
 2783.3 1626.11
3442.49 1546.67
1326.21 684.547
2513.26 934.666
3238.71 1777.19
 2512.8 935.482
66.1896 1844.95
 1801.1 1729.67
   3603 1766.29
581.974 1111.83
917.252 1250.69
2245.34 746.727
1241.65 1365.87
 3238.3 1777.84
2613.52  804.94
667.664 1459.98
3330.11 1786.61
2720.63 379.924
2519.01 271.269
2323.95   444.9
 3000.4 1806.54
  995.8 1436.37
2033.31 1809.66
847.638 1132.63
3411.04 1403.07
143.705 1076.76
3694.14 1865.31
1416.66 1444.64
909.257 1236.93
982.817 1853.04
203.589 1753.74
679.852 1471.03
2303.77  400.93
3684.12  1621.1
663.061 1669.23
 1775.3 1723.83
857.062 1851.07
1087.12 1843.39
3411.32 1402.92
2929.93 1541.39
 3842.4 1793.94
3693.21 1838.48
2843.44 386.665
601.529 1067.46
2361.87 379.247
291.904 1881.02
867.932 1111.11
2314.27 1811.81
2911.68 1636.43
2719.73 545.553
2836.14 931.866
672.162 600.719
 1914.8 1840.51
 2722.4 999.771
2886.96 1518.74
3766.17 1803.53
2824.85 940.114
2319.52 1811.73
1703.87  1866.3
2364.9 380.64
1588.58 1645.05
2722.77 999.944
148.405 679.158
2726.49 1793.73
1084.52 1843.47
601.061 1067.46
2719.92 755.552
 3166.4 1771.04
3848.64 1808.53
1518.5 1803.9
2676.39 1809.16
 3862.7 1793.07
1423.32 1309.53
 3167.4 1770.71
 1775.3 1727.33
679.812 1484.48
 148.28 679.128
 2371.9 1826.39
893.752 106.076
676.089 1481.51
897.638 1839.31
2308.62  407.32
908.919 1186.58
 2689.5 1765.66
1927.29  1408.7
176.781  1779.5
2880.68 1814.61
3022.19 1801.93
926.86 1851.3
 984.41 1791.48
146.142 712.694
2149.33 1823.62
872.443 1811.49
909.101 1186.62
268.191 1876.12
 2553.4 1770.65
655.308 1896.44
 2739.8 1774.62
1473.94 698.228
1313.13 359.214
2808.21  1793.7
3699.79 1610.75
3589.46 1957.96
 1668.9 1793.22
2628.71 1763.45
977.131 1759.62
3589.43 1958.01
2763.44 280.215
2822.49    1770
845.905 939.661
2836.1 931.85
2739.79 1774.61
1325.66 1270.35
960.353 1765.06
3635.27 1799.72
3347.91 1816.05
 3401.8 371.749
121.601 893.196
3879.05 1782.51
185.461 1793.08
602.392 956.591
600.506 956.199
2145.97 474.734
3220.08 1808.01
1474.23 698.337
912.351 562.894
400.943 927.383
 2835.5 868.274
3288.97  1809.5
2841.68 274.023
4053.08 1794.53
2177.31 1855.96
143.571 1445.93
660.441 1788.69
161.178 1878.84
 207.83 1729.39
 2935.7 1802.07
2823.09 1769.03
914.613 164.022
2832.62 958.979
3809.8   1810
 2441.9 1829.18
2824.53 939.949
3151.03 1801.82
2393.68 364.835
916.921 1225.02
2486.24 1251.74
2871.95 939.028
3759.82  1800.9
3222.28 1802.46
 2491.4 825.756
876.057 1077.44
619.239 793.164
870.621 1842.15
721.284 568.228
 650.48 949.052
619.336 766.917
143.353 1445.92
863.826 1809.75
502.018 1441.62
47.968 1434.3
2428.97 1845.74
1896.13  872.01
1226.01 1378.97
 1893.8 1801.83
176.542 1780.01
3520.96 1809.61
596.902 397.524
605.657 1786.67
386.673 1464.98
 1930.9 1767.78
3305.77 349.084
   2721 1829.72
   1323 1265.64
