   -0.25605 -0.00379382
 0.304232 0.0829842
   0.3042 0.0827588
-0.128103 0.0307652
 0.347508 0.0429798
-0.244451 0.0388666
-0.0912506  0.0320116
-0.0617046  0.0314623
 0.106091 0.0251099
-0.0474482   0.026806
 0.309255 0.0646439
 0.336424 0.0121025
 0.063825 -0.040934
 -0.35068 0.0399553
 0.0639855 -0.0409662
 0.336359 0.0121025
0.0637271 -0.025555
0.0668427 -0.034545
 -0.24226 0.0410196
0.0361479 0.0396792
-0.0941428  0.0397185
 0.270734 0.0281057
-0.209008 0.0364092
-0.0691763  -0.436572
-0.149475 -0.403372
-0.237611 0.0227261
-0.0209763  -0.471963
-0.0471914  0.0269986
 0.203592 0.0134636
-0.234006 0.0359045
-0.020944 -0.471992
 0.100566 0.0278386
 0.309643 0.0647087
 -0.20131 0.0311043
-0.243413 0.0223097
-0.134692 0.0299636
-0.794698  0.051575
 0.0678703 -0.0345452
0.0587022 -0.111014
-0.270278 0.0109655
-0.351295 0.0394084
 -0.50949 -0.130119
 0.334626 -0.426432
-0.243446 0.0246243
 0.203299 -0.447273
 0.274057 0.0238296
-0.227137 0.0180308
 0.0671312 -0.0298254
-0.0999895  0.0409719
-0.241382 0.0207018
 0.0671634 -0.0298575
-0.509653  -0.12999
-0.000129058    -0.462992
-0.000577816    0.0162752
-0.247965 0.0382573
-0.483664 -0.453091
 0.362822 0.0301412
-0.164304 0.0256333
  -0.512228 -0.00184115
-0.00102723   0.0159541
  -0.508468 -0.00200248
-0.225978 0.0211804
-0.124313 0.0423904
-0.295083 -0.426565
-0.313945 0.0128062
 0.308322 0.0695028
0.0682883 0.0390081
-0.294921 -0.426688
-0.258957 0.0253363
-0.253415 0.0395459
  0.286873 -0.0247343
-0.313977  0.012774
 0.0672595 -0.0277706
-0.803953 0.0266261
-0.649353 0.0286286
 0.479401 0.0130396
 0.431579 0.0216354
-0.622336 -0.138033
-0.622918 -0.137646
-0.501497 0.0453734
-0.253512 0.0393209
-0.483826 -0.452925
 0.479433 0.0130719
-0.508625 -0.135646
-0.217989 0.0223677
-0.358195 0.0413451
  0.286647 -0.0248307
-0.108342 0.0395928
 0.131637 0.0198788
0.0430491 0.0136435
-0.343132  0.034252
-0.679134  0.050367
 0.27861 0.030585
-0.108149 0.0394643
-0.529876 0.0451784
-0.261535 0.0126041
0.224913 0.014045
 0.124501 0.0143865
-0.233293 0.0224036
 -0.64984 0.0256136
-0.625456  -0.44201
-0.234904 0.0225325
0.132343 0.016571
 0.0680315 -0.0400677
 0.350443 0.0191238
-0.649988 0.0255489
-0.625381 -0.328461
-0.409766 -0.322812
 0.0679031 -0.0402282
 0.337929 0.0463211
-0.620889 -0.253287
 -0.625566 -0.0992916
-0.151037  -0.39648
 -0.67049 0.0493151
-0.409146 -0.322571
 -0.626017 -0.0997144
-0.234323 0.0181287
-0.529798  0.045049
 0.303764 0.0688546
-0.282839 0.0306189
-0.832824 0.0520724
-0.626021 -0.213833
-0.0463572  0.0357952
 0.349989 0.0187374
   0.373867 -0.00325298
0.0562929 -0.109503
-0.625181  -0.31707
-0.278456 -0.128852
-0.253801 0.0371667
  -0.1175 0.0423887
 0.218863 0.0374735
-0.541256 0.0332624
-0.00208781   -0.159155
 -0.536366 -0.0240142
-0.0708771  -0.430419
-0.493015 0.0168213
-0.0314274 0.00943785
-0.217409 0.0222069
-0.293562  -0.42726
 0.423058 0.0213093
 0.445048 0.0105142
-0.643196 0.0227882
0.294821 0.032329
-0.145405 -0.402318
 0.178424 0.0184721
-0.233937 0.0224359
 0.422993 0.0213092
-0.231682 0.0253925
-0.390438 -0.116213
-0.0015089  -0.068639
0.0886854 -0.394524
0.0107989 -0.224881
 -0.654555 -0.0273359
0.00601125  -0.242199
-0.00211992   -0.158641
-0.623454 -0.314917
-0.0542239  0.0396165
  0.08846 -0.394709
-0.716549 -0.101784
 0.338509 0.0439715
-0.040514 0.0374643
 -0.645632 -0.0992856
 0.225177 0.0353546
-0.791512 0.0230958
-0.503084 -0.131296
-0.626686 -0.203178
0.0867198 -0.468122
 -0.72721 0.0511934
-0.647287 -0.445015
  -0.531915 -0.00930718
 0.257865 0.0362039
-0.00212177   -0.248379
-0.00190072   -0.387528
-0.321554 0.0396471
 -0.10468 0.0410692
-0.626552 -0.431009
-0.137746 0.0320839
-0.310033  0.013095
 0.328017 0.0281608
-0.288966 -0.400074
 0.286588 -0.125067
   0.373186 -0.00386488
 0.178296 0.0184078
    0.304118 -0.000482574
-0.716983  -0.21835
-0.710689 -0.145144
-0.252575  0.036491
-0.548702 0.0206592
-0.0952037  -0.318144
-0.714486 -0.140184
 0.198524 -0.450317
 0.249702 0.0279054
-0.0403535  0.0374963
 0.444107 0.0214474
-0.210452 0.0215626
-0.0530991  0.0275127
 0.310002 0.0173421
-0.0957857  -0.319775
  0.070376 -0.0413202
-0.289965 -0.398983
 -0.626139 -0.0892434
0.261119 0.026591
-0.167647 0.0142945
 0.0703439 -0.0414486
-0.791549  0.023161
-0.289131 -0.400611
  0.280219 -0.0102915
-0.716941 -0.207333
-0.730495 0.0217788
 -0.28671 -0.402469
-0.137424 0.0316985
 -0.536524 -0.0251132
-0.019942  -0.46833
 0.283772 -0.249996
 0.215867 0.0363475
 -0.709811 -0.0253696
0.0408553 -0.470627
 0.438214 0.0172848
 0.0884333 -0.0733733
 -0.711838 -0.0863606
 -0.50279 -0.131198
 0.337077 0.0290661
 0.258899 -0.437218
 0.110106 0.0189772
-0.291458 -0.393514
 -0.712633 -0.0828526
0.00256809  0.0216682
 0.265407 0.0178782
-0.648643  -0.44483
-0.0651108  -0.435688
0.444172 0.021512
-0.648983 0.0466561
 0.344649 0.0243372
 -0.655556 -0.0814053
 0.313601 0.0777807
-0.153824 -0.400672
-0.145212 -0.402353
0.00736024  -0.228424
 0.0695412 -0.0424118
 0.322978 0.0769869
-0.0928737  -0.393002
-0.492525 0.0159171
-0.197621 -0.384398
 0.100147 0.0234394
0.128005 0.022608
 -0.49717 0.0297715
  -0.531335 -0.00969484
 0.451073 0.0154185
 -0.532474 -0.0038134
 0.0710501 -0.0392011
 -0.23723 0.0390241
-0.0252035  -0.245429
0.0897868 -0.468066
-0.503196 0.0449554
-0.0219254  0.0257455
  -0.266502 -0.00443741
-0.409609 -0.442634
 0.265762 0.0177496
-0.0221178  0.0140924
-0.141442 0.0305109
 0.198394 -0.450124
 0.207296 0.0192804
0.110395 0.018913
0.00739239  -0.228553
-0.391552 0.0273214
0.0563891 -0.109021
-0.198478 0.0328387
 0.398558 0.0111167
 0.0710179 -0.0389443
-0.254289 0.0461058
-0.538023 0.0273121
0.108307 0.023023
-0.797913 0.0322899
-0.090422 -0.428811
-0.501801 0.0105921
-0.0253643   -0.24531
-0.703027 0.0485216
-0.213317 0.0150395
 0.364017 0.0226062
 0.334431 0.0428419
 0.308808 0.0244202
 0.398428 0.0109233
-0.530626 -0.052807
 -0.29873 0.0341323
0.0883887  -0.17305
-0.651071 -0.317023
-0.290512 -0.392322
-0.211032 0.0217556
 0.195481 0.0185392
 -0.317207 -0.0638791
-0.823244 0.0506509
-0.565603 -0.145266
-0.692027 0.0410041
-0.730395 0.0217463
-0.0251181  -0.157678
 -0.80805 -0.390649
-0.629738 -0.397256
-0.409666 -0.231536
-0.0733345  -0.434499
-0.346107 0.0270099
  -0.6495 -0.319104
0.0426938 -0.434003
0.0890745 -0.255605
 0.053516 0.0197114
 0.260568 0.0159479
  0.106701 -0.0226695
  0.348282 -0.0381507
-0.0267139  -0.243402
-0.152338 -0.400093
-0.0205768  0.0121984
-0.409729 -0.337274
-0.389832 0.0257418
-0.427625 0.0435911
-0.0643688   -0.43554
-0.0530027  0.0267421
-0.649429 -0.319247
0.0854751 -0.361182
-0.344397 0.0385024
 0.390866 0.0135959
 0.200985 0.0128527
-0.0195545  -0.467655
 -0.625178 -0.0187586
-0.518799  0.038801
-0.119631 -0.308786
    0.45739 0.000258084
-0.290836 -0.224914
-0.119694  -0.30847
 0.231992 -0.410305
-0.282578 0.0240896
-0.236586  0.038638
 0.450715 0.0152249
  0.457488 0.00412936
0.0535803 0.0201608
0.0408303 -0.442173
-0.620811 -0.025948
-0.301505 0.0232916
0.350679 0.039569
0.0857329 -0.361218
 0.352595 0.0456882
 -0.55809 -0.311242
-0.110883  -0.31628
 -0.651418 -0.0845416
-0.520707 0.0388674
 0.364179 0.0226706
 0.0635033 -0.0362784
-0.806689 -0.324966
-0.600155 0.0461042
  0.361746 0.00972469
-0.538384 0.0396279
 0.0680621 -0.0260691
-0.362877 -0.318407
0.000224739  -0.0797182
-0.213672 0.0146861
-0.650583 -0.316962
 0.195577 0.0185071
 0.350841 0.0395369
0.00995147  0.0309138
  0.31636 0.0562181
  0.427993 -0.0777436
 0.391292 0.0257102
0.411554 0.024592
 0.137262 0.0235086
-0.0923955  -0.313147
 -0.29054 -0.303518
0.000321056  -0.0797182
-0.290929 -0.303617
  -0.62364 -0.0864493
 0.234156 -0.409567
 0.420101 0.0234679
 0.402945 0.0213331
-0.0249492     -0.255
  0.20794 0.0195054
-0.159317 0.0143578
-0.0922026  -0.313312
0.0888467 -0.431788
 0.0614158 -0.0327144
  0.273526 -0.0583394
-0.409108 -0.336991
-0.0253993  -0.254864
 0.207811 0.0157135
-0.0254636  -0.254803
-0.823784 0.0382245
  -0.254277 0.000578705
 0.325359 0.0122935
-0.652354 -0.199886
-0.541668 -0.154274
-0.111655 -0.315663
-0.435586  -0.11667
 0.207682 0.0160349
0.00685184  -0.296791
 -0.623535 -0.0867407
 0.237256 0.0187079
0.0415012 -0.434738
-0.0235248  -0.470125
-0.086428 -0.413607
 0.131155 0.0252419
 -0.515745 -0.0941525
-0.179488 0.0261505
-0.564658 -0.192871
 0.263506 -0.104753
-0.798537 -0.212531
 0.354926 0.0445308
 -0.378676 -0.0910768
-0.544339 -0.158526
 -0.51989 0.0406437
 -0.777633 0.00869315
-0.619501 -0.083198
-0.0929689  -0.427909
  0.351615 -0.0343856
 -0.624941 -0.0190177
  -0.262598 -0.00125399
-0.561106 0.0400069
-0.485811 0.0370274
 0.263571 -0.104721
  0.108508 -0.0598577
 0.402945 0.0212364
 0.354596 0.0358041
0.081041 -0.43251
-0.645955 -0.214382
-0.0742062  -0.434982
-0.748148 0.0497334
-0.558061 -0.199615
-0.0891622  0.0272592
  0.102654 -0.0294765
0.0411683 -0.380935
 0.078492 -0.255975
-0.623851 -0.366523
-0.217639 0.0361874
0.0418837 -0.234009
 0.0947277 -0.0672727
 0.378217 0.0244479
0.0748872 -0.253372
-0.0874919  0.0266168
-0.285655 0.0446769
-0.0732378  -0.434512
 -0.322905 -0.0268391
0.0420123 -0.233976
-0.798277 -0.342864
0.0431778 0.0211876
 -0.48666 0.0369959
-0.646104 -0.214415
0.0411544 -0.312896
 0.184537 0.0137825
  0.40496 0.0258458
-0.345588 0.0243698
0.0270939  0.026163
 0.409538 0.0209813
-0.376623 -0.134564
 0.184859 0.0137825
   -0.262598 -9.64607e-05
 -0.619501 -0.0788878
-0.798328 -0.342842
-0.0706638  0.0316237
-0.552538 -0.528101
  -0.62073 -0.0798628
-0.547789 0.0362748
-0.0914809  -0.425694
-0.544447 -0.175337
 0.031299 0.0119418
-0.213692  -0.10241
-0.786619 0.0167406
0.0926955 0.0279339
 0.138162 0.0238299
-0.538221 0.0398541
-0.519362 0.0205148
-0.798896 -0.331884
-0.142182 0.0303826
-0.556053 0.0269367
-0.544366 -0.175466
-0.756065 0.0481852
-0.012391  0.013675
-0.627547 0.0543391
0.0474477 0.0149919
-0.361006 -0.332327
 -0.41415 -0.443131
0.0694105 0.0209323
  0.356703 -0.0377697
0.321034 0.074055
-0.296948 0.0210383
0.011781 0.011139
 -0.52174 0.0100802
 0.321001 0.0739906
0.0552781 -0.467146
0.0740021 0.0136125
-0.565657 -0.255234
 0.078492 -0.256007
0.0474477 0.0150882
-0.408284 -0.147875
-0.527233 0.0117296
 0.335812 0.0232394
 0.242996 0.0282569
 0.26156 -0.43806
-0.806525 -0.272594
 0.414833 0.0173411
-0.783713 0.0211679
-0.645923 -0.250468
-0.646543 -0.250626
-0.143893 -0.403909
 0.201824 0.0258666
-0.360876 -0.332398
 -0.54483 -0.377781
-0.712922 -0.260427
0.0783838  -0.27664
 0.224014 0.0263867
0.0806202 -0.469298
 0.471477 0.0212988
-0.133183 0.0410116
 -0.797908 -0.0919653
-0.625806 0.0196338
-0.791899  0.048833
 -0.776212 0.00042324
 0.110364 0.0237618
0.0741948 0.0133878
-0.545501 -0.508699
0.0773903 -0.247311
 0.392363 0.0264196
-0.0481871  0.0325206
0.0747908 -0.253436
 0.179584 0.0235161
-0.0639549  -0.439653
 -0.54182 -0.162531
-0.0339825  -0.152921
0.0901343 -0.253923
 0.376141 0.0234162
 0.202532 0.0240352
-0.0322626  -0.290425
-0.555462 -0.210466
-0.640804 -0.303631
-0.556659 0.0368976
-0.607674 -0.377114
-0.630045 -0.252743
-0.640847 -0.312213
 -0.797994 -0.0917699
-0.558879 0.0265182
 -0.678339 -0.0929561
 -0.830063 -0.0959595
-0.0523294  0.0379789
-0.224125 -0.275389
-0.440655 -0.112551
  -0.2244 0.0237513
-0.786699 0.0168383
 0.298824 0.0259931
-0.649622 -0.433317
 -0.6439 0.018769
 -0.716624 -0.0856915
-0.212447 0.0128863
  0.23044 -0.445243
0.0414127 0.0326486
 -0.40923 -0.148878
