1795.6 1716.2
3537.5 1985.9
3537.4 1985.2
2193.1 1823.8
3671.4 1861.5
1831.6 1848.9
2307.8 1827.7
2399.8   1826
2922.4 1806.2
2444.2 1811.5
3553.1 1928.9
3637.2 1765.6
2790.8 1600.5
1502.8 1852.1
2791.3 1600.4
  3637 1765.6
2790.5 1648.4
2800.2 1620.4
1838.4 1855.6
2704.6 1851.6
2298.8 1851.7
3433.9 1815.4
1941.6 1841.3
2377.5 374.29
2128.4 476.93
1852.8 1798.7
  2527 265.51
  2445 1812.1
3225.6 1769.9
  1864 1839.7
2527.1 265.42
2905.2 1814.7
3554.3 1929.1
1965.5 1824.8
1834.8 1797.4
2172.6 1821.3
152.82 1886.3
2803.4 1620.4
2774.8 1382.3
1751.5 1762.1
1500.9 1850.4
1015.2 1325.3
3627.2 408.79
1834.7 1804.6
3221.7 342.61
3444.2 1802.1
1885.3 1784.1
2801.1 1635.1
2280.6 1855.6
1841.1 1792.4
2801.2   1635
1014.7 1325.7
2591.6 293.01
2590.2 1778.7
1820.7   1847
1100.8 331.06
3718.7 1821.6
2080.5 1807.8
1006.2 1722.3
2588.8 1777.7
1017.7 1721.8
1888.9 1793.9
2204.9   1860
1678.6 407.61
1616.3 1767.8
3550.2   1944
2804.7 1849.5
1679.1 407.23
1786.6 1806.8
1803.8   1851
3483.9 1651.1
1616.2 1767.7
2801.5 1641.5
125.14 1809.7
589.18 1816.3
4077.3 1768.4
3930.5 1795.1
671.79 1302.1
670.02 1303.3
1039.1 1868.5
1803.5 1850.3
1100.3 331.57
4077.4 1768.5
1017.9 1308.2
1913.7 1797.6
1479.6 1856.4
3483.2 1650.8
2254.6 1851.3
3001.9 1789.9
2726.1 1770.5
1526.1 1834.4
499.33 1883.2
3458.3 1823.1
2255.2 1850.9
952.35 1867.8
1778.6 1767.2
3291.8 1771.7
2979.7 1772.8
1866.2 1797.7
587.7  1807
670.18 369.85
1861.2 1798.1
3004.1 1779.6
2803.9 1603.2
3680.5 1787.4
587.25 1806.8
666.53 716.71
1323.7 728.84
2803.5 1602.7
3641.8 1871.9
678.18 947.27
661.59 1421.6
2123.5 498.16
525.4  1880
1325.6 729.57
660.23 1420.3
  1863 1784.4
952.59 1867.4
3536.1   1942
1712.6 1823.2
39.423 1887.6
661.82 1068.7
2447.6 1839.5
3679.1 1786.2
3752.8 1717.9
2767.3   1387
666.81 751.61
1726.5 1327.5
1802.6 1843.6
2226.1   1860
  3273 1844.6
917.58 1830.9
2585.5 1232.5
932.48 1653.7
2372.2 393.21
  1065 1780.1
2494.1 1757.4
1915.5 1797.1
1683.3 405.45
3904.3 1794.1
3971.9 1760.6
607.79 1798.3
3508.5 1828.5
  2141 480.14
3147.4 1785.5
1864.2 1797.8
3904.1 1794.1
1871.2   1807
1380.5 1367.4
2587.3 1514.2
2867.2 503.75
2625.6 1028.3
573.45 1643.7
2610.7 974.56
2585.4 1234.1
671.97 758.16
2423.1 1851.4
2866.5 503.18
 387.1 1414.8
3643.6 1864.6
2465.8 1844.7
600.85 1421.8
3292.6   1838
 162.2 1798.9
1034.8 1321.6
659.61 1101.5
2860.7 277.53
354.69 1885.5
604.49 361.57
946.05 1699.2
  3394 1840.6
2585.4 955.39
2586.1 525.08
1592.8 1851.2
  2266 1855.9
666.45  403.4
2163.1 1827.9
1628.4 1768.7
3611.2 1815.5
  1697 488.87
3482.7 1339.3
3750.7   1716
  3147 1785.3
3537.3 1726.5
387.69 1056.7
405.25 1281.4
1806.4 1841.5
894.84 1791.9
2296.2 739.52
393.77 1296.7
3206.9 333.21
3368.7 1814.8
2466.3 1844.8
  3969 1794.5
1937.1 1795.1
2426.6 1813.7
3555.5 1781.9
2294.4 734.48
2811.2 1599.3
1693.9 492.24
659.77 1452.6
3404.1 1810.7
2070.1 1772.5
2811.1 1598.9
162.09 1799.1
1696.5 487.22
3463.3   1696
387.58 1090.5
344.72   1795
  1704 481.47
2164.1 1826.7
   932 1650.3
2530.2 276.65
  3473 951.86
3263.7 1841.1
406.86 1649.9
2718.6 269.65
3950.9 1781.6
2867.4 1499.5
401.11 1462.2
1035.7 1321.9
3639.2 1818.3
3393.6 374.29
2934.9 1787.1
1689.2 509.08
398.69   1473
  2600 1795.5
3417.4 1783.6
 600.4 362.19
2390.1 376.99
3969.2 1794.7
590.36 1871.9
3662.6 1803.6
570.7  1477
3566.5 1969.7
2114.9 485.28
2141.6 480.03
2614.9 1017.3
2808.6 1595.9
3595.5 1967.2
2303.8 508.46
1066.5 1777.3
1979.1 535.83
2903.9   1801
2990.6 1798.4
1052.3 1820.2
947.82   1698
3990.4 1775.8
944.34 1716.2
2813.3 1605.9
  1854 1849.4
2513.6 964.55
2870.2 277.72
1033.9 1867.2
2523.7 1808.2
1763.2 1714.2
1326.9  360.9
3418.5 1783.2
2523.1 1771.9
2151.6   1823
3206.5  333.8
3237.1   1788
2935.8 1786.9
  2615 1016.9
1376.7 1812.8
2767.6 1388.5
1974.3 1830.2
3828.9 1762.5
2813.2 1606.7
1801.1 1871.4
927.43 1812.5
2929.3 1799.7
143.15 1827.1
2311.6 398.25
1038.1 1760.8
2513.1 964.92
427.35 1877.4
1928.2 1774.8
3722.4 1798.2
  3631 1861.1
3551.8 1803.9
3828.5 1761.9
950.09 1564.6
1663.4 1834.1
2867.1 1189.4
588.61  752.5
1692.1 512.73
1935.3 1795.7
3200.4 1785.7
1606.3 1529.5
67.864 1883.3
844.18 1279.1
460.43 1854.3
345.02 1794.9
2513.8 1237.1
121.49 533.64
655.59 506.46
1322.5 1010.5
2364.6 380.68
1516.9 1811.9
593.41 746.08
2724.4 382.09
  2869 933.13
2758.7 1789.4
3402.4 1777.6
2924.3 1657.4
3673.8 1609.5
2508.9 970.84
2119.5 487.05
2527.9   1766
1324.1 684.31
  1382 1807.9
1265.7 1863.2
2392.4 377.44
2426.9 1811.3
593.63 745.64
2857.4 606.53
1522.2 1847.6
3805.2 1770.2
3217.5   1768
2531.4 278.72
662.34 1670.1
986.17 1848.1
2220.3 768.58
4009.8 1728.8
1688.9 1029.6
2220.1 769.56
3310.9 456.54
1713.4 1802.9
  1856 1848.2
3989.3 1775.2
4010.1 1740.8
2758.9 1790.8
2718.6 356.98
675.59 1647.9
1654.8 1800.4
3681.2 1850.9
2858.2 606.42
3687.1 1869.9
 870.1 767.71
2247.5 745.36
583.23 1467.3
980.34 1848.3
3722.9 1798.4
2789.8   1615
 122.9 733.35
738.33 1870.4
3715.4 1758.2
926.36 1850.6
  2804 1646.8
1467.8 741.57
2592.7 1479.7
1927.1 1773.7
590.08 752.67
3200.7 1785.6
3681.7 1850.8
  2623 1824.3
3575.1 1902.7
3919.3 1486.9
3806.5 1807.8
3868.9 1804.3
3019.4 1801.2
2304.9 754.96
1690.7 786.44
  2593 1479.7
1689.5 786.14
667.32 1461.2
3317.6 458.84
3895.2 1800.8
3842.4 1794.2
2514.4 934.87
3239.1 1788.7
  2096 1772.7
2305.5 754.45
2867.5 389.09
2783.3 1626.1
3442.5 1546.6
  1326 685.17
  2513 935.29
3238.7 1776.9
2512.8 935.48
66.195 1845.2
1801.1 1729.8
  3603 1766.2
581.93 1112.1
917.21   1251
2245.1 747.27
1241.6 1366.3
3238.3 1777.9
2613.3 805.38
667.64 1460.3
3330.1 1786.2
2720.7 379.83
2519.1 271.15
2323.9 444.99
3000.4 1806.6
995.78 1436.6
2033.3 1809.4
847.71 1132.2
3411.3 1402.3
143.76 1076.4
3694.3 1866.3
1416.6 1445.3
909.12 1237.9
982.84 1853.8
203.59 1754.7
679.84 1471.2
2303.7 401.04
3684.1 1621.2
663.06 1669.3
1775.3 1724.1
857.08 1851.7
1087.1 1842.7
3411.5 1402.4
2929.9 1541.6
3842.4 1793.9
3693.3 1839.2
2843.3 386.83
601.54 1067.4
2361.9  379.2
 291.9 1880.9
 867.9 1111.3
2314.3 1812.9
2911.7 1636.2
2719.8 545.45
2836.1 931.95
672.33 600.16
1914.8 1840.6
2722.3   1000
  2887 1518.5
3766.2 1803.9
2824.9 940.01
2319.5 1810.9
1703.9 1866.9
2364.9 380.64
1588.6 1644.6
2722.7 1000.1
148.56 678.53
2726.5   1794
1084.5 1842.6
601.09 1067.3
2719.9 755.58
3166.4 1770.9
3848.6 1808.2
1518.5 1803.7
2676.4 1809.5
3862.7 1793.1
1423.2 1310.4
3167.4 1770.9
1775.3 1727.7
679.81 1484.5
148.41  678.6
2371.9 1826.5
894.14 105.23
676.09 1481.5
897.66 1840.2
2308.3 407.84
909.01   1186
2689.5 1765.2
1927.2 1409.4
176.78 1779.4
2880.7   1815
3022.2 1802.2
926.86 1851.3
984.41 1791.5
146.31 711.99
2149.3 1822.6
872.44 1811.3
909.26 1185.6
268.19 1876.1
2553.4 1770.6
655.28 1895.7
2739.8 1774.7
1473.8 698.63
 1313 359.5
2808.2 1793.2
3699.8 1610.7
3589.5 1958.1
1668.9 1793.4
2628.7 1762.7
977.13 1759.2
3589.4 1957.9
2763.3 280.37
2822.5 1770.4
845.81 940.09
2836.1 931.85
2739.8   1775
1325.8 1269.4
960.35 1764.3
3635.3 1800.2
3347.9 1815.9
3401.8 371.75
121.63 893.05
  3879 1781.8
185.46   1793
602.41  956.5
600.54 956.03
2145.7 475.23
3220.1 1808.5
1474.2 698.41
912.23 563.26
400.9 927.6
2835.7 867.91
  3289 1810.1
2841.8 273.89
4053 1794
2177.3 1855.7
143.58 1445.8
660.44 1788.6
161.15 1877.9
207.83 1729.3
2935.7   1802
2823.1 1769.7
914.69 163.85
2832.7 958.81
3809.8   1810
2441.9 1829.3
2824.6 939.81
  3151 1801.2
2393.7  364.8
916.85 1225.5
2486.2 1251.9
2872.3 938.35
3759.8 1800.7
3222.3 1802.8
2491.7 825.11
875.99 1077.8
619.22 793.24
870.62 1842.1
721.59 567.25
650.46 949.15
619.33 766.94
143.32 1446.4
863.83   1810
502.02 1441.6
47.996 1433.9
  2429 1846.3
1895.9 872.68
  1226 1379.1
1893.8 1801.9
176.54 1779.7
3520.9 1808.8
596.99 397.27
605.65 1785.9
386.72 1464.3
1930.9 1768.1
3305.6 349.22
  2721 1829.7
1322.9 1266.3
