  0.021251 -0.0134825
 0.586752 0.0892412
 0.586752 0.0892412
 0.154655 0.0222588
 0.665571 0.0374664
0.0316528 0.0304971
 0.192424 0.0236473
  0.22353 0.0233332
  0.40369 0.0170151
0.238513 0.018451
 0.593516 0.0674965
  0.658034 0.00356728
  0.358723 -0.0525204
-0.0763158   0.031207
  0.358723 -0.0525204
  0.658034 0.00356728
  0.358613 -0.0364506
 0.362022 -0.045921
0.0339643 0.0326482
 0.326433 0.0322153
 0.185056 0.0315494
 0.581977 0.0207421
0.0695073 0.0277066
 0.219388 -0.462905
 0.137978 -0.424579
0.0394213 0.0137076
 0.272625 -0.499634
0.238513 0.018451
  0.510463 0.00478034
 0.042825 0.0274157
 0.272658 -0.499729
 0.397651 0.0198165
 0.593516 0.0674965
0.0771499 0.0222813
0.0336426 0.0131617
  0.14816 0.0215832
-0.512936 0.0413799
  0.363027 -0.0458896
   0.3531 -0.126386
0.00693376 0.00147663
-0.0767332  0.0305328
-0.232337 -0.141042
  0.65722 -0.469027
0.0332895 0.0157941
 0.510651 -0.486104
 0.585987 0.0159871
  0.050626 0.00902087
   0.36231 -0.0410582
 0.179554 0.0332186
0.0354083 0.0117492
   0.36231 -0.0410582
 -0.23253 -0.140849
 0.290904 -0.494372
  0.290454 0.00739804
0.0278645  0.029598
-0.197576 -0.463167
  0.68402 0.0231415
 0.118942 0.0167945
 -0.233967 -0.0116035
  0.289937 0.00691551
 -0.229585 -0.0115387
0.0518462 0.0122312
 0.155687 0.0343365
-0.00990101   -0.443098
-0.0356008 0.00337068
 0.591684 0.0731269
 0.361105 0.0315251
-0.00990101   -0.443098
0.0175914 0.0164679
0.0221503 0.0308819
  0.599527 -0.0363576
-0.0356008 0.00337068
 0.362341 -0.038675
-0.515663 0.0161842
-0.368553 0.0185823
  0.821836 0.00482647
 0.766019 0.0140596
-0.342458 -0.147573
-0.343105 -0.147156
-0.228689 0.0360953
0.0221503 0.0308819
-0.197576 -0.463167
  0.821836 0.00482647
-0.232023 -0.146385
0.0595521 0.0133872
-0.0844735  0.0324923
 0.599067 -0.036519
 0.170352 0.0314491
  0.43151 0.0112851
  0.336455 0.00476374
-0.068608 0.0249775
-0.403281 0.0403152
 0.589906 0.0235302
 0.170352 0.0314491
-0.257252 0.0357213
 0.0155689 0.00324219
   0.53383 0.00542944
  0.424029 0.00567393
0.0441407 0.0133225
-0.369006 0.0158771
-0.345364 -0.450872
0.0437555  0.013483
  0.432518 0.00786748
  0.363194 -0.0518158
 0.669658 0.0112897
-0.369006 0.0158771
0.0413379  -0.23561
-0.124543 -0.334731
  0.363129 -0.0520412
 0.654751 0.0413456
-0.341059 -0.262504
-0.345486 -0.108937
 0.136441 -0.417082
   -0.395 0.0395033
-0.124092 -0.334481
-0.345876 -0.109421
  0.044558 0.00918126
-0.257284 0.0356249
 0.586812 0.0721135
-0.00561769   0.0218608
-0.547285 0.0413182
-0.346058 -0.223228
 0.239869 0.0277736
 0.669658 0.0112897
 0.696163 -0.013507
 0.350634 -0.124704
-0.345258 -0.326397
0.00783628  -0.140539
0.0219255 0.0285384
 0.162633 0.0346596
 0.523724 0.0306628
-0.264279 0.0237302
  0.28944 -0.176007
 -0.259509 -0.0339538
 0.217771 -0.456298
 -0.214637 0.00723062
   0.259147 0.000225065
0.0595521 0.0133872
-0.00841758   -0.443726
 0.756291 0.0136969
  0.782217 0.00211665
-0.362556 0.0127518
 0.608148 0.0253233
 0.142076 -0.423605
 0.483055 0.0102324
0.0437555  0.013483
 0.756291 0.0137294
0.0457461 0.0163402
-0.109248 -0.127429
  0.290047 -0.0815516
0.385444 -0.42605
 0.302417 -0.245046
 -0.373912 -0.0371689
  0.2975 -0.26311
 0.289277 -0.175459
-0.343364 -0.324111
 0.227979 0.0319164
0.385444 -0.42605
-0.433034 -0.110661
 0.655079 0.0388164
 0.245962 0.0292866
-0.364764 -0.108714
 0.531547 0.0283095
-0.503959  0.012821
-0.225633  -0.14219
-0.346506 -0.212505
 0.383163 -0.503883
-0.449688 0.0410948
-0.366144 -0.453035
 -0.254924 -0.0193226
 0.566671 0.0294349
 0.289143 -0.269251
 0.289211 -0.414974
-0.0466137   0.030819
 0.174117 0.0332813
-0.346421 -0.439731
 0.144784 0.0236383
-0.0317484 0.00356327
 0.648051 0.0209111
-0.00377127   -0.416016
 0.598985 -0.145366
 0.696163 -0.013507
 0.483055 0.0102324
   0.618656 -0.00987957
-0.433793 -0.226178
-0.427455  -0.15355
0.0232416 0.0278964
-0.270956 0.0109334
 0.193044 -0.338756
-0.430793 -0.148845
  0.50533 -0.489261
 0.560591 0.0204069
 0.245962 0.0292866
 0.780445 0.0139691
0.0674512 0.0125207
 0.232325 0.0189961
  0.629214 0.00887814
 0.192695 -0.340556
  0.365723 -0.0531387
-0.00483485   -0.414837
 -0.346052 -0.0988536
 0.572905 0.0191195
   0.11531 0.00507353
  0.365626 -0.0532352
-0.503959  0.012821
-0.00370684   -0.416504
  0.592174 -0.0209422
 -0.43358 -0.215176
 -0.44622 0.0117723
-0.00154727    -0.41858
0.145042 0.023285
 -0.259638 -0.0349507
 0.273739 -0.496107
 0.596436 -0.280358
0.518618 0.029399
 -0.426188 -0.0351422
 0.334092 -0.504563
  0.773947 0.00921288
  0.385255 -0.0868974
 -0.428251 -0.0953892
-0.225601 -0.142029
 0.658273 0.0219554
 0.572228 -0.478138
 0.408235 0.0105064
-0.00615572   -0.409339
 -0.429579 -0.0920042
 0.293652 0.0129311
  0.578455 0.00977142
-0.366955 -0.452669
 0.223496 -0.462126
 0.780445 0.0139691
-0.372841 0.0366528
 0.660918 0.0171246
 -0.374816 -0.0910383
  0.59908 0.0830202
 0.133677 -0.421458
 0.142076 -0.423605
 0.299099 -0.248912
  0.364816 -0.0542329
 0.610313 0.0824309
 0.195477 -0.416326
 -0.214025 0.00594514
0.0899246 -0.402904
 0.397293 0.0151764
 0.427608 0.0144438
-0.219889 0.0202149
 -0.254698 -0.0197406
  0.788619 0.00742629
 -0.255568 -0.0134391
  0.366401 -0.0506269
0.0399999 0.0302407
 0.265172 -0.265281
 0.386622 -0.503872
-0.230236  0.035678
 0.267698 0.0172034
 0.0109464 -0.0142849
-0.124534 -0.455369
  0.578455 0.00977142
  0.268503 0.00517711
 0.141184 0.0220961
  0.50533 -0.489261
 0.514356 0.0111444
 0.408235 0.0105064
 0.299099 -0.248912
-0.110941  0.017757
 0.350116 -0.124607
0.0787237 0.0240794
  0.728394 0.00263275
  0.366369 -0.0504659
0.0203206 0.0377521
-0.260761  0.017652
 0.406255 0.0147922
-0.510174 0.0216085
 0.197925 -0.453835
  -0.224075 0.000771341
 0.265172 -0.265281
-0.425897 0.0386242
 0.0649142 0.00597134
 0.689059 0.0149647
 0.650447 0.0375788
 0.626378 0.0166209
  0.728361 0.00250274
 -0.254268 -0.0629883
-0.0230489   0.024975
 0.385037 -0.192164
-0.369674 -0.325487
-0.00422185   -0.407682
0.0669695 0.0126812
 0.501539 0.0101722
-0.0333579 -0.0742286
-0.538361 0.0398219
-0.287131 -0.155473
-0.415782 0.0308154
 -0.44622 0.0117723
   0.2655 -0.173921
-0.518084 -0.393675
-0.437359 -0.434247
-0.124322 -0.242804
0.215363 -0.46056
-0.393401  0.024358
-0.368062 -0.327766
  0.33601 -0.466008
 0.385641 -0.279295
 0.347429 0.0110423
  0.575793 0.00724715
  0.404542 -0.0334514
  0.667346 -0.0515814
  0.26384 -0.263331
 0.135192 -0.420834
  0.270116 0.00318351
-0.124508 -0.349228
-0.109463  0.016344
-0.155751  0.034465
 0.224047 -0.462119
 0.232454 0.0180962
-0.368062 -0.327766
 0.381993 -0.390792
-0.0704388  0.0295368
  0.719769 0.00558892
  0.507553 0.00426325
 0.273739 -0.496107
 -0.344974 -0.0284259
-0.246575 0.0294797
 0.168818 -0.327842
   0.795864 -0.00892692
-0.00514307   -0.238057
 0.168818 -0.327842
 0.542353 -0.447863
-0.00542505   0.0150553
0.0399999 0.0302407
  0.788619 0.00742629
   0.796702 -0.00495231
 0.347559 0.0113964
0.334023 -0.47447
 -0.340414 -0.0358923
-0.0235944  0.0141888
  0.66931 0.0336747
  0.38209 -0.390751
 0.671406 0.0407178
-0.279422 -0.322097
 0.177517 -0.336177
 -0.370152 -0.0939311
-0.248058 0.0295124
 0.689059 0.0149647
  0.358395 -0.0477538
-0.517613 -0.329528
-0.325271 0.0365274
  0.682585 0.00116837
-0.263959  0.030322
  0.362793 -0.0367108
-0.0777374  -0.331361
  0.291256 -0.0927849
 0.0643041 0.00548977
-0.369674 -0.325487
 0.501539 0.0101722
  0.66931 0.0336747
 0.299566 0.0230015
 0.602256 0.0573438
   0.75959 -0.0949976
 0.719874 0.0182942
 0.742937 0.0172352
   0.4374 0.0153819
 0.196191 -0.333638
-0.0053094  -0.317927
  0.291256 -0.0927849
-0.00556683    -0.31802
 -0.34349 -0.096208
 0.544618 -0.447263
 0.752851 0.0160375
 0.733296 0.0135886
 0.265529 -0.275309
 0.514356 0.0111444
  0.124051 0.00542702
 0.196191 -0.333638
 0.385471 -0.465644
  0.356416 -0.0439522
  0.584314 -0.0727237
-0.123863 -0.349062
 0.265529 -0.275309
  0.514159 0.00733266
 0.265141 -0.275139
-0.535002 0.0276009
  0.0228881 -0.00914883
  0.645102 0.00379281
-0.371075 -0.208911
-0.264254 -0.164865
 0.176902 -0.335543
-0.152397 -0.127239
  0.514191 0.00755879
 0.298287 -0.320499
 -0.343425 -0.0964656
0.547432 0.010604
 0.334746 -0.466642
 0.270017 -0.497752
 0.201999 -0.438145
 0.430991 0.0171532
-0.238896 -0.104625
0.104291 0.017339
-0.286052 -0.202957
 0.572809 -0.122749
-0.509406 -0.218876
0.673591 0.039163
-0.0974078  -0.102097
-0.266813 -0.169316
-0.246801 0.0309587
  -0.491379 -0.00161425
 -0.339211 -0.0928838
 0.195203 -0.452728
  0.670487 -0.0474655
 -0.344651 -0.0288121
  0.014927 -0.0110748
-0.287973 0.0302351
-0.212064 0.0278617
0.573039 -0.12275
  0.406369 -0.0729067
 0.733296 0.0135886
 0.673514 0.0295908
 0.377226 -0.465978
-0.365062 -0.223364
 0.214491 -0.460898
-0.468881 0.0394983
-0.279511 -0.210003
  0.19165 0.0184743
  0.401722 -0.0405073
  0.33442 -0.409964
 0.374529 -0.279404
-0.343557 -0.375391
0.0606126 0.0275774
 0.33526 -0.25551
 0.391638 -0.080493
 0.705003 0.0168886
 0.370553 -0.276548
  0.19165 0.0184743
-0.0106257   0.035954
0.215363 -0.46056
-0.0397114 -0.0367579
 0.33526 -0.25551
-0.509067 -0.347061
 0.336424 0.0125853
-0.212064 0.0278617
-0.365224 -0.223365
 0.334451 -0.338398
  0.48955 0.0051654
 0.735266 0.0187263
-0.0658136  0.0151211
 0.317728 0.0177946
 0.740899 0.0132994
-0.0892699  -0.145357
  0.489518 0.00506854
  0.0149269 -0.00991919
 -0.339722 -0.0885687
-0.509067 -0.347061
 0.214124 0.0232988
-0.274874 -0.539812
 -0.34063 -0.089504
-0.274832 0.0264348
 0.196844 -0.450616
-0.266915 -0.185688
 0.324161 0.0030894
0.0702025  -0.11481
 -0.499382 0.00665197
 0.389407 0.0197813
0.438572 0.015608
-0.263959  0.030322
 -0.24167 0.0108331
-0.509568 -0.336192
 0.141184 0.0220961
-0.277799   0.01727
-0.266915 -0.185688
-0.476087 0.0378908
 0.278701 0.0046954
-0.354084 0.0448521
  0.341019 0.00614825
-0.0759838   -0.34553
-0.129056 -0.455766
 0.364533 0.0126234
   0.67626 -0.0511738
 0.607997 0.0785703
-0.0189396   0.011749
  0.303342 0.00231633
  -0.244345 0.000482197
 0.607997 0.0785703
 0.349533 -0.501477
  0.369458 0.00463755
-0.287028 -0.265752
 0.374529 -0.279404
  0.341019 0.00614825
-0.122581 -0.158087
 -0.250955 0.00225043
 0.656979 0.0154362
 0.553405 0.0207588
 0.575076 -0.478792
-0.517086 -0.277938
  0.746537 0.00962686
 -0.49641 0.0110105
-0.365408 -0.259391
-0.365408 -0.259391
  0.14376 -0.425461
 0.508374 0.0178609
-0.0759838   -0.34553
-0.267432 -0.389481
-0.429183 -0.268026
0.374024 -0.30123
 0.532033 0.0184853
 0.376614 -0.504814
  0.81323 0.0137902
 0.146715 0.0330495
-0.508786  -0.10031
 -0.345616 0.00978644
-0.510382 0.0386962
  -0.489323 -0.00942681
 0.408659 0.0155664
 0.369523 0.0043155
 -0.26799 -0.520854
 0.373153 -0.270231
 0.720907 0.0192047
  0.23787 0.0243013
 0.370553 -0.276548
 0.484068 0.0156557
 0.224845 -0.466404
-0.264336  -0.17321
 0.256579 -0.168747
0.387417 -0.27702
 0.702676 0.0159456
 0.509288 0.0159556
 0.258324 -0.311707
-0.277216 -0.221032
-0.36028 -0.31252
-0.283613 0.0273385
 -0.32742 -0.386132
-0.349845 -0.261976
-0.360228 -0.321036
-0.508786  -0.10031
-0.279961 0.0166916
-0.395928 -0.102165
-0.539095 -0.103943
 0.229782 0.0300205
0.0632112 -0.290717
-0.156961 -0.122902
  0.05297 0.0147674
 -0.499349 0.00681342
0.615428 0.018721
-0.368137  -0.44125
 -0.362912 0.00911305
 -0.432935 -0.0945271
 0.0656206 0.00349934
 0.540556 -0.485344
 0.332868 0.0247832
-0.123837 -0.159664
