1712.9
1404.23
1713.17
3.19085
2.8524
1422.05
0.719428
0.000818921
1.53861
2.57581
0.093474
2.27901
1081.39
8.60152
2174.85
1.1422
6.44566
3683.12
1.05229
3627.31
357.64
2.9501
9.83565
15.0671
328.391
3683.36
15.3796
590.858
0.176363
3.54598
0.846068
0.272924
4.56586
1649.62
3.51593
1720.46
0.450659
1.70464
0.0125525
3.33307
0.661478
0.932922
0.960769
0.02347
255.91
6.0886e-05
0.0542716
0.6094
0.0581064
2.97585
946.81
2.06279
0.26869
0.973559
0.495159
2660.6
2.85187
0.31477
0.0325213
1.18801
0.829989
0.191739
0.743471
0.892415
10.3587
4.76553
0.140124
0.688417
0.886722
2.63147
9.30345
0.588223
3.97033
1.23068
5.61768
5.42235
1.81
0.199743
0.168496
0.426863
162.361
0.275907
1.65522
3.2239
1.32108
2328.13
7.44778
11.4632
2.52668
3.83538
0.908885
0.47837
1.0589
0.859041
0.665421
0.443514
3.27169
3.54821
0.840195
69.5186
0.446308
1.25415
0.447809
2.2456
2.84599
2.83646
0.158548
0.576651
0.450243
2.14825
10.1377
0.0474048
5.25564
0.160295
2.38658
1009.63
1.0528
3.68935
1.52826
0.637957
0.683444
0.873193
0.0544425
0.146843
7.26379
0.556084
7.75906
9.14183
3.65606
0.266031
0.805423
0.748609
0.00299027
0.258221
0.71527
4.58389
0.83192
0.565884
0.431278
8.82104
0.118007
0.0355154
9.81331
0.250082
1010.75
7.70965
0.267857
0.696567
0.889112
12.1153
29.3018
5.18057
0.207904
3.15999
5.73013
0.173327
0.0590496
0.157996
0.216074
1.47556
1.26624
0.0997487
1.69564
411.471
0.470573
0.180013
0.718859
3.62355
0.258967
3.59594
0.0052273
137.545
0.237619
0.0613074
0.319263
1.28285
0.775981
3.30961
0.0158004
0.734082
0.480897
0.623908
1.69737
9.04332e-05
1.04975
2.28305
0.863164
0.507792
1.02778
11.8679
0.363721
1.33692
0.772209
0.611542
3.58148
0.7914
1.41472
0.0725168
0.240262
1.19156
0.325492
0.180596
0.0737237
2.05304
1.93503
77.1608
5.26624
0.0851004
0.658414
6.65973
4.06975
0.383697
0.0543619
280.35
1.07472
3.97025
0.377905
0.710576
0.959197
0.123078
0.693813
2.83563
2.66916
0.437575
0.0665623
1.00029
0.0240329
4.70904
0.028126
2372.44
0.811333
0.736322
1.09574
2.48254
0.122706
0.878375
19.9725
0.501229
0.20787
0.719122
1.19266
1138.53
1.71246
0.0324073
2.1965
0.191745
0.721978
0.301099
1626.57
0.694979
0.0663735
0.0969181
0.0507194
899.237
7.63373
0.286496
0.48076
2.29131
1.4788
0.0297479
2.77007
0.585188
3.56073
0.303558
1.33791
9.61788
0.0911744
0.242154
0.451965
142.646
0.771662
5.0678
1.06387
0.741864
0.0957584
0.0989109
0.108828
0.172091
1.45967
4.71212
0.388184
10.0503
0.613008
3435.2
0.118711
1.15114
3.64869
0.70211
1.81549
2.29444
1.316
1.22854
956.036
0.704646
1.1952
0.261154
3.56912e-05
33.1929
0.149237
0.546914
0.388022
0.2122
1.73533
0.408719
0.247038
464.725
214.746
0.672275
1.47663
1451.62
105.624
1.19836
0.465126
1.4998
0.027096
4.44564
0.597599
0.117299
0.19815
400.176
0.69962
0.878705
1.45759
1.02566
0.494501
0.978371
0.647063
4.86471
0.537825
0.106489
3.86242
0.0796797
1.46929
5.74119
0.942908
0.594562
0.732431
0.0696324
0.271036
0.746104
3524.63
0.355943
1.73832
0.0778273
8.67744
0.421497
0.0941837
12.7921
0.851459
0.733981
1626.41
0.556853
4.24155
1.07076
0.0560643
0.693545
0.783411
0.959233
0.532446
449.205
0.194814
0.921304
1.79215
0.146101
1.34263
0.38242
2.86757
1.88496
20.9855
0.881814
0.0779713
0.422547
0.06292
2.98445
1.20656
0.513872
1.17647
1.26799
1.4593
1.03703
30.427
0.00622362
892.66
0.367989
0.405807
3.00288
2.46578
0.178377
0.369125
1.47012
3.10479
615.067
0.479949
1.03128
1.03777
0.755394
0.436084
0.956202
1.01365
655.569
1.5508
490.842
9.9618
1.15619
0.248441
615.835
5.31521
0.605812
0.269062
51.7989
0.0744447
0.165898
10.657
1.87948
0.844908
0.691607
5868.07
0.0590268
1.12319
0.922336
3.11423
0.000533573
0.656869
1.11914
0.739986
0.441623
1.71642
0.278283
0.0559685
13.3348
0.687693
0.463099
0.163283
13.6574
1.4852
1.18197
34.5353
2.39293
0.529505
1.17668
0.687236
37.7878
2.34839
0.279496
1.92607
1.32683
1.03977
0.414696
3.40007
3.04477
0.714362
1.20734
0.148839
15.8867
0.417012
0.623936
7.93088
1.47392
1783.29
2.5955
0.357029
0.861263
0.654355
0.656895
0.342026
0.650007
0.0751547
0.508582
1.22808
4.18786
1.24891
5138.97
0.242105
7.64139
0.523488
7.30188
2.76561
0.443346
5140.06
1.95388
4.1459
4.47596
2.83353
4.54131
0.630243
1.67826
2.61542
0.659616
0.65824
0.545337
1.32254
4.68329
0.526818
1.44121
7.40135
0.305717
0.469439
0.812575
1.94016
5.63948
0.172568
1.33346
0.134264
2.45879
1.1816
0.549519
1350.99
1.38858
7.52572
2.56365
624.109
0.522162
0.291714
1.23983
0.567948
681.101
0.323826
0.553176
0.497669
0.14668
0.442701
4725.1
0.809352
5221.71
0.414677
5.64079
3.83649
3.19066
2.83035
1.44442
1.9259
11.1123
6.16593
3.56385
0.770274
0.955235
10.5342
0.193403
4513.86
0.356053
2.4459
0.0217337
1.34232
0.983203
0.97997
6.69801
2.01768
0.690495
0.14079
10.9415
5.36081
0.132556
0.299036
0.309779
1.04681
12.1199
2.74495
0.0280307
0.874778
0.143636
0.0446863
0.548364
0.623735
2764.37
0.839836
1.57811
1.17019
0.292388
0.0213375
0.135394
8.06156
1.3054
1.31497
2.85003
0.568294
5.70878
0.00500349
0.507681
0.253733
9.22233
1269.58
1781.44
0.163416
0.546415
129.252
0.617647
4512.83
5096.55
1.16286
0.871362
139.302
0.10639
0.955609
0.648521
0.798083
0.230246
0.288083
0.204816
0.107048
0.454523
0.507716
7.82155
0.865401
1.55401
0.729054
1.89635
1.31944
11.4185
1.95429
1.52547
1.93924
3.1984
0.346279
0.251073
3.71405
0.193044
1064.55
0.142872
0.532354
1.26003
1.37717
1.05601
0.421
53.5844
3.98811
5.40314
2.5757
2882.33
305.125
0.0718549
1.38479
0.413355
0.128899
12.7148
0.109465
0.236291
0.376487
2.12476
0.442704
2058.61
597.235
0.240069
0.182277
1.16697
0.186494
0.481781
0.471441
0.702618
0.222753
1.62829
1.1907
0.000888787
0.900912
0.327821
1.30679
0.525946
1.73015
0.33316
0.0622419
0.269341
2.80922
4.19853
62.5714
0.637389
0.396425
0.667601
5.8824
0.052059
1.74696
16.6961
0.359397
0.732565
13.0142
0.0437483
1.09882
0.213506
2.21563
1.84848
2.23154
0.0278307
2.62931
16.3089
1.77898
1.1873
1.1824
6.74067
3058.84
0.89732
1.39759
2.49776
0.20941
139.391
0.759061
3.83212
2.93978
0.527512
0.0064378
0.0375964
1.46181
7.70195
2.63521
2.0051
91.1602
0.377057
2.0562
2.22874
0.049212
0.0970872
1.4838
11.1204
2.48602
0.147533
0.843195
0.619496
0.97445
0.0933124
0.267921
0.347204
2.54309
4.71296
3.33674
1.47222
0.835143
0.214367
108.834
0.394014
1783.08
0.778205
0.878406
0.000567787
0.761783
1.91256
1.52725
0.926148
57.0613
0.283349
9.38856
0.00285929
0.301524
1.35337
0.165088
0.185765
0.346317
1.10309
0.948306
0.152213
0.767389
0.445899
3.09294
0.796736
1.15212
0.344396
1.03041
52.9779
0.513248
0.261335
6.87831
18.594
0.171699
2236.35
4930.64
4.11716
1.89419
0.177642
0.134695
4.53687
122.829
1.30899
0.374215
0.361603
23.2644
0.0076001
0.227065
0.300001
1.2047
955.591
0.081943
112.202
0.979242
0.327759
1.4677
0.37576
146.036
0.65352
7.67791
1.38447
24.1067
0.738208
0.156979
3.71011
2519.45
0.0916075
2.04796
0.201317
5.97604
76.2154
14.2977
0.047887
0.967765
1970.27
0.505501
0.0503036
0.804715
1.0852
1.39343
0.266018
0.134326
0.619325
1.56932
11.1225
0.537954
1.5522
1.3712
0.636373
956.45
0.412124
54.6785
2.65427
0.0300614
32.1279
1.33825
