 2658.2 1686.36
4404.7 2003.7
4404.88 2004.37
 3073.5 1797.35
4643.72 1842.96
2690.62 1823.52
 3190.9 1801.51
3287.52 1801.01
 3844.7 1780.93
3334.01 1785.62
4425.56 1937.26
 4621.1 1739.01
3705.97 1565.22
2354.32 1825.66
3705.96 1565.37
 4621.1 1739.01
3705.7 1614.8
 3716.2 1585.37
2697.81    1830
 3606.3 1828.13
3167.95 1825.19
4390.49 1791.97
2808.48 1813.82
3271.07   295.1
3019.87 411.465
 2714.8 1770.72
3434.45 183.874
3333.99 1784.99
 4172.4 1742.71
2725.41 1813.77
3434.64 183.471
 3826.1 1789.43
4425.46  1936.8
2832.29 1796.96
2696.79 1768.71
3053.32  1795.8
1004.13 1857.01
3719.29  1585.6
3688.32 1335.52
 2613.6 1732.39
   2353 1823.24
 1869.6 1288.58
4608.93 288.688
2695.71 1777.65
4164.13 231.426
4402.67 1776.89
2749.71 1756.52
3717.12 1600.18
3150.91 1831.62
2702.31 1765.01
3717.11 1600.28
1868.97 1289.38
3491.33 199.701
   3495 1750.92
2678.79 1819.92
1980.11 293.997
4699.39 1798.29
 2962.4 1780.32
 1864.1 1691.98
3493.39 1748.99
1877.69 1692.86
2753.51 1766.41
3076.68 1834.57
2561.48 353.702
 2481.1 1738.53
4419.79 1953.84
3713.38 1825.63
2561.24 354.208
2646.81  1779.7
2660.99 1823.83
4443.8 1615.7
 2481.1 1738.63
3717.18 1608.25
995.704 1777.68
 1447.6 1785.42
5112.11 1743.01
4945.69 1771.14
 1528.7 1269.82
1526.69 1271.22
 1880.5 1840.43
2661.01 1824.54
1980.37 293.382
5112.11  1742.9
1870.49 1272.89
 2777.5 1769.73
 2328.9 1829.28
4442.41  1615.1
3122.27 1825.18
3930.28 1762.39
 3637.3 1742.85
2378.28 1804.96
1340.59 1852.86
4414.59 1800.61
3122.28 1825.55
 1791.9 1838.97
2640.5 1738.1
 4243.8 1744.69
 3907.3 1745.63
 2729.5 1769.34
1446.21 1777.94
1524.17 334.485
 2728.3 1770.01
3933.39 1752.04
3719.82 1566.87
4656.18  1762.5
1446.21 1778.15
2720.6 995.03
2205.36 687.913
3719.64 1565.98
4611.14 1855.74
1534.09 914.344
1519.12 1389.52
 3014.8 435.217
1366.11 1850.99
2206.69  688.89
1517.93  1387.8
2730.81  1757.3
 1791.8 1838.76
4404.98 1950.69
2574.52 1796.69
899.205 1855.64
1518.32 1035.31
 3338.2 1814.44
4656.25 1763.77
4736.14 1685.48
3680.69 1340.84
1522.28 716.321
2616.43 1290.21
 2660.3 1816.87
3098.33 1836.43
4212.89 1822.72
1770.11 1802.16
3491.32 1180.75
 1784.9 1622.34
3266.12 315.412
 1924.1 1750.72
   3398 1728.67
2777.51 1770.19
2565.91 352.149
 4916.6 1770.09
4994.11 1734.89
 1466.1 1767.23
4469.95 1805.68
3032.47 414.683
4088.51 1760.12
 2728.3 1770.25
4916.61  1770.3
2734.49 1778.55
2251.97 1330.71
 3493.7 1473.67
3783.41 411.078
3530.67 967.467
1431.11 1612.24
3515.36 911.295
3490.79 1182.57
1527.99 723.692
 3301.3 1827.35
3783.41 411.071
1249.39 1385.04
4612.13 1847.93
3357.07 1818.38
 1459.6 1390.51
4236.78 1815.32
 1031.5 1767.55
1890.38 1285.14
1516.79 1068.65
3774.32 173.154
1197.91 1855.63
1460.37 328.343
1799.11 1667.37
4343.87 1818.65
3489.42 892.297
3487.47  443.13
 2446.8 1823.95
   3134 1831.68
1520.56 368.958
3042.81 1801.79
2493.1 1738.8
 4590.9 1792.56
2580.07 437.867
4441.43 1278.89
4736.06 1687.26
4088.52 1760.34
4501.89 1698.09
1248.24 1027.75
1266.83  1252.6
 2664.4 1815.03
1749.4   1762
3191.17 676.586
1256.63 1266.33
4147.86 221.599
4325.41  1791.2
3357.06 1818.25
4988.82 1771.09
 2802.1 1766.88
3314.79 1786.77
4533.87 1754.69
3190.34  670.43
3727.62 1562.77
 2576.7 441.654
 1517.3 1420.99
4362.92 1787.39
 2951.1 1743.74
3727.31  1562.6
 1031.5 1767.35
2580.32 436.245
4421.54  1662.6
1248.72 1061.91
 1208.5 1764.75
   2587 429.899
3043.61 1800.82
1784.49 1619.57
3438.27 194.261
4431.08 863.549
4197.25  1818.3
1270.11 1618.52
3623.98 169.504
4969.37 1755.95
3787.69 1458.33
1263.99 1432.34
1890.45 1285.93
4621.82 1795.87
4352.15 257.328
 3858.7 1760.64
2572.82  458.09
 1259.9 1442.65
3504.89 1767.78
4379.81 1758.55
1457.91 329.382
3283.62 297.782
 4988.8 1770.87
1434.39 1841.45
4629.77 1780.43
1428.53 1444.92
4442.26 1984.63
3006.46 421.244
3032.29 415.025
3520.72  954.57
3724.81 1559.53
4476.45 1983.09
3197.81 437.721
1925.99 1745.56
2871.19 477.561
   3825 1775.06
3918.31    1773
 1907.8 1790.93
1799.81    1666
5013.22 1751.04
1797.09 1686.79
3729.65 1571.41
2716.57 1821.48
3415.11 904.828
   3785 173.202
1875.71 1839.18
3424.49  1781.3
 2626.1 1683.41
2206.17 316.752
4379.82 1758.91
   3427 1744.33
3031.62 1797.31
4148.37 221.162
4184.31 1762.86
3858.71 1760.81
3520.57 954.948
2246.49  1782.8
3679.25 1340.36
2837.18 1802.43
   4833 1736.22
3729.58 1571.59
2655.29 1845.47
   1781 1782.94
 3852.6 1773.98
1012.48 1793.95
3205.22 322.063
 1894.8 1730.05
3415.31 904.333
1271.02 1848.36
 2794.2 1747.05
4714.7 1774.1
4598.14 1844.21
4525.27 1778.76
4832.91 1736.05
1801.21 1531.88
2520.17 1804.95
3786.24 1131.87
1447.01 719.833
2578.76  463.31
 2800.6 1767.27
 4145.1 1759.42
2488.04 1497.54
926.412  1850.6
1699.83 1244.64
1302.08 1823.01
 1208.5 1764.85
3417.13 1187.37
993.829 514.737
 1241.9 386.701
2205.52 972.455
3258.91 301.862
1370.99  1803.3
1452.15 712.224
3630.64 287.524
3786.81 862.789
3671.19    1762
4371.68 1749.69
3847.29 1624.37
4649.17  1568.6
3411.32 910.084
3011.05 423.373
   3432 1738.07
 2205.5 643.334
 2251.1 1778.94
2107.09 1835.05
3285.27 297.875
3315.18 1783.69
1452.03 712.692
3773.75 518.976
2372.59 1819.78
4807.14 1746.13
4163.5 1741.5
3438.79 193.577
1520.39 1640.03
1825.01 1820.03
3116.09 710.255
5034.77 1701.23
2576.06 987.157
3116.48 709.363
4262.11 348.857
 2575.1 1775.13
2716.61  1822.6
5013.26 1751.72
 5037.3 1712.72
3671.58 1762.75
3624.26   261.7
1534.52 1615.91
 2518.5 1772.47
4655.01 1831.15
3773.76 519.513
4661.42 1853.64
1725.46 728.333
3143.21 684.087
1442.89 1436.56
1820.41 1820.08
4714.68 1773.86
3705.01 1579.63
993.749 710.758
1581.31 1841.91
4695.2 1731.8
1771.12 1823.02
3718.54 1614.93
2350.62 698.227
3497.24 1440.06
2792.3 1745.2
1446.96 720.033
 4145.1 1759.51
4655.01 1831.17
3523.22 1799.98
4452.08 1905.54
4925.55 1436.93
4807.37 1783.97
4876.59 1780.93
 3948.4 1775.76
3201.06 692.217
2575.45 740.125
3497.23 1440.11
 2574.7 739.703
1525.23 1428.76
4268.95 350.816
 4906.3 1777.28
4847.68 1769.54
3416.18  873.62
4184.29  1762.1
2978.31 1745.68
3200.76 692.869
3782.59 289.785
 3698.9 1591.51
4397.39 1503.36
2207.61 643.535
3416.54 872.749
4183.71 1750.97
 3415.1 873.862
936.645 1813.14
 2663.3 1699.37
   4582 1739.78
1441.04 1079.73
1770.74 1215.29
3141.43 685.771
2117.75 1331.57
 4183.8 1751.35
3517.21 733.708
1525.42 1428.08
4285.31 1761.18
3626.63 285.696
3426.72  189.23
3217.85 370.525
 3928.7 1781.15
1849.02 1402.37
2916.81 1782.25
1703.43 1098.03
4361.77  1349.4
1016.54 1051.46
4667.86 1847.81
2288.76 1409.45
1762.94 1200.83
1824.28 1823.54
   1070 1722.02
1538.41 1439.33
3196.66 325.667
4658.62 1581.61
 1521.4 1638.43
 2638.5 1693.24
1696.68 1821.37
1932.12 1815.39
4362.54 1349.18
3852.83  1501.6
 4847.7 1769.83
4667.72 1818.55
3757.33  288.51
1459.69 1035.26
3256.07 301.024
   1139 1850.52
1723.83 1075.51
3188.47 1784.46
3838.58 1602.51
3626.83 459.415
3752.74 862.021
1528.13 566.299
 2780.8 1813.81
3632.09 935.176
3807.37 1478.43
4762.67 1779.67
3740.45 870.956
3188.52 1786.29
2558.88 1839.41
3258.8 302.03
2468.28 1613.95
3632.06 935.244
1020.14 657.121
3637.19 1766.84
1932.12 1815.56
1459.17 1035.36
3628.31 679.444
 4108.4 1744.13
4853.63  1785.9
  2387 1775.3
3579.39 1782.98
 4870.5 1768.88
2314.22 1274.64
 4108.3 1743.53
 2638.5 1696.74
 1536.8 1452.88
1020.17 657.019
3258.3 1800.4
1742.72 61.7221
   1534 1450.01
1737.38 1809.31
   3202 331.781
1762.51 1151.58
 3599.3 1738.04
2810.69 1369.82
 1045.5 1748.71
3800.68 1789.03
3951.99 1776.14
1771.1 1822.3
 1840.2 1761.68
1018.33 690.588
3031.63 1797.79
 1728.2 1781.89
1762.44 1152.02
 1116.9 1845.42
 3458.6 1742.65
1492.33 1868.04
 3651.4 1747.03
2356.14 654.415
2192.22 315.459
3724.01 1767.67
4675.99 1570.34
4469.27 1970.48
   2533 1764.43
3534.91 1735.92
 1831.9 1729.92
4469.32 1970.69
3671.42 179.378
3739.19 1742.02
1701.19 902.711
3752.7  862.1
3651.39 1746.73
2210.36 1236.94
 1811.4 1735.76
4617.87 1775.16
4303.51 1792.34
 4360.1 255.929
994.211  869.34
4887.44 1758.24
 1054.6 1762.18
1459.08 923.881
1459.07  923.96
3037.96 408.468
4165.98 1782.84
2356.02 654.739
1763.42 520.737
1263.14  897.88
3750.62 795.067
4238.27 1784.65
3754.19  170.17
5086.57 1770.79
3048.81 1831.15
1017.09 1417.63
 1518.4 1758.49
1011.93 1848.76
 1076.3 1698.89
   3860 1776.37
3739.39 1740.76
1763.82  118.71
3748.52 890.567
4810.5 1787.1
   3332 1803.49
3740.44  870.99
4091.62 1777.08
3287.98 284.293
1770.57 1189.22
3389.54 1203.34
3792.08  870.29
4755.71 1777.28
4168.79 1777.08
3393.32  761.36
1731.07 1041.14
1475.72 759.604
 1710.2 1813.05
1577.89 533.387
1507.12 915.491
1476.01 733.397
1017.13 1417.01
 1721.5 1779.65
 1363.5 1411.03
924.521 1406.91
3306.88 1820.87
2788.72 823.619
2103.51 1345.37
   2757 1773.93
 1045.6 1749.41
4492.15 1786.55
1454.01 364.364
1465.01 1757.08
1249.55 1435.59
 2796.4 1738.59
4255.35  234.56
 3626.2 1805.01
 2206.7 1230.44
