1411.97 397.834
1411.88 398.062
 3861.1 1705.24
4315.19  1823.6
 3955.3 1797.88
4316.7 1823.7
 3891.9 1850.64
3899.2 1857.9
 5040.4 1582.66
3891.29 1848.04
5026.12 1625.79
4401.38 1854.83
5026.67 1573.88
4537.91 217.431
 3539.5 1855.14
5026.16 1624.93
4548.71 1823.58
4234.41 1808.63
 1981.2 1877.02
4598.4 1813.4
5026.61 1574.76
3539.52 1855.74
 5163.6 1818.13
 4445.1 1829.21
4234.41 1808.53
5043.41 1595.25
4047.29    1822
3533.89 1850.33
   3815 1755.21
2391.89  1875.3
4023.48 1839.38
 3919.4 1794.89
2145.39 1877.53
4445.59 1829.08
 3901.8 1792.47
3774.89 1819.06
4293.82  1824.6
3930.19 1839.33
5041.19 1595.69
2046.81 1877.28
 3958.2 1780.76
  5006 1323.7
3702.6 1761.3
3904.91 1791.58
 4312.3 1791.42
3533.42 1851.08
4380.18 1860.04
3036.41 1297.93
 3960.6 1783.42
 3941.9 1792.96
   3680 1760.94
3049.48 1715.34
5039.29 1612.32
 4593.7 1763.61
5039.28 1612.55
3049.48 1715.37
3934.31 1838.64
3785.19 317.511
   3680 1760.94
 4788.6 1773.36
2897.11 1865.17
 2897.1 1864.27
  2877 1862.9
 3986.7 1793.92
3036.21 1298.46
4592.49 1803.87
 2932.2 1825.02
 4997.3 1329.38
5039.93 1607.04
2689.06 1281.37
 2607.4 1807.45
 3842.2 1760.21
 2156.7 1799.71
 2678.7 1403.15
4310.12 1866.22
2679.21 686.052
2678.63  685.88
 3075.4 1780.72
 1950.1 669.236
3877.79 1846.65
1953.03  670.03
 4201.2 1805.14
 2191.4 1788.05
2403.59 678.799
 2691.7 921.545
 2914.4 1783.73
 2679.8 1404.65
 3035.4 1865.19
2268.99 1867.68
2678.22 720.472
2677.68 1044.72
2677.67  1044.8
5042.72 1578.02
 2675.5 1044.19
4332.49  1865.1
 1739.3 1854.73
1368.29  1840.4
2676.18 1078.56
2679.48 720.685
2626.5 1788.8
1135.34 2018.44
 2697.1 1806.22
2605.9 1797.8
3035.88 1281.16
 3858.8 1851.66
3633.51 1820.09
2432.6 1808.3
3409.62 679.558
 2928.2 1691.25
1950.29 1435.55
2663.11 1867.28
 4270.9 1823.86
4785.14  1162.4
2406.49 1437.01
2288.61 1818.52
4684.81 1749.56
1437.54 655.911
4809.57 868.865
 3098.1 1773.03
 3847.4 1802.55
3549.38 1851.47
1429.26 528.943
3849.56 1293.35
2301.39 1808.88
2677.91  1436.2
 2336.3 1877.29
1889.86 667.914
2885.38 1858.04
 3938.7 1806.02
3858.2 1843.8
3019.26 1303.86
 4187.2 1767.17
2685.72 727.248
 2941.3 1863.37
3449.94 1339.41
2508.58 1871.81
1368.29  1840.3
   2009 1875.73
3021.44 1302.69
4827.19 928.732
4694.82 530.901
5056.69 1594.68
 2728.8 1864.92
 2246.4 1877.05
2405.58 1076.34
 2301.4 1810.08
4938.79 1072.44
4455.2  625.3
2602.38 1636.93
 2366.1 1785.08
   2009 1876.21
2685.39 1086.31
2418.84 1462.68
4553.33 218.377
4455.74 629.205
 2406.5 1436.88
4780.35 357.853
   2024 1877.12
1140.51 1993.76
 4781.9 849.297
4579.09 1809.74
3406.55 297.106
 2015.6 1875.66
 3577.3 1785.72
2336.31 1877.69
4710.99 1806.95
   3057 1293.99
 4579.1 1810.63
4199.3   1748
4188.4 1766.2
4282.59 1827.54
2691.59 1645.75
2813.88 1864.99
1957.63 907.878
4999.09  1327.2
3552.28 1844.71
2589.03 1461.04
1311.77 871.649
 4799.9 1794.45
3552.32 1847.24
4605.78 1841.93
3502.49 1853.68
2685.34 1086.62
1962.63 1275.11
2422.37 556.391
3525.7 1855.7
2413.22 1282.35
4815.13 916.408
1505.29 1877.54
 3828.3 1703.22
 1487.1 1791.51
 4210.2 1807.32
1960.86 909.009
2422.35 556.485
1890.94 1065.93
1892.83 1402.59
5053.58 1579.98
 4283.2 1827.47
 2963.4 1686.03
 2926.8 1768.39
 4716.2 1767.67
1515.99 1866.12
2026.56 764.202
3039.05 1534.86
 4855.8 1791.46
4023.07  1410.4
3409.34 633.598
   3918 1850.13
2960.51 1704.71
3709.59 1830.29
 3561.2 1853.67
2887.35 728.068
2406.17 1076.43
3058.87 1295.28
2887.44 727.609
4986.79 1787.06
3552.29 1845.48
1892.82 1402.79
4625.69 1847.72
 5162.5 1802.48
4814.94 917.117
2178.62 1069.86
2987.58 1392.75
3411.98 972.772
4523.26 225.338
5047.69 1567.59
1891.51  1033.2
4605.78 1841.72
4552.99 219.103
4773.38 234.918
4261.89 372.439
2023.99 1876.72
1669.89  905.51
2179.83 675.559
 2926.8 1768.89
1139.93 2024.84
2681.81 1658.26
2178.74 159.946
2610.01 719.634
2733.71 1863.73
 4792.3 1760.29
4700.21 1175.55
1685.27 525.169
2026.72 858.702
1669.98 904.926
2178.69 1069.33
2179.02 675.788
1665.23 138.172
4529.84 228.973
4054.18 1827.48
4466.27 252.146
2888.78 1081.42
5053.61 1579.48
4139.69 1810.49
4807.67 678.479
 4014.1 1790.94
 3740.3 1505.05
 3849.6 1874.36
2185.89 1875.54
 4363.7 1862.08
2421.27 1088.18
3184.98 297.786
   2232 1867.79
4705.83 1475.53
 3616.2 1850.74
5019.98  1602.8
3992.19 1840.43
 3077.7 1814.04
4154.5 1806.5
4139.69 1810.39
2178.96 159.186
1648.53 543.823
 2979.4 1843.69
 2979.4 1843.68
4949.89 1650.28
2420.19 1102.49
2897.27 45.0154
4702.56 832.009
4786.14 811.729
1818.8 742.81
1866.77  1628.5
2695.51 1634.73
2686.21 1444.51
1360.1 305.92
 4012.5 1791.42
 2239.4 1873.41
4715.8 1798.1
2965.66 1549.92
2178.62 709.076
3015.09 1295.76
4792.65 1439.78
4403.14 644.304
4778.74 539.044
1954.31 1267.82
2520.81 1830.96
 4217.5 1767.59
2618.31 1045.46
 4353.6 1811.19
4694.95 874.638
1658.17 914.027
5025.76 1590.51
1673.13 143.087
2579.81 1865.87
 1408.9 1881.01
 4006.1 1771.16
 3007.6 1783.46
5025.81 1589.81
1434.61 421.199
4115.39 1797.35
3840.71 1712.71
1306.06 389.974
2154.07 733.232
2523.64 1359.47
2601.59  1090.1
4764.77 518.019
 4258.7 1833.05
 2965.4 1547.98
4791.62 1124.47
4457.97 255.954
3841.01 1716.32
   1497 1834.79
 2682.4 1657.89
 3866.3 1719.39
 3482.6 1800.81
 4906.5 1761.11
2179.61 1437.14
2918.62 101.325
1683.52 896.989
 1882.4 1817.45
2618.57 933.042
4530.15 228.306
4115.41  1799.4
2881.1 734.14
2891.23 692.876
   2354 1825.98
 2945.6 1521.93
1953.72  1289.9
2921.69 513.509
 2679.8 1780.05
1685.33 718.918
2459.92  1117.8
4810.51 676.733
2596.59 1094.13
1876.42 1633.16
2606.27 1086.57
2846.08 1843.23
1658.21 913.736
4699.18 562.953
2686.16 1445.32
2619.08 575.108
3682.88 1631.94
1436.09 1841.86
   4965 1771.33
 3577.2 1332.98
 2229.3 1744.05
 1963.3 1443.68
 2891.3 692.558
4598.78 1830.21
4353.6 1811.4
4480.45 303.295
3315.19 1341.19
2180.43 1037.08
2978.19 1847.75
2560.39 1872.34
 3760.5 1847.09
4031.37 1293.38
5025.34 1589.86
5020.02 1602.11
2897.19 45.2389
2028.43 1126.57
   4751 1765.48
2869.44 1103.99
2179.65 1436.51
4463.53 262.808
 2926.8 1773.95
3487.01 1421.75
2653.78  1833.6
4880.41 1812.78
 2204.8 1769.18
 2625.3 1776.99
1407.09 1835.46
2679.59 1452.19
2947.21 1719.81
1598.52 1663.29
2426.39 1842.34
2894.2   1804
2404.72 166.267
 3964.7 1798.21
 3030.5 1530.95
3486.99 1421.97
4941.04 891.158
2695.61 1465.78
1874.59 538.564
4676.17 1186.86
3072.52 1488.97
2203.74 827.509
 2204.5 1769.48
2611.84 685.692
 1945.3 1705.09
4676.01 1187.75
 2960.1 1656.25
2881.13 734.003
5065.3   1766
2418.88 912.524
2229.8   1782
2920.06 232.901
   2967 1740.19
 2213.3 1783.01
2895.35 1047.12
   2975 1756.35
3492.91 1400.75
 5065.3 1765.02
2716.89 1842.97
   2615 1652.15
 2946.8 1803.64
2614.59 684.619
3745.97 1863.57
 4008.5 1760.62
1138.22 2022.88
2203.74 827.548
2925.98 1184.35
 3914.4 1783.91
3563.69 1334.71
2934.19 1328.85
 1407.7 1839.85
2168.94 553.164
 2394.9 1785.13
4941.19  890.67
4640.28 1849.59
 3734.7 1786.32
3666.89 1840.83
 3111.4 1767.05
 2963.3 1734.84
 3111.4 1767.64
 2394.8 1785.12
 2679.5 1779.26
1979.76 739.354
2858.51 1838.54
1411.48 711.124
3586.83 1339.28
   4004 1767.43
 2213.3 1783.26
3869.59 1721.98
 1861.8 735.934
3839.6 1711.4
   2310 1785.01
2546.17 1334.75
4419.03 1868.67
2539.45 1427.33
3061.56 1428.59
2392.64 169.221
2179.84    1404
 2853.2 1822.66
1648.55 434.399
 2185.9 1876.44
1417.25 724.651
 3734.7 1788.08
 4154.5 1807.07
 2993.9 1533.16
2539.42 1427.86
 3532.6 1800.75
1434.39 1060.35
2104.51  1427.1
1905.73 434.236
   2089 1427.32
5073.93  836.18
1540.99 1794.67
1948.88   553.9
 2884.6 1807.89
1618.59 1735.59
3845.25 1059.09
1874.63 1256.89
1269.62 870.027
2598.85  557.77
 2995.6 1750.59
2611.94 1080.19
2172.56 714.147
2986.4 1751.1
2633.13 739.705
2392.48 908.753
2448.64 535.471
 2576.2 1867.44
 5065.3 1764.72
5073.92 836.203
2611.84 1080.94
 2634.2 1290.98
 3834.1 1752.92
1905.11 460.734
1874.72  1255.8
2631.86 454.564
 2106.9 1823.69
   2296 1779.97
 3028.2 1292.78
