1427.84 413.923
1427.74 414.192
3837.21 1705.83
4291.32 1822.67
3930.88 1796.45
4292.84 1822.67
3867.87 1848.33
3875.13 1855.41
5033.95 1583.08
3867.27 1846.27
5018.96  1626.4
4378.39 1853.88
5019.71 1573.94
4532.94 221.581
3519.28 1852.19
5018.96  1626.4
4527.75 1821.59
   4210 1806.71
1995.37 1873.64
4578.36 1812.25
5019.71 1573.94
3519.28 1852.19
5162.66 1818.07
4422.58 1828.07
   4210 1806.71
5037.05 1595.74
4022.62 1821.29
3513.76 1848.27
3791.47 1754.48
2396.78  1872.1
3998.89 1838.57
3895.16 1793.87
2156.04 1874.23
4423.09 1828.17
3877.66  1791.7
3751.76 1818.49
4269.77 1822.05
3905.94 1837.87
5034.75 1595.85
 2059.6 1873.31
3933.76 1779.36
4999.42  1324.8
3680.18 1760.53
3880.74 1789.06
4288.37 1789.73
3513.27 1847.59
4356.97 1859.17
3026.07    1308
3936.15 1781.72
3917.54 1792.32
3657.84 1760.23
3038.58 1714.24
5032.74 1612.51
4573.52 1762.94
5032.74 1612.51
3038.58 1714.24
3910.02 1836.11
3770.98 333.652
3657.84 1760.23
 4773.1 1773.28
2889.71  1861.1
2889.71  1861.1
2870.09 1859.43
3962.15 1792.94
3025.87 1308.58
4572.33 1803.93
2923.98 1822.66
4990.33 1330.56
5033.37 1607.82
2686.68 1292.65
2607.02 1805.54
3818.45 1759.78
2167.11  1797.5
 2676.6 1411.06
4286.25 1863.69
2677.49 707.199
2676.91  707.14
3063.91 1779.74
1962.37 689.471
3853.86 1844.88
1965.22 690.445
4176.66 1804.51
2201.03 1786.75
2407.47 700.311
2689.58 938.906
2906.59 1782.55
2677.67 1412.53
3024.83 1861.93
2276.81  1865.1
2676.49 741.213
2675.74 1060.26
2675.74 1060.26
5036.47 1577.19
2673.59 1059.87
4308.83 1863.73
1758.02 1852.02
1391.78 1838.83
2674.26 1093.39
2677.67 741.685
2625.65  1787.5
1159.58 2012.67
2694.52 1804.86
2605.56 1796.67
 3025.6 1291.37
3834.99 1849.38
3611.95 1817.51
2436.51 1806.62
3394.97 697.574
2920.06 1692.19
1964.95 1441.98
2661.36 1863.49
4246.71 1822.42
4772.19 1165.46
2410.99 1443.94
2295.96 1815.52
4666.58  1750.2
1455.87 671.288
4800.89 871.844
3086.11 1771.74
3823.63 1800.99
3529.03 1849.75
 1446.3 545.684
3826.65 1300.94
2308.46 1808.11
2675.81 1443.48
2342.51 1873.77
 1903.1 687.628
2878.29 1856.21
3914.36 1804.59
3834.39 1841.72
3009.34  1313.3
4162.58  1766.5
2683.73 748.368
2932.88 1860.23
3431.61 1347.14
2510.64 1869.05
1391.78 1838.83
 2022.6 1872.55
3011.39 1313.01
4818.25 931.579
   4688 534.832
5050.92 1594.81
2725.45 1861.65
2254.73 1873.31
2409.88 1091.17
2308.46 1808.11
4931.93 1074.32
4441.41 632.744
2602.14 1638.46
2371.62  1783.9
 2022.6 1872.55
2683.24 1101.03
 2423.1 1468.16
 4548.4 222.892
4441.65 637.376
2410.99 1443.94
4779.43 359.143
2037.28 1873.81
1164.85 1988.95
4772.58  852.72
4558.69 1810.05
3394.93 316.979
2029.06 1872.45
3556.49 1783.99
2342.51 1873.77
4693.46 1806.94
3046.23 1304.06
4558.69 1810.05
4174.72 1747.79
4163.79 1765.91
4258.49 1826.77
2689.15 1647.43
2808.49 1862.54
1970.87 924.454
4992.11 1328.95
3531.88  1843.3
2589.07 1468.09
1332.46 884.508
4784.75 1793.85
3531.88  1843.3
4585.95 1841.67
3482.84 1851.28
2683.24 1101.03
1976.74 1285.57
2425.62 579.641
3505.69 1853.16
2417.45  1293.2
4805.91 919.562
1527.36 1874.96
3804.66 1703.58
1509.44 1790.31
4185.69  1806.3
1973.92 926.414
2425.62 579.641
1905.82 1080.38
1908.52 1410.41
5047.72 1580.05
 4259.1 1826.18
2954.44 1687.11
2918.69 1767.62
4698.75 1767.47
1537.94 1863.97
2037.79 784.464
3028.37 1540.56
4842.36 1791.02
3999.05 1414.38
3395.07 651.805
3893.81 1847.77
2951.61 1706.04
3687.14 1828.93
3540.66 1850.74
2881.38 748.066
2410.47 1091.17
3048.08 1305.03
2881.38 748.066
4978.02 1787.88
3531.88  1843.3
1908.52 1410.41
4606.27 1847.15
5161.48 1802.37
4805.91 919.562
2187.88 1084.78
2978.24 1400.44
3395.67 986.752
 4517.8 229.812
5041.61  1567.8
 1906.3 1047.98
4585.95 1841.67
 4548.4 222.892
4775.61 233.367
 4249.4 381.686
2037.28 1873.81
1687.54 921.196
2188.06  696.77
2918.69 1767.62
1164.16 2019.15
2679.59  1660.4
2185.05 183.452
2609.62 740.805
2730.23 1859.99
 4776.9 1759.48
4684.94 1178.56
1700.21 544.817
2038.53 876.284
1687.54 921.196
2187.88 1084.78
2187.27 696.955
1677.04 156.511
 4524.6 233.094
4029.52  1826.9
 4459.2 257.518
2882.03 1096.05
5047.72 1580.05
   4115 1809.87
4801.72 681.456
3989.47 1790.11
3717.67 1509.49
3825.89 1871.64
2195.63 1872.75
4340.31 1860.23
2425.04 1104.22
3175.83 319.637
2240.67 1864.34
4688.68 1476.86
 3594.9 1848.15
5012.66 1602.88
3967.68 1838.82
3066.17 1812.06
4129.83 1805.75
   4115 1809.87
2185.05 183.452
1664.12 562.404
2970.09 1840.92
2970.09 1840.92
4939.73 1650.44
2424.27 1116.08
2893.11 68.2978
4691.19 836.399
4777.68 814.534
1833.67 760.423
1883.26 1629.59
2692.96 1637.38
2683.91 1451.58
1374.35 323.931
3987.87  1790.6
2247.9 1869.8
4698.37 1798.12
2956.73  1553.3
2186.98  729.86
3005.24 1305.78
4777.98 1441.23
4388.25 652.303
 4774.3 541.747
1968.59 1278.21
2522.55 1827.88
4192.99  1767.3
 2617.7 1061.16
4330.04 1810.28
 4682.8 879.095
1676.04 929.343
5018.73  1590.3
1684.85 161.907
 2580.1 1861.93
1431.98 1878.21
3981.48 1769.76
2997.63 1782.36
5018.73  1590.3
1450.44 438.599
4090.67 1797.26
3816.96 1713.38
1321.91 405.192
2163.22 752.278
2525.25 1368.88
2601.28 1105.56
4760.67  519.85
4234.45 1831.28
2956.44 1552.32
4779.36 1127.02
4450.53  261.77
3817.26 1717.01
 1519.2 1833.03
2680.18 1659.62
3842.37 1719.76
3463.22 1799.22
4894.73 1760.93
2189.38 1444.19
2913.81 125.269
1700.92 913.068
1898.57 1814.97
2618.01 950.642
 4524.6 233.094
4090.67 1797.26
2875.09 754.806
2885.28 713.279
 2359.8 1823.51
2937.11 1526.95
1968.04 1300.04
2915.56 536.087
2677.64 1778.72
1701.62 737.248
2462.97 1132.17
4804.75 679.484
 2596.4 1109.48
1892.68 1636.14
2605.87 1101.94
2839.92 1841.57
1676.04 929.343
4692.15 566.389
2683.91 1451.58
2618.66 597.461
3660.74 1633.17
1458.95 1840.24
4955.36 1771.22
3556.93 1341.13
2238.06 1743.42
1977.71 1450.12
2885.28 713.279
4578.79 1830.07
4330.04 1810.28
4472.79 308.681
3299.14 1349.69
2189.58  1052.7
2968.92 1845.21
2561.18 1869.15
3737.52 1844.66
 4007.8 1299.47
5018.2 1590.9
5012.66 1602.88
2893.11 68.2978
 2040.9 1140.14
4734.45 1765.61
2863.03 1118.61
2189.38 1444.19
4456.12 268.498
2918.69 1772.69
3467.94 1427.18
2652.28 1832.27
4867.79 1811.34
2214.12 1768.21
2624.48 1775.99
1430.24 1834.09
2677.47 1458.71
2938.62 1720.58
1619.43 1665.84
2430.45 1840.09
2886.87 1802.25
2407.84  190.18
3940.24 1797.24
3020.07 1535.69
3467.94 1427.18
 4936.7 892.528
2693.08 1472.28
1887.47  558.64
4660.03  1190.9
3061.17 1494.93
2211.92 846.829
2213.83  1768.6
2611.59 706.535
1960.25 1705.24
4660.03  1190.9
2951.22 1657.83
2875.09 754.806
5059.74 1765.62
2422.83 929.858
2238.54  1780.7
2914.79 256.949
2957.96 1739.81
2222.42 1781.58
2888.54 1062.21
2965.77 1755.72
3473.79  1406.7
5059.74 1765.62
2713.84 1840.67
2614.43 1654.16
2938.23 1801.19
2614.13 706.169
3723.19 1862.19
3983.87 1760.52
1162.46 2017.58
2211.92 846.829
2918.26 1196.79
3890.18 1783.27
3543.61 1342.73
2926.11 1338.14
1430.83 1837.62
2176.95 575.686
2399.72  1783.7
 4936.7 892.528
4621.18 1849.26
3711.94 1786.12
3644.95 1839.08
3099.12 1767.25
2954.34 1734.44
3099.12 1767.25
2399.63  1783.9
2677.35 1777.94
1991.71 759.755
2852.02 1834.84
1430.23 727.153
3566.38 1347.57
3979.38 1767.11
2222.42 1781.58
3845.65 1721.52
1875.79 754.933
3815.87 1711.91
2316.86 1783.81
 2547.3 1343.87
4396.22 1865.76
2540.68 1435.38
3050.46 1436.42
2395.83  193.51
2189.54 1412.24
2846.84  1820.3
1663.29 453.178
2195.63 1872.75
1436.11 740.449
3711.94 1786.12
4129.83 1805.75
2984.29 1537.86
2540.68 1435.38
3512.45 1799.53
1455.46 1072.45
2115.93 1434.35
1917.29 456.214
2100.76 1434.33
5075.67 836.702
1562.69  1794.4
1960.59 575.155
2877.49 1805.86
1639.26 1734.17
3823.45    1071
1890.37 1267.55
 1290.4 882.909
2598.57 581.456
 2985.9 1750.15
2611.44 1095.47
2180.92 735.557
2976.91 1749.86
2632.33 760.207
2396.81 927.313
2451.58 557.983
2576.59 1864.17
5059.74 1765.62
5075.67 836.702
2611.44 1095.47
2633.19 1301.46
3810.41 1752.33
1916.97 482.048
1890.37 1267.55
2631.25 477.952
2118.42 1821.92
2303.19 1778.74
3018.15 1301.94
