-0.787806 -0.458821
 -0.78772 -0.458685
 0.0212511 -0.0134826
 0.154699 0.0222651
0.0499214 0.0143825
 0.155182 0.0222331
0.0316535 0.0304978
0.0339652  0.032649
  0.363108 -0.0497346
0.0317176 0.0300162
  0.359057 -0.0367958
 0.185132 0.0315624
  0.359271 -0.0526006
 0.220056 -0.464314
-0.0747159  0.0321725
  0.359155 -0.0365056
 0.222918 0.0212242
0.128672 0.017152
-0.571723 0.0418883
 0.238381 0.0185597
  0.359304 -0.0528909
-0.0748122  0.0319798
0.398384 0.019853
 0.192508 0.0236577
 0.128544 0.0171841
  0.363591 -0.0459609
0.0771557  0.022283
-0.0763218  0.0312094
0.00693376 0.00147664
-0.433384  0.040653
0.0695119 0.0277084
0.0395505   0.01374
 -0.51405 0.0417656
 0.193024 0.0237543
0.0336431 0.0131619
-0.00561773    0.021861
 0.148199 0.0215889
0.0428263 0.0274165
  0.363657 -0.0459933
-0.549197 0.0414625
 0.0506276 0.00902115
 0.353677 -0.126592
-0.0286347 0.00343488
0.0354088 0.0117494
 0.156145 0.0118234
-0.0767393  0.0305352
 0.179623 0.0332315
-0.232536 -0.141163
 0.0513019 0.00966325
0.0454582  0.013355
-0.0356013 0.00337073
 -0.229726 -0.0115458
  0.362707 -0.0410569
   0.23728 0.00373112
   0.36287 -0.0411216
-0.234117 -0.011611
0.0437252 0.0265176
-0.00843683    -0.44474
-0.0355692 0.00337073
   0.29022 0.00692227
-0.271813 0.0358233
-0.271878 0.0361131
-0.278123 0.0355058
0.0595547 0.0133878
-0.23273 -0.14097
  0.23641 0.0164362
-0.264496 0.0237496
 0.351199 -0.124905
  0.362969 -0.0422507
-0.343012 -0.147812
-0.369136 0.0186117
 0.015569 0.0032422
-0.517255 0.0162342
-0.346405 -0.109588
 0.155733 0.0343467
-0.346254  -0.33859
-0.346515 -0.338595
 -0.221366 0.00996856
 -0.58932 -0.354219
 0.027865 0.0295986
-0.588342 -0.353797
 0.118866 0.0169257
-0.505445 0.0128588
-0.435724 -0.344218
-0.341793 -0.263069
-0.270928 0.0109427
-0.346013 -0.109103
-0.228832 0.0361178
 -0.47416 0.0387313
-0.346818 -0.327577
-0.346739 -0.223667
-0.346772   -0.2237
  0.363762 -0.0518968
-0.347228 -0.223735
 0.162686 0.0346707
-0.656022 0.0351277
-0.789697 0.0314866
-0.347171 -0.212913
-0.346162 -0.327253
-0.363111 0.0127713
-0.799323  0.087899
-0.339988 0.0184692
-0.369591 0.0159023
-0.232226 -0.146513
0.0221506 0.0308825
-0.0462614    0.02106
-0.425541 0.0192224
-0.124275 -0.334975
 -0.266272 -0.0181505
-0.587413 -0.102315
-0.345397 0.0371058
 0.141217 0.0221013
 0.289662 -0.175692
 -0.434134 -0.0998863
-0.471743 0.0219355
   0.259349 0.000225241
-0.770731  -0.36845
 0.298045 -0.263592
-0.214752 0.0072345
 0.017431 0.0158902
-0.0711505  0.0317545
-0.774813 -0.411488
0.00783809  -0.140572
-0.473188 0.0201894
 -0.346573 -0.0990024
-0.450753 0.0411921
-0.610407 -0.355836
-0.275307 0.0349566
0.0454584 0.0169506
0.0219258 0.0285388
-0.238188 -0.139758
  0.115328 0.00507431
-0.344252 -0.324949
-0.257453 0.0357494
-0.109284 -0.127471
-0.395724 0.0395756
-0.789813 0.0315196
-0.561574 0.0415146
-0.238446 -0.139662
  0.30295 -0.245477
0.264966 -0.36674
  0.367922 -0.0462887
-0.325676 0.0365729
-0.480575 0.0411348
-0.434759 -0.215761
  0.724693 0.00781278
  0.33491 -0.201649
 0.193038 -0.341161
 -0.371364 -0.0360654
-0.447252 0.0117996
-0.561136 0.0413516
-0.344422 -0.210373
 -0.430541 -0.0922104
 0.224179 -0.463538
 0.193385 -0.339354
 -0.433806 -0.0998206
  0.29119 -0.417812
  -0.5559 0.0418626
 -0.79746 0.0802071
 0.289668 -0.269739
 0.232536 0.0183971
-0.124856 -0.456547
-0.558684 0.0414451
-0.0683219  0.0107235
-0.450785 0.0410628
 0.267922 0.0172178
 -0.22582 -0.142308
 0.232601 0.0181076
    0.118639 -0.000610219
  0.11565 0.0050101
 0.144821 0.0236442
  -0.34198 -0.0329118
-0.298171 0.0369695
-0.586198 -0.275562
0.351265 -0.12526
-0.0708611  0.0297957
 -0.375464 -0.0911957
-0.818041 -0.297158
 0.293947 0.0129441
-0.0699296  0.0289607
 0.240032 0.0277925
-0.0854453  0.0321102
-0.34439 -0.21047
-0.583916 -0.154431
-0.430237 -0.383658
-0.0783137  0.0326227
-0.431831 -0.149204
 0.299461 -0.249148
-0.734584   0.04337
0.0109465 -0.014285
-0.767119 0.0147416
 0.121406 0.0173436
-0.584912 -0.274552
-0.42971 -0.38355
-0.608951 -0.223687
 -0.60777 -0.112916
  0.366984 -0.0507074
 0.145078 0.0232909
 -0.254891 -0.0197555
 -0.266496 0.00614669
  0.268728 0.00518146
-0.730807 0.0396989
-0.563908 -0.321315
 -0.231472 -0.0662957
 0.310931 0.0120791
0.0631434 -0.104382
-0.124707 -0.349786
0.0400011 0.0302416
 -0.255762 -0.0134493
-0.0230493  0.0249754
-0.0674248  0.0316575
-0.279915  -0.32291
-0.434168 -0.215725
-0.225787 -0.142147
-0.280012 -0.322778
 0.348047 0.0114124
-0.0704436  0.0295388
-0.607773 -0.112981
 0.246138 0.0293075
 0.398022 0.0152043
 0.299625 -0.249349
-0.511124 -0.219818
-0.247468  -0.11181
-0.124429 -0.243014
 0.216009 -0.461941
  0.365393 -0.0543186
-0.608505 -0.234602
 0.240193 0.0278569
 0.224732 -0.463533
 0.290225 -0.456141
 0.135499 -0.421789
-0.555976 0.0419925
-0.686436 -0.279719
-0.511306 -0.348587
 -0.266496 0.00598578
-0.797729 0.0900916
 -0.345455 -0.0284655
-0.512797  -0.51935
-0.369196 -0.328498
-0.324053 0.0358626
  0.291192 0.00251138
 0.264543 -0.172668
-0.682891 -0.407264
-0.563604 -0.291078
-0.686714 -0.279572
-0.511222 -0.219656
-0.511504 -0.348534
-0.691945  -0.54005
 0.217984 -0.460922
0.0787299 0.0240813
 0.198488 -0.455126
-0.279746  -0.21043
 0.366951 -0.050546
 0.100031 0.0186895
0.298036 -0.32062
0.0674549 0.0125214
-0.0227323 -0.0752285
0.0203211 0.0377529
 -0.50056 0.0413571
  0.17418 0.0332935
-0.430039 -0.210926
-0.194326 -0.459453
-0.485275 0.0382277
  0.265784 -0.0825967
-0.0514319  0.0308527
   0.35695 -0.0440181
0.0606157 0.0275789
-0.220014 0.0202263
 0.104305 0.0173413
 0.100031 0.0187216
-0.513094 -0.519176
-0.695072 -0.401952
-0.246752 0.0295009
-0.248238 0.0295338
  0.337298 -0.0298782
-0.430609 -0.207813
-0.275944  -0.54198
  0.26598 -0.275777
0.291129 -0.28134
-0.633304 -0.332301
 -0.615933 -0.0400117
 -0.340877 -0.0359412
 -0.343997 -0.0963502
-0.804033 -0.489006
0.0669731 0.0126819
-0.482876  0.040005
 0.269279 0.0145469
 -0.254471 -0.0630386
-0.511769 -0.337644
-0.239389  -0.14205
  0.291572 -0.0928857
 0.177198 -0.336104
 0.289846 -0.363131
-0.586516 -0.156988
-0.396396 0.0257916
  0.124073 0.00542799
-0.366001  -0.22384
 0.170955 0.0183166
0.263517 -0.26301
-0.689979 -0.277058
  0.358939 -0.0478263
-0.688974  -0.53786
-0.373449 0.0367126
-0.769097 0.0445924
 0.0649174 0.00597163
-0.241835 0.0108404
  0.358841 -0.0476004
-0.778585 -0.449305
0.0936677 0.0149316
  0.014927 -0.0110749
-0.828596 -0.464158
-0.519871 -0.330965
  -0.3967 -0.123858
-0.371856 -0.209351
 0.286384 -0.370102
   0.1371 0.0247667
 -0.254342 -0.0630385
  0.29191 -0.187332
 0.195753 -0.454005
   0.014927 -0.00991923
-0.744027 0.0292531
  -0.34513 -0.0288522
 0.0228883 -0.0091489
-0.098327  0.015767
  0.324557 0.00309317
-0.510373 -0.100623
-0.269056 -0.522926
-0.681978 -0.282306
-0.610588 0.0223747
-0.366259 -0.259996
 0.217108 -0.461137
0.0946316 0.0142574
-0.282077 -0.320588
-0.278265 -0.334005
-0.451162  0.024734
 -0.260722 -0.0712229
-0.58682 -0.14963
-0.268124  -0.39049
 -0.346096 0.00980004
 -0.68154 -0.341777
-0.417828 -0.201895
 0.298951 -0.321212
-0.373514 -0.208129
 -0.612606 -0.0371436
-0.370265 -0.210541
-0.288254 0.0302645
  -0.6899 -0.276949
 0.266138 -0.357404
 -0.343933 -0.0966082
-0.365858 -0.375238
-0.0397127 -0.0367591
-0.765582  0.031873
   0.34148 0.00615656
-0.0740182  -0.129018
  -0.492755 -0.00161878
 -0.583621 -0.0995351
-0.278622 -0.333987
 0.238028 0.0243174
 0.170665 0.0182523
 0.202544 -0.439328
-0.152467 -0.127297
-0.510449 -0.230397
-0.246979 0.0309809
-0.378535 0.0393635
-0.00757602   0.0295336
0.0649304 -0.139981
  0.358645 -0.0472454
  0.356917 -0.0437923
-0.276043 -0.542107
 -0.56229 -0.202659
  0.278953 0.00469964
-0.286461 -0.203247
-0.510504 -0.100429
0.197396 -0.45188
 -0.266464 0.00765923
-0.0974304   -0.10212
-0.352933 0.0276324
 0.318102 0.0178155
 -0.500827 0.00667122
 -0.363468 0.00903025
-0.776337 0.0298585
 -0.346301 -0.0941937
  -0.260126 -0.00884891
 -0.708415 -0.0272749
-0.423129  0.030205
-0.278049 0.0172855
-0.436251 -0.512398
0.0529719 0.0147679
 -0.233605 -0.0681965
 -0.09907 -0.102347
 0.335952 -0.256038
-0.341121 -0.089633
-0.616076 -0.399704
 0.256861 -0.168932
 -0.221676 -0.0811181
-0.502326 -0.298306
 -0.500794 0.00683314
-0.368248  -0.33985
 -0.589252 -0.0143617
 0.257056 -0.169191
 -0.255542 -0.0292158
-0.282109 -0.320549
  0.370109 0.00432235
-0.430458 -0.268822
-0.440271 0.0105688
-0.268628  -0.48047
  -0.254145 -0.00289568
-0.49783 0.011042
-0.277621 -0.221355
 -0.251139 0.00225208
-0.0960528  -0.108581
  0.370044 0.00464491
-0.330087 0.0299698
 -0.36693 -0.030642
-0.259319 0.0166358
-0.367462 -0.339709
-0.0158586  0.0355695
 0.0656239 0.00349951
-0.798392 0.0897007
-0.501995 -0.298254
 -0.26715 -0.177584
0.0377525 0.0105296
-0.0783246  -0.128635
-0.264524 -0.132053
-0.776117 0.0308087
-0.515318  -0.38898
-0.437716 0.0116345
 0.336438 -0.255674
  0.25063 0.0299855
-0.0189398  0.0117491
-0.0363086  0.0281544
-0.211107 0.0062374
  -0.255114 -0.00466535
 -0.210204 0.00604441
-0.437847 0.0117638
 -0.346096 0.00954214
-0.579911 -0.330169
 -0.28388 0.0273643
-0.779788 -0.349195
-0.0712851  -0.126861
 0.0643072 0.00549003
-0.492856  0.010943
0.0236267  -0.00886
-0.619902  -0.33351
 0.0147023 -0.0115885
 -0.46635 0.0118067
-0.389351 -0.132206
 0.189257 0.0345536
-0.396697 -0.102363
 -0.223962 -0.0996278
-0.440167 -0.511356
-0.510281 -0.111066
-0.290452 0.0230855
 -0.69561 -0.439192
-0.500494 0.0410655
-0.778592 -0.344798
-0.0174309  0.0111712
 0.104851 0.0171487
 -0.245233 -0.0675984
-0.391637 -0.102155
-0.0817807  0.0159259
-0.770319 -0.230677
-0.535557 -0.104155
-0.605564  -0.43323
 -0.54098 -0.104306
 0.374072 -0.270897
-0.729865 0.0163163
-0.590109 -0.392608
-0.279538 0.0183805
 -0.700646 -0.0049304
0.00762005  -0.212236
-0.614343 -0.161016
 -0.83355 -0.298103
-0.373437 -0.380606
  -0.244515 0.000482532
 -0.36858 -0.212703
 -0.51383 -0.335587
  -0.247714 0.000128682
-0.361202 -0.321903
-0.439097 -0.269507
-0.422132 -0.390882
-0.374656 0.0376817
   0.37366 0.00474212
  0.37404 -0.270919
-0.368451  -0.21293
-0.360742 -0.145452
  0.0133861 0.000834624
-0.605802 -0.424777
-0.613949 -0.160622
-0.361565 -0.413982
-0.532953 0.0247059
-0.471014 0.0100939
-0.235094  -0.14349
