206.047 339.982
206.297 340.342
 2658.2 1685.83
3073.49 1796.87
 2747.5 1772.99
3074.99 1796.87
 2690.6 1823.04
2697.8 1829.8
 3717.8 1573.76
2690.79 1821.01
3705.42 1613.55
3167.98 1825.46
3705.97 1565.33
3271.46 294.374
 2359.3 1828.45
3705.77 1613.48
3285.22 1795.08
2992.61 1782.19
831.309 1856.92
 3333.1 1786.04
   3706 1565.43
2359.02 1828.49
 3826.1 1789.54
3190.9 1801.5
2992.21 1782.19
3719.31 1585.33
2832.29 1796.43
2354.29  1824.6
 2613.6 1732.83
1250.89  1853.4
2808.48 1813.09
 2715.2 1770.57
1005.49 1856.64
3192.49 1801.55
 2696.8 1768.53
2574.48 1794.78
3053.32  1796.5
2725.39 1812.79
3719.49 1585.62
899.219 1856.27
2749.7 1756.6
3688.3 1335.6
 2502.8 1738.81
2702.31 1766.08
  3078 1765.7
2353.02 1824.03
3150.88 1830.45
1869.51 1289.32
 2751.8 1758.88
 2733.6 1769.02
 2481.1 1738.54
1877.68 1693.58
3716.59 1600.84
 3329.7 1739.95
3717.08  1600.9
1864.08  1693.4
2728.21 1811.17
2565.44 353.406
 2481.2 1738.54
 3493.4 1749.23
1747.52 1840.09
 1747.3 1840.07
  1728 1838.5
2777.5 1769.5
1868.91 1289.86
3326.99 1778.18
 1770.1 1801.82
 3680.7 1340.78
3717.43 1596.48
1528.76 1269.16
 1447.6 1785.65
2640.5 1737.9
995.713  1778.6
 1517.9 1388.15
3076.72 1835.57
1522.11 682.309
1521.33 682.185
 1903.6 1758.72
786.021 642.486
2678.79 1819.72
788.965 643.554
2962.09  1780.1
 1031.5 1767.55
1249.19 667.239
 1534.1 914.444
 1750.2 1761.82
 1519.1 1389.65
 1880.5 1840.28
1126.58 1846.88
1520.12 716.039
1518.28 1035.52
1518.17  1035.5
 3719.7 1568.47
 1516.8 1035.19
3098.29 1835.35
578.799 1835.74
184.273 1823.43
1516.78 1068.76
1522.18 716.747
1466.1 1767.4
156.757 1996.72
 1537.2 1784.71
 1446.2 1776.69
1870.48 1272.96
   2661 1824.16
2447.91 1794.33
1274.8 1787.2
 2206.3 690.374
 1764.6 1671.55
784.645 1413.44
1520.61 1843.48
 3031.6 1796.86
3490.63 1183.23
1248.99 1419.11
1133.91 1796.61
3398.01 1727.77
250.032 609.904
3515.15 911.924
 1924.1 1750.74
 2646.3 1777.66
2370.38 1825.92
240.839  480.09
2616.36 1290.77
1129.49 1789.19
1517.31  1420.8
 1197.9 1855.29
723.027 638.729
1736.67 1835.21
 2733.6 1780.83
 2660.3 1816.79
1851.95 1294.28
 2951.1 1743.87
1528.02 723.546
 1791.9 1838.97
2251.84 1331.94
1366.08 1849.81
183.932 1823.44
861.875 1855.64
1851.24 1293.68
3530.57 967.825
3411.53 593.662
3732.59 1584.71
 1581.3 1841.42
 1107.1 1855.25
1248.78 1061.54
 4808.9 1751.81
3629.69 1103.25
3189.75 671.966
1440.78 1616.94
 1208.5 1764.28
863.204 1855.61
1525.19 1076.51
1259.84 1443.68
3284.54  296.05
3191.13 676.716
   1250 1419.18
3491.45 437.064
878.987 1856.82
162.063 1972.75
3489.28 892.744
3314.98 1783.92
2205.61 318.347
870.585 1855.46
 2379.2 1761.94
1197.81 1855.29
3424.49 1780.78
 1890.3 1285.79
3315.2   1784
 2961.4 1725.99
 2952.1 1743.28
3042.79 1800.88
1531.09 1626.25
1666.08 1841.87
 792.27 882.457
3681.01 1339.02
2371.28 1819.65
1428.53 1444.83
108.692 826.828
 3504.9 1768.37
2374.23 1819.72
3338.18 1813.44
2325.89 1827.66
1525.24 1076.52
796.015 1252.72
1267.27 546.319
 2348.1 1829.39
1256.62 1266.35
3519.82  956.27
346.062 1860.16
 2626.1 1683.62
 250.31 1772.92
  2970 1781.8
796.219 884.667
1268.85 546.724
722.615 1040.94
723.763  1380.4
3729.68 1571.11
 3043.6 1800.36
 1799.8 1666.53
 1763.9 1746.88
   3427 1743.95
357.169 1848.75
861.026 740.748
1872.46 1520.73
 3557.3 1765.57
2788.46  1404.5
2205.01 645.109
 2716.6 1822.34
1797.11  1685.4
2520.19 1805.04
2382.01 1826.88
1725.44 729.268
1250.57 1061.73
1890.37 1286.59
1725.24 729.207
3671.59 1762.23
2372.59 1819.66
723.74 1380.4
3357.08 1818.46
   3825 1775.19
3520.09 956.454
1016.92 1050.46
1823.08 1380.85
2205.16 974.276
   3259 301.627
3724.78 1559.82
724.233  1007.8
3338.67  1813.4
3285.83 296.913
3486.88 321.545
3010.61 424.548
878.749 1856.83
493.833 873.058
1020.33  656.35
 1763.9 1746.89
 161.43 2003.23
1520.41 1639.26
1023.63 139.876
1451.71 713.374
1586.31 1839.74
 3496.4 1736.46
3412.97 1193.17
510.423 486.724
860.613 834.313
493.087 872.955
1016.69 1050.43
1019.72 656.559
492.113 90.6379
3264.95 305.059
2837.18 1801.79
3204.84 322.747
1724.28 1075.42
3729.62 1571.05
2903.49 1785.43
3514.28 735.701
 2802.1 1766.72
 2521.2 1493.64
 2655.3 1845.55
1046.39 1854.94
   3134 1831.69
1263.27 1074.88
1991.56 310.202
 1092.8 1846.19
3417.62 1472.21
 2431.8 1824.15
3698.88 1591.84
2780.79  1813.5
 1907.8 1790.84
2916.79 1781.46
2903.49 1785.43
1022.97 139.657
474.036 504.065
   1825 1819.69
 1820.4 1819.78
3638.49  1635.5
1261.18 1086.69
1743.26 61.6415
3416.13 873.902
3493.39 857.573
653.574  712.06
 698.53 1606.17
1534.51 1616.12
1525.21    1429
161.839  248.65
 2800.6 1767.19
 1100.1 1851.71
3428.69 1772.53
1801.16 1533.04
1018.52 689.747
1848.29 1286.76
3497.24 1440.14
3140.78 687.552
3488.27 604.909
788.237 1245.13
1364.01 1808.46
 2978.3 1744.56
1459.21 1035.16
   3124 1784.77
3408.72 913.275
483.216 881.468
3704.95 1580.39
500.786  96.583
1434.41 1842.37
244.647 1863.92
 2794.2 1747.31
 1840.2 1761.45
3704.71 1580.29
232.427 366.751
2883.69 1773.37
2638.51 1693.09
88.4065 326.666
993.562 711.768
1363.74 1343.97
 1441.1 1079.29
3477.02 584.566
 3018.8 1805.38
 1801.6 1532.08
3497.29 1147.88
3196.56 325.854
2638.51 1696.58
318.186 1817.01
 1521.4 1638.49
 2663.3 1699.27
 2285.8 1777.11
 3599.3 1737.61
1017.11 1417.34
1763.92 118.472
507.162 864.824
714.504 1797.24
1459.07 923.964
3262.62 303.626
2886.71 1773.48
1718.9 735.68
1730.72 695.209
 1196.6 1804.58
 1781.9 1506.63
787.205 1267.51
1763.19 521.523
 1518.4 1758.45
511.061 684.274
1300.23  1103.6
3517.01 734.089
1435.99 1083.13
 708.53 1612.98
1445.97 1075.76
1696.68  1820.8
483.488 881.518
3415.04 623.023
1525.36 1429.03
1463.07 570.796
2468.27 1614.28
254.872 1824.69
 3651.4 1747.03
 2361.6 1326.38
   1070 1723.25
796.015 1421.78
1729.69 694.941
3331.98 1802.62
3123.1 1784.8
 3217.5 371.275
2117.69 1332.09
1019.23 1017.88
1824.29 1823.94
1418.79 1849.63
 2568.4 1820.09
2793.95 1293.46
3704.15 1580.77
3698.83 1591.76
1742.88 61.4959
862.087 1104.27
 3458.6 1742.13
1703.54 1097.29
1016.75 1417.32
3201.61 332.462
   1764 1751.96
2288.6 1411.3
1497.38 1812.39
3579.41  1784.4
 1045.5 1748.58
   1465 1755.79
223.342  1818.4
1518.09 1436.09
1783.61  1699.9
423.261 1643.34
1282.19 1820.94
 1728.2 1781.59
1254.01 157.294
   2757 1773.69
 1865.8 1515.95
2283.48 1410.83
3631.93 935.616
1534.01 1449.88
708.053 506.782
3389.47 1203.68
1902.82 1475.46
1045.75 809.471
 1045.6 1748.98
1454.73 679.362
778.496 1684.18
3389.88 1203.87
 1797.8 1637.36
1718.83 735.659
 3739.4 1741.74
1262.98 898.825
1229.8 1760.7
1763.96 247.166
 1802.1 1719.09
 1054.6 1762.21
1730.95 1041.83
 1811.4 1734.95
2292.9 1391.1
 3739.2 1741.63
1567.69 1820.47
 1454.4 1632.84
 1786.1 1780.35
1457.29  679.06
2542.57 1837.39
 2796.4 1738.38
159.475 2001.67
1046.74  809.66
1762.78 1176.96
 2709.6 1760.38
2348.19 1327.71
1770.49 1318.05
224.001 1822.05
1009.84 533.516
 1237.6 1764.03
 3633.6 936.188
3370.98  1820.3
   2533 1763.56
2478.89  1815.1
 1935.4 1746.21
 1799.1 1713.74
 1938.2 1746.23
 1237.2 1764.23
 1518.4 1757.67
 813.36 714.392
1710.21 1814.07
222.772 667.149
2370.13 1332.77
2792.3 1744.7
 1069.7 1762.16
2665.59 1701.02
693.757 706.754
 2637.8 1691.68
 1150.3 1764.31
1386.27 1318.95
3180.84 1836.79
1363.55 1410.23
1895.86 1417.46
1242.24 160.214
1017.54 1384.71
 1689.9 1799.76
 474.57 392.332
 1046.6 1854.94
225.995 680.498
 2537.7 1763.63
 2918.5 1781.48
 1829.8 1517.86
1379.02 1411.36
 2337.3 1777.23
245.074 1025.25
940.943  1406.7
741.369 403.889
924.549 1406.52
3749.12 888.906
359.855 1776.82
785.393 526.129
 1723.6 1785.19
446.172 1714.14
2615.76 1067.56
704.918  1233.1
63.8398 824.404
1440.36  553.44
 1831.9 1729.38
1451.14 1069.29
1012.36 695.385
   1822 1729.12
1475.92  733.79
1236.88 895.723
1291.94 525.006
 1430.7 1844.64
 3750.3 1741.59
3749.01 888.863
1451.44 1069.35
 1474.2 1277.28
 2633.7 1730.73
740.086 429.936
706.184 1233.24
1477.36 452.474
948.215  1803.7
 1136.1 1759.17
1861.5 1283.2
