1412.3 396.38
1412.2 396.65
3861.1 1705.4
4315.2   1824
3955.3 1797.7
4316.7   1824
3891.9 1850.6
3899.2 1857.8
5040.4 1582.7
3891.3 1848.5
5026.1 1626.1
4401.4 1855.5
5026.7 1573.5
4537.7 217.89
3539.5 1854.9
5026.1 1626.1
4548.7 1822.6
4234.4 1807.9
1981.2 1877.1
4598.4 1813.1
5026.7 1573.5
3539.5 1854.9
5163.6 1818.1
4445.1 1829.3
4234.4 1807.9
5043.4 1595.4
4047.3 1822.9
3533.9 1850.9
3815 1755
2391.9 1875.7
4023.5 1840.5
3919.4 1795.1
2145.4 1877.8
4445.6 1829.4
3901.8 1792.9
3774.9 1820.3
4293.8 1823.4
3930.2 1839.9
5041.2 1595.5
2046.8 1876.8
3958.2 1780.3
  5006 1323.7
3702.6 1761.2
3904.9 1790.2
4312.3 1790.6
3533.4 1850.2
4380.2 1860.9
3036.4   1298
3960.6 1782.7
3941.9 1793.5
  3680 1760.9
3049.5 1713.9
5039.3 1612.2
4593.7 1763.3
5039.3 1612.2
3049.5 1713.9
3934.3 1838.1
3785.6 316.36
  3680 1760.9
4788.6 1773.6
2897.1 1864.4
2897.1 1864.4
  2877 1862.7
3986.7 1794.1
3036.2 1298.6
4592.5 1804.7
2932.2   1825
4997.3 1329.4
5039.9 1607.5
2689 1282
2607.4 1807.5
3842.2 1760.4
2156.7 1799.2
2678.7 1403.2
4310.1 1865.6
2679.3 685.63
2678.7 685.57
3075.4   1781
1950.1 669.24
3877.8 1847.1
  1953 670.21
4201.2 1805.7
2191.4 1788.2
2403.6 678.76
2691.8 920.95
2914.4 1783.9
2679.8 1404.7
3035.4 1865.2
  2269 1868.5
2678.3  720.1
2677.7 1044.6
2677.7 1044.6
5042.8 1576.8
2675.5 1044.2
4332.5 1865.6
1739.3 1854.8
1368.3   1841
2676.2 1078.4
2679.5 720.58
2626.5   1789
1135.3 2017.5
2697.1 1806.8
2605.9 1798.4
3035.9   1281
3858.8 1851.7
3633.5 1819.4
2432.6 1808.6
3409.9 678.42
2928.2 1691.3
1950.3 1435.3
2663.1 1866.9
4270.9 1823.8
4785.2 1162.1
2406.5 1436.9
2288.6 1817.7
4684.8 1750.4
1437.8 654.48
4809.7 868.43
3098.1 1772.8
3847.4 1802.4
3549.4 1852.4
1429.4 528.24
3849.6   1293
2301.4 1810.1
2677.9 1436.4
2336.3 1877.4
1889.9 667.69
2885.4 1859.4
3938.7   1806
3858.2 1843.9
3019.3 1303.4
4187.2 1767.1
2685.7 727.36
2941.3 1863.5
  3450 1338.8
2508.6 1872.6
1368.3   1841
2009 1876
3021.4 1303.1
4827.3 928.34
4694.8 530.96
5056.7 1594.5
2728.8   1865
2246.4 1876.9
2405.6 1076.2
2301.4 1810.1
4938.8 1072.4
4455.5  624.4
2602.4 1636.2
2366.1 1785.3
2009 1876
2685.4 1086.2
2418.9 1461.7
4552.8 219.51
4455.8 629.03
2406.5 1436.9
4779.9 358.85
  2024 1877.3
1140.5 1993.4
  4782 848.94
4579.1 1810.9
  3407 295.76
2015.6 1875.9
3577.3 1785.2
2336.3 1877.4
  4711 1807.6
3057 1294
4579.1 1810.9
4199.3 1748.1
4188.4 1766.5
4282.6 1828.2
2691.6 1645.4
2813.9 1865.9
1957.7 907.42
  4999 1327.8
3552.3 1845.8
  2589 1461.6
1311.9 870.74
4799.9 1794.3
3552.3 1845.8
4605.8 1842.8
3502.5   1854
2685.4 1086.2
1962.6 1275.4
2422.3  556.7
3525.7 1855.9
2413.2 1282.6
4815.2 916.17
1505.3   1878
3828.3 1703.1
1487.1 1791.6
4210.2 1807.5
1960.8  909.4
2422.3  556.7
1890.9 1066.3
1892.8 1403.1
5053.6 1579.7
4283.2 1827.6
2963.4 1686.1
2926.8 1768.6
4716.2 1767.8
  1516 1866.8
2026.4 765.07
3039 1536
4855.8 1791.4
4023.2   1409
3409.7  632.2
3918 1850
2960.5 1705.5
3709.6   1831
3561.2 1853.4
2887.5 727.34
2406.2 1076.2
3058.9   1295
2887.5 727.34
4986.8 1788.1
3552.3 1845.8
1892.8 1403.1
4625.7 1848.3
5162.5 1802.4
4815.2 916.17
2178.6   1070
2987.6 1392.5
3412.2 971.51
4523.1 225.69
5047.7 1567.4
1891.5 1033.3
4605.8 1842.8
4552.8 219.51
4773.4 234.88
4262.4 371.13
  2024 1877.3
1669.9 905.46
2179.8 675.69
2926.8 1768.6
1139.9 2024.1
2681.8 1658.7
2178.8 159.73
  2610 719.66
2733.7 1863.3
4792.3 1759.7
4700.4 1174.5
1685.3 525.04
2026.8 858.23
1669.9 905.46
2178.6   1070
  2179 675.88
1665.6 136.86
4529.8 229.07
4054.2 1828.6
4466.4 251.85
2888.8 1081.3
5053.6 1579.7
4139.7 1811.2
4807.6 678.67
4014.1 1791.2
3740.3 1505.1
3849.6 1874.4
2185.9 1876.3
4363.7   1862
2421.1 1089.5
3185.3 296.79
  2232 1867.7
4705.9 1474.8
3616.2 1850.7
  5020 1602.5
3992.2 1840.8
3077.7 1814.1
4154.5   1807
4139.7 1811.2
2178.8 159.73
1648.7 543.03
2979.4 1843.7
2979.4 1843.7
4949.9 1650.1
2420.3 1101.6
2897.4 44.657
4702.7 831.51
4786.4 810.89
  1819 741.71
1866.8 1627.3
2695.5 1635.1
2686.2 1444.7
1359.8 307.15
4012.5 1791.7
2239.4 1873.3
4715.8 1798.7
2965.7   1549
2178.6  709.2
3015.1 1295.7
4792.7 1439.3
4403.5 643.17
4778.6 539.41
1954.3 1267.9
2520.8 1830.4
4217.5 1767.9
2618.3 1045.5
4353.6 1811.4
4695.1  874.1
1658.2 913.79
5025.8 1589.9
1673.4 142.14
2579.8 1865.3
1408.9 1881.2
4006.1 1770.5
3007.6 1783.7
5025.8 1589.9
1434.7 420.82
4115.4 1798.4
3840.7 1713.1
1306.3 388.93
2154.3 731.99
2523.6   1360
2601.5 1090.8
  4765 517.44
4258.7 1832.8
2965.4   1548
4791.8 1123.6
  4458 255.88
  3841 1716.8
  1497 1835.2
2682.4 1657.9
3866.3 1719.6
3482.6 1800.8
4906.5 1761.1
2179.6 1437.3
2918.6 101.39
1683.5 897.14
1882.4   1817
2618.6 932.87
4529.8 229.07
4115.4 1798.4
2881.1 734.16
2891.4  692.1
  2354 1825.9
2945.6   1522
1953.7 1290.2
2921.8  513.1
2679.8   1780
1685.3 719.09
2459.9   1118
4810.5 676.76
2596.5 1094.8
1876.4   1634
2606.2 1087.1
2846.1 1844.4
1658.2 913.79
4699.4 562.38
2686.2 1444.7
2619.2 574.58
3682.9 1631.2
1436.1 1842.5
  4965 1771.4
3577.2   1333
2229.3 1743.8
1963.3 1443.6
2891.4  692.1
4598.8 1831.1
4353.6 1811.4
4480.7 302.71
3315.2 1341.1
2180.4 1037.3
2978.2 1848.1
2560.4 1872.7
3760.5   1847
4031.5 1292.3
5025.3 1590.5
  5020 1602.5
2897.4 44.657
2028.4 1126.8
  4751 1765.9
2869.4 1104.3
2179.6 1437.3
4463.6 262.64
2926.8 1773.8
3487.1 1420.6
2653.8 1834.9
4880.4 1811.8
2204.8 1769.2
2625.3 1777.2
1407.1 1836.2
2679.6   1452
2947.2 1720.4
1598.5 1664.5
2426.4 1842.9
2894.2 1804.1
2404.9 165.67
3964.7 1798.5
3030.5   1531
3487.1 1420.6
4941.1 890.96
2695.6 1465.9
1874.8 537.61
4676.2 1186.7
3072.5 1489.3
2203.7 827.77
2204.5 1769.6
  2612 684.93
1945.3 1704.7
4676.2 1186.7
2960.1 1656.1
2881.1 734.16
5065.3 1765.7
 2419 911.8
2229.8   1782
2920.1 232.77
  2967 1740.1
2213.3 1782.9
2895.4 1046.8
  2975 1756.4
  3493 1399.7
5065.3 1765.7
2716.9 1843.5
  2615 1652.3
2946.8   1803
2614.6 684.56
  3746 1864.9
4008.5 1761.1
1138.2 2022.5
2203.7 827.77
  2926 1184.2
3914.4 1784.3
3563.7 1334.6
2934.2 1328.7
1407.7 1839.8
2168.9 553.35
2394.9 1785.1
4941.1 890.96
4640.3 1850.4
3734.7 1787.3
3666.9 1841.4
3111.4 1768.2
2963.3 1734.6
3111.4 1768.2
2394.8 1785.3
2679.5 1779.2
1979.6 740.23
2858.5 1837.5
1411.5 711.02
3586.8 1339.6
  4004 1767.8
2213.3 1782.9
3869.6 1721.4
1861.8 735.92
3839.6 1711.6
  2310 1785.2
2546.2 1334.4
  4419 1867.5
2539.4 1428.1
3061.5 1429.4
2392.7 169.02
2179.8 1404.6
2853.2 1822.6
1648.8 433.29
2185.9 1876.3
1417.3 724.38
3734.7 1787.3
4154.5   1807
2993.9 1533.2
2539.4 1428.1
3532.6 1801.1
1434.4 1060.3
2104.5 1427.3
1905.7 434.36
  2089 1427.3
5073.5 837.48
  1541 1795.8
1948.9 553.82
2884.6 1807.8
1618.6 1734.3
3845.2 1059.4
1874.6 1257.2
1269.7 869.47
2598.7 558.41
2995.6 1750.7
2611.9 1080.5
2172.4 714.99
2986.4 1750.4
2633.2 739.34
2392.4 909.24
2448.8  534.8
2576.2 1867.6
5065.3 1765.7
5073.5 837.48
2611.9 1080.5
2634.2   1291
3834.1 1752.8
1905.2 460.33
1874.6 1257.2
  2632 454.03
2106.9 1824.2
2296 1780
3028.3 1291.8
