206.37  338.6
206.61    339
2658.2   1686
3073.5 1797.3
2747.5 1772.8
  3075 1797.2
2690.6   1823
2697.8 1829.7
3717.8 1573.8
2690.8 1821.5
3705.4 1613.9
  3168 1826.2
  3706 1564.9
3271.2  294.9
2359.3 1828.2
3705.7 1614.8
3285.2   1794
2992.6 1781.4
831.31   1857
3333.1 1785.7
3706.1   1564
  2359 1827.6
3826.1 1789.5
3190.9 1801.6
2992.2 1781.5
3719.3 1585.5
2832.3 1797.4
2354.3 1825.2
2613.6 1732.6
1250.9 1853.8
2808.5 1814.3
2715.2 1770.8
1005.5 1856.9
3192.5 1801.9
2696.8   1769
2574.5 1796.1
3053.3 1795.2
2725.4 1813.4
3719.5 1585.4
899.21 1855.8
2749.7 1756.1
3688.3 1335.6
2502.8 1738.7
2702.3 1764.6
  3078 1764.8
  2353 1823.1
3150.9 1831.4
1869.5 1289.4
2751.8 1758.1
2733.6 1769.6
2481.1 1738.5
1877.7 1692.1
3716.6 1600.7
3329.7 1739.6
3717.1 1600.5
1864.1 1691.9
2728.2 1810.6
2565.9 352.16
2481.2 1738.5
3493.4 1749.5
1747.5 1839.3
1747.3 1840.2
  1728 1838.3
2777.5 1769.7
1868.9   1290
  3327 1779.1
1770.1 1801.8
3680.7 1340.8
3717.4   1597
1528.7 1269.8
1447.6 1785.7
2640.5 1738.1
995.71 1778.1
1517.9 1388.2
3076.7 1834.9
1522.2 681.88
1521.4 681.87
1903.6   1759
786.02 642.49
2678.8 1820.2
788.93 643.73
2962.1 1780.7
1031.5 1767.7
1249.2  667.2
1534.2 913.84
1750.2   1762
1519.1 1389.7
1880.5 1840.3
1126.6 1847.7
1520.2 715.66
1518.3 1035.4
1518.2 1035.3
3719.8 1567.1
1516.8 1035.2
3098.3 1835.9
 578.8 1835.8
184.28   1824
1516.8 1068.6
1522.2 716.64
1466.1 1767.6
156.72 1995.8
1537.2 1785.3
1446.2 1777.3
1870.5 1272.8
  2661 1824.2
2447.9 1793.6
1274.8 1787.5
2206.6 689.18
1764.6 1671.6
784.66 1413.2
1520.6 1843.1
3031.6 1796.8
3490.7 1182.9
1249 1419
1133.9 1795.8
  3398 1728.7
250.29 608.54
3515.3 911.43
1924.1 1750.5
2646.3 1777.5
2370.4 1826.9
240.98 479.42
2616.4 1290.4
1129.5 1790.4
1517.3   1421
1197.9 1855.4
723.07 638.51
1736.7 1836.6
2733.6 1780.8
2660.3 1816.9
  1852 1293.8
2951.1 1743.8
  1528 723.66
1791.9 1839.1
2251.9 1331.3
1366.1 1850.6
183.94 1824.1
861.88 1855.9
1851.2 1294.1
3530.7 967.38
3411.5 593.73
3732.6 1584.5
1581.3 1841.5
1107.1 1855.1
1248.8 1061.4
4808.9 1751.9
3629.7 1103.2
3190.1 670.96
1440.8 1616.2
1208.5 1764.5
 863.2 1855.4
1525.2 1076.4
1259.9 1442.7
3283.9 297.35
3191.2 676.52
  1250 1419.2
3490.9 438.22
878.99   1857
162.05 1972.4
3489.4 892.34
  3315 1785.2
2206.1 316.92
870.59 1855.7
2379.2 1761.4
1197.8   1855
3424.5 1781.5
1890.3 1285.8
3315.2 1784.3
2961.4 1726.1
2952.1 1743.6
3042.8 1801.6
1531.1 1625.9
1666.1 1842.8
792.34 882.01
3680.9 1339.7
2371.3 1820.8
1428.5 1445.4
108.82 825.97
3504.9 1768.2
2374.2 1818.2
3338.2 1814.4
2325.9   1828
1525.3 1076.1
795.99   1253
1267.2 546.63
2348.1 1829.6
1256.6 1266.6
3519.9    956
346.07 1860.6
2626.1 1683.5
250.31   1773
2970 1782
796.16 885.05
1268.8 546.94
722.57 1041.3
723.73 1380.9
3729.7 1570.8
3043.6 1800.5
1799.8 1666.6
1763.9 1747.1
  3427 1744.1
357.18 1849.4
860.87  741.6
1872.4 1521.9
3557.3 1765.5
2788.6   1403
2205.4 643.64
2716.6 1822.2
1797.1 1686.2
2520.2 1805.8
  2382 1826.6
1725.6 728.52
1250.6 1061.5
1890.4 1286.3
1725.3 728.93
3671.6 1763.4
2372.6   1820
723.72 1380.7
3357.1 1819.1
  3825 1775.1
3520.4 955.38
1016.9 1050.6
1823.1 1380.6
2205.4 972.96
3258.8 302.03
3724.8 1559.6
724.22 1007.9
3338.7 1814.6
3285.6 297.38
3486.9  321.5
3011.2 423.09
878.76 1857.4
493.84 873.01
1020.3 656.48
1763.9 1746.6
 161.4 2002.5
1520.4 1639.7
1023.7 139.66
1451.7  713.4
1586.3 1839.3
3496.4 1735.8
3413.2   1192
510.45  486.6
860.69 833.85
493.01 873.47
1016.6 1051.1
1019.7 656.65
492.48 89.364
3264.9 305.17
2837.2   1803
  3205 322.41
1724.3 1075.3
3729.6 1571.3
2903.5 1786.2
3514.2 735.92
2802.1   1767
2521.2 1493.7
2655.3 1845.6
1046.4 1855.7
  3134 1831.6
1263.1 1076.2
1991.9 309.16
1092.8 1846.1
3417.7 1471.4
2431.8 1824.1
3698.9 1591.5
2780.8 1813.9
1907.8 1790.9
2916.8   1782
2903.5 1786.3
1022.8  140.2
474.2 503.3
  1825 1819.7
1820.4 1819.8
3638.5 1635.3
1261.3 1085.8
1743.4 61.267
3416.3 873.34
3493.7 856.62
653.77 710.99
698.56   1605
1534.5 1616.5
1525.2 1429.2
161.55 249.82
2800.6 1767.5
1100.1 1851.6
3428.7 1773.2
1801.2 1532.1
1018.5 689.87
1848.3 1286.7
3497.3 1439.6
3141.2 686.29
3488.1 605.33
788.23 1245.2
  1364 1807.9
2978.3 1744.9
1459.2 1035.2
3124 1785
3408.9 912.67
483.25 881.24
  3705 1579.7
501.05 95.663
1434.4 1841.8
244.65 1864.1
2794.2 1746.6
1840.2 1761.7
3704.7 1580.4
232.51 366.39
2883.7 1774.5
2638.5 1693.5
88.635 325.68
 993.8 710.54
1363.7 1344.5
1441 1080
3477.3  583.9
3018.8 1805.1
1801.6 1532.1
3497.5 1146.9
3196.6 325.77
2638.5 1697.1
318.19 1817.4
1521.4 1638.5
2663.3 1699.5
2285.8 1777.1
3599.3 1737.6
1017.1 1417.5
1763.9 118.54
507.14 864.97
 714.5 1796.8
1459.1 923.79
3262.2  304.5
2886.7 1772.4
1718.9  735.7
1730.9 694.41
1196.6 1804.5
1781.9 1506.7
787.18 1267.8
1763.3  521.1
1518.4 1758.4
511.03 684.44
1300.2 1103.8
  3517 734.12
1435.9 1083.8
708.51 1613.8
1445.9 1076.3
1696.7   1822
483.48 881.57
3415.3 622.37
1525.4 1428.4
1463.2 570.26
2468.3 1613.5
254.88 1825.3
3651.4 1747.1
2361.6 1326.4
1070 1723
796.02 1421.7
1729.8 694.47
  3332 1803.6
3123.1 1784.8
3217.8 370.61
2117.7   1332
1019.2 1018.1
1824.3 1824.3
1418.8   1850
2568.4   1820
2794.1 1292.3
3704.1 1581.5
3698.8 1592.2
1743.1 60.888
862.06 1104.5
3458.6 1742.6
1703.5 1097.6
1016.7 1418.1
3201.7 332.27
  1764 1751.8
2288.7 1410.1
1497.4 1813.7
3579.4 1783.3
1045.5 1748.6
1465 1756
223.35 1819.1
1518.1 1435.9
1783.6 1700.5
423.24 1644.5
1282.2 1821.5
1728.2 1781.7
1254.2 156.69
2757 1774
1865.8   1516
2283.6 1409.4
  3632 935.39
1534 1450
708.26 505.85
3389.5 1203.5
1902.8 1475.8
1045.7 809.73
1045.6 1749.1
1454.9 678.59
 778.5 1683.8
3390.1 1202.7
1797.8 1637.2
1718.8 735.82
3739.4 1741.4
1263.1  898.1
1229.8 1760.7
  1764 247.03
1802.1   1719
1054.6 1762.1
  1731 1041.5
1811.4   1735
2293 1390
3739.2 1742.4
1567.7   1821
1454.4   1633
1786.1 1779.7
1457.3    679
2542.6 1838.8
2796.4 1738.9
159.46 2001.3
1046.7 809.88
1762.8 1176.8
2709.6 1760.8
2348.2 1327.6
1770.5 1317.9
 224 1822
1009.8  533.7
1237.6   1764
3633.5 936.52
  3371 1821.2
  2533 1764.6
2478.9 1815.7
1935.4 1747.4
1799.1 1713.5
1938.2 1746.8
1237.2 1764.4
1518.4 1757.6
 813.2 715.25
1710.2   1813
222.79 667.05
2370.1 1333.1
2792.3 1745.1
1069.7 1761.8
2665.6 1700.4
693.76 706.74
2637.8 1691.9
1150.3 1764.5
1386.3 1318.6
3180.8 1835.5
1363.5   1411
1895.8 1418.3
1242.3 160.01
1017.5 1385.3
1689.9 1799.7
474.82 391.26
1046.6 1854.8
226.04 680.24
2537.7 1762.8
2918.5 1781.4
1829.8 1517.9
  1379 1411.6
2337.3 1777.6
245.08 1025.2
940.93 1406.9
741.34 404.01
924.55 1406.5
3748.6 890.41
359.86 1777.9
785.41 526.05
1723.6 1785.1
446.18 1712.9
2615.7 1067.9
704.89 1233.4
63.918 823.88
1440.2 554.09
1831.9 1729.5
1451.1 1069.6
1012.2 696.22
  1822 1728.4
  1476 733.42
1236.8 896.21
1292.1 524.33
1430.7 1844.8
3750.3 1742.7
3748.5 890.34
1451.5 1068.9
1474.2 1277.3
2633.7 1730.6
740.18 429.54
706.06 1234.6
1477.5 451.93
948.22 1804.2
1136.1 1759.2
1861.6 1282.2
