67.024
2.90984
66.8653
2.82643
172.411
1317.77
589.029
0.321318
1034.75
0.828996
3185.93
3182.98
0.369017
864.351
861.563
1091.47
0.635692
0.0765431
0.198189
4602.47
10.5923
737.566
0.0759468
738.787
0.952676
0.663107
1.41189
0.805687
1.09168
0.48487
2.50204
11.7604
2.06295
1.51444
0.151783
736.215
0.639077
2.69921
1.72827
0.0719564
0.189964
4.12914
1.31953
0.323992
1.86165
1.16289
1217.96
0.441811
0.806511
2.33076
0.436621
0.531625
0.676754
0.901183
11.0914
2.55115
2.50134
1.17894
13.6746
9.58335
2596.67
0.407829
0.945066
0.964747
2845.71
2830.27
0.00901282
0.2077
2.85432
3.84994
1.72363
1.81108
1.80609
0.148983
1.50119
3173.42
4455.66
1045.56
1.11949
0.0782277
2.91742
0.265633
2648.02
0.663571
0.756215
2.97538
1.11043
3.97797
2.55166
584.374
0.0784918
3.39565
4810.14
4.46953
0.508451
1.55985
0.255764
0.404196
0.379382
0.279771
1.75595
0.0316068
0.0470302
0.973402
1.27549
0.0905866
0.390301
1.0146
0.0956003
2959.68
4.37321
1.28967
3384.32
0.870479
5.32207
0.639303
0.558579
0.00778863
0.928925
11.7544
3693.75
0.362697
3446.52
1.15765
0.307239
0.0792994
1.2167
0.350662
0.107075
0.0298437
1.63672
0.767498
0.240094
4.02953
3.118
683.177
4.31918
0.407227
2960.23
2.59644
0.0179503
893.545
3.58495
2586.75
1.04902
0.131008
1.16766
277.462
4.01904
0.322907
0.215861
0.395837
1.85825
1.16969
582.187
1.21121
0.317711
1780.37
0.0747272
7.57481
41.3799
6.1127
1.41537
3.97772
0.594048
2.40353
0.108367
214.598
1780.78
21.7887
0.493087
0.760296
0.121622
6.39782
0.641323
0.21257
1.62564
1.7716
2.84405
0.968387
6.36345
844.153
0.465417
3.39494
139.995
0.319196
1.90155
5.6974
1765.22
1.40241
0.723643
2.42444
0.40151
29.2721
0.226678
0.451016
6.30615
2.75244
1004.95
0.0514345
0.206391
0.94356
0.137472
0.230135
88.4439
0.256726
1.25421
1.58469
1.35642
0.527857
0.837983
0.869434
139.511
444.296
0.137037
238.436
0.391566
4.02369
21.9696
0.166095
3.07771
4396.84
0.295609
3.23194
2691.52
24.8338
34.2838
0.284038
0.108608
15.881
0.0933616
2.01244
1.47308
0.43244
0.414442
0.217471
1.96264
2.69843
4.40488
459.314
0.391589
3.29351
0.0495676
2.37798
0.361295
1852.47
0.713462
1764.79
0.794842
2.44234
16.685
2.929
0.480656
8.57964
1.06017
0.582593
7.2896
1.37772
6.29627
0.0236133
5.67651
0.577048
355.35
0.21259
228.78
2679.49
2122.63
37.3016
0.616524
1.3762
0.697975
1.8357
0.915838
5.81753
1.30021
2.2385
5.65884
1.13479
1.78678
0.327868
97.9184
2.95434
6.66008
784.534
20.7029
1.83496
0.65889
0.846512
4395.63
0.576386
12.0113
1498.99
0.635836
27.9933
0.413374
0.494321
0.52857
0.90862
0.240942
3.33519
0.171741
0.378822
0.782695
0.44205
0.729383
1.01617
0.588502
4.43369
0.276302
0.140088
0.431685
0.27699
1.33386
1.7476
2.30654
0.129921
2849.91
5.48016
28.6638
2.91053
2.96281
0.274249
1.58982
1.46781
0.55327
1.50975
0.455431
0.572816
0.558633
2.20488
6.38716
0.659823
0.619843
5.04619
1.21924
0.172691
2.10024
0.276537
0.49942
2.62033
3.47452
3.99425
6233.42
0.836525
3.87426
0.410697
0.198943
1271.49
2.28186
0.970258
6.06302
4.28912
0.0931675
2.97621
1.15144
0.0986533
224.275
7.39365
0.266577
3.13735
4.01505
0.581388
1.47437
0.875512
0.450787
5.10367
7.29527
0.0536825
0.870599
4.75847
1.25321
2.26576
0.258758
0.948265
1.06031
3.2375
1.35139
30.6278
266.206
6.0667
0.185987
807.377
4.42193
2.6883
21.3949
3.36968
541.664
0.230024
2.3351
3.65862
0.69681
0.237123
0.47173
1.47893
0.435914
0.534868
0.107755
0.0913878
1.51719
4.89763
0.163036
2.66804
2.14327
3.75204
0.182667
1.53768
0.090781
0.643246
0.776049
3.26958
913.06
0.118705
1.03872
109.061
5.93301
726.977
1.68508
3.71009
1.1352
4.70456
1.59264
0.0231083
6.60701
406.841
10.1834
0.0492094
186.085
0.385009
1.80298
1518.68
0.77995
4.34332
1.10733
1.87802
2.20478
4.81354
123.041
2.36715
1182.47
0.752898
0.389004
6.87274
2.47094
0.58899
0.224121
1.27673
1.87009
0.251555
0.12745
1.03187
2.52265
0.849864
3.71502
0.150585
1.12282
11.2128
876.98
0.650408
8.48799
544.821
0.0834589
0.437337
7.26313
1.1886
0.470313
5.96652
1.30932
1.94061
1.14184
0.366195
1.37384
1198.14
0.484158
0.199919
0.759072
2.18569
0.79684
2.08316
2244.44
2.51452
1.05897
111.734
1.42069
1.34602
0.532354
16.1754
0.0318177
1.89592
34.4161
0.172936
1.00152
0.799429
166.001
0.0187572
0.438934
3.16766
0.014054
0.0156308
0.315284
0.141537
17.5713
0.299923
0.895588
606.411
0.35084
1.81251
2.07948
0.0408018
3.46489
622.229
7.207
526.984
1.61368
0.151322
25.5026
3.78195
0.147542
0.586613
0.860463
0.10274
0.344149
0.405035
0.0627174
605.796
5.65314
1.35371
1386.08
1.66465
1.07602
2.36892
0.107478
3001.96
1.31506
1.25009
1.09317
1.5196
1.24261
670.521
24.3684
0.141438
0.0316205
0.494724
0.157521
0.951009
525.988
3.30348
18.5466
1.86879
0.00817864
1.36732
0.180291
0.448237
3.39292
0.702428
0.728709
0.177553
2.25082
4.65409
1.37408
0.831609
1.2661
0.461532
17.1081
0.889848
0.626751
1.56656
3.98906
0.395423
0.311953
11.4924
2.36225
7.0222
2.60845
2.07542
0.0383517
0.415435
3.51619
1.43791
0.378794
1.18703
9.48076
2.36942
1.12582
93.239
0.208277
5.82031
1.25747
0.605513
0.103512
2.81159
0.443309
5.93528
0.237586
1.93065
24.1497
3.7398
0.352695
0.672832
0.52793
0.241414
1.56913
325.382
0.766312
5.75297
3.03322
2.2533
1176.58
0.308623
0.324708
3.26564
11.2832
0.633452
180.386
1.46738
0.00477255
0.281027
0.172513
3.2542
254.61
0.228463
0.663825
0.104917
2.15898
71.8051
14.4791
1.45896
1.06079
0.309655
52.7719
1.28666
3000.54
0.121144
2.7342
9.0795
7.60262
1.00719
0.746183
0.44941
0.315668
0.80459
7.40694
0.22541
0.298365
3.71495
0.0933406
0.379422
0.0521731
0.650237
4.17122
1.7013
14.7896
706.355
7.23802
3014.51
3.74281
5.28859
2.02153
252.488
1.1701
4.21394
2.34253
0.479358
1.12964
0.350415
0.130066
1.76349
1961.19
38.3897
3.16644
2.11321
625.921
5.00381
0.206435
4.9008
0.652833
0.771499
10.3373
0.714818
18.4968
1.19263
4.5422
2000.8
0.0282255
27.1575
0.418388
3157.6
42.0596
0.380886
0.696511
2.45807
7.48644
1.55181
6.11093
1.65418
0.424027
1.18554
0.119753
2.23789
0.279665
0.536281
1.60967
720.348
0.150917
0.0852673
0.483108
0.725294
4.63601
0.0954924
1475.36
929.553
0.40486
0.251929
5.38887
0.0380445
114.345
2.9602
2.20693
0.162366
0.17417
2.53108
32.3732
1598.17
22.6346
3.7667
0.659898
38.5784
1304.77
0.616459
3.9726
52.3916
1.09256
1.3267
110.772
260.495
0.231386
0.621315
1.7099
1.41759
18.5845
4514.17
0.749759
433.536
0.987745
1.38425
735.407
3.92376
0.314279
4691.62
2.08407
2.90751
1094.48
32.0892
7.30213
0.894452
1316.22
5.3852
399.288
626.74
0.0451666
0.253225
0.820804
207.072
2.77317
11.495
74.9365
3672.78
1.11486
804.962
1.01869
0.0583572
1292.99
2041.76
1.99277
