198.248  333.87
198.509 334.283
2656.57 1687.03
3062.05 1795.65
2743.69  1771.7
3063.52 1795.56
2688.18 1820.67
2695.2 1827.2
 3695.3 1576.88
2688.37  1819.2
  3683 1616.2
3154.52  1823.9
3683.65 1568.17
3260.64 317.178
2364.98 1825.76
3683.29 1617.08
3269.34 1792.49
2982.97 1780.12
854.816 1855.28
3316.32 1784.39
3683.75 1567.29
2364.68 1825.17
3802.49 1788.32
3176.94 1799.88
2982.58 1780.21
3696.77 1588.35
2826.44 1795.71
 2360.1 1822.83
2613.07 1732.49
1275.16 1851.52
2803.21 1812.19
2712.17 1769.75
1030.06  1854.9
 3178.5 1800.18
2694.22 1767.99
2574.93 1794.42
3042.3 1793.6
2722.13 1811.31
3696.97 1588.25
923.262 1853.98
2745.83 1755.41
3666.65 1343.35
2504.99 1738.44
2699.59  1763.7
3066.45 1763.93
2358.83 1820.78
3137.79 1828.97
1885.44 1299.07
2747.88 1757.36
2730.13 1768.58
2483.83 1738.24
1893.98 1692.92
3694.09 1603.25
3312.98 1739.34
3694.58 1603.05
1880.64 1692.72
2724.86 1808.57
2566.36 376.654
2483.92 1738.24
3473.84 1749.03
1766.09 1836.85
 1765.9 1837.73
1746.92 1835.88
2772.96 1768.68
1884.85 1299.66
3310.33 1777.94
1788.33 1800.16
3659.12 1348.48
3694.88 1599.62
1549.76 1278.87
1470.38 1784.55
2639.31 1737.85
1020.32 1777.33
1539.45 1395.02
3065.19 1832.36
1539.91 699.194
1539.11 699.177
1919.38 1758.29
801.348 651.703
2676.67 1817.94
804.321 652.985
2953.17 1779.43
 1056.2 1767.07
1268.05 682.092
1553.46 928.664
1768.78 1761.25
1540.64 1396.49
1896.69 1837.74
1151.26 1845.69
1538.19 732.655
1538.43 1048.39
1538.33 1048.29
3697.29 1570.31
1536.94 1048.18
3086.32 1833.35
598.673 1834.74
192.502 1823.67
1537.12 1081.06
1540.18 733.641
1488.69 1766.81
163.254 1995.08
1558.94 1784.12
   1469 1776.32
1886.38 1282.82
 2659.3 1821.84
2451.43 1791.99
1298.99 1786.41
2214.39 710.175
1782.93 1672.85
807.142 1417.12
1542.51 1840.75
3021.09 1795.15
3472.14 1194.16
1272.88  1424.5
1158.61 1794.65
3380.03 1728.68
250.129 608.463
3497.61 927.074
1939.47 1749.98
2644.96 1776.28
2375.81 1824.49
237.727 477.692
2615.82 1300.87
1154.22 1789.35
1538.94 1427.18
1222.39 1853.16
737.274  646.79
1755.48 1834.22
2730.13  1779.5
2658.62 1814.72
1868.27 1303.34
2942.43 1743.42
1545.99  740.64
1809.73 1836.62
2259.94 1340.68
1389.59 1848.25
192.149 1823.77
885.655 1854.14
1867.48 1303.64
3512.51 982.116
 3397.1 613.658
3709.93 1587.35
1602.43 1839.13
1131.77 1852.99
1270.98 1072.41
4793.98 1751.74
3609.62 1115.29
3178.55  691.38
1463.61 1618.42
1233.02 1763.85
886.986 1853.65
1545.47 1088.78
 1283.8 1447.82
3273.17 319.536
 3179.6 696.872
1273.88 1424.69
3476.78 458.475
902.896  1855.2
168.914 1971.71
3472.16 908.397
3298.56  1783.9
2212.63  340.78
894.434 1853.93
 2384.4 1760.58
1222.29 1852.77
3406.08 1780.32
1905.85  1295.6
3298.76 1783.02
2952.49 1726.15
 2943.4 1743.22
3032.04 1799.84
1552.89    1628
   1686 1840.33
810.835 890.704
3659.32  1347.4
2376.69 1818.53
1451.15  1450.9
106.379 825.083
3485.16 1767.33
2379.52    1816
3321.34 1812.45
2332.37 1825.57
1545.57 1088.49
817.767 1258.76
1284.72 562.255
2354.04 1827.12
1279.88 1274.64
3501.91 970.964
359.962 1859.78
2625.26  1684.6
261.106 1772.79
2960.89  1780.7
814.741 893.772
1286.32 562.582
741.701 1048.33
745.289 1384.91
3707.08 1573.93
3032.82 1798.77
1817.51 1667.97
1782.25 1746.68
3408.53 1743.74
371.439 1848.63
878.563 751.682
1888.67 1526.56
3536.77  1764.7
2783.86 1410.83
2213.08 665.174
2713.54 1819.89
1814.86 1687.13
2521.96 1803.89
2387.13 1824.19
1741.48 746.835
1272.78 1072.52
1905.94 1296.09
1741.18 747.239
3649.54 1762.68
2377.96 1817.75
745.278 1384.71
3339.89 1817.05
3801.39  1774.2
3502.41 970.351
1038.95 1060.08
1840.07 1388.27
2213.92 989.601
3248.34  324.39
3702.25 1562.95
743.053 1015.16
3321.83 1812.64
3274.85 319.554
3473.85 342.012
3003.71 446.393
902.664 1855.59
506.261 878.071
1038.39 668.816
1782.25 1746.19
168.096 2001.74
1542.33 1641.51
1033.86 149.952
 1470.2 729.857
1607.36 1836.97
3476.79 1735.63
3395.82 1203.35
517.033 490.526
879.486 843.557
505.415  878.52
1038.65 1060.57
1037.79 668.978
489.521 87.0544
3254.35 327.485
2831.22 1801.17
3195.11 345.098
1741.99 1088.61
3706.98 1574.42
2895.94 1784.79
3497.58 753.794
2796.96 1766.05
2522.93 1499.42
2653.75 1842.71
1071.05 1853.66
3121.25 1829.16
1285.33  1087.1
2001.54 331.949
1117.49 1844.16
3399.58 1477.03
2435.72 1821.75
3676.59 1594.25
2776.18  1811.8
1923.49 1789.46
2908.93 1780.69
2895.94 1784.89
1032.96 150.482
 480.02 506.665
1842.24 1817.64
1837.73 1817.74
3616.88 1637.21
1283.59 1096.56
1753.54 81.1903
3400.18 890.051
 3476.6 873.147
667.704 718.301
720.484 1606.42
1556.24 1618.79
1546.76 1435.24
148.943 242.152
 2795.5 1766.53
1124.78 1849.56
3410.21  1772.2
1818.79 1536.46
1036.99 702.068
1864.62 1296.38
3477.94 1445.77
3130.42 706.746
 3472.7 624.626
809.867 1250.99
1387.55 1806.37
   2969 1744.49
 1479.9 1047.86
3111.45 1783.66
 3392.7 928.841
495.494 886.157
3682.64 1582.68
498.548 93.7098
1457.27 1839.55
255.096 1863.49
2789.25 1746.14
1857.18 1760.94
3682.34 1583.37
226.265 362.786
2876.61 1773.37
2637.36 1694.35
74.3067 317.654
1012.37 722.361
1386.63 1351.66
1462.11 1091.89
3462.18 603.442
3008.58 1803.25
1819.18 1536.46
3478.97 1158.79
 3186.8 348.504
2637.36 1697.86
331.272 1816.89
1543.32 1640.33
2661.55  1700.2
2293.23 1775.91
3578.17  1737.4
1041.23 1422.26
1774.47 139.088
519.806 870.213
736.725 1795.99
1479.12 938.001
3251.68 326.834
2879.54 1771.32
1734.91 753.893
1746.49 713.125
1221.14 1803.15
 1799.8 1511.59
808.946 1273.35
 1777.3 541.493
1540.39 1757.78
521.136 689.508
1322.43 1114.54
3500.36 751.995
1457.08  1095.6
730.593 1615.14
1466.95 1088.27
1716.14 1819.96
495.735  886.49
3400.66 642.027
1546.96 1434.46
1480.34 587.838
2471.33 1616.31
265.777 1824.85
3629.59 1746.71
 2367.1 1335.98
1094.76 1723.08
818.665 1425.56
1745.41 713.177
3315.25 1801.89
3110.57 1783.46
3207.43 393.099
2128.73 1341.21
   1041 1027.94
1841.55 1822.14
1441.82 1847.61
2568.98 1817.74
2789.29 1302.67
3681.75 1584.44
3676.49 1594.94
1753.24  80.805
883.479 1112.22
 3439.6 1742.28
1721.59 1110.43
1040.83 1422.85
3191.79 354.959
1782.35 1751.27
2295.96 1417.71
1519.61 1811.96
3558.56 1782.13
1070.23 1748.27
 1487.6 1755.44
233.095 1818.73
1539.76 1441.79
1801.61 1701.11
439.478 1645.13
1306.32 1819.78
1747.15 1780.52
1266.45 171.077
2752.96 1772.87
1882.19 1520.78
2290.98 1417.02
3612.79 950.029
 1555.5 1455.65
720.049 513.498
3372.47  1214.7
1918.44 1481.52
1065.68 821.594
1070.33 1748.76
1473.08 695.365
801.556 1684.36
3373.06 1213.91
1815.53 1639.23
1734.81 754.011
3716.58 1741.13
1284.05 911.184
1254.23 1760.11
1775.77 268.089
1819.78  1719.2
1079.34 1761.55
1748.45 1055.41
1828.91 1734.84
2300.14 1398.07
3716.38 1742.11
1589.03 1819.06
1477.08 1634.89
1804.06 1778.55
1475.46 695.793
2543.81 1836.08
 2791.4 1738.63
166.081 2000.56
1066.68 821.754
1780.26 1188.41
2706.71 1759.99
2354.01 1337.14
1788.24 1326.76
233.765 1821.61
 1026.2 546.083
   1262 1763.35
3614.27 951.134
3353.54 1819.11
2534.45  1763.7
2481.68 1813.55
1950.55 1746.95
1816.83 1713.82
1953.29 1746.37
 1261.6 1763.74
1540.39 1756.99
829.939  724.78
1729.43 1811.15
222.609 666.969
 2375.4 1342.53
 2787.4 1744.68
1094.45 1761.25
2663.79 1701.08
708.423 714.629
2636.67 1692.79
1174.99 1763.87
1408.95 1326.29
3167.06 1832.99
1386.63 1416.97
1911.49 1425.28
1254.55 174.242
1041.51 1390.53
1709.46 1798.15
478.386 393.512
1071.25 1852.78
226.243  680.33
2539.04 1761.94
2910.59 1780.11
1846.86  1522.6
1402.01  1417.6
2343.51 1776.39
 251.38 1027.09
964.707 1411.52
751.989 411.629
 948.23 1411.07
3728.62 904.879
374.303 1777.58
 798.95 535.058
1742.62 1783.85
463.085 1713.02
2615.15 1083.12
725.316 1238.75
59.2541 822.212
1457.31 571.528
1849.04 1729.47
1472.07  1081.7
1030.72 708.318
1839.32 1728.39
1494.49 749.896
1257.8  909.1
1309.35 540.303
1453.61  1842.5
3727.37 1742.41
3728.52 904.811
1472.46 1081.01
1495.88 1286.04
2632.67 1730.54
751.267 437.314
726.512 1239.95
1493.38 470.114
972.619 1803.07
1160.82 1758.67
1877.66 1292.01
