-0.383135 -0.432475
-0.383167 -0.432386
   0.409809 -0.00729784
 0.559263 0.0311567
0.440638 0.022528
 0.559761 0.0311573
   0.4199 0.0396029
 0.422291 0.0419319
  0.803669 -0.0476937
 0.419703 0.0389242
  0.798734 -0.0334378
 0.587918 0.0414279
   0.79898 -0.0507013
 0.638782 -0.495776
 0.305176 0.0408727
  0.798734 -0.0334378
 0.637073 0.0308004
 0.532498 0.0259051
-0.196356 0.0479316
 0.653729 0.0277274
   0.79898 -0.0507013
 0.305176 0.0408727
 0.846028 0.0296419
 0.602462 0.0329337
 0.532498 0.0259051
  0.804688 -0.0435268
 0.470831 0.0307029
  0.30336 0.0395826
  0.394756 0.00871498
-0.0642481  0.0474235
  0.46302 0.0363882
 0.428881 0.0216799
-0.143478  0.048126
 0.602628 0.0329664
 0.423121 0.0209655
 0.381688 0.0297826
 0.552168 0.0309536
 0.432429 0.0361596
  0.803933 -0.0434922
-0.175218 0.0478218
 0.441584 0.0169045
 0.792304 -0.132696
 0.358131 0.0107059
 0.424135 0.0200938
 0.558291 0.0203156
0.303197 0.039357
 0.580869 0.0431705
 0.142856 -0.138227
 0.442371 0.0176806
 0.436247 0.0211676
 0.350779 0.0106072
   0.146974 -0.00452968
  0.803269 -0.0380086
 0.652138 0.0115005
  0.803269 -0.0380086
   0.146974 -0.00452968
 0.433771 0.0355794
 0.388013 -0.458893
 0.350779 0.0106072
 0.717821 0.0149015
0.0979794 0.0438033
0.0979794 0.0438033
0.0915203 0.0432554
  0.45093 0.0213712
 0.142791 -0.138033
 0.651746 0.0249882
0.109257 0.031152
 0.789311 -0.130803
  0.803478 -0.0395519
0.0311615 -0.143279
0.00494363  0.0255207
 0.403636 0.0104606
-0.139834  0.022872
0.0278428 -0.104306
 0.557592 0.0446567
0.0281367 -0.335955
0.0279433 -0.335974
 0.155309 0.0170281
-0.207218 -0.341789
0.415288 0.038467
-0.206278 -0.341469
 0.521525 0.0251817
-0.128673 0.0193363
-0.0607306  -0.338222
0.0321143 -0.259698
 0.103533 0.0179513
 0.028196 -0.103824
0.142447 0.044077
-0.103732  0.045122
0.0278072 -0.324761
0.0275582 -0.219758
0.0275582 -0.219758
  0.804498 -0.0496328
0.0268508 -0.219887
 0.565024 0.0446695
 -0.27447 0.0408148
-0.395002 0.0364756
0.0270714 -0.208855
0.0281938 -0.324605
0.0110749 0.0195818
-0.471421 0.0936888
 0.03374 0.025297
0.00446208  0.0225993
 0.142703 -0.143699
  0.40908 0.0399457
0.335673 0.029458
-0.0511745  0.0258762
 0.264266 -0.339123
  0.107968 -0.0117859
 -0.206366 -0.0941303
0.0228256 0.0445919
 0.544582 0.0310745
 0.717521 -0.185138
-0.0595728  -0.093486
-0.0974293  0.0288049
  0.682762 0.00730785
-0.373911 -0.347774
 0.726967 -0.281769
 0.162615 0.0143947
 0.405341 0.0240221
 0.308385 0.0400701
-0.377059 -0.389111
0.406335 -0.14055
-0.0933158  0.0263635
 0.0275838 -0.0936374
-0.0821079  0.0479739
-0.226723 -0.342396
0.0942192 0.0421963
 0.435202 0.0252066
 0.408881 0.0374264
 0.137349 -0.136481
 0.516893 0.0126696
0.0301901 -0.322406
 0.112185 0.0435188
 0.276323 -0.125344
-0.0267747  0.0464224
-0.395002 0.0364756
-0.187396 0.0475721
 0.138025 -0.136579
0.732678 -0.26211
 0.689812 -0.392683
 0.809253 -0.043833
0.0439198  0.043984
-0.110998 0.0478228
-0.0599367  -0.209585
-0.0933158  0.0263635
 0.770093 -0.215133
 0.608658 -0.360459
0.00333858 -0.0294694
-0.0725299  0.0183974
-0.187396 0.0475721
0.0300283  -0.20634
-0.0555869 -0.0855158
  0.64387 -0.495345
 0.608735 -0.358934
-0.0595728  -0.093486
 0.719904 -0.450503
-0.182563  0.047987
-0.469689 0.0858804
  0.71765 -0.288063
 0.647254 0.0270029
 0.26425 -0.46438
-0.185269 0.0475386
 0.317421 0.0184274
-0.0821079  0.0479739
 0.691609 0.0259802
  0.14949 -0.139524
 0.647254 0.0270029
  0.520886 0.00651391
 0.517289 0.0124753
 0.548459 0.0325065
 0.0319743 -0.0265168
0.0712493 0.0442779
-0.204421 -0.264454
 0.789897 -0.131332
 0.309324 0.0379448
-0.000963272   -0.0855385
-0.414526 -0.277601
 0.721654 0.0216702
 0.309324 0.0379448
 0.656227 0.0374093
 0.293185 0.0405725
0.0300283  -0.20634
-0.202488 -0.145608
-0.0547559  -0.377935
 0.300703 0.0411909
-0.0574445  -0.143097
 0.728619 -0.266064
-0.350383 0.0483643
   0.399097 -0.00803811
 -0.35628 0.0205081
 0.524498 0.0257679
-0.203416 -0.263809
-0.0547559  -0.377935
-0.225827 -0.213136
-0.224938 -0.104523
  0.808201 -0.0486904
 0.548657 0.0323121
  0.119283 -0.0134571
 0.107518 0.0130383
0.693351 0.012991
  -0.3469 0.0447488
-0.182395 -0.310526
  0.143615 -0.0616869
 0.740614 0.0207417
 0.463074 -0.103214
 0.264298 -0.354186
0.428439 0.039419
    0.11835 -0.00722627
0.360421 0.033217
 0.312213 0.0403957
0.0952375 -0.322505
-0.0597437  -0.209585
 0.150101 -0.139203
0.0952375 -0.322505
  0.78526 0.0197069
 0.309324 0.0379448
-0.224938 -0.104523
 0.662914 0.0392135
 0.84564 0.024476
 0.728619 -0.266064
-0.132999 -0.211691
 0.127116 -0.107804
 0.264497 -0.243952
 0.633799 -0.493067
  0.806188 -0.0527238
 -0.22567 -0.223802
 0.656227 0.0374093
  0.64387 -0.495345
 0.718646 -0.491897
 0.545467 -0.443084
-0.182563  0.047987
-0.297666 -0.265527
-0.132941 -0.339387
 0.107518 0.0130383
-0.469916 0.0958213
 0.0288278 -0.0222468
-0.133931 -0.508325
0.00579974  -0.324895
0.0454931 0.0434384
 0.719071 0.0103597
 0.688805 -0.180826
-0.293498 -0.389397
-0.182151 -0.280307
-0.297666 -0.265527
-0.132999 -0.211691
-0.133199 -0.339326
-0.301121 -0.517192
 0.636036 -0.491987
 0.473101 0.0325495
 0.614514 -0.483949
 0.095452 -0.207981
  0.808201 -0.0486904
0.501235 0.026945
 0.727239 -0.344427
 0.459919 0.0204394
  0.37047 -0.071913
 0.406084 0.0472731
-0.13045 0.047638
 0.575384 0.0435184
-0.0549481  -0.205292
 0.192144 -0.463505
-0.115626 0.0448692
  0.690038 -0.0826518
 0.330062 0.0395417
   0.79666 -0.0411783
 0.452748 0.0364733
 0.156052 0.0276634
 0.506113 0.0255891
0.501235 0.026945
-0.133931 -0.508325
-0.305373 -0.383608
 0.124433 0.0371628
 0.124433 0.0371628
  0.772661 -0.0255271
-0.0552022   -0.20139
0.0990984 -0.546223
 0.690862 -0.293434
0.719327 -0.30063
-0.249575 -0.318438
-0.233252 -0.032389
 0.0332266 -0.0298237
0.0302487 -0.090971
-0.400739 -0.462092
 0.459394 0.0206008
-0.113247 0.0466672
0.693225 0.023077
  0.120036 -0.0574964
-0.133295 -0.328497
    0.136 -0.138958
  0.719427 -0.0943784
 0.591162 -0.354022
 0.718215 -0.390407
-0.205171 -0.148031
-0.022857  0.032873
 0.526901 0.0129335
0.00845694  -0.219462
 0.572005 0.0270806
 0.688101 -0.279382
-0.301452 -0.262846
  0.798658 -0.0453179
-0.298552 -0.515416
-0.00391656   0.0440773
-0.381774 0.0494361
  0.45729 0.0137436
 0.133497 0.0178916
  0.798658 -0.0453179
-0.375698 -0.424354
 0.493225 0.0227931
   0.403145 -0.00481049
-0.417997 -0.435348
-0.141117 -0.321119
-0.0219682  -0.118191
0.00305411  -0.204851
  0.71373 -0.397613
 0.540546 0.0339889
   0.11994 -0.0578177
  0.71988 -0.197789
0.611661 -0.48255
   0.403243 -0.00361595
-0.353069 0.0345653
 0.0290204 -0.0225037
  0.411508 -0.0027126
 0.286728 0.0234379
  0.75785 0.0108381
 -0.132507 -0.0934039
 0.105909 -0.527473
-0.293264 -0.268202
-0.228214 0.0286233
0.00855864  -0.255836
 0.636036 -0.491987
 0.493225 0.0227931
0.0931689 -0.320287
0.0965207 -0.333954
-0.0764182  0.0314342
  0.113578 -0.0661681
 -0.20535 -0.140846
 0.106486 -0.392269
0.0281855  0.016693
-0.293033 -0.326066
-0.0424656  -0.196094
 0.728237 -0.345076
0.00144666  -0.203561
 -0.230152 -0.0302324
0.00456517  -0.206044
0.0815912 0.0373759
-0.301452 -0.262846
 0.691179 -0.382297
0.0302487 -0.090971
0.00877419  -0.372071
  0.351732 -0.0312107
-0.372896 0.0369379
 0.777804 0.0142253
 0.317567 -0.127323
 -0.116486 0.00507436
 -0.20217 -0.091454
0.0965207 -0.333954
 0.653872 0.0335929
 0.572005 0.0270806
 0.618985 -0.467111
 0.232726 -0.124505
 -0.13244 -0.222246
 0.124047 0.0385761
-0.0101446  0.0464535
 0.377003 0.0383939
 0.465952 -0.141032
  0.798486 -0.0451205
   0.79666 -0.0411783
0.0990984 -0.546223
-0.181371 -0.193471
 0.705101 0.0123776
0.0891997 -0.200555
 -0.132507 -0.0934039
 0.613499 -0.480336
 0.107518 0.0147083
   0.28828 -0.0990025
0.0198393 0.0343176
 0.748984 0.0274274
-0.124363 0.0132328
0.0106897 0.0157938
-0.382345 0.0349141
 0.0281289 -0.0886252
   0.114074 -0.00244078
 -0.320083 -0.0204582
-0.0531667  0.0368892
0.0970429 0.0244373
-0.0606103  -0.506111
 0.443718 0.0227888
 0.140881 -0.063292
   0.28828 -0.0990025
 0.771662 -0.274962
  0.033266 -0.0841604
-0.231867 -0.384847
 0.680607 -0.176765
  0.154407 -0.0767053
-0.125088 -0.290002
 -0.12446 0.0133613
0.00644585  -0.336174
  -0.207914 -0.00749096
 0.680607 -0.176765
  0.118224 -0.0230923
0.0931689 -0.320287
 0.812156 0.0123795
-0.0556762  -0.262676
-0.116326 0.0173429
 0.106235 -0.484137
   0.12044 0.00388619
-0.121631 0.0176327
0.0975924 -0.219116
  0.123012 0.00912153
 0.290205 -0.105743
 0.812156 0.0123795
 0.040098 0.0370802
0.00738333 -0.0243008
 0.113948 0.0240871
0.00728383  -0.336294
 0.372284 0.0441644
 0.458076 0.0107041
-0.470473  0.095305
-0.125088 -0.290002
 0.107377 -0.174825
 0.427242 0.0181895
 0.313184 -0.126795
  0.10996 -0.128308
 -0.38215 0.0360756
-0.136598 -0.379237
-0.0632803  0.0183323
 0.771662 -0.274962
0.667822 0.039907
 0.368583 0.0191275
 0.346534 0.0365587
 0.166897 0.0129173
   0.11925 0.00211972
 0.166897 0.0129173
-0.0633124  0.0183965
0.0280892 0.0164362
-0.197563 -0.318658
0.0855744  0.035161
 -0.38235 -0.329388
 0.320678 -0.125202
   0.4566 0.0128702
-0.121631 0.0176327
   0.412586 -0.00213139
 -0.23571 -0.320245
   0.402786 -0.00529472
-0.0905515  0.0183672
-0.0147106  -0.126421
 0.593785 0.0453383
-0.0168907 -0.0963027
  0.150884 -0.0959616
-0.0645611  -0.505015
-0.132452 -0.103918
0.0838708 0.0303759
-0.305648 -0.419556
-0.13045 0.047638
-0.380415 -0.325012
 0.368583 0.0191275
 0.506113 0.0255891
  0.129107 -0.0625779
-0.0168907 -0.0963027
 0.302927 0.0235424
-0.374045 -0.215748
-0.156679 -0.096643
-0.222052 -0.418557
  -0.16167 -0.0966484
 0.817398 -0.293334
-0.338755 0.0218531
-0.207804 -0.379412
0.0939583  0.025625
 -0.313557 0.00202939
 0.405282 -0.216224
-0.230913 -0.151539
-0.428369 -0.278127
0.00216158  -0.377338
  0.129636 0.00729123
0.00639788  -0.208172
-0.135291 -0.326622
  0.126678 0.00719467
0.0132731  -0.31851
-0.0642402  -0.263514
-0.0462128  -0.385063
-0.00507228   0.0448158
 0.812156 0.0123795
 0.817398 -0.293334
0.00639788  -0.208172
0.0135561 -0.140379
  0.400991 0.00800625
 -0.22216 -0.410054
-0.230913 -0.151539
0.0129172 -0.411402
 -0.15586 0.0309086
-0.0950495  0.0166979
 0.140251 -0.140219
