-0.375545 -0.439186
-0.375546 -0.439095
-0.411013 -0.431198
  -0.3771 0.0563971
-0.479182 -0.425834
-0.409199 -0.423603
-0.589369 -0.143223
 -0.54174 0.0336518
-0.589087 -0.141479
-0.541631 0.0334291
-0.605065 0.0455273
-0.143431  0.047896
-0.195851 0.0478083
-0.609633 0.0190285
-0.534083 0.0231195
-0.609531 0.0189968
0.0439091 0.0439733
0.0978439 0.0440602
 0.022822 0.0445848
 0.136991 0.0451397
  0.146773 -0.0045235
-0.128535 0.0193156
0.0979081 0.0437714
0.0311192 -0.143084
-0.344502   0.04639
 0.109168 0.0311266
0.0110746 0.0195812
 0.142436 -0.137691
-0.204235 -0.338087
0.0279368 -0.333568
-0.367585 -0.446962
-0.273144 0.0406177
-0.110895 0.0477787
 0.109296 0.0309661
0.00494342  0.0255196
0.0278224  -0.10423
-0.368362 -0.330602
-0.461046 -0.342884
-0.204784 -0.327792
-0.139657  0.022843
-0.368426 -0.330582
-0.059771 -0.335495
0.0319763 -0.258582
0.0275672 -0.093581
-0.437794  -0.38245
 0.142334 -0.143328
 0.142247 0.0440152
-0.461895 -0.342746
0.0281754 -0.103748
-0.367902 -0.342186
-0.372179 -0.454912
0.0326489 -0.258948
0.0269958 -0.208272
 -0.205699 -0.0938258
-0.391102 0.0360545
-0.0272192  0.0461892
0.0280065  -0.32245
 -0.46134 -0.448477
-0.462355 -0.224422
 0.156929 0.0150128
-0.0272513  0.0463497
-0.205046 -0.211771
-0.389454 0.0361517
  0.107887 -0.0117771
0.0276014 -0.219016
 0.162342 0.0143705
0.0337362 0.0252941
-0.103649 0.0450856
0.0279898 0.0422094
0.00446193  0.0225986
-0.664562 0.0513247
0.0274732  -0.21908
-0.368473 -0.341966
-0.0511639  0.0258708
-0.533279  -0.38374
  0.107887 -0.0117129
-0.296411 -0.445213
-0.182153 0.0478793
0.00731029  -0.446614
-0.380934 0.0224436
-0.347647 0.0479866
-0.224464  -0.21185
-0.298318 -0.213249
-0.0503937   0.024266
 0.582941 0.0263268
-0.440276 -0.264609
-0.298477  -0.21328
 0.112115 0.0434149
-0.0725043  0.0183909
 -0.29805 -0.340406
0.00333839 -0.0294677
0.0299921 -0.320291
-0.577083 0.0202897
  0.158739 -0.0607501
 0.126893 -0.107615
-0.184842 0.0474291
-0.475334 0.0420407
-0.0932604  0.0263478
-0.664732 0.0513561
-0.585975 -0.139939
-0.441866 -0.331105
-0.368706 -0.431237
-0.0810042   0.038063
-0.749282 0.0487154
0.00425722  -0.320709
-0.0525438 -0.0267694
-0.585969 -0.139843
-0.439318 -0.448321
0.000706198  -0.0303344
-0.465556 -0.265535
-0.201697 -0.145039
-0.0524473 -0.0292087
-0.202005 -0.261979
0.0299462 -0.205776
-0.442494 -0.342597
-0.587371 -0.124917
-0.592362  -0.13921
  -0.5923 -0.139211
-0.408161 -0.273338
 0.0319708 -0.0265139
-0.0595652  -0.208959
  -0.412525 -0.00412142
-0.443517 -0.223894
-0.466603 -0.146425
-0.132476  -0.21086
 0.155805 0.0276196
0.0945643 -0.320226
0.0294189 -0.371347
 0.094692 -0.320362
0.0289073 -0.371426
-0.0898252  0.0431636
-0.224244 -0.222387
-0.230365 0.0230141
0.00576143  -0.322749
-0.132095 -0.336513
0.00588945  -0.322911
0.00464134  -0.320553
-0.438947 -0.447801
-0.0228547  0.0328697
-0.288264 -0.449844
-0.000962827    -0.085499
-0.11314 0.046623
-0.488625 0.0362865
  -0.05494 -0.0883147
  0.152028 0.00699347
-0.0570367 -0.0264802
0.0288254 -0.022245
-0.132637 -0.210732
-0.366605 -0.507608
0.0306198 -0.204848
 -0.40592 -0.273082
-0.230174 0.0230783
0.0127432 0.0451308
-0.289188 -0.383679
 0.109619 -0.178584
-0.603921 0.0103582
-0.369288 -0.224083
-0.139928 -0.380197
-0.121515 0.0176159
0.0951377 -0.207296
-0.586693 -0.146378
 -0.463377 -0.0210597
-0.465994 -0.209909
0.0127432  0.045195
0.00843128  -0.218797
0.00862363  -0.218797
  0.119175 -0.0134448
-0.158751 0.0336812
 -0.37825 0.0489797
-0.180879 -0.278349
-0.577857 -0.103165
  0.119303 0.00243869
  0.119143 0.00211781
  -0.20021 -0.0284411
 0.133344 0.0178711
-0.440087 0.0236263
 -0.59721 0.0270451
-0.486134 -0.318013
 -0.232439 -0.0322761
-0.0539133 -0.0879621
 -0.463755 -0.0212509
-0.369631 0.0366146
-0.246787 -0.391792
0.00612982  -0.091177
-0.0905026  0.0183573
  -0.46678 -0.0244397
-0.208927 -0.191279
-0.0763853  0.0314207
-0.295364 -0.380771
-0.439748 -0.328329
-0.460989 -0.379136
-0.534795 -0.511595
 -0.35039 0.0344216
0.127007 -0.12457
0.0281836 0.0166919
 -0.30084 -0.377914
0.00852342  -0.254783
 -0.469078 -0.0274052
 0.0332224 -0.0298199
-0.508512 -0.447175
-0.284125 0.0209146
-0.247033 -0.315196
 -0.132287 -0.0932491
-0.0588318  0.0441961
-0.593438 0.0184987
-0.527439 -0.386789
-0.486452 0.0378192
-0.248301 -0.278068
0.00304604  -0.204309
-0.227391 0.0283358
0.00455297  -0.205493
 -0.49007 0.0382618
 -0.224305 -0.0937729
-0.227455 0.0285281
 -0.53162 -0.206665
-0.536582 -0.331963
0.0064003 -0.333798
0.00869841  -0.368857
-0.204346 -0.147436
  0.114202 -0.0308048
 -0.224337 -0.0936768
-0.588093 -0.147355
0.00246213  -0.374633
 -0.12424 0.0132198
-0.0554243  -0.261487
 0.0302312 -0.0909182
0.123915 0.038535
0.0957922 -0.331433
 0.0304879 -0.0911748
-0.536478 -0.332018
-0.0547919  -0.204708
 -0.48324 0.0397358
-0.595851 0.0203088
-0.464499  -0.10587
0.0106894 0.0157934
 -0.548639 -0.0913979
0.0889293 -0.199947
 0.092649 -0.317919
 0.0377734 -0.0854635
-0.600979 0.0299013
-0.381171 0.0461637
-0.135218 -0.375404
-0.593758 -0.102697
 -0.139278 -0.0855814
 0.119805 -0.057753
-0.534632 0.0340094
-0.378706 0.0357125
   0.118245 -0.00721986
0.00723232  -0.333915
-0.235384 -0.320343
-0.124562 -0.288273
 -0.201544 -0.0911707
-0.484282 0.0358763
 -0.53357 -0.449382
0.0650266 0.0321602
0.00638041  -0.207604
 -0.71556 0.0392315
-0.378642 0.0357445
-0.533952 0.0338509
-0.530696 -0.268844
 -0.202023 -0.0913946
0.0116839 0.0453555
-0.377711 0.0490762
-0.712252 0.0504052
 -0.116386 0.00507001
0.0941575 0.0331509
-0.289539 -0.322179
 -0.548617 -0.0914934
 -0.161309 -0.0964325
 -0.13895 -0.030254
0.0107215 0.0160181
 0.107092 -0.174265
-0.0662774  0.0371025
-0.458818 -0.203239
-0.534016  -0.44936
-0.445857 -0.424612
  -0.13565 -0.0285544
 -0.021951 -0.0962762
-0.540901 -0.225001
-0.182128 0.0306593
-0.0636564  -0.397779
-0.0636246  -0.397672
-0.532962 0.0335016
-0.487621 0.0332266
  -0.207348 -0.00747055
-0.443021 -0.105258
-0.538067 -0.343392
 -0.135842 -0.0289394
-0.205391 -0.375005
-0.445668 -0.424633
-0.447829 -0.288726
-0.364667 -0.284104
-0.446506 -0.382358
-0.206475 -0.171876
 0.139967 -0.140288
-0.374916 -0.320571
-0.0649299  0.0355301
 -0.44638 -0.382356
-0.121956 0.0511438
-0.587977  -0.22561
-0.465907 -0.329611
-0.593532 -0.111748
-0.0949936  0.0166881
0.0861058 0.0340829
 0.107092 -0.174361
0.00879545 -0.0225343
 -0.156345 -0.0964367
-0.460099 0.0193064
  0.125729 -0.0725374
-0.369717 -0.213156
 0.139904 -0.139872
-0.492336 0.0365697
-0.233391 -0.317094
-0.0660849    0.03691
-0.0120346 -0.0961487
-0.529613  -0.32224
-0.401016 -0.274161
 -0.203718 -0.0918734
-0.0146956  -0.126292
0.0357578 0.0333504
-0.182064 0.0307876
  0.151192 -0.0265621
0.0784057 0.0372612
 -0.151316 -0.0964088
-0.209253 -0.261779
-0.370634 0.0506501
0.0356615 0.0334467
-0.229808 -0.150814
0.0127584 -0.373902
-0.369016 -0.259674
-0.421483 -0.273657
-0.387415 0.0473401
-0.408927   0.04342
-0.227093 -0.261566
-0.537593 -0.343286
   0.15192 -0.0521264
-0.124656 -0.193764
 -0.467796 -0.0984648
 0.125388 -0.045721
0.0135391 -0.140203
-0.00507163   0.0448101
