3212.77 303.751
3212.87 304.382
3105.57 336.278
3194.58  1897.3
2893.05 363.052
3112.83 358.298
2552.07 1265.89
2701.04 1821.86
 2553.5 1271.08
2701.45 1821.04
2487.95 1859.25
3961.85    1875
 3795.3 1872.34
2498.55 1775.59
2728.96 1789.35
2498.55 1775.59
4924.46 1869.91
4786.87 1865.34
4525.84 1865.97
4924.46 1869.91
4991.07 1701.13
4034.21 1779.37
4787.94 1864.64
4573.54 1232.29
3303.45 1865.08
4840.01 1821.04
4506.56 1780.86
4958.44 1243.86
3770.11  605.91
4550.74 589.795
 3228.7 277.684
3544.71 1848.06
4071.87 1874.16
4840.01 1821.04
4485.29 1801.86
4563.22 1363.89
3235.64 651.471
2943.83 623.896
3770.05 640.237
3998.73 1790.74
3235.64 651.471
4250.63 594.966
4570.76 841.818
4562.07 1399.64
3012.76 495.534
4956.47 1224.03
4944.21 1866.16
2941.09 624.414
4563.71  1364.6
3236.81 614.466
3214.04 253.998
4571.83 840.667
4555.92 1012.79
3779.42  1407.6
674.278 1799.92
4352.82 1870.76
4551.39 626.961
2934.89 288.264
2946.73 1000.42
5015.31 1765.89
4352.82 1870.76
3776.61 1020.68
674.278 1799.92
 4837.6 1675.05
 4557.3 976.295
5035.18 1764.98
4581.66 1800.57
4096.59 1866.24
4543.82 1857.67
4483.82 1790.16
2299.29 1875.22
 4557.3 976.295
   3236 614.634
4293.06 1801.19
2719.17 503.693
 4837.6 1675.05
3460.48 270.832
3838.08  1872.9
4469.87 213.202
3202.24 1786.54
3291.27 1870.58
3714.31 1021.61
3471.79 1023.39
4295.35 1797.96
2159.4 1760.8
3015.91 870.611
3471.79 1023.39
4834.28 1863.25
4221.47 1776.46
3464.31 610.637
4476.45 1614.88
4560.35 635.902
2594.14 1779.36
5020.33 1507.21
4904.08 1347.15
3827.41  1871.8
2897.85 1849.24
4140.73 1802.81
2299.29 1875.22
2562.77 1275.86
3006.81 658.995
3242.59 327.648
4176.54 1841.75
2011.35 1865.96
 4475.5 635.738
4288.76 1625.08
2562.77 1275.86
3004.82  285.36
4476.45 1614.88
2934.54 870.717
3789.35 1239.14
4291.44 1619.22
3783.99 854.341
4567.72 1022.21
3770.11  605.91
2560.32 1323.28
2543.21 1278.71
2543.21 1278.71
3117.45 839.326
4577.49 1625.59
4260.39 1017.66
3109.44 1704.07
3007.41 1000.72
2935.43 1249.05
 4018.7 1017.48
5008.59 1810.01
 4784.5 624.924
4551.61 461.985
4784.41 625.181
4551.61 461.985
4146.87 1858.79
3713.65 987.076
3700.21 1791.18
4478.18 629.297
4011.38 601.955
4478.87 629.005
 4475.5 635.738
3006.24 286.326
4388.21 1825.67
3488.04 254.639
   4471 1426.23
4065.78 1869.92
2864.66 1830.71
4284.18 1420.31
5007.18 1740.03
4274.92 1625.88
4567.85  1640.1
 4018.7 1017.48
 3225.3 82.1541
4567.72 1022.21
3123.84 839.899
3700.21 1791.18
4489.57 1867.63
 3489.9 468.155
4841.25 1106.42
2516.89 1747.06
 3241.2 993.821
3982.69 459.285
4057.24 1773.69
4792.82 1010.09
2559.41  1254.8
2949.59 1648.64
2935.71 1047.18
4489.57 1867.63
4492.44 978.712
4492.44 978.712
4874.88 1669.55
3930.98 1826.37
3193.78 1873.28
3851.94 798.833
2590.27 1391.48
4877.63 1722.98
4877.63 1722.98
3799.26 1621.52
4929.44 1776.17
3022.97 1792.38
2531.26 1801.07
 2864.9 704.146
3694.03 1608.96
4284.18 1420.31
2947.45 1647.72
3238.59 1833.25
3625.88 436.024
4488.84 1409.35
4163.51 1776.18
2938.69 1637.43
3764.32 1086.26
4208.58 1820.27
 3469.3 478.957
3013.02 666.841
2940.32 508.173
2698.12 102.116
3299.92  1825.7
4902.81  1290.3
4564.92 1771.45
 3449.7 488.558
4491.41 858.455
2931.36 1628.77
 4583.4 1614.81
2792.03 301.269
3520.97 1784.12
3635.52 686.387
4023.79 1406.75
4250.89 1864.02
2543.59 1773.66
2740.77 492.482
2871.58 1834.98
3636.01 808.019
4479.38 1026.25
3708.98 1809.35
4481.72 1022.96
2859.26 1836.51
3719.17 1408.29
3708.98 1809.35
2732.87 1063.45
2709.34 667.646
4478.93 592.195
4482.84 473.494
3782.68 1231.32
 4859.3 1610.17
3718.97 1408.59
2557.27 1253.58
 4457.2 455.907
4048.23  1759.1
 4272.8 841.181
4571.86 1407.93
4883.88  1847.1
4787.59 587.091
4571.86 1407.93
2709.34 667.646
4279.26 1029.97
2878.91 1841.09
2536.05 1779.57
 2945.5 1377.55
4505.68 1768.45
2678.81 1426.82
4773.09 1034.24
4776.75 635.684
4590.35 1425.72
2519.85 1809.32
3185.15 1864.02
   3998 473.808
2540.86 1393.42
4003.31 1432.12
4878.23 1518.13
2729.47 1822.16
3210.15  1829.4
4872.65 1690.44
4481.78 591.591
3673.34 666.882
4036.28 760.221
3793.64 1415.54
 2878.2 1829.79
2708.94 297.989
4690.17 1824.64
 4487.8 1016.47
2169.18 1837.19
3210.15  1829.4
2729.47 1822.16
2732.04 866.425
3790.82 1414.82
4484.33 1868.55
3193.78 1873.28
2143.34    1871
4074.66 1734.08
4771.55 1829.57
3491.87 669.228
2678.81 1426.82
   3927 1397.39
 4001.8 1615.91
4505.68 1768.45
4832.39 1120.87
4225.81 1838.36
2958.82 1067.11
2708.94 297.989
2984.31 361.335
4015.03 1619.67
4394.53 1392.49
 2701.6 1005.47
3858.14 1816.17
4232.69  387.81
4232.69  387.81
2729.47 1822.16
2867.61 1820.92
3774.32 1691.55
3011.54 1380.04
2703.53 631.841
4015.03 1619.67
3763.95  485.11
2984.31 361.335
2989.15   794.5
3251.98 801.511
2986.62 496.155
3774.75 1151.08
4948.97 1235.79
3219.86 683.464
4229.31    1833
2986.62 496.155
4032.12 1884.85
2554.75 1007.58
2929.71 666.475
2541.57 1364.81
4147.54 1770.72
4744.12 1830.01
4832.39 1120.87
4499.62 1639.32
   3927 1397.39
2960.08    1777
4899.32  1467.1
3241.29 1028.59
4948.97 1235.79
2851.72 1831.93
3679.25 677.628
4225.81 1838.36
4394.53 1392.49
2731.61 698.243
3141.28 835.979
 3787.6 1415.22
4422.58 1290.34
4486.66 1825.87
3858.14 1816.17
4987.41 1624.11
4721.16 1841.21
   3927 1397.39
3760.49 857.193
3216.13 1878.56
4486.66 1825.87
3700.25 1222.44
4495.68 455.286
3240.27 879.233
3075.54  839.89
3165.63  1868.3
3103.22 1854.48
3700.94 859.014
2703.53 631.841
4992.58 1537.29
1931.71 1089.57
2935.54 1401.97
4897.72 1558.63
4512.93 1242.63
4435.04 1865.39
