3205.2 321.12
3205.3 321.75
  3099 354.07
3183.9 1894.3
  2889 381.43
3106.1 376.01
2552.8 1274.3
  2699 1820.1
2554.2 1279.4
2699.4 1819.3
2489.9 1856.8
3943.2   1873
3777.5 1870.2
2500.3 1774.7
2726.4 1788.2
2500.3 1774.7
  4916 1869.4
  4775 1864.6
4509.5 1864.8
  4916 1869.4
4984.4 1701.2
4015.3 1778.7
4776.1 1863.9
4559.1 1235.9
3291.1 1862.7
4829.3 1820.6
4489.9 1780.4
4952.4 1245.1
3756.5 618.87
4541.8 594.99
3221.1 294.99
3529.2 1846.1
  4053 1872.3
4829.3 1820.6
4468.4 1801.2
  4548 1366.7
3226.3 667.09
2938.5 640.61
3756.2 653.03
3979.9 1789.9
3226.3 667.09
4237.9 603.66
4559.3 846.95
4546.7 1402.2
3006.8    513
4950.5 1225.3
4936.3 1865.7
2935.8 641.13
4548.5 1367.4
3227.6 630.37
3206.7 271.38
4560.4 845.79
4542.7 1017.6
  3762 1412.3
690.89 1799.3
4334.8 1869.3
  4542 632.24
2930.5 306.71
2940.7 1012.8
5009.4 1765.8
4334.8 1869.3
3760.5 1030.3
690.89 1799.3
4826.8 1675.3
4544.4 981.23
5029.9 1764.9
4566 1800
4077.7 1864.5
4527.7 1856.6
4466.9 1789.6
2304.7 1872.5
4544.4 981.23
3226.8 630.54
4274.6 1800.4
2717.3 521.65
4826.8 1675.3
  3451 286.73
  3820 1870.8
  4465 217.13
3191.4 1785.5
3279.1 1868.1
3698.6 1031.5
3458.3 1034.2
4276.9 1797.2
2167.3 1760.2
  3009 884.59
3458.3 1034.2
4823.5 1862.6
4202.7 1775.9
3452.7 625.51
4459.5 1615.9
  4551 641.09
2594.1 1778.4
5014.9 1507.7
4895.9 1348.5
3809.4 1869.7
2892.2   1847
4121.8 1801.9
2304.7 1872.5
2563.3 1284.1
3000.5 675.26
3234.6 344.84
4157.7 1840.4
2021.7 1863.5
4464.8 641.94
4270.3 1626.2
2563.3 1284.1
2999.6  303.6
4459.5 1615.9
2928.9 884.84
3772.3 1246.1
  4273 1620.4
3768.7 865.55
4554.6 1026.9
3756.5 618.87
2560.9 1330.7
2544.1 1286.9
2544.1 1286.9
3109.1 853.45
4561.8 1626.4
4244.1 1024.6
3100.1 1704.5
3000.4   1013
2929.3 1257.6
4001.8 1025.9
5002.5 1809.8
4780.1 627.14
4544.4 466.64
 4780 627.4
4544.4 466.64
  4128 1857.2
3698.1 997.35
3683.1 1790.2
4467.6 635.46
3997.5 612.97
4468.3 635.16
4464.8 641.94
  3001 304.56
4370.4 1824.7
3478.5 270.32
4454.4 1428.9
4046.9 1868.1
2859.6 1828.8
4266.1 1423.6
5001 1740
4256.4   1627
  4552 1640.8
4001.8 1025.9
3218.8 99.047
4554.6 1026.9
3115.4    854
3683.1 1790.2
4472.8 1866.4
3478.9 483.59
  4833 1108.7
2518.3 1746.7
3230.7 1005.7
3970.1 470.77
4038.3 1773.1
4784.2 1012.9
  2560 1263.4
  2943 1650.1
2929.8 1058.9
4472.8 1866.4
4478.6 984.17
4478.6 984.17
  4865 1669.8
3912.4   1825
3183.1 1870.7
3836.7 810.07
2590.3 1397.7
4867.8   1723
4867.8   1723
3781.4 1623.1
4921 1776
3015.1 1791.2
2532.4 1799.7
2860.6 720.26
  3677 1610.8
4266.1 1423.6
2940.9 1649.2
3227.2 1831.4
3614.2 450.62
4472.5 1412.1
4144.6 1775.6
2932.3 1639.1
  3748 1095.2
4189.8 1819.2
3458.4 494.48
3006.6 683.02
2935.3 525.75
2696.9 120.86
3287.6   1824
4894.9 1291.8
  4549 1771.1
3438.9 504.16
4478.6 864.32
2925.1 1630.6
4567.8 1615.7
2789.4    320
3505.7 1783.2
3622.1 699.78
4005.3 1410.9
4232.3 1862.5
2544.5 1772.8
2738.6 510.49
2866.4   1833
3621.9 820.45
  4465 1031.6
3691.8 1808.1
4467.4 1028.3
2854.3 1834.5
3702.2 1413.1
3691.8 1808.1
2730.4 1075.1
2707.5 684.29
4468.8 598.29
4474.3 479.16
3765.7 1238.4
4849.1 1610.7
  3702 1413.4
2557.9 1262.2
4448.5 461.84
4029.3 1758.7
4257.9 849.04
4556.6 1410.4
4874.3 1846.6
4783.8 589.06
4556.6 1410.4
2707.5 684.29
  4263 1036.7
2873.6   1839
2537.1 1778.6
2939.1 1383.9
  4489 1768.1
2677.2 1432.4
4763.8 1037.2
  4772 638.06
4575.3   1428
2521.2 1807.8
3174.6 1861.6
3985.3 485.14
2541.8 1399.6
3984.8   1436
4868.7   1519
2726.9 1820.4
3199.2 1827.6
4862.7 1690.6
4471.7 597.65
3659.8 680.17
4021.1 770.39
3776.1 1420.1
2872.9 1827.9
2707.4 316.83
4676.3   1824
4473.6 1021.8
2176.9 1835.2
3199.2 1827.6
2726.9 1820.4
2729.7 880.83
3773.3 1419.4
4467.5 1867.3
3183.1 1870.7
2151.5 1868.4
4055.7   1734
4759.3   1829
3479.7 683.55
2677.2 1432.4
3908.8 1401.9
  3983 1617.4
  4489 1768.1
4823.8 1123.2
4207.1 1837.1
2952.5 1078.5
2707.4 316.83
2979.1 379.48
3996.2 1621.1
4377.3 1395.7
2699.7   1018
3839.9 1814.9
4222.2 396.38
4222.2 396.38
2726.9 1820.4
2862.5 1819.2
3756.6 1692.1
  3004 1386.3
2701.8 648.82
3996.2 1621.1
3751.3 498.53
2979.1 379.48
2982.8 809.43
3241.9 815.66
  2981 513.69
3758.1 1159.2
4942.7 1237.1
3210.6 698.87
4210.6 1831.8
  2981 513.69
4013.3 1882.8
2555.4 1020.1
2924.5 682.84
2542.5 1371.5
4128.6 1770.2
4731.3 1829.4
4823.8 1123.2
4482.9 1640.1
3908.8 1401.9
2953.3 1776.1
4890.5 1468.1
3230.7   1040
4942.7 1237.1
2846.9   1830
3665.6 690.81
4207.1 1837.1
4377.3 1395.7
2729.4 714.57
3132.6 850.08
3770.1 1419.8
  4406 1294.3
4469.8   1825
3839.9 1814.9
4980.7 1624.4
4707.9 1840.5
3908.8 1401.9
3745.3 868.51
3205.1 1875.9
4469.8   1825
3683.9 1229.9
4487.6 460.69
3230.1 892.55
3067.8 854.11
3155.4 1865.8
  3094 1852.2
3686.1 870.64
2701.8 648.82
4986.2 1537.8
1942.6 1100.1
2929.3 1407.9
4888.6 1559.3
4497.6 1246.5
4417.7 1864.1
