1411.1 346.98
1411.1 347.27
1298.8 371.29
1412.5 1904.4
1081.9 386.02
1304.8 395.49
736.94 1277.2
 890.4 1833.7
737.87 1282.7
890.75   1833
687.52 1871.3
2144.9 1877.3
1981.2 1877.1
672.93 1787.9
914.87 1800.6
673.26 1787.8
2728.8   1865
2896.9 1865.3
2663.1 1866.9
  3019 1868.7
3049.5 1713.9
2191.4 1788.2
2897.1 1864.4
2689 1282
1515.2   1873
2932.2   1825
2626.5   1789
3036.2 1298.6
  1953 670.21
2679.3 685.63
1436.1 322.49
1739.3 1854.8
2246.4 1876.9
2932.6 1824.5
2607.4 1807.5
2678.7 1403.2
1436.6 691.04
1142.4 649.92
1951.4 702.61
2156.7 1799.2
1436.4  691.1
2405.2 679.49
2691.8 920.95
2677.9 1436.4
1215.2 525.25
3035.9   1281
3035.4 1865.2
1139.7 650.33
2679.8 1404.7
1437.8 654.48
1421.3 297.06
2693.9  919.8
2676.2 1078.4
1950.3 1435.3
1368.4 1840.8
2507.2 1871.9
2679.5 720.58
  1138 314.54
  1141 1023.7
3081.2 1774.8
2507.1 1872.4
1951.7 1066.7
1373.6 1841.1
2928.2 1691.3
2678.1 1044.8
3098.1 1772.8
2697.1 1806.8
  2269 1868.5
2679.2 1859.5
2605.9 1798.4
495.69 1889.9
2677.7 1044.6
  1436 655.16
2432.6 1808.6
910.42 517.96
2928.2 1691.5
1661.2 329.93
  2024 1877.3
2614.9 328.95
1400.5 1798.2
1505.3   1878
1890.9 1066.3
1659.2 1061.2
  2435 1803.6
4425.4 1810.8
1210.3 897.59
1658.7 1061.1
2941.4 1863.3
2366.1 1785.3
1658.2  661.5
2602.4 1636.2
2685.7 727.36
777.39 1791.8
3086.9 1538.6
2987.6 1392.5
2015.6 1875.9
1101.8 1859.8
2301.4 1810.1
495.14   1890
747.88 1287.6
1203.7  687.7
  1433 372.44
2339.6 1846.6
220.28 1882.2
2605.3 726.07
2428.3 1644.6
 747.9 1287.9
1208.2 315.84
2594.2 1633.5
  1130 894.13
1962.6 1275.4
2428.6   1637
1960.8  909.4
2685.4 1086.2
1201.4 651.34
743.61 1334.9
727.39 1289.8
727.59 1289.8
1311.9 870.74
2691.6 1645.4
2406.2 1076.2
1300.8 1715.1
1200.8 1025.7
1128.7 1268.8
2178.6   1070
3077.7 1814.1
2887.5 727.34
  2684 566.71
2887.9 726.91
2682.4 566.46
2312.1 1862.5
1891.5 1033.3
1873.3 1799.8
  2610 719.66
  2179 675.88
2610.4 719.15
2606.5 726.56
1209.4 317.51
2520.8 1830.4
1686.8 315.41
  2589 1461.6
2239.4 1873.3
1059.6 1841.8
2420.8 1452.8
3065.9 1749.8
2414.3 1645.5
2681.8 1658.7
2178.1 1070.4
1437.3 129.18
2687.5 1089.1
  1319 871.59
1873.9   1800
2631.7 1868.6
1685.3 525.04
2933.9   1171
 691.3 1760.6
1435.6 1026.3
2154.1 538.19
2213.3 1782.9
2888.8 1081.3
745.48 1267.3
1139.8   1662
1129.7 1069.3
2631.7 1868.8
2618.3 1045.5
2618.9 1045.5
2963.4 1686.1
2097.1   1833
1408.9 1881.2
2026.8 858.23
774.38 1403.5
2963.8 1735.6
2963.3 1734.6
1967.6 1639.3
3007.6 1783.7
1213.6   1802
712.82 1813.1
1063.2 727.91
1866.8 1627.3
  2424 1453.9
1138.6 1661.4
1436.1 1842.5
1818.6 500.17
2611.1 1443.9
  2310 1785.2
  1129 1651.4
1939.7 1130.8
  2354 1825.9
1665.9 534.11
1210.5 696.53
1141.5 535.05
899.99 109.39
1496.7 1835.6
  2988 1339.6
2679.8   1780
1648.7 543.03
2618.6 932.87
1121.7 1642.1
2695.5 1635.1
987.28 316.84
1704.9 1793.3
  1819 741.71
2179.6 1437.3
2408.7 1865.7
724.95 1786.2
929.02 508.48
1066.5 1846.6
1815.5 858.41
2601.5 1090.8
1882.6 1816.4
2606.2 1087.1
1055 1848
1892.1 1435.4
1882.4   1817
920.73 1078.3
901.63 682.23
  2612 684.93
2619.2 574.58
1954.3 1267.9
2947.9   1632
  1892 1435.7
740.97 1264.2
2599.7 556.38
2204.8 1769.2
 2419 911.8
2686.2 1444.7
2978.2 1848.1
2891.4  692.1
  2687 1443.9
901.96 682.06
2421.1 1089.5
1076.7 1852.6
 717.2 1791.9
1135.8 1396.1
2625.3 1777.2
868.01 1440.8
2869.4 1104.3
2881.5  734.6
2709.7 1461.7
700.71 1822.1
1399.7 1872.4
2168.9 553.35
723.38 1404.8
2157.8 1461.2
2965.4   1548
913.09 1834.8
1407.5 1839.7
2960.5 1705.5
2614.6 684.56
1855.5 725.67
2202.9 827.51
1963.3 1443.6
1073.4 1840.5
906.84 308.73
2794.6 1828.2
2611.9 1080.5
330.31   1852
1407.7 1839.8
915.26 1834.3
922.28 882.14
1961.8 1442.9
2628.4 1869.3
1410.6 1881.5
341.01 1887.3
2229.3 1743.8
2885.4 1831.3
1685.3 719.09
868.08 1440.5
  2089 1427.3
2158.9 1633.7
2625.4 1777.9
  2926 1184.5
2385.5 1843.6
1152.6 1090.4
905.41 308.78
1188.2 391.09
2169.2   1639
2523.6   1428
890.69 1020.3
2024.1 1823.6
2392.8 483.23
2392.9 483.57
918.42 1833.2
1062.8 1832.2
1945.3 1704.7
1203.9 1398.2
 896.5 645.94
2168.6 1637.8
1948.9 553.82
1188.8 391.03
1185.8 821.39
1449.2 837.67
1187.5 525.28
1947.5 1191.5
3028.5 1290.5
1416.1 722.55
2389.7 1838.7
1187.9 525.29
2211.9 1887.4
 739.8 1017.3
1127.3 691.78
   724 1376.3
2296 1780
2860.3 1834.2
  2926 1184.2
2619.4 1657.8
2104.5 1427.3
1150.2 1788.5
2983.9 1501.9
1434.4 1060.6
3028.3 1291.8
1047.8 1842.7
1861.8 735.92
2386.1   1843
2554.5 1428.4
924.24 713.26
1334.5 868.29
1956.5 1441.4
2546.2 1334.4
2703.4 1831.9
2024.3   1824
3063.3 1645.2
2836.3 1844.1
2120.2 1427.4
1938.1 909.96
1432.9 1886.4
2703.1 1832.2
1874.6 1257.2
2631.9 558.68
1435.9 914.46
1269.7 869.47
  1380 1876.1
1312.1 1863.9
1882.2 910.45
898.02 646.29
3065.6 1565.5
2203.1 1123.5
1125.4 1419.3
2982.8 1585.5
2634.2   1291
2576.2 1867.6
