 3205.2 321.181
3205.31 322.148
3099.03 355.468
 3183.9 1894.61
2889.01 381.826
3106.09 375.494
2552.8 1274.4
   2699 1819.95
 2554.2 1279.23
 2699.4 1819.04
2489.89  1857.8
3943.19 1874.04
3777.51  1869.8
 2500.3 1774.91
2726.39 1788.71
 2500.3 1775.01
4915.98 1870.84
  4775 1864.6
 4509.5 1864.95
   4916 1869.58
4984.39 1702.24
 4015.3 1778.42
 4776.1 1864.15
 4559.1 1236.04
 3291.1 1862.41
4829.31  1820.1
4489.91 1779.76
 4952.4 1245.01
 3756.5 618.629
 4541.8 594.611
3221.1 294.99
3529.2 1846.2
   4053 1872.34
 4829.3 1820.62
 4468.4 1801.52
   4548 1367.08
 3226.3 667.141
 2938.5 640.805
 3756.2 653.323
3979.91 1789.37
 3226.3 667.076
4237.89 603.055
 4559.3 846.432
 4546.7 1402.39
3006.82 513.809
 4950.5 1224.69
 4936.3 1865.87
2935.8  641.3
 4548.5 1366.94
3227.61 630.699
3206.73 272.429
 4560.4 845.404
 4542.7 1017.87
   3762 1412.46
690.89 1799.3
4334.79 1869.73
   4542 631.603
 2930.5 306.655
 2940.7 1012.59
5009.41 1764.85
 4334.8 1869.22
 3760.5 1030.68
690.894 1799.04
 4826.8 1675.13
 4544.4 981.304
 5029.9 1765.11
  4566 1799.6
4077.69 1865.38
 4527.7 1856.41
4466.92 1788.19
2304.7 1872.5
4544.4  981.5
 3226.8 630.291
4274.61 1799.51
 2717.3 521.457
 4826.8 1674.93
3450.99 286.305
   3820 1870.51
4464.99 216.761
3191.41 1784.22
 3279.1 1868.22
 3698.6 1031.51
3458.3 1034.5
4276.89 1798.31
 2167.3 1759.91
   3009 884.617
 3458.3 1034.59
4823.5 1862.5
4202.71 1775.42
 3452.7 625.334
4459.51 1614.63
4551.01  642.31
 2594.1 1778.23
 5014.9 1507.98
 4895.9 1348.09
 3809.4 1869.84
 2892.2 1846.83
 4121.8 1801.53
2304.7 1872.4
 2563.3 1284.03
 3000.5 675.485
3234.59 344.617
4157.71 1839.86
2021.69 1864.32
4464.79  641.23
4270.31 1625.35
 2563.3 1283.73
2999.61 303.797
4459.49 1617.27
2928.91 885.424
 3772.3 1246.17
4272.99  1621.7
3768.69  864.61
 4554.6 1028.37
3756.49 618.082
 2560.9 1330.81
 2544.1 1287.07
 2544.1 1287.08
 3109.1 853.299
 4561.8 1626.14
 4244.1 1024.74
3100.09 1706.05
 3000.4 1012.98
 2929.3 1257.45
 4001.8 1026.12
 5002.5 1809.66
4780.09 625.823
4544.39 465.843
   4780 626.767
4544.39 466.063
   4128 1856.82
3698.1 997.32
 3683.1 1790.27
 4467.6 635.281
3997.5 613.13
 4468.3 635.242
4464.79 640.758
3000.99 304.138
 4370.4 1824.47
 3478.5 270.125
4454.41 1427.49
 4046.9 1867.77
 2859.6 1828.49
 4266.1 1423.69
5000.99 1740.51
4256.41 1625.93
   4552 1640.57
4001.8 1025.7
3218.78 98.1804
 4554.6 1025.47
3115.4 853.82
 3683.1 1790.07
 4472.8 1866.57
3478.88 482.402
   4833 1108.59
2518.31 1745.54
 3230.7 1005.55
3970.11 471.367
 4038.3 1772.74
 4784.2 1013.03
   2560 1262.46
   2943 1650.19
 2929.8 1058.97
 4472.8 1866.37
4478.6 984.22
4478.6 984.23
  4865 1669.9
3912.41 1824.49
 3183.1 1870.86
 3836.7 809.563
 2590.3 1398.05
4867.81 1722.32
 4867.8 1723.33
 3781.4 1622.51
   4921 1775.65
3015.09  1792.3
2532.39 1800.18
2860.57  718.69
3677.01 1609.85
 4266.1 1422.62
 2940.9 1648.99
 3227.2 1831.02
3614.19 449.906
 4472.5 1413.03
4144.61 1775.05
 2932.3 1638.74
   3748 1093.74
 4189.8 1819.05
3458.39 493.743
3006.59   682.5
2935.29  525.42
2696.91 121.155
3287.61 1822.92
 4894.9 1292.38
   4549 1770.68
3438.88 502.948
 4478.6 865.122
 2925.1 1630.99
 4567.8 1615.81
2789.43 321.241
 3505.7 1783.54
 3622.1 699.879
 4005.3 1411.03
4232.29 1863.32
 2544.5 1772.68
2738.58 509.601
2866.41 1832.08
3621.91 820.985
   4465 1030.14
3691.79 1808.85
 4467.4 1027.58
2854.31 1833.76
3702.2 1413.1
 3691.8 1808.24
2730.41 1076.17
 2707.5 684.383
 4468.8 598.189
4474.29 478.433
 3765.7 1238.38
 4849.1 1610.64
   3702 1413.39
 2557.9 1263.03
 4448.5 461.843
 4029.3 1758.35
4257.9 848.44
 4556.6 1410.03
 4874.3 1846.71
4783.79 588.096
 4556.6 1410.85
 2707.5 684.561
   4263 1035.46
2873.61 1838.08
 2537.1 1778.72
2939.1 1383.2
  4489 1767.8
 2677.2 1432.06
 4763.8 1036.08
4772.01 639.233
4575.3 1427.3
 2521.2 1807.61
 3174.6 1861.61
 3985.3 485.151
 2541.8 1399.83
 3984.8 1435.86
 4868.7 1518.99
2726.91 1819.27
3199.21 1826.41
 4862.7 1690.34
 4471.7 597.458
3659.79 679.027
 4021.1 770.211
 3776.1 1419.66
 2872.9 1827.91
2707.42 317.524
 4676.3 1824.03
4473.6 1021.8
 2176.9 1835.25
3199.22 1826.32
2726.91 1819.79
2729.71  881.27
 3773.3 1418.97
 4467.5 1867.65
 3183.1 1870.57
 2151.5 1868.07
4055.68 1735.55
4759.28 1830.36
 3479.7 683.914
 2677.2 1432.36
3908.8 1402.1
   3983 1617.85
4489.01 1767.09
 4823.8 1122.68
4207.11 1836.19
 2952.5 1077.82
2707.42 317.423
2979.09 379.117
3996.21  1619.8
 4377.3 1395.88
 2699.7 1018.23
3839.91 1814.39
4222.19 395.459
4222.18 395.119
2726.89  1820.9
 2862.5 1818.83
 3756.6 1692.52
   3004 1386.94
2701.8 648.93
3996.2   1621
 3751.3 498.228
2979.09 379.196
2982.8 809.43
3241.91 816.689
   2981 513.637
 3758.1 1159.03
 4942.7 1237.62
3210.59 697.995
4210.61 1830.78
   2981 513.639
 4013.3 1882.61
 2555.4 1020.53
2924.5 682.84
 2542.5 1371.54
 4128.6 1769.78
4731.31 1828.32
 4823.8 1122.99
 4482.9 1639.87
3908.8 1402.3
 2953.3 1775.81
 4890.5 1467.76
 3230.7 1039.45
4942.7 1236.3
 2846.9 1830.08
3665.59 690.021
4207.1 1836.8
 4377.3 1395.87
2729.41 715.424
3132.6 849.96
 3770.1 1421.18
   4406 1293.49
4469.81 1823.92
3839.91 1813.99
 4980.7 1624.26
4707.91 1839.83
 3908.8 1402.41
 3745.3 868.974
 3205.1 1875.85
4469.82 1823.61
 3683.9 1230.57
4487.59 459.328
 3230.1 892.326
 3067.8 854.187
3155.39 1866.39
   3094 1851.88
 3686.1 870.436
 2701.8 648.628
 4986.2 1538.42
1942.6 1100.1
 2929.3 1407.89
 4888.6 1558.86
 4497.6 1246.26
4417.71 1863.39
