 1411.1 347.042
1411.12 347.673
1298.85 372.703
 1412.5 1904.72
1081.92 386.418
1304.78 394.968
736.941  1277.3
890.402 1833.55
737.869 1282.53
890.754 1832.74
687.504  1872.3
2144.88 1878.38
1981.21 1876.69
672.927 1788.11
914.864 1801.11
673.256 1788.11
2728.78 1866.53
2896.9 1865.3
 2663.1 1867.05
   3019 1868.89
3049.49    1715
 2191.4 1787.91
 2897.1 1864.66
   2689 1282.15
1515.2 1872.7
2932.21 1824.48
2626.51 1788.32
3036.2 1298.5
1952.99 669.962
2679.29 685.233
1436.1 322.49
1739.3 1854.9
 2246.4 1876.94
 2932.6 1824.52
 2607.4 1807.84
2678.7 1403.6
 1436.6 691.091
1142.41 650.117
1951.41 702.912
2156.71 1798.65
 1436.4 691.085
2405.19 678.861
2691.79 920.406
2677.9 1436.6
1215.23 526.067
 3035.9 1280.35
 3035.4 1865.38
 1139.7 650.501
 2679.8 1404.22
1437.81 654.814
1421.34 298.123
2693.89 919.394
 2676.2 1078.68
 1950.3 1435.47
1368.4 1840.8
2507.19 1872.35
2679.49 719.912
   1138 314.485
   1141 1023.49
3081.21 1773.79
 2507.1 1872.32
 1951.7 1067.09
 1373.6 1840.85
 2928.2 1691.12
 2678.1 1044.88
 3098.1 1773.02
 2697.1 1806.38
2268.99 1869.41
2679.2 1859.3
2605.92 1796.91
495.69 1889.9
 2677.7 1044.88
1435.99 654.908
2432.61 1807.67
910.413 517.766
 2928.2 1691.11
1661.18 329.497
2024 1877
2614.89 328.565
1400.52  1796.9
 1505.3 1878.12
 1890.9 1066.31
1659.2 1061.5
2434.99 1804.76
 4425.4 1810.51
 1210.3 897.617
1658.71 1061.49
2941.4 1863.2
2366.11  1784.8
1658.2 661.32
2602.41 1634.87
2685.72 728.639
777.392 1791.63
3086.9 1538.9
 2987.6 1392.07
 2015.6 1876.05
 1101.8 1859.63
 2301.4 1809.71
495.142  1889.9
 747.88 1287.53
1203.71 687.927
1432.99 372.214
2339.61 1846.03
220.267 1883.01
2605.29 725.327
2428.31 1643.71
747.897 1287.53
1208.21 316.039
2594.19 1634.94
1130.01 894.718
 1962.6 1275.47
2428.59 1638.36
1960.78 908.432
2685.41 1087.74
1201.38 650.532
743.611 1335.01
727.391 1289.97
727.591 1289.98
 1311.9 870.587
 2691.6 1645.12
 2406.2 1076.35
1300.79 1716.67
 1200.8 1025.68
 1128.7 1268.65
 2178.6 1070.22
 3077.7 1813.95
2887.48 725.952
2683.98 565.875
2887.89 726.242
2682.39 565.856
2312.11  1862.1
 1891.5 1033.27
 1873.3 1799.87
   2610 719.473
   2179 676.045
 2610.4 719.235
2606.48 725.323
1209.38 317.085
 2520.8 1830.16
1686.79 315.211
   2589 1460.12
 2239.4 1872.96
 1059.6 1841.49
 2420.8 1452.89
3065.89 1750.34
2414.31 1644.39
 2681.8 1658.46
2178.1 1070.2
1437.26 128.302
2687.49 1087.59
   1319 871.408
 1873.9 1799.87
 2631.7 1868.78
1685.26 523.827
 2933.9 1170.89
691.313 1759.45
 1435.6 1026.15
2154.12 538.807
 2213.3 1782.52
 2888.8 1081.43
745.473 1266.36
 1139.8 1662.09
 1129.7 1069.37
 2631.7 1868.76
 2618.3 1045.55
 2618.9 1045.56
2963.4 1686.2
2097.11 1832.47
 1408.9 1881.36
2026.79 857.707
774.381 1403.85
2963.81 1734.88
 2963.3 1734.95
 1967.6 1638.69
 3007.6 1783.33
1213.59 1803.11
712.814 1813.58
1063.16 726.332
1866.81 1626.32
   2424 1452.88
 1138.6 1661.19
1436.11 1842.12
1818.58 499.439
 2611.1 1444.87
2310.01 1784.62
   1129 1651.04
1939.69 1129.29
   2354 1825.74
1665.88 533.358
1210.49 696.005
1141.49 534.718
900.005 109.685
1496.71  1834.5
   2988 1340.22
 2679.8 1779.56
1648.66 541.793
2618.61 933.711
1121.7 1642.5
 2695.5 1635.22
987.333 318.084
 1704.9 1793.65
   1819 741.812
 2179.6 1437.43
2408.69 1866.56
724.952 1786.08
928.988  507.59
1066.51 1845.67
1815.51 858.958
2601.49 1089.27
1882.59 1817.17
2606.19 1086.34
1055.01 1847.25
1892.1 1435.4
 1882.4 1817.15
920.746 1079.37
901.633 682.323
   2612 684.824
2619.18  573.82
 1954.3 1267.88
 2947.9 1631.93
   1892 1435.69
740.977 1265.02
 2599.7 556.383
 2204.8 1768.84
2418.99 911.175
 2686.2 1444.31
 2978.2 1848.21
2891.38 691.084
   2687 1444.37
901.968 682.332
2421.09 1088.21
1076.71 1851.67
717.199 1792.02
 1135.8 1395.39
 2625.3 1776.88
 868.01 1440.46
2869.39 1103.12
2881.52 735.836
 2709.7 1460.97
700.713 1821.91
 1399.7 1872.41
 2168.9 553.361
723.381 1405.03
 2157.8 1461.06
 2965.4 1547.99
913.106 1833.67
1407.52 1838.49
 2960.5 1705.22
 2614.6 684.359
1855.47 724.497
 2202.9 827.325
 1963.3 1443.15
 1073.4 1840.51
 906.87 309.424
 2794.6 1828.23
2611.9 1080.5
330.309 1852.05
1407.72 1838.49
915.269 1833.68
 922.29 882.581
 1961.8 1442.45
 2628.4 1869.67
 1410.6 1881.37
341.015 1886.98
2229.28 1745.41
2885.38 1832.74
1685.31 719.462
 868.08 1440.46
  2089 1427.5
 2158.9 1634.16
2625.41 1776.84
   2926 1183.95
2385.51 1842.65
1152.59 1089.72
905.436 309.373
1188.19 390.724
2169.21 1637.65
 2523.6 1428.19
890.694 1020.53
2024.11 1823.07
2392.77 482.273
2392.86 482.259
918.413  1833.7
1062.81 1831.83
 1945.3 1705.13
 1203.9 1398.85
896.503  646.05
2168.6 1637.7
1948.89  553.51
1188.79 390.744
1185.8 821.39
1449.22 838.716
 1187.5 525.227
 1947.5 1191.32
 3028.5 1291.06
1416.08 721.662
2389.71 1837.64
 1187.9 525.239
2211.9 1887.2
739.807 1017.72
1127.3 691.78
    724 1376.34
   2296 1779.56
2860.31 1833.05
   2926 1183.97
 2619.4 1657.56
 2104.5 1427.72
 1150.2 1788.21
 2983.9 1501.53
1434.39 1060.04
 3028.3 1290.95
 1047.8 1842.78
1861.78  735.11
 2386.1 1842.69
 2554.5 1428.57
924.264 714.116
 1334.5 868.169
 1956.5 1442.83
 2546.2 1333.56
2703.41 1830.76
2024.31 1823.06
 3063.3 1645.05
2836.31 1843.39
 2120.2 1427.93
1938.11 910.437
 1432.9 1886.35
2703.12 1830.74
 1874.6 1257.89
2631.87 557.256
 1435.9 914.232
 1269.7 869.548
1379.99  1876.7
 1312.1 1863.57
1882.2 910.24
898.014 646.098
 3065.6 1566.15
2203.1 1123.5
 1125.4 1419.29
 2982.8 1585.03
 2634.2 1290.75
2576.21 1866.86
