0.122631
0.801521
4.71179
3.6626
2409.25
2.81235
413.098
7.46207
10.7196
0.626516
0.794402
9.86474
17.0228
1.03828
0.199298
1824.04
1823.02
0.293371
0.338334
0.51742
2.00143
7.75565
2.12314
34.4069
0.80967
207.169
0.412437
1.02103
0.615408
2.96787
2175
208.623
5.92082e-05
1855.7
0.29868
0.369497
74.8606
2176.24
2.13887
735.456
0.574789
0.507944
0.288016
0.592781
29.776
2998.72
1.02016
1.31937
0.189375
16.428
0.48996
0.775731
0.000267441
0.204675
65.5737
0.0768003
0.0315366
0.65717
34.5284
0.786173
0.101977
0.391857
0.595375
1.07333
0.0291523
1.2342
1.06237
0.382192
29.5228
1.62651
1.25661
0.354517
0.340376
0.942295
0.663056
2.11281
15.3406
0.791896
0.554437
0.330066
0.000298712
0.87119
1.30477
0.109743
125.347
0.413125
1.9657
5.34757
0.163217
0.777881
0.508363
0.340183
0.151502
0.428728
0.818586
1.78818
0.394983
2.89838
6.51449e-05
10.9548
0.553013
578.305
0.501242
1.82414
0.387252
4.81863
14.9319
0.757821
0.857824
15.3525
0.581871
0.754469
2.58446
0.23778
770.613
0.0150693
0.598042
10.8707
2.26832
0.580937
0.0546812
0.780669
0.199102
15.4281
0.982573
0.355437
26.3271
2.59463
4.1721
4.71162
2.49968
4.58304
770.603
0.337228
118.451
58.972
0.584712
36.8012
0.842395
16.1933
0.288253
2151.24
3.42993
0.335579
0.757902
6.31358
0.203064
29.5698
15.1968
0.139396
88.3856
4.74908
0.451505
0.44931
4.11175
10.4926
1.10946
2149.22
755.175
1.62929
1.45353
16.8695
1.73294
4.00528
9.64804
0.732595
0.396006
109.266
38.1802
88.9579
1995.64
2.81827
1.17194
0.14593
3396.7
10.1603
2.6559
1.90732
3.0058
44.8625
22.7339
2146.84
1.59656
0.226034
0.349546
0.356625
0.304841
0.541515
123.834
0.292575
3.12703
0.0491405
5.56843
8.91397
0.308671
0.439243
0.282495
2.70518
1.63203
1.30132
1.18136
0.780654
0.0600376
0.132693
1330.56
0.365663
0.325212
0.167107
9.2016
2.41953
4.01112
0.846993
5.70607
0.472468
0.394746
2.89665
0.66583
350.686
6.28385
0.61779
0.185617
10.4674
1.05074
174.232
2.17946
2231.31
0.470517
0.397743
1.74573
2.9416
0.361802
179.759
0.263768
3.5856
0.343003
22.8278
2.40236
98.3993
25.0621
9.92387
0.216286
14.8959
83.1999
271.888
2.31098
0.294461
23.476
1.21482
0.739314
0.258754
1.88501
0.181183
0.14415
0.0713927
0.103367
0.123388
0.19583
690.471
1.04681
6.29928
661.658
0.317658
6.11227
544.896
3.45026
125.889
1.0298
0.697502
972.444
1.40665
30.2097
0.673598
1.20854
0.724029
2.20496
0.956581
3.1488
1.93552
246.38
1.99927
2648.24
5.9884
0.414194
0.760171
1.4457
1.90118
1.12875
0.722836
2.97415
0.310464
6.57396
5.17861
973.049
1.4886
36.4011
1489.64
133.796
1.04564
0.661956
0.590985
2.17728
1.19611
0.865245
2.44958
8.29679
2108.51
1.6431
0.786569
33.8582
4.81901
58.7406
1870.99
28.1239
20.5102
0.227382
16.9403
2.48662
43.2891
1567.9
0.687683
0.201075
0.254779
1.67781
0.247808
18.9471
1.78008
1.85305
1.08306
4.24686
2.98612
2249.33
1.51422
748.797
1.47945
6.61417
16.2431
1.48676
6.60412
0.00412738
1594.27
0.290082
2.14021
0.186396
0.207365
4.23501
11.5467
1.48731
0.0459669
123.115
5.61557
1590.4
0.132218
0.0192493
1.64996
8.55825
220.338
0.00671488
0.704177
1.22475
0.758444
6.53751
405.287
3.27528
0.219015
1.98066
197.892
16.5499
0.921667
13.3741
0.543024
38.0517
2.52603
7.23472
1.84557
0.234747
4.74826
1.412
0.622132
1627.23
0.687028
7.84747
2.30116
12.9967
2.40947
246.797
1.43213
3.37081
3.47898
0.38605
117.53
0.0195855
0.0215815
0.466664
5.34192
0.280273
5.81069
0.0182292
2.25804
967.123
314.835
647.649
125.636
982.415
2.39378
7.56487
212.107
2054.69
113.458
0.536283
4.84617
153.692
373.924
4.12611
7.58294
18.5507
0.393831
2.31691
12.1176
0.363839
0.889689
0.0288535
1.38896
1674.87
375.767
0.060275
0.000239154
0.101983
2.59186
42.9655
1.23236
0.88093
0.882039
0.722168
0.262006
121.852
378.58
50.8866
3098.89
73.0134
1243.51
16.0971
11.8814
0.646928
3.15306
5.28391
272.833
41.177
2.80571
81.0831
626.803
0.736471
0.0893415
0.401004
0.90822
58.3509
2.07088
748.033
1.06459
41.6858
1.85478
1417.79
1.35681
108.876
1.18683
973.838
0.729479
2.64565
0.363306
232.189
0.461441
1.03782
4.45803
1.87774
2.57245
1.0009
334.878
0.736998
0.848438
2231.7
19.5069
6.19328
1.29492
92.1376
0.220599
0.200304
1498.35
0.611625
1712.78
5.38003
1112.42
0.570327
5.37846e-05
2.07531
7.99708
0.106401
3.96962
24.4719
0.350227
1.08136
18.5666
1.76419
7.36222
1089
2.07959
0.10211
8.87346
0.388296
0.849367
7.24709e-05
0.0814131
38.2627
0.862907
2.23039
4.70253
43.592
0.438482
2224.56
0.465622
0.821097
0.576153
228.659
0.70966
9.14063
1.10536
1.64473
0.151474
1.59922
295.652
0.608929
0.339073
4.83081
1.71102
377.804
4.15049
5.92787
0.240693
485.588
2.81184
1.6494
3539.59
2.22606
206.013
8.00894
22.455
109.378
1.8511
0.294289
108.14
1.37229
1.0414
0.941426
119.471
1586.56
3.49918
4.81747
0.0967776
13.3825
2.85318
3471.24
271.199
1.36287
1499.05
15.936
180.464
2.78644
1250.71
5.15116
57.3085
1873.66
0.452335
0.155836
1.19831
4.19921
1497.02
0.654685
85.6203
3.93014
1499.37
406.527
3.39884
146.909
0.414102
0.384308
1.26987
1780.29
47.1296
10.6228
2.42238e-05
312.608
0.0131032
0.912122
0.4832
1.44954
2408.44
32.0439
165.917
163.946
1496.55
