1399.71 333.664
1399.71 333.954
1287.11 359.025
1394.78 1907.05
1070.69 376.055
1292.87 383.138
720.863 1273.29
872.075 1834.84
721.757 1278.83
872.422 1834.13
671.031 1872.54
2136.63 1880.06
1970.21 1879.78
656.527 1788.41
896.384  1801.4
656.853 1788.31
 2731.4 1867.61
2902.64 1867.88
2664.46 1869.55
3026.92 1871.31
3057.98 1713.64
2183.92 1789.32
2902.84 1866.97
 2690.8 1273.73
1498.27 1875.28
2938.59 1826.82
2627.16 1790.17
3044.21 1290.86
1943.59 654.635
2680.69 668.982
1424.99 308.977
1724.82 1856.95
2239.93 1879.69
2938.99 1826.31
2607.69 1809.02
2680.33 1397.09
1422.52 678.401
1128.27 639.408
1941.85 687.319
2148.61 1800.52
1422.32 678.462
2402.24 662.865
2693.52 907.051
2679.52  1430.9
1202.08 513.791
3043.88 1272.96
3043.61 1867.74
1125.57 639.843
2681.45 1398.62
1423.98 641.624
 1410.4 283.737
2695.65 905.886
2677.71 1066.78
1938.94 1430.12
1350.32 1842.47
2505.58 1874.64
2680.92 704.282
1127.33 304.167
1124.11  1015.5
3090.22 1775.66
2505.48 1875.15
1941.02 1055.67
1355.56 1842.78
2934.52 1690.61
2679.63 1032.66
3107.41 1773.62
2699.11  1808.3
2262.93 1871.14
2680.86 1862.01
2606.17 1799.75
 482.14 1890.95
2679.22 1032.46
1422.16  642.32
2429.56 1810.14
898.937 509.697
2934.52 1690.81
1650.95 314.532
 2013.7 1880.01
2615.21 310.083
 1382.6 1799.25
1488.29 1880.35
1879.37 1055.42
1644.89 1050.97
2432.01 1805.04
4442.73 1811.58
 1194.2 887.916
1644.39 1050.87
2947.94 1865.83
2361.81 1786.39
1645.75 647.275
 2602.6 1634.45
2687.22 711.135
759.868 1792.42
3095.97 1535.13
2994.86 1386.34
2005.16 1878.58
 1082.9 1861.47
2295.92 1811.65
  481.6 1891.05
731.637 1283.72
1189.16 676.803
1421.43 358.902
2334.83 1848.84
213.168 1882.66
2605.52 709.807
2425.18 1643.01
731.655 1284.02
1197.25 304.663
2594.24 1631.69
1113.95 884.974
1951.65 1267.53
2425.49 1635.27
1950.67 896.265
2687.07  1074.7
1187.16 640.318
727.205 1331.41
711.359 1286.03
711.557 1286.03
1296.16 860.201
 2693.5 1643.82
2402.89 1064.59
1282.31 1714.92
1183.92 1017.18
1110.62 1263.13
2171.41 1058.56
3086.65 1815.69
2892.22 711.342
 2685.4 549.042
2892.63 710.908
2683.78  548.79
2306.82 1865.04
1880.07 1021.96
1860.63 1801.07
2610.29 703.331
2172.62 659.632
 2610.7 702.816
2606.74 710.302
1198.43 306.314
2519.44 1832.36
1676.81 299.827
2588.94 1456.56
 2232.8 1876.02
1040.71  1843.2
2417.58 1447.62
3074.66  1750.2
2410.92 1643.93
2683.52 1657.38
 2170.9 1058.97
 1428.1 116.437
2689.21 1077.65
1303.28 861.013
1861.24 1801.27
2632.46 1871.28
1673.88 509.891
2940.02 1161.03
674.661 1760.89
1419.58 1016.58
2147.75 520.946
2206.21 1783.93
2894.04 1069.87
729.358 1263.28
1120.86 1661.14
1112.55 1061.58
2632.46 1871.49
2618.77 1033.36
2619.38 1033.36
2970.36 1685.32
   2088 1834.93
1391.13  1883.5
2017.74 844.293
 757.41 1400.47
2970.77 1735.74
2970.26 1734.72
1956.37  1637.7
3015.34 1784.74
 1194.8 1803.01
695.968 1813.86
1048.61 718.369
1854.05 1625.53
2420.84 1448.74
1119.66 1660.53
1418.49 1844.24
 1808.5 484.133
2611.46 1438.53
2304.67 1786.28
1110.06 1650.41
1928.69 1120.72
2349.49 1827.75
1654.27 519.123
1195.88 685.616
1128.44 524.313
894.126  103.78
1479.58 1837.28
2995.23 1332.51
2681.48 1780.99
1636.89 528.192
2619.06 919.111
1102.76 1640.99
2697.48 1633.33
977.569 308.301
1689.96  1794.4
1807.71  727.31
2172.01 1431.95
2405.22 1868.31
707.945 1786.73
917.479 500.017
 1047.6 1848.07
1803.69 845.185
2601.67 1079.36
1870.07 1817.96
2606.45  1075.6
1036.12 1849.47
1879.87 1430.29
1869.87 1818.57
904.203 1071.88
888.452 674.077
2612.32 668.253
2619.62 556.946
1943.24 1259.92
2954.57  1630.2
1879.77 1430.59
724.912 1260.18
2599.82 538.608
2197.56 1769.97
2416.04 897.826
2687.98 1439.35
2985.41 1850.34
2896.12  675.76
2688.79 1438.54
888.781 673.904
2418.05 1078.09
 1057.8 1854.15
700.282 1792.48
 1117.3 1391.88
2625.94 1778.14
850.172 1437.83
2874.33 1093.21
2886.14 718.666
2711.92 1456.67
684.003 1822.93
1381.85 1874.56
2162.71 536.162
706.929 1401.95
2149.82 1456.29
2972.36 1544.64
894.643 1835.97
1389.68 1841.38
2967.41 1705.08
2614.96  667.88
 1844.7 710.969
2196.54 812.785
1952.14 1438.55
1054.49  1841.9
898.012 301.295
2798.45  1830.1
2612.26  1068.9
320.227 1852.55
1389.88 1841.48
896.801 1835.47
907.139  874.47
1950.61 1437.84
2629.09    1872
1392.84 1883.81
330.732 1888.03
2222.5 1744.1
2890.93 1833.25
1672.77 705.142
850.243 1437.53
2079.87 1421.84
2150.86 1631.95
2626.04 1778.85
   2932 1174.74
2381.58 1845.79
1135.34 1082.75
896.597 301.364
1176.49 379.935
2161.34 1637.34
2522.31 1422.34
874.739 1013.66
2013.78 1825.34
 2389.9 465.124
   2390 465.466
899.944 1834.36
1043.89 1833.49
1933.71 1704.28
1185.49 1393.83
883.738 637.795
2160.73 1636.12
1939.92 537.427
1177.09 379.869
1170.23 811.349
1434.25 826.023
1174.43 514.085
1936.48 1182.33
3036.37 1282.61
1401.71 710.247
2385.86  1840.8
1174.83 514.092
2204.81 1890.37
725.281 1011.73
1112.83 681.544
707.644 1373.22
2290.41 1780.98
2865.37 1836.21
   2932 1174.43
2619.92 1656.46
2095.63 1421.83
1131.27 1789.29
2991.17 1497.71
1418.22 1051.27
3036.17 1283.93
1028.92  1844.1
1851.03 721.285
2382.19 1845.18
2553.79 1422.75
910.576 704.946
1318.85  857.59
1945.23 1436.32
2545.34 1327.05
2705.52 1833.88
2013.98 1825.74
3072.01 1643.67
2840.92  1846.3
 2111.6 1421.92
1927.66 896.901
1415.3 1888.8
2705.22 1834.19
 1862.4 1249.19
2632.51  540.93
1420.44 903.583
1253.87 859.191
1362.03  1878.3
1293.73 1865.85
1871.02 897.576
885.241  638.13
3074.32 1562.51
2196.24 1112.84
1106.83 1415.39
2990.08 1582.84
2634.98 1282.88
 2575.9 1870.26
