  0.19553 -0.448609
0.195562 -0.44841
 0.161762 -0.438363
   0.1898 0.0533261
0.0948255  -0.42993
 0.164052 -0.431427
-0.012576 -0.145555
0.0343458 0.0295631
-0.0121271  -0.143921
0.0344742 0.0293063
-0.0327723  0.0413425
 0.431475 0.0463024
 0.379015 0.0454626
-0.0294355  0.0149906
0.0431407 0.0193234
-0.0294355  0.0149906
 0.734675 0.0447001
0.691337  0.04326
 0.609119 0.0434563
 0.734675 0.0447001
   0.755655 -0.00846496
 0.454265 0.0161816
 0.691676 0.0430378
 0.624143 -0.156139
 0.224092 0.0431773
 0.708076 0.0293067
 0.603047 0.0166498
  0.74538 -0.152493
 0.371079 -0.353435
 0.616962 -0.358511
 0.200546 -0.456819
 0.300085 0.0378148
 0.466129 0.0460387
 0.708076 0.0293067
0.596347 0.023264
 0.620892 -0.114687
 0.202732 -0.339084
0.110818 -0.34777
 0.371062 -0.342622
  0.44309 0.0197617
 0.202732 -0.339084
 0.522433 -0.356882
 0.623268 -0.279129
 0.620531 -0.103427
 0.132531 -0.388201
 0.744758 -0.158741
0.740898 0.043519
 0.109955 -0.347606
 0.621048 -0.114465
0.203101 -0.35074
 0.195928 -0.464279
 0.623605 -0.279491
 0.618594 -0.225278
0.374014 -0.10092
-0.604042 0.0226542
 0.554621 0.0449667
 0.617168 -0.346804
 0.108004 -0.453487
 0.111734 -0.229171
 0.763293 0.0119353
 0.554621 0.0449667
 0.373128 -0.222791
-0.604042 0.0226542
  0.707318 -0.0166796
 0.619029 -0.236771
 0.769551 0.0116479
 0.626702 0.0228584
 0.473915 0.0435414
 0.614782 0.0408436
 0.595883 0.0195778
-0.0921982  0.0463719
 0.619029 -0.236771
 0.202846 -0.350687
 0.535797 0.0230546
0.0400543 -0.385631
  0.707318 -0.0166796
 0.273551 -0.458977
 0.392488 0.0456411
 0.591489 -0.477129
 0.192213 0.0184389
 0.220255 0.0449102
 0.353505 -0.222498
 0.277116 -0.221936
 0.536519 0.0220352
-0.136261 0.0103311
0.133523 -0.27006
 0.277116 -0.221936
 0.706272 0.0426011
  0.51325 0.0152633
  0.27476 -0.351946
  0.593563 -0.0356296
 0.619989 -0.343988
0.00067411  0.0161786
  0.764872 -0.0695453
 0.728258 -0.119959
 0.389129 0.0452929
0.0963377 0.0381885
0.487817 0.023565
-0.0921982  0.0463719
-0.00920771   -0.142415
 0.130657 -0.336714
 0.204921 -0.441081
 0.499098 0.0358297
-0.182891 0.0434539
0.593261 -0.34404
  0.534442 -0.0324175
-0.00920771   -0.142415
 0.130029 -0.454401
  0.593563 -0.0356296
 0.107894 -0.270026
0.377138 -0.15398
  0.535286 -0.0342634
 0.375453 -0.275184
 0.622309 -0.222308
 0.371079 -0.353435
-0.00997881   -0.127478
-0.0153676  -0.141517
-0.0153676  -0.141517
 0.165506 -0.279914
  0.625389 -0.0322568
 0.525509 -0.223741
   0.162984 -0.00753811
 0.130847 -0.229078
 0.108172 -0.150858
  0.44938 -0.223798
 0.761174 0.0258303
 0.690593 -0.347446
 0.617234 -0.398768
 0.690563 -0.347365
 0.617234 -0.398768
 0.489752 0.0411953
 0.353297 -0.233376
 0.349063 0.0198989
 0.594107 -0.346068
0.447076 -0.35468
0.594323 -0.34616
0.593261 -0.34404
 0.130477 -0.454097
 0.565767 0.0307634
 0.282233 -0.464078
  0.591845 -0.0950498
 0.464208 0.0447011
0.0858815   0.03235
  0.533002 -0.0969152
   0.76073 0.00378944
  0.530086 -0.0321669
   0.62235 -0.0276882
  0.44938 -0.223798
 0.199476 -0.518407
 0.622309 -0.222308
  0.16752 -0.279733
 0.349063 0.0198989
 0.597695 0.0439818
  0.28282 -0.396825
 0.708467 -0.195785
-0.0236578 0.00600273
 0.204486 -0.231251
 0.438038 -0.399618
  0.46152 0.0143916
 0.693212 -0.226127
-0.0102659  -0.149048
  0.112632 -0.0249972
 0.108263 -0.214443
 0.597695 0.0439818
0.598599 -0.23601
0.598599 -0.23601
  0.719059 -0.0184115
0.421752 0.030983
 0.189548 0.0457595
 0.396854 -0.292668
-0.000545542    -0.105996
  0.719926 -0.0015817
  0.719926 -0.0015817
  0.380261 -0.0335374
 0.736244 0.0151738
 0.135747 0.0202771
-0.0191315  0.0230156
0.0859562 -0.322492
  0.347115 -0.0374948
  0.533002 -0.0969152
  0.111959 -0.0252861
0.203663 0.033153
  0.32565 -0.406945
 0.597465 -0.100367
 0.494993 0.0151756
    0.1092 -0.0285275
 0.369257 -0.202133
  0.50919 0.0290638
 0.276332 -0.393422
 0.132612 -0.334243
0.109713 -0.38422
0.0334267 -0.512119
 0.222979 0.0307735
 0.727857 -0.137866
0.621428 0.013686
 0.270156 -0.390398
 0.598275 -0.273888
  0.106891 -0.0312554
  0.627248 -0.0356514
0.063004 -0.44939
 0.292606 0.0176774
 0.328686 -0.328086
 0.450984 -0.101187
 0.522516 0.0428449
-0.0152477  0.0143809
0.0468589 -0.389162
0.0880627 0.0336975
  0.32884 -0.289775
 0.594484 -0.221035
 0.351825 0.0256239
 0.595223 -0.222074
0.0841809 0.0341794
 0.355035 -0.100703
 0.351825 0.0256239
0.0443711  -0.20932
0.0369602 -0.333989
 0.594342 -0.357755
 0.595575 -0.395143
 0.375038 -0.156444
  0.714153 -0.0371141
 0.354972 -0.100607
-0.0109395  -0.149432
 0.587499 -0.400683
  0.458683 0.00979724
 0.529415 -0.279329
 0.623615 -0.100814
 0.721894 0.0375133
 0.691564 -0.359362
 0.623615 -0.100814
0.0369602 -0.333989
 0.531452 -0.219864
 0.090372 0.0356225
-0.017623 0.0162427
 0.111346 -0.110383
 0.602769 0.0127417
 0.0273424 -0.0948641
 0.686999 -0.218519
 0.688151 -0.344056
  0.629439 -0.0952109
-0.0227266  0.0256155
 0.186829 0.0428429
 0.442861 -0.395044
-0.0161095  -0.105386
  0.444534 -0.0931964
  0.720114 -0.0661062
0.0433006 0.0296588
 0.194705 0.0319379
  0.718357 -0.0118318
 0.595239 -0.357945
  0.3406 -0.33423
0.454916 -0.30483
  0.378491 -0.0984184
0.0901481 0.0320605
0.0368339 -0.450423
 0.660879 0.0304392
 0.597136 -0.224117
 -0.13318 0.0343939
 0.194705 0.0319379
0.0433006 0.0296588
0.0441101 -0.271378
  0.377602 -0.0986439
 0.596043 0.0442702
 0.189548 0.0457595
-0.141318  0.045042
  0.467008 0.00191436
 0.686513 0.0319927
 0.283441 -0.333491
 0.0273424 -0.0948641
 0.420498 -0.104134
  0.444058 -0.0353075
 0.602769 0.0127417
 0.705676 -0.191232
 0.514617 0.0347624
 0.115541 -0.208167
0.0368339 -0.450423
 0.123569 -0.430471
  0.448226 -0.0341229
  0.56776 -0.105678
0.0345217 -0.227581
 0.398807 0.0277717
 0.516783 -0.422131
 0.516783 -0.422131
0.0433006 0.0296588
0.0868123  0.029269
  0.372405 -0.0114798
 0.132147 -0.109599
0.0351288 -0.345267
  0.448226 -0.0341229
 0.369141 -0.391484
 0.123569 -0.430471
 0.125094 -0.294033
 0.207879 -0.291825
 0.124296 -0.388005
  0.37254 -0.181717
 0.742396 -0.155036
 0.197763 -0.329007
 0.515717 0.0330727
 0.124296 -0.388005
 0.453606 0.0494042
-0.0117321  -0.226916
  0.10637 -0.334358
-0.015884 -0.114397
 0.489961 0.0134559
 0.677873 0.0321303
 0.705676 -0.191232
  0.600859 -0.0279314
 0.420498 -0.104134
 0.115936 0.0154346
  0.726758 -0.0821772
0.204514  -0.2203
 0.742396 -0.155036
0.0818071 0.0327357
 0.342459 -0.330845
 0.514617 0.0347624
  0.56776 -0.105678
0.0439753 -0.324352
 0.173013 -0.280968
  0.376588 -0.0985182
 0.576593 -0.137855
 0.596777 0.0308272
 0.398807 0.0277717
  0.754503 -0.0327234
 0.670642 0.0356573
 0.420498 -0.104134
 0.368048 -0.274286
 0.196587 0.0474232
 0.596777 0.0308272
0.349075 -0.15924
  0.59962 -0.400878
 0.204192 -0.267344
 0.152306 -0.279736
 0.180682 0.0441924
 0.161023 0.0398387
 0.349291 -0.273712
0.0351288 -0.345267
   0.75613 -0.0600685
-0.207979 -0.201093
 0.108209 -0.102691
 0.726254 -0.053348
 0.605053 -0.152882
  0.58052 0.0432759
