2933.4	3435.2
1486.4	1524.2
2424.1	916.45
1324.7	1635.7
2634.4	1132.2
1794.6	1338.3
1794.6	1338.3
2634.4	1132.2
2343.5	4263.7
2733.5	502.68
5817.1	3467.7
2731.7	838.35
1976	1251.7
1570.6	1348.6
6291.3	2007.3
2795.1	447.93
2795.1	999.52
2733.5	502.68
2355.2	945.28
958.56	1620.8
2778.5	3611.6
1508.2	2958.6
2308.7	619.32
2052.1	730
2731.7	838.35
2795.1	999.52
1324.7	1635.7
2734.6	501.36
2634.5	336.97
1794.6	1338.3
1794.6	1338.3
3156.6	951
2905.1	984.15
2734.6	501.36
2052.1	730
5964.9	3662.1
1508.2	2958.6
2346.8	3264.8
1403.8	1597.1
2125.8	1105.4
2905.1	984.15
1454.3	1430.5
2818.9	799.29
2904.3	984.36
1305	1558.6
2178.1	197.57
2905.1	984.15
6363	2142.3
1413.9	1562.6
2795.1	999.52
2532.9	3299.6
3941.9	172.59
2275.5	641.82
1195.3	1488.6
4884.1	4529.4
2308.7	619.32
1454.3	1430.5
1956.1	1182.3
2625.7	703.42
5502.1	196.64
2240.6	4654.4
2951.2	3447.1
1403.8	1597.1
2733.4	919.13
2733.4	919.13
5781.7	871.83
4132.4	174.16
2613.5	1140.4
4132.4	174.16
2346.8	3264.8
2243.6	3238
2625.7	703.42
6386	1403.5
4960.9	134.72
1931.3	831.3
2051.8	930.48
5190.8	4321
5438.6	183.32
5219.6	3860.5
2634.4	1132.2
2728.6	475.81
2786.7	662.93
2795.1	999.52
5933	934.68
2786.7	662.93
1241.4	1751.6
1594.8	2073.1
2052.1	730
2145.4	1177.4
5417.7	446.5
1403.8	1597.1
2786.7	662.93
1904.9	279.59
2907.6	3435.1
1594.8	2073.1
2786.7	662.93
5830.7	781.55
1931.3	831.3
2283.6	3246.7
1813	1067.4
1502.6	2194.2
2621.8	704.96
1107.2	1877.6
2356	944.71
1570.6	1348.6
3202.7	300.2
1119.4	1600.1
919.88	2086.9
2522.2	466.23
1877.2	799.52
873.68	2423.9
1931.3	831.3
2734	835.92
5482.5	4196.1
2283.6	3246.7
2266.5	3243.9
2786.7	662.93
2714.5	422.93
2664.3	3382.4
6358.8	3074.1
1617	3018
1178.4	1124.6
2240.9	839.68
2953.9	3446.3
1282	967.48
1408.2	1251
1617	3018
2714.5	422.93
1858.4	1152.3
2534.1	121.39
919.88	2086.9
2095.6	760
867.64	2395.5
2742.6	472.59
2264.3	647.2
879.6	2473.9
2138.3	195.13
1083	1667.3
871.92	2452.7
6462.2	3150.6
1083	1667.3
1521.3	1486.9
1928.9	856.56
1247.6	2924.3
2878.3	943.02
1333.8	3393.9
1435.2	930.72
2057.4	94.038
2636.6	701.56
1092.9	1937.2
2351.6	3587.1
2268.8	640.83
1068.4	1657.9
2016.1	294.17
6524.2	2884.9
2798.2	660.2
2364	3272.9
2533.5	121.95
2636.6	701.56
1780	882.67
2775.7	666.33
879.6	2473.9
2636.6	701.56
1342.1	1609
1928.9	856.56
1178.6	1695.5
2775.7	666.33
2828.2	464.88
2061.2	81.522
2625.7	703.42
1842.3	750.98
2775.7	666.33
2240.9	839.68
2636.6	701.56
1538	1411.1
871.92	2452.7
2878.3	943.02
2878.3	943.02
2728.6	475.81
2878.3	943.02
2878.3	943.02
1125.1	1558.9
2944.1	3436.8
2775.7	666.33
1931.3	831.3
2647.4	414.1
1915.2	834.73
2299.1	142.72
930.34	2249.2
1552.3	1424.7
2728.5	475.02
2878.3	943.02
1617	3018
2878.3	943.02
2878.3	943.02
1437.5	1228.1
1403.8	1597.1
6559.5	2068.1
2619.7	720.09
2647.4	414.1
2878.3	943.02
2070.6	748.62
1092.9	1937.2
1695.8	993.78
2492.3	1028.3
2090.5	1290
1403.8	1597.1
5955.1	1053.8
1403	1559.5
1231	1441.4
5800.5	3876.3
2878.3	943.02
2878.3	943.02
1917.6	824.57
2370.7	1060.7
1045.5	1722.8
2168	541.61
2473	1063.9
1437.5	1228.1
1427	777.87
2134.7	206.45
1341.5	1610.8
6436.2	2793.1
2647.4	414.1
3156.6	951
6436.2	2793.1
1136.6	1682.1
2878.3	943.02
2228.2	861.1
5771.4	737.81
1580.2	2194.4
2775.2	666.7
1420.5	1584.7
1511.6	581.79
1810.4	899.53
6443.4	1588.3
2221.8	1104.6
2878.3	943.02
1493.4	1113.7
2281.3	50.361
1584.4	551.86
2878.3	943.02
2188.8	47.903
1517.4	1303.4
885.18	2457.7
2373.6	4303.9
2129	3514.8
1235.7	2671.7
2250.8	1039.9
1931.3	831.3
1207	1431.5
1690.3	1423.2
2232	842.67
2878.3	943.02
2809.5	671.34
1065.9	1687.3
2775.7	666.33
2500.9	51.199
2242.2	839.07
2244	580.29
2069.8	1051.6
1207	1431.5
1444	1174.2
1607.5	527.57
2533.5	121.95
1732.7	1356.9
6418.5	2211.9
1931.3	831.3
2878.3	943.02
1812	838.72
2168	541.61
2346	797.05
2091.5	1164.4
2228.2	861.1
6434.7	2797.6
2297.3	3253
2636.6	701.56
3121	827.39
2053.5	705.71
2109.5	4469.5
2878.3	943.02
2890.5	875.82
2517.8	370.71
2722.2	413.66
3128.4	914.22
6433	2818.4
2336	838.69
2249.8	636.5
3156.6	951
1217.9	1469.6
2247.7	601.39
5707.4	4239.7
1217.9	1469.6
2890.5	875.82
884.97	2458.2
2807.3	655.35
1163	1502.9
1155.5	2648.3
2696.1	4332.2
2145.4	1177.4
1168.7	1495.7
2698.8	435.2
2724.6	853.17
1584.8	1040.7
5841.7	923.12
2408.8	3708.6
2473	1063.9
1750	3227.6
2244	580.29
2016.6	293.68
2473	1063.9
3128.4	914.22
2168	541.61
2724.6	853.17
5042.8	131.02
2281.3	50.361
1125.2	3040.1
6576.6	2710.2
999.42	3402.9
6433.8	2809.2
1180	1240.3
1370.9	1586.4
1091.8	1446.2
3128.4	914.22
1217.9	1469.6
2230.3	857.71
2056.7	692.24
2134.7	172.89
1279.9	1663.3
3077.2	3796.2
1607.3	532.97
4530.9	4270.1
1807.8	467.83
5842.2	927.82
2816.8	4556.9
2490.7	522.58
1790.1	949.67
2672.8	3647
1966.6	270.14
1607.3	532.97
1168	1529.3
1420.5	1584.7
2091.5	1164.4
1884.2	1323.6
5488.2	4381.9
1812	838.72
871.46	1950.9
1812.3	932.59
2180.8	208.67
1429.9	3502.5
2188.8	47.903
1242.5	3177
2096	1029
2966.4	855.78
2951.7	857.87
1213.2	1468.7
2392.6	1086.7
1799.1	875.74
5605.6	709.18
1533.3	737.62
2906.2	3431.5
2654	3790.7
1291	1337.1
1544.9	1467.4
2091.5	1164.4
2672.8	3647
868.15	2387.8
5842.2	927.82
1091.8	1446.2
1279.9	1663.3
4743.5	4178.8
2168.9	196.79
955.49	1720.4
2609.1	398.74
1742	519.03
4658.3	4184.3
2698.8	435.2
1142.2	1567.6
2265.3	3704.1
1607.5	527.57
2180.8	208.67
2313.4	198.94
2408.1	50.405
1685.4	986.49
2775.7	666.33
2878.3	943.02
2266.5	3243.9
1003.4	1722.3
1962.3	3796.6
888.01	2029.2
1807.8	467.83
2180.8	208.67
1484.1	2302.5
1220	1709
1171.5	1530.5
876.24	2404.6
1607.5	527.57
1420.5	1584.7
2802.7	892.2
1231	1441.4
2900.6	931.98
2394.1	1089
1962.3	3796.6
2801.1	422.81
1213	1237.5
891.57	2081.3
2086	259.51
2347.2	1076
2170.3	197.23
1403	1559.5
1220	1709
2627.4	939.83
1372.5	835.14
2145.4	1177.4
2139.2	333.12
1813	1067.4
1807.4	474.7
2815.1	953.99
2104.5	654.3
1163	1502.9
5888	559.03
2909.5	3438.7
5436.1	452.37
2473	1063.9
1173.8	1464.5
1217.9	1469.6
1620.9	3003.6
891.57	2081.3
2181.5	189.97
1019.5	1922.6
1797.1	776.46
2942.6	930.52
955.49	1720.4
2179.4	208.61
1031.3	1939.2
2238	614.08
1171.5	1530.5
6451.6	2790.5
2179.4	208.61
6229.1	1374.2
2724.6	853.17
1594.4	2073.2
2941.7	3460.7
2778.5	3611.6
2178.1	197.57
2311.5	209.95
958.03	2038.1
2532.9	3299.6
1904.9	279.59
1584.3	556.37
2000.9	1227.7
5976	3785.8
2807.4	884.13
2807.3	655.35
933.16	1806.3
1031.3	1939.2
2874	962.36
2000.9	1227.7
984.15	1974
1050.2	1853.1
1484.9	3010
3446.7	340.15
1935.9	373.36
2074.8	1167.1
5099.7	36.568
2807.4	884.13
2805.2	408.15
1584.4	551.86
1484.9	3010
2545.6	3300.2
2680.8	431.74
1100.8	3142.1
2096.9	1159.1
1103.8	1634.4
1111.2	1649.5
6433.9	1753.9
2874	962.36
6339.2	1636.8
2778.5	3611.6
2724.6	853.17
2341.5	210.37
1400	1238
1522	1412.2
2000.9	1227.7
2239.7	168.47
1288.4	1009.5
2141.4	1040.3
2021.4	3970
6572.1	2527.8
2792.8	3613.7
1839.8	455.19
2340.7	210.18
6329.5	3102.1
2942.6	930.52
3128.4	914.22
4658.3	4184.3
2766.8	447.39
1234.4	1106.7
1915	790.8
2698.8	435.2
2139.1	338.66
2880.2	870.03
892.32	2471.2
915.1	1887.7
2569.1	3763.8
1843.5	1180.7
2041.4	727.65
2802.9	415.86
1033.2	1711.1
1798	913.65
2519.7	3485.7
1202.1	1240.4
915.1	1887.7
1736.6	3984.1
6526.3	2691.4
1694.5	1020.4
3088.6	841.18
2164.9	259.12
867.64	2395.5
1220	1709
2805.2	3730.7
982.65	2004.9
3088.6	841.18
2021.4	3970
2942.6	930.52
2715	397.88
2951.7	857.87
5902.1	3582.6
1306.7	3169.1
1580.2	2194.4
2650.4	918.73
2379.7	3492.9
1689.6	972.18
986.6	2024.7
1437.6	1117.7
2180.4	191.57
1946.8	4155.5
2008.3	305.23
1103.8	1634.4
2775.4	684.87
2654	3790.7
2639.4	3371.4
1946.8	4155.5
2601.4	323.25
1946.8	4155.5
2149.2	255.76
3033.7	3750.6
1282.4	986.4
1812.3	932.59
3156.6	951
2690.6	503.59
2061.1	785.56
1109.5	1618.5
1905.9	3575.7
1502.6	2194.2
954.48	2099.9
2163	230.43
2719.8	368.85
1812.3	932.59
2041.4	727.65
2822.4	969.75
854.72	2410.4
1230.5	1430.5
1982.4	339.81
5753.7	3307.5
2237	1078
1799.1	875.74
2180.4	191.57
1735.1	3978.8
1230.8	1429.3
1520.2	1118.2
2822.4	969.75
6475.7	2792.8
1603.8	3313.8
1946.8	4155.5
6462.8	1981.6
2233.6	156.47
1218.5	1706.6
984.15	1974
2307.7	1026.2
1835	328.13
1884.8	497.68
2679.2	431.09
2051.8	930.48
1807.4	474.7
1105.5	1584.7
1218.2	1706
2822.4	969.75
1909.6	476.08
2878.3	943.02
2670.1	3648.7
900.05	2437.8
2351.4	79.509
2238	614.08
6089.8	3655.5
2626.9	3789.6
1751.9	605.39
1573.1	3829.8
2690.6	503.59
2039.9	726.82
2046.3	92.297
949.03	2082.1
5653	4128.6
1079.9	1449.9
2238.1	4314.2
1396.1	1404.5
1003.4	1925.2
1163	1502.9
1274.4	1373.3
2039.9	726.82
3127.6	925.65
6188.1	1515
2815.1	953.99
1904.9	279.59
6336.7	2904.9
1657.7	1440
2237.4	3864.5
2379.4	155.35
2765.2	982.51
2721.3	3593.1
1688.9	1363.6
1173.8	1464.5
3111.7	4250.1
2008.4	300.61
1195.8	1741.8
2942.6	930.52
1812.3	932.59
5570.5	255.6
2229.6	313.45
1400	1238
1843.8	1291.4
1890.7	934.78
1274.5	3225.7
898.23	1881.5
1090.8	1667.4
1355.8	1334.9
1388.8	818.46
901.61	2442
6157.3	3813.3
6089.8	3655.5
1900.3	3576.2
2581.8	3942.9
1163	1502.9
6451.6	2790.5
2404	4314.6
1754	1127.5
1119.9	2900.6
1032.6	1916.2
2168.9	196.79
2292.1	3409.8
6157.4	1411.3
1074.6	1675.1
2180.8	208.67
1173.8	1464.5
1591	517.48
1930.4	345.16
1063.1	1520.8
3500.1	259.65
1239.7	1707.2
1910	802.61
6157.3	3813.3
2651.9	918.21
1141.2	1558.1
907.8	2427.1
904	1893.9
6307.7	1501.1
1173.8	1464.5
1799.1	875.74
1163	1502.9
1383	3830.9
1218.8	1250.8
1605.3	2255.1
2046.3	92.297
6562.4	2540.1
937.29	1790
5570.5	255.6
1260.9	1148.5
2807.4	884.13
2412.9	3943.4
6394	2823.2
2966.4	855.78
2477.8	138.73
2775.4	684.87
1727.4	3173.1
2610.2	98.371
3128.4	914.22
5642.9	3492.7
3128.4	914.22
2372.9	4167.6
2117.2	340.6
2651.3	3365.3
2057.2	1323.1
1429.6	2332.7
1199.4	1239.2
1080.8	1854.4
1278.3	1350.5
2756.5	894.31
904	1893.9
1679.7	962.81
2357.7	3595.3
2068.1	3775
6441.1	3290.3
2789.8	649.87
1916.2	3574.2
2569.1	3763.8
1220.5	1717.8
2942.6	930.52
2883.2	871.13
1063.1	1520.8
1629.2	714.01
2807.4	884.13
2690.6	503.59
1406.5	1547
1166.2	1138.9
1908.6	476.34
2126.3	3920.4
2553.9	680.93
1222.1	1679.8
1782.1	648.37
1890.7	934.78
854.72	2410.4
2815.1	953.99
6271	1626.5
2861.2	824.77
3288	247.48
1429.6	2332.7
3288	247.48
2481.1	3343.1
1539.3	1411.3
2358.4	717.75
2553.9	680.93
1265.6	1379.2
2408.8	3708.6
1887.8	269.78
2719.8	368.85
2058.2	252.6
1185.7	2918.7
1239.7	1707.2
2545.6	3300.2
2951.7	857.87
1053.2	1712.2
2638.3	741.68
1616.6	731.75
2627.1	3357.1
2471	526.2
2512.8	487.58
2239.8	316.34
1396.1	1404.5
2721.3	3593.1
2351.4	79.509
2082.4	711.86
1454.7	3125.1
3001.6	3786
6548.5	2497.9
5053.5	153.88
5819.2	3669.6
1490.4	1316.1
2357.7	3595.3
1675.1	3823.6
2630.6	90.617
1034.4	1745.1
2445.1	4049.2
2729.6	442.11
1688.5	3947.6
1946.6	367.39
2445.1	4049.2
2637.2	732.38
4743.5	4178.8
2348.1	3488.7
2750.8	3550.2
2458.7	3585.8
1843.8	1291.4
2719.8	368.85
1607.5	577.29
1743	1278.9
1638.8	1434.4
1539.3	1411.3
2637.2	942.01
1222.1	1679.8
1079.9	1449.9
1958.8	1235.7
2046.8	253.06
2458.7	3585.8
2692.9	943.87
867.77	2392.1
2065.6	3337.9
2512.8	487.58
2476.4	3469.9
3127.6	925.65
1743	1278.9
856.2	2561.9
6258.3	3159.6
5631.3	307.54
2304.6	3897
2292.1	3409.8
1843.8	1291.4
2947.9	857.79
1598.2	4423.5
1937	452.58
1803.9	278.69
2262.1	4111.5
2630.6	90.617
1750	3227.6
2571.2	357.32
2754.1	435.42
1390.7	3655.9
2372.9	4167.6
2556.3	934.46
891.65	2033.8
1033.2	1711.1
2606.4	553.68
1834.9	3563.1
3091.8	832.05
2476.4	3469.9
1520.2	1118.2
1916.2	3574.2
2237.4	3864.5
1365.3	1011
2365.8	161.9
2637.2	942.01
5874.6	914.62
1768.8	594.4
2023.1	1147.2
1824.1	924.86
1003.4	1925.2
1291.4	1491.5
1814.5	1256.1
6280	3133.8
1326.4	2328.7
2008.4	300.61
2068.1	3775
2575.1	3554.3
1843.8	1291.4
1146.8	1572.9
2775.4	684.87
2692.9	943.87
2348.8	1023.5
1510.2	822.49
6140	3355
3344	448.23
1378.7	1598.5
1887.5	272.46
1684	3970.7
1378.7	1598.5
1092.1	1946.7
1166.4	1552.3
1743.5	965.25
2348.8	1023.5
1430.6	3064.1
1378.7	1598.5
3038.5	3744.9
2883.2	871.13
2513	3536.3
2627.1	3357.1
1814.5	1256.1
1173.8	1464.5
1340.8	1597.2
1046.6	1715.1
1378.7	1598.5
1211	1222.3
2250.8	149.05
2297.3	3253
2947.9	857.79
1451.4	810.74
888.33	2164.4
1437.5	911.47
1764	3809
2110.7	3890.4
1997.3	3535.9
920.95	1872.3
1740	1376.4
2432.6	1121.6
2486.4	3857.8
2592.9	4477
6489.3	1798.3
2332.4	3475.5
1843.8	1291.4
6575.2	2619.6
1378.7	1598.5
2690.6	503.59
3075.7	919.65
5979.1	957.5
898.84	2092.5
1011.8	2576.6
3128.4	914.22
2292.1	3409.8
888.8	2164.5
6430.9	1554.4
1412.7	1172.7
2091	3630.1
2218.7	3188.4
2856.4	824.2
1207.1	1480.6
1525	822.44
6007	3160.9
1947.4	3705.3
878.21	2169.9
1840.9	775.23
6014.8	1003.5
2512.8	487.58
2747.8	917.01
1914.8	3774.7
2123.1	334.16
1274.4	1373.3
946.27	2055.4
1958.8	1235.7
3079.3	242.4
1843.8	1291.4
1079.9	1449.9
1754	1127.5
2628.6	601.78
3109.1	916.88
1614.4	738.78
2412.9	3943.4
859.51	2493.9
1230.8	1232.2
5835.5	3656.6
2311.4	1018.8
2651.9	918.21
1092.8	2936.2
6232.1	3333.1
2200.8	3641.2
2235	4313.1
1743	1278.9
1050.2	1853.1
1439.7	3536.7
2311.1	932.57
2690.6	503.59
3091.8	832.05
6351.4	2301.1
2221.4	613.93
1076.9	1655.2
2023.1	1147.2
1468.6	3361.5
1636.1	1374.4
5627.1	3582.2
2690.6	503.59
1914.8	3774.7
6450	2791
1378.7	1598.5
2834.2	4010.9
2372.9	4167.6
2655.1	930.29
6030.3	3390.3
2765.2	982.51
1683.2	3376.6
1069.3	1952
1173.4	1558.4
1535.3	1402.6
2633.5	3371.9
1813.6	3217.6
1343.1	1214.9
6542.8	2619.8
1814.5	1256.1
1813.6	3217.6
1435.3	3805.8
2238.6	3710.8
1401	873.33
2730.9	487.18
1538.8	3807.8
2347.3	1007.4
2951.7	857.87
2123.1	334.16
2311.1	932.57
3058.1	3614.2
2603.4	3368.1
5976	3785.8
1610.1	3255.9
2655.1	930.29
2357.9	1003.9
6255.4	3568.8
1280.3	2902.1
1848.8	1277.4
2235	4313.1
1743	1278.9
2644.3	933.16
2490.5	138.34
3056.5	3616.8
3199.6	1068.9
1079.9	1449.9
2669.1	3526.7
2484.1	571.12
1548.2	1145.1
2301.5	659.54
2956.1	848.6
6564.9	2071.1
1092.8	2936.2
2292.1	3409.8
2102.8	1098.2
1219.5	1251.2
1294.8	3640.2
1461.5	804.8
2183.3	3755.7
5793.4	3284.9
3919.8	2285.1
2675.5	430.7
1440.1	2992.9
2669.1	3526.7
1373.8	2960.5
1112	1261.7
5154.8	3887
2884.5	860.98
1090.3	1925.6
6386.2	2838
5835.5	3656.6
1599	556.35
1381.1	849.02
1070.4	1776.2
2705.9	989.33
6525.7	2520.1
2292.1	3409.8
1937	452.58
1683.2	3376.6
2051.3	1120.9
2669.1	3526.7
1213.7	1125
2386.2	3491.7
1005.4	2704.5
1116.9	1868.8
907.89	1978.8
1541.2	853.82
2145.1	340.75
2323.2	1029.4
2885.8	884.54
2175.7	3732.2
1106.1	1639.9
1958.1	3991.9
1378.7	1598.5
6466.8	2798.6
2559.1	91.135
2254.5	872.89
2655.1	930.29
1343.1	1214.9
1057.6	1694.4
5808.3	3281.2
5976	3785.8
2165.9	191.57
1871.8	508.59
1020.5	1617.6
5764	3687.5
1743	1278.9
1332.4	3176.6
2947.9	857.79
1003.4	1722.3
2512	3537.8
3152	994.12
2968.3	869.07
1513	2128.2
5596	3551.3
1152.9	1574.7
1799.1	875.74
3058.1	3614.2
2716	923.86
1885.3	494
2891.5	946.53
2530.7	554.78
5806.9	3280.5
901.58	2417.4
1324.5	1368.7
2250.8	149.05
2885.8	884.54
6233	1462.1
1350.8	779.6
2690.6	503.59
2512	3537.8
3309.2	1004.7
2533.6	3607.6
2438.5	160.98
5483.1	4197
2762.2	908.49
2292.1	3409.8
1056.7	1708
3081.1	910.95
860.91	2021.5
1743	1278.9
2535.5	3553.7
1343.1	1214.9
2001	378.35
5835.5	3656.6
2193.9	768.92
1480.3	802.29
6182	1248.1
1958.8	1235.7
1607.5	577.29
2669.1	3526.7
1332.4	3797
5272	144.55
1309.9	1334.4
2311.4	1018.8
2601.4	987.24
1203.9	1458.5
2810.9	3563
2317.2	98.979
2870.2	4009.5
2885.8	884.54
2884.8	887.87
2056.8	1046
1848.8	1277.4
2267.6	252.33
1260.9	1148.5
1999.8	379.32
1381.1	849.02
1885.3	494
2100.4	407.89
2290	1151.2
6505.4	2751.8
2508.7	3268.3
5115.4	3917.9
1655	1382.7
1179.1	1222.2
2717.3	403.9
1628	3106.1
1864.9	511.89
1190.2	1136.2
1078.4	1946.1
5483.1	4197
2216.7	129.2
2171.3	122.14
1834.9	3563.1
3010.3	3734.2
2311.1	932.57
2805.8	678.63
1094.6	3051.3
1157	1534.8
1251.9	3001.6
2592.9	4477
5652	4596.6
5776.9	3305
6515.2	2751.4
6521.6	2714.7
1052.5	1727.6
5653.3	4600.7
1031.9	1782.5
1063.8	1725.5
1037.8	1576
2343.5	3680.1
1903.6	258.74
2315.5	3259.1
2297.7	1024
1991	3521.3
917.39	2097
1185.7	2918.7
1812	838.72
2344	1022.1
1031.9	1782.5
2993.1	926.33
2483.2	1029.5
1429.6	2332.7
2357.9	1003.9
2655.1	930.29
2344	1022.1
1437.5	911.47
1903.6	258.74
1304.2	3351
2584.7	3891.6
1437.5	911.47
1062.6	1725.9
2094.4	3943.7
1896.2	802.56
1007	1798.7
2194.7	3778
1152.9	1574.7
6466.1	2426.1
5953.3	1172.5
2410	3449.5
2584.7	3891.6
1173.4	1558.4
2390.1	562.03
2197.6	3369.5
2141.2	148.83
2634.1	1159.6
3091.8	832.05
983.66	1952.8
2814.3	3742.4
1031.9	1782.5
1288.4	1009.5
1964.3	1175.9
6373.2	3379.3
5157.4	25.898
2311.4	1018.8
1922.8	3791.4
1999.8	379.32
3075.7	919.65
2221.4	613.93
935.65	1836.1
5708.9	3647.3
2431.3	3279.7
2436.2	983.48
2947.9	857.79
2974.3	4012.2
6461.2	1892
1668.5	3829.9
1798.3	1278.5
1813.6	3217.6
5401.6	3731.9
1655.2	749.29
988.66	1953.7
1692	4224.2
2599	4057.2
2751.5	962.52
2640.8	913.02
1251.9	3001.6
2490.5	138.34
2324.4	85.02
2715.1	522.42
2097.1	139.61
2171.3	122.14
2215.2	3754
2524.6	953.49
1535	1398.8
2308.7	3798.6
1774.5	648.31
2947.9	857.79
2947.9	857.79
1523.6	3324
2431.4	973.33
2745.8	970.79
1152.9	1574.7
1189.3	1514.9
1168.9	1486.3
1090.3	1925.6
1021.2	2607.2
1462	929.39
983.66	1952.8
2649.4	3790.9
1929.2	4611.3
1168.7	1495.7
2064.5	264.41
1628	3106.1
1437.5	911.47
3116.5	3629.9
6284.8	3447.3
1584.9	4122.2
1252.6	1556.2
2082.8	115.04
1230.8	1232.2
2058	342.45
1297.2	3400.8
3091.8	832.05
1653.6	744.95
960.32	2519.3
2192.1	1094
928.86	2084.6
1160.5	1313.9
1795.7	768.38
1845.4	333.11
896.6	2039.4
2111.8	152.08
6497.6	2759.1
5778.6	3295.3
1350.8	779.6
2218.7	3189.2
954.82	2125.2
1002.8	1945.1
5190.8	4321
1628	3106.1
6413.4	3169.4
2503.9	632.28
1083.4	1691.3
5686.4	4069.7
3152	994.12
2511.9	3536.3
1185.1	1482.4
6155.3	1133.2
2100.4	407.89
1163.5	1645.5
6369.8	2228
1052.5	1727.6
2905	3429.6
1425.9	3797.1
1203.2	1682
2056	674.63
1694.1	1151.4
3355.5	25.104
2751.5	962.52
1225.6	1206
5877.9	882.59
1991	3521.5
2947.9	857.79
1111.4	1841.1
1648	694.18
1157	1534.8
2348.8	1023.5
2720.3	507.62
1122.7	2922.2
1919.9	3612.1
1882.3	2603.8
2257.9	4022.1
1990.4	984.59
1407	2330.6
858.88	2058.9
1381.1	849.02
2979.7	4048.7
1534.9	1398.3
1523.6	3324
1388.8	818.46
3107.8	911.57
2093.3	1103.2
955	2028.5
1449.3	791.74
1122.8	1636.9
908.36	2173.3
2503.8	3294.4
1554.7	3348.2
1533	3365.9
2589.5	3889.9
1743	1278.9
1814.5	1256.1
2884.8	887.87
2299.2	3209.2
1601.1	1516.1
866.94	2094.3
1430.6	3064.1
2566.7	3762.7
2530.7	554.78
1089.2	3018.1
888.74	2153.3
1354.6	1269.5
6387.5	1651.6
1294.5	993.53
1378.7	1598.5
2026.7	929.85
1430.6	812.15
2264.3	647.2
1155.5	1505
1289.8	991.48
1349.3	1623.7
970.14	1736.8
6233	1462.1
1798.3	1278.5
2550.4	3309.4
1903.6	258.74
1964.3	1175.9
2105.3	1331.6
1123.3	1279.3
3109.1	916.88
2297.7	1024
2655.1	930.29
1655	1382.7
1877.2	2456.9
917.39	2097
6547.4	2599.4
870.02	2383.6
1927.6	459.56
5797.9	3637.6
2675.5	430.7
1378.7	1598.5
1309.9	1334.4
2601.4	987.24
935.19	1833.5
1040.5	1947.9
1957.8	277.63
1928.1	463.71
1692.6	3842.5
2061.2	81.522
1957.8	277.63
1123.3	1279.3
2017.1	378.03
1976	1169.2
6326.1	3098.8
3075.7	919.65
1941.6	315.15
1527.2	3085.1
1461.5	804.8
1813.6	3217.6
1146.8	1572.9
1944.5	326.61
1974.4	318.81
1947.9	443.5
3107.8	911.57
2333.2	3476.2
3724.8	4654.1
1288.4	1009.5
1709.4	541.94
1046.6	1715.1
2348.8	1023.5
1466	3015.5
1023.7	1606
2230.3	857.71
1918.2	3040.1
6547.4	2599.4
927.22	1789.6
1958.8	1235.7
6550.5	2620.6
2526.8	3950.1
2479.8	1030.8
5550.3	302.49
1622.8	1337.6
1378.7	1598.5
1709.4	541.94
2566.7	3762.7
1019.9	1491.4
2115.9	1107.6
1242.1	2938.4
6576	2600.7
1927.6	459.56
1240.1	1707
3058.1	3614.2
1984.5	4640.4
5823.1	492.31
2239.8	316.34
2311.9	596.93
2297.3	3857.2
1263.4	3548.8
1677.9	4391.8
6475.7	2792.8
2730.2	488.41
6439.5	1635.5
6521.9	2531.8
5885.9	984.61
2751.5	962.52
1362.5	1666.1
1378.7	1598.5
2257.9	4022.1
6572.2	2641.1
1586.1	1551.6
1252.6	1556.2
2892.9	944.26
2131.7	185.17
1958.8	1235.7
1565.7	2164.5
751.9	2797.7
2001	378.35
2492.6	518.29
2333.4	3476.6
2105.6	141.68
1596.1	4128.5
1538.8	3807.8
1900.4	2121
2401.6	135.41
1058.9	1709
2023.1	1147.2
2048.4	3136.6
1243.1	1715.3
1381.1	849.02
1423	829.76
907.89	1978.8
1429.6	2332.7
1904.6	258.99
1900.4	2121
1342.4	3187.9
2497.2	200.83
2680.8	431.74
871.68	2588
5782.2	3308.7
5791.5	3299.8
1621.3	1409.4
2715.4	3946.6
1322.7	1645.3
2645.9	3508.8
5686.4	4069.7
917.39	2097
1408.7	3663.9
2235	4313.1
906.6	2116.5
1001.4	3255.4
2880.9	3975.5
2674.2	418.61
988.66	1953.7
2299.2	3209.2
2482.8	3971
2447.4	3252.1
1334.7	1086.8
2186.6	1058.9
2221.5	3376.8
3109.1	916.88
1130.2	1363.2
867.78	2485.6
1161.6	1521.2
1364.2	908.36
3109.1	916.88
3411.4	331.26
1126	1296.5
2326.3	3501.4
1074.3	1599.1
867.78	2485.6
1378.7	1598.5
1913	4647.9
1511.1	1062.5
1445.9	1523.4
2599	4057.2
1278.9	1023
1998.5	408.96
1185.1	1482.4
2032.2	304.17
891.57	2081.3
1877.2	2456.9
906.6	2116.5
1692.6	3842.5
2765.5	911
1885.7	280.03
1856.7	1272.8
2637.2	732.38
977.29	1684.8
1923.4	341.94
3075.7	919.65
2097.1	139.61
2355.3	874.03
1507.5	1446.2
1270.3	1389.1
2550.4	3309.4
1958.8	1235.7
1922.5	304.84
2503.8	3294.4
2105.6	141.68
2280.2	650.37
2660.5	931.76
1005.4	2704.5
1814.5	1256.1
1130.2	1363.2
1031.9	1782.5
1385.6	1219
2178.2	182.52
1189.3	2825.2
1227.8	1730.2
2574.5	349.74
1735.8	1278.4
2892.9	944.26
1378.7	1598.5
1814.5	1256.1
1235.7	1450.8
1216.4	1416.2
972.84	1971.7
995.74	2586.5
1594.7	516.97
2131.8	1032.1
3058.1	3614.2
960.88	2068.5
6550.5	2620.6
5782.2	3308.7
6521.8	1945.9
1350.8	779.6
2061.2	81.522
1066.4	1725
1079.2	1627.8
2756.7	410.76
2818.2	742.02
5165.2	280.06
1378.7	1598.5
2493.6	4029.2
3166.2	968.55
2352.3	1018.9
2949.1	933.97
2876.6	869.92
965.21	2014.3
1058.9	1709
2401.6	135.41
1343.1	1214.9
1072.5	1922
3154.7	967.29
1270.3	1389.1
2713.9	405.24
2811.9	3747.4
1115.1	2835.2
1793.7	1250.7
2446	4479.8
1292.3	1036.9
6076.7	804.37
2346.2	932.09
1174.1	1321.3
888.74	2153.3
1662.2	707.53
1984.5	4640.4
1574.9	4399.9
1594.7	516.97
2092	4028.6
2651.9	918.21
1033.5	1734.5
1376.9	3600.4
1173.4	1558.4
1978.6	313.41
1958.2	1234.1
2751.5	962.52
2787.2	815.97
2183.5	184.03
2584.7	3891.6
2800.7	815.76
1901	2117.3
2091	3630.1
2503.9	632.28
2884.8	887.87
6232.8	3190.7
1067.4	2938.4
1453.1	798.45
1329.2	1067.8
982.7	1969.4
1042.3	2195
2105.6	141.68
1081.3	2920.3
1123.3	1279.3
1121.3	3050.9
1072.7	1723.4
1190.2	1136.2
5819.8	3285.3
2695.2	375.68
912.28	2094.2
1466	3015.5
2418.4	3474.6
2722.9	915.41
1230.7	3005.8
2633.4	4519.7
1089.2	3018.1
2628.7	707.7
2042.7	4119.8
2876.6	869.92
2780.2	3547.5
871.46	1950.9
2438.9	209.13
1227.2	1418.6
1218	1694.9
1395.7	866.6
993.28	1977.5
1743.5	965.25
2093	653.56
2097.1	139.61
2885.9	4031.5
1216.4	1416.2
2215.2	3754
2785	934.26
867.64	2443.5
1226.3	3536
6041.5	752.82
1179.3	1695.8
866.94	2094.3
2949.1	933.97
866.7	1972.2
1737.1	3165.7
2335.7	178.31
2493.6	4029.2
2061.2	81.522
2599	4057.2
1737.1	3165.7
6243.5	2986.3
3166.2	968.55
2634.4	1163.4
2490.5	138.34
2333.4	3476.6
2031	3557.1
1715.9	1316.3
2675.5	430.7
2357.7	3595.3
2892.9	944.26
972.84	1971.7
2675.5	430.7
1920.1	199.76
2704.3	3979.6
5760.7	3800
1958.8	1235.7
3107.8	911.57
4728.7	4132.9
2424.8	41.786
1844.2	1277.2
1846	1279.7
1103.7	1812.8
1553.8	3853.6
2949.1	933.97
1367.7	1576.8
1021.2	2607.2
2775.7	653.82
1427	777.87
1274.4	1373.3
1322.7	1645.3
2011.3	3139.5
2853.9	3985.8
1155.3	1377.3
2903.6	1003.3
2218.7	3188.4
2885.9	4031.5
4931.1	57.805
1100.1	2721.7
1356.1	929.5
2833.1	952.19
985.2	2020
993.28	1977.5
6041	3450.7
2720.7	3977.7
1056.3	2872.8
1203.9	1458.5
1692	4224.2
2901.8	1024.4
2408.3	1057.8
1123.1	1636.3
1211.7	1715
1250.9	1723.3
1252.6	1556.2
5869.3	4082.8
2418.4	3474.6
2059	713.19
1692.6	3842.5
2348.8	1023.5
1453	3840.5
2740.2	911.88
1173.4	1558.4
1275.4	1166.1
1935.3	306.56
1230.7	3005.8
2490.5	138.34
2947.9	857.79
1077.6	1630.9
1749.6	3976.9
1962.9	985.69
887.39	2408
1216.4	1416.2
1130.2	1363.2
2633.4	4519.7
5283.7	4232.3
2438.9	209.13
1711.5	1311.6
2347.6	131.62
933.98	1793.8
2111.2	292
2126.2	4185.3
6407.9	1407.3
2396.9	3584.8
1764.7	1319.7
1823.8	3566.2
5546.9	3675.7
1289.6	1601.9
1581.6	1220.3
985.05	2010.6
1185.1	1482.4
1662.4	4043.4
6533.6	2681.5
2173.5	23.558
5313.8	3837.2
3081.1	910.95
2082.3	105.67
2704.3	3979.6
2795.5	904.36
918.72	2538.4
2694.7	3968.3
926.76	2071.8
959.32	2058.9
6057.4	3418.7
2751.5	962.52
1431.5	785.68
6533	2697.4
2148.1	512.69
1218.3	1206
2916.4	4353
2418.4	3474.6
6560.4	2497.2
2207.9	4138
1967.4	258.52
2543	1001.7
2720.7	3977.7
2059	713.19
1120.8	1304.5
972.84	1971.7
1055.6	1699.1
2501.8	3852
1137.3	1484.8
3154.7	967.29
1582	909.25
1703.3	1246.3
1535.1	1401
2422.4	3833.1
2901.8	1024.4
2007.3	3676.1
2694.7	3968.3
2435.4	3296.3
912.28	2094.2
2784.9	3563.7
1086.9	2622.2
1945.4	376.77
2433.2	992.99
2876.6	869.92
1699.1	944.91
1932.3	454.69
2418.4	3474.6
1535.1	1401
2111.2	292
1669.4	637.71
1884.7	4026
6535.7	2023.8
1883.2	2422.5
2592.9	4477
1453.4	1435.2
2734.4	3414.8
1427	777.87
1975.3	271.14
2123.6	3850.7
6524.2	2884.9
6412.9	1948.6
972.84	1971.7
2781.9	964.6
1980.9	430.7
1210.9	1216.7
1226.8	2659.9
1595.4	4118.3
1212.2	1606.9
900.95	2048
2101.3	3786.3
2324.4	85.02
1692.6	3842.5
6531.6	2072.5
2794	1017.4
6391.9	2049.3
1577	2120.4
2349.1	1030.2
1437.1	792.7
2464.5	107.48
5826.3	3662.4
1941.8	772.45
2424	35.052
1100.3	2978.8
1543.8	2455.4
2790.1	3550.1
2541.5	4019.2
1719.9	3175.4
6186	3543
1329.2	1067.8
1460.7	1174.4
1476.4	4082.7
2349.1	1030.2
1735.8	1278.4
2951.2	3447.1
2235	4313.1
2719.1	3978.1
2787.2	815.97
2725.8	508.87
5616.8	653.66
2057.3	3663.3
2775.7	653.82
2042.6	715.64
1619.2	2997.8
2731.4	968.54
1407	1215.9
2257.9	597.25
1958.8	1235.7
6037.2	3268
2779.1	908.34
1425.7	3842.3
3140.9	1064.2
1020.4	1797.7
1662.2	707.53
1535	3046.4
2814.3	3742.4
2043.8	3314
2589.5	3889.9
2476	3856.2
1982.8	305.91
2542.7	4564
1175.3	1557.8
2238.4	3757
1596.8	3298.3
2814.3	3742.4
1589.6	569.98
2893.3	3970.5
2218.7	3189.2
3431.8	541.63
1735.8	1278.4
2299.4	3241.6
2306.2	444
2029.2	3497.3
1661.9	681.03
5751.5	3325.3
2746.7	3672.6
1565.7	2164.5
1543.6	4161.2
1047.3	1683.3
2471.9	3332
1139.9	2890.9
1087.1	1690.5
1695	1353.6
2783.7	963.58
901.58	2417.4
2235	4313.1
2091	3630.1
2210.9	315.37
1662.2	707.53
3259.7	338.3
1415.6	1226.2
913.35	2589.1
1884.7	4026
2401.2	3857.6
1768.9	3631.9
5791.5	3299.8
2949.1	933.97
1292.3	972.62
6502.4	2744
5755.8	3325.5
2903.6	1003.3
1247.9	1085
1206.1	1707.9
2185.3	3766.3
1886	1215.8
2452.1	4047.6
5045.4	49.452
2143.2	3350.3
913.35	2589.1
2422.4	4357.2
6535.9	2636.6
1704	1364.8
1516.4	1410.4
1426.8	1110.4
2722.9	915.41
1533	3365.9
2628.7	707.7
1737.8	1299.7
1793.7	1250.7
1076.8	1274
6238.3	1153.1
2660.5	931.76
1735.8	1278.4
1569.3	1422.6
2740.2	911.88
2956.4	872.72
2323	976.26
2532.7	3347.2
2447.4	666.77
3411.4	331.26
2401.6	135.41
1803.1	648.6
6200.6	1330
1542.6	1425.1
1827.2	1263.1
6553.4	2641.4
2123.6	3850.7
1802.9	3939.6
1211.6	1731
1137.8	1548.8
2051	274.22
6132.8	1351.5
904.23	2037.1
1592.3	1111.4
5659.9	363.24
2251.7	123.27
2464.5	107.48
5711.9	3728.9
3075.7	919.65
6541.3	2523.1
2297.7	1024
1543.8	1435.1
5991.7	829.45
1387.3	1230.2
882.94	2400.7
2873.2	924.66
2299	442.45
1025.8	1729.9
1719.9	3175.4
2900.1	882.17
2784.3	962.84
2042.2	715.07
3221.3	104.11
1253	1616.9
2206.8	3641.8
2464.5	107.48
1927.4	298.8
895.96	2153.1
1586.1	1551.6
921.07	2015.6
915.71	1985.6
1503.4	3158.7
3138.6	879.39
5606.9	3516
2796.3	487.67
908.36	2173.3
2634.3	687.88
1166.4	1552.3
961.06	2566.1
3154.7	967.29
1470.9	853.63
2091.3	116.97
2722.9	915.41
1534	3842.9
1385.6	1219
905.46	3098.9
2050.2	4112.5
1112.3	1685.7
1133.4	2935.4
1385.6	1219
2680.8	431.74
1708.4	959.96
1851.1	394.07
2705.9	989.33
2787.2	815.97
6217.7	1231.8
2306.6	3958
5990.4	1022.5
1784.7	3310.3
2720.7	3977.7
2825.7	3589.8
909.82	1717.6
1688.8	3240.4
922.8	1803.5
1487.5	1425.1
2834.2	4010.9
1843.6	3663.6
6561	2630.4
1407	1215.9
1407	2330.6
2655.1	930.29
1115.1	2835.2
6447.4	2398
2471.9	3332
2306.8	672.18
1883.8	4483.2
1070.5	1603.7
2456.6	3583.7
1493.6	1307.8
6392.1	1849.7
6481.7	1767.9
915.71	1985.6
2034.9	3645.6
1235.9	1677.2
966.74	1994.3
861.26	2546.1
1094.3	1688
6030.8	3726.1
909.82	1717.6
1926.1	4518.5
1877.2	2456.9
2799.7	1015.2
1429.6	2332.7
2414.1	1010.1
5099.7	36.568
2719.1	3978.1
1877.2	2456.9
1159	2887.9
1025	1369.6
6536.3	2591.2
937.62	1801.6
6503.1	2010.8
856.2	2561.9
2033.2	3554.5
5993.3	3182.5
1735.8	1278.4
1299.7	3753.2
1316.5	2323.8
2502.6	306.35
921.07	2015.6
1353.2	778.99
2834.2	4010.9
2299	442.45
1793.4	784.44
1877.2	2456.9
2592.9	4477
2421.2	3315.1
945.27	2578.9
1170.5	3396.4
1807.6	1059.8
1525.6	2385.3
1394	3049.4
2549	3988.5
6571	2660.1
2956.4	872.72
2462.9	562.71
5770	3326.5
2498	973.27
2099.6	131.03
2988.4	3433.1
1530.6	3842.7
2924.8	3702.3
1901.5	2117.4
2093.7	1095
6540.3	2538.1
2147.9	1073.6
2834.5	942.11
1539.5	3703.9
2532.7	3623.6
3154.7	967.29
6504.7	1965.9
1462.5	1590.4
2572.6	3508.7
1042.6	2195.4
3154.7	967.29
2783.7	963.58
1067.6	1970.6
1122.3	1431.5
1901.5	2117.4
1190.7	1526.6
2046.1	703.42
1634.6	1346.6
3107.8	911.57
5793.4	3284.9
1072.5	1922
2026.7	929.85
962.92	1686.2
2705.9	989.33
5235.2	3932.2
901.49	2049.5
2705.9	989.33
2731.4	968.54
1389	3289.2
1959.5	3991.6
5721	680.88
2532.7	3623.6
1155.5	1505
1057	2695.1
6504.7	1965.9
991.68	1691.4
2447.4	666.77
2372.2	471.34
1535	3046.4
1884.7	4026
2161.5	3383.3
917.67	2163.2
1284.8	1145.6
2296.1	3203.7
1448.6	765.16
1076.8	1274
2307.7	124.76
907.79	2169.2
1476.4	4082.7
2456.6	3583.7
6070.7	3259.7
1935.3	306.56
2347	3537.3
2793.4	907.45
6363	2142.3
2633.1	690.78
1048.6	3158.3
2881.9	3381.4
5759.7	591.64
1175.5	1323.7
2741.2	3658
1476.4	4082.7
2715.1	522.42
1543.8	2455.4
2816.3	900.12
1727.6	3361.9
1175.5	1323.7
1622.1	648.82
2442.5	207.75
1877.2	2456.9
1793.4	784.44
2306.2	444
1185.1	1482.4
2792.7	476.2
2635.8	937.62
1582.4	1471
1854.7	1265.3
2051	274.22
1515.9	3845.6
1112.7	1195
1060.4	2896.6
1955.7	4388.7
2140.4	3706.9
1425.1	3665.8
1628.1	534.69
2585.4	876.8
1466.8	3015.5
2050.2	4112.5
5217	63.949
6409.9	2163.4
2891.5	946.53
5616.6	634.19
1539.5	3703.9
1067.6	1970.6
2233.8	599.84
1164.3	1569.7
1108.5	1640.8
1540.9	654.52
1712.4	3160.4
2783.7	963.58
2555.1	956.84
1437.6	1117.7
3120.8	902.1
1985.1	3657.6
5825.4	3661.5
1252.9	1186.4
2078.8	1314.5
1584.4	551.86
3091.8	278.08
1054.9	2703.9
1797.3	4341.6
2089.3	3686.2
2554.8	3502.4
2345.1	782.58
5610.9	3573.8
1880.8	2413
1813.2	371.2
1989.3	4564.4
2697.8	715.36
2422.4	4357.2
904.23	2037.1
3162.1	3499.3
2622.7	1117.3
1218.3	3071.4
1292.3	972.62
1875.9	3132.4
2432.6	977.43
3287.7	703.61
2328.4	298.05
2025.8	307.4
1823.2	4201.8
2125.7	751.12
2049.4	1136
2585.4	876.8
6536.8	2633.5
1426.4	1572.7
2491.8	543.98
1650.8	1345.7
6529.6	2016.6
2486.5	399.89
2067.7	3665.1
1507.9	4031.3
2337	3951.3
1877.2	2456.9
1938.5	343
1704.7	1323.2
6489.7	1850.4
1840.7	1238.9
1877.2	2456.9
3150.9	965.15
1607.9	2638.4
1948.2	478.72
896.92	2462
1532.8	1327
2638.4	968.29
907.56	2759.7
1055.7	1736.4
2306.2	444
2889.3	3396.6
1913.9	4437.1
991.37	2719.2
1735.8	1278.4
888.7	2130.4
1167	1788.5
1621.1	1398.4
903.53	2902.8
1167	1788.5
2299	442.45
895.82	2066.7
2370.7	1060.7
3157.5	958.23
2733.5	502.68
3021.2	884.57
1196.1	3097.4
6344.4	2901.9
2657.4	4345.9
2674.2	418.61
1343.7	1282.6
2032.9	1142.7
1476.4	4082.7
1144.4	1543.7
2236	672.04
2299	442.45
1622.1	648.82
1053.5	2714.7
2988.4	3433.1
1551.4	3832.4
5994.7	3185.8
1989.3	4564.4
6574.4	2631.2
1077.6	1630.9
5741	783.11
1505.2	4036.2
1448.1	766.22
1162.9	1576.3
1101.3	3377.9
5826.3	3662.4
5904.7	3750.2
2834.5	942.11
3102	3605
1261.8	3576
6254.4	2991.7
1122.4	1569.5
871.68	2588
1890.8	1380.1
6070.7	3259.7
2783.7	963.58
2199.1	159.73
2085.9	3435.4
2346.3	784.51
1955.7	4388.7
6131.3	3641.5
1497.2	4037.9
947.53	2513
2432.6	977.43
2722.9	915.41
3169.9	967.06
1446.5	4046.4
6245.9	1389.9
3120.8	902.1
6209.3	1560.7
6217.7	1231.8
1436.2	1406.6
2834.2	4010.9
2884.8	887.87
1429.1	3480.6
5825.4	3661.5
1277.3	995.93
863.95	2433.3
1429.1	3480.6
5970.5	946.61
931.53	2060
2168.3	373.7
5103.4	3949.1
2434.2	167.17
2598.7	4061.7
4568.5	4264.6
1366.6	3811.2
2027.8	948.08
5215.3	303.59
2834.5	942.11
1993	395.2
2091	3630.1
1215.7	1415.3
2715.1	522.42
1955.2	4380
903.53	2902.8
1535.3	3666.6
895.82	2066.7
1589.4	4036.3
6513.5	2446
1148.8	1104.3
1547.4	2068.2
5902.1	3582.6
1582.1	2207.9
1882.3	2603.8
2448	3247.5
6542.5	2696.9
2581.6	142.4
2328.4	298.05
2372.2	471.34
1018.2	1488
1584.7	3829
2635.9	684.17
2715.1	522.42
1655	1382.7
2330.9	457.71
2798.1	885.44
2731.4	968.54
2226.5	3744.4
1390.2	4012.4
2093.9	3444.1
2690.6	503.59
2215.2	3754
1790.9	785.84
2046.1	703.42
1659.1	4043.9
1830.6	1197.7
2352.3	1018.9
2873.2	924.66
2397.3	525.67
2706.8	4290.6
2169.3	3480.6
2990.3	910.91
869.1	2500
2019.7	1133.5
959.61	1994.9
2634.3	687.88
2276.8	3513.5
1262.7	3573.5
982.58	3249.4
861.26	2546.1
2229.7	4325.6
1031	1609.1
1096.9	1414.9
5115.4	3917.9
2705.9	989.33
3261.7	337.43
876.83	2429.9
2234.8	179.56
1942.7	223.41
2011.9	3636.4
1413.1	1511
2519.6	4275.3
1607.9	2638.4
2891.5	946.53
2719	917.8
2290.6	3890
2430.3	994.92
904.55	1931.2
1010.1	2007.1
895.82	2066.7
5897.4	3567.1
2620.8	1143.4
3442.5	505
6088	826.01
2499.8	4001.9
1189.7	1694.5
2622.7	1117.3
1551.8	1537.6
1449.8	760.78
1980.6	155.4
1394.5	776.91
1053.5	2714.7
992.09	1701.3
2113.7	4246.2
5698.9	4063.3
6403.3	1861.7
2038.4	1136
1453.8	2338.3
2876.6	869.92
5727.9	3681.3
2564.1	3813.7
1528.4	4001.8
3022.7	896.32
2306.8	672.18
1904.9	279.59
2974.2	873.47
2082.3	105.67
2731.4	968.54
6361.9	1380.8
1026.4	1855.7
1124.8	1237.7
6363	2142.3
2541.5	4019.2
6349.2	3020.3
1437.6	1117.7
1904.2	2067.1
2151.3	1120.4
2803.8	4104
2775.7	653.82
982.58	3249.4
1823	1250.5
2950.3	923.71
6604.1	2677.6
2907.4	30.971
1800.3	1063.1
2407.1	881.04
1990.6	1079.1
863.95	2433.3
5382.7	3768.2
1930.2	500.17
2139.1	1107.2
1076.8	1274
904.55	1931.2
6386	2863.3
6568.8	2470.4
2731.4	968.54
2949.1	933.97
1923	1143.3
974.3	2094.7
1825.4	3668.6
1989.3	4564.4
1527	1513.9
2794	1017.4
904.55	1931.2
2169.3	3480.6
1499	3037.5
2956.4	872.72
1426.8	1110.4
1678	3863.4
1520.5	3129.2
2098.1	3722.1
984.15	1974
2585.4	876.8
1138.1	1625.5
5716.6	3637.4
5695.5	729.08
6131.3	3641.5
1348.4	1291.9
891.57	2580.3
1967.4	258.52
2351.8	4194
2482.4	390.61
5822.1	919.7
6127.2	1210.3
1245.1	3076.1
1919.1	3624.2
2536.8	346.36
5663.8	566.96
866.09	2466.6
1980.9	430.7
1303.4	3223.9
3107.8	855.81
858.22	2085.1
5605.5	3574
2026.7	929.85
2696.8	713.14
2804.7	647.87
1018.9	2597.6
2373.7	3443.2
1987.8	304.21
1770.5	876.53
6338.6	1938.4
961.21	2132.1
1955.7	4388.7
1872.3	3556.6
1349.8	2333.2
896.42	1917.3
2393.9	13.249
2164.9	3759.7
1900	1376
6424.5	3142.3
5343.4	389.5
2644.3	341.63
2397.3	525.67
2542.7	1001.1
2446.1	3582.1
1313.1	2959.8
3311.6	968.32
2306.8	672.18
6489.3	1798.3
6542.9	2491.4
1986.3	3792.3
1365.1	2985.8
1984.6	3791.7
1000.6	3140
1377.9	923.05
2161.5	3383.3
6430.2	1634.1
1907	3719.3
2168.4	383.24
2038.2	1143.1
2532.7	3347.2
1877.2	2456.9
2892.9	944.26
2230.9	3701.2
2426.1	3565.7
2731.4	968.54
5771.2	935.95
6307.4	1705.4
6140.3	3639
1723.6	3803.3
6049.5	3576.4
1426.4	1572.7
5848.5	785.8
1959.7	288.78
1169.5	2638.4
2376.7	508.2
2331	92.09
2848.1	951.47
1551.4	3832.4
2220.1	91.549
2346.3	784.51
1426.4	1572.7
2053.7	4229.7
6199.3	3114.6
1783.8	3602.9
1211.6	1731
1429.1	3480.6
1955.2	4380
6290.3	1674.6
2627.6	4474.9
2454.1	143.67
5411.1	343.91
1955.6	4383.2
2645.9	720.74
933.98	1793.8
2873.2	924.66
1536.6	3697
1407	2330.6
2447.4	666.77
5806.7	3311.1
6283.6	1279.4
2094.4	1307.1
2525.9	3291.6
5589.4	3577.8
6265.2	1234.4
1059.4	1680.1
2424	35.052
6559.6	2066.4
5242	4188.9
1461.5	3015.9
2173.2	3853.4
2454.1	143.67
1916.2	4414.9
2049.4	4049.9
2758.8	389.85
2148.1	512.69
1551.4	3832.4
2634.3	687.88
6557.2	2691.3
2027.6	3343.7
1979.6	3564.4
2414.1	1010.1
1067	1511
2292	122.45
896.42	1917.3
1955.7	4388.7
1749.6	3976.9
1542.3	805.03
1235.9	1677.2
1980.9	430.7
2904.9	893.18
2632.3	3658.6
1646.6	3219.2
959.61	1994.9
1605.4	4126.9
2003.1	3444.3
3009.8	953.7
6482.6	2844.7
1266.9	1476
5803.3	3599.2
1882.3	2603.8
2050.4	978.77
1967.4	258.52
5521.8	473.02
3157.5	958.23
1955.7	4388.7
1350.8	779.6
1151.1	1557.7
1980.9	430.7
1830	746.58
907.56	2759.7
1536.6	3697
1321.4	3172.1
1543.6	4161.2
1887.3	2253.9
2901.8	1024.4
1054.9	2703.9
6362.4	1478.4
5294.1	4078.8
1530.6	1093.9
1487.5	1425.1
2569.2	223.58
2624.4	3635.7
2224.7	3749.6
1920.5	470.72
2746.8	891.96
928.38	2098
6340.9	1569.7
2320.7	4188.5
2755.8	413.77
1202.8	1433.5
1321.4	3172.1
1233.5	2324.8
1507.9	717.38
1969.4	252.25
860.68	2581.6
1675.4	3916.3
2215.2	3754
1759.8	3169
2091.3	716.13
3140.9	1064.2
2019.5	3430.2
1592.7	1417.7
1461	820.82
954.29	2516.7
1600.6	1433.3
1864.9	511.89
1031.1	1974
1194.3	1760.7
2093.9	3444.1
1390.8	863.11
2565.7	3304.2
6415.9	1816
2574.9	360.84
903.53	2902.8
3162.1	3499.3
5287.5	132.38
1798.7	349.89
2330.9	457.71
2179	544.71
2168	368.31
5823.3	480.86
1512.9	3985
1901.8	4666.5
2846.4	3710
920.1	2599.5
4066.5	209.71
2045.2	1121.9
2659.7	1165.4
2290.6	3890
2435	3581
5775.3	524.87
1050.2	1853.1
2445.2	1003.5
1155	1584.9
974.8	3277.2
2590.9	4478
1839.5	4516
1153.3	1801.7
1233.5	2324.8
1955.7	4388.7
2714.6	1035.1
2113.6	4242.1
6126	1376.6
2454.1	143.67
3207.3	1073
1702.6	3363.1
6307.4	1705.4
1674.7	3919.3
2283.6	3215.6
2748.7	461.54
6545.4	2007.6
1510.2	607.44
1798.2	3964.7
1232.1	2694.1
6024.9	3579.2
6222	1256.3
6548.8	2558.5
2322.5	3869.1
1297.1	3976.2
1086.6	1830.9
1254.5	1461.6
6531.6	2072.5
2010.8	3133.6
892.27	2136.3
2283.1	903.23
3127.4	3492.1
1783.8	3602.9
1825.4	3668.6
2450.2	4455.9
1938.5	343
1877.2	2456.9
2011	200.4
1589.6	569.98
1677.9	937.01
6450.8	2878.1
1771.2	887.47
1008.2	2643.3
913.92	2163.3
3058.1	3614.2
1076.8	1274
909.82	1717.6
3075.7	919.65
1738	669.53
2052.8	1314.1
1473.1	907.55
5597.4	3576.7
5557.1	551.04
2185.9	3267.9
1232.1	2694.1
2873.2	924.66
1984.6	3791.7
912.49	2937.8
2904.9	893.18
1004.5	1890.6
6413.4	2931.5
1527	1513.9
1959.9	284.28
4727.9	4134.9
1219.9	3067.9
2577.7	4234.3
2974.2	914.04
6268.6	1151.3
1054.9	2703.9
1505.2	4036.2
1064.3	2712.2
2195.7	97.32
6419.5	2799.6
1622.4	571.65
1903.2	2093.3
2424	35.052
1737.9	1300.2
1551.4	3832.4
2151.3	1120.4
926.68	2601.6
2358.7	4401.5
6360.2	1828.2
1954.6	4377
5957.8	3564.1
1599.1	2084.8
2710	965.41
2632.8	115.82
1407.3	849.12
2047.9	3660.6
2707.4	395.63
6406.3	2829.9
5893.7	926.08
1975.5	1727.3
3297.4	498.77
1890.8	1380.1
2235.1	4103.8
1153.3	1801.7
2889.3	3396.6
1453.9	781.08
1364.8	3215.9
2092.5	3627.6
2220.7	3777.1
1107.2	3389.7
2834.5	942.11
1830.6	1197.7
1797	351.71
6548.8	2558.5
1954.6	4377
3242.4	528.74
1132.8	3446.6
1163.3	1566.1
2730.2	488.41
2297.7	3966
1903.6	2928.8
2946	916.88
3112.8	861.64
1123.1	1435.4
1954.6	4377
2187.4	176.74
2450.2	4455.9
1297.1	3976.2
5402.5	434.01
2797.4	746.72
1080.3	2940.1
1954.1	1178.4
5133.7	88.778
2221.3	89.154
2208.5	3512
1960.8	308.56
1968.5	1159.1
2446.1	3582.1
1004.6	2593.2
2999.9	1091.7
751.9	2797.7
6346.1	2159.1
1083.1	2715.8
5816.8	768.45
5435.1	233.03
1397.9	840.06
2454.1	143.67
2435	3581
2998.1	3428.1
2454.1	143.67
6512.7	1662.5
2750	3568.4
1172.3	2644.4
5840.1	3322.9
2708.3	870.57
1657.2	674.98
891.57	2580.3
1810.9	1265.7
1887.3	2253.9
3204.7	85.03
6340.9	1569.7
2170.5	1018.9
1443.3	1430.9
6353.1	2301.2
1090.4	3358.7
6597.5	2193.4
5332	4087.5
6455.5	1716.7
1527	1513.9
2185.9	3267.9
1156.4	1226.2
3157.5	958.23
2554.8	3502.4
1050.2	1853.1
977.96	2530.3
2027.6	3343.7
2946	916.88
6539.1	2081.1
6088	826.01
1284.8	1145.6
5902.3	737.42
2620	3983.6
1231.7	2952.9
1877.2	2456.9
1407.5	849.87
2052.8	1314.1
2128.2	260.11
6545.8	2670.8
2502.8	3503.3
2924.8	3702.3
2498.3	4002.5
2799.5	885.62
1877.2	2456.9
1154.1	1504.8
2206.6	126.88
980.85	1783.5
1634.6	1346.6
5969.5	3566.2
1144.3	1534.9
5602.2	3564.6
2855.5	939.38
2027.6	3343.7
1172.3	2644.4
954.04	1929
2602.9	720.65
6300.4	1571.4
3157.5	958.23
1284.9	3150.6
2295.8	39.601
1138.1	1625.5
1195.5	1126.9
1877.2	2456.9
1594.9	4135.1
1025	2256.7
2799.5	885.62
1214.5	1522.5
1877.2	2456.9
5552.8	412.23
1877.2	2456.9
2067.2	1132.4
2260.9	1022.2
2011.9	3636.4
1441	1497.9
1877.2	2456.9
3157.5	958.23
1525.2	2328.5
944.55	2859
1880.4	1133.9
3423	573.52
2015.7	1220.4
1172	1607.1
4924.1	67.364
1966.6	4401.5
1492.4	1322.2
891.65	2033.8
1156.6	1601.3
1923	1143.3
2311	3873.1
2123.6	3850.7
2805.5	3743.3
6319.6	3257.8
2750	3568.4
2265	69.05
1036.8	1872.1
1928.8	4370.9
2188.2	1076.6
1238.8	2668.1
1955.6	4383.2
1247.9	1085
5886.1	965.3
6526	2851.3
1284.9	3150.6
2662.9	792.32
2590.9	4478
2889.3	3396.6
2438.6	3312.1
1817.7	931.44
1942.7	223.41
870.77	2138.4
1020.5	2587.9
3074.3	211.39
1090.4	3358.7
6438	1622.7
1913	4647.9
1003.7	1682.4
1237.6	1598.1
2632.8	115.82
6542.9	2491.4
1155	1584.9
1018.2	1488
1602.8	2641.6
2892.9	944.26
2481.8	919.54
2432.6	1121.6
2198.9	3753.2
2235.1	4103.8
2082.3	105.67
3074.3	211.39
1004.5	1890.6
1678	3863.4
1492.9	1462.9
6440.6	1555.1
2664	3520
1945.9	410.12
1020.5	2587.9
2297.2	3418.2
1155	1584.9
1840.1	4482
1492.4	1322.2
2956.5	857.23
2347.5	1017.9
2236.3	3888.2
1181.7	1214.4
5382.2	3759.5
6088	826.01
1077.6	2983.1
3169.4	852.28
1899	2879.4
6268.6	1151.3
2094.4	1307.1
1392.7	1597.5
2482.4	390.61
1832.3	1272.3
5882.2	3305.8
2208.9	3779.7
1269.4	1390.1
2011.9	3636.4
1127	1673.1
2259.3	1105.3
1488	3903.7
2024.7	4132.1
2227.8	3421.3
1056.3	2872.8
2494	1053.1
1151.1	1557.7
1984.6	3791.7
1660.8	646.76
1574.9	3091.9
2946	916.88
874.37	2030.3
5710.9	714.24
2047.5	3659.2
902.08	1971
1096.9	1414.9
5784.8	3280.8
1497.2	2970.5
2556.4	3922.6
2715.1	522.42
2720	409.46
1811.2	892.6
1419.2	3239.7
1144.3	1534.9
1840.1	4482
5845.6	909.67
2195.7	97.32
1674.7	3919.3
2334	849.57
1877.2	2456.9
5373	417.83
1807.6	1059.8
1877.2	2456.9
1849.2	3679.4
2209.4	1152.1
2351.8	4194
1660.8	646.76
3058	843.99
1030.8	2879.1
2080.1	4038.7
1384.4	1553.8
1089.3	1437.1
2999.9	1091.7
1776.4	1191.3
1425.8	763.8
2049.6	244.37
1521.8	3409
5887.5	867.61
5633.9	3442.9
3058.1	3614.2
1953.9	4216.9
4732.3	4121.2
2379.7	78.384
2125.7	259.34
4825.3	4167.4
2799.7	1015.2
3163.4	972.99
6386	2863.3
1067	1511
2840.4	4603.9
2043.7	4115.2
2088.6	1153.1
2154.6	176.69
1841.3	414.63
1969.4	252.25
1533.3	737.62
2069.2	4619.5
1149.3	1607.2
1780.2	3187.9
1371	931.75
865.98	2567.6
1602.8	2641.6
1030.8	2879.1
1001.4	3255.4
6244.6	2968.3
1167.4	2922.2
2613.3	578.3
1429.6	2332.7
2258.2	1051.6
1527	1513.9
2873.2	924.66
1093.8	3195.4
2420.4	3566.9
1181.2	1232.3
2521.1	573.49
1219.7	2941.7
1001.4	3255.4
1334.6	1237.1
2334	849.57
6408.3	1749.7
1206	1108.2
1399.9	842.13
867.81	1975.9
1885.7	2672.7
1001.4	3255.4
5893.7	926.08
1788.7	390.75
2137.1	4316.1
2722.9	915.41
1452	776.8
1218.3	3071.4
1295.4	1004.2
5921.7	3357
6119.3	1309.5
1981.4	349.19
6420.8	2919.3
1324.9	1069
2742.6	472.59
2297.2	3418.2
3096.9	917.9
1660.8	646.76
2085.9	3435.4
2124.8	169.54
2703.3	3372
1101.3	3377.9
1089.6	1757.4
2635.9	684.17
1815.6	1199.4
2799.7	1015.2
2238.9	25.64
2722.9	915.41
1026.1	2601.3
2334	849.57
2006.8	3222.4
5969.5	3566.2
5562.9	512.85
1547.3	2452.7
1678	3863.4
6388.2	1960.3
1968	991.11
2093.9	3444.1
5893.7	926.08
1944.1	3122.7
3157.5	958.23
1678	3863.4
4004.6	275.32
1824	4258.8
2767.2	951.74
1660.8	646.76
1228.4	1701.5
2063.2	963.28
1843.3	741.04
2049.1	4046
1573.1	3829.8
5721	680.88
1602.8	2641.6
1674.7	3919.3
4017.4	277.59
1606	3826.3
1426.8	1110.4
1737.9	1300.2
3157.5	958.23
5755.9	3812.5
1737.9	1251
1590.8	655.82
1257.2	1071.4
1753.3	1314.3
5840.1	3322.9
1770.6	1281.9
4959.7	4029.1
1823.2	4201.8
966.07	2002.6
1877.2	2456.9
5663.5	3498
2220.7	3777.1
997.79	2709.1
3035.4	931.28
1980.9	430.7
5408.6	138.12
5844	3732.8
2041.4	727.65
1975.5	1727.3
3089.2	904.17
2797.4	746.72
3413.8	571.91
2838.7	4019.4
885.41	2776.3
1731.6	1295.4
6436.8	2049.5
974.3	2094.7
1484	3296
1546.7	828.16
1958.8	1235.7
1976.7	387.19
1691.4	1310.9
3170.5	997.21
2179	544.71
2435	3581
1991	303.97
1044.7	1685.3
6526	2851.3
1243.1	2922.2
3162.1	3499.3
2604.4	3351.2
1402	890.9
5887.5	867.61
1361.4	3836.7
6070.7	3259.7
1012.2	3221.4
5770	3694.3
1814.2	361.46
1473	3919
5917	867.35
2255.8	51.136
2779.1	908.34
2706.2	3505.3
1822	3700.1
2220.1	91.549
6561.3	2567.2
890.66	2833.9
2347.2	1076
895.38	1969.2
6433	2818.4
2554.3	231.62
899.06	1955.7
2344.1	3815.1
6267	1248.5
901.61	2442
6269.5	1812.9
2706.2	3505.3
2357.6	4035.5
2311.5	656.64
1689.7	3259
4004.6	275.32
2474	39.446
2442.5	3466.3
1607.9	2638.4
2414.1	1010.1
962.92	1686.2
1490.6	2159.8
1206	1108.2
5708.1	560.33
1628.8	1359.4
1830.6	1197.7
2373.7	3443.2
1384.4	1553.8
1675.8	590.34
6411.3	2847.5
2767.2	951.74
890.66	2833.9
2091.2	143.07
2680.8	431.74
1148.8	1104.3
1426.4	1572.7
6353.5	1311.9
1278.7	3202.4
1487.2	4032
951.83	2816.8
2380.7	587.71
1977.3	3301.7
895.38	1969.2
6383.6	2851.5
2732.9	3408.9
871.68	2588
1900.8	1206.7
5796.5	926.09
1254.5	1461.6
1501.9	3066
1535.1	1401
1401.3	844.89
5721	680.88
1226.3	3536
2058.7	3628.5
2359.3	3423.3
1674.7	3919.3
2366.4	1028.3
5981.3	3555.4
1006.5	1664.1
2020.7	4130.4
1689	1326.4
2075.1	1324.5
2645.9	720.74
3093.9	173.86
2124.5	4503.2
5981.3	3555.4
5683.7	3437.3
1903.6	2928.8
5115.4	3917.9
6521.8	1945.9
2705.9	989.33
1354.6	1526.6
1638	3307.7
1645.6	1209.7
6313.3	2983.6
2450.2	4455.9
896.52	2872.2
2988.4	3433.1
2260.9	43.839
5981.3	3555.4
1188.1	2804.1
2057.8	4037.8
2253.4	62.904
3127.4	3492.1
2990.3	910.91
3127.4	3492.1
3031.7	870.98
6244.6	2968.3
2696.8	713.14
2179	544.71
1929.6	3081.5
1100.9	1444.9
3199.6	1068.9
2799.7	1015.2
2553.1	3591.7
1183.9	2973.3
2521.1	573.49
2542.5	956.49
2720.4	873.24
2735.3	929.24
6286.5	3085
1752.1	3185.2
2572.6	3470.2
1188	1455
1602.8	2641.6
1359.8	3172
6502.4	2744
2435	3581
6355.7	2211.6
2297.7	1024
3009.8	953.7
2599	4057.2
1242.8	1764.3
1872.7	1212.9
905.46	3098.9
6336.5	1301.5
2208.1	594.27
2851.4	4014.4
1971.7	3989.7
2124.9	551.6
1887.3	2253.9
1390.8	863.11
942.82	2090.5
1615.8	925.21
2475.9	984.74
1674.7	3919.3
6419.5	2799.6
2790.1	3550.1
2052.9	1170.9
1789.2	890.82
2412.7	554.75
1695	1344.8
2311	3873.1
2208.1	594.27
1426.4	1572.7
1794.9	1196.9
1257.2	1071.4
1368.7	3087.2
1068	1755.6
1737.9	1251
6044.3	1355.5
1124.8	1672.9
2355.7	153.56
2146.6	536.04
1536.7	3730.8
6356.9	2241.7
2475.9	984.74
997.79	2709.1
2311	3873.1
874.72	2078
1841.9	3579.7
1362.6	1553.3
5080.6	39.762
2260.6	321.56
982.58	3249.4
1278.7	3202.4
2450.2	4455.9
902.08	1971
1966.6	4401.5
5885.9	984.61
2027.6	3343.7
6424.5	3142.3
1890.8	1213
2220.7	3777.1
1413	3902.5
2451.1	3694.3
1316.5	2323.8
1882.6	1201.6
5839.6	3664.2
2873.2	924.66
2145.2	3175.7
1731.2	3179.8
2198.9	3753.2
1374.6	2325.2
2781.9	964.6
1674.7	3919.3
2198.9	3753.2
1903.6	2928.8
2355	159.03
5512.7	507.34
1660.8	646.76
2631.4	860.59
5764.9	617.21
2249.1	3383.6
6118.8	965.05
1468.6	3361.5
2377	796.29
6013.4	717.38
2635.9	684.17
1242.8	1764.3
2083.9	3520.5
3161.6	968.33
2771.7	3670.8
3030.5	873.38
5964.2	1044.7
2799.7	1015.2
1991.4	253.98
2451.1	3694.3
2220.7	3777.1
1628.8	1359.4
1527	1513.9
2345.1	782.58
1753.5	3642.9
2371.7	3585.1
1509.5	3241.3
1258.1	3313.3
2720	409.46
2220.7	3777.1
6595.1	2290.1
936.75	1982.9
6574.4	2860.4
2351.1	1003.7
5726.9	565.13
1392.7	1597.5
1280.4	2321.3
6591.1	2611.9
5970.8	1130.6
6447	1709.2
4066.5	209.71
2434	1098.4
6447	1709.2
1990.6	1079.1
5907.5	1013.5
2622.8	1127.2
1530	2134.1
1547.1	2156.7
1068	1755.6
6411.5	2804
5893.7	926.08
6077.4	3308.9
5816.8	768.45
890.66	2833.9
2522.2	1096.9
2166.1	1078.7
1633	636.11
1832.3	1272.3
2038.4	1136
3034.5	991.78
6563.4	2615
1966.6	4401.5
6286.2	3095.7
1000.5	2043.8
2567	3341.8
1530.6	3842.7
1022.9	2294.1
6121.9	3579.4
2057.8	4037.8
1673.6	632.09
2219.8	88.555
6424.5	3142.3
5188	162.61
6308.3	1619.6
1374.6	2325.2
1386.9	3655.2
1246	1545.2
2451.1	3694.3
6395.4	2107.5
6427.3	1845.8
936.75	1982.9
1084.4	1724.7
1841.6	426.25
993.46	1531.4
1970.1	409.31
2544	1006.2
873.47	2365.6
2632.8	115.82
942.82	2090.5
5856.9	937.52
1226.8	2659.9
6551.4	2033
5505.2	457.14
1510.3	3401.6
2572.6	3470.2
1288.8	1666.1
1809.6	3101.4
1660.8	646.76
1349.8	2333.2
2591.1	133.85
1957.8	398.89
1858.1	3203.3
1897.8	2864.1
2448.6	111.65
3154.7	967.29
5969.5	3566.2
5088.3	85.832
1674.7	3919.3
5715.4	692.34
5766	620.42
2450.2	4455.9
1487.2	4032
1877.2	2456.9
2451.1	3694.3
1976.7	387.19
1464.8	1214.4
2421.2	3315.1
2450.2	4455.9
6088	826.01
5683.7	3437.3
2337	3951.3
6539.3	2505.9
1891.7	2354.8
2825.7	897.89
2382.4	556.56
1851.6	1331.9
6458.3	3502.6
1877.2	2456.9
1349.4	1528.2
4489	4159.4
1882.5	2368.8
1813.8	1287
1374.6	2325.2
1419.2	3239.7
2779.1	908.34
1164.4	2840.2
1720.7	1306.3
1501.1	2346.5
1880.8	2413
990.13	1689.2
1674.7	3919.3
860.91	2021.5
1484	3296
2347.4	3700.1
2067.1	3644.9
2603.9	139.18
5847.5	3340.5
2755.8	413.77
5981.3	3555.4
1028.3	1683.1
4716	4159.7
6155.3	1133.2
1188	1455
1316.5	2323.8
1851.6	1331.9
3202.7	300.2
2714.1	872.14
1170.6	1038.3
2548.2	985.1
2370.3	1007.2
1202	1746.8
2943.2	918.88
5715.6	413.94
2421.2	3315.1
2603.9	139.18
1245.4	2671.9
2798.9	898.9
1068	1755.6
3162.1	3499.3
1891.7	2354.8
3021.2	884.57
2412.1	3590.1
896.27	2478.1
1902	442.37
1188	1455
1877.2	2456.9
6512.7	1662.5
2622.8	1127.2
2510.6	86.243
2635.9	684.17
5053.2	108.14
924.3	2608.8
1508	1410.9
2663.1	3999
6217.7	1231.8
1441	1497.9
1602.8	2641.6
6342.3	2145.4
6548.3	2641.2
2313	3365.3
5396	136.53
906.6	2116.5
921.07	2015.6
5188	162.61
1966.6	4401.5
1510.3	3401.6
2632.8	115.82
6481.2	2152.6
2555.2	368.76
2311	3873.1
5839.1	3292.3
1885.7	2672.7
6355.5	1920.4
1213.1	1166.7
1026.4	1855.7
1873.1	3551.2
1971.4	3979.9
1100.5	1886.9
2815.4	935.35
3538.6	114.44
1909.1	3748.4
6247	3130.9
2289.1	4609.8
1374.6	2325.2
2311	3873.1
2881.9	3381.4
1364.8	3215.9
5941.7	3714.1
6376.7	3155.5
1280.3	2902.1
2334	849.57
1293	1322.6
847.49	1848.4
2260.9	1022.2
6539.7	2506.5
3095.2	290.13
2347.4	3700.1
1711	3773.1
1897.8	2864.1
1960.8	308.56
912.49	2937.8
1840.1	4482
1009.2	1963.3
1402.9	3253
3094.8	922.31
1660.8	646.76
2074.1	3652.4
1913.9	374.09
1217.9	1469.6
3127.4	3492.1
1888.8	3570.4
1443.3	1430.9
2536.4	3497.1
3127.4	3492.1
1530.6	3842.7
1891.7	2354.8
1731.2	3179.8
2410.7	4165.4
1853.4	3115.9
1185.1	1557.8
2337.8	313
2881.9	3381.4
6180.9	3044.4
6188.1	1515
2480	929.59
2311	3873.1
1885.7	2672.7
2700.8	1060
1620.9	3233.6
1877.2	2456.9
1120.2	1770.4
2125.5	3590.6
2276	4033.3
1759.8	3169
2311	3873.1
2032.9	1142.7
1155.7	2314.3
1808.5	1075.8
1316.1	1466.6
2825.7	897.89
2021.1	1085.1
1729.9	1389.8
1885.7	2672.7
6556.5	2625.2
1329.8	954.08
1155	1584.9
1424.2	830.55
1966.6	4401.5
3243.5	627.46
2433.2	992.99
2084.9	1178.4
5120.6	216.18
6232.7	1142.5
1981.4	349.19
1877.2	2456.9
5415.3	189.8
2645.2	919.11
6391.7	2855.9
2057.9	3173.4
1331	3010.4
6121.9	3579
6472	1628.2
2067.1	3644.9
6286.5	3085
2397.2	3739.7
1495.6	3008
2083.9	3513.2
6512.7	1662.5
1137.7	1242.7
2718.3	446.63
2160.9	530.98
1124.8	1237.7
5584	623.52
3035.4	931.28
1355.1	1667.8
1082	3331.4
1887.3	2253.9
2744.1	815.08
1966.6	4401.5
2049.8	1483.9
1877.2	2456.9
6527.2	2526.6
1156.6	1601.3
6247.3	1097.3
5584	623.52
5721	4068.6
2047.5	3659.2
5755.8	3325.5
2319.9	3235.6
2881.9	3381.4
1609	2637.5
1976.7	387.19
3162.1	3499.3
2198.7	1077.9
2510.6	86.243
1856	1238.3
2949.6	915.04
6191.2	3087.5
2215.2	3754
1162.7	2323.8
2099.1	1121.3
5382.6	4099.5
1156.9	1591.5
2990.3	910.91
3197.7	54.111
5886.9	994.91
1312	1083.5
2067.1	3644.9
2359.8	3422.1
1877.8	2580.7
1885.7	2672.7
6363.1	2301.6
6269	1302.3
2333.4	978.54
1916.9	3024.9
2015.7	1220.4
2320.7	4188.5
6248.8	1105.3
2672.8	4317.1
1980.3	377.7
2038.4	1136
2184.4	300.52
6309.9	1590.9
3162.1	3499.3
5839.6	3664.2
3451	415.39
1891.7	2354.8
6436.8	2049.5
2565.7	3304.2
1188	1455
2196.1	3356.4
2315.9	54.854
974.3	2094.7
6215.1	1133.1
2049.8	1483.9
1244.7	2966
1802.5	835.06
2554.4	369.57
2644.3	341.63
2013.1	3199.9
2311	3873.1
6538.9	3075.4
2065.6	3337.9
1335.5	1348.3
3162.1	3499.3
2804.7	1021.6
906.6	2116.5
5521.8	473.02
2475.9	984.74
1616.4	4092.6
2297.2	3418.2
1770.6	1281.9
1298.1	3024.9
1469.7	3295.5
1929.6	3081.5
2313	3365.3
3382.6	319.32
6467.3	3493.8
5867.9	731.04
1891.7	2354.8
1374.6	2325.2
1877.2	2456.9
1968	991.11
819.86	2446.9
3275.5	1917.3
1877.2	2456.9
2705.9	989.33
5839.6	3664.2
1077.4	3122.9
2357.8	4390.5
1419.2	3239.7
1077.4	3122.9
3162.1	3499.3
1843	1353.7
3140.9	1064.2
2220.7	3777.1
3162.1	3499.3
1476.4	4082.7
1003.7	1682.4
1926.1	4518.5
1453.8	2338.3
1155.7	2314.3
6175.5	1297.6
2175.2	3853.9
2703.3	3372
6157.3	3813.3
1399.9	842.13
1433.7	790.45
2311	3873.1
6544.4	2487.1
924.3	2608.8
2703.3	3372
1868.3	2395.6
1823.3	1293.6
1132.8	3505.2
5154.8	3887
2347.4	3700.1
1614.9	4458.2
6590.4	2694.1
2166.1	1078.7
1759.8	3169
6390.8	2188
1602.8	2641.6
2510.6	86.243
890.66	2833.9
1338.8	3421.2
6548.3	2641.2
1854.7	1265.3
1316.5	2323.8
1602.8	2641.6
1784.7	3600.9
1247.9	1085
1087.8	1781.9
1885.7	2672.7
1426.8	1110.4
1984.7	1196.2
2143.2	3412.7
5555.6	401.97
2544	1006.2
6230.8	1459.3
2439.4	3306.9
2856.4	824.2
1419.2	3239.7
1712.3	1304.5
1509.5	3241.3
5732.3	3928
5528.6	625.7
1116.1	1775.1
5732.2	736.67
1247.7	1138.8
1364.8	3215.9
864.69	2149.8
3367.8	326.76
1843.6	3663.6
2011.9	3636.4
1759.8	3169
2075.1	1324.5
6551.4	2033
1155.5	2648.3
2736.8	3422.5
2143.2	3412.7
1884.5	2672.8
2249.6	3907.7
1609	2637.5
2204.3	3929.8
2603.9	139.18
5154.8	3887
6551.4	2033
1887.3	2253.9
5113.6	3944.3
1602.8	2641.6
2421.2	3315.1
1646.6	661.08
6280.7	3015.8
2129.8	3270.8
6595.1	2290.1
5594.3	3551.8
3163.4	972.99
1402.2	850.7
2279.6	4593
5107.7	3979.9
1843	1353.7
798.23	1898.2
2345.1	782.58
1418.9	1356.2
1095.4	3370.3
3135.9	950.15
1374.6	2325.2
2603.9	139.18
2694.4	3775.3
5100	147.42
2013.1	3446.1
2736.8	3422.5
6119.4	954.69
1438.3	1354.4
3311.6	968.32
1476.4	4082.7
1712.3	1304.5
2603.9	139.18
2215.7	79.304
2311	3873.1
1426.8	1110.4
2165.6	1034.2
2334.4	3953.1
2015.1	1157.2
1419.4	4094
5438.3	546.78
5707.7	795.43
2632.8	115.82
1738	669.53
3177.3	955.55
1543.8	2455.4
1316.5	2323.8
2311	3873.1
1543.3	3080.6
6406.4	2824.7
2297.2	3418.2
