1006.8	2289.4
1196.6	2019.2
1209.2	2138.7
1341.9	1886.8
1805.6	1783.3
2048.4	3564.9
1731.4	1451.8
987.89	2225.8
1937.8	1632
1162.5	2054.4
1118.1	2099.4
1609.3	1465.4
2701	469.33
1306.7	851.62
2223.3	1678.4
1910.1	536.37
1491.4	1945.9
1162.1	2054.7
1324.3	1899.2
1184	2035.4
1610.6	1606.5
1332.7	846.74
1121.4	2002.5
1149.9	2251.8
1939.1	1329.2
1505.1	1937.7
1432.9	2046.5
1499.4	1937.7
1149.9	2251.6
1499.6	1937.8
1038.2	2889.6
1016.9	2175.8
1088.6	1827.6
1067.9	1250.8
1508.7	1439.3
1617.6	1686.7
1106.2	2207.2
1730.7	1413.8
2659.3	349.68
931.86	2823.7
1687.5	1839.4
2206.9	1523.1
1105.5	2033.7
1886.9	1633.7
4005.8	272.63
932.98	2831.2
1187.2	1844.2
2172.5	1507.2
3933.3	261.2
1483	1947.8
931.75	2823
1451.6	1857.7
1796.5	1782.3
1442.9	2029.7
1092.1	3118
2701.8	458.48
1747.7	1181.8
1405.1	2048.7
2433.6	1635.6
2247.3	1546.6
2447.6	1640.7
1303.2	2746.3
1600.1	1095.4
1125.8	2160.7
1639.3	1492.5
859.05	2165.2
1182.5	2007.6
1392.2	1792.1
1125.7	2160.5
1844.8	1478.7
933.15	2833.4
3322.7	3055.1
1074.7	1977.3
1104.3	1895.1
2147.8	1659.1
2224.5	1519.8
1752.1	1181.6
1809.5	1608.5
1750.9	1181.9
1274.8	2089.2
1052.9	1838.2
1838.9	1625
979.09	2848.1
1444.1	2029.1
1885.5	1633.8
2147.9	1658.6
1585.2	2697
1389.5	952.58
1055.6	2224.2
2234.8	1549.4
922.34	2010.9
1619.1	1591.7
1322.2	1671.5
1618.9	1592
1587.1	1390.3
882.85	2705.5
1094.9	2182.3
2224.3	1520.4
1306.7	1930.4
907.97	2214.4
1035.1	1676.4
979.43	2846.7
989.27	2111.6
1122.8	2014.8
895.81	2150.8
905.85	1667.6
2427.6	1121.2
2501.4	165.07
1174	2104.9
1457.6	1844.6
946.77	2039.9
1301.1	1641.5
1796.2	1599.4
3324	3039.1
2030.9	1826.2
2508	80.141
1013.2	1818.2
2038.5	1653.7
1429.3	2038
1429	2038.5
1577	1700.9
1458.1	1844.6
957.62	2292.4
1442.3	798.13
1873.7	1308.2
961.69	2292.7
3303.8	3060.7
2199.7	1406.8
946.32	2317.4
1754	1507.9
946.22	2040
1143.6	1901.2
1155.7	1706.9
1874	1307.8
1723.2	1437.2
1305.4	2050.8
2492.4	1680.5
2199.3	1407.5
1228.5	1430.3
1004.3	1964.8
2499.2	1686.5
1549.7	1735.8
1678.6	1918.4
1514.1	1557.5
2493.4	1679.8
1350.1	2069.9
907.27	2161.5
3324.7	3038.2
1398	1633.1
1291.2	1753.2
3303	3061.3
1292.5	2138.5
988.54	2111.5
961.82	1856.3
1215	3328.3
2224.5	1427.3
2673.8	404.21
1172.2	2170.9
1678.1	1918.4
983.88	1879.6
2015.4	1647
1678.8	1919.6
960.98	1998.1
2144.7	1484.1
1677	1839.2
2620.3	356.2
1478.8	830.16
1518.3	863.36
1423.7	877
2119.2	1154.7
1609.6	1389.5
1273.3	1732.3
917.23	1799.8
918.75	2187.3
1178.1	2091
962.52	2001
862.71	2253.9
1350.7	2070.8
1169.6	1191.7
1181.9	2089.9
2048.7	1352.3
1389.8	1400
1480.6	1939.6
1577.1	1701.1
1361.1	1007.4
1738.2	1517.3
1135.3	2037.5
907.33	2162
1445.9	1553.8
1745.2	1571.9
2089.4	1546.9
1071.8	2193.9
1336.2	1898.1
1559.4	1040.8
2569.6	215.99
1172.8	2020.9
1028.6	1833.1
2295.2	922.55
1040.3	1656.8
1344.2	1192.9
1902.7	1718.7
1173	2099.9
1107.9	2075
1104.5	2176.1
1371.8	1785.4
1651.7	1243.3
1738.2	1517.5
1576.5	1705.3
1421.3	1409.9
1188.7	2022.8
1917.8	1278.1
2490.2	150.27
1001.2	1743.3
1626.7	1150.4
947.9	1879.3
1053.2	1827.5
1201.4	1439.3
1119.9	2111.2
962.14	1933.4
1352.2	1075.1
907.61	2145.7
2036.5	1404.4
3291.1	2774.3
1106	1761.8
1421.1	1412
1293.9	2115.1
1783.1	1595.1
2382.7	1556.7
869.33	2217.3
2274	897.73
1682.4	1437.4
1416.7	1691.2
919.54	2216.2
1660.8	1905.1
1748.1	1514
1445.7	1551
915.04	2383.6
1316	1049.2
928.51	2400.7
1178.6	1582.4
1405	2022.3
1679.5	1111.6
1154.1	2106.1
919.13	2138.3
1997.9	1379.1
1424.4	1553.4
1513.9	1032.5
1190.5	2090.1
1495.6	1396.6
2264.2	1539.4
1054.5	1982.4
890.14	2112.4
1255.3	1939
1212.2	1802.3
1097.1	2137.1
1203.3	1809.1
1023.3	2960.1
1499.7	1103.6
1179.8	2185.8
1091.4	2198.1
1350.7	1261.5
1554.3	1644.9
1421.3	1411.1
2380.7	1610.2
898.61	2082.5
2107.6	1614.9
2447.2	1622.4
1106	1624
937.09	1553.1
2489	150.49
1228.7	1165.3
1261	1798.9
1086.4	2150.9
1162.3	2066.6
1105.7	1762.2
1331.1	1889.1
1644.5	966.76
1212.5	1278.6
1179	2049.3
990.66	1832.1
1210.6	1278.6
1497.8	1855.9
1120.4	2111.1
3269.5	2569.8
1233.4	1152.9
1669.1	1771.2
990.14	1822.8
1279.4	1947.2
2749.5	564.66
1686.2	1872.7
1329.5	1892.6
2036.8	3012.5
965.49	2321.9
1092.8	2142.8
906.49	2398.7
1314.5	1048.5
1274.3	1941.2
1105	1365.5
1022.7	2014
2142.9	1517.2
3273.5	2638.9
1294.5	2121.5
1490	1115.5
1022.2	1750.2
1322.2	1532.1
1281	1966.6
2176.4	1375.1
2297.6	1562.4
2524	44.131
1264.7	2076.5
1083.2	1971.9
1874	1245.9
1013.9	2898.3
1476.1	1771.9
1263.1	3485.2
995.88	2312.3
2260.2	1539.6
1120.7	2224.3
1094.5	2139.7
908.95	2393.9
1300.7	2129.3
1094	2139.3
1035.9	2006.5
945.65	1944.2
2422.7	1664.6
1117.7	2224.5
874.8	2785.2
1110.3	2046.5
1034.7	1743.1
1135	2028.2
986.16	1803
1135.5	2097.8
2529.4	213.34
1800.6	1563
2367.7	1304.4
1509.5	1777.5
1624.9	1434.6
1073	2144
2627.5	380.06
1006.4	1809.5
2182.2	1765.6
933.13	2058.7
3298.9	2724.6
1073.1	2145.2
1300.7	2129.7
1215.3	2007.4
1968.8	647.58
2742.2	551.9
2377.2	1708.5
945.58	1945.2
3303.4	2787.6
2433.1	215.81
1669.7	1310.9
1626.1	1436.8
1497.1	1350.8
1369.2	1869.9
861.08	2757.7
1062	2163
1095.7	1627.2
1625.4	1436.5
862.06	2388.9
2524.1	198.23
1520.1	1359.8
1546.9	1834.3
1320.9	2736.9
2285.2	1578.9
2474	117.91
1415.3	768.83
922.66	3301.6
1127.8	1885.2
2012.2	1552.6
1372.7	1869.7
2391.1	1574.6
900.52	2020.9
1231	1457.3
3275	2702.2
1144.5	1620.6
1407.6	1855.4
2183.3	3035.3
2740.6	558.56
1176.8	1259.4
2483.2	129.55
972.36	2124.9
1380.9	2025.3
1461.3	1835.8
3347.5	3393.9
972.42	2124.8
976.62	1984.3
885.61	1761.6
1169.2	2062.8
1507	1668.2
1880.2	1373.9
2283.8	1730.8
2219.7	1656.7
2583.6	182.43
3290.4	2585.8
2484.1	129.79
928.82	1983.4
1397	1467.6
960.8	2149.4
1365.1	1392.4
1197.2	2128.1
1086.2	2150.7
1081.8	2173.8
2643.7	1141.2
1181.9	1992.9
1011.6	2885.3
1036.2	1830.4
2609.6	50.638
891.25	2791.2
1357.4	1882.7
1281.4	1863.6
975.94	1881.6
3292.3	3028
1606.6	2940.1
883.26	2158.2
2609.4	50.609
3270.4	2632.1
1706.3	1770.9
1236.2	1140.5
1197.3	2125.5
1312.4	2749.4
1605.7	1412.6
1005.4	2043.4
1559.1	1600.1
2274.3	1467.5
1395	1862.8
937.64	2390.2
881.68	2157.7
884.02	1877.9
2017.9	3010.7
1409.1	1005.8
1407.1	1567
1740.2	1039.3
1876.2	1330.4
1956.2	1601.7
1088	3188.8
1096.2	2193.5
1867.2	1586.7
1458.7	778.94
1650.2	1942
1651.2	1939.9
2092.9	1814.7
1087.8	3187.8
1023.8	1830.7
1062.3	2162.9
3290.9	2586.4
891.23	2790.7
1090.3	3187.7
1543.2	2938
2464.9	1636.4
971.81	1999.4
1286.4	2066.4
1569	1737.6
2033.4	1263
2070.1	630.67
3269.5	2630.4
1136.3	1953.1
891.45	1855.5
1171.8	1527.8
1312	2125.1
1508.3	885.46
976	1944.2
3266.3	2563.6
2755.1	578.24
1552.5	1370.4
936.66	3077.7
2282.7	1553.3
2178	1650.3
1308.1	1636.1
2323	1556.7
1209	2212.3
2490.3	3055.4
3265.6	2561.3
991.77	1955
1390.1	2000.1
1762.7	2978.9
1220.3	1610.8
2456.9	1675.6
758.52	2797.2
1472.4	1804.9
1059.2	2123.7
2279.6	1572.1
2994.7	90.78
2983.1	51.031
1649.7	1943.3
1130.5	2187.7
2303	3043.9
4322	2952.7
2835	555.1
1649.5	1943.9
884.57	1881.7
2283.4	1727.9
2413.6	1619.9
1115.5	2194
1524.8	1472.8
2069.5	1668.9
1048.2	2235.9
2833.2	569.55
1205.9	2039.7
2780.5	623.67
1496.7	1803.7
1048.4	2234.9
1960.3	1678.8
1563	1808.2
934.61	3078.1
1603.7	2937.1
2367.2	1703.4
1329.2	1916.3
2387.2	1280.9
2687.5	349.59
2724.3	2743.8
1695.1	1177
922.94	2413.4
2673.9	2681.7
1457.7	1355.9
1153.3	2142.1
2505	1272.5
2667.2	1081.4
1481.2	819.71
2133.6	1790.9
968.96	2187
967.57	2187.1
865.61	2370.1
2072.9	1771.5
1282	2113.5
2457.8	1676.5
881.72	2451.1
1041.6	3097.2
2019.7	3008
1940.2	627.46
1114.9	2187.8
1130.3	1960.5
1263.1	2095.4
1705.9	1600.6
3303.9	2730.6
1183.1	2148
877.12	2381.6
1938.8	627.65
3289.4	3022.1
1329.3	1769.3
1240.7	3455.9
2397.7	1299.6
1203.4	2027.9
990.21	1887.6
844.31	2481.6
844.22	2481.5
1321.9	2043.3
1038	1794.4
1016	2892
2533.8	225.99
2497.1	1587.6
2339.3	1711.4
2495.8	1127.2
2020.2	3029
3270.4	2696.5
1221.6	2024.8
1955.2	1246.1
1678.7	1903.9
2017.8	3008.2
2773.7	2801.9
1310.7	2051.9
3299.3	2660.6
850.39	2547.2
2038	3030.1
3340.1	355.8
1501.7	1982.1
1335.4	2670.8
892.18	2105
2167.4	1573.7
1467.7	1923.7
3274.6	2760.1
2114.1	1793
1277.9	1311
3308.6	2792.8
2004.2	3024.6
1436.2	1486.9
2410.5	1685.5
1171.6	2067.1
2039.7	3027.3
2686.8	349.89
1124.5	2180.7
1173.5	2077.5
1837.9	1840.1
986.01	2043.3
3266.5	2626.4
2017.6	3028.8
2133.8	1334.7
2369.7	1573.5
2363.8	1294.9
883.18	2784
1237.2	1811.8
1114.8	2187.2
1585.8	1626.1
3262.1	2558.2
2236.1	1360.4
1483.5	822.06
1839.2	1830.6
2315.1	219.89
1602.2	2936.1
1827.4	1544.2
1447.2	1079.8
1951.2	1249.3
989.87	2149.8
1816.1	808.83
1434.9	908.73
1054.7	1602.6
2480.9	1033.4
1570.9	1931.3
1156.3	2117.8
1574.7	2650.4
887.62	1742.3
1298.1	2100.8
1183.1	2147.6
2361.8	1515.3
1323.4	954.32
1460.1	955.26
1584.3	2764.3
1648.8	1745.9
3345.8	3082.6
2019.9	3029.8
1952.4	1247.3
2025.4	1718
1736.7	1879
1141	2183.1
1590.2	2667.6
1262.8	2095.5
1801.3	1831.9
1475.1	822.26
4056.6	2988.1
1293.5	1966.7
869.86	1949.3
1117.2	2129.9
2036.2	1808.9
1210.3	2126.9
2064.7	692.98
838.95	2580.3
2161	1355.5
1617	1039.6
3851.1	3015.6
2070.3	621.6
2361.7	1516.5
2365	1693.4
1208.4	2123
2980.7	232.72
1217.1	3373.4
2221.7	3043.1
1763.8	2977.7
1857.8	1295
1699	1895.9
1225.5	2053.6
2316.9	1725
1983.5	1823.7
2063.6	691.88
935.68	1817.3
1489.3	1668.5
3131.5	61.897
4009	284.13
2057.2	2700.9
2362.7	1520
2037.4	3031.4
2089.7	1800.7
2513.1	3055.4
1249.7	1351.9
2360.9	1502.8
2015	2753.7
1920.8	1182.4
2580.7	252.06
2582.7	256.35
2332	1480.4
2005.7	885.85
1834.9	1836.1
1828.4	1544.7
1366.3	1021.4
2639.7	398.61
1980.2	1385.2
1803.8	826.96
2090.9	1804.9
1999.1	3026
1059.9	1758.3
1678.2	1064
879.08	2200.3
2283.4	820.71
1773	1862.8
2063.4	2802.5
3041.2	3065.1
2579.9	250.27
913.06	2120.4
1076.5	2134.1
2074.9	1735.3
3335.9	3411.1
1438.6	2011.2
2427.3	1611
3308.3	2736.5
2571.3	3052.1
1786	1834.5
2161	1621.8
2120.9	1777.8
2778.3	2805.9
3964	3005.9
1232.9	1599.4
2025.6	2743.6
1054.1	2204.5
1650.3	998.93
963.66	3016.7
1073	2235.3
1073.7	1565.8
1479.9	1007.9
2008.5	2791.4
2729.4	581.5
3964.1	3004.2
2381.9	1368.6
2060.1	2754.4
2837	497.7
1547.9	872.8
2053.1	3007.4
3303.8	2666.6
2128.1	1488.9
1871.3	2990.3
2542.8	174.08
1043.8	1697.2
2070.5	1671.2
1970.2	2651.5
