5784.7	1473.7
5886.5	1545.3
5969.8	1608.2
1352.2	1649.3
5950	1593.2
5654.3	1390.5
5495.9	781.7
1558.8	2141
4198.6	739.4
5170.1	585
5813.1	1491.1
5784.7	1472.7
6006.7	1527.2
4445.6	375.93
5392.3	1254.2
5498.1	781.85
6071	1591.4
6213.1	1743.7
5581.2	905.71
4025.5	310.58
5301.7	723.96
5826	1099.1
5438.8	806.7
3336.3	317.71
4917	535.83
5815.8	1366
6004.6	1636.4
5301.4	725.02
5438.7	805.92
2567.4	947.73
5961.3	1233.8
6059.7	1345
5323.5	716.53
2910.5	934.22
5325.1	1310.8
2133.7	3440.9
5238	1029.1
5053.6	588.24
5977.8	1257.8
5085	1125
1626.6	1596.3
2787.9	3284.6
4254.7	832.29
4409.8	379.66
5505.3	781.44
4584.6	891.7
5960.6	1629.5
4596.1	418.46
5396.9	777.8
4161.9	916.63
4047.3	907.96
4872.9	966.68
6072	1365
4646.1	440.8
2948.8	1185.5
4268	929.04
3770.4	1093.6
5296.9	724.98
4909.6	538.18
5796	1360.4
1346.4	834.1
5691.6	979.87
4912.7	536.93
5116.3	1050.5
5655	1263.5
5691.3	979.18
5968.5	2938.7
3852.9	828.63
1011.6	1885.5
6012.9	1670.6
1019.2	1861.7
3143.7	1171
3192.4	1133.6
5794.3	1051.7
4893.2	519.67
980.38	1909.4
6241.4	1583.6
2178.9	795.54
2120.6	1102.1
5013.5	1100
5690.8	976.84
6203.8	1005.4
4402.8	382.97
1066.7	1766.6
5454.2	802.45
6007.6	1242.5
1097.1	1709.2
6574.9	2300.7
1066.8	1767.1
5987.2	1258.4
4415.6	317.49
6242.1	1585.7
4612.6	418.61
4892.6	520.12
4637.3	444.39
979.49	1908.9
5109.1	624.86
6203.8	1031.7
4595.3	644.97
5763	962.96
5309.4	918.24
1858.8	1246.3
1096	1941.2
5994.9	1522.5
5453.4	800.38
4983.8	777.24
5859.9	1128
1635	728.55
4418.4	385.76
6202.2	1004.1
4241	886.94
887.68	2629.8
5272.2	1236.6
5803.4	1517
6329.9	1837.6
887.83	2630.6
6009.1	1243.1
3141	1170.9
5013.5	780.97
5123.3	827.81
4261	574.56
1662.3	1374.3
5593.8	921.76
5109.6	626.39
6442.7	2734.1
5801.6	1472.7
5300.6	925.86
4067.7	327.36
4646.6	440.83
957.64	2011.5
4260.1	574.43
4665.7	428.03
5987.5	1260.9
1081.3	1747.2
995.06	1923.7
973.28	2283.9
4667.3	430.02
5433.2	1308
6233.8	1530.2
5133.2	847.8
4088.7	331.45
6311.3	1693.3
5134.3	831.21
6080.3	1367.4
1089.4	1225.1
5314.1	314.69
5314.1	1306.7
5690.5	1280.3
5418.3	413.16
4900.3	484.8
995.41	1922.7
6451.5	2371
1234.3	989.68
4092.6	267.66
5128.2	624.68
4274.3	575.98
4814.7	139.55
2690.2	1019.8
5421.4	977.31
1813.6	1321.7
912.74	2682.5
6371.5	1776.1
6440.1	1610.5
5321	708.81
5283.4	705.74
2919.3	241.61
1056.9	1999.4
6519.2	2514.3
5459.5	771.6
2490.7	655.57
1665.8	1573.5
3394.4	731.11
5324.1	1174.4
5890.3	1156.4
1653	3253.4
2483	998.37
6371.9	1775.8
973.52	2283.7
6497.6	2526.5
4099.5	306.29
1253.4	1488.1
5458.8	814.39
1052.8	1749.2
2483.1	998.67
5714.2	1458
5332.7	929.85
2594.1	3572.7
6038	1268.3
4435	406.57
5639.2	1368
5772.6	994.33
1469.4	1222.4
5319.9	681.6
2789.1	955.16
5743.2	1194
4725.4	1013.8
4596.3	646.01
6391.5	1819
5774.7	1068.9
4872.1	58.627
5249.9	1184.9
5320.7	1175.5
2063.1	1185.4
6390.7	1819.3
3414.9	1111.1
3162.1	759.53
5143.3	233.49
1034.8	1600.5
4432.8	356.16
4667.1	393.51
1088.9	1222.9
5567.6	888.31
4585.7	640.22
2133.2	591.9
5313.7	1303.9
5459	771.26
4561.7	646.93
4839.1	1092.2
5006.2	4137.1
4753.9	688.84
4191.2	881.16
3820.2	839.76
980.62	1956.7
5829.1	1533.1
3395.6	732.31
3163.7	760.66
5919.4	845.21
6254.1	1604.1
1327.2	1745.1
5961.9	896.52
961.78	2056
5556.5	945.67
6197.7	1811.1
5899	1582.2
6118.5	1427.3
4634.2	990.73
5653.4	975.54
1048.4	1747.6
1082.9	1746
1629.1	1443
3539.7	698.58
5941.3	1614.2
4682.8	407.72
5929.5	1170.8
1297.2	1373.6
1010.7	1873.7
1768.5	1345.4
4581.4	638.53
5514	1309
5944.4	1232.9
6081.2	1369.8
2345.8	520.92
3418.7	1110.9
4139.9	874.63
5321.2	921.03
5568.2	1374
6038.4	1266.3
4079.3	546.62
6152.9	1460
2597.4	961.65
1839	1299.4
4504.7	928.6
6118.1	1428.2
1560.9	4258.8
6305.9	1652.5
4086	240.9
3194	1132.8
2199.7	3467.5
4755.9	708.11
968.05	1944.5
5149	1151
1023.5	2068.3
955.79	1974.6
1483.1	1617.8
5318.5	761.6
942.96	2045
6267.7	1626.3
6300.9	1679
4431.5	354.66
1172.9	2896.7
5942.4	1178.3
1194.7	1703.5
6213.7	2809.2
6040.7	1330.5
6214.2	1279.3
4067.7	545.96
5003.1	773.61
962.7	2483.7
5853.3	1548.2
974.58	2272
1065.6	1541
5349.1	361.51
5795.3	1033.4
5044.8	563.75
5043.8	560.89
6389.9	1842.6
5134.7	831.96
5311	1167.5
3436.7	260.44
1777	840.1
1776.5	839.43
4932.6	560.22
6255.8	1728.8
899.07	2640.8
6299.3	1796
1619.3	3160.8
6345.7	1866.8
3543.4	679.39
6353.3	1568.2
1091.6	1853.6
4298.4	894.08
1327.8	1745.7
5865.5	805.73
6524	2521.4
1015.1	2096
859.61	2683
4585.6	3625.5
4827.6	1030
4479.3	856.99
4356.4	901.83
5017.2	949.18
1323.7	1802.6
5313.4	1302.8
1173.7	2902.6
4964.1	531.29
5123.7	577.01
4215.5	921.43
1992.7	3452.8
5406.3	1153.9
1925.3	1240.4
3543.1	680.4
1842	3404.2
4755.7	706.18
1119.1	1403.5
4737.2	715.03
4845.3	1093.3
1354.9	1762.6
4585.1	3625.4
1344.8	787.92
4083	259.87
4679.6	1050.1
897.35	2015.9
859.34	2165.8
4212.7	726.63
1640.2	1433.1
6119.1	1424.8
1163.7	1569.4
5767.9	760.73
5436.7	1310.8
4927.5	489.08
6116.8	1373
6531.3	2202.2
4056.9	559.9
1037.8	1795.3
5680.3	1437.2
6479.7	1742.2
1059.9	1819
976.24	1927.8
1540.5	1055.5
4175.8	925.78
5350.3	1188.9
935.23	2037.5
1354.8	904.58
5765	761.11
5779.8	1026.4
4068.1	533.3
1432.3	1353.9
6321.5	1702.2
5120.2	569.1
6276.4	1597.8
6040.2	1331.1
6236.5	1846.9
4800.3	3817.3
1574.1	2203.5
5541.2	3847.6
4307.3	818.91
5456.2	764.1
951.62	2060.8
5136.6	591.61
4073.7	265.45
5017	947.22
4462.7	920.48
4582.5	3610.4
1013.6	2097.7
6187.4	1493.9
968.6	2051.7
5524	1186.5
4243.6	586.87
6119	1425.9
1125.6	2019.9
5774.8	1007.8
4932.2	543.83
887.18	2618.6
3089.1	986.54
4049.2	738.3
886.95	2619.4
4070.5	545.81
5518.8	843
5255.9	305.15
4420.6	308.52
6185.3	1459.9
5011.8	1144.4
4074	265.58
890.86	2661.6
4122.1	3948.6
5918.4	1187.7
1165.9	1124.9
1053.1	1781.9
2615.7	3582.2
1497.9	2291.9
6301.1	1452.4
4210.1	755.34
5865.1	1102.5
936.84	2025.6
981.28	2058
1330.3	1732.5
1322.6	1552.6
1330.4	1734.9
6213.9	1282.5
6466.5	3354.3
5281.3	658.96
899.39	2642.5
5120.4	568.71
6172	1447
5135	1129.1
1368.9	1750.9
5396.2	755.72
5382.4	1284.7
3726.8	858.84
4552.8	3625.6
967.39	2294.9
5686	959.51
5137.3	593.04
5413.8	974.27
5527.1	1351.4
4137.2	889.95
6311.4	1456.6
4707.8	909.57
5395.6	752.73
4442.6	427.69
6063.9	1502.4
4929.2	1115.3
6199.6	1799.6
6080	1354.2
1395.7	1688
6390.8	1484.2
4425.7	327.43
4431.9	385.38
6020.2	1310.3
863.8	2044.4
5396.2	755.16
1602.5	4091.8
2820.6	904.41
5333.5	1144.3
1316.4	1728.9
6104.2	1409.4
1007.8	2102.8
1283.9	3182
3754.7	863.31
1149.4	1763.3
5570.5	845.13
4872.7	975.24
5405.2	995.57
1005.7	1734.7
5856.7	1110.3
4467.4	365.61
935.4	2037.5
5410	1196.5
6507.7	2522.8
5520.1	434.21
1355	1763.1
1922.5	3415.6
1497.1	2291.5
2530	452.22
963.11	1960.3
5598.4	446.03
929.86	2056.9
5360.2	1188.6
5827.7	1084.1
5921.9	1204.3
5816	1133.7
6175.4	1217.1
4575.4	392.28
5605.4	860.11
4559.2	3602.1
6058.5	1301.3
5531.1	945.9
929.36	2056.7
3666.8	798.32
5856.7	1110.4
3997.8	287
4512.3	808.18
4577	394.35
6304.8	1442.8
4407.3	835.09
6082.7	2889.1
6242.8	2794.6
6063.2	1300.1
5694.3	942.35
2699.7	97.538
5869.8	800
3999.6	289.75
6576.8	2469.6
4431	385.68
1483.6	1657.5
6142.5	2849.7
5822.8	1385.5
1099.7	1281.9
6190.8	1779.4
4439.8	427.27
4628.1	396.97
2340.5	282.72
1046.8	2038.8
6037.1	1279.2
3033.2	1215.9
5827.7	1086.6
2213.6	510.41
6248.7	1865.1
4558	3602.2
4566	668.13
6218.3	2801.7
6554.8	2574.8
4566.8	667.49
993.85	1912.6
5395	825.01
4629	398.53
6134.9	1403.1
6267.7	1558.4
4992.4	1060.9
4906.9	912.66
1047.2	1819
2012.6	1427.4
1053	2036.6
999.41	2200.6
5518.2	944.21
4127.4	712.54
1031.5	1962.1
2523.3	875.43
6548.6	1965.7
6203.4	1158.6
4662.2	963.73
6566.4	2330.5
1373.8	3837.7
6491.8	1787.4
4991.6	1054.8
4160.5	4373
5898.7	785.69
5012.7	3721.2
4905.3	505.12
1472.3	1375.9
2343.5	484.86
1273.9	1609.8
5792.5	1235.6
5781.2	1026.6
4488.8	917.19
5419.8	3553.2
999.28	2200.5
6112.7	1439.1
6182.1	1460.4
5293.7	692.96
6032.1	1341.4
6513.1	2380.5
5064.8	1079.4
5986.1	1244.5
1452.3	1364.9
4928	180.15
1021.1	1415.8
6039.4	1336.8
2131.5	3453
4394.1	348.94
4959.8	568.39
1596.7	674.12
4425.5	328.8
6358.4	1774.4
5067.4	659.63
1307.3	1443.3
4582.1	899.94
880.71	2068.8
4207.9	753.72
5697.7	961.82
6339.9	1994.8
5607.6	1333.1
1592.4	717.09
4333.2	425.41
6382.5	1832.6
965.68	1943.6
5461.4	1153.7
4361.9	431.8
4565.3	867.87
6372.1	2794.4
6262.2	1380.1
5404.2	3687.3
1156.2	1103.5
1454.8	1238.5
6104	1408.8
4583.1	34.479
938.85	2685.4
4522.6	3857.6
5343.6	1160
6316.4	1380.7
4950.9	1007.3
6243.6	1334.5
916.29	2645
1392.2	1332.1
5231.4	3638.3
5804.4	3330
6444.7	2716.8
5231.8	3638.5
5068.1	660.2
2102.4	967.52
3035.2	1193.8
5927.8	1467.6
4859.1	960.12
5631.3	1386.9
5304.2	1214.9
5627.7	1301.6
4183.9	603.3
890.08	2587.8
1159.7	1329.9
6368.3	1498
2572.5	1231.5
4482.4	1006.9
6582.4	2164.6
4583.7	900.76
6439.8	2626.9
4453.8	401.36
4867.8	1008.1
5630	1302.2
2101.1	967.32
6289.1	1449.3
4473.6	4023.2
4191.2	897.64
4925.5	3891.6
3152.6	978.42
4908.4	912.34
3599.1	736.08
1301.8	1765.2
6254.6	1392.3
4482.8	4013.6
4651	371.19
6011.1	1537.4
1175.2	1881.3
947.13	2258.7
5265.7	1163.2
4269.4	617.67
943.41	2014.2
993.4	1913.1
5607.4	1394
5456.4	763.84
5627	496.53
5668.1	1407
1628.4	1538.5
6147.9	1743.7
2463.6	939.35
1021	2090.1
6583.1	2340.5
4306.4	832.86
3613	160.57
4056.5	954.29
1031.5	1962.8
1103.8	1448.7
6262.2	1880.9
5947.8	1181.6
5701.9	1429.3
1984.7	412.58
960.47	2239.2
952	2798.2
1947.2	3992.5
1301.7	1765
4098.1	559.65
5134	643.04
4411.7	397.69
1363.3	3364.7
6217.9	1823
881.88	2061.3
4255.9	4064.1
1398.7	3146.4
976.73	2216.2
5633.5	971.67
1203.2	1113
4236.1	826.89
4629.9	497.29
1950	1458
947.67	2268.6
1167.5	1635.7
5130.3	539.09
1764.9	1359.1
6193.2	1481
2871	4624.1
5748.2	3108.6
5719	3715.9
5912.8	1193.7
6119.9	1394.8
954.35	1988.3
2650.3	1043.1
1398.4	3146.2
6315	1455.9
5525.9	1287.1
5836.6	3824.8
937.17	2660
1490.1	1252.9
1894.5	1397.2
1150.4	2928.3
1485.7	1258.9
5116	558.29
1593.3	1497.7
2300	1086.8
2287.3	718.13
2752.1	296.75
2865.5	4613.4
1525.4	1072
6245.5	3291.5
6516.5	2471.8
6544.2	2499.7
1400.4	3368.7
5203.7	1132.8
2768	920.09
5192.1	3790.9
1828.6	1433.6
944.28	2014.6
6341	1554.3
4716.3	3805.9
1412	1343
1130.2	1141.7
3679.7	853.22
6085.7	1298.4
5646.1	1265.7
5926.1	1157
1175.6	1881.5
4456.7	4591.8
3806.9	4528.3
4564.9	783.51
5776.4	1240.5
948.17	2027.7
1850.2	1364.8
4915.7	550.19
1490.5	1252.6
1057.3	2192.4
4612.2	490.9
6160.9	1209.6
4131	810.86
929.88	2673.9
1068.3	2192.8
845.92	2297.9
4866.1	1008
4431.2	315.29
4043.3	802.35
3962.6	51.027
1068.8	2192.6
2873.9	1013
1950.1	1457.9
2032.2	1268.8
6554.6	2396.6
5387.7	979.67
4964.5	568.31
3404.2	371.22
1973.7	4187
4541.3	3633.3
6355	1981.6
3045.4	1174
6305.8	1735
1072.6	2166.3
6241.4	2796.7
5393.9	367.19
4782.2	986.55
1679.8	1059.5
5930.5	1212.3
2769.6	920.06
6286.5	1448.3
2942.1	1004.7
1071.2	2160.4
5929.7	1212.5
1554.5	1420.3
4142.4	812.03
6426.5	3422.8
1675.9	3263.2
5574.4	3590.9
5091	572.9
4541.3	3632.6
2301.7	1087.1
5238.2	3638.5
6330.6	1458.2
6450	2752
5468.7	772.44
4183.7	3907.9
4903.6	501.43
847.65	2309.3
2285.7	3490.2
1318.8	3510.9
6403.9	2972.6
6337.8	1513.2
4457.2	4590.5
6128.4	1149.5
6285.3	1447.8
957.61	1810
5176.2	1139.7
2275.8	1045
1535.5	4217.4
2285.7	3490.1
6293.9	1465
6233.2	1327.5
4274.5	974.59
1816.9	1382.5
6281.2	1435.4
4630.5	498.71
1320.1	1782.9
5956.1	3231.7
4197.8	886.4
5311.2	1320.8
4389.2	847.77
1316.9	825.24
4317.5	834.85
1350.2	1532.3
5301.5	943.37
5505	1272.6
5300.2	725.54
4524.8	23.068
1730.7	1435.4
5992.3	1237.4
1363.9	3364.5
1067.7	2035.3
5938	1219.6
6089.2	1687.5
4413.6	352.9
6008.5	1436.2
878.55	2048.8
4786.7	922.7
3039.1	281.83
2286.4	1068.9
4110.5	712.59
6373.5	1866.6
6554.3	2397
4636	507.83
3965.2	4686
5822.6	1471.3
1248.8	2948.5
1011.3	2942.5
2110.9	3484.1
4810.8	571.59
2470.5	1094.5
6577.7	2318
925.29	2647.8
5310.3	699.47
1285.4	1459
5644.2	1355
6333.2	1397.6
5265.3	1094.7
1839.7	1097.1
6067.8	3013.9
1399.2	3369.4
1428.2	694.96
2028.1	1444.4
6580.3	2488.3
2751.7	969.33
915.84	1665.5
1266.7	958.88
1072.7	2168.4
1289.1	3459.9
3040.7	281.47
2671.6	4375.8
2349.9	850.43
978.94	1948.1
2124.7	1214.9
1210.1	1809.5
5787.3	1043.8
5873.8	1104.8
1549.7	2147.9
1787.3	1400.2
4053.5	771.61
4911.3	551.5
1363.2	3393.2
1787.4	1399.9
4950.1	1037.4
6088.1	3196.6
6114.5	1710.8
2350	848.19
2894.9	658.09
4628.7	880.31
5255.8	1090.4
5170.7	1115.3
6333.9	1396.9
5383.1	2221.7
2863.9	164.61
5767.2	1053.9
1755.6	1381.2
2752.1	1057.1
5628.9	1113.1
1364.3	3393.4
2794.8	3292.1
3862.9	3709.2
4645.1	883.47
6119.5	1143
5999.1	1236.9
5645	1415.7
5100.4	1086.1
1611	3169.2
5480	949
6036.5	3243
6249.1	1390
6345.4	1978.8
5168.5	1117.4
4624.9	950.92
6538.9	2286
898.99	2316.5
4603.6	469.63
5956	1092.9
4614.4	490.29
2550.4	1059.9
1080.1	1241.9
4848.7	948.62
4327.4	417.91
4192.4	721.32
5200.2	736.76
5795	1486.5
2875.3	804.77
6240.6	3318.9
5246.6	3633.4
4569.1	656.84
4236.2	830.97
2896.1	655.32
6235.3	1544.7
5049.2	651.41
2127.5	1289.5
4884.8	968.41
5547.8	463.36
4237.5	4063
919.47	1932
5822.5	1471.1
4623.8	385.69
4599	460.75
5694	935.93
1402.5	1178.8
4607	964.29
935.22	2820.4
896.5	2316.6
5153	1190.4
5731.6	3491.3
5357.2	1115.1
974.85	1998.8
2359.7	1133.2
4992.9	3723.4
5311.6	1320.4
4636.6	507.02
4911.6	959.85
1351.1	1525.4
6535.2	2339.5
2730.2	1182.9
6436.1	2765.4
2851.8	4652.6
4056.8	281.94
4622.1	382.17
4316.8	812.09
1485.4	3472.9
5090.3	568.57
4472.8	885.35
1067.6	2035.2
4483.6	863.59
4634	501.9
1079.5	2202
6400.2	1683.8
6146.6	3436
4527.8	3850.5
2124.6	1214.4
5748.8	3110.6
6595.7	2660
6443.5	1941
909.44	2635.5
5228.3	1024.9
1647.2	1344.1
1652.6	1094.6
6062.7	1662.3
1885.1	1206.1
1271.9	1266.7
4586.2	447.35
4623	383.47
1790.7	1323.8
2372.3	1122
5597.6	1021.3
5209.8	1070.7
6340.8	1812.3
2864.4	1021.7
1252	3419.7
1665.8	1495.1
1064.6	1808.5
1395.7	1244.7
2887.2	4576.5
4681.8	1024.2
6221.3	2979
5053.4	1042.9
6120.2	1394.6
1379.4	3363.6
5849.7	4131.8
6362.8	1577.7
6242.5	1611.8
1381.3	3765.6
5749.2	1418.2
6107.2	1734.2
4651.6	370.84
6436.6	1782.9
5238.9	1165.5
5646.1	1354.7
1487.7	3473.2
2909.7	489.76
6518.6	2347.9
4711	4512
6306.4	1725.3
5114.7	832.18
6157.4	1837.1
1054.4	2193.8
2319	1140.3
5044.3	1005
5644.6	1352.1
5983.3	3032.6
2414.4	1112.8
3419.8	376.84
1081.6	1241.7
2582.2	1266.6
3677.6	807.92
1954.1	895.76
5974.8	3413.1
1789.7	1317.4
3535.3	560.98
3390.5	1167.7
4844.7	937.8
6239	1569.4
1501.9	3470.6
3251	963.35
5265	357.14
939.09	2660.1
4823.1	3783
1528.7	1501
5941.3	2983.8
4701.8	898.99
5428.9	1251.6
5048.2	651.83
5465.1	733.54
6537.4	2340.8
4912.9	957.17
3697.9	784.88
4985.4	984.36
6539	2500.8
3604.7	201.83
4845.6	939.8
990.21	2210.6
5111.4	842.19
4653.8	389.89
5412.3	1179.8
5406.5	1222.7
3883.6	759.56
966.04	2123.1
5400.9	1005.7
6285	3173.7
1197.8	1912.4
2041.6	1258.1
4372.9	197.14
6257.6	1742.7
4215.7	4046.1
1377.6	1690
1351.7	1524.9
4705	897.99
6187.2	3222.1
1251.2	3419.8
4783.3	934.86
3726	817.51
4981.7	907.03
4321.8	4621.5
4582	902.22
4791.6	921.85
4777.9	916.28
4210.4	4043.7
2802.3	291.74
1493.6	3698
2923.1	1023.3
3609.9	129.75
6540.1	2311.3
1429.8	4038.3
1138.8	2909.4
2929.9	443.11
5405.5	977.05
956.41	2255.8
4924.7	511.09
4935.2	472.87
6169.4	1433.1
4140.6	788.39
2028.9	3409.4
5913.2	1575.7
5786.8	1044.5
2397.6	827.54
995.25	1595
5716.2	1396.7
4086.8	4261.1
1271.6	1411.2
4057.4	778.43
6261.4	2817.9
5348.5	1139.7
4076.5	277.17
1759.2	1417.8
6308	1672
4634	3986.7
1662.4	1343.4
1961.8	1298.3
1495.9	3509.9
6030.9	990.34
4402.8	825.65
1285	3466.7
6183.8	3174.6
4524.3	22.694
2001.4	1278.2
3960.4	763.26
6431.8	3436.8
6251.5	1579.6
1807.1	1536.4
1891.5	1337.2
6395.3	1642.7
1115.7	1813.7
3285.3	582.53
6087.7	1337.4
5325	1122.2
3496.1	537.25
5751.1	3118
2024.4	1186.8
5791.4	3834.4
2203.4	3475.2
1350.4	1424.6
4858.9	571.04
908.15	2722.9
4143.3	4653.3
3935.5	847.59
2797.1	1188.4
5088	583.21
2108.4	3498.1
6442.8	2724.4
1759.1	1417.3
5978.7	3297.6
846.64	2276.4
6475.1	2741
6531	2508
5683.5	3498.6
4520.1	794.51
1616.9	991.63
5088.2	558.26
3030.3	4529.3
6037.2	1348.2
1926.7	1317.3
4608.2	491.95
4093.4	259.45
4825.2	3776.2
5689	570.46
5077.5	3699
1405.2	1710.7
6034.3	1298.1
6040	1354.6
6294.9	1585.7
5356.5	1111.6
4977.1	978.19
6555.8	2378.7
5445.3	779.58
1743	4055.1
5954.3	2988.6
2351.1	1130.9
4201.5	4042.9
1080	2201.7
5413.3	978.7
6250.7	1856.9
933.14	2821.8
3731.2	916.57
826.19	2354.6
4077.4	278.46
1415.6	1175.7
6318.7	1776.4
2468.3	1011.4
6423.3	2836.1
4926.9	4430.1
918.95	2044.6
3687.7	934.94
6403	2983.4
858.09	2456.1
5385.1	825.66
4902.4	500.74
5149.8	259.9
1825.5	1372.5
5864.5	1095.2
5665.2	4351.2
6200.5	3146
5292.2	3612.7
4603.4	4273.3
2247	1341.1
5711.5	961.49
6040.5	1354.8
5102.5	1026.9
4421.4	306.95
5111.3	831.8
1388.1	1725.4
4157.4	394.84
4669.1	379.37
1285	1734.3
6475.4	2741.3
5958.1	2992.9
5134.4	575.54
3396.9	410.17
5714.3	931.17
1422.8	3225.5
2038.1	3462.4
1211	1501.5
5219.6	3785.1
5152.9	4436
1064.9	2016
4211.9	824.99
4054.4	279.96
4824.9	3778.8
6129.9	3770.4
3081.7	759.83
5937.5	1220.8
4325.7	821.03
6020.8	1561.6
5194.4	4300.3
4898.9	4446.7
5975.9	849.64
4037.9	806.84
4533.5	4001.8
3649.4	3732.7
6540.8	2303.9
4565.3	648.62
3033.3	4532.6
5176.5	1139
4317.1	811.73
1857.7	1356.3
4934.2	1087.7
6283.7	3173.4
5431.9	755.97
1778.4	3343.2
4233.7	889.72
4209.7	4602.3
1999	1441.8
970.46	2015.3
4536.6	3607.2
5429.1	994.99
3045.9	4464.1
1247.4	1255.8
3960.6	763.18
2961.5	3674.1
6416.5	1558.8
4841.8	951.75
4178.5	406.74
4041.5	4269.9
4993.1	4139.8
5751.7	3119.7
4263.3	562.97
3134.8	441.82
6357.9	2823.5
5779.4	1438.5
1358.2	1368.7
4582.4	461.41
4022.5	1017
912.39	2285.8
5713.3	934.04
4142.9	4652.1
5079.2	3693.8
1299.6	1783.5
827.17	2355.9
1449.9	3286.8
4588.8	446.83
1192	1879.7
1685.1	1459.9
5270.7	1240.2
2104.4	1150.2
4923.9	493.93
1586.9	1324
4512.1	4574.8
6334.5	1718.4
5465.9	3576.5
5431.6	759.46
5614.2	608.55
2913.6	57.626
5488.7	1230.9
6572.1	2804.7
4900.8	356.51
3268.8	1149.6
6201.6	1834.2
1435.8	3204
3585.1	739.1
5452.9	1244.3
4974.1	979.45
4053.8	279.36
3214.8	1140.5
1648.1	4073.4
6329.6	2005.5
873.75	2690.1
926.44	2841.8
6076.8	1604.5
2094.6	3458.1
2485.6	130.87
5734.7	3403.9
2978.9	129.23
1169.7	1647.8
4714.4	919.36
6419.9	1631.1
4866.7	959.39
5915.9	3349.7
1338.7	3537.9
4229.6	798.84
3089.7	992.55
897.6	2231.2
3358.2	1183.7
1802.6	614.87
4386	869.5
4146.2	4369.5
5783.6	1076.3
1153.8	3454.8
6350.6	2003
867.04	2299.3
5468.4	3574.9
2763.1	101.57
3586.8	1014.6
4147.3	816.02
2465.2	1021
919.39	2108.8
4740.1	973.88
5847.3	1089.9
6383.7	2725.4
1286.6	1766.1
1826.4	4025
1181.3	1898.7
1155.3	3159.2
2763.9	1168.8
3129.6	605.45
6168.9	1433.4
2850.8	1206.8
4268.2	971.12
2491.3	132.71
1338	1116.3
3357.3	1182.8
6590.7	2578.9
923.99	2282.8
4307.1	892.03
5669	1019.9
6371.7	1485.7
4803.2	4136.9
5292	4242.7
5406.8	1214.5
4852	954.94
1943.1	3398.9
4210.7	4602.7
5718.1	3221.2
5395.6	1186.2
827.78	2373.6
4945.5	486.42
1114	1472.5
827.36	2386.1
4775.7	115.36
4132.8	4038.4
5431.8	750.26
5310.3	928.04
2922.8	1024
4116.8	867.2
4923.3	960.15
4163.7	959.39
3047.3	4463.6
5250.4	3991.6
2489.1	132.52
5087.1	1035.2
5981.9	961.19
4123.6	813.96
972.97	2020.1
1989.8	1027.3
5605.9	602.49
4903.8	3880.6
6481.6	1787.1
967.43	1977.1
4211.7	4602.2
971.73	2303.4
6353.4	1413.8
6222.3	3150.8
2978.5	129.63
921.58	2046.6
5671.7	986.89
6088.8	3064.3
4719.7	571
2559.9	3669.2
4887	4079.5
6487.9	2169.9
5391.2	1184.2
1969.2	1455.9
1467.3	1660.5
2343.9	1009
5236.8	310.47
4039.2	783.47
973.99	2024.6
5689.8	936.55
1008.9	2235.1
4255.1	825.7
4041.2	781.55
4209.5	827.41
5850	1081.8
5706.1	954.44
2506.4	2283.3
1580	1315
6096.9	2859.9
4793	922.06
2771.7	108.31
917.98	2232.4
954.29	1993.9
4564.4	857.07
5836.4	1136.7
4448.7	3976.5
6540	2306.5
5657.5	1337.6
885.99	2719.2
5903.2	1081.4
4540.2	882.88
1582.9	3383.7
3871.2	3360.9
5382.9	825.35
2171.5	1057.2
6479.1	2553.4
903.99	2278.6
6075.3	1333.2
2226.5	3957.1
3068.7	4121
5308.9	1129.3
1362.1	1705.3
6240.1	1624.9
951.61	2222.5
6330.4	2006
3316.2	1221.6
3234.6	932.97
4898.4	4096
4196.4	402.9
4954.8	3879.8
1802.7	1535.9
5670.5	1357.7
3243	972.18
6550.7	2463.4
5159.4	1265.9
6387.7	2859.4
6420.6	2935.7
4567.9	933.18
4899.6	3879.5
6254.5	1846.5
6371.7	1485.8
6420.8	2936.3
5086.6	552.48
2238.2	512.86
1147.4	2905.7
5153.8	4433.5
4159.7	4433.6
2584.9	2276.5
4917.6	975.28
4377.3	859.86
6368.4	1752.4
5257.9	4261.6
884.77	2719.8
3962.9	111.99
6291.3	1155.6
2670.6	106.9
961.21	2297.3
4368.5	4215.7
6518.1	2891.1
3313.8	1220.6
6395.4	1396.7
6145.7	1254.7
1992.5	1020.6
6420.5	2948.1
1408.3	1233.8
5108.2	586.47
6352.1	1422.8
4956	503.12
5476.9	1214.4
4911.4	580.89
6502.1	2353.2
1467.3	1661.2
6400.2	1560.1
1459.6	3447.7
4836.3	567
6550.1	2449.9
5247.2	1152.4
5097.2	1039
1073.1	2059.3
6349.2	1442.3
4995.6	213.84
983.1	2150
6488.3	2169.3
1736.5	1426.1
5127.3	724.77
5673.6	933.86
2624.5	1097.9
1492.4	1215.2
2231.4	3448.5
5708.2	3215.4
906.89	2206.1
5887.8	3513.8
5641.9	1012.6
4648.1	403.09
5292.2	3609.9
6598.6	2584.1
4533.8	3999.8
5116.4	1100.5
5712.3	1234.7
2364.9	1169.5
5206.2	1277.1
5127.8	729.48
1376	1021.3
903.34	2542.7
846.13	2494.9
1213.5	3477.7
6274.1	1618.4
1151.2	3443.2
4250.3	876.63
1596.7	3204.4
6165.4	3437.8
4641.2	458.18
6526.6	3135.2
6391.3	3011.2
1077.1	1768.3
1293.6	1433.7
2171.3	1058.5
6050.9	1589.4
878.9	2045.6
3442.9	402.07
2092.8	3439.9
2196.4	1388.1
5154.4	3782
6492.4	3089.4
5745.8	720.48
4970.5	1047.5
4188.8	597.87
6291.5	3056.2
2269.7	432.8
6140	3464
1209.1	3475.9
5623.3	4632.1
2885.9	4587.5
5291.7	4240
5789.4	1121.4
945.16	2307.8
1865	1352.3
3623.6	926.83
5116.4	186.36
4482.9	980.73
4926.5	4427.9
4044.7	837.62
1473.5	1274.6
1330.5	1782.2
5426.6	970.94
4433.9	320.8
6020.7	3924.4
6497.6	2016
1069.4	1806.2
2908.8	973.38
962.75	3216.5
1586.4	1406.5
4716.8	520.64
935.9	2284.8
5073	1090
4445.8	338.99
6001.3	1514.9
5970.5	1581.4
4261.2	559.19
5888.2	3513.5
5706.3	931.19
4619.9	481.9
5317.9	695.56
6145.2	878.1
2848	1078.5
5258.7	1097
5402.4	850.34
6163.6	1131.7
2756.7	355.42
6184.6	3590.9
4291.4	586.24
2480.8	968.58
4871.5	3879.1
6437.6	2750.4
5992.6	3032.1
6560.3	1972.8
4564.3	857.05
1183.5	1193
6184.9	1470.1
1626.1	3273.5
6480.2	2727.6
4552.1	3898.1
2095.4	1300.1
1710.4	1443.2
5973.2	1575.5
2054.1	1318.5
6334.2	1689.3
6313.9	1232
3680.2	891.67
6595.2	2464.4
937.01	2280.7
4645.3	404.1
3040.3	4191
959.18	2297
4902.2	973.19
6480.9	2727.6
6079	3530.6
2090.8	1234.8
2171.8	3486.9
1607.1	4355.6
883.85	2719.9
5794.4	635.79
1737	3905.1
5329	769.99
5811.2	4434.6
4415.1	4212
1774.5	1350.2
3947.7	775.3
2333.7	3542.7
4419	4214.8
6368.9	1764.1
4115.1	730.67
1619.3	1174.7
4402.9	4303.4
826.8	2410.7
4854.5	1066.9
4938.6	3885.2
1661	1102.8
2009.7	1275.3
1103.5	2087.1
3814.1	3314.6
5314.5	569.29
6424.1	1897.2
1658	3287.9
2620	3613.3
909.21	2253.1
4856.5	3817.3
5682.8	1336.9
6594.7	2355.7
3666.9	1013
2026.1	433.78
5521.1	4024.1
5981	1219.3
4102.2	589.06
5308.6	927.34
1071.5	1993.5
1076.3	1769.3
6387.8	1636.9
968.02	2106.2
980.03	2229.2
6569.3	2319.8
4216.1	4604
5354.9	1104.9
1624.1	962.72
3593.5	158.6
1112.1	3260
6360.1	1982.3
6156.4	3089.5
6545.4	2329.1
6130.7	3140.4
2477.6	2286.8
1768.2	1168.2
6488.9	2739.6
6079.7	2180.5
3562.4	1189
4723.2	960.41
6505.3	1715.7
4468.2	3695
6424.2	1748.3
2514.6	2277.4
3707.6	981.22
6549.1	2411.7
6233.6	1386.1
4775.8	4110.9
874.17	2689.9
4984.1	4128.7
993.74	3156.2
2964.9	450.47
6113.3	1337.6
4953.7	3532.6
1199.7	3467.8
2872	827.44
1016.1	2228.6
6514.4	2133.2
6344	3108.5
5314.9	572.09
944.05	2314.4
1597.1	3932.6
1163.6	3459.2
4720.4	566.86
6538.2	2325
4783.6	541.89
3431.8	766.98
6139.2	3463.6
5613.3	1121.5
1872.6	1253
4818	4185.5
6219.9	1889
3417.3	603.8
5826	1140.6
1514.7	1624.1
4265.8	428.78
6116.8	1398.6
6394.1	1396.6
1959.9	3831.7
4036.1	1026.3
4908.1	955.85
2929.9	1087.9
4481.2	978.93
2438.1	3569
3273.1	1225.3
6252.5	3195.5
1264.2	1473.4
5911.7	1204.8
6361	1479.6
5029.1	1013.5
1322.6	1777.2
1293.5	1387.8
917.32	2302.6
882.6	2800
5226.6	254.34
1010.8	2222.4
872.9	2281.1
1020.9	2176.1
4675.2	387.62
6467.3	1584.5
6451.4	1826.7
1116.3	1930.7
6488.8	2739.6
892.51	2063.9
928.95	2091.5
868.11	2804.6
1644.4	2384.2
2425.2	383.17
6478.7	2730.7
1569.6	3145
3911.6	3817.2
3999.7	853.16
4101.8	260.25
4864.9	3914.6
1673.8	1350.1
1711.5	3521.3
936.61	1916.5
4137.3	392.25
4280.4	896.99
2529.7	3647.2
1651.7	707.08
6335.1	1475.5
2626.1	123.82
4869.5	977.63
4459.9	410.03
5453.1	897.05
921.47	2246.1
1477.9	3108
6514	2133.5
6437.7	1697.8
2425.6	383.24
5409.2	1185.3
4037.4	1027.9
4921.9	979.15
952.6	1879.4
5308.4	1332.1
1054.6	1592.5
4661.4	359.74
4854.1	1161.6
5705.3	1379.9
828.42	2246.7
5127.5	548.97
5727.3	1381.5
5917.8	1436.1
5740	1402.1
5397.7	3870.6
3123.8	580.19
1091.8	1963.9
3162.1	983.65
991.88	2189.5
1025.9	2224
4842	936.02
6098.1	3531.4
3540.3	165.65
4766.3	707.65
3604.5	141.22
5532	462.76
5582.2	3311.5
5313.2	569.97
6477.6	2731.2
6485	2024.3
4199	3960.6
4996.7	1040.2
4830.2	955.35
5140.8	1056.3
2185.2	1262.6
2013.5	231.75
4208.4	452.21
4715.2	893.38
1664.5	1413.2
1092.4	1963.2
3592.8	762.43
2849.4	881.96
1838.7	1210.5
859.05	2647.3
1026.2	2209.7
5807.9	1450.7
6392.5	1554.9
1512.5	4224.6
5109.3	1123.3
1633.9	3248.9
3371.5	1224
4492.9	933.49
5693.9	1369.5
6010.3	1218.1
3823.3	4573.2
2387.9	4332.1
1949.6	4196.4
2449.2	1149.9
5009.6	1112.6
4461.2	866.86
5397.5	3870.4
6587.4	2417.5
860.14	2645.1
3305.7	1173.5
4479.9	978.09
1087.5	3141.2
5341	1152.3
3497.4	948.51
6027.6	2901.8
5376.7	2227.4
6398.2	1383.9
3567.1	1164.1
2268.2	435.58
6543.7	2341.6
1788.4	3794.7
2231.2	1244.5
4806.4	558.14
4985.2	974.31
827.5	2409.3
1174.8	3344.1
3270.8	1227.3
5675.5	1013.6
5852.8	1314.2
1773.3	4563.2
6402.2	1698.9
4493.2	934.27
1252.9	3476.6
5447.6	418.82
1975.4	1354.3
5588.1	678.53
1568.9	2188.5
6576.4	2861.9
6214.7	3077.9
3350.9	1160
4210.8	4063.6
1620.6	4278.1
6438.4	1409.1
5756.4	3397.3
3709.5	909.26
5140	725.79
6398.2	1385.6
6543.6	1866.1
1668.1	981.66
1769.4	1168.3
2036.9	1167.9
6554.7	2362.1
6443.4	2102.4
5593.2	1312.2
6178.5	1707.5
4166.7	4651.9
2886.8	628.83
5845.2	1533
4737.7	668.28
3245.6	1229.2
6478.3	1613.4
6467.7	1880.6
6545.2	2359
2532.1	2281.2
5921.5	1228.9
5594	1312
1291.3	1441.9
4858.6	3908.9
4839.3	3813.1
2509.4	85.938
5788.9	4177.5
1012.5	1420.4
5730.6	3218.9
3937.6	3766.4
1291.2	3160.9
3786.3	581.13
6274.9	1913.8
4260.4	556.47
4367.4	975.31
1971	4299
6477.9	1615.3
2406.3	268.81
4788.3	943.75
4596.2	4259
3182.4	567.13
6226.2	2812.8
6469.7	1751.6
1590.6	2185
1347	3345.5
5956.5	1300.4
921.64	2245.9
5630.4	4343.8
5424.8	1292.7
6395.5	2693.1
6458	2608.4
5240.6	742.77
4904	524.2
4740.2	675.86
1473.5	4089.9
870.72	2582.7
4695.6	915.67
1647	2387.9
5561.1	1265.8
2918.3	481.43
862.36	2719.8
1804.3	587.8
5248.9	3999.2
5844.4	1471.4
866.72	1973.2
5377.8	824.14
1296.3	1789.3
5692.5	603.8
5959.7	2996
4464	4022.1
868.79	2300.5
6163.1	1129.6
4074.8	238.15
3060.6	697.84
6512.4	2536.1
1827.1	830.27
5052.9	235.73
6453.1	2603.1
6319.7	1683.6
5504.4	741.34
1673.1	1350.4
2401.9	342.89
2824.4	4656.5
3210.3	944.99
972.4	2396.7
4483	965.22
5771.5	1423.9
5114.6	572.86
4912.8	1018.5
1837.5	1425.3
5674.9	1048.9
3789.7	4157.2
6432.7	2917.2
5219.1	3776.2
6073	3948.7
4596.6	495.95
5549.6	1254.9
6049.1	737.31
1924.5	768.07
4496.7	4190.8
5704.7	1380.1
1251.1	1186.8
884.61	1935.6
4185	917.07
5972.2	2987.7
4411.6	857.94
1502.5	1360.3
4622	3541.6
4828.8	555.59
1349	3375.3
923.6	1536.8
5790.4	1433.7
5639.6	1016.4
2804.7	279.64
3545.2	1089.4
4391.5	859.74
3499.9	1020.2
1574.6	3154
6583.7	2517.8
5796.5	1229.8
3152.8	4132.6
5093.6	4274.6
5410.2	3898.9
5853.9	745.3
1738.7	1187.4
2471.6	3746.4
5800.5	709.25
4642.7	466.55
957.1	2726.2
901.14	2029.7
1290.4	3160
3584.7	953.97
5449.3	898.26
4205.2	864.13
5441.7	1227.1
1273.4	3503.2
1419.5	1745.8
6272	1697.4
1773.2	4563.3
6379.3	1788.3
5216.8	1122.1
3451.3	73.648
5958.6	1299.8
4476.1	4584.3
2400.5	343.34
5330.2	769.75
5454.5	896.89
6417.7	3006.8
6072.1	3689.1
2027.5	105.17
1616.3	4428.6
2131.4	654.9
1679.8	1100.9
988.78	1442.9
5658.7	3292.7
1025.7	1416.7
5047.6	1084.2
3822.9	4573.3
4170.3	4647.1
4839.2	3813.3
6437.9	1698.4
5145	838.33
4208.5	446.61
2742.2	1142.6
2517.3	867
5261.9	1128.7
1760.2	1176.6
1120.7	3272.8
4591.8	473.96
4247.2	4058.4
5641.2	4000
4744.8	571.95
4644.7	907.18
852.35	2302.8
1360.2	3336.7
4696.5	3599.3
5748.3	4425.8
5758.7	1412.9
4734.1	567.18
5973.8	2987.7
4588.1	474.82
948.68	2321.2
6511.7	2740.5
6512.3	2534.9
1551.1	1095.1
6150.4	1426
1916.8	704.87
4761.1	935.51
3343.4	73.113
1294.8	2991
5223.7	3446.1
985.43	2266.5
2241	1225
2831.2	1023.4
1016.7	1367.5
2086.1	3450.1
4031.7	408.33
907.19	1690.7
867.53	2021.4
5792.4	4188.6
5747.8	4425.1
1986.4	3752.6
5834	1185.3
5446.8	413.98
4534.8	883.6
6361.8	1421.9
6045.2	1377.3
5335.6	697.26
1524.1	2247.6
6512.4	2536.6
6473.2	1933.3
3488.7	536.02
5350.1	1086.7
1749.2	1475.6
874.46	1865.5
6255.2	3024.5
3170.8	408.95
1372.4	3547.2
3582.4	163.73
1470.9	3486.5
6558.2	2460.8
5024.4	1014.2
5107.5	4349.6
5306	556.35
1386.4	1216.3
3878.9	3375.1
2510.8	86.764
6065.8	1244.1
6253.9	3257.9
6325.5	1548.8
5704.7	3275.4
981.33	1995.2
4663.5	358.06
6501.9	1697.7
975.85	2919.3
4719.2	3649.3
4139.6	863.97
1665.7	1358.3
1555.1	1334.3
4182.3	903.81
6180.1	1626.5
987.21	2283.6
1373.1	3622.7
1053.6	2019.6
2330.5	1136.7
1688.4	3749.1
4798.2	961.58
1986.5	1180.7
6332.6	1380.8
6482.2	2895.4
5496	3570.2
5379.8	3879.4
4701.8	3640.9
3364.1	1195.3
6460.2	2608.2
986.31	2280.9
5677	3291.4
2270.2	3526.7
6267.2	1834.6
6511.9	2740.8
3651.8	1085.6
3134	953.03
5913.7	1208.2
5334.3	699.33
5103	1017.1
891.32	2249.6
4335.8	4335.8
1642.4	753.77
5787.4	4176.5
5453.2	768.99
6469.6	1886.3
4024.7	3701
5424.8	771.72
1570.2	3147.6
5379.6	3879.3
1788.4	826.83
6469.2	1886.4
5448.4	421.91
4513.1	41.975
1954.8	3421.9
5448.7	3809.5
5750.5	4352.7
4068.9	4304.7
5736	1306.4
873.9	2184.1
1478.5	1136.1
6279.8	1847.6
1273.4	3186.7
4883.2	965.36
898.44	2031.7
2093.6	3415.6
4721.4	341.86
1176.6	1696.5
6330.4	1450.2
6344.4	1877.5
4349.3	4405
3233	937.67
5268.8	1152
5443.8	470.21
1519.6	2192.9
4334.5	4338.7
4767.2	4207.4
1008.3	1904.2
4538.5	4201.6
1319.1	1714.8
6252.6	3255.4
3269.1	580.39
3949.4	764.66
3879.1	3376.7
6127.4	2962.7
1179.9	3324
5605.2	594.33
5414.3	3679.1
2978.4	657.68
4640.9	466.98
5736.6	1463.5
4919.7	500.53
1734.7	1382.3
2384.6	1186.3
2869.5	818.48
2527.5	430.28
4164.1	921.87
6214.6	1790.6
5030.7	115.61
948.33	2324.2
5157.9	1254.1
6355.6	2797.5
961.6	2152.4
6572.9	2146
4061.4	428.2
4070	342.92
4687.1	4522.2
6583	2411.3
1585.5	1030.9
2390.3	1062.5
5307.5	691.51
5701	1307.6
3319.4	939.36
1295.6	1805
6253.2	3257
1461.2	1328.4
6581.4	2516.4
5913.6	1115.3
4467.8	978.41
958.84	1989.2
4686.6	4523.5
1345.1	845.27
4010.5	420.87
6136.8	874.23
6331.1	1437.8
5770.7	3849.1
3965.9	3708.6
5847.6	1178.1
4024.8	3759.9
6533.2	2767.8
6190.8	1274.6
849.03	2239.3
4778.9	554.92
4545.5	932.42
5087	1052.3
4785.4	1146
6555.1	2362.5
4953.7	3584.3
5042.4	1020.1
1842.8	3338.9
4566.9	922.66
5882	3140.3
1864.2	3348.9
2625.8	121.17
4748.1	965.74
3044.1	3887
898.31	2024.1
5494.6	3569.8
2022.6	864.92
4566.3	627.48
5841	1096.2
6124	3065.4
1641.8	3627.8
6361.7	1983.5
5740.9	1307.2
6542.4	2375.8
5336.4	920.93
4129.1	818.69
5095.2	3727.5
6182.6	1804.1
2328.7	3543.8
5414.4	3680.3
1543	1611.6
5142.8	3991.9
4109.3	1030.5
3412.2	573.27
2493.8	498.93
6581.1	2411.8
5108.8	1027.4
6218	2818.6
1224.7	2988.6
5502.8	909.85
6379.7	2861.3
5464.5	749.07
1616.1	572.87
1581.9	1039
4000.8	3916.3
5714.7	1062.4
1074.6	1498.2
865.39	2340.2
3081	3695.1
1556.3	1333.7
5875	4099.8
1772.4	4551
3686.2	1085
5147.4	4315.5
1840.2	857.33
5930	3339.8
6553.1	2344.1
5060.3	959.31
4286.2	3704.1
6491.7	1821.8
6006.9	3511.7
5765	1480.6
6437.8	1505.2
6405.7	2676.4
905.53	2741.6
2026.9	114.95
5386.1	3429
904.09	2008.3
4636.4	680.47
2523.3	883.18
4226.4	807.52
1195.1	1117.4
4218.1	4213.2
4128.2	394.75
2492.2	499.03
4148.3	942.07
2057.9	962.47
6183.8	1804.1
3712.9	4206.9
3464	4086.5
906.04	2740.4
5427.5	3411.9
6555.1	2344.8
6141.9	2998.1
4774.3	1141.1
5219	2215
5930.5	4213.6
1642	3628.1
5012.7	3565.9
4541.9	887.82
5502.7	912.4
4477.8	797.18
1552.7	3186.1
6490.4	3274.2
6479.5	2801.6
4970.6	1047.9
3316.8	80.821
1385.9	3635.8
6442.5	1507.3
4265.5	3719.3
4514.8	36.053
2128.2	3516
4891.7	3602.3
5057	1079.3
2541	2276.7
4782	557.72
2067.2	1148.5
2275.1	1335.7
6036.8	1530.3
6203.6	3059.1
3965.3	3705.8
6553.2	2343.8
5284.4	4252
882.19	2813.7
5586	1106.9
4924.7	560.04
6405.3	1558.1
5448.9	3808.7
3473.6	4088.2
1335.3	3494.1
5174.2	1145
1371.6	1021.6
1262.7	1639.7
5627.5	3841.9
4102.5	260.48
4968.7	1034.9
5589.4	3749.7
3296.1	89.862
4950	3584.9
5133.3	549.09
5765.9	4454.1
5110.6	3729
3327.4	932.63
5126.7	722.11
5487.9	1308.9
6567.9	2455.3
4867.6	1025.4
4095.1	537.66
909.04	2007
4532.1	4182.3
901.31	2747.1
1671.4	1593.7
5683.7	1045.7
5677.7	3377
5112.1	4011.5
1309.9	3340.6
3323.3	318.93
5442	468.95
5189.2	3496.2
5302.4	3639.4
4840.7	1076.1
5835.6	1400
4737.1	4499
1095.4	1614.6
3490	4073.3
2623.3	721.15
1339	3506
3254	938.97
2343.2	229.84
2890.1	981.01
2058.4	962.43
3790.4	855.58
5155.6	1039.2
5152.2	1096
5449.2	1083.4
5289.8	712.56
4165.6	171.32
1590.7	2188.6
5389.8	2216
5853.4	3053.6
6504.7	2728.3
4349.1	4404.5
4007.8	371
5147	2211.2
1998.2	426.97
4177.5	3729.9
985.51	2267
3844.8	4109.4
1332.7	1559.9
951.89	2187.8
6345.7	1951.7
1348.7	1272
5892.1	1568.8
4920.3	503.58
5466.7	3394.4
924.55	2166.3
5345	3446.3
907.16	2006.6
6281.2	1601.9
1179.2	3324.1
6305.7	2939.1
4888	3899.7
865.73	2830.2
5223	736.52
4131.3	4663.8
5666.7	868.14
986.75	2282.6
2386.2	826.47
893.93	2164.8
4468	991.11
1376.7	1009.9
4595	497.35
3190.9	3737.2
5291.7	712.55
5529	462.85
6202.1	1478
1588.4	765.45
884.3	2150.3
909.36	2006.2
4119.1	819.47
6224.2	1775.9
1978.5	4128.5
3949.2	897.42
5914.6	1585.9
5626.3	3842.2
5505.3	3549.9
1184.4	3383.5
5285.2	698.21
3050.1	986.94
3153.6	451.2
883.36	2147.5
925.14	2166.5
5749	818.04
3745.8	795.94
1070.6	1805.1
6383.4	1412.6
6417.8	3139.1
5589.4	879.47
1328.8	3620.3
4664.3	357.42
5302.9	3468.4
903.63	2744.4
1479.5	3100.3
4032.7	414.08
2322.6	3763.5
4953.8	3584.1
5664.4	1246.9
4750.5	570.12
1524.9	1032.7
1311	3339.6
912.17	1870.2
3000.2	1163
5847.6	1159.8
5494.2	3552.7
978.09	1989
1240	2928.1
6133.9	2865.5
4432.5	3572.6
927.45	2827.8
4389.9	3859.5
5807.1	4198.3
5918.5	1582.7
4891.9	3602
4928.7	1094.8
5139.7	576.67
4637.4	3978
2314.8	3754.9
6216.2	3089.9
4259.4	756.55
3488.6	4508.5
1905.8	3799.3
4109.8	4341.7
6419.1	1745.8
4198.7	3716.1
4026.4	740.1
4561.8	663.47
1014.4	2209.4
4649.7	537.55
1562.3	1332.2
4395.4	262.29
2980.4	3689.9
2253.2	866.35
3811.8	191.38
4256	752.6
6371.1	1470.9
6515.5	1804.1
4502.1	965.35
4834.1	989.07
2477.6	3649
3473.3	579.12
4018.3	736.81
3452.3	107.2
4975.8	1038.2
6410.1	1416.3
5713.7	3871.1
5272.8	4252.2
5243.4	1288.9
1430.4	3292.5
4758.4	303.16
4419.9	859.26
6291.1	1629.9
3277	1225.8
4504.3	4567.2
6278.4	1910.3
912	1869.9
6295.8	3512
888.55	2277.8
1248.9	3542.8
5428.5	3414.3
5584.6	3581.8
5050.3	628.56
6058.6	1287
4667.2	1033.9
1909.9	3434
5542.3	4004.4
6355.3	2800.7
5470.8	754.75
4129.1	393.63
4651.4	473.62
6402.1	3279.9
5504.4	3377.1
2283	3752.5
5092.9	610.01
4473.3	4185.5
3336.7	921.71
3989.9	3763.3
4431	3695.3
6547.7	1902.6
4010.4	371.1
4674.7	676.2
6504.8	2888.4
5930.1	2984
5014.6	1102.8
5639.9	3685.7
1168.4	2921.3
3239	570.83
5212	3627.3
6105.4	3822.8
3855.8	1036.9
6296	1643
5080.1	1069.1
5975.4	3996.7
5568.1	881.44
5238.4	3478.2
6413.9	2680.2
1547.3	3355.3
6487.8	1996
1561.5	2225.2
3306.1	1117
4185	857.7
5386.9	3432.7
2983.2	3693.1
6208.1	1265.9
5491.4	1202.1
2222.9	3757.6
4186.7	3888.8
4991.9	1046.2
5346	3450.6
6563.2	2947.5
1028.3	2058.9
858.93	2412.9
4981.2	3711.6
4923.1	4079.4
4060.2	416.16
4049.9	3700
6487.7	3027.2
4450.1	3583.9
5068.6	3533.3
5529.2	4452.3
5979.7	1272.9
5108.8	132.82
893.92	2168.3
5826.2	1127
5094.3	78.326
3357.9	3727.5
4257	959.82
6321.9	3189.3
4718.6	925.12
3338	1118.9
4139	896.08
6289.2	1339.7
6302.3	2930.4
5112.2	4011.8
5048.7	3562.7
4086.5	4286.4
1196.2	1923.6
1751.3	1284.4
4804.4	1151.1
1400.6	3191.6
2027.8	1236.2
6098.2	3595.4
6197.4	1772
5448	313.33
6112.6	2962.8
4164.9	4446.9
4923.7	3596.2
3262	3711
1424.7	1239.5
5652.5	2239.8
2310.1	3517.9
5386.9	3431.4
6024.8	1360.6
4230.3	872.17
6411	2677.6
930.23	2808.9
5701.1	1348.4
5339.3	1187.9
5611	886.38
5656.5	1014.6
4730.5	980.34
6364.1	1617.4
2514.5	536.55
4593.7	952.86
1159.5	3277.1
1460.6	3086.2
1668.3	1381.3
5050.4	627.81
4688.6	3597.1
1587.3	963.9
2854.7	4668.8
5638.3	3687.3
4926.8	985.41
6137.9	2933.6
6051.2	3579.1
1389.9	3722.2
3242.4	560.13
921.97	3274.2
4604.1	984.97
2530.8	749.23
1732.9	1203.9
4151.6	948.04
4184.8	1043.7
1161.1	3277.6
4279.3	4062.5
3281.5	1126.7
864.93	2830.5
3440.5	1220.5
4117.3	858.2
3028.6	663.26
1172	3163.1
1655.8	4365.4
1878.3	4464.7
6487.6	3027.8
4999.2	4004.6
3374.7	3704.3
5974.9	4003.4
2657	2271.8
5997.3	1431.4
5764.7	919.64
5205.4	3502.9
1494.4	1268
4955.8	2205.9
3613	1087.5
4795.2	4484.7
6099.9	2986.9
4667.2	508.14
1195.3	1765
5998.1	1436.6
1742.8	3790.4
5561.4	1246.9
6104.1	3831.2
4699.1	555.83
2515.7	536.35
4220.9	453.93
6147.2	1110.6
6470.6	2738.8
4209.9	879.76
6571.4	2461.3
6141	1448.8
4947.3	3567.7
5191	1014.4
5908.6	3734.1
5119.9	3726.3
3412.8	922.23
5678.3	878.59
4386	3857.5
4672.6	1118.3
1389.6	3721.1
6579.8	2411.3
5345.3	3448.5
5482.9	500.05
5400.9	3856.4
1563.3	1080.6
853.87	2010
881.58	2757.9
5337.4	1188.6
5135.9	557.26
3352.6	1206.5
5154	3519.2
4812.2	957.65
886.6	2277.5
6109.2	4075.7
807.65	2040.9
5851.6	1343.4
912.9	2814.8
4354.1	1063.5
4764	939.91
5935.9	1482.4
4535	878.37
5531.1	4447.5
5724.6	1309.1
958.42	1674.7
4803.2	1148.9
3202	722.62
6259.6	1826
6347.9	1951.6
6229.8	1103.6
1644.7	1548.5
5812.1	1342.1
941.54	2895
1589.2	2184
5994.2	1457.3
4745.1	3620.4
4186.2	3888.9
5703.4	529.25
6459.3	1600.9
5627.6	1254.7
6252.4	1571.5
5659.9	1047
4862.4	2203.6
1278.5	3370.3
4788	558.34
5351	3399.7
2399.1	799.82
1536	875.08
6198.1	3686.3
5505.5	3379.9
6109.8	4075.5
4346.4	3708
4921.1	1093.8
942	2895.8
6085.1	3412.1
1784.3	3333.3
6380	1750.3
5462.8	1217
2498.7	3595.7
2314.6	3519.2
5105.8	3543.7
2193.4	1392.8
4983.3	3711.2
1430.9	3292.4
4290.2	3738.9
1571.5	2411
5369.4	1197.4
4043.5	949.59
1574.6	1082.3
6639	2299.6
4681.3	4529.4
6452.7	2133.6
3635.9	727.67
6318.7	3454.7
3575.7	3736.2
3602.1	757.75
6082.1	3036.1
4181	419.44
4956.3	2206.5
2135	2321.8
5829	746.18
4264.3	957.98
2876.5	4611.2
5043.6	3555.4
6052.2	1623.2
5335.4	1085.9
2382.1	1099.6
4937.7	3882.2
4927.5	1095.3
1207.8	3211
6313.9	2837.1
4150.9	4654.1
5213.4	744.57
5791	4215
5731.8	1389.4
887.68	2282.3
6437.8	2074
1210.8	3210.9
4511.8	44.351
6185.1	3084.2
2111.5	3444.2
3018.6	1159.7
4909.4	4067.3
5075.6	1143.4
5153.8	3518.3
5513.9	1030.6
6171.9	1144.5
4082.7	859.01
5880.1	3610.2
917.77	2693.9
5881.7	3610.4
973.03	2160
4906.7	3588.3
6354.9	1822.8
5191.3	1118.5
6387.6	2850.1
5791.2	4212.7
1020.4	1966
2265.2	884.57
6319.7	3460.3
1185.5	2972.2
4645.5	1012.8
4681.6	4529.7
6307.2	1902.9
1986.7	1058.3
4086.4	4378.6
5974.5	4005.9
4565.8	862.36
2891.5	964.22
4439.8	403.03
962.85	2138.7
6006.6	1037
5284.8	1154.7
5030.9	3551.5
1683.5	1101.2
1590.7	1615.3
3167.9	228.79
2714.8	4597.8
3345.8	1228.9
6168	1436.9
5232.3	3641.7
3097.7	3930.3
1097.5	2141.2
2751.3	1145
951.89	2187.6
2270.3	38.115
6357	2941
4637.5	959.02
5213.6	2213.9
2086.8	2328
1576.7	1083.1
6481.2	2758.1
2422.1	666.68
1742.9	1405
3984.5	3723.2
2120.9	612.94
6086	1616.9
4647.3	927.14
4756.4	3637.9
6205.3	1517.6
5028.3	116.53
1016.7	1967.1
5599.4	3583.7
3137.7	964.88
4064.4	666.91
4064.3	575.81
6198.1	3686.8
4713.3	960.63
4548.4	4228.7
6577.8	2401.8
5970.1	1247.4
5187.5	1011
1574.4	1082.3
5826	1177.3
5556.5	1302.9
5192.9	4661.9
1130.9	1821.5
3521.9	3751
2191.7	536.11
4643.1	1112.1
6321.9	1590.9
895.09	2352.8
4027	746.3
4981.2	981.08
5201.6	3779.7
5291.1	3687.9
5091.5	2209
4390.2	3858.9
5307.9	1086.5
2655.7	335.06
5758.8	732.69
4480.6	3909.2
5204.6	3500.4
1890.4	943.67
875.31	2626.5
6254.9	2808.1
2420.4	3964.2
3006.3	950.86
2252.8	2310
5276.4	3483.6
4441.2	402.99
6423.3	1595.1
5176.7	3521.4
4847.6	1074.4
6477.2	2578.3
2885.7	3704.6
6467.8	2160.6
5518.8	1337.7
6404.3	2687.3
3340.6	2982.9
5230.6	3946.7
2481	799.13
5318.2	3443.2
4749.6	3642.5
5625.4	1248.4
4027.5	3905.8
6456	1559.7
5121.3	4024.4
6410	2678.1
1967.8	3617.2
1533.4	1036.2
5251.5	351.34
3667.7	1001.8
1275.9	3606
4376.1	3752.9
4376.5	3753.1
4156.3	941.47
4922.2	1134.2
5513.5	1279.3
3495.6	1031.1
3502.7	533.27
4068.5	3716.3
5283	3876.9
6079.6	1615.6
3212.6	616.95
5521	3377.7
4624.9	937.91
6200.7	3139.3
4662.9	2201.2
6340.4	2966
4434.8	880.76
4650.8	4134.8
6177.2	1222.6
6567.4	2428.3
3228.3	606.04
4506.9	919.46
5834.7	2254.7
3801.9	77.152
6462.8	2990.2
4086.7	4379.6
897.05	2350.3
4286	3731
5766.1	1071.5
5845.6	3823.2
5094.9	669.55
4206.9	3737.7
6038.9	732.85
3267.8	188.93
4686.8	3793.2
4378.4	3753.3
2237.4	1313.7
869.82	2761
5804	1037.2
5910.9	2266.8
4256.1	489.04
4744.5	1133.8
6131.5	2866.6
5372.1	1268.7
4030.8	4305.7
5757.7	3105.7
6263.9	1841.5
4458.2	4417.2
4967.6	1034.9
6476.5	2741.6
5885.6	1437.5
2023.7	3402.7
1267.7	3002.8
3232.1	3730.4
5004.7	1119.7
1368.1	4083.4
4651.8	4134.3
6004	1699.1
5424.8	820.55
4221.9	437.01
5351.4	1084.1
5492	3554.4
1371.8	1222.8
2754.5	1144.5
4711.5	3616.5
5221.6	3932.3
4655.4	4538.2
4096.6	294.73
3868.4	829.96
6456.2	2764.9
3233.5	3852
6664.8	2348.2
4732.6	558.29
4708.1	3792.1
3095.9	790.99
1072.2	3342.1
4634.9	4340.4
2968.7	3691.9
3943.7	3761.2
1262.9	1155.8
5139.3	704.99
4423.3	343.95
6173.5	3425.6
6325.9	2995.7
5363.1	3448.9
6068.1	1485.8
5928.7	4137.3
3141.9	1014.5
6242.1	1723.9
1619.5	2218.7
4464.6	873.35
5881.1	3138.1
4945.9	4157
2989	3784.4
4501.8	4220.1
1340.2	3197.6
1832	883.16
1127	1495
1396.7	3480.9
4241.8	448.42
1019.7	2003.2
847.19	1805.5
3211.4	4560
6179.8	3303.8
4715.6	899.04
4852.5	3610.1
3217	1207.8
4373.7	3715.8
4652.1	4538
6565.1	2350.2
5439.3	854.84
5741.6	2248.6
2969.4	2261.9
2756.3	4400.5
6428.9	3119.7
1610.9	3398.6
4118.5	3747.2
939.05	2171.5
5010.2	3551.8
4254.1	400.72
4471.5	3610.3
3527.1	585.64
880.57	2243.1
5087.7	4507
5126.5	242.62
5686.6	1496
4829.1	3757.4
6045.6	1394.4
4585.4	1046.3
6376.7	1635.7
6485.9	1983.9
4425.6	3652.2
1300.3	2994.8
6287.4	2930.2
6399.2	1421.3
3137.6	4549.8
5796.8	708.36
4787.4	1029.5
5223	736.79
4657.7	1042.9
3896.2	3711.3
924.95	2308.3
4872.2	1053.2
1217.2	1576.2
4253.2	165.94
5911.6	2264.4
4344	479.03
5356.4	1143.6
3906.4	495.31
5654.7	1014.5
5880.3	761.08
4394.2	373.08
1366.1	1021.5
4399.8	398.25
2133.4	2317
5093.5	4499.3
6201.7	1767.6
1834.4	722.81
6479.5	2784.2
6565.9	2369.8
3094.4	792.36
3206	663.74
3959.5	30.053
4383.8	1067.2
1702.9	2375.2
2544.8	3710.1
5816.8	1352.6
1602.4	2132
5122.1	3513.6
4269.9	984.9
4257.2	4225.1
4034.3	413.91
6094.9	1067.7
2442.6	300.87
5527.4	1240.3
4380.7	3640.1
6283.2	2980.3
6563.2	2548.2
2316.3	56.074
6294.1	3037.3
6041.7	932.92
6572.1	2648.1
4734.3	821.06
6100.1	3524.2
1526.9	1032.5
4657	3985.9
5790.7	3824
5645	1472.2
3185.3	252.7
1725.8	3789.5
5136.1	715
6295.3	2969.3
4799.4	3862.8
4035.5	3687.5
4568.9	455.52
2829.1	3275.1
4973.9	3549.8
1566.7	2392.4
4731.3	1132.3
4287.2	3727.6
2708.2	3659.6
1499.9	1109.7
5176.2	3964.3
1729.7	1218
2620.8	2266.5
5168.5	1076.8
4319.4	1048.1
1380.5	3480.7
4325.2	3685.2
4664	508.2
1020.5	2003.5
4971.4	2206.8
1523.1	564.51
1361.6	3477.8
5931.1	1512.5
1164.3	2928.1
5422.9	837.2
5575.8	413.06
1568	961.27
6050.6	3013.1
3602.6	856.82
4884.1	1001.9
5400.1	3409.8
5944.6	3636.6
1836.8	2354.2
4687	3793.4
5667.3	860.8
882.76	1789.7
4296.2	26.674
6402.9	2692.2
2341.1	3968
6364.4	1978.3
1879.7	2345.9
5867.5	1202.1
2423.3	617.51
4658.2	3985.2
2050.4	2332.1
5707.1	1228.1
5034.3	3531.4
5157.4	4039.1
5312.5	1156.9
6354.8	1403.4
5123.3	3514.7
930.24	2722
4159.7	935.28
1405.7	3279.5
5975.1	1512.3
5126.5	242.62
1989.6	3489.9
2713.2	85.82
4491.4	4587.5
6359.9	1969
5144.8	1085.4
4284.7	3681.6
908.68	3264.1
5321.5	3465.9
5815.2	1159.7
2409.3	2294.9
4747	4463.1
6139.9	2870.5
6253.1	1551.4
3725.1	1081.6
4268	987.18
2976.7	1821.3
5098.6	4275
5604.9	3282.1
5768.1	1374
6104.8	1788.2
6013.9	1428.6
866.77	2766.4
903.98	2768
1954.3	1191
6069.4	3699.2
5200.1	1110
1768.7	859.09
4491	4587.4
6443.6	1652.8
1902.5	3786.3
3162.4	1245.9
868.2	2760.4
6191.3	3598.2
5219.4	1177.9
1596.9	1140.8
2193.5	3518
1967.5	443.78
6568.8	2391.5
3256.2	3320.1
4235.7	451.18
5323.3	405.67
5784.9	3838.7
4007.9	4284.5
4652.2	940.94
1685.4	3803.2
6252.5	3000.7
5192.7	728
2044.8	2328.2
1375.1	3776.6
3490.6	2226.7
4359.9	4254.2
3241	914.7
2240.2	3511.7
5030.4	1104
4672.7	1028.3
5223.7	1089.4
3959.7	2206.7
2020.4	1159.1
4456.8	3713.3
3299.6	1126.9
3844.3	1049.5
1579.7	970.66
1545.3	675.57
4410	3672.5
6449.8	2702
750.01	2809.2
4807.7	3934.1
2543.2	179
853.33	2694.3
1972.9	3391.6
6160.2	1782.6
3244.3	582.05
2038.4	3785.4
6560.5	2974.2
1091	2168.2
2370.8	300.1
6450.5	1653.9
4811.1	1158.2
2851.7	111.22
6096	1664.4
6565.4	2399.9
2077.9	1095.6
6486.9	3068.5
4501.5	4219.6
5914.9	1180.9
4434.4	879.06
5988.1	1402.8
4838.8	965.04
3750	1152.8
4911.7	3567.3
5110.4	685.91
4845.2	620.25
1170.6	2945.3
4402.4	277.18
4670.7	2190.9
1020.5	1998.1
5589	2232.8
2256.1	401.73
5739.6	1184.2
5322.2	4222.2
6283.1	2980.5
5802.2	791.31
2330.1	1174.9
6143.3	3060.3
5097.8	680.08
4657.2	466.66
1048.3	2229
3170.4	343.74
4376.9	948.29
5090.8	3513.9
937.87	1590
1996.4	1401.6
2177.7	2313.3
5418.9	1138.6
6236.1	1592.6
3763.2	877.11
4813.1	1013.2
4723	591.04
1593.7	1085.7
4392.2	262.46
4733.3	2203.4
4889.7	3871.4
5576	951.55
3794.3	3301.8
5400.3	3409.3
2541.5	2274.5
3088.1	586.29
5412	4561.2
3091.8	2242.7
5123.2	1091.7
6109.3	3517.2
4534.5	3687.8
904.35	1829.6
5254.7	4011.2
6181.9	1618.6
1372.7	1146.8
2470.6	2295.5
1617.7	3258.8
4875.8	992.67
4749.3	1136.9
4834.3	1020
6072.8	976.94
1486	2403.2
4569.7	3942.1
6143.4	3060
4906.3	547.11
4608.5	941.97
6253.3	3000.3
3764	1021.1
949.77	2129.3
4435.6	3603.7
3228.2	115.54
1321.4	4056.3
3303	179.83
4324.6	3687.2
4054.1	3705.3
3711	3747
4039.1	3950.7
3908.9	2208.8
1521	3850.7
4429.9	861.32
6462.1	2782.9
3534.6	1205.9
5082.6	3676.1
6359.7	3196.8
4860.2	864.03
6441.3	2779.7
5192.4	727.35
1796	1372.7
2932.8	2263.8
4290.8	3727.4
6117.9	1365.5
5303	742.89
5932.9	3342.3
4476.2	2195.7
5383.4	1098
6109.3	3063.1
5817.6	3430
6250.9	3007.9
2828.4	1182.6
6599.4	2198.7
6018.4	1362.7
5114.1	715.07
1175.9	3464.5
6023.9	1223.2
2174.1	2317.7
4992.2	1121.1
4621.1	938.49
3959.5	924.85
1309	4042.5
4783.4	3607.2
4610.9	3655
6075.8	1661.8
3433.5	635.19
2047.7	2328
4648.7	803.13
3568.6	435.95
1420.8	2421.7
1372.5	2424
6011	1234.1
1965.2	3466.6
5172.2	1279.7
6440.5	2847.9
4675.8	1065.8
5037.7	3737.3
