1636.4	1453.6
1740.3	1257.9
1746.8	1389.2
6185	1001.9
6289.3	1180
1041.1	1309.6
1169.6	1048.5
1245.5	1645.3
1738.5	1257.7
1587.7	1359.5
1840.4	972.85
1394.2	2922.4
4955.2	4361.7
1636.6	1453.2
4955.2	4361.7
1944.5	1293.4
1322.6	1348
1394.2	2922.4
1576.6	1097.4
1042.7	1310.5
1470.7	1447
1785.9	1369
1785.9	1369
1576.6	1097.4
1394.2	2922.4
1374	1633
5455.1	4304.4
6185	1001.9
6583.9	2641
6454.1	2773.9
5455.1	4304.4
6303.6	1214.7
6454.1	2773.9
1237.5	1474.4
1470.7	1447
1374	1633
1245.5	1645.3
1576.6	1097.4
6299.3	1243.4
6302.6	1202.8
950.07	2035.1
2110.9	3261.6
6302.8	1198.6
964.27	3106.1
1278.6	1357.6
6302.6	1202.8
1576.6	1097.4
1708.6	1489
1278.6	1357.6
1281.2	1356.4
862.34	2501.9
1382.8	1287.8
1657.2	1192.4
6184	3699.5
1501.3	1107.1
1501.3	1107.1
1507.8	1106.4
1722.1	1479.5
862.34	2501.9
1501.3	1107.1
1270.4	1360.5
982.11	1845.7
1278.6	1357.6
5371.6	526.88
1309.6	1371.2
1709.2	1272.9
1709.2	1272.9
999.73	1467.7
1019.2	1766.3
6285.1	3356
856.84	2454.3
5615	4588.1
1340	1658.2
1501.3	1107.1
2685.4	4112.8
5615	4588.1
1037.4	1377.4
6556.6	2340.7
1321.1	2885.8
1709.2	1272.9
1378.7	1613.6
1410.7	1282.3
1650.8	1197.9
1537.6	1132.4
1710	1488.6
994.84	1632
1165.5	1200.6
6571.3	2518.3
1537.6	1132.4
1169.3	1124.7
864.55	2538.6
1410.7	1282.3
855.29	2481.7
1199.8	1454.7
1657.2	1192.4
891.54	2310.8
971.81	1542.9
851.48	2426.5
6556.6	2340.7
942.27	2349.8
5628.9	4602.5
855.29	2481.7
1537.6	1132.4
1537.6	1132.4
1378.7	1613.6
2096.1	3264.7
6453.6	2771.4
942.27	2349.8
1538.2	1126.7
1206.6	1763.3
1710	1488.6
1321.1	2885.8
957.2	1546
6315.1	1260
1475.2	1196.4
5751.7	3418.1
6571.3	2518.3
1382.2	723.72
1167.9	1542.5
1291.7	1415.8
6470.6	1635.9
1467.4	1352.8
1467.4	1352.8
1650.8	1197.9
6470.6	1635.9
6578.2	2331.8
6412.6	2772.3
1537.6	1132.4
6412.2	2772.7
2028.3	4183.4
5239.7	4353.7
1288.5	3383.4
1537.6	1132.4
1537.6	1132.4
6522.3	1910.4
6445.2	2761
867.9	2486.2
1047.5	1719.7
1537.6	1132.4
1538.2	1126.7
4896.8	121.74
1182.4	1636.2
875.26	2498.8
1288.5	3383.4
1802.8	3101.9
6544.4	2470.7
2568	4508.6
867.87	2486.6
6545.7	2477.3
1111.7	1625.6
1938.3	3151.4
6409	2780
1412.3	3697.3
1019.2	1766.3
6522.3	1910.4
1114.8	1721.6
1333.7	1345
1617.1	1449.8
1484.2	1181.6
876.42	3052
1114.8	1721.6
1028.4	1398.7
1314	1665.7
1410.7	1282.3
1314	1665.7
1190.4	3406.4
1039.1	1699
1013.5	1916.9
971.89	2068.9
1748.3	3062.6
2088.9	3271.2
1064.4	1790.3
1538.2	1126.7
1299.3	1677.3
1028.1	1398.3
837.26	2168.8
1056.3	1521.5
1333.7	1345
1783.2	3075.7
1374.4	3317.1
6492.8	2035.2
1243.8	3486.2
5807.6	3933.2
6499	1961.4
1024.4	2024.1
1041.4	1697.7
5703	3496.2
1570.3	1078.4
1650	1430.5
1078.4	1676.1
5886.4	859.59
5402.1	170.63
1299.3	1677.3
1468.8	1341
1369.4	994.19
1056.3	1521.5
1693	3056.2
6282.1	2914.3
1864.8	3327.4
1468.2	1210.8
2326.6	487.03
1087.6	1757.5
6313.3	2155.3
1751.5	3574.5
6585.2	2626.8
1316.1	1062.7
1872.9	953.39
1650	1430.5
1022.8	2026.8
1091.6	2648.7
5499.4	215.65
1751.5	3574.5
1523.7	3821.1
5870.3	3590.5
1693	3056.2
1304.6	1112.9
1667.9	3958.5
6583.1	2452.5
1838.4	1307.9
1570.3	1078.4
1823	3111.8
1452.7	1465.6
6424.6	2771.5
1534.9	1094.5
923.48	2146.9
1225.4	1452
1570.3	1078.4
1928.2	1236.5
1248.2	980.44
860.26	2435.7
1027.3	1897.4
1484.2	1181.6
1297.2	1598
6554.2	2489.9
3003.8	4140.4
1284.9	2956.1
1570.3	1078.4
1823	3111.8
1121.8	1595.3
1571.3	1081.8
5235.8	194.11
961.59	2015.7
1698.6	1268.2
6583.1	2452.5
1706.5	1288.9
1476.2	1133.9
2271	3506.8
6529.8	1915.5
1755.8	1259.7
1224.5	1068.1
5605.6	697.46
1476.2	1133.9
953.73	1871
1735.2	1357.5
1102.1	1390.6
2326.6	487.03
1667.9	3958.5
961.84	2017.8
1894.1	1281
858.46	2119.1
1528.2	3280.3
1348.7	1293.6
1102.1	1390.6
987.38	2021.8
4860	94.253
964.42	1555.3
5313.5	474.27
2100.2	3627.7
1305	1112.9
1755.8	1259.7
1284.9	2956.1
1212	3196.7
6424.6	2771.5
1177.1	1276.5
1468.8	1341
1299.3	1677.3
1028.4	1398.7
1024.5	1473.7
5385.9	3446.8
1894.1	3133
1878.3	3798.1
2091.8	3255.3
1028.1	1398.3
987.38	2021.8
1225.4	1452
1054.6	1706.8
935.11	2552.3
1600	3593
1153.1	1210.7
6275.3	1203.3
1915.2	998.97
1843.7	1315.7
1838.4	1307.9
6326.4	1569.5
872.61	1993.7
6512.1	2654.7
6427.6	2770.8
1269.8	1118.5
1534.9	1094.5
6362.2	2809.3
882.86	2466.4
5602	4325.6
1114.8	1721.6
2100.2	3627.7
1136.1	1561
1009.2	1389.4
1011.3	1775.2
1570.3	1078.4
1212	3196.7
1816.8	1263.2
2096.1	3264.7
996.89	1818.4
1009.8	1960.3
1316.1	1062.7
1264.1	1401.3
971.44	1475.1
1816.6	1330.7
1633.5	3480.9
1006.2	2037
4860	94.253
1901.9	1294
1260.9	1397.5
1300.5	1358.6
5275.5	4317
2125.8	45.467
882.54	2465.8
1008.6	1389.5
1476.2	1133.9
5136.9	3723.4
1894.1	3129.7
934.46	2554
6293	1210.9
1816.8	1263.2
2680.2	4058.1
1060.2	3269.4
1010	1597
1885	3174.5
1293	2932
1122.2	1633.5
1177.1	1276.5
6023.1	1203.8
5321	3467.7
5356.9	3456.9
2112.5	3281.7
6274	1824.4
882.86	2466.4
1655.7	1417.3
973.38	1669.5
2453.6	274.85
1293	1512.5
1398.6	1008
1247.7	1339.7
1099.8	3344.5
1206.7	2882.2
1816.8	1263.2
1816.8	1263.2
5136.9	3723.4
909.5	2108.2
1642.4	1428.4
1159.3	1316.7
2651.1	4659.2
1459.5	3599.9
1477.6	1135
1206.7	2882.2
2089.5	3250.4
6170.9	3950.8
1485.8	1519.8
990.88	1790.6
1901.9	1294
1028.1	1398.3
1656.2	3020.8
858.46	2119.1
5605.6	697.46
6221.3	3952.2
6505.6	3152.4
6534	2459.1
1281.2	1356.4
6390.8	1596.1
6007.2	747.44
969.88	1580.7
1184.1	1296.5
6580.6	2651.1
1047.5	1719.7
1452.7	1465.6
1047.5	1719.7
1394.2	1422.8
969.45	1869.3
1894.1	1281
909.18	1677.6
1206.7	2882.2
909.18	1677.6
5972.9	688.04
1816.6	1330.7
1184.1	1296.5
1159.3	1316.7
1369.4	991.61
1054.6	1706.8
4826.1	60.98
854.79	2081.9
884.51	2470.9
1143.1	1555.9
1394.2	1422.8
969.88	1580.7
6539.1	2782.4
5214.2	3655.2
1354.3	3013.4
2263.3	3503.2
5214.4	3698.4
1956	3376.7
1816.8	1263.2
6534	2459.1
1255.5	1054.6
1379	982.85
2319.6	490.15
1426.4	4267.5
1252.2	3491.8
1188.6	1295.5
920.3	2104.5
1141.4	1542.3
919.27	1689.1
6505.6	3152.4
1843.7	1315.7
1141.4	1542.3
1286.8	996
1118.3	3069.9
1816.6	1330.7
1516.2	3359.8
1901.9	1294
1243.8	3486.2
5820.4	1047.4
1241.8	1404.8
1404.9	1329.8
1238	1079.8
1011.3	1775.2
1816.6	1330.7
1356.4	1038.4
1816.8	1263.2
6505.6	3152.4
1161.6	1295.1
2768.5	4088.7
1188.6	1295.5
909.5	2108.2
1614.2	3946.5
1843.7	1315.7
2263.3	3503.2
1349.6	931.56
889.99	2455.6
1304.2	973.37
1188.6	1295.5
1679.1	858.81
1315.4	3023.5
1826.3	1258
1028.1	1398.3
1755.8	1259.7
1535.7	1140.3
1516.2	3359.8
958.65	1960.2
1095.3	1425.2
1615.6	1246
1018.3	1366.8
5219.3	3673.3
1843.7	1315.7
990.88	1790.6
2100.2	3627.7
1617.7	1248.8
1334.6	1036.4
1241.8	1404.8
1020.6	1759
1816.6	1330.7
1440.6	1554.2
1190.4	3406.4
1286.8	996
2053.2	3607.8
973.38	1669.5
1477.6	1135
1394.5	3046
1478.9	3412.4
5214.2	3655.2
1843.7	1315.7
6472.9	1785.2
1051.1	1417.3
1617.7	1248.8
1398.6	1008
1396.2	1244
1141.4	1542.3
1878.3	3798.1
899.36	1721.8
1172.1	1141.3
1787.1	1279.8
6352.8	2817.1
1484.8	1209.8
6309.8	2148
6573.4	2756.3
1076	3297.4
1542.6	1108.5
1861	3327.2
6510	2482.9
913.14	1991.9
1795.8	3344
5012.5	3998.7
1569.8	1137.5
1439.7	3057
6211.2	1344.3
1485.8	1519.8
1679.1	858.81
1341.1	934.23
1816.6	1330.7
1101.7	1402.2
1283.9	1087.7
6084.9	3317.1
5631.4	4609.6
1405	2931.5
939.1	2078.2
6444.6	2779.6
1783.8	3977.6
1007.2	1589.9
1317.1	1493.5
854.77	2405.5
6508.2	2480.7
5672.2	345.68
1925.7	1273.8
1667.9	3958.5
1137.5	1336
1365.5	1014.8
1015.9	2922
1241.8	1404.8
1021.9	1946.5
1028.1	1398.3
1537.3	2997.3
1668.3	3219.4
4245.7	4454.6
1536.6	1111.9
936.43	2040.5
1055.6	1389.8
2151.7	413.41
1369.4	991.61
1008.4	1791
1700.4	3286.7
1348.5	924.11
1708.4	3287.2
4976.7	4045.2
6316.3	1715.7
6085.2	3317
2261.2	3502.1
1537.4	1206.1
5631.4	4609.6
1534.9	1094.5
969.88	1580.7
918.14	2535.5
1328.7	1299
1925.7	1273.8
2277	205.64
2222.3	3552.2
1536.6	1111.9
1617.7	1248.8
6273.9	1263.2
1842.8	3624.7
1916.3	505.99
1925.7	1273.8
1206	1223.3
1172	1211.5
1697.7	3286.7
2053.2	3607.8
2261.2	3502.1
2271	3506.8
1040.5	1722
1655.4	3172.3
1266.6	2912.6
6412.7	1680.6
1118.3	3069.9
6107.4	1456.7
1913.8	1297.3
5686.7	3720.8
6448.4	2706.5
1462.9	1537.3
1290.6	978.49
1384.9	3407.9
953.73	1871
2432	3690.4
6127	646.08
1014.1	1477.5
1028.1	1398.3
1273.4	3336.1
2064.5	3624.4
5460.4	233.15
1334.6	1036.4
1273.4	3336.1
1334	1011.9
2271	3506.8
1288.5	3383.4
5704.9	3843.4
1084.2	1650.2
5213.2	3709.6
952.71	1753.5
1011.3	1775.2
839.71	2218.3
1334	1011.9
1028.7	2015.5
1452.7	1465.6
1596.2	1095.8
1365.5	1014.8
1816.8	1263.2
2271	3506.8
6498.3	2724.6
6530.4	2583
1018.3	1366.8
5703	3496.2
1866.2	1267
1406.2	1007.6
1273.4	3336.1
846.49	2520.1
1869.2	1300.3
1873.4	3615
876.79	2102.1
1624.9	1426.8
1440.6	1554.2
865.83	2207.7
1197.1	1463.7
1334.6	1036.4
1021.9	2956.5
1225.4	1452
1380	1443.2
2277	205.64
6550.9	2668.6
1816.6	1330.7
1288.5	3383.4
6187.6	3573.1
898.41	2173.2
1021.9	1959.7
5012.5	3998.7
1440.6	1554.2
1180.5	1146.4
1058.7	1734.5
1465.1	1177.4
1622.1	1437.8
1137	3174.1
1015.7	1606.1
888.97	1929.3
1101.7	1402.2
1795.8	3344
1983.2	3333
1523.6	1428.9
1278.9	971.26
1031.8	1979.7
5704.9	3843.4
6448.4	1743.7
1516.1	3409.9
1682.9	3294.4
976.89	2590.5
6556.1	2650.5
5720.7	4016.7
1404.7	3080.9
1041.6	1713.3
876.79	2102.1
1393.4	3044.3
6404.5	1841
1626.9	3031.1
1067.8	1718.4
1429	3365.4
872.34	2448.2
1819.7	3586.4
6550.9	2668.6
1136.1	1561
1698.6	1268.2
904.17	2119.7
1402.8	1245.4
1537.4	1206.1
1219.2	1201.6
1400.8	3280.4
885.74	1955.3
1023.7	1799.6
5534.3	285.29
2445.1	389.35
6346.1	2109.5
1641	1416.9
1293.7	3470.2
1000.2	1600.8
1651.1	1203.9
1055.6	1389.8
1152.1	1275.1
898.28	2044.1
885.74	1955.3
5354.3	3468.8
6412.7	1680.6
1845.7	1302.3
1453	3296.8
962.48	1709.3
1765.4	3058.9
1133.8	1337.1
1679	1341.8
1735.4	1357.7
6480.6	2732.1
5005.9	3990.3
1826.3	1258
1396.2	1232.4
865.83	2207.7
1554.6	684.99
6529.8	1915.5
1487.7	3791.1
6448.4	2706.5
1465.1	1177.4
980.72	2018.9
1816.6	1330.7
1608.1	1436.6
1009.9	2013.6
2086.2	4479.8
1021.9	2956.5
1898.2	3116
1009.9	2013.6
6505.9	2493.1
1320.2	1244.9
6147.4	977.32
1842.8	3624.7
1775	4335.3
1012.8	1782.7
6304.8	2162
5012.5	3998.7
1356.4	1038.4
1793.9	1306.7
937.19	2053.9
1553.4	1155.6
1009.8	1960.3
2297.5	658.96
6180.2	1054.7
1411.8	3115
1620.8	3017.5
870.96	2151.1
1845.7	1302.3
2064.5	3624.4
919.55	2090.5
987.26	1911.7
5936	1070.2
1152.1	1344
6543.6	2741.7
1816.6	1330.7
6377.2	1495.7
911.39	2539.3
5614.9	353.77
5514.8	217.04
1056.3	1521.5
5201.9	293.41
6035.2	1065.1
2165.7	3530
6306.4	1186.5
1336.4	1053.4
1018.3	1366.8
1383.4	1009
1411.2	1576.1
5218.1	115.47
1465.1	1177.4
5011.5	3997.3
6504.8	2682
1753.4	1463.8
1520.5	1107.8
987.26	1911.7
5652	3378.8
1816.6	1330.7
1153.6	1346.9
867.6	2029.2
1153.6	1346.9
896.4	2131.1
1336.4	1053.4
5127.6	4462
1816.8	1263.2
1188.6	1295.5
2476.4	493.06
6294.5	1296.2
5899.4	757.98
1475	1171.5
1150.2	1800
1816.8	1263.2
5168	3771.7
884.16	2446.6
2328.2	508.19
872.34	2448.2
1214.1	3910.6
1206	1223.3
6470.6	1635.9
1219.1	1204.7
871.25	2775.6
1016.2	1757.3
1727.9	1331.4
1180.6	1163.9
5116.7	260.77
1453	3296.8
877.75	3053.9
6582.8	2600.9
5806.2	703.23
5821.1	600.53
4946.7	4380.7
1334.6	1036.4
1405.3	1618.9
1194.3	1483.4
1054.6	1706.8
1824.8	1316.7
986.7	2618.1
5914.9	4300.7
1241.8	1404.8
993.19	1821.1
5455.1	4304.4
5557.6	3857.6
1816.8	1263.2
1153.6	1346.9
912.54	1711.9
6578.8	2239.9
2712.5	4010.2
969.89	1895.3
1244.4	1094.3
1672.3	1401.7
1255.5	1054.6
1219.5	1199.2
6464.6	1630.9
1011.3	1775.2
1319.9	3414.6
1012.8	1871
1219.6	1441.2
1219.5	1199.2
1748.3	1315.2
1516	3271.9
6478.4	1983
1724	1252.7
6585.8	2603.5
935.36	1802.9
923.69	2172.8
1753.4	1463.8
1334.6	1036.4
1465.5	3344.4
1468	3313.6
1190.1	1766.8
1600.7	1225.2
1043.7	2622.7
1824.8	1316.7
1336.4	1053.4
1004.9	1584.7
1304.2	973.37
1979	3211.2
1550.4	1157
1475.3	1150.1
2567.8	3945.6
1822.6	1291.2
6516	3126.2
1160	3314.6
1261.1	1386
2104.4	3274.5
1740	3829.7
5703	3496.2
1822.6	1291.2
1383.4	1009
1591.4	3132.8
1710.1	1274.9
6590.9	2238.3
1897.1	3642
2220.2	3523
5807.2	3436
871.25	2775.6
1394.5	3046
6295.6	1183.8
1278.8	3319.2
1172.1	1141.3
2271	3506.8
1219.1	1204.7
1519.5	3096.5
1845.7	1302.3
988.02	1671.9
1063.8	1711.8
1746.7	3828.9
1180.6	1794.3
990.14	1854.7
1355.5	2978.3
5945.9	877.68
876.83	1980.7
1382.4	2904.6
2183.4	3886.9
871.25	2775.6
890.69	1902.9
6133.4	3335.2
1257.5	1685.4
5764.2	781.15
6204.6	3041.6
6069.7	3569.1
1819.9	3258.3
1079	3079.7
1521.2	4130.7
1588.2	3260.8
5939.8	4229.5
6516.4	1916.5
1748.3	1315.2
858.97	2131.7
929.94	2595.3
979.9	1819.5
1753.7	1259.2
6215.5	3225.2
6272.3	3429.8
6465.9	1778.8
1941.3	3548
1561	778.09
1152.1	1344
1020.1	1800.8
3003.8	4140.4
5704.7	696.78
871.25	2775.6
1260.3	3081.2
1918.8	3145.5
893.88	1889.1
1216	1743.9
1336.4	1053.4
1728	1328.3
1141.3	3256.7
5914.9	4300.7
1215.4	2884.8
1232.5	3389
896.13	2133.6
1733.2	1306.3
5836	828.62
1857	1296
1735.9	3215.1
6286.3	1424.2
1084.4	1867.7
5168	3771.7
5600.4	755.25
960.04	1609.8
2163.2	3416.4
6498.4	2677.9
1902	3663.6
1857	1296
6515.6	2474.2
1334.6	1036.4
1171.1	1170.2
1845.7	1302.3
1845.7	1302.3
5563.1	281.86
1013.6	1457.2
6441.5	1685.7
1353	1657.8
1816.8	1263.2
6533.5	2562.3
5352.6	3776.4
1154.8	1153.3
879.4	1841.1
1402.8	1245.4
1626.7	1470.5
1880.9	1261.5
1551.5	1149.2
1261.1	1386
1011.3	1775.2
1298.1	2921.6
831.66	2071.2
6215.5	3225.2
6381.8	2312.5
1020.8	1750.3
1955.4	3203
1050.4	1403.9
6099.3	922.31
923.69	2172.8
1704.2	3333.1
5557.5	752.1
6224.6	3165.4
982.06	1874.3
1523.6	1428.9
2163.2	3416.4
6170.8	1584.3
1906.1	1272.7
1516	3271.9
935.36	1802.9
887.8	2151.9
962.09	1843.5
6590.9	2238.3
1020.1	1800.8
894.14	2054.5
870.7	2153.1
985.98	2054.7
6230.8	3620.7
1025.7	1799.3
1902	3663.6
6536.7	2584
6437.1	1672.4
1897.1	3642
920.55	2116.3
6485.7	2716.1
1849.3	3321.1
1293.7	3470.2
1036.8	1770.7
1180.6	1794.3
1000.1	1852.2
1020.1	1800.8
6482.1	1845.9
1172.1	1141.3
6224.7	1758.8
896.4	2131.1
1351.5	1281.1
2319.9	49.776
1816.8	1263.2
997.49	2033.3
1019	3318.6
1122.8	3169.6
1902	3663.6
6222.1	1674.2
6543.6	2741.7
838.36	2081
2242.8	4175.8
5990.9	4231.7
1845.7	1302.3
1152.1	1344
1766.4	3589.4
1273.4	3336.1
1344.9	1369.9
1557.7	4413.8
2491.4	3473.9
4976.7	4045.2
1118	1585.4
1606	1434.2
1343.6	1368
2745.9	3948.5
1125.5	1850.8
1219.2	1201.6
1816.8	1263.2
1237.2	1139.1
2531.3	4591.4
2702.4	4249.6
4961.8	4062.9
1534.9	1094.5
1237.2	1139.1
1023.7	1799.6
1674.7	1328
1809.1	3677.7
6495.4	1906.2
5512.8	705.88
5297.7	239.94
1051.1	1417.3
909	2173.2
1023.8	2907.9
2677.9	277.54
1644.5	3488
1297.6	2920.8
2611.8	4423.3
1842.6	3316.9
6570.9	2567.7
900.42	2160.2
1018.5	3319.6
1122.8	3169.6
1878.3	3798.1
6064.7	3200
6559.5	2606
916.97	2097.1
1925.7	1273.8
6256.4	1927.4
982.97	1855.6
2574.4	4147.3
934.82	2541.6
2069.4	3486.6
2326.6	487.03
1132	2875
6155	3023.6
1051.6	1555.5
1172.9	1176
1267.1	1676.9
5714.4	4085.7
1028.2	1799.1
5641.9	3801.6
1822.9	1273.4
1061.4	2352.9
1282.6	1342.8
1016.2	1757.3
1154.8	1153.3
886.13	1878.5
1286.5	1323.6
5274.4	3562.7
1261.1	1386
1016.7	2896.7
6464.3	2514.5
5990.9	4231.7
1640.3	3490.8
1182.9	1289.9
1841	3734.2
1857	1296
1005.2	2696.4
1240.7	1665.8
943.26	1784.8
6563.4	2657.6
2451.7	3760
1273.4	3336.1
1857	1296
6574.7	2065.3
1795.8	3344
1421.5	1006.5
1845.7	1302.3
1792.2	3263.6
1822.9	1273.4
1365.5	1014.8
1626.6	1469.9
1254.9	1677.2
1805	3117.9
1924.1	3461
2348.8	75.715
6302.2	2896.4
5129.4	4251.7
6576.9	2592.5
1145.6	3035.5
1141.4	1542.3
1172	1211.5
6591.2	2704.8
4166.1	4027
5129.4	4251.7
1232.5	3389
878.23	2006.4
870.53	2438.1
1282	1433.6
5742.4	3281.7
1908.3	3681.3
1415.1	2931.9
1520.5	1107.8
1040.9	1769.1
872.26	2005.8
5430.6	390.73
5366.2	4501.2
1296.3	3613.5
1248.1	1708.4
1649	3503.9
1251.3	3412.4
1099.7	2787.9
978.77	2037.6
1826.3	1258
947.16	1783.1
1013.6	1457.2
1754.6	1350.5
1365.5	1014.8
1061.4	2352.9
1888.9	3666.3
1742.2	3082.4
1665.1	3217.8
1165.2	1810.6
5821.5	1079
5149.3	3683.6
6155	3023.6
6412.7	1680.6
1137.7	3174.1
1595.2	1488.6
1733.2	1306.3
1180.5	1146.4
6569	2425.8
1496.7	1339.8
6556.4	2623.5
5324.2	263.92
1171.1	1170.2
1273.9	951.22
6007.2	747.44
2221.1	897.39
6485.6	1870.9
6561.1	2623.6
6563.4	2657.6
1031.7	1981.8
2934.3	4211.2
6341.2	1795.3
1280.9	1339.1
5846.8	533.58
1016.7	2896.7
1133.4	2919.1
1330.9	935.53
1924.1	3461
6519.3	2663.1
1165.9	3035.7
1274.3	1011.4
1195.5	1294.2
1195.8	3355.7
976.33	1817.1
1132	2875
1007	2013.2
1482.2	3485.5
6536.9	2970.1
1401.4	1235.8
1626.7	1470.5
1482.2	3485.5
6008.1	3290.4
6450.3	2415
1164.8	2664.8
1096	1299.1
1165.8	1221.4
1748.3	1315.2
1475	1171.5
1286.5	1323.6
5622.7	3541.3
6248.6	1973.3
2638.7	4662.2
1702.6	1225
6152.3	3022.8
1128.3	1337.2
1099.7	2787.9
1861.7	3128.2
1568.1	1096.8
1459.7	4000.5
6294.5	1296.2
1058.7	1734.5
1315.8	939.9
1764.6	3060.4
945.14	2057.3
1819.9	3258.3
1959.5	1270.8
6247.3	1383.7
936.11	2051.4
5810.4	570.04
970	1713.8
5397.5	3453.1
6023.5	3372.4
1280.9	1339.1
954.54	1752.6
1205.3	1770.8
1606	1434.2
1551	1081.6
5343.3	4104.1
5097.9	3975.7
5652.7	689.24
5366.2	4501.2
1551	1081.6
919.58	1979.9
977.04	1929.3
913.01	1961.1
5536.4	3531.3
2020.6	3338.1
1300	2925.3
6264.4	3401.1
1297.6	2920.8
1013.6	3183.3
6519.8	2646.6
1165.2	1810.6
1812.5	4035.5
1178.4	1130.7
980.63	1562.8
2013.1	229.38
5297.2	4255.5
979.71	1998.1
1206.4	1511.9
1028.2	1799.1
1165.2	1810.6
1891.1	1270.7
959.17	2916.7
6374.5	2797.8
1580.5	3130.9
1755.4	1297.3
2157.8	4523.6
6561.1	2623.6
1599	3462.4
6288.7	1235.5
904.3	1974.5
1606	1434.2
1038.7	1799.3
6581.6	1860.1
1289.6	941.75
6181.9	3704.6
1125.5	1850.8
1857	1296
1824.8	1316.7
1816.8	1263.2
6435.5	2772.8
1007.1	2950.5
1648.2	1188.6
1561	1421.2
6370.8	2948.4
5180.2	4013.6
903.19	1728.9
1154.4	3223.1
1072.9	3139.8
1208.7	1057.9
1264.8	1771
4800.8	4114.1
6374.1	3116.9
1488.4	3439.9
6224.9	1473.5
6104	3325.4
1319.9	3414.6
1344.9	1369.9
6450.3	2415
1195.5	1294.2
6444	2150
1167.7	3422.2
1857	1296
1726.7	1331.6
979.71	1998.1
1416.6	1243
1748.3	1315.2
940.97	1751.3
1348.5	924.11
1816.8	1263.2
6573.6	2374.4
904.3	1974.5
1348.5	924.11
5129.8	201.55
1826.3	1258
5464.5	3754.3
6170.9	3950.8
951.22	1887.6
1822.9	1273.4
1649	3503.9
1353	1657.8
2242.6	233.31
2599.5	4398.9
5020.7	224.25
1672.8	3268.6
1282.6	1342.8
1672.8	3268.6
900.42	2160.2
1334.6	1036.4
5652.9	346.17
864.42	1828.1
5829.7	925.89
6333.7	3193.6
5323.5	306.55
1698.7	1342.5
1125.5	1850.8
1099	2966.3
979.71	1998.1
894.37	2558
6064.7	3200
1888.9	3666.3
1674.7	1323.5
6248.6	1973.3
6267.7	1780.2
984.05	1796
959.17	2916.7
1401.4	1235.8
1629.1	3859.7
1222.3	3506.7
1726.2	3042.8
1246.4	1482.7
1748.3	1315.2
1439.7	3057
881.18	2167.2
1891.1	1270.7
1423.9	3111.4
6221.9	3299.2
1606	1434.2
1072.9	3139.8
852.19	2512
5185.7	304.24
2062.2	664.49
1845.7	1302.3
1857	1296
881.07	2516.2
6547.4	2735.7
1278.9	971.26
921.66	2063
5323.5	306.55
961.56	1879.5
1027.6	3058.1
2697.8	4259.6
1888.9	3666.3
1007.4	2042.6
1527.7	3105.2
1299.4	3044.9
1372.8	726.15
1013.6	1457.2
1013.6	1457.2
1110.9	3331.1
6573.6	2374.4
2145.7	3269.8
954.82	2059.6
2425.2	3615.2
1629	3859
6294.5	1296.2
6104	3325.4
836.64	2411.8
1334.3	943.46
5621.3	669.15
1849.3	974.38
1726.7	1331.6
1286.3	1318.8
1748.3	1315.2
1605.3	1445
6394.9	1436.9
978.51	1697.2
5466.5	3750.9
6587.6	2660.4
6521.7	2600.4
1145.3	1148.7
1851.7	3643
1013.6	1457.2
898.85	2541.1
1543.5	3146.5
1219.2	1067.6
1010.9	1816.1
2501.7	4023.6
5099.5	3970.4
1067.8	1718.4
1298	2915.1
6464.6	1630.9
996.89	1843.2
1911	3661.6
1020.8	1750.3
996.24	2043.8
6235	1767.2
1628	3273.1
1272.6	925.82
871.41	2197.1
1849.4	1299
836.64	2411.8
1441.4	3311.3
6320.7	3018.1
1923.6	3140.7
1282.6	1342.8
6373.1	1496.6
1723.8	3336.1
5600.3	620.2
6525.7	2499.8
1626.6	1469.9
5962	674.05
4736.8	4323.2
2119.5	3624.6
1768.6	3374.7
960.13	1610.2
1772.8	3674
851.55	2473
884.15	2212.9
896.7	2067.6
1421.5	1006.5
1600.7	1225.2
6285.9	2101.6
5446.4	3470.1
1791.7	1275.3
1242.8	3096.1
1891.1	1270.7
879.94	2489.7
5720.7	4016.7
6387.3	1731.5
1192.5	2414.3
1158.7	1354.4
1714.7	3370
5973.1	772.95
6515.6	2474.2
1038.6	1705.4
6221.9	3299.2
1459.7	4000.5
5152	3754.8
1262.3	1043.9
1891.1	1270.7
5780.6	796.49
1253.9	929.15
871.02	2114.1
5733.2	3729
1629.8	3452
1920.2	3645.9
1445.8	3036.8
2445.1	389.35
6313.4	1287.4
871.02	2114.1
1899.1	1219.2
1117.3	1891.4
6374.5	2797.8
1440.8	3311.7
865.32	2197.9
871.41	2197.1
5753.8	3274
1053.8	1353.7
6146	3255.9
2124	3271.4
1570.5	3273.8
1891.1	1270.7
1560.8	1095.3
883.16	2090.8
2113.9	4582
6028.3	1244.5
6332.5	1804.4
1837.2	1298.3
1676.8	3161.9
885.93	1930.9
6555.4	2377.9
1246.9	3223.1
1188.6	1295.5
1054.3	2898.4
6321.3	2186
1065.6	3295.4
6370.8	2948.4
5020.7	224.25
970.64	1985.6
5475.9	491.02
963.62	1692.2
1013.6	1457.2
1600.7	1225.2
873.78	2900.8
1747	1356.9
6534.5	2542.1
1629	3859
1712.9	3573.3
1045.5	1366.4
1496.7	3337.9
5099.7	4083.9
1923.6	3140.7
2287.1	559.84
1206	1223.3
1923.6	3140.7
1888.9	3666.3
831.36	2576.6
1077.1	1853.4
5883	1059.8
5831.6	970.21
889.69	2064.8
868.24	2125.8
6206.4	1791.3
5102.7	199.09
1981.2	3213
6267.7	1780.2
1955.6	3312.6
4712.7	4099.8
873.78	2900.8
6566.1	2616.5
1387	1447.9
5099.7	4083.9
1764.6	3060.4
5622.7	3541.3
1516	1082.8
1985.2	3330.7
963.62	1692.2
1816.8	1263.2
888.11	2085.5
1005	2924.1
6278.8	3069.7
4875.6	121.88
5733.2	3729
1158.7	1354.4
1188.6	1295.5
5846.8	533.58
6381	3060.7
1090.3	3321.5
2466.9	286.4
2166.3	346.36
2491.4	3473.9
883.16	2090.8
1551	1081.6
5318.2	3489.4
5099.7	4083.9
6416.3	1465.1
6534.5	2542.1
1706.5	1288.9
1000.2	1765.2
1283.9	3268
1241	1669.9
6306.9	2932.5
1846.3	1298.7
6214.7	1732.6
977.29	1694.6
1629	3859
5720.7	4016.7
6565.9	2617.1
1233.1	3079.3
1693.1	1218.5
1923.6	3140.7
970.64	1985.6
1415.1	2931.9
1238.5	3059.7
1442.4	3412.5
6201.2	3036.6
5125.2	3758.1
6475.9	1824.1
1043	3321.9
931.54	3322.4
1857	1296
1648.2	1188.6
5481.3	239.53
1338.9	1523
886.03	2229.2
6370.8	2948.4
896.13	2800.9
934.06	2579.3
1372.2	3577.6
1600	3593
1783.8	3977.6
1775	1253.7
1849.4	1299
1778.2	1246.3
1302.2	3220.8
5672.2	345.68
1243.4	1061.7
6529.1	2663.2
6581.6	1860.1
1920.2	3645.9
963.49	2046.2
1496.7	3337.9
6653.7	2173.2
1280.9	1339.1
6351.3	1662.4
1199.8	3035.4
5239.6	3641.6
1678	3480.4
1963.8	1307
1283.9	3268
1985.7	192
6563.4	2760.4
6497.8	2712
1593.2	3219.4
1801.9	490.96
849.48	2494.7
4814.1	4153.7
6588.8	2506.8
1605.3	1445
983.77	1708.2
1901.4	1275.1
1851.7	3643
1246.9	3223.1
1654.7	1329.4
6570.1	2665.7
1888.9	3666.3
1768.6	3374.7
2212.3	3456.8
1382.7	971.73
5446.4	3470.1
746.75	2796.5
1520.5	1107.8
6393.4	3037
1606	1434.2
6465.2	1779.3
1283	936.86
1081	1851.8
5197.8	237.49
5239.6	3641.6
1496.2	1187
6160.9	3028.1
837.02	2330.1
1891.1	1270.7
831.66	2071.2
5478.9	205.92
898.37	2594.4
1923.2	3769.5
1284	1637.5
5720.7	4016.7
949.35	2341.2
1089.8	2811.6
1985.2	3330.7
6375.2	2013.2
6653.7	2173.2
5859.7	1047.8
898.37	2594.4
6307.8	1386.5
6532.7	2490.8
1280.9	1339.1
6201.2	3036.6
6222.2	3301.1
6269.3	1455.8
6461	1758.3
1846.7	1360.6
1560.8	1095.3
1511.7	4073.2
6381	3060.7
1442.4	3412.5
866.53	2128.5
1684.8	1345
1509.7	3613.9
945.54	2054.6
1537.6	1132.4
6289.7	2232.8
1283	936.86
5102.7	199.09
5968.3	682.08
1878.4	3141.2
1775	1253.7
949.35	2341.2
1024.3	1909.5
1489	3583.8
884.18	2511.8
1172.9	1176
1489	3583.8
1212.7	3667.2
5822.9	824.26
1737.5	3331.4
6565.9	2617.1
6470.3	1823.8
1178.4	1130.7
1938	3655.1
1445.4	1480.7
1837.2	1298.3
914.78	2592.6
6158.1	3896.7
5152	3754.8
1789.3	4644.2
6482.8	2456.7
2211.3	3550.9
1787.3	3229.8
6370.8	2948.4
1365.2	818.83
1031.7	2844.3
2119.5	3624.6
5928.5	1092.4
6146	3255.9
1019.1	1728.5
6267.7	1780.2
6207.7	3213.6
1751.9	1347.1
4897.1	122.3
6349.4	2874
1888.9	3666.3
6570.1	2665.7
1435.7	1103.6
844.13	2567.6
1661.6	1406.2
5829.7	925.89
2759.1	4104.7
1052.4	1401.3
6425.7	2871.5
5872.2	552.58
6155.2	1537.6
1152.8	2676.5
765.63	2028.9
1762.8	3324.3
860.02	2099.5
954.52	1981.3
1941.7	3312
6277	2924.5
2445.1	389.35
883.53	2512.1
6285.9	2101.6
6121	1347.3
958.91	1900.3
6579.6	2114.9
1156.4	1141.3
5946.5	721.64
6272.3	3429.8
1373.2	3010.9
1581.6	493.07
890.02	2918.1
995.05	2826.7
1164.8	2664.8
1070.3	1801
6403.7	3505.9
1891.1	1270.7
6341.1	3266.9
1748.3	1315.2
880.68	2196.2
1733.1	1506
1678	3480.4
1678	3480.4
927.29	1902.6
6515.6	2474.2
1125.5	1850.8
1373.2	3010.9
5968.3	682.08
6206.8	1332.1
6435.3	1670
1004.8	2705.6
1735.7	1307.9
878.74	2353.1
1516.1	3498.7
887.2	2734.8
1130.6	3414.8
6273.9	1263.2
6294.7	2946.7
983.4	2608.9
1323.6	1056.7
6436.1	2157
1286	1340
1821.7	3111.3
847.44	2572.8
1172.1	1141.3
2735.4	4084.4
1846.7	1360.6
2798.5	4107.4
6318.4	2050.4
1606	1434.2
964.43	2695
2119.5	3624.6
1613.5	3455.4
2425.2	3615.2
1233.1	3079.3
6221.9	3299.2
1009.8	1827.3
1955.6	3312.6
1018.5	1785.9
1792.2	3263.6
950.87	1932
1150	2654.4
1599	3462.4
973.35	1712
977.29	1694.6
1744	1489.4
5316.4	3483
6276.4	2961.3
1689.7	3834.5
5553.9	4685.4
6405.7	1732.5
2326.6	487.03
1004.8	2705.6
1849.4	1299
1368.3	1588.1
1382.7	971.73
914.78	2592.6
897.08	2113.6
1955.6	3312.6
6258.5	2031.7
5968.3	682.08
5239.6	3641.6
1435.7	1103.6
1899.1	1219.2
1727.9	1331.4
1714.7	3370
5595	700.83
1559.6	1113.2
2131.6	3438.1
887.2	2734.8
864.63	2521.1
887.94	1920.1
6562.9	1906.2
5133.6	3756.1
1163.3	3043
6232.6	1741.2
2557.5	4446
1775	1253.7
1137.3	1838.3
1613.5	3455.4
859.91	2460
6271.4	2051.4
1407.3	1550.3
1469.1	3115.7
1266.3	1005
1821.4	3720.3
6533.3	2634.9
5998.5	1268.7
1474.1	1500.9
6521.8	2531.9
1858	3611.7
1020.4	2690.1
1060.2	3269.4
1489	3583.8
1751.7	3671.8
6545.1	1956.1
890.02	2918.1
2080.9	3231.4
882.2	2206.4
5099.7	4083.9
1362.4	3587.6
1013.6	1457.2
865.94	2430.5
1661.6	1406.2
1133.8	1113.7
6434.6	2388.3
2184.7	3401
5553.5	747.58
2119.5	3624.6
6472.9	1785.2
5878.1	557.87
5840.4	819.61
2319.9	49.776
1119.1	1650.7
5180.9	336.99
852.52	2526.7
1462.6	3862.7
2745.9	3948.5
1715.4	906.66
1472	1127.5
5343.3	4104.1
6264.4	3401.1
1837.2	1298.3
1385.5	4140.2
893.69	2275
1025.1	2703.1
5829	575.49
1382	4152.9
970.33	2677.4
1765.4	3058.9
6435.4	3408.4
1775.4	3569.6
2185	1016.9
1775	1253.7
1775.4	3569.6
6152	1031.3
5997.8	1164
1824.1	3265.7
1345.8	1267.1
886.03	2229.2
4532.1	4184.7
1863.6	1260.2
1778.2	1246.3
6531.2	2490.3
1714.3	3579.5
901.4	1948.8
5097.9	3975.7
2212.3	3456.8
1511.2	3392.8
1446.5	1135.2
5508.5	647.49
5553.9	4685.4
6071.1	3164
1583.4	3107.4
5840	3420.1
5859.1	939.64
1160.1	2672.4
5520.1	707.92
6472.9	1785.2
1108.4	2783.9
1396	3249.7
6535.1	2520.5
1256.9	1413.9
1629.4	3039.5
2259.1	3461.9
5932.3	617.86
1098.9	2767.8
874.58	2852.9
1427.7	3280.5
1778.2	1246.3
1352.1	1215.8
1429.2	3415.7
1273.3	930.91
1028.2	1799.1
5677.9	3692
1849.4	1299
1398.9	3551.2
6313.4	1287.4
1851.7	3643
5478.9	205.92
980.3	1702.5
6121.1	3677.9
1469.1	3115.7
1348.1	894.99
1687.3	3356.7
2211	3549.9
1238	1079.8
1560.5	3429
1897.1	3642
6351.4	1433.7
5390.4	154.73
5904.4	879.81
6464.6	1630.9
6007.2	747.44
1273.3	930.91
1128.2	3027.7
1821.4	3720.3
2491.4	3473.9
910.42	2769.7
1635.7	3336.5
1657.1	3265.2
6222.2	3301.1
831.66	2071.2
1437.7	1483.1
1061.8	1531.1
1293	2932
1396	3249.7
5205	3709.5
1283	936.86
893.25	2959.9
1382.7	971.73
1456.1	1087.9
1304.5	932.42
1172.9	1176
1606	1434.2
1821.4	3720.3
5705.3	465.14
1242.3	3066.9
5563.7	524.84
1536.7	3003.6
889.04	2206.4
5770.3	769.83
990.87	3973.4
1389.8	1154.8
1030.4	2923.3
6472	1792.7
6488.3	1855
5829	575.49
1920.2	3645.9
6435.4	3408.4
5890.8	1049.8
6535.1	2520.5
1183.7	3065.7
6284.9	2192.2
1081	1851.8
941.22	2143.6
1103.1	1304.9
879.7	2505.3
6568.4	2764.8
880.68	2196.2
1104.1	1269.2
1826.3	1258
1002.4	2630.4
6449.6	3497.4
1653.5	3144.6
2233.7	3420.8
4549.8	4217.5
6562	2842.6
862.09	2226.2
1653.5	3144.6
1849.4	1299
2233.7	3420.8
1283	936.86
892.39	1735.2
1115.1	2878.2
6296.6	2026.6
6358.3	2823.5
1969.1	3457.6
6435.4	3408.4
1851.7	3643
6267.7	1780.2
905.42	2561.6
894.21	2167.3
1197.2	1772
887.77	2550.9
1382.7	971.73
873.25	2843
910.42	2769.7
5481.3	239.53
2073.7	3497.9
872.11	1959.4
988.52	1606.5
4931.3	4080.7
1966.4	1133.4
990.57	3972.8
1437.7	1483.1
1246.4	1482.7
1103.5	2778.7
1962.9	3214
1065.6	1870.5
1203.7	1200.6
942.89	2791.7
1388	3441.8
1394.1	3247.3
6306.1	2129.1
1178	1162
5275.5	4317
1571.7	1426.4
1849.4	1299
2466.8	3413
941.56	2536
5942	628.39
970.84	1847.2
1173.3	1114
951.8	2072.5
1879.6	3160.9
5099.7	4083.9
2734.3	3901.8
1246.7	2926.2
996.79	1827.7
898.35	2062.3
6181	3183.4
958.49	1830.8
1562.5	1385.2
5481.3	239.53
2292.7	4042.6
1238.5	3059.7
1824.1	3265.7
1238.5	3059.7
5847.6	976.17
6295.7	1222.5
6015.6	739.01
1022.9	1421.1
5273	3556.6
2249.3	867.76
4910.2	4121.8
5378.1	4210.6
6393.7	2332.3
1287.3	3626.6
1481.4	3358.9
1797.3	3560.9
1415.6	3544.5
857.2	2851.4
5683.8	855.08
1046.4	1768
1276.7	1005.3
6136.1	894.72
1822.9	1273.4
928.43	2579.3
6357.3	1418.7
1552.5	1443.7
5378.1	4210.6
1110.1	2646.2
1334	3514.1
1551	1081.6
1445.4	1480.7
1080.5	1851.6
1775	1253.7
6329.5	3885.4
1329.2	1490.7
1435.7	1103.6
6653.7	2173.2
1129.3	1800
2234.2	3419.4
2085.5	3266.5
1592.5	3142.7
881.71	1970.5
984.81	2600.5
893.25	2959.9
829.97	2652.3
963.62	1692.2
1141.8	3530.9
6380.6	2837.1
2159.4	3405.5
6309.4	1955
2568	4508.6
6554.8	1910.7
1028.4	3062.2
1903.4	3182.6
1396.2	1244
1577.1	1408
1795.3	3872.5
1888.9	3666.3
2445.1	389.35
1399.7	3549.2
1302.7	2935.7
1244.9	3429.6
1571.2	3529.9
5636.3	666.83
1032.3	2946.4
6530.4	2625.6
1076.7	1784.3
1072.4	1841.9
1019.6	1937.1
1239.9	1392.8
849.21	2185.4
852.52	2526.7
1691.5	3834.3
831.66	2071.2
1956.9	1301.9
2092.5	3316.1
6551.1	2957.5
966.9	2580.3
1362.4	3587.6
1152.1	1275.1
6350.2	1290.7
1529.4	3494.7
1386.9	3923.1
2196.7	4465.5
1009.8	1827.3
6554.8	1910.7
1013.6	1457.2
1700.5	3827.6
1243.4	1061.7
887.94	1920.1
5300.3	4115.8
6557.3	2439.3
6287.9	2155.2
4934.5	4407.1
1038.7	1799.3
1072.4	1841.9
1920.2	3645.9
854.04	2186.7
894.4	2829
1366	3159.5
858.25	2235.7
1493.7	1248.5
978.33	3210.1
6290.7	1881
6265.1	1519.2
958.91	1779.4
5581.4	3842.5
1245.3	3108.6
1264.8	1372
6590.9	2238.3
6653.7	2173.2
6556.9	2673.1
905.42	2561.6
893.21	2002.5
1061.8	1863.5
1386.2	2942.9
1739.5	3565.8
1599.5	3074
1879.6	3160.9
1123.3	1388
1691.5	3834.3
1496.3	3744.9
1427.7	3280.5
995.05	2826.7
5239.6	3641.6
1599	3462.4
978.33	3210.1
1027.3	3098.1
1300.6	3120
1837.2	1298.3
1445	1449.4
1809.1	3677.7
1871.6	3386.2
1012.3	2704.2
1012.3	2704.2
4934.5	4407.1
6431.6	2961.8
978.51	1697.2
1903.8	3774.1
873.25	2843
985.64	3190.7
1896.1	3275.9
997.11	1668.4
1531.5	3208.6
1131.1	1844.3
2816.4	53.206
6590.9	2238.3
2131.6	3438.1
1230.3	1679.8
6536.7	2625.1
4564.4	4219.3
2445.1	389.35
1289.3	1349.8
2493.7	3507.9
2073.4	3485.5
1415.1	2931.9
904.89	2754.9
5491.1	3447.7
1019.2	2883.6
1597.1	3141
6533.3	2634.9
1101.7	1402.2
848	2800.4
5763.8	509.54
6526.6	2452.2
5355	3467.3
1302.7	2935.7
2166.6	987.69
6547.8	2529.5
873.25	2843
1775	1253.7
989.36	1558.6
970.33	2677.4
887.96	1818.3
848	2800.4
1296.2	2911.3
5321.1	3872.6
894.4	2829
888.2	2890.4
1019.2	2883.6
1917.2	3660.4
6487.8	1866.9
1178.4	1130.7
1778.2	1246.3
6554.8	1910.7
1273.6	1165.9
1423.9	3111.4
5968.3	682.08
2599.5	4398.9
6281.7	2086.9
1185.5	1279.4
963.62	1692.2
1362.4	3587.6
1233.1	3079.3
2215.4	3458.2
1521.7	1083.5
1239.9	1392.8
864.63	2521.1
1525.2	4025.9
5269.4	3573.6
6299.1	1243.8
1264.9	1369.7
5069.7	207.02
1742.6	1491.1
1529.2	3495.2
6312	1285.7
863.9	2139.6
2306.2	659.01
848	2800.4
1386.2	2942.9
1376	2932.3
1701.6	3579.9
851.71	2186.9
6604.2	2474.5
1073.2	1847.8
6060.7	3162.5
2131.6	3438.1
5931.5	836.4
1115.1	2878.2
6370.4	2961.1
6530	1899.7
1400.6	3436.8
6357.3	1418.7
1029	1463.7
6306.7	1252.9
990.6	2611.4
1111.5	3373.5
5162.1	3950.6
6110.6	3050.5
6139.9	3424.1
1060.9	3265.3
6574.7	2065.3
848	2800.4
6604.2	2474.5
1034.9	3374.7
883.29	2864
6653.7	2173.2
6136.1	894.72
947.83	2105
6029.5	1171.3
1821.4	3720.3
1995.6	3350.7
1018.9	3143.2
6504.7	2881.1
931.77	1812.2
1111.5	3373.5
855.68	2165.1
6136.1	894.72
6481.9	2053.8
1797.2	3872.6
5402.7	3501.8
2061	3816.4
6581.6	1860.1
1839.2	3634
1696.7	3833.9
5800	3299.3
1133.8	2972.5
1713.7	3807.4
4861.1	4130
2184.7	3401
1085.4	1856.5
6237.3	3024.8
1123.9	1385.1
6465.9	1778.8
2934.3	4211.2
6300.7	1691.3
5567.2	716.11
6634.1	2276.4
6213.7	3581.9
5829	575.49
883.29	2864
1572	1266.7
1192.5	2414.3
6559.5	2606
6357.2	2190.3
1172.1	1141.3
1229.5	1765.8
1837.2	1298.3
1791.7	1275.3
1213.7	3414
1090.5	1703.2
904.89	2754.9
1389.4	1236.2
6586.7	2743.5
1222.9	958.48
1987.4	959.93
1273.3	930.91
6570.1	2665.7
2840.7	4538.1
1468.1	3353.9
5763.5	633.25
1501.8	3812.5
1045.5	1366.4
1649.5	3563.8
6186.8	3171.2
5676.3	3697
868.04	2874.8
1679.8	3278.4
1370.2	3518
6393.7	2332.3
1395.5	3028
957.83	2615.8
1348.1	894.99
6177.5	1359.4
1206.2	1060.8
6462.2	2839.3
1959.5	3202.8
2119.5	3624.6
1222.9	958.48
883.26	1812.7
1074.4	2838.1
1630.4	1409.7
958.91	1779.4
6029.8	843.47
1134.8	2862.3
1143.1	2820.8
1577.1	1408
958.49	1830.8
1382.4	2904.6
1360	1590.1
1242.8	1045.6
1239.9	1392.8
1871.6	3386.2
6236.5	3024
5829	575.49
907.27	2572
869.45	2594.2
5956.6	1254.3
1684.4	3553
5229.7	25.709
4850.7	4030.1
6534.6	2605.9
1222.9	958.48
1085.4	1856.5
5874.9	3256.3
954.52	1981.3
1400.2	3022.5
907.27	2572
1215.1	3103.8
2491.4	3473.9
2092.5	3316.1
5704.9	3843.4
872.31	1972.9
1480.5	3223.2
1272.6	925.82
2063.3	3816.4
929.28	2538.3
5794.9	537.32
6186.8	3171.2
6050.2	3766.5
871.67	3164.8
2253.7	3443
4532.3	4494.4
1206	1223.3
848	2800.4
865.31	2596.3
1352.7	3084.3
4762.5	4114
1689.7	3834.5
1624.7	3307.3
1625.7	1386.6
1791.5	1277.3
843.95	2766.4
1222.2	3366.8
6556.9	2673.1
828.45	2459.1
6408.6	1601.5
1480.5	3223.2
1283	936.86
893.5	2609.5
1687.3	3356.7
1561	1421.2
6043.2	3667.2
5231.2	102.99
979.03	1729.3
961.96	1966.3
6441.2	1981.1
4578.2	4592.6
1003.2	1487.4
1687.3	3356.7
1509.9	3075.2
1219.5	3366.4
1715.5	3805
5886.2	3249.2
6557.3	2439.3
2821.5	53.357
1629	3859
988.25	1598.4
907.27	2572
1362.4	3587.6
1134.8	2862.3
1373.3	3176.1
4208.8	4598.6
1999.7	3891.9
1013.6	1457.2
6089.5	1453
2447.9	3745.5
1816.8	1263.2
6453.7	1811
6354.8	2189.1
1765.4	3058.9
6188	3633.1
1307.4	2920.3
6348.8	2841.4
4975.6	63.478
1614.2	3946.5
1625.7	1386.6
6472.6	3208.7
6499	1961.4
5491.1	3447.7
1791.5	1277.3
1273.9	3490.8
6559.6	2637.6
6209.7	1495.6
1154.9	1646.1
5823	3418.1
1002.3	1729
1304.5	932.42
1700.5	3827.6
1340.1	3041.5
5806.5	3253.1
6477.2	3136.1
5787.5	725.12
6301.3	2232.3
6153.3	3003.4
1898.6	3114.8
1761.6	3878
6590.9	2238.3
6579.3	2405.4
6074	3286.7
6299.1	1243.8
914.78	2996.5
985.64	3190.7
1388.6	1566.2
1395	964.29
5850.9	558.02
4831.6	93.868
4934.5	4407.1
1238.5	3059.7
912.55	3080.8
5927.3	4012.5
1031.8	3257.1
848	2800.4
4682.9	4474.1
6358.6	2845.3
1376.2	3516.3
5269.4	3573.6
1113.4	2652.2
878.96	1914.3
6301.3	2232.3
1267.4	1006.1
1164.8	2664.8
4906.8	119.93
5713.9	695.66
5149.3	3683.6
1715.5	3805
1348.1	894.99
1132.2	1596
6554.8	1910.7
5274.4	3562.7
1849.4	1299
6149.5	1164.6
5829	575.49
1791.5	1277.3
1807.4	1321.3
1715.5	3805
849.21	2185.4
1630.4	1409.7
6563	2466.5
5424.4	3831.5
6234	3149.6
1608.1	3117.6
5704.9	3843.4
2798.5	4107.4
1327.6	1247
1362.4	3587.6
1119.2	3188.9
5926.7	620.77
1677	3954.9
1287.3	3626.6
882.19	1964.6
857.2	2851.4
5265.5	3586.7
1076	1877
6074.7	908.7
1733.5	3942.4
1773.9	3240.5
6030	752.28
1064.1	1768.8
6311.5	2124.5
1633.5	3480.9
1479.5	3969.7
883.58	3018.7
1435.7	1103.6
5622.7	3541.3
1392.1	996.07
1059	1380.2
1316.4	3060
1822.9	1273.4
6508.1	2845.1
961.32	3086
1039.5	1889.4
895.77	2925.1
5424.4	3831.5
5983.2	738.38
6348.8	2841.4
6567.6	2185.4
1562.3	3131.3
1420	3360.4
1137.3	1838.3
6326.1	3309.7
1272.1	1674.1
1123.7	2886.8
1469.8	3150.6
5755.4	3290.2
1366.6	1425.5
5959.8	3323.2
5149.3	3683.6
5997.8	1164
1758.3	3097.9
6019.3	3339.4
765.63	2028.9
1613.5	3277
947.83	2105
6074	3286.7
1373.3	3176.1
1905.7	182.73
823.59	2137.3
6222.2	3301.1
2977.8	4127
1568.2	3428.8
1768.9	3969.6
1437.7	1483.1
1376.2	3516.3
1955.6	3312.6
1092.3	1773.5
865.31	2596.3
1382.7	971.73
6535.1	2520.5
6455	1809.8
890.26	3034.3
1451	4006.6
1683.6	3296
6416.3	1465.1
1791.5	1277.3
1780.3	3557
1888.9	3666.3
1720.1	3615.9
5491.1	3447.7
6030	752.28
1571.2	3529.9
1307.4	2920.3
1616.7	3754.8
1804.8	3239.4
1776.5	3591.4
823.59	2137.3
2253.7	3443
1849.4	1299
1767.2	3334.8
2491.4	3473.9
6072.4	3291.1
1791.5	1277.3
868.04	2874.8
5300.3	4115.8
1590.7	3046.6
6000.1	722.08
1400.2	3022.5
1281.2	1356.4
5396.8	456.25
979.9	1819.5
6030	752.28
6579.3	2405.4
6459.2	2836.8
1758.3	3097.9
6074	3286.7
6123.2	3735.6
5149	377.29
5726.3	3314.3
6030	752.28
5698.4	4546.7
831.66	2071.2
1705.6	1400.8
6155.6	3674
6529.9	2869.4
1700.5	3827.6
1434.8	3113.6
6187.1	3572.7
1615.2	3466.6
1625.7	1386.6
4911.1	64.817
1481.1	3769.6
1020.6	1811
1871.2	3382.5
1605.3	1445
1856.8	3643.9
1439.7	3057
6080.7	3780.7
6389.8	2782.8
1284	1637.5
6001.8	1205.4
1775	1253.7
6312.2	1261
6252.6	1862.9
1076.2	1474.7
1085.4	1856.5
981.66	1557.6
6155.6	3674
2494.9	4430.7
1616.7	3754.8
5265.5	3586.7
5355.2	3972.1
841.89	2001.6
1629.7	3260.3
831.66	2071.2
5932.3	617.86
2137.2	3860.9
1888.9	3666.3
6345.5	2211.9
2061	3816.4
1903.7	3737.5
6389.8	2782.8
6348.4	2861
2092.9	41.768
6058.7	1213.6
6570.9	2567.7
2069.3	3884.1
6277	2924.5
1791.5	1277.3
1481.7	3767.6
1469.8	3150.6
6471.1	1923.6
6214.6	1521.4
6007.5	723.09
6033.3	3382.8
1546.1	3009.1
5168.7	3680.1
2421.7	3637.2
1511.2	3392.8
6313.4	1287.4
1027.3	3098.1
2129.6	476.65
1791.5	1277.3
1273.9	3490.8
1762	3571.7
1775	1253.7
862.97	2740.2
1590.7	3046.6
6399.1	1545.7
1791.5	1277.3
1385.7	3341.9
1700.5	3827.6
1566.5	3290.8
6370.4	2961.1
2149.8	725.94
5491.1	3447.7
1856.3	3398.3
1701.6	3579.9
6477.2	3136.1
1520	3081.7
1290.7	998.07
2131.6	3438.1
4499.3	4557.6
4387.4	4051.9
6511	2487.8
2745.9	3948.5
6488.9	1876.3
6219.4	1044.7
1608.1	3117.6
1197.2	1772
6570.9	2567.7
1683.6	3296
1683.6	3296
6208	3581.3
1775	1253.7
5161.4	3662
1765.4	3058.9
4399.6	4592.3
6566.7	2635.6
1400.7	3391.1
1769	3335.5
1501.8	3812.5
1445.4	1480.7
6542.7	2589.4
1133.8	1113.7
2163.4	408.6
2065.2	3540.3
1851.7	3643
1509.9	3075.2
1324	2971.3
1856.3	3398.3
1464.4	3175
1619.6	3841.6
1791.5	1277.3
1993.2	3767.1
1316.4	3060
966.43	1803.1
1178.4	1130.7
1476.5	3452
1955.6	3312.6
1687.3	3645.3
1045.5	1366.4
5979.9	4245.1
1700.5	3827.6
6091.8	938.66
2011.8	3737.3
1626.9	3031.1
6307.2	1978.9
6305.8	2160.3
1714.7	3799.6
4971.6	123
1625.7	1386.6
5513	638.87
1191.6	1053.9
946.89	1975.1
1905.8	638.24
1568.2	3428.8
5538.1	3967.3
1827.2	1256.3
5229.7	25.709
5168.7	3680.1
6579.6	2114.9
6108.4	3726.8
6570.1	2665.7
1928.3	1286.4
6478	3282.9
6332.3	1382.1
1409.8	3294.6
6059.5	849.3
5168.7	3680.1
1429.2	3415.7
862.97	2740.2
6274	1824.4
