923.04	2476.9
5655.2	3087.2
4272.3	738.27
5308.3	1215
3436.1	899.71
4919.9	819.68
5813.8	1356.1
5228.6	690.43
4930.3	891.11
4851	881.33
3667.3	888.33
1274.1	1840.2
3112.3	357.86
1966.5	1298.2
5649.9	1248.9
5197.1	1009.1
2000.1	793.47
4333.5	358.76
5385.6	1169.8
3515.1	317.91
4397.1	756.9
4241	913.94
2368.9	590.41
4332.8	358.06
4916.9	982.25
3169.5	283.69
3107.8	298
3800.2	233.7
3975.9	791.44
1617.1	1080.7
3460.2	311.5
1904.5	1250.4
2290.8	1062.8
4135.1	317.46
4968.1	557.95
4087.6	314.12
3801	890.87
2786.7	998.93
957.13	1804.7
3120.6	360.68
5905.7	1436.3
2985.1	1006.3
5427.6	2035.9
2152.7	704.6
5994.8	1514.5
3112.8	357.35
3514.3	4671.3
4085.1	261.37
1151.3	1836.3
2123.9	922.87
3142	344.72
5546.4	1053
5256.9	1029.6
3805.3	238.6
3460.8	310.46
5940.9	734.03
3928.9	852
5556.1	867.26
5769.2	1036.1
4089	313.35
6555.1	2271
5244.2	307.81
6210.6	1116.8
5402.1	777.19
1713.8	988.49
1227.2	1796
5537.5	879.05
2840.5	412.2
2874.8	414.72
2345	595.7
2455.3	763.82
5900.7	1612.4
3430	306.06
4298.9	342.39
3734.4	247.9
3413.1	864.71
2845	402.29
2553.6	459.3
1982.8	792.55
1152.3	1837.9
2561.7	516.71
1913.4	235.42
3741.5	241.18
3105.6	363.24
2376.2	591.27
4090.7	263.4
2901.2	625.88
5551.6	416.04
2346.8	549.88
3644.9	850.9
5771.6	1019.4
5611.6	1098
2488	1052.8
3451.4	317.07
2561	518.3
3452	316.68
5553.7	1059.6
4309.7	573.04
1172.9	1837.1
2552.9	458.69
1769	1132.5
3109.7	291.05
3075.9	383.4
1013.1	1677.5
1983.8	787.76
1024.5	2791.7
2593.2	493.84
4611.9	380.95
2005.9	791.66
6383.1	2316.3
3446.4	260.12
4324.4	362.72
3440.5	294.97
5022.6	999.93
3739.7	248.14
4609.8	416.92
5662.9	959.82
4053.5	860.83
5656.5	3097.4
950.05	1693.9
4352.9	345.28
4936.5	572.36
2096.9	930.81
4354.4	347.08
4899.6	754.49
3461.2	259.99
3468.5	314.42
5998.7	1235.1
4321.1	576.26
5676.2	3093.2
6471.5	2519.1
5035.1	579.63
2010.7	168.15
2367.9	1167.1
1581.1	1604.3
2921	633.96
2351	582.33
5214.1	1170.9
2199.7	1190.8
3872.6	850.64
5898	1603.2
5533	423.65
5032.2	574.32
5846.3	1122.3
4285	569.54
5976.1	1253.1
4265.7	880.94
2590.1	457.36
3749.6	248.2
5975.4	1250.1
5554.6	844.86
4453	139.48
4639.7	381.95
3822.8	849.04
1238.4	1932.2
1475.8	3638
2849.9	365.42
1236.2	1723.7
3097.5	307.86
5431	438.49
5656.7	3097.1
4250.1	964.93
904.56	2127.2
1234.9	1931.6
2125.2	941.78
3329	51.963
1208.1	1803.7
4349.9	309.78
5035.8	541.56
2813.4	829.56
2127.3	747.49
4925.5	747.83
4804.8	3303.1
4620.7	402.04
3654.4	895.61
3094.7	986.31
3776.9	254.99
6022.1	880.7
3920.6	898.19
2827.2	381.05
6081.9	1403.3
5398.1	1245.1
4099	270.98
4095	318.69
6503.2	2515.8
1998.2	1001.9
5565.8	419.71
1237.4	1798.3
1765.3	1013.6
5935.8	3546.4
5034.5	541.95
2096	1275.9
2116.7	1079.2
6292.4	1279
3750.1	297.96
6471.4	2531.7
1041.4	1598.1
5594.8	933
5264.6	1049.8
1824.9	940.87
4320.6	886.69
1841.9	858.5
885.24	2651.4
5803.9	3039.4
3421.7	268.77
6102.2	1399
2352.6	1172
5249.2	650.61
1136.4	2020
3739.6	222.66
2084.6	1279.8
6179	1448.4
2544.7	494.33
2427	947.18
924.57	2234
5563.1	437.57
6294.5	1322.3
892.5	2137.6
1839.8	1270.3
2443.3	1142.4
5090.8	1016
5406	743.58
4656.8	406.38
6123.9	1142.3
5668.4	931.59
900	1923.9
5965.2	1581.2
973.67	2158.1
5288.6	327.45
2224.2	1163.3
2861.2	387.31
2321	820.66
873.98	2230.5
6083	1403.9
1618.2	964.62
1003.2	2124.8
5160.9	1136.9
1760.6	938.2
2881.1	1028.2
3983.5	851.65
5430.5	343.1
5220.3	658.15
4111.3	294.35
1492.2	3018.8
6102	1398.9
1710.8	949.99
4658.1	408.18
5669.3	3083.1
4113.8	298.65
2552.8	1061.4
2581.4	480.5
6062	1494.3
5813	1070.9
1550.2	3228.2
5727.6	681.86
5905.9	766.08
5967.8	1156.1
1554.8	1431
4090	251.9
5044	823.32
2030.7	831.12
3108.9	333.7
964.88	2264.4
3128.6	329.06
2543.6	908.46
1822.3	868.21
6254.2	1356.3
1068.3	2077.7
3997.6	869.38
5974.7	1235.9
5925.1	1454.3
5669.2	3083.6
6301.9	1336.8
3718.6	268.43
4080	317.07
4284.7	570.73
3459	863.48
5236.5	3223.4
883.16	2233.6
3204.6	585.6
2186.4	1124
3040.1	344.71
2362.9	567.8
5823.5	3837.8
5328.9	1156.9
1759.8	941.13
2514.9	504.41
3111.4	305.37
5846.5	3268.1
2380.9	1016.7
4163.4	299.3
3176.6	366.52
2293.2	1135.1
6243.9	1351.9
3347.8	871.81
5102.6	139.4
888.82	2228.4
2362.3	567.43
5600.3	3262.1
3458.9	864.76
5974.1	1235.8
4210.3	895.98
5890.7	3464.3
2135.7	662.61
4391.1	319.97
2032.6	1301.7
3987.3	851.93
2915.3	959.47
6482.2	2516.9
3471.5	856.18
871.13	2628.2
5515.1	3298.3
4548.7	929.97
6074.9	1348.8
5821	1368.3
4658.1	22.062
6112.3	1037.2
1108	2051.3
6292.6	1342.2
6189.9	3389.6
4324.7	905.95
946.74	2250.7
1138.9	1401.5
2394.8	1084.7
2629.8	264.29
5652.2	325.85
2928.1	374.12
4336.8	332.31
1265.3	3026.3
4341.1	291.22
880.19	2211.2
5540.4	3455.4
865.98	2954.7
6036.6	1290.7
5210.7	3422.2
880.55	2182.1
5771.7	3317.8
2301.6	1055.8
5841.9	1103.1
5431.7	3168.9
3127.2	914.8
4152.9	306.91
5447.6	498.05
5968.2	3182
1186	1966.9
1992.9	993.52
5701.7	576.38
1948.3	1170.4
1592.7	641.7
2208.6	1038
3931.1	866.75
2337.3	617.24
1739.2	3819.5
5798	3545.2
1192.9	1246.2
3215.4	838.03
924.56	2341.3
1950.4	4617.4
6237.7	3317.5
3047.9	348.6
5487.6	461.71
3531	284.28
2146.7	709.73
919.3	2358.4
1950.5	3677.7
1253	3012.5
818.74	2434.6
6357.5	2844.8
4702	41.901
3932	867.17
2806.7	377.17
5921.2	3293.2
6017.2	1001.8
1886.8	4036.9
2817.1	4416.8
2545.6	442.68
5841	3273.1
3323.2	401.85
4151.8	307.16
4239.2	960.99
4765.6	1071.3
6184.4	1479.9
6231.1	3496.7
877.63	2366.9
4221.4	873.52
2722.4	94.011
5442.6	1138
2068.8	1160
913.43	2683.1
4069.1	860.5
5939	1545.9
5761.4	3404.4
4019.6	380.99
6065.9	1059.8
915.4	2687
5386.6	392.61
6066.2	1427
1170.8	1801.6
5487.3	451.92
1877.2	1263.9
3656.7	326.19
4325.1	584.96
3635.6	805.37
1052.2	2816.3
5033.9	983.83
5898	1343.1
5575.6	3319.8
5850.2	3346.9
1751.7	1341.3
883.89	2665.5
3719	848.19
4503.1	928.1
4128.9	783.07
5671.1	3079.2
5469.5	366.36
3821	764.56
4253.5	318.33
5388.4	4186.6
1981	1224
1140.7	1886.5
6238.8	1323.8
2565.7	525.22
2093.6	1197.9
1362.8	1586.5
2513.5	1115.9
6012.6	971.17
2746.3	1134.1
6109.7	1135.1
965.85	2169.3
4439.5	4092.9
1030	2836.1
5761.3	3404.1
6295	1319
6247.2	1339.1
3038.3	4524.8
4131.5	782.41
5228.2	1002.2
5665.2	3276.2
2743	1010.3
5633.7	3095.3
5574.3	545.42
3070.6	4182.8
2388.5	1019.9
2621.8	250.73
5896.8	1345.6
3019.5	3904.9
2187.8	1149
2975.3	906.26
4304.6	559.97
4305.9	885.84
867.71	2234.1
5666.6	3276.2
5691.5	1374.6
4948.3	3721.9
2625.8	408.59
6071.7	1511.5
908.57	2117.8
4019.9	939.85
4032.7	774.69
2319.9	3861.4
3450.3	805.14
3148.1	3910.7
2356.8	532.17
5899.1	1528.6
6541.9	2370.3
6250.3	1323.5
5770.5	3403.5
5951.7	1261.1
1571.5	1178.1
6216.5	1344.2
2537.2	527.13
5398	3182.1
3382.5	820.36
1902.2	359.77
1445.3	914.6
2229.5	3739.1
2003.1	453.66
997.03	2117.8
968.92	2296.9
6058.3	1485.3
6575.9	2311.4
1776.8	998.08
4381.3	4356
4312.7	315.4
1052	2814.7
3532.7	808.73
6528.5	2483.8
5371.3	1151.1
5671.9	1326.5
6226.2	1314.7
5239.7	699.74
5033.9	1001.6
5393.8	370.09
3180.9	412.65
5480.8	1260.1
5977	1264.4
1194.9	1852.2
924.7	2252.3
5277.3	1107.5
5653.4	1300.9
6471.8	1610
908.25	2144
1733	3799.2
1141.3	1844.7
5432.3	500.05
6024.9	1254.4
5796.7	664.88
2102.8	217.82
5713.1	631.01
5546.8	857.37
4791.3	1012.8
3214.3	830.44
3177.6	420.19
2252.4	4068.1
1994	770.6
4178.2	4238.1
6098.4	966.88
6166.9	3166
1553.8	3449.7
1951.7	1266
3021	855.05
2368.3	606.17
1753.1	484.77
1956.7	772.3
1038.8	1829.8
3275.9	4088.6
4631.7	447.88
1868.9	385.32
4362.1	832.63
3195.3	406.89
3990.1	790.86
3990.4	788.34
3509.4	352.56
5199.7	1075.7
5884.3	1615.3
4661	1022.3
3692.3	346.52
1086.8	1967.1
5527.5	1244.1
5753.6	1378.7
2114.1	635.4
894.74	2649.6
1322.6	1357.5
3943.8	808.75
3437.4	4072.7
900.37	1688.3
2329.4	1113.7
5036.2	503.19
3393.4	332.34
1131.4	1607.8
1023.9	2857.2
6026.2	3338.7
1643.1	685.68
884.09	2168
2158.9	3804.1
856.28	2072.7
4419	695.78
6516.8	1787.5
5162.9	1067.9
2311.7	1043.8
5000.2	3339.2
4931	983.95
1355.9	1698.5
4861.1	3316.1
5850.4	513.94
4380.4	833.92
6292.5	1422.9
2085.5	4215.2
4026.1	789.02
6090.9	991.05
5065.5	557.15
1742	955.95
5713.3	1192.6
4357.1	880.27
5697.7	616.65
4068.7	293.78
5796.5	3380.2
917.17	2067.6
889.81	2641.6
5488.9	440.23
6522.6	2487.2
1735.5	946.34
3635.2	4069
849.04	2300
2725.6	3852.3
5305.5	1251.3
1739.9	955.32
912.23	2660.4
6087	974.66
1952.7	3676.7
5097.7	98.777
6332.9	1376.8
968.07	2297.8
6517.5	2236.1
3095.6	290.49
6084.2	974.58
6235.7	1324.1
5481.7	1260.1
1945.2	4475.2
1027.6	2910.2
3177.1	421.82
6071.6	3548
6080.4	990.54
3070.7	410.37
2387.3	654.9
5966.4	1213.3
6514.4	2494.7
2194.5	1025.2
988.56	1748.2
4310.4	310.23
1059.8	1975.2
1874.3	1379.5
6580.7	2277.4
5762.6	1030.2
996.48	2114.8
2388.2	1074.2
939.28	2216.3
1828	418.41
2106.1	4246.7
1327.8	962.24
5746.8	3417.4
6078.1	1334.8
1012	1821.3
2374.5	1004
4023.4	765.38
1832.3	305.89
4820.7	3550.1
2583.3	955.16
5576.8	545.79
4208.7	3440.2
949.2	1717.3
6236.6	1079.4
6139.4	1476.1
1033.4	2023.6
5140.1	1057.4
5031.2	972.88
5933.8	768.09
5508.3	1273.1
2715.1	88.806
946.3	2299.4
945.05	2327.7
3512.9	347.26
1065.9	2062.1
2868.7	2283.9
4307.6	306.14
5605.2	364.83
1619.7	1028.1
3739.1	847.94
5601	4026
5931.2	768.87
1092.6	1394.4
870.58	2374.8
1584.1	1475.3
1317	1757
2510.9	3780.3
2724	678.57
936.07	2959.3
892.27	2759.5
2549.4	519.63
3800.6	907.06
2428.7	3758.1
4306	304.32
6277.8	1457.7
1199	1216.9
4334.6	319.79
5850.9	3267.1
1541.2	1110.5
4351	314.74
5828.5	3091.7
1836.5	907.17
4748.4	23.895
4638.3	446.06
5391.9	748.57
6526	3088.4
6361.3	3443.6
1933	906.75
6102.7	3998.3
856.1	2340
6514.5	2302.2
4158.3	885.97
881.11	2701
1954.7	4494.4
5733.3	3451.8
3960.7	789.15
5438.5	3403.5
1004.7	2799.9
6026	1283.5
6101.5	1007.4
5908.2	751.27
6443.5	2554.4
5375.1	955.02
3980.4	859.01
5859.6	1428.3
2040	4546.5
2060.2	1163.7
6543.6	2350.9
5237.7	652.09
2940.7	448.98
5657.1	1398.5
6543.6	2350.9
987.48	1934.4
5237.3	1152
1838.2	1277.2
848.12	2335.5
1507	842.87
5414.4	405.05
1989.2	1000.7
5208.9	350.34
5629.8	325.84
6274.5	1433.8
4998	525.29
4007.3	548.55
6273.3	1350.1
3143.2	4236.7
923.6	2291.8
3946.4	857.49
2356.7	3851
6026.3	3672.7
2914	437.96
920.43	2266.5
2245	4077.1
1688.3	1465.2
4122	269.96
5608	352
4131.3	364.77
868.44	2872.1
945.8	1818.3
2560.3	947.39
6349.9	2935.8
6529	2476.4
4214.1	792.16
5499.6	2336.9
3556	935.55
1598.2	558
2571	527.32
5640.4	602
2209.3	1093
5850.4	1447.2
6521.3	2264
6101.9	1004.8
1946.7	4483.5
1606.8	1063.3
1936.6	4476.9
4999	531.35
900.09	2359.7
2062.3	3765.2
5697.4	3166.3
4672.2	393.13
3099.1	289.58
918.95	1928.9
1020.6	2029
2052.7	236.11
1117.2	2975.2
5175.6	1083.2
5057.4	513.86
3494	249.93
2421	592.82
906.55	2291.2
4617.3	231.33
5865.4	1532
4279.1	373.47
5530	789.35
3734.1	319.48
6053.3	1426.6
1122.6	2961.6
5849.8	1449.5
2835	891.29
1865.7	4097.9
4947	1095.8
5329.8	357.44
2770.4	546.15
5597.1	365.19
924.59	2364.2
3122.3	937.92
6251.8	2789.5
1125.3	1869.4
2198.6	3681.6
3912.8	409.69
2731.7	665
5820.3	4434.5
912.21	2249
3453.2	241.91
5677.5	931.62
6021.8	3525.1
6538.4	2442.5
4341.5	824.59
2467.8	1046.7
2326.1	714.78
2138	3768.4
1731.7	935.08
4377.6	809.09
1252	1941.9
5832.9	1151.7
2378.2	3867.6
910.75	2247
5948.1	758.35
3463.4	348.43
921.86	2115.2
2029.5	842.92
6532.5	2295.3
878.72	2352.2
5541.4	3452.6
2733.6	659.05
4752.2	927.12
903.69	2657.1
1841.7	4684.2
4923	4639.8
901.23	2289.9
6094.7	855.7
2440.8	759.25
1401	1259.6
6025	3208.4
5371.8	4426.6
2942.7	863.44
5866.2	1082
5793.7	3219.3
5216.9	1008.4
906.85	2159.6
2643.9	937.01
1775.4	4028.1
6236.5	3568.5
4282.8	881.33
1013.6	2797.6
2991.6	3944.7
863.59	2702.8
5359.3	234.63
6247.9	1071.4
892.48	2277.7
1123.6	2964.5
972.52	3059.9
5902	829.97
2979.5	3996.8
6374.1	1987.5
2262.1	484.72
5754.3	3257.7
5361.6	231.74
2625.2	3973.3
954.38	2297.9
2835	360.79
1720.6	3730
2002.7	806.14
917.51	3069.8
3702.6	238.66
2864.5	375.64
3074.8	317.17
2870.9	2282.9
1986.8	753.27
6079.5	1330.9
6204.3	2981.5
4953.6	832.13
2503.6	986.03
2608.3	3969.1
4095.1	257.83
4480.3	594.87
6558.5	2286.2
954.72	2314.1
905.95	2157.5
2526.1	589.89
6537.7	2427.3
4621.5	3932.7
2295.4	3859.1
6488	2314.3
6209.7	2915.1
2290.2	1104.2
5513.6	1273.2
1857	3540.3
6576.2	2372.2
1856.9	3539.1
1909.3	907.87
1697.7	937.43
1001.1	2172.2
890.71	2708.1
5774.4	3421
6221.6	3510
1777.9	4027.6
1110.5	1855.6
6093.9	1328.1
3463.9	813.86
913.78	2139.1
983.67	1711.1
1782.6	4631.9
2199.7	1097.6
4437.4	488.27
4940.9	743.73
4123	923.9
5989.2	690.74
2122	4261.1
1109.1	2978.4
3854.6	385.41
1741.7	1058.9
2690.8	860.07
5999	1210.1
3937.9	800.75
2268.9	1067.7
4935.7	3308.7
1951	1197.8
1515	4022.3
2854.1	351.52
5990.5	3463.3
2211.9	26.023
2570.3	961.26
2737.7	1088
4163.1	365.13
1749.9	4311.7
2348.2	3850
2772.7	1146.2
6591	2562.6
4000.4	847.61
4438.5	481.42
5942.7	762.33
902.01	2130.5
1490.2	754.16
2052.4	197.07
1156.9	1965
2283.1	4073
5507.3	506.46
1880.4	3672.7
4326.2	379.64
3440.7	286.62
3356	246.79
4558	482.75
2806.2	934.08
1829.3	411.04
2019.8	3947.1
851.98	2619.8
2434.9	41.906
2468.3	777.96
3444.2	864.89
2888.1	469.07
844.44	2703.3
2142.2	1213.8
4479.4	592.95
3002.4	984.93
903.5	2372.8
5662.4	3760.8
5302.2	323
6444	1875.5
6247.9	3463.9
5762.4	595.73
2230.5	726.78
4039	3754.8
1887.5	1294.8
3057.7	4008.1
4765.6	909.44
6281.6	3460.6
868.44	2252
4550.2	3414.1
2873.3	4412
6421.2	2768.6
4001.1	541.16
4083.1	339.41
885.24	2061.1
5836.8	707.59
6066.6	1485.9
3940.3	4090.3
1689.3	4518
3385.1	809.81
5954.2	770.94
6132.6	1381.7
5749.3	3243.7
1716.2	3042.1
5595.3	1126.7
1031.8	2883
2130.7	722.98
2283.2	1167.9
5978	3651.2
2110.8	3990.5
6276.9	2773.7
913.29	2361.1
2607.4	1068.2
6536.5	2386.3
2535.2	897.05
3302.9	434.35
1032.5	2873.5
855.89	2309.5
1146.4	2920
2311.1	719.33
5311.9	1147.8
1789.4	989.97
1658.9	3539.6
2295	3850.1
1895	915.76
2843.7	3659.5
2048.7	778.92
2465.1	1017.3
890.17	2697.5
1874.6	1264.1
1656.8	3522.8
2397.3	3791.7
2553	521.2
2759.9	1074.3
6034.6	1422.8
2772.3	550.89
2992.5	970.96
1728.4	1067.8
1926.6	1234.7
5646.8	907.76
3225.2	938.16
5771.7	3215.1
5816.1	3039.1
3659.4	901.96
3462.8	357.57
5498.8	507.87
2793.5	682.12
5368.7	1144.9
875.59	2687
1250.7	1798.2
5514.7	273.57
5256.4	647.12
6568.4	2713.9
859.44	2329.6
2245.8	3930.8
2627.1	4886.6
2209.9	1109
1147.8	1907.4
5822.7	3397.3
5915.5	716.21
5088.2	522.73
5742.8	3142
3226.1	950.97
5317.8	3181.9
5829.7	699.91
1513	1130.3
4301.6	3720.2
3389.4	681.05
5619.1	3093.5
6297.9	1345.8
3620.2	796.27
5382.9	406.74
3797.8	905.73
3325	4084.7
872.21	2348.4
1105.4	3082.7
5991.1	1445.9
3187.9	402.82
1606.8	1146.6
3883	842.3
994.1	2145.2
4292.1	794.98
4093.9	338.94
5663.2	3109.8
4129.6	956.13
6323	3317.8
4069.4	4165.5
3207.1	941.19
6083	988.83
1848.1	1225
873.04	2331.7
5811.1	801.63
962.74	2156
1126.2	3031.4
2011.2	800.27
5848.9	823.09
2165.2	503.6
1725	1066.9
5847.9	3105.4
2415.1	963.74
5472.6	3292.7
5416.4	719.7
4083.1	1021
2407.4	33.064
4319.3	327.82
5911.9	908.82
5942.2	3272.9
2139	666.71
1756.9	3063.2
2582.5	501.41
5722.9	452.61
1994	1174
2850.8	4420.2
2154.6	3796.5
5168.2	1082.9
1555.9	3217
1545.4	1215.3
5942.9	3273.4
2098.8	3909.6
994.1	1816.7
5376.8	1142.5
846.78	2014.5
939.68	2319.1
5564.6	468.6
1730.6	3590.3
3428.7	917.7
5478.2	1226.7
5937	1478.8
5552.9	3599.4
6533	2330.7
898.31	2197.8
4672.1	3659.1
1785.2	1329.9
5207.3	3727.2
4713.1	986.41
1849.3	1301.2
855.83	2177.4
6191.3	2982.2
3004.3	913.26
1644.1	975.14
2839.2	339.73
2799.2	844.89
5841.4	3630.6
5899.6	3340.4
5385	401.16
2105.5	1095.5
1767.7	3079.6
5135.1	988.79
5844.7	3104.6
2155.7	2312.2
858.28	2162.5
5874.2	3325.2
1732.1	1339.1
1186.2	1830.2
2734.6	655.27
1687.7	931.28
3279.4	3697.7
1776.6	1356.2
6378.2	2002.8
1809.6	4436
3466.2	327.81
1717.9	3049.3
883.93	2400
2263.6	129.06
2340.3	3590.1
6435.6	2164.6
973.06	2884.4
1145.4	3023.3
5147.8	165.45
4649.2	371.97
4247.4	834.6
5573	3253.5
6072	3191.7
6546.9	2440.3
1039.1	2911.4
1525.6	4341.5
2248.9	3545.7
1471.1	1139.9
4333.3	424.58
6543.4	2333.1
5743.7	566.56
2089.9	1125.7
5764.2	3132.6
6183.2	2985.8
5565.2	846.77
1265.4	1903.4
5307.4	3408.2
4452.8	490.37
4644.7	4801.9
3884.4	873
4088.2	341.15
2638.8	943.21
5539.7	3335
5682.1	3106.9
6542.6	2314.1
1736.2	3588.1
5378.3	352.26
2439	1041
5029.6	4618.9
2329.7	1061.4
5233.3	657.42
2336.1	528.15
3985.2	785.66
5656.4	3370.5
5373.9	1145.6
6550.3	2462.4
3315.7	3760.4
966.8	2890.3
1771.1	968.58
5537.8	218.83
1624.5	4468.6
3853.4	380.84
1749.9	997.6
857.71	2601.6
1892.7	1263.6
5416	719.72
2012.8	840.08
1988.9	4179.5
3894.8	916.37
5879	1623
5917.6	1494.2
5717.5	3263.9
3107.3	306.25
6180.7	2986.7
2302.3	717.37
5897.8	3205.4
1514.5	1234.7
931.47	2276
1113	1868.8
6146	1026.4
5326.1	1118
1622.4	1071.7
3441.6	922.21
4691	966.74
3201.2	554.25
6315.3	1329.7
2147.4	1105.4
4444.6	490.89
5523.5	854.44
1593.6	1501.3
3192.9	583.7
1793.7	1134.1
6271.6	1122.8
4645.8	3972.3
4898.7	4693.4
4609.9	268.18
4941.7	741.68
2301.7	1111.5
6137.2	1410.4
3085	300.29
1148.5	2897.2
3782.4	906.84
4245.8	4580
5564.1	469.68
5384	3316.8
2435.7	615.53
5413.1	1165.1
3586.9	828.92
969.97	2143.5
5952.6	841.89
3058.8	3721.1
6141.1	1011.1
1758.7	1345
3591.1	827.27
6141.4	2336.4
4636.2	386.94
4296.1	3464.4
3892	420.9
927.6	2991.9
2123.7	1141.5
3006.8	909.08
3219.4	945.42
1519.1	750.45
3668.6	803.87
1993.3	1237
2266.8	1088.1
2735.5	549.64
6410	2917
5036.7	811.09
846.29	2010.4
2342.3	519.19
5693.9	3259.1
5520	4466.5
6530.2	2347.5
5128.8	896.52
2147.2	3416.1
4881.7	3900.1
3918.8	859.21
2703.6	670.27
2656.2	959.82
5333	3684.9
889.72	2681.5
1659.3	2348.9
2172.5	1149.2
6541.6	2313.8
2794.9	935.74
5541.8	4002.8
4106.5	348.4
5400.4	332.57
6128.6	1471.9
2883.1	979.9
6554.3	2401.8
3587.9	3627.8
6201.4	3140.2
1743.5	3997.7
990.65	2259.2
926.2	2126.5
5926.9	3510.6
1698.1	938.14
1746.7	3589.1
1464.3	1457.6
3503.9	238.44
2254.2	1057.4
3477	711.68
4322.3	561.66
1243.3	1529.1
867.28	2342.5
3627.2	826.06
902.87	2239.5
6274.1	2789.5
4363	899
5781.3	3396.8
3360.2	932.86
2712.2	87.557
6230.1	3504.7
5804.9	3140.5
1771.9	3605.9
5392.5	4655.2
3997.2	345.34
5806.1	3111
5618.8	3232.2
5990.8	3356.1
2523	989.83
1007.2	3101.6
3099.1	942.47
5998.2	1630.6
2751.9	546.37
3916.3	856.31
6552.9	2441.7
3470.2	287.33
5674.4	528.19
1765.4	1125.9
5283.1	1098.6
5204.9	1068.6
5322.6	172.75
857.93	2348.1
3006.8	3876.6
5562.1	3274.6
1373.9	3144
3514	324.34
5499.6	1262
1558.9	1208
5860.4	3362.1
5857.9	3848.8
2131.6	3790
2413.8	3789.3
6289.5	2776.9
2131.1	3974.3
5590	376.62
5955.3	1496.8
2886	1007.2
2337.7	4017.4
1653.4	1343
5539.1	2332.2
3525.3	917.29
5687.9	641.89
4268.6	3602.3
2650.4	977.77
1085.1	3074.4
4439.6	482.21
2157.2	3472.2
1024.5	2047.8
3390.9	3762.9
3946.7	376.89
1977.1	458.3
5439.6	833.71
5045.7	521.91
5794.8	3506.3
3490.6	4084.3
2008.6	1271.9
6536.3	2687.5
5162.5	1050.8
6418.9	2945.2
5879.4	794.22
5754.1	561.4
5840.2	1447.5
2318.2	4028.9
5803.4	560.48
3199.5	4365.8
5565.2	3273
2213.4	2309.8
2251.7	712.76
1845.9	893.22
4294.8	284.36
6298	2780.3
3805.5	372.37
6455.4	2181.2
2310.4	711.71
5725.8	1377.1
6330.5	3073.5
4653	3783.6
6075.3	3412.9
3474.9	729.01
2996.2	978.37
3877.1	406.78
6552.4	2461.5
1046.7	1849.1
6376.6	1996.1
6037.2	3527
5274.6	1164.8
4134.4	3505
5526.4	234.65
1775.4	967.06
3550.4	907.86
3463.6	3749.8
2769.2	4524.7
4329.9	385.99
3508.9	356.73
4755.5	3377.6
5362.2	1155.2
6107.5	1125.5
4028.3	4859.6
3540.5	797.11
2295.1	715.88
3325.9	3905.8
2195.3	475.52
5681.9	1203.9
1082	3278.6
3437.1	252.42
5671.9	1059.3
4647.8	14.049
1137.7	2966.7
6487.3	2529.7
5350.6	1258.1
2313.7	4012.2
4924.4	855.79
5144.1	431.68
2282.9	3694.6
5494.3	1202.3
6062.8	3547.7
5366.6	341.55
6337.8	2931.4
5296.4	1158.3
790.04	1914.6
4221.5	744
1904	3893.2
1120	2883.8
2402.6	962.4
2421.5	965.08
1735	3044.1
2004.7	915.8
5334.8	1060.9
2208.4	464.85
5798.3	577.15
5522.5	394.36
2760.7	538.39
5360.8	1252
2335.6	1047.3
2627	3633.3
6411	2658.4
4621.5	220.7
1817.4	659.4
4095.1	803.81
3061	3743.2
5739.7	3812.6
2093.4	3621.3
3226.2	3764.3
1958.8	3413.1
2701.5	537.61
5707.8	1333.8
3926.7	414.84
4486.3	469.65
5875.5	3328.3
6098.6	1000.7
845.86	2443.8
4294	864.71
6066.3	1478.4
2316.4	703.26
5461	1300.4
4630.5	458.05
4012.8	926.2
840.28	2549.5
2002.8	881.97
2710.8	3657.9
874.66	2755.5
1968.6	4151.3
1014.2	2848.4
3473.8	833.6
1661.9	454.7
6050.6	3557.1
918.16	1927.3
5511.2	1268.4
2994.4	973.92
6655.2	2296.7
6082.4	1471.6
4276.6	406.11
3167.5	3736.9
6464.3	1894.1
971.22	2180.1
1907.8	3818.8
838.04	2713
4782.4	3932.8
4404.6	442.2
5319.7	311.24
5913.6	833.34
4447.3	455.08
3422.4	3748.7
3407.8	254.83
5816.3	3089.7
5043	1018.8
3964.1	844.41
2609	3598.2
2185.6	1112.8
4707.1	951.11
3301.2	452.07
5389.4	352.98
2291.1	3566.8
5931.9	719.08
5563.9	3218
6026.9	3253.4
2378.6	610.08
4885.3	806.01
3491.6	4097.8
3278.3	4077.2
5452.5	1305.7
4442.9	456.28
2161.9	3448
4450.8	2289.7
3785.7	908.6
1734	3738
1590.3	3876.5
6465.1	2862.2
2090.4	955.18
4293.1	800.07
2027.3	898.63
3564.3	872.88
5426.7	421.51
4712.7	3919.4
3822.2	669.41
957.42	2886
2688.7	3675.2
4079.6	852.13
6184.2	1088.5
860.62	2164.3
1724.6	3704.9
859.54	2389.7
5760.1	1033.6
3144.4	3921.1
961.66	2224.4
5821.2	3368.9
2796.7	3944.4
2558.6	535.7
6432.2	2034
2446.8	1023.8
2616	990.41
5213.7	1116.7
2246.1	3546.9
5129.9	913.18
872.29	2718.4
2332.6	4020.1
2148.5	4033.4
5827.9	3269.3
1988.9	4175.3
2034.6	1283.5
3889.3	402.48
4317.6	4231.9
1758.5	4020.1
5807.5	568.51
6021.8	3214.5
873.46	2694.9
2995.3	983.16
3131.1	870.79
1658	1438
4618.5	3978.1
6284.9	3584.2
2529.2	3765.9
2625.5	3969.9
1939.2	166.33
4131.8	933.45
2754.7	537.05
5495.1	4289.8
4180.7	349.37
4042.3	891.79
2451.9	1003.6
1769.3	1276.2
2137.5	1110.4
3647.7	887.78
2850.3	3855.3
2167.6	1153.8
3422.2	892.5
6481.7	2948.2
3733.9	856.08
2561.5	908.35
6105	3225.9
1959.7	892.43
3947.7	800.88
5853.4	3467.9
4915.1	2299.6
3299	340.89
2853.1	3853
5216	678.85
2011	3936.1
4844.9	1036.6
1289.9	3226.9
1320.1	1800.6
2272.1	4062
3794.9	214.26
1013.1	2191.2
5671.3	1318.8
1750.2	2340.2
2901.1	333.93
6273	1332.2
5342	325.67
6550.7	2425.5
2308.8	1034.3
6421.3	1783.2
1255.3	3019
5810.9	3498.8
3365.2	389.57
2431.3	187.14
5764.9	3223.8
1662.5	2352
6406.4	1537.4
1965.6	870.16
5516.6	1234.8
2176.8	1121.7
5717.2	3155
3880.3	373.65
6059.2	1351.6
1561.9	3852.2
2218	3528
6424.2	1837.1
4206.8	849.84
915.54	1895.4
3206.3	374.77
1733.9	3794.3
2903.4	3721.6
3184.3	2276.5
869.99	2398.4
5305.8	3691.8
5935	3399.5
4448.2	473.35
4816.7	3330
4575.5	206.99
1529.4	539.16
1209.2	1755
6116.4	996.52
3438	917.98
5580.8	2330.3
5796.2	3228.9
4320.3	4885.7
1581	3239.9
6459.2	2572.3
3693.3	228.47
3299	443.21
4172.9	343.51
2317.6	3609.8
5735.9	3548.8
2576.5	661.51
1725.3	3776.2
1138.9	3035.4
4898	889.58
5567.1	855.61
5525.2	491.22
6184.2	1269.4
2138.3	3959.9
5599	1266.2
4021.6	923.82
6154.2	1074.1
2386.9	3585.1
2040.2	3904.1
5563.9	3443.7
3948.3	838.98
900.63	2857
3319.2	587.37
2467.9	747.47
4428.9	480.09
6456.5	2546.5
6277.4	3480.3
4938	1092
3897.4	389.8
2272.3	4060.9
2938.3	3726.8
2751.5	3623.5
897.32	2327.6
5515.5	1281.6
884	2718.5
882.84	2289.3
4128.1	930.53
3070.7	3776.5
5890.7	807.51
3134.8	868.93
6435.3	1815.1
6553.6	2320.6
5491.6	3163.7
3368.1	314.45
2182.5	3580.1
3390	3758.8
908.95	2277.9
5670	599.94
1710.4	3062.4
850.31	2401.3
2162.3	2315.9
4448.6	471.22
2250.5	622.11
4350.9	336.91
4420.9	853.42
5692.1	3350.3
965.15	2318.3
5971.2	3359
5837.3	3165
2094.1	920.83
4106	310.68
1655.4	3700.1
4187.5	4438.5
3298	3742.1
5249.9	1014
6329.5	3039.7
2043.7	797.31
1537.8	4144.7
2651.8	969.61
5773.8	3128.9
3729.2	849.62
2693.1	3894.2
2090.5	2316.8
2612.4	1111.1
2236	59.39
2466.4	1024.8
3169.2	3740.8
5825.8	1391.8
3292.2	125.23
1711.9	3303.4
5344.2	3314.2
2243.2	1073.3
6184.2	3164
3137.8	3783.1
5772	3334
5682.5	623.77
2240.3	3953
5092.1	3781.9
5422.3	603.36
6428.5	2171.8
3322.2	287.07
2280.4	1114.7
3752	828.84
911.79	2071.2
2158.9	3471.9
937.97	2205.8
2594.8	3613.9
6525.1	1896.2
2088	1167.9
1637.9	925.33
1735.4	1358.1
3987.3	4157.8
2906.3	3732.4
5134.4	3555.9
6298.1	3081.2
2653.2	523.75
6248.1	1495
5728.1	3431
4557.2	455.17
3390.2	3759.7
1000.9	2804.1
5164.4	263.55
1255.7	2394.2
3676.7	869.08
5915.1	699.58
1745.7	1024.2
4205.7	858.09
4651.2	3657.4
3849.5	830.78
3099.8	294.6
4094.5	1016.7
6554.7	2374.2
3836.5	833.7
6272.3	2797
6283.5	1234.4
1330.8	2390.7
1739.4	975.74
6367.2	1389.2
5621.9	3192
5106.7	2307
2587	3645.9
2074	3905.1
6330.7	2355.8
1143.4	1512.7
3309.8	3755.8
6122.9	1050.9
5199.5	310.72
4525	1092.2
2846.3	3669.8
6554.8	2341.7
5444.7	568.83
5651.8	3309.2
2485.3	1016.6
3955.2	769.47
1630.2	717.93
5394.1	805.8
5807	576.18
3103.9	4054.8
1651.9	3639.9
2904	978.27
3419.6	3701.8
6481.7	2215.1
3515.1	1016.8
1582.3	3458.5
3518.1	1001.4
3064.7	877.31
4978.1	3433.8
6110.7	860.44
5774.7	3334.1
2884.3	957.89
3442.2	279.62
2108.3	1151.2
1126.5	3022.6
5645.7	3316.9
5330.6	1150.2
6459.4	2571.7
4755.2	99.415
1802.8	3736.7
1572.8	2352.6
5304.1	3691.7
5077.4	3336.9
