4539.5	3375.7
2252.8	948.09
2252.8	948.09
4149.6	701.95
4539.5	3375.7
5616.3	2061.4
5941.5	1056.4
1771.5	1339.7
1488.2	1532
4149.6	701.95
1356.2	1667
2252.8	948.09
1047	1902.7
4224.1	4370.7
5437.6	234.63
3107.2	324.06
4913.5	882.61
3953.4	285.62
5654.3	1162.3
3422.2	3378.3
6399.3	1440.3
3354.5	239.1
2536.4	850.75
2616	909.04
2924.8	932.67
3038.3	916
1205.4	1438
5017	1084.9
4987.9	892.86
4915.3	882.39
4385.3	823.89
2616	909.04
4915.3	882.39
1377.7	1216.4
5285.8	710.03
4034.1	516.14
2924.8	932.67
4021.7	514.64
1442.6	1568.1
4199.3	3627.4
2797.6	332.96
2252.8	948.09
3750.7	272.05
6544.6	2314
2620.9	814.04
1377.7	1216.4
4709.4	1093.1
3567.6	3413.9
2620.9	814.04
1205.4	1438
1177.6	1516.7
5437.6	234.63
2620.9	814.04
5017	1084.9
4915.3	882.39
5310.9	702.27
874.64	2413.8
4915.3	882.39
6524.2	2521.9
1892.9	798.12
2616	909.04
6544.6	2314
2977.5	739.83
6134.3	1131.7
2616	909.04
1332.4	1661.1
3139.5	3386.6
5163.4	573.77
3354.5	239.1
4127	48.025
4556.3	608.56
1128.5	1591.1
2414.8	4180.7
3759.5	865.19
4385.3	823.89
1128.9	1590.4
2924.8	932.67
1284	2338.5
3669.1	762.72
5413.1	237.02
4199.3	3627.4
2924.8	932.67
3658.8	498.63
1451.6	1160.4
4135.6	191.45
2027.6	672.37
3359.7	305.39
1535.8	1085.5
1946.8	1161.4
1451.6	1160.4
4977.2	749.55
1391.3	1637
2190.3	981.09
1865.7	1317.8
4539.4	3389.5
5413.1	237.02
4840	936.07
2485.7	455.67
3713.1	288.21
3946.4	3387.4
5437.6	234.63
3691.4	215.06
3711.1	286.67
1730.5	925.51
2216	949.89
1304.8	1586.1
5575	444.01
5122.4	812.05
1399.8	1230.1
1728.5	929.35
1076.6	1973.5
3699.8	224.82
2588.5	670.93
2998.5	3386.3
1271.5	3763.9
2026	672.59
4996.9	755.93
3139.5	3386.6
3711.1	286.67
2179.1	837.39
2455.8	4577.1
2485.7	455.67
3699.8	224.82
2242	564.8
863.53	2590.6
4563.4	3379.1
5324.4	350.8
2190.3	981.09
2908.8	583.75
4730.7	657.61
4021.7	514.64
5122.4	812.05
4599.5	423.37
2069.3	909.52
1279.2	1700
4007.4	525.35
1451.9	1589.7
2895.2	585.8
3709	750.03
2293	192.72
1294.9	4079.8
4780.9	3857.6
874.05	1897.9
1279.2	1700
4034.3	295.16
3047.6	284.79
3709	750.03
1284	2338.5
5212.4	163.54
4021.7	514.64
2190.3	981.09
3662.7	514.29
3662.7	514.29
3460.8	506.9
1399.8	1230.1
3759.5	865.19
1279.2	1700
1535.2	1088.4
1399.1	1232.8
951.39	2352.4
4601.6	422.1
2588.8	671.11
1058.9	1969.5
4873.8	515.05
1429.3	1566.3
2081.3	704.97
1356.2	1667
2732	360.85
2179.1	837.39
2732.1	361.18
1399.1	1232.8
1429.3	1566.3
854.15	2561.8
2880.1	601.23
2880.1	601.23
3340	248.37
1279.2	1700
4567.6	613.06
1451.9	1589.7
1928.9	1247.7
2344.6	65.221
1322.5	1658.9
2351.3	3314
3277.8	931.97
6443.1	2583.6
4305	125.83
5437.6	234.63
3340	248.37
984.82	2026.8
2799.2	331.14
1019	2014.5
4012.5	246.22
4343.7	300.04
4628.1	372.99
3067.6	868.67
2732	360.85
5006	925.75
5554.8	438.77
3343.3	306.95
4027.8	284.83
1728.5	929.35
4102.9	772.22
4973.8	3324.5
1466.8	1515.2
1352.8	1631.7
1450.7	1143.3
1715.5	932.72
2156.6	681.74
1928.9	1247.7
2570.3	675.33
3939.7	3645.5
3682	265.98
1928.9	1247.7
2421.4	742.27
3682	265.98
5214.9	184.26
5267.6	691.75
3046.8	354.04
5111.5	597.65
1410.2	1393.8
6444	2579.2
1090.1	1965.1
6445.6	2576.9
1195.7	3254.4
6421.5	1482
3529.6	824.13
4223.4	541.53
3350	241.12
984.82	2026.8
5474.8	231
2499.3	505.65
4358.5	303.28
4452.2	4146.6
4102.9	772.22
2392.5	445.38
1928.9	1247.7
2588.6	65.858
2880.1	601.23
1637.5	1456.6
3335.4	3572.8
3695.1	222.4
1299.5	1349.5
3711.1	286.67
6230.6	1124.5
6444	2579.2
1928.9	1247.7
5281.6	719.73
3323.9	3698.7
4628.1	372.99
1340.3	1306.9
3946.4	3387.4
927.92	2153
2064.8	662.34
2067.5	697.02
4803	75.19
5468.9	252.61
3342.4	248.88
5117.7	611.85
6569.2	2386.9
3668.7	498.11
4836.6	426.12
3067.6	868.67
2064.8	662.34
1928.9	1247.7
1038.2	1950.3
4992.5	754.53
6473.9	2561.2
3340	248.37
3667.7	519.6
880.37	2693.1
1195.7	3254.4
1470	1107.2
4531.3	3400.2
5440	234.3
1193.3	1508.5
6000.7	863.4
4135.6	191.45
1474.3	1152
2455.6	974.91
1602.3	992.66
3663.4	514.97
6230.6	1124.5
5186.3	212.44
1928.9	1247.7
3277.8	931.97
6481.1	2575.8
3702.1	255.53
1213.3	1468.2
4978.8	970.11
2068.8	692.57
1865.7	1317.8
1341.1	1312.7
1928.9	1247.7
3043.9	705.28
1928.9	1247.7
1928.9	1247.7
3277.8	931.97
3342.4	248.88
4294.3	3826.8
2156.6	681.74
6443.6	2593.8
1952.8	4157.4
843	2201.7
2711.6	3897
2195	965.96
4432.1	4146
3694.3	230.96
4631.2	410.94
3607.9	4371
6402	1441.4
1053.3	3138.7
1151.1	1568.2
1032	2025.8
2137.1	78.377
6512.8	1872.8
877.12	2176.2
4045	258.41
4624.9	371.26
1102.1	1635.6
1580	1108.8
1555.6	555.4
2419.9	38.292
4316.3	300.46
6230.6	1124.5
1340.3	1306.9
3277.8	931.97
2770.4	364.87
5206	294.24
2554.6	682.02
1058.9	1969.5
4624.4	371.69
4706.1	1078.4
1865.7	1317.8
5111.5	808.05
4602.3	954.57
1928.9	1247.7
4567.7	3371.1
3296.9	841.6
1295.3	2290.2
5042.4	1055
5538.2	323.7
4315.4	301.35
1145.5	1567.3
5311	341.97
3277.8	931.97
1333.7	1277.8
3345	222.52
1374.3	1252.2
1038.2	1950.3
872.96	2165.2
1474.3	1152
929.11	2200.9
4241.1	541.81
2971.8	752.56
2466.4	993.74
4567.6	613.06
6230.6	1124.5
1102.1	1635.6
1146.2	1566.9
3286	844.5
6230.6	1124.5
2236.7	1027
2298.1	503.43
1463.1	1195.5
1090.1	1965.1
4831.1	3723.9
2224.1	942.86
3286	844.5
1016.3	1895.1
5556.8	429.77
5211.3	128.49
2246.8	557.73
5443.2	315.26
6064.9	2963.9
4368.6	328.42
5437	205.26
2163.7	231
4539.4	3389.5
6443.6	2593.8
1580	1108.8
1374.3	1252.2
1131.4	1241.8
2065.6	661.89
6230.6	1124.5
4631.2	410.94
4316.3	300.46
2156.6	681.74
1193.3	1508.5
3357.5	247.16
1902.1	844.86
3065	346.51
1145.5	1567.3
3482.3	786.4
4884.3	1032.5
3277.8	931.97
5287	4213.2
4902.2	492.25
6230.6	1124.5
4586.1	3779.4
2464.9	740.42
901.49	2296.3
3058.1	273.55
2037.8	237.17
1145.5	1567.3
3473.8	691.88
1250.1	1123.9
922.76	1858.1
4092.8	3848.4
2834	924.26
4645.5	386.15
4943.8	3613.1
4221.6	528.65
2922.8	853.96
4371	332.77
2554.6	682.02
1011.3	3205.7
1354.9	1285.6
3170.7	774.75
5287	4213.2
3665.4	236.23
6568.8	2487.4
4567.6	613.06
2968.6	720.52
5311	341.97
4992.5	754.53
5555.4	422.6
1912.5	1294.9
4978.8	970.11
2298.1	503.43
4868.3	482.04
4831.1	3723.9
4949.1	821.96
1399.1	1232.8
5372.6	290.8
4700.7	935.36
2018	1175
1580	1108.8
5556.8	429.77
4316.3	300.46
2927.6	822.93
4164.6	3569.4
4586.1	3779.4
3278.8	892.49
2392.5	445.38
3358	849.39
2598.6	683.43
5053.8	3653.5
1619.1	983.67
1361.8	1289.1
4620.3	805.8
5095.4	638.97
4164.6	3569.4
4612.9	391.22
2927.6	822.93
2971.8	752.56
1292.3	1601.9
3496.6	3381.7
4368.6	328.42
3833.5	746.85
1250.1	1123.9
1077.6	1663.5
4206.9	3628.9
5703.8	2059
2371.4	1059.1
4874.4	3514.8
4709.9	652.72
3846.5	744.92
2242	564.8
2740.9	364.36
1054.5	1971
5468.9	252.61
3702.7	257.37
5186.3	212.44
1026.2	2019.6
1010.5	1992
5569.3	432.28
3961.1	4494.2
1619.1	983.67
4700.7	935.36
1328.2	927.42
5556.8	429.77
1507.3	701.83
3358	849.39
3339.5	3888.3
1874	466.15
1864.1	3497.7
5703.8	2059
1605.7	3205.8
3022.5	3620.8
4645.5	386.15
4442.2	3591.4
2725.8	344.74
945.63	2133.9
5287	4213.2
955.15	2144.7
961.65	2075.4
1292.3	1601.9
2469.3	995.12
1739	1337.6
2112.6	1213.6
5128.6	1022
984.16	2107.4
1874	466.15
5100.9	832.15
2156.6	681.74
3123.6	300.48
2281.8	956.11
1780.5	1365.4
4092.8	3848.4
1739	1337.6
4818.2	85.859
1464.5	1163.7
1367.8	1218.1
5311	341.97
2428.6	23.307
1739	1337.6
3160.8	3665.5
1867.8	1147.2
854.11	2553.9
984.16	2107.4
4460.5	3594
5111.5	808.05
1975.3	606.09
822.62	2230.3
6456.4	2576
3357.5	247.16
5561.7	438.64
2531.2	864.53
1333.7	1277.8
1026.2	2019.6
5973.8	1116.8
4189.8	3625.3
2498.8	474.02
4918.2	440.7
1821.6	1341.8
6230.6	1124.5
4189.8	3625.3
2587.6	970.89
1292.3	1601.9
4027.4	3636.6
1236.8	1662.6
1568.6	1044.1
4216.2	576.87
2371.4	1059.1
4543.3	370.21
2917.9	817.47
3417.5	510
3019.5	3622
4135.6	191.45
1722	3312.7
5482.7	469.36
955.15	2144.7
1763.7	1073.3
3702.1	255.53
2917.9	817.47
1748.4	571.79
1676.9	908.88
4192.6	3626.4
5703.8	2059
2130.1	648.76
4978.8	970.11
4750.3	54.193
1160.7	1811.2
4685	872.67
3890.5	744.7
5527	415.09
4683.1	953.75
4192.6	3626.4
1506.9	1114.2
1182.2	1809.7
5448.1	432.21
6518.2	2489.6
3102.2	663.05
1778	369.8
2385.9	3455
4203.2	551.57
4301.4	890.47
3939.2	265.66
5484.4	348.94
2070.5	625.07
2532.8	4585.7
1739	1337.6
1161.9	1526.2
1739	1337.6
834.23	2595.8
4924.6	567.06
5185	204.26
2161.2	4542.5
1340.3	1306.9
3776.7	308.98
2901	625.43
2719.8	3678.8
5095.3	271.89
1970.7	3825.7
4924.6	567.06
3572.2	866.15
2130	645.28
4924.6	567.06
1857.3	3318.1
6571.3	2357.9
4544.5	374.68
3789.9	3991.4
1837.7	397.62
2179.1	969.64
2739.9	931.26
4620.3	805.8
3116.3	3396.8
5114.7	812.98
2108	1217.1
2266.3	205.35
2130	645.28
983.72	2037.1
2211.4	231.85
1426.1	1190.5
5670.9	683.36
1739	1337.6
5107.8	811.4
4924.6	567.06
1469.6	1526
1568.6	1044.1
1361.8	1289.1
5140.6	227.74
5628.4	545.71
4989.2	862.06
4217.6	3632.6
1536.1	522.27
1252.6	1131.9
2740.9	364.36
5467.4	3884.8
1452.2	1181.9
1531.8	1055.4
3702.1	255.53
1026.2	3210.7
3334	4124
1804.4	1240.8
4281.4	3614.8
4673.3	3556.1
1010.5	1992
5140.6	227.74
5457.8	446.26
1111.6	1149.2
1427.3	692.4
1161.9	1526.2
2635.4	884.93
5164.5	734.45
4135.6	191.45
901.49	2296.3
5697	2256.4
2886.1	861.2
4389.6	3813.1
881.19	2591.7
4985.5	3789.5
3910.5	3705
6230	3037.1
4135.6	191.45
877.81	2628.6
4179.7	4082.7
951.39	2352.4
5193.1	3713.5
4678.4	3557.3
2834	924.26
4432.7	815.83
2655.5	828.87
4533.3	623.33
843.55	2213.9
6405.4	1897.5
2281.8	956.11
2834	924.26
1835.9	385.09
3683.4	256.65
1568.6	1044.1
4892.5	466.92
2163.7	231
3947.7	3756
2130.1	648.76
5308.9	674.29
843.55	2213.9
4706.8	684.04
5266.2	643.88
3444.8	516.32
5278	663.01
2188.9	1041
2693.3	14.89
5564	429.77
5087.5	1073.7
991.49	1613.3
2823.6	837.01
4389.6	3813.1
1426.8	1240.6
1114.9	1601.9
2273.7	574.24
1241	1451.7
2270.6	199.02
1463.3	1134.9
3636	3994.9
4612.9	391.22
4105.2	3743.5
1679	527.22
2719.8	3678.8
1319.3	1315.4
4179.7	4082.7
4049.9	527.71
4592.1	375.66
4989.2	862.06
4476.9	3596.9
4213.8	573.03
2689.1	957.69
5114.7	812.98
1821.6	1341.8
1057.4	3156.4
1124.4	1565.2
3463.2	747.13
5757.2	501.38
961.51	1867.3
2137.7	55.498
889.55	1957.3
5409.5	408.87
4632.5	4249.3
5266.2	643.88
4711.3	658.12
6230.6	1124.5
1057.4	3156.4
3889.1	746.83
2078.1	675.57
3572.2	866.15
2264	618.53
4706	681.59
892.85	2607.1
4612.9	391.22
891.01	2603
5023.4	588.8
4189.8	3625.3
4645.5	386.15
3444.8	516.32
4546.5	3391.7
2985.4	820.75
4931.8	176.02
1114.9	1601.9
5077.8	3761.2
2137.7	55.498
2727.9	1016.2
1420.7	1496.3
2560	451.96
2719.8	3678.8
2804.7	424.36
4979.5	117.99
5105.3	269.37
2815.5	997.1
6545	2343.8
1837.7	397.62
4675.4	3557.2
2270.6	199.02
3354.5	239.1
970.2	2074.2
1162.3	1482.6
4612.9	391.22
1401.4	1215.5
5121.4	1024.4
2719.8	3678.8
4979.5	117.99
1628.5	3373.4
1319.3	1315.4
1507.3	701.83
1197.8	1516.3
5087.5	1073.7
5209.7	161.32
4442.2	3591.4
4774.9	112.1
3707.3	848.23
2184.9	4481.8
2519	1134.8
4678.4	3557.3
5180.6	153.27
3235.2	806.29
1745.7	571.68
1807.1	417.86
1328.2	927.42
2236.9	221.85
1319.3	1315.4
1028.2	2065.5
6481.1	2575.8
1425.6	1240.7
3856.2	785.01
4707.4	688.2
4116.4	3426.1
4861.3	609.11
2519	3964.2
3405.5	130.33
6386.4	3453.3
4661	3762.4
2194.5	1158.6
855.69	2534.4
2601.7	929.87
2003.6	283.47
4442.2	3591.4
2173	140.98
5186.3	212.44
5141	580.5
2074.6	894.5
1324.4	1646.5
4517	900.74
3055.6	317.33
4318.6	3679
3896	3581.6
4679.9	3556.8
5100.5	838.36
1821.6	1341.8
4197.2	548
2082.2	1094.1
1772.3	546.26
5568	423.48
977.77	2084
2922.6	4089.6
845.6	2278.9
944.91	1412.3
855.69	2534.4
2015.9	361.56
3636	3994.9
4420.6	813.1
6237.2	1233
878.78	2095.4
4454.4	3926.2
1823	3312.6
4612.9	391.22
2443.6	915.65
977.77	2084
2068.6	655.29
6350.1	1945.4
6562.6	2581.5
5487.2	475.93
6304.5	1718.7
4897.2	889.33
1866.1	1250.9
1788.7	1253.4
6544.9	2342.1
4897.2	889.33
1469.6	1526
4049.9	527.71
2689.1	957.69
865.04	2164.9
4105.2	3743.5
3808.2	3986.5
982.03	2055.6
6554.4	2506.3
843.55	2213.9
982.03	2055.6
5635.9	3903.2
1821.6	1341.8
911.34	1885.2
2228.9	1024.3
3358	849.39
6504.5	2542.7
4267.9	777.33
4931.8	176.02
5501.6	3897.8
6222.3	3642.9
4985.5	3789.5
1695.4	4044.7
2652.1	37.8
6155.8	3150.2
2917.9	817.47
3334	838.39
4566.7	3638.6
3752.8	906.13
4592.1	375.66
2531.2	864.53
4517	900.74
3146.1	848.67
1933.1	1111.7
1761.7	3713
1626	969.55
5138.8	219.29
4753.1	53.793
1473.4	3957.9
3358	849.39
5368.9	347.75
3040.5	832.8
1611.3	2304.8
4753.1	53.793
961.65	2075.4
4711.3	658.12
3650.3	532.22
4979.5	117.99
1124.4	1565.2
1324.4	1646.5
2420.5	22.398
4790.1	632.94
861.93	2310.9
4073	3431.5
896.11	2220.4
2488.5	4678.6
2953.1	3558.4
6553.1	2506.9
5471.3	346.39
4657.3	3767.8
1036.6	1755.1
3631.8	3383.8
1434.5	1530.5
3108.1	861.37
1557.8	3229.3
2051.8	225.61
1602.1	1040.3
3443.3	547.42
3631.8	3383.8
3358	849.39
1135.9	1537.1
2175.8	223.61
4452.2	4146.6
5135.8	201.19
4891.6	3469.2
5471.3	346.39
1197.8	1516.3
1820.1	1274.1
4208.5	3688.5
1156.5	1342.9
1790.3	417.68
1482.9	1547.1
1460	1179.2
2250.9	179.92
970.2	2074.2
1837.7	397.62
962.65	2828.1
927.92	2153
6517	3119.3
1170.4	1302.5
6432	1981.8
5667.1	531.26
834.23	2595.8
1004.5	1978.3
4876.3	962.91
4979.5	117.99
5087.5	1073.7
1460	1179.2
2175.8	223.61
4981	3545.7
2477.5	1165.5
850.49	2223.6
1820.1	1274.1
3923.2	3621.4
3280.4	802.29
4442.2	3591.4
3530.9	3360
5114.7	812.98
903.45	2257.1
2302.8	993.81
1820.1	1274.1
1142.1	2863.5
2640.2	3509.1
861.93	2310.9
3361.1	751.45
1028.2	2065.5
4204.5	3685.6
1015.3	1952.9
4592.1	375.66
4214.6	3736.1
865.04	2164.9
4811.2	973.59
1383.3	3194.2
2078.1	675.57
3808.2	3986.5
2250.9	179.92
4583	352.2
4688.6	1109.8
4135.5	3963.7
1450.2	1506
4138	3969.4
1201.6	1844.9
1821.6	1341.8
3889.7	761.59
5164.5	734.45
4623.3	4005.2
2212.5	140.28
2602.1	912.09
4001.6	701.83
1147.9	2917.2
3116.1	821.23
3441.9	549.64
1380.2	2865.2
5368.9	347.75
2013.5	319.52
1009	1628.9
6432	1981.8
2046.3	231.03
1383.3	3194.2
2559.1	3743.9
3045.9	273.63
5975.1	1078.8
2194.5	1158.6
6011.8	698.07
3995.2	3976.8
1264.6	1701.9
1450.2	1506
3816.1	3724.5
4026	4099.1
920.82	2163.4
1821.6	1341.8
1965.1	1194.4
3808.2	3986.5
3302.6	783.71
1861.8	3684.7
6471	2511.4
4610.5	3904
5556.8	4490.3
6579.3	2371.5
4554.7	875.45
1048	2756.4
1626	969.55
4816.3	3868.1
5203.7	107.45
2757.4	889.88
896.11	2220.4
1680.7	1375
3808.2	3986.5
2064.6	886.57
1611.1	3463.4
1543.7	1103
2777.1	884.47
4816.3	3868.1
5035.9	4432.6
4761.2	939.06
4060.6	3788
909.34	1925.1
920.82	2163.4
5032.2	167.86
5500.9	233.32
1476.1	1162.1
1821.7	1277.4
1457.7	1151.8
6530.7	2419.8
1479	804.89
3008.2	799.62
3935	3705.9
2148	4509.1
4738.8	3544.7
2599.2	59.018
2701.8	439.04
4738.8	3544.7
1472.8	1536.1
4476.9	3596.9
4907.9	3515.3
2216.8	1099
1333.7	1277.8
3049	928.93
2234.1	189.44
4024.7	4028.5
2600.6	56.069
6290.2	2968.3
3636	3994.9
6456.2	2070.4
1821.7	1277.4
3334	838.39
2194.5	1158.6
2216.8	1099
2200.4	572.21
4361.1	793.27
4712.4	3610.3
4831	417.45
927.92	2153
4592.1	375.66
2654	894.99
4632.5	4249.3
4891.6	3469.2
2211.4	231.85
4785.9	279.35
3074.3	871.56
2419	39.816
1688.3	3446.1
6195.9	2841.3
1716.2	1381
5990.1	3183.5
1832	1016.5
1543.7	1103
2153.4	1125.4
1067.8	1955.3
2200.4	572.21
3905.9	3586.4
1195.7	1623.6
2192.6	213.23
1207.8	1197
908.19	2202.4
946.31	2149
1314.7	3222.5
1469.6	1526
2806.9	909.33
938.33	2177.3
4453.6	3924.2
3939	3392.1
1093.6	1627.2
4295.2	3957.9
3358	849.39
1144.4	1592.8
4180.9	4209.8
1866.1	1250.9
5868	3391.9
859.1	2190.9
5449.9	313.76
2762.6	384.11
1129.1	1619.2
1288.6	1509.1
1626.8	945.82
1129.4	1563
1457.5	1151
5568	423.48
2834	924.26
890.51	2581.5
3654.9	541.61
5504.8	232.91
1735.1	570.36
4712.4	3610.3
3334	838.39
3155.1	3839.2
2082.2	1094.1
6470.4	1622
1129.1	1619.2
6011.8	698.07
1717.2	501.65
4007.7	3578.7
3995	753.34
4841	614.07
1079.3	1343.1
4738.8	3544.7
834.53	2329.1
1871.8	2265.5
2768.8	863.27
940.31	2188.7
1060.1	1376
2361.7	716.93
1717.2	1381.9
930.07	2160.7
5947.1	3538.2
2421.4	742.27
3643.7	4383.7
1520	3401.2
5066.6	4581.9
1805.6	1242.1
1820	1274.5
5868	3391.9
4295.2	3957.9
5181.4	172.22
2953.1	3558.4
3567.6	3413.9
5500.9	233.32
2804.7	424.36
2600.6	56.069
1119.8	1367.3
5073.7	487.16
2200.4	572.21
4324.3	3548.3
3269.1	778.42
2192.6	213.23
5353.8	367.65
4874.4	3514.8
890.69	2100.2
3987.6	3969.8
4806.2	3842.7
2706.7	930.79
2211.4	231.85
3901	762.13
6506.3	2542.9
2992.2	3415.3
6494.9	2552
863.4	2589.5
4203.2	551.57
920.82	2163.4
6378	2665.4
4105.2	3743.5
2175.8	223.61
5126.7	565.39
6495.3	2551.4
3567.6	3413.9
1417.2	1340.6
2829.8	849.38
5203.7	107.45
5121.4	1024.4
5010.1	238.59
4625.4	3686.5
4420.6	813.1
2743.4	3369.5
3344.7	317.13
913.64	2685.5
2082.2	1094.1
981.6	2030
1335.6	984.33
3359.4	780.58
1502.4	777.9
4194.2	790.75
1423.1	1530.9
5032.2	167.86
1624.1	3367.4
2991.5	823.97
1119.8	1367.3
4945	1007
6556.4	2329.7
2583.1	916.08
4106	756.41
1228.8	1697.5
3186.9	787.43
3840	735.08
902.59	1906.7
6420.3	3342.9
3186.9	787.43
2345.5	3306.2
4897.2	889.33
5652.8	2331
1147.9	2917.2
2768.8	863.27
2521.4	4532.8
4708.1	3609.3
2420.5	22.398
3636	3994.9
5320.4	3699.1
902.16	1979.9
1075.1	1319.1
2296.8	1010.4
1314.7	3222.5
2432	33.622
3186.9	787.43
936.7	2254.2
4640.3	3508.2
2420.5	22.398
4901.1	949.5
3344.7	317.13
1443.7	1155.2
1641.6	1311.1
4897.2	889.33
6524.2	2521.9
1075.1	1319.1
5116.6	799.78
1799.2	1288.5
3708.2	732.02
1423.1	1530.9
2240.4	87.378
5868	3391.9
2992.2	3415.3
5032.2	167.86
6508	2335.1
1864.1	3497.7
5433.9	285.52
2661.4	4656.7
4815.5	3868.8
2768.8	863.27
1099.7	2007.9
890.69	2100.2
4190	83.173
1735.1	935.82
3304.9	838.05
2324.5	223.85
5100.5	838.36
2571.8	69.42
1816.7	403.32
4977.4	766.26
1844.1	455.98
2834	924.26
3634.5	487.56
1318.3	860.89
2602.1	912.09
3342.6	229.35
6559.8	2480
1748.4	4359.1
1557.2	1452.7
4537.7	848.88
2250.5	576.22
1873.6	200.45
968.95	2035.2
4848.3	953.58
3817.2	3975
5060.1	3789.1
3884.3	746.32
1713.6	911.69
1388.3	3198.4
3600.8	4039.6
934.35	2136.2
5369.5	348.68
1185.2	1497.3
1345.4	1658.8
4630.2	359.53
5075.1	490.71
2914.1	817.86
872.89	2134
1717.2	1381.9
5502.8	266.47
4524.1	848.7
1026.7	3073.3
887	2216.2
1274.3	1130.8
3933	3851.3
1327.6	995.77
1093.6	1627.2
4666	3890
3483.9	765.51
1110.4	1945.4
4052.4	776.84
2346.2	168.82
1026.1	1905.5
2834	924.26
6569.3	2466.9
4601.2	844.92
4322.5	3940.7
3817.2	3975
2334.5	995.47
3186.9	787.43
4897.2	889.33
1493	740.37
4524.1	848.7
2147.1	241.17
4973.8	759.49
3896.9	737.76
4986.8	772.96
2345.5	3306.2
5068.8	59.611
2768.8	863.27
1994.2	1178.3
864.74	2659.7
952.66	1718.5
5146.8	3757.2
3602.2	4038.6
936.7	2254.2
1603	3463.3
6468.1	2361.7
5003.3	211.68
3058.1	273.55
1676.5	3756.6
6077.6	916.6
1110.4	1945.4
5168.9	730.29
4474.2	3653.7
880.35	1875
3430.4	530.03
3078.1	3820.6
4518.5	3940.9
5127.6	3927.4
1445.5	1226.1
4201.6	3744.3
3269.6	908.28
5433.9	285.52
3890.5	744.7
1018.3	2032.3
1410.7	1568.5
3143.1	3398.5
2226.9	4065.9
2175.4	223.26
5133.4	4069.4
2101	4678.6
1164.4	1275.1
3846.8	761.6
4190	83.173
2602.1	912.09
4212.9	3733.3
3719.4	741.6
4838.3	4188.4
2273.4	948.01
2648.3	817.88
939.87	2146
3814.2	4038.2
4268.5	802.64
946.99	1738.3
917.12	2255.8
1460	1179.2
3890.5	744.7
3188.9	812.89
1676.5	3756.6
5199.6	22.335
5114.7	812.98
2097.6	167.63
3428.4	828.76
1799.2	1288.5
5036.4	3783.4
6515.9	2508.8
935.88	2695
2661.4	4656.7
4434.6	815.52
3358	849.39
5371.6	4643.8
3719.4	741.6
1823.1	1020.6
3333.3	4425.4
2757.7	868.96
4114.4	764.98
3901.2	3770.1
4852.8	977.41
3274.8	902.6
1439.6	1243.6
2055.6	662.22
4838.3	4188.4
4420.6	813.1
2706.7	930.79
5525.7	4052.1
2247.6	77.513
4708.1	3609.3
3264.6	3371.3
5558.7	416.13
4949.8	4633.9
1101.4	1591
864.74	2659.7
1815.5	1247.9
4872	918.47
6533	2399.9
5287	201.47
5127.6	3927.4
3096.7	3382.8
2626.5	3498.5
3634.6	760.5
3529.1	742.86
4205.4	768.59
4537.7	848.88
1865.2	477.19
1614.4	1225.8
5275.2	3684.9
4613.6	4236.2
6533.2	2399.9
915.46	2753.1
4044.6	506.54
3174.5	791.73
1644.6	1387.6
3912.5	3758.1
4998.9	1036.7
4633.3	3886.3
1522.3	1065.8
1038	2020.1
1695.4	4044.7
3615.5	4028.3
4481.3	3906.1
1736.2	978.27
4713.8	641.98
5353.8	367.65
1180.6	1750.7
2923.3	609.15
2348.6	995.46
3592.7	3414.2
5371.6	4643.8
936.49	2699.7
4613.6	4236.2
2922	808.31
1955.5	3457.9
927.92	2153
1783.9	505.73
5864.8	525
1695.4	4044.7
1147.2	3746.8
940.31	2188.7
5449.9	313.76
4630.4	3885.1
5372.6	290.8
5688.3	542.12
3906.4	3719.4
5141	1186.8
2673.5	64.832
1384	3406.2
3983.9	3965.8
4740.1	3545.7
5262.3	74.924
4976.1	4136.2
3702.4	205.95
4322.5	3940.7
4760.4	4059.8
1065.6	3186.3
5568	423.48
1824.2	472.71
6358.5	3081.8
5964	3165.9
4588	361.49
5362.3	435.11
4377	817.08
1345.4	1658.8
895.07	2086
6636.9	2478.1
1937.5	444.71
4165.4	3976.6
4630.4	3885.1
860.9	2159.6
1783.9	505.73
4213.2	4000.7
2359.3	166.85
1178.9	1556.8
5683.4	516.09
5003.3	211.68
4687.1	1124.3
4601.2	844.92
5003.3	211.68
4106.6	756.59
1783.9	505.73
3976.5	4023.1
2250.9	179.92
1314.5	1686.5
1147.2	3746.8
2356.5	319.94
1547	1045.8
6382.6	3433.9
1109.5	3521
1134.8	1975.9
1439	1080
1273.8	1417.8
5930.5	684.8
5841.5	4070.1
3635	4040.9
3648.2	3997.6
1699.3	499.23
6068.3	891.65
6516.7	1889.9
3649.5	763.42
1996	1180
2905.9	574.87
3740.9	3413.4
3751.2	3697.6
1492.3	741.66
4014.4	3976.1
1626	969.55
5053.5	101.29
5032.2	167.86
1731.7	370.86
1422.6	1238.3
945.13	2259.6
936.7	2254.2
3752.8	906.13
3684.5	759.09
5096.2	1068.4
2521.4	4532.8
1901.2	241.33
4301	3666.9
3078.1	3820.6
5502.8	266.47
2914.1	817.86
3269.6	908.28
1360.4	2852.1
3719.4	741.6
1701.7	1393.3
5603	1952.1
3365.2	243.43
1038	2020.1
4588	361.49
3900.6	779.04
4341.7	4568.5
5642.8	715.87
5864.8	525
1402.2	1572.5
882.61	2249
2007.3	355.69
5914.6	3985.2
1314.9	3217.7
1404.1	847.48
925.88	2266.9
2484.2	930.51
5265.4	3710.5
1371.5	868.73
6524.4	1904
1686.1	4052.4
2922	808.31
4192.6	3703.7
4522.3	690.53
2706.7	930.79
1329.6	1672.4
6517.2	1843.6
2247.8	549.29
892.83	2221.4
1025.3	2039.1
5259.7	220.73
5302.5	682.15
3846.8	761.6
1343.9	804.21
6517	3119.3
6523.5	1871.3
5511.2	4049.7
6512.6	2531.8
1673	521.79
6371.9	2998.4
1944.2	297.79
1823.9	1272.8
4953.8	3779.8
858.92	2612.7
1839.3	390.55
1438.2	1060.8
6636.9	2478.1
968.95	2035.2
5096.2	1068.4
883.21	2282.1
2149.4	3835.7
1800.9	520.67
6540.7	2302.2
2211.9	118.77
2249.6	214.09
4623.4	3882.1
4224.6	127.15
1065.6	3186.3
4993.3	154.22
867.65	2155.3
1109.5	3521
3896.9	737.76
1427.1	4260.7
869.93	2565
2151	4498.2
2488.5	4678.6
4052.2	775.08
1313.2	1390.9
2550.5	533.83
5524.2	225.93
2385.9	3455
5269.1	65.389
5515.3	372.51
1470	1107.2
3808.2	3986.5
905.74	2192.2
5265.4	3710.5
1330.2	1485
3333.4	3882.2
2953.1	3558.4
2080.2	319.87
2277.6	726.21
5433.9	285.52
6181	1013.8
3269.6	908.28
840.95	2415.2
2922	808.31
3615.5	4028.3
2729.1	3383.5
4014.4	3976.1
3764.4	835.46
1731.7	370.86
3035.2	4342.2
1547.4	3260.1
6408.2	2620
5242.5	2224.5
1523.4	1021.8
3632.7	485.42
3827.6	3431.1
1273.8	1417.8
3628.8	3699.5
3827.6	3431.1
6420.3	3342.9
1348	1276.2
1025.3	2039.1
3469.4	537.84
3955.3	3382.4
3394.1	3864.1
2922	808.31
1696.1	1006.7
2633.7	1112.1
3034.1	934.27
1261.3	1431.1
1629	1014.9
1304.9	1314.6
6524.4	1869.2
877.93	2628.6
3903.7	764.52
3143.1	3398.5
941.39	2126.1
2184.9	4481.8
888.74	1847.4
4134.7	558.41
5262.3	74.924
1447.6	1225
4033.5	4017.7
1234.7	1591.6
4623.4	3882.1
1384.7	1195.2
1625	1028.9
1751.7	1302.3
2018	1175
869.93	2565
6441.3	2723.1
3713.1	288.21
1320.7	1357.1
2616.4	1021.3
1449.7	1083.7
4629.7	323.6
6381.7	3047.9
2086.7	291.16
1726.7	981.34
2114.2	3363.3
2064.6	886.57
941.39	2126.1
1738.3	998.41
4800.7	3890.3
3633.8	3704.9
1631.6	1099
4719.1	3855.8
6289.1	3627.2
3067.3	4335.4
2293.4	4239.8
3021.5	3693
961.93	2767.1
5274.8	4201.1
4170.4	4012.8
1905	1081.1
2451.1	4605.4
3575	3431.1
3846.3	784.68
4977.8	613.88
4048.3	4504.2
1106	1907.3
1751.7	1302.3
6525.1	2479.2
1288.6	1678.6
5280.2	323.95
5459.1	288.82
1015.8	3066.2
1314.7	3222.5
1449.7	1083.7
842.59	2287.7
2477.9	1171
4161.4	3952
1263.8	1101.3
959.66	2069.6
2216.3	288.46
2975.4	3357.6
1174.7	1119.7
4353.7	3983.4
3520.4	4005.1
5753.9	4075.8
963.55	2093
5096.2	1068.4
3393.4	784.08
4062.4	3575.4
2473.6	934.47
5038.5	55.779
2148	4509.1
5308	3886.1
4984.8	958.37
4920.4	1067.3
5118.9	1017.5
5437.5	280.13
5280.4	360.68
961.93	2767.1
3713.1	288.21
1077.9	1956
5114.7	812.98
4617.3	3880.2
4524.6	3580.8
2334.5	995.47
4487.9	3643.8
2995.7	802.59
1260.7	1738.2
3973.5	238.29
2483.5	416.25
3771	3711.4
4670.6	881.19
2341.1	972.66
1507.3	701.83
3951.7	345.2
1456.7	1220.8
4670.6	881.19
3482.3	3700.7
1751.7	1302.3
4856.2	3840.2
6099.6	3455.5
2291.9	540.12
3434.3	4386.9
1817.4	1269.4
1848.8	1261.4
4408.1	3718.9
1402.2	1572.5
5497.3	267.96
2188.5	722.9
1314.7	3222.5
5216.2	139.56
2916.9	61.596
4872	918.47
941.16	1780.6
1327.5	3145.3
4931.8	176.02
4602.6	866.87
4993.3	787.42
1365.5	1605.3
2264	618.53
5976.9	3179.8
3288.4	3850.4
4115.4	765.75
4694.1	4301.9
959.56	1734.7
959.56	1734.7
1589.9	3387.3
2937.9	882.12
4827.3	929.27
5902.7	3355.7
5566.8	415.88
4164.2	3940.9
6348.2	1350
6560.8	2438.7
1190.2	1538.6
1571.9	3229.7
1391.9	932.11
5302.5	682.15
3701.3	4109.9
1017	1474.6
1066.7	1726.1
1895.9	860.02
4934.4	125.95
4991.9	3787.3
5016.9	3530.6
1409.1	3098
3282	760.99
2016.2	647.8
3060.5	303.63
4583	352.2
2904.2	4368
6525.3	2494.9
4487.9	3643.8
1259.1	3164.7
2476	1180.7
1781.1	537.7
1923.9	241.59
1897	780.74
5036.9	976.62
1703.3	3985.7
2596.6	1121
1834.6	1268.7
5558.7	416.13
6392.1	1643.8
4923.3	126.82
875.22	2762.5
6282.6	1741.9
1888.8	333.68
5223.8	3827.9
1314.7	3222.5
1343.9	804.21
1421.8	3254.9
5530.2	4427.7
4723	645.32
2753.4	871.62
1490.2	791.3
4074.4	681.08
5467.8	353.86
3628.8	3699.5
888.23	2217.9
1589.9	3387.3
1464.2	725.55
3235	3407
1521.2	1047.8
3633.7	3454.6
3354.5	239.1
1260.6	1738.3
1751.7	1302.3
1676.9	908.88
2213.1	35.028
5378.1	347.04
2328.3	53.716
1553.3	1092.5
1547	1045.8
1426.1	3089.2
6149.9	3427.3
3269.6	908.28
2174.6	3401.6
1901.2	241.33
1817.4	1269.4
1348	1276.2
1823.9	1272.8
1738.1	885.09
4052.4	776.84
4875.2	3899.1
856.67	2085.6
3629.8	763.95
2207.5	117.88
4206.2	3953.1
1311.7	1407.6
4984.8	958.37
1627.5	849.49
4569.7	3636.9
4629.7	323.6
5500.9	233.32
6443.5	1539.8
1304.9	1314.6
1064.4	2026.2
836.94	2545.9
1624.1	3367.4
4909.6	540.94
4984.8	958.37
3947.2	4536.3
3043.8	3862.1
1205	1498.6
2258.1	107.64
1028.2	2065.5
4127.4	3731.7
5930.5	684.8
4339.6	933.9
4917.2	478.67
865.59	2139.2
1398	1289.9
893.36	2228.9
4984.8	958.37
1460.7	1054.2
836.94	2545.9
4331.2	4589.4
6068.3	891.65
2223.3	39.3
1199.7	1595.4
2123.7	1080.1
915.19	1971.2
1362.9	3207
2566.4	4456.3
2436.6	1070.1
2284.9	727.99
2114.2	3363.3
4195.1	4129.2
1431	1471.8
1901.2	241.33
2096.4	648.58
2703.8	3574.4
2703.5	377.94
1288.6	1509.1
2703.5	377.94
4931.3	3562.7
1898.3	243.71
5255.3	87.801
1759.2	416.28
6475.4	1945
1521.2	1047.8
905.74	2192.2
1239	1006
5035.4	3845.2
1449.7	1083.7
1738.1	368.89
2906.9	572.77
4589.4	861
1384.7	1195.2
5439.9	3683.4
4426.7	4557.7
5198.9	3711
4897.1	3460.9
4844.1	3498.2
2978.5	3361.1
2602.2	907.26
2256.3	168.15
1307	3215.9
2194.5	1158.6
1726.4	1006.8
6505.1	2336.2
848.88	2205.6
1940	385.68
1042.8	1710.7
834.26	2314.2
2174.6	3401.6
5261.8	927.54
1093.6	1627.2
2777.1	884.47
1832.7	4437
1433.2	3015.9
3720.7	759.63
1562.3	1433.9
1775.7	419.02
3473.8	539.89
2412.1	749.22
5465.9	3669.2
1404.9	1558.9
4198.4	3682.9
5035.3	3810.2
1449.7	1083.7
5292	4505.5
6125.4	1237
3045.9	273.63
3089.6	802.42
4371.9	3694.8
4782.5	3861.5
5293.9	4045
4617.3	3880.2
4464.7	3649.2
4878.9	3894
2249.6	214.09
5238.7	3839.5
1231.9	1009.1
3344.7	317.13
1007.6	1474.5
2651	893.45
3729.7	3413.2
5348.6	3793.2
3635.9	528.13
3552.5	4527.3
1489.3	1556.2
6390.7	2136.6
869.33	2296.5
2701.4	372.45
1826.4	360.5
1435.8	3093
1263.8	1101.3
2462.4	1127.3
2207.3	72.339
1314.5	1686.5
1545.8	1463.4
2606.4	4292.7
1686.9	541.17
1260.6	1738.3
4494.5	4425.1
1248.5	3251.1
1817.5	4426.7
4202.3	570.75
4694.1	4301.9
2983.4	3675.4
3591.9	3575.7
2256.3	168.15
1850.6	4153.8
4224.6	127.15
1565.8	1403.6
4833	3581.2
918.46	2152.2
2097.9	188.41
5804.8	665.09
2010.7	4569.8
1652.3	1366.9
3035.1	931.39
4711.3	658.12
2073	659.11
4787	895.96
4492.3	4432
2007.3	355.69
4028.2	770.67
4592.1	375.66
3274.8	902.6
1441.9	1516.7
3269.6	908.28
1162.4	3022.1
1566	1097.3
4461.2	3924.5
4760.4	4059.8
2268.1	941.41
1996.2	379.64
5127.6	3927.4
6522	2392.9
1897	780.74
5412.6	3733.5
5035.3	3810.2
3558.9	4116
5050.7	91.966
1779.7	1422.3
3629.8	763.95
3269.6	908.28
1155.5	1598.7
5242.5	532.95
5417.3	287.7
4679.9	4298.3
2596.6	1121
855.31	2317.3
1790.4	4402.2
888.05	2321.8
5439.9	3683.4
4801.9	3841.1
1452.1	718.1
1260.5	1387
6388.5	2654.8
4408.1	3718.9
2670.8	943.12
4030.6	503.54
4480.8	359.32
2753.4	871.62
4931.3	3562.7
1435.1	3027.1
1806.3	1248.1
2223.4	4562.3
6421.1	3100.8
4739.4	947.04
1817.4	1269.4
4678.6	4297.5
941.16	1780.6
4206.7	518.36
978.29	2013.1
1454.4	720.73
1463.9	1331.7
4144.6	3967.2
1652.3	1366.9
2922	808.31
4537.7	848.88
3034.1	934.27
2110	4178.3
1418	1493.1
2275.3	594.44
1260.6	1738.3
6524.6	2436.1
3031.3	285.98
2211.9	118.77
3911.5	3683.4
4984.8	958.37
4969.1	973.88
4192.6	3703.7
858.65	2169.1
3993.8	4009.9
5466.7	2241.8
3038.3	937.64
4099.1	205.1
2228.4	1015
5451	213.23
4806.2	3842.7
2278.6	3527.7
4542.8	3546.3
1578.7	1114.9
4551.2	953.97
4412.6	3901.5
1863.1	1163.3
1995.1	4558.7
1726.7	981.34
4601.2	865.26
1435.8	3093
4984.8	958.37
4833	3581.2
1415.3	1234.2
4034	3441.5
3589.9	4048.2
1767.5	1292.1
2180	132.76
6410.2	1530.1
1753.2	1326.9
906.57	2240.6
4984.8	958.37
4719.1	4035.6
6543.4	2509.4
2858	3417
4901	3450.3
4021	773.27
1737.9	1003
1738.1	885.09
4828.9	525.14
4185.8	3553.9
1838.4	3911.5
4727	4516
5075.3	3794.7
1762.7	554.37
5408.7	4598.6
2154.1	138.12
2475.3	926.77
3906.5	766.28
3378	891.42
1864.9	1296.8
906.57	2240.6
4589.6	878.78
2596.6	1121
896.39	2268.3
3770.2	4113.9
6537.1	2517.6
5072.3	3793.9
885.15	2081.7
6322.7	1225.3
6526	1865.4
4162.8	3948.4
1551	1090.5
5655.9	2529.3
5261.8	927.54
1422.8	1504.8
4542.4	3547.4
1562.3	1433.9
2596.6	1121
1314.7	3222.5
2592.7	906.16
883.61	2137.6
4164	3929.2
3631.8	760.09
2434.9	710.4
4192.5	3679.5
1873.2	1179.2
2196.4	3744.4
1790.4	4402.2
4985.5	3544.1
4785.9	279.35
1614.4	1225.8
4855.4	3600.3
5299.9	4039.7
4099.1	205.1
5036	982.12
1203.8	1527.1
3591.9	3575.7
1915.2	1159
1726.1	1297.3
4618.4	3630.2
3031.3	285.98
3090.1	776.41
5279.1	51.731
2312	1009.7
6568.1	2446.3
6559.2	2889.1
3770.2	4113.9
3269.6	908.28
1567.1	1116.9
5609.8	285.31
1449.7	1083.7
1674.6	1368
6523.2	2327.2
2596.6	1121
904.79	2186.6
1448.5	3103.1
2657.1	894.72
1812.5	341.58
1996.2	379.64
5586.9	255.76
6537.2	3005.7
1823.9	1272.8
2350.3	3899.8
914.36	2270.4
4420.3	3718.5
880.37	2140.9
880.37	2140.9
4984.8	958.37
2341.1	4153.8
1583.9	3447.1
2226.4	642.74
2839	33.245
4693	978.78
5275.2	59.651
898.56	2249.5
1722.1	1005.7
2356.5	980.02
3522.2	4095.1
4620.9	3933.4
1602.6	3378.8
5524.6	418.14
1460.1	1613.2
2205.6	31.636
1822.9	1239
5268.1	54.514
5653.4	2264.3
1592.6	1004.7
863.12	2150.4
3667.2	4303.9
1158.5	2933.7
2815.5	973.01
1414.4	950.33
2648.3	817.88
2434.9	710.4
5105.1	13.382
2593.5	3884.7
1042.6	1419.7
1481.2	1491.5
5431.2	294.4
2487.6	443.47
4010.2	754.14
3792.6	3985.2
856.67	2085.6
4347.4	3938.7
958.34	2685.7
6541.9	2439.8
2703.5	377.94
1019	1743.7
4664.3	883.44
6194.2	2866.4
910	3253.1
2603.8	47.197
2817	916.74
2242.9	950.81
3718.5	3373.1
5053.5	101.29
5053.5	101.29
4801.9	3841.1
909.56	2039.9
4760.4	4059.8
5442.1	521.77
3049.4	4126.3
1739.2	935.91
5196.4	497.14
2933.7	951.25
4049	773.18
6321.5	2725.7
3632.7	485.42
5378.1	347.04
4707	693.21
3926.7	314.37
5287.3	50.636
3850.2	4108
5255.3	87.801
3174.4	814.73
1618.3	951.66
1278.6	1312.5
6524.2	2521.9
3874.1	4194.9
1951.9	285.61
3982.1	250.7
4764.2	4365.7
830.17	2106.2
1202	3199.6
4183.1	4002.4
4481.3	3906.1
6595.7	1888.6
2334.5	995.47
872.27	2342.8
3114.6	3575.8
5036	982.12
5586.5	440.72
5085.7	1058.9
5436.9	269.02
2105.7	204.67
4588.4	4060.6
2007.3	355.69
5202.9	3891.7
3589.9	4048.2
4269.5	4158.6
4511.1	3953.5
2002.6	373.79
899.98	2230.1
1674.6	1368
980.56	2781.7
4419	4122.1
1838.4	3911.5
941.16	1780.6
4668.5	4233.7
2596.6	1121
4757.5	3860.8
1202.1	1527.4
4345.2	3957.8
1265	1108.1
1701.7	1393.3
6541.1	2495.6
5524.6	418.14
5263.7	3718.9
1158.5	2933.7
5242.5	532.95
2277.6	726.21
1737.9	1003
2440.1	926.91
992.48	2768.5
6570.2	2831.6
1620.7	950.92
2330.6	1011.4
3421.7	496.93
6320	1197.8
910	3253.1
1339.3	1437.9
5241.8	4635.7
5196.4	497.14
5095.5	458.17
2105.7	204.67
4519.4	4351.9
941.16	1780.6
955.73	2023.8
4334.1	358.93
1507.3	701.83
2631.4	913.24
6477.4	1684.4
1416.6	1272.1
4681.7	3915.2
5431.3	429.19
3038.3	937.64
4927.2	4300.6
4914.9	555.63
2109	4140.2
4706.6	1070.9
3038.3	937.64
3130.1	381.73
1995.1	4558.7
5351	349.32
1434.7	1273.7
5557.2	516.92
6564.2	2082.2
830.17	2106.2
6534.5	2493
4546.7	966.85
1830.7	3295.3
1504	793.92
4057.9	3601
3461.2	768.77
1998.7	375.06
1294.3	876.12
3833.4	776.16
4878.7	955.97
6478.5	1864.5
884.72	2316.4
3467.5	778.93
2546.1	4492
909.56	2039.9
1248.4	1750.1
2755	3372
2016.9	190.75
3043.8	3862.1
6528.9	2332.6
3047.2	3390.4
1873.2	1179.2
4144.6	3967.2
3704.6	217.39
1025.2	1576.9
3601.5	4180.1
6533.1	2380.8
6321.5	2725.7
864.33	2227.9
5930.5	684.8
4664.3	883.44
1366.6	874.2
1206.9	1426.5
1798.1	938.95
4813.8	4334.9
3972.3	3955.5
2115.2	1197.8
5663.6	353.53
2753.4	871.62
2830.7	971.7
2742.4	911.17
1047.4	2027.8
4886.8	4234.8
2073	452.81
4849.1	991.41
5474.3	337.12
5611.5	286.5
3525.2	760.13
2740.9	364.36
4367.7	294.97
1863.1	1163.3
6496.6	2550.2
1205.1	1527.3
5960.8	968.79
4601	897.53
4521.1	3908
941.16	1780.6
2185.9	4498.2
2949.7	4378.1
2966.7	3414.5
4786.5	3888.8
3212.8	4120.9
5085.7	1058.9
4483.7	3911.3
5557.3	365.47
1231.9	1009.1
6321.5	2725.7
3473.8	539.89
4597.2	664
2845.4	1066.2
2277.6	726.21
3033.3	668.17
1722.1	1005.7
4416.6	4097.6
5414.4	413.33
5421.7	407.32
2165.7	4554.1
4833.4	928.57
1758.3	567.24
1946.9	4633.5
4758.7	3511.7
5001.8	3784.9
854.69	2602.1
1929	1207
3269.6	908.28
6518.7	1971.5
1902.5	1214.9
2169.6	832.14
3630.4	4033.7
1737.9	1003
6515.9	2508.8
1395.6	1510.9
2016.9	190.75
2228.4	1015
4569.7	3636.9
1263.8	1101.3
5430.6	297.42
2002.6	373.79
1193	3206.1
1696.1	1006.7
3644.2	3993.1
1586.6	3873.6
3649.5	763.42
5693.8	2109.6
1778.4	1347
5065.3	3773.3
3977.9	3444
1398	1289.9
1726.4	1006.8
3876.5	4070.8
6393.2	2756
2833.4	857.19
3903.4	3712.3
2244.7	1106.7
2685.2	1099.1
5867.9	751.25
2429.5	1063.5
4483.7	3911.3
1264.9	2820.3
1527.1	3312.7
3667.2	4303.9
1938.6	284.58
5372.7	3780.3
4530	4339.6
6088.1	2942.8
5263.8	628.27
5036	982.12
2817	916.74
2346.9	4499.7
2596.6	1121
4597.3	3630.3
6532.5	2846.2
4886.8	4234.8
1498	771.61
2193.9	1090.9
3771	3711.4
5614.1	4057.6
1592.6	1004.7
1886.7	1056.8
956.34	3079
2091.7	182
3636.3	876.52
5263.7	3718.9
3853.7	4174.4
6334.7	1452
2528.3	753.36
2327.3	598.74
2936.3	4141.3
5293.9	4045
1610.1	3213.9
2703.5	377.94
6553.4	2284.6
5576	366.5
3336.2	219.39
5459.1	288.82
5971	3182.9
2145.9	1007.8
5020.7	2205.4
4843.3	425.98
2179.3	110.48
4580.1	3637
4530	4339.6
1434.7	1273.7
877.81	2018.2
4099.1	205.1
6317.9	3032.8
1233.2	1069
1767.5	1292.1
6532.5	2846.2
4758.5	2194.9
3886.7	3424
1477.3	1176.3
1398	1289.9
3636.7	885.16
1047.5	1705
5016.9	3530.6
1420.7	3097
5374.9	4546.6
3378	891.42
5314.8	671.03
5088.5	856.3
3516	901.66
2657.1	894.72
1807.9	1224
2602	52.073
6416.2	1857.9
2310.3	946.4
5836.7	3813.3
4849.1	991.41
2023.1	169.68
5437.2	388.03
4106.6	756.59
1422.8	3534
5867.9	751.25
2688.2	819.42
4723	645.32
2073.5	1274.6
854.69	2602.1
1658.6	3268.3
2755	3372
1742	3306.7
857.05	2295
898.56	2249.5
1158.5	2933.7
5016.9	3530.6
2134.5	1005.3
3269.6	908.28
2195.6	203.64
4986.8	772.96
3910.5	3705
2031.7	1227.7
5222.5	3694.1
4299.7	201.28
4917.6	4630.8
4639.3	921.82
2509	883.03
899.39	2110.3
1156.2	1065
6563.8	2173.4
1576.2	3375.1
3457.5	497.13
5046.8	606.41
1838.4	3911.5
5131.4	3775.2
4649.7	3498.9
2242.9	950.81
6057.6	768.27
5033.8	3809.3
4932.6	3879.3
2649.9	878.34
1264.9	2820.3
1674.9	3441.2
4861.1	3502.8
1439.4	1062.3
3168.5	708
1587.9	3454.2
1141.6	1614.9
4238.5	4124.8
2143.7	546.79
4997.6	1024.4
3162.1	4113.1
2073	659.11
5971	3182.9
4537.7	848.88
1454.4	720.73
1757.8	411.88
1330.3	1330.7
5442.1	521.77
3378	891.42
955.73	2023.8
5722.2	2298.2
850.49	2223.6
1618.3	951.66
5207.3	2217.2
1983.7	470.53
5630.3	2005.8
2785	863.29
2526	885.45
1141.6	1614.9
2718.6	954.58
5147.7	4594.4
1658	518.99
3473.8	539.89
1775	3331
861.89	2270
4052.4	3412.9
4215.8	600.86
2223.3	39.3
4849.1	991.41
1838.4	3911.5
4641.7	3925.4
1344.5	3137.2
1583.9	3447.1
5522.6	312.66
3529.1	742.86
4992.5	4126.3
4758.7	3511.7
2051.1	662.02
1607	4039.3
1425.5	1276.1
2619.8	920.02
6324.6	2728.7
6253	1185
2683.8	834.31
2193.9	1090.9
6171.1	974.37
2073	452.81
4595.5	3632.6
6081.6	2927.3
4967.9	3602
3554.2	4527.6
5459.1	288.82
1420.7	1496.3
5699.3	2041.8
6101.5	2947.6
1897	780.74
2487.6	443.47
3473.8	539.89
1778.4	1347
5040.1	4667.9
1047.4	2027.8
1774.9	505.77
5721	465.74
6425.1	2178.2
910.11	2297
2742.4	911.17
4192.6	3703.7
1729.7	1001.3
5335.4	153.64
4979.8	3394.2
2184.7	4512.6
3141.9	3568.1
2350.3	3899.8
1992.6	243.27
5008.2	4170.6
3597	3758.4
2529.3	978.08
1167.8	3196
2819.5	218.96
5420.7	206.61
872.85	2791.9
4634.5	996.41
3306.4	240.15
1031.1	1981.2
5687.3	2025.6
2317.7	4513.9
1982.6	138.24
5655.5	1932.4
1344.5	3137.2
3561.7	4079.5
2046.5	387.33
856.67	2085.6
4927.2	4300.6
2856.2	3358.1
2461.6	3835
6478.5	1864.5
4849.1	991.41
1422.8	1504.8
2828.1	833.84
5040.1	4667.9
1701.7	1393.3
5580.4	4529.7
2962.6	634.81
4416.6	4097.6
1440.9	3129.3
2904	856.09
4597.3	3630.3
1147.4	1743.6
2161.2	183.03
2208.3	78.541
1519.2	4045
1442.9	3971
4387.9	4107.7
1874.7	1235.8
1425.5	1276.1
4561.9	922.54
4460	3647.9
1638.9	1277.6
1736.8	3307.6
1642.3	1016.7
2800.6	21.928
3459.6	708.17
1164.6	1502.5
3168.5	708
1838.4	3911.5
5939.3	3326
1982.3	1178.8
5040.1	4667.9
4689.3	1116.2
4835.1	1037.3
4222	3431.5
1545.3	3236.5
6541.1	2495.6
4023.7	4062.7
4670.7	811.96
4484.9	3915.3
3698.1	4285.3
4166	832.03
2619.8	920.02
954.81	2220
1363.6	1415.4
5603	1952.1
6439.6	2691.4
6473.6	2274.6
1643	3462.5
1017.3	1737.8
859.54	2638.9
1736.2	547.25
4843.5	4221.2
4654.9	1106.2
2821.9	973.15
1420.4	1522.1
5632.6	2068.9
2582.8	918.79
3095.6	3386.1
6330.3	2733.3
5202.9	3891.7
4599.2	850.49
2279.3	1133.2
2024.5	391.66
2624.5	2205.8
3473.8	539.89
5510.8	232.36
4466	3649.4
1164.6	1502.5
1583.9	3447.1
2023.1	169.68
5144.3	3876.3
4023.7	4062.7
4899.9	3320.2
4537	835.38
6293.4	3363.9
1817.4	1269.4
4537	835.38
1581.1	757.63
1907	230.05
3819.9	3948.1
2316.5	1061.4
1722.1	1005.7
4849.1	991.41
879.21	2161.1
4599.2	850.49
3460.5	2174.9
2502.1	717.65
5083.2	556.11
1906.5	777
1320.8	3154.1
6532.5	2361
3146	817.93
4667.6	4229.8
2461.6	3835
2364.5	2221.7
6134.7	2932.8
5144.3	3876.3
1703.7	878.12
4269.3	2176.3
5618.1	301.34
2474.9	434.52
4785.1	3888.2
4303.5	3578.6
1976	4650.7
3269.6	908.28
5980.5	3178.9
4577.7	338.45
5457.2	3673.5
4407.7	820.12
1198.4	1787.9
4182.2	3436.8
1031.1	1981.2
4583.3	862.71
3712.7	4123.2
4737	530.38
4552.2	4432
1734.8	1268.5
4981	986.24
4622.3	827.6
4086	4070.8
1906.2	4671.5
2845.2	889.71
2115.3	1004
3480.3	541.91
1620.8	3473
1042.1	3112.5
4751.2	3461.6
1135.8	2850.2
3459.6	708.17
891.54	1786.6
955	1967.3
5341.7	2240
2414.6	1084.2
1440.9	3129.3
1545.3	3236.5
1735.5	538.43
1440.9	3129.3
5202.9	3891.7
3561.7	4079.5
5904.1	3418.7
4588.4	4021
874.41	2701.4
1226.7	3219.1
2431.1	958.45
3566	4646.9
4611.9	3626.5
1330.3	1330.7
5062.4	375.55
6425.1	2178.2
2596.6	1121
4566.4	4045.5
2568.7	902.52
1610.1	3213.9
1236.6	1770.9
3630.6	481.69
849.05	2585.9
5445.9	440.89
1437.2	3337.5
5958.2	976.31
5036	982.12
2596.6	1121
6576.2	2427.5
956.34	3079
5278.6	552.19
4671.6	4278.6
1136.8	1513.7
1759.2	416.28
3868.6	3562.8
2675.7	3336.1
5097.8	1127
5155.9	3878.9
2845.3	889.89
4986.8	772.96
4839.4	4232
1415.3	1234.2
1350	3127.4
1614.1	1423.1
1544.6	1424.7
3630.6	481.69
1782.4	497.96
4588.9	3468.4
4240.1	663.13
1011.9	1987.8
2084.9	1135.3
3502	765.49
5276	409.75
2121.3	249.21
5095.8	1064.2
4470.1	3923.1
2339.8	3808
2731.7	3358.4
4934.3	4464.2
5141	4228.4
2547.6	828.33
2317.7	4513.9
5095.8	1064.2
5222.5	124.19
6371.9	1977.2
2818.8	966.01
3480.3	541.91
3972.6	3831.7
1799.8	3332.9
6473.6	2274.6
2137.8	238.74
3911.5	3683.4
5141	4228.4
1415.3	1266.3
1620.8	3473
4802.9	3593
4515.5	851.34
1824.7	462.76
5131.4	3775.2
1706	469.42
2975.3	834.83
1927.8	781.39
4668.8	3909.9
1587.9	3454.2
2686.2	3387
1632.4	1386.3
5241.3	724.82
4552.2	4432
3260.4	359.61
4917.6	4630.8
5408.7	4598.6
5412.6	3733.5
3960.6	331.94
4967.9	3602
2014.1	1108
2850.1	854.73
1906.5	777
4201.3	3431.7
2903.9	934.96
2706.1	1093.6
3985.7	3556.2
1359.9	2847.9
4537	835.38
6405.7	2746.7
4758.7	3511.7
5263.7	3718.9
6532.2	2360.8
5576	366.5
980.34	3222.7
4110.1	3707.1
1533.1	3192.3
1929	1207
3561.7	4079.5
1511.4	3393.2
2828.1	833.84
2062.7	636.72
1017.3	1737.8
5341.4	2230.1
831.91	2063.2
3447.9	814.59
2915.6	3349.3
1136.8	1513.7
962.65	2828.1
2755	3372
866.25	2310.7
1047.5	1705
1490.7	780.97
3619	876.66
5588.2	288.73
2547.6	828.33
1366.6	874.2
1863.1	1163.3
877.81	2018.2
1631.6	1099
1269.9	1016.4
1415.3	1234.2
4632.4	3935.7
4345.2	362.44
1746.6	413.55
1185.2	3170.7
1236.6	1770.9
1895.9	860.02
1466.6	808.02
980.34	3222.7
4949.8	4633.9
1087.8	1947.1
4516.8	3423.1
1763.2	514.41
4217	558.06
4142.9	3964.8
1434.1	737.4
4181.8	829.82
2175.2	4454.6
1897.6	616.92
1626.1	515.37
5202.9	3891.7
4868.7	880.81
853.8	2245.9
895.09	2079.3
4879.4	927.64
2632.9	70.766
2080.4	454.42
2753.9	305.71
1428.9	1065.8
4718.1	3517
1799.8	3332.9
2798.9	3356.3
6520.7	2372.6
4519.6	859.84
6193.7	1206.6
3109	803.36
2216.2	3627.7
5655.5	1932.4
5091.3	909.66
4000.1	654.01
898.18	2073.5
2414.6	1084.2
1392.5	3086.8
5609.2	278.68
2581.7	927.85
935.73	1722.1
1587.9	3454.2
4461.1	924.03
1851.3	3295.1
943.7	2263.1
4982.7	106.81
904.81	2174.9
6401.4	1408.8
2191.9	3422.4
6496	2806.5
5632.6	2068.9
5588.2	288.73
1260.5	1349.2
4601.8	3891.7
4790.6	3470.9
1392.5	3086.8
3273.8	771.57
3495.1	700.85
4238.5	4124.8
2618.6	1030.3
5611.5	286.5
867.48	2597.2
3031.3	285.98
3686.2	687.36
5410	367.06
1824.7	462.76
5439.9	3683.4
1234.7	3237.1
5217.9	218.74
4545.9	4438.3
5660.8	2523.6
6461.2	2589.4
4865.2	504.9
4401.3	3790.9
1583.9	3447.1
4495.9	3532.9
6017.3	3094.8
2429	435
1153	1744.2
1456.3	1527.1
3035.1	931.39
1544.6	1424.7
1321	1381.8
4144.6	3967.2
4894.4	3905.6
4883.9	4208.9
1799.8	3332.9
4178.1	791.68
2529.3	978.08
1632.4	1386.3
1494	3169.7
5398.4	309.8
3815.2	4012.2
1699.9	3400.9
2161.2	183.03
1250.7	3273.3
3748.6	4073.4
3330.4	239.4
1260.5	1387
5723.9	2301.7
2632.9	70.766
1833.2	3969.8
6467.9	2649.2
1840.7	1279.3
5146	4238.3
1250.7	3273.3
4445.3	764.72
1253.7	1394.6
2497.8	3519.7
1375.6	3124.1
3358	3583.3
1031.1	1981.2
2688.2	819.42
4943.3	93.753
2061	743.86
1699.9	3400.9
3619.4	4079.9
4400.2	2176.2
2519.4	489.54
6520.7	2372.6
1822.8	3964.8
1951.7	1108.3
5355.1	412.28
4219.5	145.57
1196	1254.5
2429.5	1063.5
2479.8	4673.7
1951.7	1108.3
4017.2	766.32
2165.7	4554.1
6378.2	1715.5
4605.6	872.19
1119.5	1662.2
2884.2	3369.7
3233.6	4498.5
2842.9	865.28
1172.6	3059.4
1490.7	780.97
3113.9	382.85
5131.4	3775.2
2677.1	4666
2466.2	805.24
2602.2	907.26
1525.7	3183.1
1748	525.61
1926	1279.2
4739.4	947.04
856.49	2337.7
1239	1006
1791.8	413.72
6560.9	2456.9
3869.3	4155.2
4588.9	3468.4
1729.7	1001.3
6253.4	1620.3
4110.1	3707.1
2165.7	4554.1
3952.4	4524.5
2903.9	934.96
2414.6	1084.2
3060.5	303.63
3983.3	255.29
1248.2	1476.5
2700.6	799.38
3559.3	3398.5
3274.8	902.6
3628.2	3615.2
1169.2	1545.4
1816.2	3326.6
2119.5	4539.8
2219.6	1082.3
4376.8	3686.8
2666.5	3308.9
2169.6	832.14
4849.1	991.41
1853.5	1242
2814.9	975.49
2554	3975.7
1057.8	2780
4462.4	3357
6393.2	2756
3746.6	214.35
1249.5	1360.8
1573.1	1406.1
835.27	2361.9
1136.8	1513.7
5309.4	658.18
3758.7	772.32
4362.7	3993.5
1782.5	1426.4
3674.1	3894.1
3102.4	3349
3037.6	317.8
1398	1289.9
4445.3	764.72
6512.6	2335.4
963.34	2812.9
1573.1	1406.1
4487.6	3371.6
2165.7	4554.1
5595.2	306.28
2713	888.45
5085.8	65.038
5492.4	3917.8
3447.9	814.59
3641.1	822.31
4583.3	862.71
4494.3	3990.2
1775	3331
5479.3	269.71
2666.8	1104.2
1579.8	3376.5
1601.2	3269
5599.2	1948
2675.7	3336.1
5588.2	288.73
3037.6	920.5
1428.9	1065.8
4886.3	3969.7
4217	701
5053.5	101.29
1662.2	1278
992.34	1981
1353.6	1590.8
1774.9	505.77
5131.4	3775.2
5685.3	2018.9
4189.7	804.06
6067.5	2951.7
2176.8	4478.7
1774.9	505.77
4079	676.06
3531.2	775.85
4534.5	3760.4
2007.3	355.69
4050.3	789.26
5973.7	676.21
3473.8	539.89
4699.6	3509.2
5431.3	429.19
992.34	1981
1876.4	1182.1
2547.8	520.45
1511.4	3393.2
1959.2	1282.3
2830.2	863.63
6393.2	2756
2474.9	434.52
4613.4	3904.6
5415.5	4599.8
2745.5	423.21
2474.9	434.52
4051.2	493.82
6245.8	1432.8
1951.7	1108.3
4671.6	4278.6
1379.3	3093.6
5540.4	4084.9
3212.8	4120.9
1183.6	1085
923.68	2125.4
4049.6	497.22
2224.5	1053.9
4588.4	4021
5570.7	4249.8
1643	1277.9
1318.1	3162
4588.9	3468.4
1468.1	1466.7
2170.4	3369.2
3674.1	3894.1
3561.7	4079.5
1341.9	1421.2
2173.9	1053.8
2686.2	3387
5479.3	269.71
2979.7	891.57
1419.3	2939.4
6413.7	1434.1
1042.6	2772.9
4901.8	3451
2602.5	3375.7
6654.6	2336.5
4552.2	4432
5283.2	358.35
4061.6	758.85
2421.8	3659
5323.8	264.44
1610.1	3213.9
2026.7	1221.2
1500.6	1169.3
2923.2	936.28
2123.6	245.11
2903.9	934.96
2884.2	3369.7
6383.2	2158.2
3330.3	771.36
4758.7	3511.7
1766.3	508.86
3827.6	3431.1
1467	3172.7
4099	3550.9
6654.6	2336.5
1079.1	1997.7
4135.7	4479.5
5938.9	1000.1
2143.1	4473
5356.4	2237.2
2833.4	857.19
4690	3573.9
6407.8	1425.8
3410.4	524.41
4017.2	766.32
1745.4	963.9
4025.7	523.91
4985.7	3382
2714	995.05
1359.5	1343.6
4886.5	4210.1
1732.5	994.55
3554.2	4527.6
944.79	2691
4524.4	4323.2
1027	2746.4
2116.9	4440.9
4524.4	4323.2
1601.2	3269
6541.4	2468.7
1026.9	1711.4
2802.2	246.94
5374.9	4546.6
4831.4	70.638
5240.3	99.283
4511.3	3545.2
2928.4	2184.1
6196.6	1052.6
1193	1543
2223.6	212.53
4407.6	810.41
4140.2	3963.2
1643	3462.5
1467	3172.7
1782.4	497.96
5534.3	2250.2
2193.9	1090.9
4843.5	4221.2
1080.5	1625.2
2666.5	3308.9
1231.5	1486.3
5278.6	552.19
1581.6	3308.8
4222	3431.5
1607	4039.3
899.57	2094.3
2164.1	311.9
1212.4	3181.6
2163.1	159.8
3350.2	4140.7
1137.5	1596.2
1548	1123.9
4883.9	4208.9
1636.9	1357.7
5388.1	353.52
3561.7	4079.5
2406.1	4476.2
5105.1	13.382
6573.1	2673.1
1250.5	3155.2
1884.8	771.73
1653.1	1163.3
2121.3	249.21
4149.6	4585.5
5411.5	278.99
5733.6	3872.8
3416.9	616.4
4834.5	988.1
1294.5	1469.5
848.63	2329.4
3698.1	4285.3
984.53	2121.4
5158.1	4595.7
1449.8	747.26
2330.7	1110.9
6534.5	2493
1678.5	1276
2109.9	256.24
1353.5	1546.9
5599.2	1948
1882.5	784.26
1735.5	538.43
2979.7	891.57
3531.9	803.3
1766.3	508.86
5479.3	269.71
5076.4	818.02
923.62	2008.2
6344.1	1268.2
2802.6	4047.3
1540.1	3647
3805.1	4070.9
4979.8	3394.2
3044.3	941.89
1109.5	1421.5
4110.9	2171.1
3059.9	714.65
1374.5	1571.4
3759.6	3892.1
5559.7	334.09
5131.4	3775.2
6166.5	3326
3286.1	832.47
2790	882.22
831.91	2063.2
1593.8	996.8
1799.8	3332.9
4401.3	3790.9
4538.4	851.65
1552.3	3203.5
3931	803.91
1119.7	1554.2
1263.8	1101.3
2493.1	1180.7
4686.2	740.99
4449.8	782.13
4603.4	3309.1
6192	1015.5
1732.5	994.55
5008.9	124.83
1340.8	1617.7
1056.2	1511.2
3980.8	4145.5
4687.2	3473
955.73	2023.8
848.33	2284.7
4397.6	4478.2
771.9	1989.9
5390.9	4049.9
4924.7	3823.1
5484.1	233
1562.3	1433.9
4545.9	4438.3
1790.5	3336.5
4843.5	4221.2
1679.7	2300.6
5618	2921.8
1884.8	771.73
4204.9	515.85
4852.8	977.41
2209.6	82.9
1056.2	1511.2
4061.6	758.85
6299.3	1766.6
2166.2	265.1
3911.4	3701.7
4345.2	3957.8
4068.3	779.25
2979.7	891.57
5124.1	3867.4
1428.8	749.79
1799.8	3332.9
4181.8	829.82
1739	987.39
4012.6	499.92
5257.3	522.68
4631.7	338.01
5644.7	466.67
855.58	2337.4
4802.9	3593
4931.8	3562.9
4190.4	4029.6
1581.7	1123.5
2304.4	1073.7
4872.9	896.17
2393.3	3604.7
4321.5	937
3629.9	314.08
4943.3	93.753
1552.3	3203.5
5320.4	3699.1
1747.3	1287.3
2798.9	3356.3
3420.5	677.71
5036	982.12
3931	3414.5
5500.9	233.32
1171.6	1559.8
1118.7	1554.1
3673.4	830.92
1446.6	3103.2
5895.3	3375
4418.3	845.01
2304.4	1073.7
1212.4	3181.6
6545.6	2229
1368.4	1593.4
5242.5	532.95
4293.9	3768.2
4008.8	4150.9
1033.8	3134.4
4504.9	4321.6
957.74	2180.3
2685.2	1099.1
2414.6	1084.2
1164.2	3172.2
4376.8	3686.8
4024.7	274.94
4445.3	764.72
4445.3	764.72
1948.2	602.46
4506	4320
5462.7	153.9
5896.9	3348.6
4506	4320
1154.8	2946.1
1662.2	1278
1054.1	3398
4592.4	3324.5
4802.9	3593
3046.9	676.14
4601.8	3891.7
2026.7	1221.2
4499.5	3710.9
4658.7	888.02
4099	3550.9
1428.9	1065.8
6099.8	2954.7
4435	830.87
6563.8	2173.4
4665.4	1126.4
4695.5	3903.8
891.54	1786.6
4271.3	823.51
1402.1	809.81
1799.8	3332.9
1880.8	1242
4321.5	937
3526	829.93
3616.9	3940.2
3864.9	784.02
4852.6	3940.7
1188.2	1521.5
4141.2	789.72
1441	1250
5218.6	3838.4
4352.9	2176.9
3374.6	791.34
4070.7	3612.4
2175.5	92.521
925.88	2266.9
5217.9	218.74
1729.7	1001.3
4861.1	3502.8
954.81	2220
1790.5	3336.5
1294.5	1469.5
2850.1	854.73
2223.6	212.53
2220.9	1231.7
4908.8	3566
5437.2	388.03
1601.2	3269
1611.3	2304.8
2610.2	4016.8
5146	4238.3
5711.6	616.87
4506	4320
5036	982.12
876.34	2176.4
1548.6	2307.9
1109.5	1421.5
1428.5	1227.4
1250.7	3273.3
2660.9	900.16
4866.1	876.97
4709.5	1088
3338.3	230.34
1584.8	3200.1
1340.8	1617.7
4162	3445.7
1250.3	3273.2
835.27	2361.9
4494	3513
3977.9	3581
6481	3133.4
1766.3	508.86
3445.6	514.67
4861.1	3502.8
3827.3	774.09
3868.6	3562.8
4671.6	4278.6
4217	701
1493	3308.5
2175.5	92.521
6183.8	3110.9
2939.5	847.35
6364.7	2148.1
2815.5	973.01
2903.9	934.96
1801.5	481.55
4318.2	3402.1
4170.3	132.27
3999.1	272.31
3963	707.2
1722	3312.7
2798.9	3356.3
1515.8	3659
1729.7	1001.3
1786	1065.1
2149.4	3835.7
4639.1	478.47
2903.9	934.96
3473.8	539.89
1273.1	2833.8
4171.6	433.26
2223.6	212.53
2149.3	198.97
4550.9	852.8
4407.6	810.41
6543.9	2424.1
2414.8	3931.9
3954.2	4068.7
1957.6	1197.3
4343.1	3962.1
5698.2	2056.6
947.26	2834.1
5585.9	849.76
4822.6	3584.6
1587.9	3454.2
3001	848.89
857.05	2295
2321.2	3834.5
4189.3	4031.9
4506	4320
1449.7	1083.7
4352.9	2176.9
4464	3953.5
3321.7	798.65
6019.2	779.7
2649.9	878.34
5437.2	388.03
2260.3	444.88
1000.2	2067.2
1790.5	3336.5
5623.2	2946.5
1799.8	3332.9
3430.4	809.12
955.73	2023.8
1137.5	1596.2
6315.8	2872
1435.3	1126.2
1434.7	1273.7
849.74	2655.3
3645.9	4047.5
4157.6	3823.9
1843.8	3332.2
5669.3	1956.7
3712.7	4123.2
869.95	2265.8
6350.6	2019.2
1739.5	1372.3
6255.7	1249.2
5751.9	2396.1
2138.5	4463.4
3189.5	850.25
1227.9	1677.2
5196.4	497.14
4552.2	4432
3099.2	3389.1
3393.3	835.02
4025.7	523.91
3889.2	4084.5
3865.3	766.14
1498	771.61
2719.9	480.77
4086	4070.8
1164.6	1502.5
1164.2	3172.2
6519.7	2322.4
5202.9	3891.7
5253.7	742.93
6562.5	2428.6
1313.9	1338.5
5480.8	440.18
4817.3	923.29
2657.1	894.72
3037.6	317.8
4133.4	4052.2
1378.7	1639.3
2440.1	926.91
4023.7	4062.7
4445.9	768.51
2834.1	1062
2028.5	171.23
2530.7	2209
5521.5	190.22
6349.7	3277.7
856.49	2337.7
4370.3	3752.3
2433	4036.5
1449.7	1083.7
1702.1	1290.1
2903.9	934.96
5599.2	1948
2785	863.29
4373.6	3418.8
5015.5	2211.2
3285.4	993.2
2211.8	595.17
1225.2	3087.4
1713.6	1002.4
3489.2	3813.6
2960.2	4646.8
4979.8	3394.2
1748.4	4359.1
5577.2	314.49
4530	4339.6
4622.1	827.55
5044.3	3785.7
5017.5	1088
4444.6	3342.6
3523.7	4092.3
3423.1	812.85
2414.6	1084.2
6545.3	2368.6
849.74	2655.3
3411	808.4
897.52	1582.7
4092.3	3736.2
4445.9	768.51
2780.6	857.53
4187.7	3932.3
4272.5	3425.2
1579.9	675.91
4613.8	3904.4
1573.1	1406.1
3473.8	539.89
4588.4	4021
4508.1	2188.7
3748.4	4072.2
3426.6	810.89
6346.5	2752.1
1555.7	1502.8
6424.3	2608.8
3298	822.94
3052.7	936.71
4702.5	3958.5
2979.7	891.57
5480.8	440.18
6353.8	2029.2
2354.4	77.245
2333	1088.4
2461.6	3835
1722	3312.7
4899.7	4665.5
6439.6	2691.4
4370.3	3752.3
2953.4	631.76
2223.3	39.3
2519.4	489.54
2216.2	3627.7
2969.5	174.21
2170.4	3369.2
5008.9	124.83
4014.6	4022.1
4008.8	4150.9
4621.7	340.75
4105.7	303.31
6003.3	3299.3
4494.3	3990.2
5592.1	3085.2
4337.7	3523.8
1986.5	1146.9
5104.4	4605.2
4055.3	783.13
2747.3	3536.4
2259.1	574.07
2365.1	197.47
2780.6	857.53
2989.1	863
4419.5	4121.9
3531.9	803.3
3947.2	4536.3
1853.5	1242
3617.8	981.32
2860.2	843.06
4494.3	3990.2
3044.3	941.89
2957	866.84
1566.6	1145.9
6554.8	2315
2164.8	181.93
2241.2	171.56
6537.3	2440
6580.5	2049.2
1324.8	1183.8
856.49	2337.7
1726.5	3332.9
3531.2	775.85
6367.8	1765.8
2414.6	1084.2
2928.4	2184.1
2909.2	901.45
4157.8	103.43
1799.3	4265.6
1431.2	1249.8
3121.1	1014.1
6567.1	2412.7
2890.7	194.46
4894	4224.9
3566	810.14
5236.6	3705.4
6235.5	1220.1
2162.7	2235.1
4012.6	499.92
5561	346.1
1587.4	2301
4027.6	4056.1
3447.9	814.59
1658	518.99
2304.4	1073.7
1841.5	472.49
2275.3	594.44
2461.6	3835
4728.4	3378.4
1600.5	3231.6
4003.3	2172.3
4073.9	617.29
5109.4	3620.6
4088	4360.8
6009.6	1035.2
1677.9	1420.2
3827.6	3431.1
2706.1	1093.6
1057.4	2040.7
4811.5	4372.5
4687.2	3473
4683.5	4275
1452.5	1030.8
3387.4	896.44
3992.2	753.76
2086.7	291.16
2714.2	884.16
5577.2	314.49
6272.6	1506.3
1748.4	4359.1
4877.9	3341.1
1732.5	994.55
5386.1	4134
4268.7	3427.6
4222	3431.5
1976.3	4623
2999.4	800.37
4038.9	2171.1
4341.8	3987.2
933.64	1811.1
4632.4	3935.7
3160.4	918.12
4932.6	3879.3
5092.4	1124
923.62	2008.2
1748.4	4359.1
2777.1	884.47
3850.4	4033.5
4673.7	3492.3
840.95	2415.2
6059.6	1243.2
4520.8	4035
4728.4	3378.4
5655.5	1932.4
4121.6	537.53
5196.4	497.14
2731.7	3358.4
3561.7	4079.5
3791.6	3942.9
4718.1	3517
4132.2	3972.9
2737.8	4280
1841.5	472.49
5595.2	306.28
1397.9	855.93
4164	3929.2
1309.9	1646.9
2483.4	737.26
1424.2	2328.4
4450.3	3787.6
4321.5	937
3601.3	3567
4090.5	658.51
2119.5	4539.8
4373.6	3418.8
4480.3	850.95
1330.8	1360.4
3387.4	896.44
4122.9	777.19
3044.3	941.89
2957	866.84
4649.4	3498.8
4344.4	2175.7
1428.5	1227.4
5799.4	4221.5
3548.5	803.02
4668.8	3909.9
3306	264.68
4029.8	505.23
3365.9	3914.5
3776.7	308.98
6602.9	2411.4
5118.1	4621.3
5381.1	164.32
5553.8	3710.2
4760.4	4059.8
4916.6	3849.2
3865.2	893.51
2279.5	380.62
2474.1	3639.9
3452.2	773.01
3546.4	803.9
1576.4	1095.3
4766	101.57
1449.7	1083.7
3969.3	4053.4
3946.5	4564.5
2429.5	1063.5
5796.4	697.57
1548.6	2307.9
4777.1	3927.8
1354.9	1285.6
1581.7	1123.5
4349.3	4007.3
972.84	1766.3
4494.3	3990.2
4986.3	1027.4
5723.9	2301.7
2790	882.22
4520.8	4035
5577.2	314.49
1600.5	3231.6
6494.8	3222.3
6452	2221.4
5412.2	3703.2
4866.1	876.97
6336.1	2738.9
4055.5	2171.8
2414.6	1084.2
918.46	2152.2
4061.6	758.85
3423.1	812.85
3886.8	2185.2
2380.1	640.96
3113.2	3441.4
2026.7	1221.2
1577.7	2307.2
5116.3	3867.5
2553.5	1131.4
1799.3	4265.6
5089.7	3790.9
2750.8	316.57
6566.4	2425.3
2661.4	4656.7
4515.5	851.34
4864	3637.9
6390.7	2136.6
6098.9	1293.1
6084.9	3872.9
3322	3845.4
4184.9	3998.1
2147.6	3378
3647.2	3630.1
5591.5	3993
4718.1	3517
4724.1	3937.1
2470.1	3482.7
4460	3630.5
2501.6	1171.4
3619.4	4079.9
4497.5	3557.9
3760.1	841.48
1079.3	1343.1
3423.1	812.85
3054.8	264.51
1313.9	1338.5
5033.8	3809.3
1710.8	1462.7
1726.5	3332.9
5167	71.196
4049	773.18
4400.2	2176.2
4494.3	3990.2
1092.2	2835.9
2730	3356.4
4420.8	3332
5898.8	3172
4200	722.09
4865.5	3960.3
1947.6	631.14
5124.4	2215.6
4029.2	4074.4
2971.6	3735.6
1219.3	3249.7
3566	4646.9
1548.6	2307.9
4724.1	3937.1
4494	3513
4244.1	3803.7
5135.7	3753.7
5634.3	740.46
5140.9	3874.9
5116.3	3867.5
4030.9	533.7
6424.3	2588.6
2471.8	979.54
3772.1	3762
1075.3	1442.8
891.54	1786.6
2026.7	1221.2
4899.7	4665.5
4272.5	3425.2
834.6	2107
1234.7	1490.1
1626.1	515.37
1693.7	461.85
5976.7	3257.4
933.64	2270.8
4481.8	3918.8
1052.2	1525.1
1722	3312.7
4499.5	4344.9
2399.7	3297.8
1626.8	3743.8
5106.3	18.189
2025.4	646.67
2790	882.22
6493.6	2663
3039.3	311.16
4344.4	2175.7
1369	2868.9
6413.7	1434.1
4972.8	855.07
4143.8	3995.9
3889.2	4084.5
1081.6	1268.5
1748.4	4359.1
3832.7	4086.1
4228.1	4110.9
3423.1	812.85
4370.3	3752.3
5044.3	3785.7
1381.9	3145.7
1732.5	994.55
1545.9	1142.4
5044.3	3785.7
4132.2	3972.9
5284	508.85
2713	888.45
3532.9	534.64
6267.5	1469.4
5970.5	695.07
4896.1	3484
2999.4	800.37
848.63	2329.4
2947.4	822.3
1548.6	2307.9
1203.6	3015.6
1716.3	470.91
2721	2202
1923.3	1209.7
1665.1	3280.7
2281.9	1112
981.85	2017.5
6562.3	2439.1
3480.3	541.91
4049.6	497.22
3827.6	3431.1
5650.1	2262.4
3550.7	129.33
1618.3	951.66
5020.7	2205.4
6586.3	2574.1
4010.1	3978.9
1732.5	994.55
844.09	2758.2
6372	2148.3
4724.1	3937.1
4419.5	4121.9
1189.6	1797.8
6475.7	2971.5
2223.9	1032.7
1324.8	1183.8
2175.2	4481
3469.4	537.84
2414.6	1084.2
2851.7	841.08
2907.5	3353.3
1208.7	1428.8
4621.7	340.75
1766.3	508.86
4055.5	2171.8
1910.7	469.94
4802.9	3593
4708.4	3982.7
3264.2	321.96
4029.9	240.11
1027	2746.4
4723.1	3447
3796.7	3532.6
1228.9	3046.9
3889.2	4084.5
1245.3	2833.2
4132.2	3972.9
2131.8	3507.1
4539.4	3389.5
2766.3	897.96
5612.1	406.64
1583.4	4071.4
3426.6	810.89
3969.9	3830.3
6262.2	1413
6586.3	2574.1
4987.2	3923.6
5521.5	190.22
2813.1	3354.7
5028	3645.7
3786.8	322.35
1546.1	1103.9
1056.3	1840.4
5723.9	2301.7
1882.1	1177.9
4105.7	303.31
3077.1	589.25
1869	304.58
3616.3	906.72
2825.2	3969.8
4728.4	3378.4
6208.4	2923.2
4482.1	3960.9
3974.8	770.46
5012.8	3785.8
4055.5	2171.8
1415.3	1266.3
4190.4	4029.6
2829.6	1072.7
1548	1123.9
4998.1	1103
1219.3	3249.7
2992.9	3732.2
6542.8	2098
2851.7	841.08
1414.2	786.02
3186.9	787.43
1463.9	1331.7
1324.8	1183.8
1726.5	3332.9
1799.3	4265.6
3437.3	48.829
969.31	1842.1
3469.4	537.84
3426.6	810.89
2267.7	1085.8
3582	4162.2
5459.5	404.39
5043.2	3784.7
6365.5	1481.5
2618.6	1030.3
4445.9	768.51
3631.8	3383.8
1565.4	655.03
1074.2	1625.7
1847.3	1026.6
1189.7	1532.3
2026.7	1221.2
1354	2863
2813.1	3354.7
2766.3	897.96
2364.2	530.87
6115.9	2958.6
3387.4	896.44
878.52	2195.2
4037.2	3615.6
5096.9	3579
5039.1	222.42
2164.1	311.9
1699.6	1472.2
4082.4	4049.6
4908.8	3566
1710.8	1462.7
