1589.2	1455.2
1882.1	1149.1
1925.6	1275.8
6386	1403.5
6447.3	1540.2
5823.1	492.31
5864.9	537.7
1305	1558.6
1881.4	1149.2
1707	1254.2
3140.9	481.62
1634.9	3013.8
1516.4	2342.1
1651.1	1418.1
1516.2	2342.1
3155.8	951.39
1423.7	1229.4
1634.4	3012.5
1969	795.29
5469.4	205.31
1570.6	1348.6
1794.6	1338.3
1512.1	1504.7
1724.9	964.57
1634.9	3014
1366.5	1602.2
2057.4	93.424
6385.4	1402.7
6593.7	2655.7
6134.1	898.24
2057.4	94.038
6451.4	1567.3
6134.7	898.29
1414.9	1262.9
2435.7	920.22
1397.4	1578.2
1214	1654.1
2795.1	447.93
6443.4	1588.3
6453.4	1561.3
1002.8	1945.1
2933.4	3435.2
6454.5	1557
2734	835.92
1375.2	1237.6
6453.7	1560.2
2794.4	445.17
1564.6	1536.3
1375.8	1237.6
1493.4	1113.7
879.6	2473.9
1301.1	1374.3
2038.6	934.8
2393.4	912.28
1370.9	1238.5
1645.7	971.19
1288.9	1338
1574.7	1528.7
879.65	2473.5
1482	1116.3
1366.4	1240.1
994.49	1823.8
1489	1115.1
1356.2	1306.6
1317.3	1350.7
1847	1166.6
2069.8	1051.6
1062.2	1362.4
1119.4	1600.1
1947.8	983.05
873.68	2423.9
5650.4	4580.9
1413.9	1562.6
1482.7	1115.5
2485.7	555.81
5648.9	4579.2
1179.6	1124.5
6574.6	2396.6
1508.2	2958.6
1846.7	1167
1419.8	1545.9
2256.6	680.4
2029.1	940.92
2707.4	469
2613.5	1140.4
2353.3	505.28
1839.6	427.03
6582.3	2552.2
2246.3	647.42
1188.8	1120.7
881.14	2514.3
1928.9	856.56
871.92	2452.7
1475.7	1117.4
1802	1070.6
2006.1	751.38
1029.1	1439.2
867.64	2395.5
6574.5	2397.5
1025.8	2275.1
6519.5	3152.5
872.13	2453
1518.6	1138.7
2706.9	468.95
1371.3	1584.9
2070.6	748.62
6475.7	2792.8
1025.9	2275.5
1398.8	1252
1266.6	1686.4
2611.4	1141.3
1508.8	2959.8
1010.7	1440.7
6457.4	1601
1602.1	1070.3
1792.9	952.93
6582.2	2557.2
2620.8	1143.4
1518.6	1136.4
1494.7	1194.6
6480.3	1644.5
2229.8	857.84
2230.3	857.71
1796	1076.6
6480.7	1645.7
6590.9	2389.1
6437.8	2791.1
1519	1139.9
6436.2	2793.1
2298.1	150.83
2651.3	3365.3
1539.6	3609
1915.9	832.48
1915.2	834.73
6559.5	2068.1
6467.6	2780.4
885.18	2457.7
1130.7	1586.1
1683.1	997.23
1684.1	991.84
2510.8	125.27
1466	1328.4
892.32	2471.2
1540.5	3609.1
2296.2	3241.8
6559.9	2508.7
2203.7	285.9
884.97	2458.2
6565	2516.9
1362.2	1294.5
2532.9	3299.6
6434.7	2797.6
1573.1	3829.8
1045.5	1722.8
6559.6	2066.4
1309.3	1482.2
1567.1	1107.8
1495.5	1505.4
1810.4	899.53
932.37	3214.7
1309.6	1482.6
1165.6	1156.3
1386.5	1572.2
2253.7	680.97
1356.2	1596.9
1282.9	3503.9
1046.6	1693.7
1050.2	1853.1
1027.3	1989.4
2135.2	3170
1617	3018
1209.5	1591.4
1917.6	824.57
1290.9	1653.4
1164.1	1154
852.48	2110.6
968.59	1524.6
1437.5	1228.1
2254.5	3207.5
5845.1	515.32
6538.8	2145
1282.2	3503.2
2536.1	32.377
987.37	1573.6
1092.9	1937.2
1094.8	1608.6
1194.3	1225.8
1967.2	772.44
1631	1415.9
1283.2	1386
5062.1	97.475
5426.4	198.98
1268.7	1673.5
1743.3	1111.3
1512.3	835.82
967.2	1525.8
2108.9	3184
6336.7	2904.9
2011.5	3351
1358.8	3709.9
2306.6	218.93
1254.7	1539.4
6372.8	2233.9
1134.7	1154.4
6595.6	2643
1446.5	910.11
5514.1	213.93
1696.8	1378.5
1092.4	1938.3
2343.3	210.89
5764.1	473.92
1134.7	1153.7
1735.1	3978.8
2244	580.29
2109	3183.9
2229.6	313.45
2220.6	4319.7
6593.9	2487.5
2716.7	971.92
2312.2	587.47
2336.9	3253.7
1677.4	1280.2
6448.5	2791.4
2252	593.21
954.48	2099.9
1230.8	1429.3
1720.3	945.95
3170.5	869.17
2286.9	30.841
876.24	2404.6
1036.8	1872.1
1612.1	1055
1677	1276.7
6572.1	2527.8
2861.2	824.77
1790.8	3314.2
2312.1	590.24
2336.6	3254
1141.2	1558.1
1721.2	949.25
2436.5	163.35
1019.3	1921.8
2720.4	820.38
6594.4	2487.3
2063.4	1071.7
2104.5	654.3
2210.5	3622.7
6564.9	2071.1
1899.7	1152.2
2135.3	171.29
5832.6	916.08
2106.7	649.64
1033.2	1711.1
2693.3	971.39
1259.3	1147.5
2168.9	216.24
2221.6	4319.7
1019.6	1923.9
2531.1	1016.8
870.68	2058.4
1520.6	3234.2
1274.7	1373.6
1511.5	823.94
1049.5	1928.2
5155.2	251.79
1020.1	1453.7
6364.7	2880.2
2408.4	3704.1
2239.8	316.34
1719.4	1255.8
1791.6	3314.1
1472.9	3053.8
6450	2791
1274.8	1141.7
1585.1	1226.4
1257.8	1683.3
1103	1275.7
1798.3	443.97
5808.3	3281.2
2455.5	3281.3
1967.2	3804.7
2906.2	3431.5
1103.3	1276.1
1049	1928.4
1108.5	1609.1
1142.2	1567.6
960.87	2531.4
2216.2	4320
3928.2	171.64
6430.5	1557.8
2032.5	3166.1
2537.8	1032.1
2363.7	1064.2
5119	162.14
915.1	1887.7
6526.3	2691.4
6451.6	2790.5
1199.4	1239.2
2252.3	592.23
6394	2823.2
900.05	2437.8
1211.9	1587.4
1254.1	1540
2408.6	3703.6
1265.6	1379.2
2801.1	422.81
1182.2	1497.8
2805.2	408.15
1345.6	3086.1
2880.2	870.03
2914	3443.5
1007	1798.7
1218.2	1706
1317.2	1074.6
2082.4	711.86
995.03	1442.5
2489.1	1045.7
2272.3	131.7
1069.3	1952
5157.3	251.4
2543	1036.3
1274.4	1373.3
1399.3	1238.1
2215.1	202.98
1409.4	4232.2
899.43	2436.3
1219.3	990.57
2110	646.59
5594.3	3551.8
2451.5	3275.4
960.39	2533.3
6443	1565.2
2792.4	886.98
2574.5	349.74
1004.1	1578
1014.9	1609
1881.8	3133.5
1475.4	3017.9
1132.4	1370.9
1382.7	996.47
5805	922.19
5753.7	3307.5
5769.8	3301
2941.7	3460.7
3001.7	925.94
899.89	2437.8
1704	1364.8
1082.9	1450.3
2408.2	64.827
1291.4	1491.5
1768.9	647.26
1343.1	1214.9
1370.7	3711.8
1361.5	2959.4
2479.6	965.48
2951.7	857.87
5596	3551.3
944.56	2042
1764.4	1333.9
1355.8	1051.7
1794.3	3690.9
1830	746.58
1609.4	1004.9
1362.1	2961.4
1620.9	3003.6
6396.1	1394.1
2344.7	1066.2
1053.5	1674.1
2166.9	1155
1372.5	835.14
2035	3137.1
883.81	2055.1
5832.2	916.14
6225.4	3961.5
6536.9	3075.7
6548.5	2497.9
1217.3	1427.7
6467.2	1794
6264.3	1151.9
1160.1	1202.1
2569	156.88
6592.1	2664
1074.6	1675.1
1549.1	1369
1053.2	1712.2
1786.3	1103.3
982.89	1845.4
2288.2	1088.8
1076.8	1274
1361.8	2960.1
1076	1272.4
5653.3	4600.7
2490.1	1044
2574.4	160.78
1353.7	1050.8
1261	1152.7
1109.5	1618.5
5120.6	216.18
866.18	2000.2
901.61	2442
1457.1	1168.1
2013.5	970.71
1160.3	1200
6554.7	2809.9
5657.7	3487.2
1346.4	3084
2562.6	3553.4
5663.3	3519.8
2338.8	1041.6
3086.1	840.18
6549.6	2498.3
1700.3	549.86
1525	822.44
1807.8	467.83
1362.7	4168.6
1291	3508.4
2588.8	166.61
958.03	2038.1
1458.6	1140.1
1519.2	1020.6
6534.7	3076.4
2451.9	1057.6
1458.2	1143
1423	829.76
1274.5	3225.7
2328.9	1093.3
1502.9	3307.4
2166.2	1154.7
1170.9	3337.3
5463.3	417.52
1255.5	1380.9
1516	1207.2
1172.1	1210.9
1057.6	1694.4
2405.3	1069.6
1252.9	1186.4
2637.3	921.73
6536.3	3076.4
1358.9	1020.3
1211.6	1223.1
2593.5	167.93
943.97	2042
1873.5	4145.7
2297.9	1104
2561.5	3553.2
1733.1	510.31
907.8	2427.1
1967.6	316.09
2586	165.66
3064.8	205.79
1285	3099.7
2651.9	918.21
1832.2	352.99
2135.7	1039.8
1308.8	1361.7
1501.9	3307.3
1023.7	1846.4
1173.1	1305.7
2637.2	732.38
1154.3	1108.5
5664.2	3500.2
3055	931.33
1051.8	1673.8
2646.2	3787.6
2637.5	736.31
1708.2	637.99
1249.8	1379.5
1067.3	1677.8
2256.1	1116.9
1672.8	1374.2
1069.2	3151.7
1288.4	1009.5
2343.7	3679.1
1121.8	1374.4
1357.7	1255.3
1193.1	3123.3
2068.1	3775
5657.8	3488.4
2725.1	989.49
6164.5	921.44
1040.5	1471.3
1966	1002.5
1774.5	648.31
1910	802.61
1458.3	1140.6
2654	3790.7
2266.5	230.06
1282.4	986.4
2297.7	1024
6181.3	3039.6
1614.1	1083.8
6369.8	2228
6582.8	2771.9
1206.5	3486.7
2262.7	617.14
1669.7	3182.7
6525.7	2520.1
963.43	1887.9
1381.3	3195.5
4668.2	4113.2
1422.9	1262.4
6447.7	1617.2
2188.4	1068.2
2270.1	1093.8
3063.5	204.55
1373.3	907
2255.5	1118.1
1359.3	1021.5
2212.6	252.21
6133.4	3295.9
6450.9	3394.8
1647.7	3023.3
982.65	2004.9
6466.8	2798.6
1935.3	363.37
1211	1222.3
1314.8	1473.9
871.27	2376.4
6524.2	2519.8
5823.3	480.86
2256.8	1110
2574.8	4486.7
1160.5	1313.9
2519	150.36
1104.7	3015
1245.4	1379.5
3511.6	73.423
1831.5	353.09
1853.2	3107.7
1192.1	3123.4
2204.1	3930.5
1914	802.65
983.66	1952.8
1294.5	993.53
1904.9	279.59
2554.3	102.17
1034.4	1745.1
1688.8	3240.4
1561.6	687.17
1696.1	3241
2375	3239.9
2762.2	962.22
6133.8	3295.8
2373	3488.2
1887.7	930.87
6450.6	3394.4
1681	955.75
1159.9	1198.8
942.86	2513.5
1436.8	1178.1
2329.6	1083.4
2997.3	4620.4
1727.6	3361.9
1681.1	973.29
2637.6	738.02
6254.2	1214.9
2315.5	3816.9
2192.9	3439.5
2256.1	1109.8
1885.3	494
1483.9	794.03
1686.1	3240.3
2343.3	3678.9
2366.8	3486.6
2575.1	3554.3
1046.6	1715.1
2137.7	3354.8
1440.1	2992.9
6474.4	1847.2
1272.3	3226.3
5554.3	257.42
3093.9	945.5
5187.2	3871.6
6474.2	2740.4
2018.4	1192.2
1429.2	811.17
2298.6	273.25
968.1	1845.3
5875.9	733.79
6440.6	1555.1
1430.6	812.15
1251.3	1014.2
1652.5	3682
1997.3	3535.9
5575.2	355.66
1478.2	871.69
1653.3	3678.3
1934.3	426.64
2572.5	3554.7
1406.5	3473.9
1484.3	3924.3
1076.9	1655.2
5664	3527.4
1064.4	1521
1020.7	1759.6
855.96	2177.6
1978.8	394.85
1097.8	1928.4
1450.1	1444.6
2346.8	961.4
1363.6	1032.3
2347.3	1007.4
2380.4	3492.6
6515.2	2751.4
6542.8	2619.8
1154.2	1110.3
5950.9	3356.6
2903.5	903.04
1782.1	648.37
1653	3684.5
859.51	2493.9
1958.2	1234.1
1957.6	3603.1
909.52	2033.8
1608.2	1411.7
1528.2	1466.8
888.33	2164.4
1278.3	1350.5
1488.1	860.5
5023.5	55.115
1522.1	1117.2
1383	1422
2997.2	4620.6
6564.4	2701.1
2066.2	1189.4
1408.1	3475
2376.2	4167.5
925.97	2125.4
1104.4	1843.9
5546.9	3675.7
1869.1	1266.2
1427.2	808.19
1063.8	1725.5
1788.6	895.31
1958.3	1231.7
2204.6	3926.4
1020.5	1617.6
943.39	1795.1
1503.8	846.27
1441.1	3250.9
1292.3	1019.5
1622.8	1337.6
1416.9	801.51
1116.9	1868.8
1484.2	3924.4
6481.2	1826.3
2266.5	3243.9
2617.2	314.94
1011.8	2576.6
6568.8	2684.3
1047.8	1537.5
2111.8	3714.9
1161.6	1521.2
910.01	2034
1251.8	2999.7
6104.8	1158.2
1995.1	3151.8
1123	1631.9
1577.3	669.7
890.47	2420.4
2063.1	3666.4
6563.9	2701.5
1197.2	1463.9
2056.8	1046
938.9	2057
1310.2	1339.6
1887.2	930.5
2364.2	195.2
1834.9	3563.1
935.65	1836.1
1030.9	1782.9
6584.3	2774.7
3262.4	628.23
6397.7	2185.9
2040.8	1182.8
1478.5	3646.9
1005.4	1611.9
2027.8	948.08
1200.9	1142.3
2056.4	340.36
939.49	1958.2
935.81	1836.3
5782.2	3308.7
6468.1	1846.1
2453.8	1036.3
1439.5	3247.3
992.39	1662.1
2173.4	3175.4
1155.6	1314.7
1539.3	1411.3
1580.2	1423.9
6497.6	2759.1
5541.8	3669.9
2311.4	1018.8
1305.1	1331.2
888.8	2164.5
5927.1	716.93
2621.4	315.85
1688.5	3947.6
6461.9	2719.3
1788	894.48
1042	1926.9
2126.1	1162.2
1846	1279.7
1078.9	1920.2
5285.1	4190.9
1112.8	3056.6
2048.4	3136.6
1078.2	1921.5
6521.9	2531.8
1612.4	4330.8
6361.9	1380.8
2316	3817.4
5482.5	4196.1
1038.9	1738.9
6366.7	2238.3
5546.9	3676.7
1255	1187.4
2097.1	1134.1
984.15	1974
1412.7	1274.3
1090	1844.4
2193.8	1116.7
5628.7	335.43
3339	246.74
1985.6	3134.8
897.55	2095.1
2454.6	1036.9
1996.1	3537.3
958.1	2019.4
1090.9	1747.4
5516.9	497.27
1333.4	1085.1
6555.7	2762.6
2124.1	1164.7
5776.5	480.05
936.75	2517.6
5214	163.92
6113.8	948.44
1174.1	1321.3
2747.8	917.01
2731.4	972.2
2670.1	3648.7
6459.9	1545.7
1337.2	1066.3
1245.9	953.27
1529.7	853.5
1517.4	1474.3
2721.8	507.07
1592.4	1050.7
5543.8	3672.6
6521.6	2714.7
1596.8	1515.9
1896.2	802.56
1069.9	1776.7
5849.8	3644.9
1958.6	1234.5
1655.2	749.29
908.61	1937.5
1175	1323.1
926.76	2071.8
1471	903.64
6156.9	3569.8
2015.2	1137.4
1632.6	4348.7
3507.5	287.34
6209.9	1108.9
6144.7	1089.3
1460.7	1174.4
1187.3	1743
2146.4	1080.9
5627.1	3582.2
901.58	2417.4
6359.4	2056.8
889.13	2415.8
1226	3925.4
1437.8	922.47
6536.4	1868.7
1458.3	897.95
896.81	2818.7
1064	1675.3
5181.3	126.01
1196.9	1155.9
5520.4	400.62
1383.1	3190.5
883.96	3002.7
6594.2	2616
949.03	2082.1
1570	3670.2
5901.9	651.01
1348.6	1030.5
1349.3	1623.7
1203.9	1458.5
1059.3	1702.9
2078	1172.6
1021.2	2607.2
5906.5	4326.6
1568.6	1037.1
1018.8	1774.4
2343.5	4263.7
5313.8	3837.2
1923.1	1181.2
1653.6	744.95
973.46	3305.2
6582.6	2757.3
1501.1	2346.5
994.08	1849.1
1179.1	1222.2
1883	1261.9
1481.2	776.03
1648	694.18
2129.6	193.68
1005.7	1788.5
1487.1	3554
1011.6	1865.9
1515.1	1101.7
1236.8	1191.2
2765.5	911
1507.9	3225.1
5559.1	279.19
2093.9	1022
6596.2	2621.2
1028.3	1604.8
954.82	2125.2
1595.8	1516.4
1334.9	1048.8
1829.6	3566.9
1392	3206.4
1173.8	1763.6
2633.1	690.78
1086.9	2622.2
2271.6	1101.3
1336.9	1067.2
1354.2	1360.5
1444.9	807.96
2633.5	3371.9
1412.1	1274.7
1460.1	1155.1
2521.1	573.49
1927.4	1211.2
6542.8	3055.7
1454.8	3643.7
1275.1	1362.6
2926.6	3451.5
1565.2	4037.2
5950	3356.4
1870.1	1240.2
1528.9	852.92
2016.9	3302.1
2068.1	1055.3
6584.8	2845.5
2175.7	3732.2
2094.4	3943.7
2434	617.37
900.8	3012.5
1185.7	1183.5
1594.7	516.97
1654.1	3624.7
1190.2	1136.2
2793.5	3613.4
1644.4	701.87
1658.4	588.2
2100.9	1159
1037.8	1576
1119.4	1624.1
2558.5	4242.6
1411.2	1573.8
1001.3	1831.7
1585.3	3086
1662.8	3488.1
920.95	1872.3
1619.2	2997.8
5708.9	3647.3
895.47	2798.9
951.55	1757.7
6179.5	3310.7
1224.8	1687.2
5949.7	970.83
5504.9	471.43
2352.5	457.04
2452.8	3462.3
6280	3133.8
6526.5	2069.3
3412.5	461.52
1590.4	4442.2
1895	236.4
2766.2	910.73
886.09	2071.4
961.72	2582.1
993.32	1799.9
2853.7	821.68
6358.2	3059.7
1283.8	3626.1
6514.2	1927.4
2626.9	3789.6
1831.8	4648.1
1334.7	1086.8
1066.4	1725
1373.8	2960.5
2124.1	3708.8
890.21	2833.9
3103.6	877.21
2484.4	3292.4
6380.9	3454.8
1455	1519.3
1662.2	707.53
1591.7	1388.5
1545.4	3713.5
5907.3	4328.5
1373.5	2961.7
1272	3401
927.48	2075.4
2168.2	181.34
1986.1	3351.6
2392.9	1054.2
2292.1	3409.8
5973	988.64
1088.7	1846.1
5627.6	3581.8
1774.1	931.99
5017.5	59.765
5990.8	717.61
6514.7	2709
1454.2	3287
2475.4	1029.8
6531.4	2513.6
1341.8	1039.7
1188.3	1161.8
2375	1060.2
2374.4	1060.3
924.33	1753.1
1991.4	253.98
6132.4	969.78
1427.2	1562.6
2041.8	1125.6
6547.4	2599.4
5817.1	3467.7
1176.2	1141.8
5822	820.19
1309.2	1341.1
1671.9	1416.6
2303.8	1054.9
1410.2	1269.4
1459	1153.3
1037.6	1730.6
1481.9	3005.3
1918.2	3040.1
6358.3	3059.7
2532.1	615.04
1125	1578.4
2471.9	3332
1071.6	1387
6477	1744
952.39	2125.5
2357.7	3595.3
5782	957.55
6232.8	3190.7
984.07	1868.1
1414.1	1488.7
5990.2	719.08
2748.7	924.11
2549.4	1010.3
1581.6	3277.3
1030	1604.6
916.22	2098
975.72	1820.8
6584.6	2845.6
1045.4	1756.9
933.34	1972
896.53	2099.3
1043.7	1974.2
6380.3	3362.6
1051.1	1755.4
1454.3	3286.5
6550.5	2620.6
6232.7	1142.5
2401.9	3834.1
958.22	2051.3
6502.4	2744
1685.3	1343.6
1339.5	3487.8
1044	1757.5
1411.1	1574
1011.5	1829.7
1087.1	1690.5
6523.2	1978.5
1932.6	304.82
1559.3	2126
926.56	2071.6
1354.6	1269.5
2771.8	4169.6
1866.1	1211.3
1061.5	1944.1
2506.9	328.47
1315.7	3389
1530.5	3353.4
1072.4	1948.4
6559.5	2763.5
853.81	2022.4
5049.8	138.59
875.19	3103.5
2543	1011.6
1240.4	1215.5
2194.7	3778
1499.6	3534.5
1449.2	1253.2
5722.5	4546.3
1893.2	2791.7
1592.3	1111.4
1177.9	1487.3
1721.8	1338.4
1447.2	1248.9
2203.8	173.23
1201.9	1753.4
1327.7	1059.4
2093.3	1103.2
1170.8	1259.2
1929.2	4611.3
5171.4	4075.4
1393.7	3713.5
1394.9	1225
1170.8	1259.6
1067.6	1724
1535.1	1401
2304.6	3897
6532.9	2032.3
1307.4	3685.9
918.6	1845.7
1126	1296.5
937.93	2124.7
1112.7	2993.5
5793.4	3284.9
5429.6	459.38
1482.6	3004.6
3537.2	85.269
1784.7	3310.3
6585.1	2585.4
928.99	2108.8
1250.2	3729.5
1314.4	3387.9
2925.8	3865.1
6021.8	3261.4
6572.2	2641.1
955	2028.5
2125.5	1157.9
3381.7	360.36
994.76	1832.9
2462.6	3286.7
960.32	2519.3
2341.3	3537.4
1533.3	737.62
1241.6	2938.3
6246.4	2986.6
1077.6	1630.9
2206.6	177.03
1571.5	1414.3
2272.3	3726.7
1072.7	1723.4
5302.4	3847.7
2484.7	975.93
1024.9	2261.4
1895.5	770.32
1010.3	1773.8
1112	1261.7
5143	183.16
1386.2	1204.7
5689.1	3458.4
1805.4	856.12
1100.3	2978.8
6478.5	2553.7
874.86	3104.4
1450.3	3289.3
1539.1	839.82
2123.6	3850.7
2315.5	1077.2
1054.9	2703.9
1209.9	1669.9
985.38	1704.1
5321.5	225.6
5526.3	3839.5
1499	3535.3
2001.4	1200.7
6597.5	2193.4
1698.9	3351.8
1803.1	648.6
2298.6	1084.4
2418.4	3474.6
2484.7	978.46
1261.5	1171.3
1819.1	1337.4
1551.8	1412
2324.4	3267.1
2358.3	3600.7
5846.2	707.72
6351.9	2891.1
5382.6	4099.5
6000.1	769.64
1305.6	3174.9
1275.7	1359.4
1371	931.75
859.85	1855.6
2626	598.02
5047.5	4292.9
1632.8	3796.5
924.64	1899.4
887.39	2408
1293.3	1409.9
5999.7	3163.4
1392	3241.9
1656.9	3023.4
1665.3	973.59
1048.8	1755.8
914.17	1902.2
1981.4	3265.5
2266	4646.4
2265.3	3704.1
1540.3	1448.8
2007.3	3676.1
1290.5	3424.3
1189.3	2825.2
1040.5	1947.9
1802.6	1245
2553.1	959.74
1448.6	765.16
2299.1	1084
2047.4	398.5
1024.9	2263.8
1823.8	3566.2
1981.9	3298
1657.3	3176.6
1255.5	1703.6
5094.6	72.32
6585.5	2417.2
6247.6	2987.5
6466.7	1849.7
1346.9	3397.4
1706.1	1396.9
1479.8	767.19
1941.6	315.15
6581.8	2472.9
2661.5	722.65
6571.1	2639.7
2073.4	3618
1276.9	1017.8
2287	4099.1
6336.5	1301.5
6013.4	717.38
6524.5	1999.8
6574.2	2638.7
5287.1	203.2
2068	976
1196.9	3450.6
5980.9	1019.9
1661.9	943.42
6529.7	1851.7
1102.7	2979.5
1159.8	2888.1
1364.2	908.36
2357.7	3599.5
6533	2697.4
1250.3	3080.9
1278.4	1021
1562.7	855.76
1689.7	3870.4
1079.2	1627.8
1242.1	2938.4
1072.5	1922
1462	3423.1
6556.3	2942.9
1310.2	1333.7
1639.6	1435.5
1758.9	3668
2511.8	3644.1
6480.9	2460.5
2829.4	709.82
1186.7	1159.9
1361.9	943.71
2657.8	931.35
2492.6	518.29
1386.8	1201.8
1593.1	2238.8
5197.1	252.39
2445.1	4049.2
1846.7	1110.6
6243.5	2986.3
1304	1072.3
1092.1	2725.3
2396.4	3272.6
1715.2	961.41
1939.1	4432.8
6270.6	1228.3
1223.3	1499.1
1453.9	781.08
2299.8	3215.8
993.28	1977.5
1527.8	711.04
3186.6	928.17
6409.9	2163.4
982.82	1969.3
5677.3	500.84
1147.3	1379.3
5819.8	3285.3
6083.5	3341.9
1379.8	1218.5
1537.4	2186.8
1265.3	1694.4
1933.3	1226.5
1407	1215.9
5004.5	4251.1
5803	3603.7
1986.9	3310.8
5297.7	4562.1
2758.2	402.52
972.89	1872.2
6178.2	3310.1
956.98	1864.8
2696.3	4306.9
5958.2	845.35
1484.9	3010
6415.2	3149.5
1481.7	3001.2
2108.5	1028.2
6533.6	2681.5
1218.4	1739
943.75	1610.2
1195.5	1126.9
1037.8	1461.3
933.98	1793.8
5785.9	3924.7
1042.2	1900
1286.1	1404.1
1036.8	1783.2
1194.3	1760.7
2440.1	1029.6
1025.4	3005.8
6404.4	2814
2048.9	3322.1
2432.6	977.43
3478.4	85.891
6572.8	2644.5
2143.7	3569.7
6436.3	1580.6
954.96	1864.1
1797.7	1295.3
1172	1607.1
6619.9	2010.2
1967.4	258.52
6359.9	3410
1167	1788.5
2113.8	1151.3
1968.4	1222.5
1793.7	1250.7
6458.2	2792
1094.6	3051.3
2346.3	784.51
4266.3	2493.9
6377.7	2982.7
5866.4	3607.3
1085.9	1296.8
1400.3	3485.3
1233.8	3349.1
2538.5	3306.7
1100.5	1886.9
5727.1	3681.6
6319.6	3257.8
2101.3	3817
6508.5	2085.5
6108.4	3347
1304.2	3351
1582.3	1136.5
6480.8	2459.3
1295.7	1163.3
2730.9	487.18
1255.7	3523
2751.5	962.52
2716	923.86
1042.7	1902
6531.9	2821.7
2034.1	1142.4
969.68	1702.7
1491.4	764.28
1958.6	1164.3
6588.7	2423.1
953.95	1864
1380.4	898.01
1128.1	1616.1
1743	1278.9
5878.7	3511.7
6178.2	3960.9
1033.5	1734.5
2883.7	887.33
1533	3365.9
1393.6	1588.1
2355.4	4148.3
2407	3904.7
5791	742.82
1665.3	3222.1
1500.1	1096.6
1665.7	3221.6
929.25	2109.5
1676.5	666.96
6359.1	1345.3
2784.3	962.84
6462.7	1980.9
6342.7	3217.5
6446.4	1793
1553.5	1410.9
1180.1	1774.7
1219.9	3067.9
1042.4	1899.7
918.72	2538.4
6022.4	3261.4
2671.3	3961
1565.7	2164.5
5197.3	252.67
1793.4	784.44
995.96	1778.1
1025	3006.5
1309.9	1334.4
1884.7	4026
1151.4	3353.3
1867.3	217.2
2634.3	687.88
2060.3	1130.8
1892	1196.6
908.88	2117.2
2031.1	1176
1822.6	3313.7
2206.7	3648.9
1797.2	1294.8
1233.7	3350.1
867.78	2485.6
6324.6	1541.6
1638.9	555.13
2729.2	967.52
2056.3	1175.6
897.69	2489.3
6057.9	994.03
1617.4	573.09
963.61	1983.8
6446.5	1793.3
986.43	1832.4
1142.6	3214.8
5180	4081.8
2670.6	3961.2
1069.9	1959.4
5859.2	904.23
1413.9	3088.9
5591.1	262.24
1303.5	955.22
1448.1	766.22
1197	3431.3
6586.5	2419.5
1661.5	3023.2
1006.2	1977.2
4940	73.236
1884.9	4025.4
6302.5	1296.4
6109.1	3347.3
849.63	2379.5
1367	915.8
5840.7	886.07
3152	486.9
1699.2	1322.7
1511.1	1062.5
2258.2	1051.6
2363.7	1070.9
3364.5	700.08
991.68	1691.4
5880.4	3509.3
6596	2669.3
6535.9	2636.6
1166.2	1138.9
2331.7	3839.2
1449.8	760.78
923.62	2519.7
2815.2	3742.3
2124.8	169.54
1020.4	1797.7
2276	4033.3
5803.3	3599.2
5636.4	738.75
1481.7	2997.3
998.94	1568.3
1008	1822.2
1459.4	3285.2
1047.9	1706
1056.6	1961.7
2099.2	3585.1
6106	929.52
1951.7	226.55
895.96	2153.1
2736.1	963.79
850.01	2379.7
1372.1	3203.5
6365.9	2998.2
2494.7	3281.9
1896.8	772.12
893.98	3105.9
2378	3591.6
5772.8	3324.7
6540.3	2538.1
1638.8	1434.4
6076.7	804.37
4568.4	4406.5
1425.1	3665.8
2497	3648.6
970.49	1619.2
1847.8	3670
867.64	2443.5
908.36	2173.3
936.91	1989
1418.3	1020.6
1739.5	1104.9
6350.9	2186.4
5854.4	3293.9
2303.5	1019.6
2168.4	383.24
2030.4	1176
896.92	2462
6066.5	3680.6
3410.6	247.96
1918.1	1981.6
1179.9	1333.9
1610.1	3255.9
6495.7	1866.8
971.18	1493.4
1122.4	1569.5
2316.7	3830.8
1507.9	4031.3
5610.9	3573.8
995.04	1608.8
1880.3	1248.9
6498.8	2013.7
1258.6	947.14
900.95	2048
5260	3939.5
1616.4	4092.6
2201.2	3734.9
1737.1	3165.7
3392.3	474.16
6497.2	1800.5
901.49	2049.5
3140.2	826.74
1118.5	1870
1914.9	303.85
1370.3	3204.3
888.27	2153.6
894.84	2153.2
6008.3	3156.8
916.46	1682.1
5193.5	4494.6
5165.2	280.06
1823.2	4201.8
1879.5	1248.5
1708.4	959.96
2552.9	3999.4
2054.1	4639.2
1297.2	3400.8
6356.1	1969.2
2715	959.41
5939.3	774.02
937.62	1801.6
6572.1	2424.1
1543.6	3480.6
2759.8	4188.4
1145.7	2967.5
5771.4	737.81
2649.3	1015
6413.4	2931.5
6499.2	2013.2
1034	1883.4
2286.6	3547.5
1102.8	1414.1
1303.5	953.88
1581.6	1220.3
907.27	2972.5
1979.1	1213.6
6548.3	2579.5
2126.2	4185.3
2622.3	3978.9
1431.5	763.93
2035	3640.2
4916.5	4147.1
2492.9	3283.4
2343.2	3425
1312	1083.5
2494.1	3283
1983.9	3657.1
839.6	2555.9
1206.5	1689.2
6389.3	2156.8
6076.2	1260
927.38	1984.9
898.3	2064.2
2384.3	4176.8
3171.2	848.07
2637.7	3373.7
2511	378.17
2263.5	3384.9
5715.6	413.94
907.34	2972.5
6579.1	2648.3
2260.7	888.24
4961.8	4131.4
2297.2	3217
1592.2	2238.2
2227.2	570.82
2704.3	3979.6
994.78	1644.1
1823	1234
925.22	2012.6
1089.2	3018.1
6349.2	3020.3
5163.1	280.74
5257.2	3936.5
1660.1	776.77
2759.3	4187.5
6527.5	1840.8
6430.8	3012
1169.1	3421.6
4953.2	108.26
3426.4	226.5
6558.6	2650.5
915.78	2018.9
1529.4	1092
5751.5	3325.3
4917.1	4147.1
6514.7	1769.7
6548.5	2579.6
6174.3	3049.5
1127	1544.1
1626.4	3551.9
1210.9	1673.5
6357.2	2920.4
2456.5	1031.3
5599.5	588.85
1117.4	1418.8
2434.4	4343.8
6138.8	3590.6
6578.4	2650.4
1607.1	658.74
1837.1	1103.3
2490.2	3284.7
1033.9	1883.1
1658.8	3023.3
1685.1	1349.1
2006.1	3786.8
6284.8	2997.9
5589.4	3577.8
5613.2	446.7
1142	3475.2
3056.2	82.233
2176.8	1126.2
2026.7	929.85
5669.4	383.4
1520.3	1346.7
921.12	2196
6397.2	2955.4
931.57	2839.1
6513.5	2446
1218.1	3329.6
1790.4	3491.9
2270.9	3736.9
2894.9	818.3
2838.3	943.96
2896	814.38
5791	715.06
3321.9	184.9
1255.1	1064.1
6542.5	2696.9
6603.4	2015.6
1966.4	3225.5
2151.3	1092.1
1482.2	3284.5
6598.1	1897.2
1895.1	761.76
6333.2	1699.3
2450.9	989.31
3442.5	505
1417.1	3228.4
5513.3	225.8
1625.7	3551.6
1817.9	3943.7
6574.4	2775.5
6514.7	2738.1
2082.6	3431.7
1219.8	3250.1
866.09	2466.6
4895.8	4150.8
6282.7	1256.3
2092.3	1169.3
995.87	1701.6
1848.8	1277.4
1933.5	3633
1543.3	3480.9
1508	1410.9
1920.8	3039.7
2690.5	3924.4
2682.7	4421.8
2322.6	3440.7
1757	594.38
5882.2	3305.8
751.9	2797.7
1502.1	1115.8
6439.4	2995
1621.1	1398.4
6513.8	1928.8
2077.5	92.567
1211.1	1686.7
1983.5	3260.1
5675.4	3481.7
1374.7	1295.1
6254.4	2991.7
3260.6	641.49
2088.6	1153.1
1877.2	2456.9
2954.9	925.24
926.14	2583.1
2236.3	3888.2
1290.8	1603.3
5899.4	3835.9
1035.9	2264.3
1176.7	2853.5
2810.1	3553.8
2370.3	519.44
6605.1	1930.1
1447	1513.4
925.83	2582.8
6410.7	1616.3
6547.2	2529.1
1497.5	1088.1
6284.4	2997.7
1919.1	3624.2
6348.2	1750.5
6489.7	1850.4
2364.5	1127.6
1415.6	1226.2
1444	1097.9
6430.8	3012.1
1831.4	3675.2
895.82	2066.7
2201.3	1127.4
1828.1	3834.4
993.82	1973.1
5146	3984.2
6353	2301.4
1628.1	534.69
3171.5	848.34
1494.9	4338.3
2439.4	3292.1
2481.8	919.54
1036.8	2264.2
1095.8	1801.5
2760.3	4194.7
900.92	2484.8
1407.3	849.12
2762.3	4199.7
1044.4	3311.8
6077.4	1141
2396.9	3584.8
6578.8	2650.7
5430.1	328.18
1814.6	369.81
2226.5	3744.4
1835.1	1197.7
2815.7	939.4
945.89	2581.2
6167.3	3909.6
5611.6	3573.6
1342	3419.8
6500.1	2493.2
2152.6	3467.7
2372.5	3421.9
6388	2968.5
3350.2	695.46
1126.2	2926.4
1959.8	4145.4
6132.8	1351.5
5194.1	4495.4
1047.3	1683.3
2510.7	378.18
6351.9	3052.5
1838.1	1272.1
5183.2	284.23
6383.8	2883
2879.8	3976.3
1921	3039.4
1769.2	797.93
861.26	2546.1
1920.5	1245.8
5949.5	872.35
2136.9	1193.1
1129.1	1275.1
6450.8	2878.1
2508.7	3268.3
5769.1	766
1232.2	2679.2
798.23	1898.2
1587	3175.6
889.29	2029.3
1015.5	1877.4
2197.6	3369.5
1691.3	1249.2
2299	442.45
899.39	2485.6
6350.5	2187.3
5929.9	988.31
983.66	1854.6
6601.5	2324.4
1387.9	812.75
6254.3	1193.4
1289	3633.6
1498	3050.8
1376.9	3600.4
927.82	2994.9
2331	92.09
2406.3	830.13
1214	1609.2
6412.6	3504.4
2089.3	1152.8
6416.6	3154.7
1882.7	1216.5
904.77	2153
1586.1	1551.6
2454.6	3831.7
2455.1	3830.4
999.07	1754.6
971.15	1493.4
1160	1795.4
1498	3050.1
1494.4	4339.9
6320.8	1560.7
6485.7	1805.1
1053.5	2714.7
2746.8	891.96
911.23	2297.8
1810.6	3680.6
915.44	2750.6
1458.5	3828.2
6197.7	1092.3
6347	2930.4
1018.9	2597.6
1920.5	470.72
6474.4	2234.3
1504.3	1093.2
2438.5	3310.2
865.03	2554
2237.3	37.088
1160.8	1538.4
2368.1	1127.2
1290	3618.5
2273	3557.1
1459.8	1506.9
1005.1	2703.1
1811.4	3681.2
1934	3612
4939.9	72.635
919.52	2162.1
6367.9	3114.8
1019.2	1807.2
2680.2	3514.3
1044.7	1741.6
1695	3174.3
1020.7	1803.5
1226.8	2659.9
2247	3501.4
1110.5	1452.8
1118.9	1421.1
1592.2	1539
5749.8	3319.4
6335.5	2941.9
2204.5	4138.4
5833.8	4431.1
6469.5	1889.2
1089.3	1437.1
1054.4	2715.3
2736.5	963.82
1345.2	1573.4
1529.6	811.32
945.66	2581.2
917.37	2080.1
2613.3	3496.7
6330.9	2127.5
1495.4	4333.5
2255.8	51.136
2480	381.94
6383.8	3207.5
2305.7	1040.7
2196.5	3890.2
1881.4	3234.3
1414.6	1241.5
2225.9	3611.1
915.17	2750.1
881.5	2494.1
942.69	1783.7
6617.3	2679.8
5597.4	3576.7
1247.8	3089.1
2414.9	4546
5586	4477.1
2168.2	1022.3
1153.3	1801.7
1932.9	3612.1
876.83	2429.9
6342.3	2145.4
1720.7	1306.3
1891.1	3314
1397.9	840.06
2102.1	3836.8
6545.8	2670.8
6380.9	1875.9
2065.9	1136.9
6536	2569.1
2520.4	3608
3288	247.48
1261.8	3576
2762.4	4201.9
1825.4	3668.6
954.35	3378.2
928.03	2994.7
2889.3	3396.6
906.3	2162.7
5004.4	4114.9
1329.9	3502
1205.6	1110.7
882.94	2400.7
2025.6	1198.8
1238.4	951.12
6461.9	2433.7
2280.8	3378.7
5835	999.38
1986.3	3792.3
6521.8	1945.9
3045.9	3672.6
6095	1137.1
1912.2	4648.4
1372.2	1333.2
5918.7	945.52
869.1	2500
1662.4	4043.4
5269.2	192.09
3078.7	293.72
1604.1	997.8
5760.7	3800
6379.7	3237.9
2715.1	960.39
5828.1	699.92
908.99	2221.1
1178.2	2814.6
5683.6	513.18
5226.2	177.54
1012.3	2679.2
2296.1	3203.7
6497.7	3240.5
2011.9	3654.4
1886.1	2407.9
2165.6	1034.2
2010.6	3654.5
6021.6	719.94
1453.6	3946.9
2462.6	3472
2401.6	135.41
900.92	2183.3
6014.3	859.71
3029.1	875.15
1662.3	525.86
6546.4	2528.8
1223.1	1271.7
958.44	1805.5
2500.3	3275.5
2322.1	3440.9
1664.7	3338.1
2472.7	422.83
5752.7	866.06
5827.1	4429.9
6200.5	3088.7
1992	3267.1
2257.6	1025
5454.1	466.4
1238.7	2679.6
5420.2	425.8
6467.3	3493.8
1200.2	2821.9
1802.1	3509.9
6549.5	2558.6
1270.3	1389.1
1997.8	3159
2373.7	3443.2
6252.9	1094.1
1187.8	2801.3
903.53	2902.8
1359.1	3175
2170.5	1018.9
1274.7	1318.9
1412.3	3356.7
1620.2	526.26
1156.6	1601.3
6040	3424
2460	1034.1
2049.1	4047.1
6283.6	1214.7
2332.6	3840.1
2954.9	925.61
5090	4034.1
2068.7	3645.4
1891.4	3313.6
1340	923.78
3099.7	361.88
2327.8	3534.6
998.58	3206.7
1342.4	3187.9
2974.3	4012.2
5169.1	75.541
1550	3633.6
5154.3	32.577
6530.5	1863.2
6226.4	1082.8
6253.1	1091.9
1281.2	3165.3
2104	3836
3261.7	337.43
1435	4163.9
1424.2	3359.5
1646.6	3219.2
6368.8	3116.4
1901.5	2117.4
2021.1	1085.1
1183.1	1341.7
5784.3	4165.1
1802.1	3509.2
5658	3526.2
1425.8	763.8
937.44	3057.2
1960.8	308.56
2042.2	3564.4
1206	1108.2
1407.5	849.87
1930.8	1226.1
2334.4	3953.1
6394.9	1502.5
2430.3	994.92
5171.8	3861.7
1852.1	3114.6
913.92	2163.3
5029.5	117.44
1000.5	3982.5
2332.6	435.09
1124.3	3016.4
6518.7	1938.4
6458.5	1693.8
5647.8	479.03
1638	3307.7
6499.9	3240
6147.9	1288.2
6548.8	2558.5
1274.3	3118.1
6349.6	2266.1
1086.7	1831.3
974.3	2094.7
1125.1	1283.1
896.27	2478.1
6579.1	2781
904.93	2153
1641.4	561.05
1771.4	1263.4
1038.7	2625.1
6458.3	3502.6
2122.3	3316.1
2182.4	3346.8
5642.7	3764.6
932.79	3308.4
882.53	2186.2
2121.9	3316
2102.4	1155
2181.5	3346.6
6262.3	1107.1
1141.9	1370.4
1219.2	2941.5
6361	2120.9
6391.7	2836.2
1394	3049.4
6497.2	3240.6
1936.6	3633.9
1589.7	955.36
932.04	2543.3
921.44	2117.6
1288.8	1666.1
910.51	2530.7
1376	991.13
901.86	2889.9
1434.7	4164.2
5669.4	382.55
2169.3	3480.6
918.86	1837.1
995.68	1616.5
5781.9	3651
974.34	1634.8
1000.5	3983
2014.8	1084.9
1423.9	1272.3
1193.4	2814.5
2608.3	3373.5
1071	1849.2
1439.5	889.26
976.15	2799.9
1081.3	3333.6
1017.7	2953.3
6365.8	2214.7
1193.3	1156.1
5203.1	4365.2
1507.5	1446.2
2228.2	1105.2
1680.5	3368.5
968.6	2516.2
6260	1106.1
983.66	1824.8
1192.2	1111.8
998.25	1998.7
2438.6	3312.1
5004.9	4116.4
3160.8	556.88
2901.6	36.588
1108.5	1640.8
936.75	1982.9
6152.1	3244
1046.7	1645.9
1607.2	1017.7
5672.8	379.6
1415.3	1391.6
2548.9	990.29
2462.2	3471.7
1796.9	1284.8
1835.5	3872
6492.2	1763.9
6524.7	1832
1237.2	1040
1890.8	1380.1
6195.1	3034.7
4792.8	4181.8
4545.1	4565.3
6434.3	2388.6
1690.2	591.06
2020.3	3678.1
1873.1	3551.2
2325.4	4208.1
878.71	2907.7
5910.2	991.96
1195.5	1553.4
1407.1	844.04
2480.9	97.783
1929	1192.2
961.06	2566.1
2059.9	4395.7
2066	1132.3
4545.8	4565.4
1172.3	2644.4
1895.3	3994.9
1697.5	940.33
1667.6	1297.6
1086.6	1830.9
1737.9	1251
6334.6	3894
1836	4342.1
1323.7	1230.8
6668.7	2235.4
1261.1	1645
2337.3	3398.8
1615.2	3013.4
2023	3315.9
5192.8	4291.6
1020.5	2587.9
936.9	3057
842.91	2645.2
1097.9	1414.3
1038.8	3286.3
6411.3	2847.5
2417.3	3441.7
5726.2	3916.4
2816.2	4639.6
6585.5	2065.1
1144.2	3219.3
1896.3	3140.5
1305.4	1338.4
1653.9	1331
2704.2	4292.1
2863.3	3700
2226	334.22
1200.1	3250
1494	3022.6
1177.2	3290.8
2337	3951.3
5856.8	889.69
1125.2	3040.1
1585.9	2583.8
3923.2	157.31
1078.4	1822.3
1103.5	1812.5
1429.9	1159.5
862.87	2125.8
869.1	2500.1
2207.9	4138
1885.7	2672.7
1844.1	1327.8
5607	290.58
874.03	1828
1000.1	2565.4
1263.6	3415.1
1247.7	1138.8
6534.7	1857.6
1426.5	3354.2
2863.4	4411.8
1766.4	3486
1020.1	1806.8
6590.1	2061
1041.2	1429.5
1971.6	3981.2
1329.8	954.08
941.85	1783.2
5729.1	3812.2
6573.6	2479
2583.7	3914
5359.1	4198.9
1084.4	1724.7
1077.7	1822.2
2011.9	3636.4
876.34	2141.3
927.74	2872.9
1753.7	3394.4
878.53	2195.7
1436.1	791.9
6424.3	1638.6
5325.2	315.65
5764	3991.9
1004.5	1700.1
5827.2	3663
1984.1	3949.6
1465.3	1134
6601.5	2293.1
6661.5	2177.6
2081.6	543.2
932.45	2543.4
938.65	1899.9
1068.2	1842.9
1625.8	3036.7
5659.8	3754.9
2006.8	3222.4
2447.3	3312.1
1284.8	1145.6
2209.3	4137.5
2422.4	4357.2
1269.1	3080.8
1056.3	2872.8
3423	573.52
2085.9	3435.4
6425	1637.8
1195.1	3348.2
1626.6	3335.3
2285.5	1078.9
1443.3	1430.9
2874.9	4099.7
2643.1	3638
1063.7	2712.8
1064.3	2712.2
4997.9	4405.8
6470.9	2928.8
1121.4	1428.7
2471.7	4010
901.34	2890.4
5581.1	404.51
1789.8	3183.3
1006.5	1664.1
1361.1	3739.2
1147.3	1808.2
1789.3	4312.3
6599.3	2275.5
2398.9	3481.5
959.61	1994.9
6549.4	2660
4589.5	4257.7
2447.4	666.77
1299.2	1330.9
1477.9	3097.3
2347	3537.3
3922.9	156.64
936.73	2773.3
5589.4	3715.3
1105.9	2962.7
2029.9	3313.7
6547.4	2656.3
993.46	1531.4
856.1	2807
5765.7	600.76
6542.9	2491.4
5770.5	3308.8
1493.3	3021.8
3359.5	688.83
6561.3	2567.2
902	2889.3
1923	1143.3
5469.5	4399.5
1012.6	2678.9
6088.6	948.66
855.85	2785.3
2086	246.7
2707.6	3366.2
927.65	2872.8
923.83	2957.6
1105.2	2961.5
2437.8	3853.3
5358	262.17
1539.5	638.04
1742.5	1242.1
6585.3	2060.6
1207.1	1282.8
2027.6	3343.7
1496.1	4329.3
2698.2	4010.2
6349.2	2173.7
1546.6	825.85
1067.7	1485
1628.8	3818.1
6588.8	2714.3
2502.8	3503.3
1903.9	767.11
1427.8	1159.2
880.42	2494
2017.9	4439.4
6405.6	3175.2
6013.6	798.62
1464.2	1133.5
5762.8	884.36
2662.5	1156.6
1505.5	3427
1887	2264.5
1051.3	2947.9
2805.5	3743.3
856.74	2807.2
1624	3039.8
1609.2	3029.2
5585.1	673.99
875.91	2141.1
6608.2	2502.4
1078.4	1826.9
6191.2	3087.5
2400.6	3481.1
1492.2	2261.4
1219.7	2941.7
6377.6	2994.5
6563.8	2045.5
2771.7	3670.8
2058	4393.5
1324.1	970.53
6448.6	1595.9
1026.1	2601.3
5226.2	306.68
3090.5	353.71
6217.1	3006.6
1848.2	409.17
1264.2	3565
6601.8	2293.1
855.06	2785.5
6609.9	2504.4
1099.4	3469.5
917.14	2920.2
6652.8	2205.2
2354.5	158.24
988.13	2037
6309.9	1590.9
1907	3719.3
2784.9	3563.7
1048.6	3158.3
6524.2	2884.9
949.57	1791.1
5029.9	139.82
879.95	2113.9
2384.4	142.91
5818.1	711.83
2706.8	4290.6
1008.2	2643.3
1346.2	915.68
6597.8	1988.2
1528.4	4001.8
1151.7	3174
5914.9	3254.8
1270.6	3078.1
2225.6	4091.7
5759.8	3683.9
2281.4	3380.6
2461.8	217.64
6315.4	2983.8
1285.4	1143
5353.9	234.07
1678.4	3366.9
5997.4	1192.8
5796.5	926.09
6651.7	2335.9
6362.6	3343.9
5392	282.26
917.43	2919.8
1438.3	1354.4
1900.4	2121
2726.7	748.19
6410.6	2260.9
1524.3	622.86
1473.7	1549.5
3060.3	903.61
2045.2	1121.9
1605	3837.4
1919.4	191.98
937.29	2774.5
1387.3	1230.2
2233.1	335.94
1350.8	779.6
2817.7	4558.9
1417.2	756.22
1607.9	2638.4
2308.8	3588.3
1364.8	3215.9
5964.1	1163.8
5036.9	4026.9
1432.4	762.77
2491.9	3980.1
6221.2	3169
6039.9	3426.8
898.51	2935.4
2256.5	3509.4
1964.3	3991.4
6432.4	2389.3
1656.1	3154
993.22	2612.5
1500.9	724.9
5656.8	650.86
2603.9	139.18
6484.8	2847.1
4624.9	4183.8
1236.1	3418.4
1356.3	778.99
6091.8	933.24
1066.3	2771.3
1924.7	1223.2
1019	1662.8
6273	1236.4
1245.2	2922.9
1156.1	3600.1
1596.1	1369
1052.1	1645.7
3949.9	156.19
1384.5	1535
2214.1	112.46
1254.8	1369.1
1872.3	3556.6
6313.3	2983.6
5594.2	430.36
934.05	2555.3
891.57	2580.3
909.38	2772.9
1286	3151.3
1002.4	1487.3
6190.7	3448.4
6548.3	2641.2
1353.2	778.99
2459	214.44
5903.8	3261.7
1014.7	1877.3
2013.1	3199.9
934.15	2560.5
1433.7	3277.5
1928.9	3081.8
1617.1	3064.9
6089.8	3503.1
916.81	1861.3
1915.3	3453.9
1417	751.01
2551	3924.3
954.29	2516.7
6270.2	1221.2
6190.6	3201.2
6284.8	3447.3
6519.8	1932.3
2359.8	3422.1
6553.6	2364.3
1614.4	724.56
858.97	2831.2
886.52	2583.4
6341.8	1783.7
5704.5	3686.6
2506	4279.9
5494.9	414.38
2009	1151.2
3347.8	1957.2
852.13	2747.1
1260.2	3374.8
2080.6	543.71
2093.9	3444.1
6487.9	1833.7
1915.8	3453.9
1286.2	955.85
920.1	2599.5
2338.6	3630.8
1634.6	1346.6
999.16	3141.5
2194.6	1161.4
1609	2637.5
1026.4	1855.7
6219.9	1465.3
1679.7	3344.4
1064	1383.5
2341.3	3631.5
1532.1	3039
1316.2	3459.8
1250.4	3284.6
5892.3	3268.4
6573.3	2478.7
2748.2	3945
2814.7	4485.7
5775.3	4178.7
933.88	2556.6
1628.4	3818.4
1243.4	2922.8
1767.1	3417.4
1097	3282.5
5150.2	3968
1041.4	1427.2
6037.5	1271.6
1248.7	3654.8
1762.2	1268.9
5271.4	117.7
6406.9	2251.3
3146	858.82
6353	3373.2
2798.1	715.8
6382.9	2852.9
5242.8	153.42
5541.9	526.58
2291.4	1035.5
6514.8	3114.1
1543.8	3624.6
5518	3729.9
3362.6	1965.3
1315.8	3506.7
6572.3	2671.6
6439.3	2181.3
5633.9	3442.9
6070.7	3259.7
1028.3	1683.1
1206.2	1105.6
1971.4	3979.9
1464.1	3086.8
6604.8	2499.4
6508.9	3030.8
5160.9	270.68
6363.1	2301.6
6244.6	2968.3
6252.9	1769.1
2061.3	4037.6
6600.3	2294.8
6591.9	2449.6
6027.9	3353.6
6015.1	799.95
970.64	3115
5582	403.63
1362.6	1553.3
1386.5	985.19
5556.2	419.73
6491.8	2472.6
5185	4319.8
2299.7	1065.4
982.58	3249.4
6070.8	3866.9
1180.7	3501.2
858.56	2831.3
4743.5	4178.8
6391.7	2855.9
1972.5	3984.9
6407.2	3175
5240.8	308.37
933.04	1773.3
6363.3	2302.2
1399.9	842.13
2085.2	965.7
5193.8	282.04
6028.9	1102.6
3309.7	1004.4
2226.5	4087.9
1126.9	1163.3
1151.1	1557.7
6581.7	2059.7
2397.2	3739.7
2379.2	1058
6181.9	1520.6
5665.6	497.81
3383.6	1977.1
2860.3	944.89
1167.8	3164.9
870.77	2138.4
2087.1	1148.2
6578.6	2499.8
5636	4108.2
6267.6	3144.1
2025.3	3275.4
6089.9	3502.9
5653	4128.6
1334.6	1237.1
1210.1	3339.5
1232.8	3650.5
6247.3	1097.3
2235	4313.1
2012.2	330.86
928.76	1847.5
880.47	2905
4994.9	3968.3
1080.8	1854.4
6491.1	1716.5
2040.9	4130.9
2554.8	3502.4
6166.8	959.2
1068	1755.6
6370.1	2206.6
1822.9	3556
2277.8	4587.7
932.58	3149.1
1568.6	968.91
5967.8	3341.2
2248.4	3722.9
1079.3	1364.9
1564.1	3207.6
1870.3	1222.4
6526	2851.3
1000.6	3140
1143.5	1745.5
935.81	3005.2
5636.7	4105.4
6262.2	1170.9
6383.6	2851.5
6265.2	1234.4
2344.9	496
871.68	2588
6412.5	2007.2
6391.2	3215.8
1235.9	1677.2
1231.7	2952.9
1898.3	3361.7
1926.7	3450.8
1370.6	1406.2
6022.4	3298.5
3372.7	735.26
5407	3866.5
2296.4	124.29
6077.8	3311.2
756.56	2155.5
1603.5	3228.4
987.54	2036.9
6077.4	3308.9
1767.9	3416.5
5683.8	4587.8
839.16	2076.2
2353.9	587.52
4626.3	4092.8
2216.5	3777.4
2404.6	3733.3
1354.6	1526.6
1232.8	3295.9
2823.2	3549
1215.2	1615.7
887.57	2583.7
1646.7	578.5
3253.9	650.97
5193.5	158.63
941.95	3170.2
2089.6	4558.5
1671.4	3250.1
6519.9	1792.8
1927.5	1178.4
1857.2	3548.7
2981.7	4047.3
1420.9	3320.7
5520.6	3730.6
6353.5	1311.9
1458.4	3384.2
1493.7	3006.4
2650.8	4336.3
1795.2	3196.6
2205.6	3779.7
2380.7	587.71
2359.3	3423.3
2302.8	1079.9
1484	3296
1087.8	1781.9
6076.8	3313.2
3398.7	1985.4
898.53	2935.4
5293.1	4081.6
1980.5	3183.7
2260.9	43.839
1662.9	3145.9
1684.6	3791.9
6301.8	1593.1
1088.4	1624.1
6303.9	1206.1
6590.8	2443.3
6482.6	2844.7
1384.9	3125.1
6077.8	3309.9
6324.9	3430.5
5457.8	587.28
5989.9	3190.2
6329	1258.3
6256.9	1128.2
1929.6	3081.5
2629.4	1017.4
6337.7	3395.5
6546.2	2873.1
2216.1	4126.4
1838.9	3316.8
6343.1	3339
2338	3829.1
1628.8	1359.4
6302.2	1460.3
1674.7	3919.3
1045	1766.5
2640.1	3631.6
1982.2	1218.2
2564.8	986.4
1991.4	3169.5
6304.4	3453.9
6435.8	1496
1122.1	1781.8
6405.6	1911.4
1931.3	1124.4
4259.7	2483.6
6117.3	1426.2
1100.9	1444.9
2456.5	213.04
1039.2	1456.6
6338.2	3395.6
4273.2	4618.1
2057.8	4037.8
1947.3	234.97
5494.5	3733.7
3309.2	1004.7
1619.4	3214
1903.6	2928.8
2082.3	105.67
1751.3	3080.6
2982.4	4047.1
6210.2	1240.2
2293.1	3821.2
2875.1	4099
6419.5	2799.6
1640	3028.5
1407.5	4247.1
5784.7	744.7
6044.7	821.91
5156.8	4050.1
6332.9	2912.4
3382.6	1976.5
1675.4	3916.3
1898.5	3362.2
6514	2045.2
6124.1	1447.9
6091.9	806.36
1249.2	1595.2
1867.4	3120.6
2357.6	4035.5
5649.4	685.5
1428.7	3275.9
6310.6	1270
1195.4	3348.6
1577.3	2177
3370	1969.3
1316.3	3505.6
6071	1345.8
1931.2	1128.9
885.71	2753.8
1981.3	3183.6
2349.7	65.577
3326.4	1945.4
1440.6	3354
2517.2	4264.2
1554.4	3239.6
6414.8	2940.3
2722.9	915.41
5442.6	3744.5
2632.3	3658.6
2607.5	3992.4
5310.9	230.73
1834.7	3212.7
1424.2	830.55
2227.8	3421.3
4310.5	4593.9
4489	4159.4
6527.2	2526.6
5726.9	565.13
6527.8	2004.8
2078.8	3675
2026.3	3275.5
1111.4	1841.1
6043.9	820.18
1673.2	3255.5
1673.5	3253.7
6302.7	3453.2
1596.2	1345.3
3294.8	1061.2
3014.3	873.91
2473.9	1010.6
6625.9	2355.6
1909.1	3748.4
2435	3581
5731.9	4191.8
1442.8	1458.2
6556.5	2625.2
1148.8	1104.3
892.24	1888.5
2569	3677.3
2893.3	4029
1532	3040.1
2093.4	3712.2
2412.1	3590.1
1896.3	3393.8
1871.5	4006.8
3318.4	1941.1
2311	3873.1
1564.8	3208.3
954.04	1929
1363.2	852.06
2092.5	3841
3049.8	3598.5
1752.9	3643.8
1067.8	1352.1
1314.1	4107.6
2216.6	4128.9
1494.3	4014.8
1567.4	3191.5
1809.6	3101.4
1689	4207.6
6326.1	3098.8
1252.7	3281.2
5126.4	201.57
2291.9	1037.1
5711.9	3728.9
1891.7	2354.8
1005.4	1867.8
3222.2	125.62
2220.7	3777.1
6024.1	3573.9
3433.6	2004.9
1592.2	907.94
2358.4	4037.8
6605	2524.3
6314.4	3425.7
980.85	1783.5
2408.6	1079.9
6463.7	3363.5
6180.9	1056.4
1852.8	3580.2
2777.5	890.2
2358.7	4038.5
1348.7	3292.1
885.36	2753.5
5455.3	584.41
