2337.8	3304.8
1442.6	1568.1
2252.8	948.09
1364.9	1632.7
2475.8	1139.3
1812.2	1315.3
1812.4	1315
2476.1	1138.7
5775.5	465.74
2096.1	722.59
1316.8	2209.1
2537.1	850.51
2349.8	1088.9
1466.7	1431.4
2708.9	415.02
2553	476.41
2714.7	979.84
2514.3	527.35
2977.5	739.83
6260.7	1156.2
5157.1	574.94
2027.3	3243
2129.3	673.15
1604	1016.9
2536.4	850.75
3505.9	871.34
1348.5	1647.3
4331	386.31
2402.6	386.16
1903.5	1265.5
1904	1265
3506.1	871.25
3038.3	916
2514.6	527.02
1603.9	1016.7
1763.9	898.27
2027.2	3243.6
3162.7	3395.7
1498.2	1556.1
2329.2	1003.2
2817.3	957.54
1366.4	1518.6
2620.9	814.04
3263.8	886.89
1242.6	1651.4
5704.3	2267.6
2612.9	1006.6
3161.5	3378.8
1262.1	1728.7
3152.1	899.39
2865.8	3355.2
5616.7	2017.5
2270	605.18
1178.1	1514.1
1013.6	1983
2127.7	674.42
1364.9	1518.9
1946.8	1161.4
2898.5	584.96
3804.8	3370.2
3703	284.2
2351.3	3314
1548	1518.2
3320.7	777.44
2616	909.04
3560	3385.1
3497.7	3377.4
2457.8	1147.8
3496.6	3381.7
3636.9	3409
3771.6	3412.1
4556.3	608.56
6418.8	1518.4
3180.6	3362.2
4334.1	358.93
3097.7	548.16
4608.5	421.15
5794.1	495.39
4519.4	3386.4
1478.4	1598.8
4336	357.69
2565.4	676.66
2924.3	932.77
5680	541.58
4220	540.64
1478.5	1598.8
4037.4	777.19
1892.9	798.12
3626.2	866.48
5660.4	510.23
1522	1538.7
2886.3	587.49
1555.6	555.4
4516.5	3386.2
3669.1	762.72
3644.5	498.7
5040	532.07
3694	289.51
3600.8	3410.5
2588.8	671.11
5761.2	2207.7
2068.2	894.31
1184.2	1853.3
2190.9	980.58
1304.8	1586.1
3065.1	552.42
1056.2	1710.3
896.89	2207.2
2799.2	331.14
2428	460.85
863.53	2590.6
3694.3	288.97
2190.3	981.09
1902.1	347.92
3127.9	3393.1
3009.4	3387.7
3075.1	550.35
3694.3	230.96
4122.6	3421.4
4007.8	514.51
2312.3	3318.2
1161.1	1102.3
2908.8	583.75
2355.6	3313.8
1176	1094
1307.8	1346.7
2313.8	3318
3340	248.37
2216	949.89
2293	192.72
896.34	2207.2
4627	460.31
854.15	2561.8
3067.1	347.96
3048.9	350.41
875.26	2645.3
3154	3399.9
1024	1781.5
864.23	2623.4
3046.8	354.04
1022.3	1784.9
1550	1474.7
2272.2	634.43
2470.2	4215.8
3240.6	846.05
3885	4385.9
2072.2	331.41
1954.2	421.46
4567	612.73
1134.7	1968.9
2337.7	3596.3
3057.4	342.37
1007.3	1773.4
5087.8	98.902
6471.6	1748.8
3088.1	547.91
3729.7	3413.2
1864.6	470.72
3460.6	506.63
1602.5	992.91
4207.9	539.73
875.36	2644.8
4045.1	518.94
1279.2	1700
4853.2	536.04
1120.1	1802.9
4208.5	539.78
2585.2	489.86
3119.4	3358.6
2576.2	673.48
2377.7	346.53
2556.1	680.67
2910	583.75
3460.8	506.9
5260.9	318.74
864.44	2623.1
3358.5	835.83
3481.6	826.2
2500.7	503.97
3481.5	826.8
3603.6	820.91
1061.5	1666.5
2345.5	3306.2
2171.7	842.39
3344.1	306.51
2955.8	274.43
2064	706.04
5373.3	298.72
874.64	2413.8
1450.2	1506
4601.6	422.1
3967.6	828.42
2311.7	3318.1
3603.4	821.97
3725.8	820.51
1444.8	1202
1325	1695.1
6512.4	1871.9
2068.9	906.99
2961.9	277.71
3358.9	836.42
1910	811.74
1134.3	1969.7
1728.5	929.35
2327.9	1056.9
3946.4	3387.4
1356.2	1667
4358.5	303.28
1322.5	1658.9
1399.3	1232.4
3691.4	215.06
3011.1	878.94
2688.4	945.25
2067.5	697.02
3067.6	868.67
1007.9	1803
5037.2	4424.9
2388	1066
1443.7	1202.3
5759	486.98
1944.2	297.79
1336.9	1645.8
6444	2579.2
2945.7	266.92
3750.7	864.13
6445.6	2576.9
1078.1	1792.1
3847.2	821.31
2069.3	909.52
984.48	1528
4677.7	876.56
3632.8	500.2
1451.9	1589.7
4000.4	529.79
1929.4	787.9
6453.9	1649.7
3695.1	222.4
3967.7	828.28
1379.4	1215.7
2043.6	155.79
5985.2	699.46
4084.6	837.18
1268.6	1116.9
2358.9	3312.8
877.93	2628.6
1970.3	341.96
3405.5	130.33
1857.3	3318.1
2002.6	259.39
2742	421.21
1653.3	907.68
1865.7	1317.8
1756.7	1077.3
3847.3	822.13
2591.7	679.58
1007.2	1804.8
3633	500.2
5661.5	537.17
2439.3	722.46
4230.2	558.95
2195	965.96
1648.9	907.16
1333.7	1277.8
2194.3	17.203
2291	195.05
1832	1293
4284.4	4359.4
2740.2	422.55
3726.7	821.71
4107.6	226.01
5570.2	4094.9
2554.6	682.02
3058.1	869.47
1758.1	1090.7
6443.1	2583.6
3657.2	3413.5
5005.1	760.48
2385.1	955.22
2242	564.8
3590.2	3406
4084.6	837.76
2833.4	842.57
2288.8	431.97
2487.9	448.92
2688.4	947.48
6442.9	2589.4
6504.6	1887.5
1717.8	924.68
3749.3	864.46
1151.1	1568.2
2064.8	662.34
3384.8	3850.4
1071.5	1694.8
3095.1	793.01
877.81	2628.6
3668.7	498.11
1261.8	1359
5312.2	345.02
3801.1	3387.8
4745.6	1000.2
1065.5	1662.8
4315.4	301.35
2971.8	752.56
2246.8	557.73
5925.2	981.47
2636.9	3764
2308.8	1095.2
2046.3	3403.4
3045.2	266.85
2269.5	93.423
2309.1	1094.8
4315.5	866.93
5040.9	4424.4
5006	925.75
4951.8	1023.8
2043.3	154.88
4831	417.45
6579.9	2531.3
1058.9	1969.5
6443.6	2593.8
1975.3	606.09
1321.3	1660.7
1064.6	1471.5
4315.4	866.7
1203.9	1489.9
1759	1088.7
2247.8	549.29
1943.2	265.76
1229.5	1749.7
4420.8	3706
1427.5	694.92
3715.4	4402
1994.1	282.88
5926.6	984.19
2531.2	864.53
2273.7	574.24
1902.1	844.86
4582	3780.3
2218.4	64.818
1427.6	695.69
1145.5	1567.3
1372.5	1651.9
2834.1	912.16
2112.6	1213.6
2165.3	4412.5
2810.2	311.72
4352.7	363.17
4318.4	384.58
2003.6	283.47
6480.4	2573.7
1268.3	1116.9
3777.8	3418.1
2587.7	816.72
3100.4	783.96
2917.9	817.47
1103.5	1635
2143.4	1160.5
3385.3	247.98
4974.4	755.95
1992.2	291.9
2315.2	3301.3
2430.2	4030.3
4199.3	3627.4
1450.3	1550.7
3286.2	842.27
4586.1	3779.4
854.11	2553.9
5925.8	985.51
1024.8	1554.1
1218.9	1760.8
3157.6	4385
2419.1	22.036
988.15	1598.1
1982.3	666.41
1896.8	355.46
5049.2	3961.1
3019	304.91
1115.5	1613.4
5364.4	292.83
1756.8	342.42
2348	74.455
5312.5	316.49
2164.9	142.68
1718.6	922.65
4709.9	652.72
4201	850.23
3709.4	3413.3
6465	1658.3
2423.1	4023.6
5677.2	526.55
2422.7	31.035
2432	33.622
3766	3374.9
1446.8	1536.3
1069.9	1694.3
863.68	2571.2
1427.3	692.4
1409.5	1622.3
3003.2	807.85
1163.7	1537.7
3627.5	812.72
4390.6	914.75
2173.7	3924.2
2559.4	456.98
1125.8	1353
866	2203.4
2021.8	1080.9
3390.2	3384.8
2420.5	22.398
1451.6	1548.5
1446.1	1535.8
2456	955.18
1244.8	977.6
4218.7	898.42
5202	296.68
1656.3	1154.9
2419.9	38.292
3286	844.5
1932.7	728.31
1261.9	1359
1976.9	602.09
2317.3	3305.3
2207.4	4467.8
2658	984.59
1069.6	1635.4
1107.8	1635.3
2313.7	3298
865.62	2203.3
2432.3	15.706
1038.2	1950.3
1924.6	646.85
3907.3	823.25
989.18	1599.3
2346.8	74.172
1054.5	1971
2055.7	675.36
1360.8	1288
6456.4	2576
2430.7	33.324
5103.3	582.28
5266.2	644.85
5524.6	418.14
2343	3326.6
3003.9	3624.9
2428.6	23.307
5297.4	321.47
945.63	2133.9
3907.4	3388.3
2137.1	78.377
2116.5	74.109
4794.2	1002.7
1978.8	4629.6
2838	834.02
4241.1	541.81
2101.4	4503.2
1053.8	1970.7
3718.5	838.82
4395.6	912.1
971.63	2057.1
5300.2	52.932
2249.2	675.86
1546.6	3897.5
4975.2	60.934
2603.6	959.61
3551.8	3402.8
2765.9	850.87
3125.1	297.45
2119.6	65.242
2248.4	675.41
2880.1	3352.7
2655.5	828.87
5998.9	713.89
2739.9	931.26
1043.8	1745.8
1049.7	1761.1
2517.5	1068.3
3838.6	842.1
2298.1	4517.2
2761.6	3588.3
5266.2	643.88
2650.3	37.025
1401.4	1215.5
1420.7	1496.3
4795.1	1001.4
1826.6	386.3
1943.9	263.3
2281.8	956.11
2027.6	3979.2
6556.4	2329.7
3018.4	3621.3
1783.4	458.42
2649.3	36.9
5054.7	532.58
4026.7	830.84
4531.3	907.92
5524	4056.2
2108	673.77
5562.8	445.5
2065.6	661.89
3665.4	236.23
1706.4	4404.8
2823.6	837.01
886.69	2638.8
902.59	1906.7
2817.2	3799.1
2185.9	994.67
4979.3	3318
4543.3	370.21
975.38	1831.2
1464.5	1163.7
4711.3	658.12
1115	1356.4
903.09	1906.9
1464.8	3755
6518.2	2489.6
2087.2	728.75
2995.7	802.59
1976.6	342.9
1617	850.61
1161.6	1813.5
4204.1	3729.7
977.77	2084
2753.5	854.35
2028.2	3979.4
4143	841.83
3345	222.52
3170.7	774.75
1869.4	207.51
1933.6	3685.8
4865.1	931.29
3278.6	761.4
1884.3	3503.8
1401.9	1215.4
984.16	2107.4
6168.4	1024
2431.5	17.425
2215.3	4312.5
5073.8	94.93
1043.3	1746
2571.1	694.22
3019.5	3622
4097.2	3425.7
1952.8	4157.4
2891.6	192.66
1741.9	4006.3
1961.3	340.38
3816.1	3724.5
1282.7	945.08
4026.1	338.99
3988.5	874.27
2470.3	527.66
1904.6	848.42
1047.9	1728.9
2065.3	3687.9
1291	2261.1
934.31	2226
1975.4	315.74
2483.5	416.25
3373.4	336.48
1884.4	796.44
3537.1	842.01
845.82	2576.9
1161.9	1526.2
5038.4	95.247
6065.7	2949.8
2777.1	884.47
3384.2	247.62
5269	209.95
1465.7	3752.2
1299.9	1336.1
1533.2	1072.9
3658.3	838.54
6395.9	2643
3338.4	3876.9
2214.3	4312.4
6103	1205.8
2416	20.376
1160.7	1811.2
983.72	2037.1
2082.2	1094.1
2050.6	126.49
2079.3	323.8
2449.3	470.2
2195.6	832.39
1831.8	413.58
978.59	1831.5
1159.9	1810.7
3902.2	843.8
1748.4	571.79
4424.8	886.16
2057.6	3689.5
891.01	2603
2115	174.63
2055.6	675.26
5995.6	3642.1
2886.2	3818.6
1905.1	443.2
1465.7	3751.2
2464.8	537.25
2211.8	595.17
4641.9	4590.6
929.11	2200.9
2903.7	614.76
1370	955.28
4000.5	702.42
1309.4	1497.9
1015.3	1952.9
1350.7	1244.6
1345.3	1270.2
2024.1	3238.4
3358.2	850.86
5669.9	737.93
2629.1	961.38
5468.9	252.61
6378	2665.4
1821.6	1341.8
4532.4	4026.1
2234.1	189.44
2682.9	965.61
2940.4	3612.9
1913.9	1222.1
1156.8	1483.4
4643	4588.8
5355.7	262.12
1197.9	1783.2
2154	35.765
1927.5	825.42
3474.5	3392.8
2042.5	386.15
1163.3	1525.4
1915.7	1238.2
2915.6	482.43
4376.9	4053.1
880.18	1898.4
1030.1	1780.7
1084.4	1337
1401	760.35
892.85	2607.1
1537.4	810.75
5995.9	3641.7
1897.8	3612.3
3606.7	3721.3
1472.2	1107.8
6459	2574.6
4083.9	4375.4
2087.5	913.2
1398.4	3274.3
1055.2	1940.5
1835.9	385.09
4267	4070.5
3446.2	3930.9
1015.4	1792
1840.3	406.44
1151.6	1483.6
6379.4	1370.5
1754.4	445.57
1070.3	1482.5
4673.3	3556.1
1181.6	1809.3
1710.1	909.67
1536.3	805.33
2647.4	880.62
1114.9	1601.9
898.83	2590.5
889.13	1913.2
5916.1	624.69
1162.3	1482.6
1617.9	983.08
1139.1	1537.8
2488.5	4678.6
1130.6	1364.3
5654.1	1162.3
5035.9	4432.6
6544.9	2342.1
945.71	1729.4
3152.4	3379.6
1168.1	1262.7
3904.1	747.17
4753.4	3972.1
6411.7	2604.2
3362.9	753.84
2211.4	231.85
2571.2	694.65
2510.8	3483.8
2360.6	166.55
5088	1077.4
5612.2	2006.8
4313.6	873.94
2684.1	4251.8
2373.9	159.66
3205.9	3723.3
5365	245.7
1611.3	2304.8
1111.2	1355.1
1835	1392.3
4197.2	548
3481.3	745.88
889.21	1912.8
1530.6	1062.7
2162.8	3543.1
2294.5	3888.5
4535.7	622.82
2567.7	664.24
1910.2	3610.5
2560.5	3746.2
1146.6	1840.3
4372.1	874.16
3173.6	776.83
1071.5	1483.1
5309.7	337.8
4272.7	786.58
2059.8	726.22
1324.4	1646.5
1248.2	959.19
1746.5	571.31
2125.1	3924.2
2350.4	709.43
1448.2	1493.2
5439.3	489.99
5164.5	734.45
845.95	2577.3
2630.1	962.26
1007	2023.8
3260.7	268.05
5296.8	752.93
4627.7	2185.8
5296.7	752.21
2824.4	3407.3
1433.7	1493.2
2182.6	768.56
2361.7	716.93
1129.4	1563
4985.5	3789.5
1714.6	381.42
3045.2	234.11
2000.9	250.41
1445.9	3240.2
1182.2	1809.7
3934.4	3384.4
3889.1	746.83
978.77	1866.3
2088.4	916.85
1724.2	595.01
4083	3411.7
4612.9	391.22
2789.5	349.88
2053.6	389.35
1309.3	1498.2
2706	3573.9
5003.4	43.007
2762.6	384.11
6331.7	3538.1
4408.1	3718.9
6529.6	2303.4
3561.4	649.89
5625.6	3682.9
1392.2	1412.3
2163.3	3543.7
2847.5	4422.5
2911.3	473.14
995.65	1831
1019.1	1352.2
2078.1	675.57
1547.4	3842.1
4988.5	70.488
3243.4	4223.6
2435.9	753.89
4187	128.74
2172.3	3446.8
3651.7	3595.8
2266.3	3530.7
1915.1	1237.7
4355.9	251.77
5458.9	278.35
3482.8	745.75
1648.7	1426.8
1434.4	1493.4
2464.4	957.62
1448.7	1493.2
1052.2	1476.5
2587.8	983.57
1989.8	251.16
2450.2	3583.2
2810.2	876.65
3841.7	4371.1
4613.9	351.17
2790.6	348.3
3939.2	4106
3125.2	875.26
3282	760.99
5652.3	712.12
4915.8	3858.6
5492.1	4486.4
2463.8	3476
4300.2	4065.5
1782.1	1313.2
3611.7	741.52
4093.3	879.49
1810.1	513.91
2940.3	169.86
2009.5	4409.7
2911.1	472.26
2916.2	596.34
2872.4	216.95
3080	310.36
2504.2	4469.5
2685.3	4251
3432.7	3582.1
1953.2	4628.1
973.64	1831.3
2871.2	433.24
1988	3680.8
3090.2	776.19
3939.2	4106.8
1397.3	1217.9
1780.3	3541
5085.3	3859.6
1252.6	1131.9
2250.9	179.92
2460.1	957.46
1253.3	1399.1
1923	432.98
2998.3	817.94
1945.3	816.11
1013.7	1950.6
1593.7	1206.6
1788.9	1253.2
4236.3	85.956
2105.1	2246.4
2046.3	231.03
2294.4	3888
2565.3	3547.4
1667.7	1385.4
1083.9	1678.4
2179.5	854.6
2707.8	901.33
1957.3	1156.1
1876.9	442.61
4786.6	3594.9
2550.7	4592.5
1379.5	1629.3
1714.5	383.96
2136.3	4303.4
1398.3	1614.7
1133.2	1980.8
1102.7	1656.7
1929.7	746.35
1956.6	1155.8
1188	3096
1301.1	1699.6
3021.5	3693
3703.3	743.34
2501.5	3534.4
4082.6	3411.2
1936.3	1167.5
1384.1	1142.1
1197	1773.8
1008.4	1795.2
1362.1	1644.6
1122.7	1339.3
3278.3	764.94
3698.5	3412.2
3260.3	763.55
1314.4	948.39
861.92	2310.4
1034.6	1519.5
2098.2	1148.6
2630.1	4091.2
2356.5	3706
911.34	1885.2
1717.2	1381.9
3147.2	942.21
2257.1	3767
4664.3	384.14
6481.1	1792
2162	3437.8
1868.3	1263.6
6561.9	2417.8
1397.9	1615.4
4288.2	361.19
3074.3	871.56
2399.6	1034.7
870.74	2217.6
1047.1	2757.7
4633.9	932.61
3939.2	4105.2
861.93	2310.9
6446.5	1628.2
1560.8	981.88
2416.9	12.256
3672.6	3364.8
3117.6	727.58
1098.2	1646.8
2346.2	168.82
6195.9	2841.3
4826.3	3950.2
5063.5	510.4
1994.1	642.02
5201.2	567.31
2791.5	347.77
4852.3	937.37
1758.4	3702.9
1928	426.76
1345	1270.4
4983.4	57.77
2329.7	1067.9
3005.6	3571.1
1703.5	1362.8
1537.8	755.61
1606.6	1217.3
2415.1	639.78
2883.3	906.69
1722.2	602.1
1689.8	3580.9
857.9	2669.2
1142.4	1347.4
5762.1	3580.3
2302.8	993.81
2485.8	930.04
1370.2	3339.1
4641.7	3512.4
4771.1	115.53
3477.3	690.4
3633.6	741.27
1902.7	3657.3
2178.8	4420.7
4753.4	122.14
3651.9	314.49
3269.1	753.31
995.18	1623.1
3642.2	230.5
1017.3	1769.8
3089.6	802.42
2726.5	3389.9
1710.9	1317.4
5990.3	3183.2
3657.2	315.68
1758.6	3701.3
5092.3	213.75
1379.3	1629.8
5239.3	525.02
2686.6	4250.3
2768.8	863.27
5683.1	837.54
2582.5	993.33
5925.9	612.36
1104	1988.8
6523.5	1871.3
1432	1485.9
4090.9	3425.8
3651.6	3591.4
6549.4	2965.2
6530.7	2419.8
1935.9	1167.8
3651.6	3591.2
2532.8	4585.7
5645.6	2083.8
1172.7	1170.1
2087.5	711.6
1438.6	3734.3
2339.4	980.73
5028.8	981.13
2380.3	153.51
4756.6	120.89
4007.9	3577.2
942.43	1571.9
6049.2	3586.3
5102.5	3638
3104.2	800.63
2349.8	976.74
1165.3	1308.7
1606.8	3203.9
2298.8	1066.9
3476.3	690.5
3365.9	753.83
2417.1	42.88
4883.1	104.74
4722.8	3496.1
4093.9	681.65
1540.1	755.78
2019.8	3772.3
1919.7	818.54
2123.4	717.04
3751.8	323.58
3175.3	765.07
6384.8	1373.2
1371.5	3341
2134.5	3382.6
2301.2	994.08
1133.1	1366.3
1311.6	3540.5
5062.7	72.244
2401	3845
5647	2016.5
3487.2	3650.6
3640.6	230.12
1954.5	3327.1
2464.2	3474.5
1851	3294.3
1161.8	1118.3
4030.6	503.54
2922	808.31
1133.3	1952.5
6407	2617.2
5835.3	3520.6
1732.1	389.03
4591.4	373.87
1035.3	1863.5
3630.1	192.32
6508.2	2324.7
4771.9	3488.2
1772.3	546.26
5926.3	613.87
2063.2	1096.8
4826.1	3949.5
1317.8	925.97
1544.5	3321.7
6535.5	1983.3
1198.3	1842.5
6516.8	2869.8
1913.8	491.05
5329.4	4256.4
2316.2	1005.7
3267.3	780.58
1832.5	3581.7
1045.2	1753.1
2538.3	756.88
1362.1	1644.5
6473.2	2582
2312.2	159.25
1993.2	3336
4361.3	814.76
6549.8	2965.4
981.29	1850
6101.5	2923.1
6049.1	3586.9
3890.5	744.7
2579.8	67.183
961.3	1735.5
5817.6	3535.2
3529.1	742.86
1706.4	3530
3344.5	754.89
6589.9	2480.9
1913.2	3795
2815.5	997.1
3629.2	757.27
4927.6	4474.4
5964	3165.9
1177	1544.9
3365.2	243.43
4007.5	3578.3
2953.3	831.74
2602	52.073
4080.1	221.89
5124.1	630.3
3962.9	4099.6
890.51	2581.5
3164.2	3371.3
3362.6	757.89
4526.9	846.63
2251.8	4517.8
2408.2	398.32
3002.8	378.03
2340.1	3685.3
3417.2	980.98
2123.2	3712.5
5353.8	367.65
5816.5	3851.7
3365.7	772.77
3670.7	4115.9
965.85	1893.5
4597.5	917.41
850.3	2130.8
3719.4	741.6
2522.7	3549.9
1465.2	1048.8
1783.9	505.73
5851.5	3506.5
2409.5	637.31
1499.7	735.39
3073.9	3381.6
1935.7	1226.5
1274.1	948.38
4623.3	4005.2
2165.7	4554.1
6404.2	2019.1
1222.9	1435.1
2085.8	1086.1
5667.9	555.53
1190	1475.7
4495.9	3532.9
5400.8	287.77
2561.3	3896.5
3615.4	759.32
4586.2	862.87
2179.1	969.64
2216.8	1099
2062.1	335.59
1168.3	1266.8
1803.5	489.79
4590.6	371.68
2080.2	319.87
4320.4	3939.7
4011.2	319.64
6504.5	2542.7
3939	3392.1
3075.3	3359.8
1778.1	1299.5
1091.1	1340.7
3045.9	273.63
2325.2	1201.9
2571.8	69.42
1174.7	1119.7
1117.2	1978.4
5949.2	3705.8
4537.7	848.88
3486.5	4009.1
1987.1	3679.9
3374.6	3393.6
4743.7	128.12
2195.7	847.16
1419.5	3534
1058.1	1699.1
1245.2	3082
4066.5	255.14
2521.4	4532.8
2062.4	1278.2
6513.2	2541.5
6515.9	2508.8
978.26	1878.8
2523	4534.5
993.28	1874.5
989.99	1876.6
925.95	1830.6
2559.1	3743.9
5487.4	247.19
3584.3	3414.3
2176.8	1046
4740.2	3545.4
892.83	2221.4
1445	3240.2
1938.9	712.87
2985.4	820.75
994.65	1874.6
4998.9	1036.7
2578.2	972.46
1687.8	2293.8
2188.9	1041
2840.7	846.97
2627.3	902.67
1207.8	1197
5487.5	246.14
2221.4	4074.5
2330.4	3794.3
3597.7	4006.3
988.55	1877.4
2510.1	3563.4
1696.4	909.58
968.07	1894.4
2191.9	3786.2
1089.6	1679.9
6454.7	2244
4887.3	486.52
2799.1	3537.8
2747.3	3644.2
1074.7	1717
5558.7	416.13
1840.2	3619.2
1947.7	241.09
2477.5	1165.5
3353.6	745.22
985.18	1996.5
4221.3	3741.7
992.74	1874.6
1181.9	1140.5
2341.4	995.9
1057.7	1389.1
2470.8	4631.7
2351.5	976.17
1761.7	3713
1764.7	522.99
3188.5	855.25
2040.6	676.73
937.44	1821.6
3905.9	3586.4
4692.4	963.09
5420.2	314.4
3696.4	741.24
2386.1	3819.6
6447.6	1826.7
3871.1	4389.5
2637.5	921.74
4255	3560.3
6408.2	2620
1768.5	611.08
990.45	1998.7
1935	4419.4
4213.2	4000.7
3941.2	820.85
2564.2	896.03
1285.1	3116.2
4883.7	105.31
2091.7	182
3672.5	340.62
1891.2	219.32
3489.7	4009.4
2432.9	3839.2
2356.5	980.02
1431.3	1482.1
5498.5	351.51
3983.9	3965.8
3167.4	774.4
3992.2	753.76
1813.8	3560.8
2755.7	845.66
3930.9	829.57
1057	1734.9
1085.9	1678.9
1101.4	1591
1132.7	1950.8
1060.2	2791.5
1766.7	597.18
985.83	1998.1
4136.8	3968.9
1683.5	4393.6
1099.3	1600.4
5583.9	446.28
2309.6	1207.1
1133	1323.4
3823.9	3589.7
1015.8	1599.5
1595.4	4141.5
1614	1223.7
5253.6	96.502
2072.2	393.31
5050.7	163.45
3387.1	4154
3470.9	736.27
1767.8	603.91
972.72	2691.9
2507.8	957.84
908.19	2202.4
1137.2	1321.8
1924.4	634.34
2060.4	125.8
884.71	2115.7
6494.9	2552
6495.3	2551.4
6073.3	2942.7
2407.3	401.26
3140.1	3353.5
936.7	2254.2
6119.4	3205.9
3629.8	763.95
2263.9	1222.9
5151.5	1046.4
4916.6	3849.2
1024.2	1807.4
6157.1	3086.8
3034	956.89
2319.9	3486.7
1546.9	1044.8
5670.6	730.18
1923	495.78
1368.1	1422.9
5620.4	1904.6
978.68	1879.2
1746	323.2
2280.6	4478.8
1144.1	1786.2
1890.4	742.94
1543	1228.7
1926.9	3813.3
4059.3	830.05
5298.5	3890
846.39	2166.6
4663.7	3760.9
3884.3	746.32
1501.1	1520.7
4835.9	85.799
1185.2	1497.3
2634.3	905.46
2501	534.02
1144.1	3328
1783	3571
5306.2	2229.7
5122.5	3738.2
2464.9	740.42
4460.3	2178.9
850.46	2058.2
4590.2	370.82
3602.2	4038.6
1430.8	1481.5
1816.3	3560.5
1400.6	759.48
3222.4	846.08
2178.2	1045.7
940.97	2121
1470.5	723.68
1061	1748.4
3599.6	3370
4890.9	3337
5777.2	4015.1
3032.9	3861.8
3001.7	3681.3
3907.2	747.62
2601.3	915.73
3508.9	764.43
3389.8	3351
6051.2	750.85
850.49	2223.6
1156.2	3062.9
2347.4	4001
5126.8	633.78
1404.5	3486
862.29	2297.7
1468.2	1122.1
6392	1645.4
1187.4	1125.1
1286.9	1713.3
4209.5	525.56
1109.2	1263.2
3399.8	4415.5
1459.8	1108.3
1182.3	1123.2
1248.4	1750.1
1009	1628.9
2252.1	4517.8
1773.3	1277.5
2886.6	3364.5
5487.9	249.37
1804.4	1240.8
2466.8	3467.9
1002.4	1490.8
3464.2	832.36
2289.5	999.37
2651	893.45
1778.5	1301.6
4873.1	2199.5
892.63	2221.1
6533.2	2399.9
2978.5	3361.1
1762.7	554.37
4215	155.83
3639.6	229.63
1286.9	1713.5
1221.6	1435
5668	554.89
937.27	1818.7
1069	1979.3
2207.4	73.353
2136.3	285.88
3583.1	4518
5640.6	4589.4
2207.3	72.339
1042.8	1395.7
1841.5	472.49
2654	894.99
4743	4513.3
3547.6	826.55
2181.8	112.44
1329.4	3145.3
1321	945.01
4771.4	3486.4
1120.5	1618.7
1260.5	1387
5040.6	66.025
1839.2	488.62
3221.5	846.03
1989.2	3552.7
3014.4	4026.1
1290.4	969
2298.9	4617.6
972.65	1869
1805.6	1242.1
1989	3339.7
1148.9	1345.4
1592.6	1216.3
5625.1	2917.9
6533	2399.9
932.56	1732.2
1989.4	1199.8
6538.9	2420.2
2401.7	3895.1
2574.7	973.95
2443.6	1077.1
1641.6	1311.1
1226.2	1772.2
2274.9	4605.2
2703.8	3574.4
5044.3	641.02
2602.1	912.09
1547.4	3260.1
6561.7	2390.4
2134.4	281.55
1472.8	1536.1
2800.9	3536.3
6067.6	3628.3
1119.8	3280.7
5637.2	2251.4
3633.7	3454.6
2601.6	3954.6
2255.7	4495.3
5413	4473.5
2960.7	4319.9
3694.3	304.68
6477.6	1796.7
6505.1	2336.2
5959.6	1031.5
3699.7	814.56
4759.7	91.52
1329.9	1672.3
5120.1	3737.1
6560.8	2438.7
2476	1180.7
1614.4	1225.8
3373.2	838.01
1940.6	276.2
1989.3	1198.5
5718.6	2267.4
6569.3	2466.9
1783.5	506.33
2765.3	381.45
2320.5	3488.4
1929.9	261.72
1817.9	4330
2875.1	124.77
3538.8	2176.6
5700.1	1944.3
982.62	1861.4
2639.3	897.15
3343.4	4388.5
1185	1816.5
4588.9	366.35
1105.9	1276.9
885.46	2054
1774.6	2281.6
1731.7	370.86
3538.9	2176.5
3656.3	4036.2
2275.5	270.65
4977.4	4351.6
2490.5	3470.6
6082.5	2951
6088.1	2942.8
2364.2	1049.7
2425	3838.1
1314.5	1686.5
2692.6	3507.7
6156.5	3086.8
896.11	2220.4
1202.5	3258.1
4004.2	700.43
881.89	2249.2
5661.4	2273
2862.1	3928.7
2648.3	817.88
993.78	1999.7
3389.6	3352
4996.6	3894.2
2582.1	660.19
1228.4	1205.3
4871	919.18
2626.4	3500.8
2576.5	978.49
1567.1	738.88
864.13	2660
1060.8	1687.3
1499	702.43
4182.9	852.77
5633.7	818.29
1046.4	1411.8
4725.8	3572
1113.8	1519.3
864.74	2659.7
1273.2	1725.7
1052.2	1525.1
1291.4	1298
5849	512.09
3850.4	4033.5
1174.2	1152.4
5348.9	364.89
1407.7	1190.7
2298.9	103.89
6252.5	3812.7
4872.1	2199.7
882.61	2249
3582.7	4519.4
3486.7	766.72
1713.6	390.68
1750.1	1319.8
1477.3	1330.5
2065.3	4495.2
2158.1	138.48
3427.3	833.67
1921.7	260.71
2185.4	918.24
1565.8	1403.6
3975.6	245.6
2886	3365
2407.4	1038.9
5262.3	74.924
4892.5	3337.6
1913.3	239.81
2518	508.7
3109	803.36
1078	2933.3
2100.3	1098.4
1178.9	1247.7
1012.3	1841.3
1521.2	1047.8
4132.2	26.634
1207.7	2953.7
1169.9	1833
5323.8	264.44
2292.1	990.99
3495.7	830.05
1273.2	1725.9
3302.6	783.71
1169.2	1545.4
1147.5	1512.8
968.95	2035.2
6142	1101.2
1523.6	608.81
2273.4	948.01
2800.7	3536
940.31	2188.7
6539.3	2419.7
6083.6	2951
6512.6	1941.1
2407.5	402.52
5640.3	4599.9
1009.1	1843.4
1019	1743.7
2522.5	443
3091.5	666.68
4838.3	4188.4
1237.7	1760.6
3048.1	3597.3
3271.9	903.73
2637.8	899.18
3913.5	829.79
2747.2	854.03
955.34	2096.7
982.57	1862.1
5702.2	1945.4
1173.9	1423.5
1109.4	1946.7
2187.1	1161.8
3977	247.16
5281.2	210.15
2856.9	4441.1
1210.1	3047.7
1838.1	1205.7
2442.8	4456.2
2273.8	3827.6
2422.6	434.23
2596.3	806.07
1050.9	1523.3
862.46	2297.6
1782.8	567.88
5963.6	3763.3
840.36	2184
1524.3	608.64
2089.3	4029.8
1962.2	1136.1
996.04	1817.3
1389.6	4014.8
1151.5	1599.7
5046.4	66.656
1989.7	1195.4
3699.6	814.33
4074.4	681.08
5569.3	432.28
2576.3	3865.7
2242.9	950.81
3460.5	2174.9
4208.5	3688.5
4917.4	3847
3508.4	764.57
6280.8	2951.1
1326.1	3350.8
1312.9	940.73
1221.5	1189.1
981.6	2030
1330.9	2135.3
5740.6	487.84
1346.4	3319.1
1002.3	1490.7
3069.5	3359.9
1014.9	1841.5
1100.1	1258.2
6106.9	2925.6
3016.4	243.2
887	2216.2
1986.7	3339.9
2809.7	3562.1
4028.2	770.67
1225.2	3087.4
3870.3	4201.9
1405.1	3484.8
2074.6	894.5
2661.2	4382.9
2557.6	905.63
2984.2	3556.3
4263.2	62.218
2216.3	288.46
1159	1514.7
1159.3	1798.5
1405.5	809.97
995.26	2037.6
1692	1260.5
1777.6	941.58
5235.7	121.04
2878.5	3984.2
1282.5	1320
2211.2	3763.1
3029.8	847.99
858.92	2612.7
3250.7	4392.8
6050	761.34
2254.5	3418.9
852.49	2225.7
4264.5	863.29
852.53	2042.3
3856.9	3570.7
2106.2	267.01
3049.2	3597.2
5640.2	4602.9
4365.8	3669.2
3943.2	3566.8
6317.6	2726.1
3271.7	904.34
2477.9	1171
4951.3	136.76
5104.1	3638.8
3972.3	3955.5
5667.5	546.42
2994.6	298.44
2006.3	3479.5
3372.7	838.24
957.59	2055
2446	470.32
1375	2859.6
2684.9	3943.7
5673.1	3770
1934.9	1227.3
2991.5	878.9
4510.4	3955.7
2180	132.76
1737.3	1324.7
1782	1303.6
1182.6	1750.6
1448.7	3768.2
4375.7	882.35
1318.8	1650.9
5524.3	318.23
2554.8	669.36
6064.2	4033.5
1189.9	1475
1260.6	1738.3
5703.8	2059
2549.8	3874.9
1040	1561
3146.3	918.65
3066.1	3348.7
2878.9	3984.1
5272.6	544.27
1217.1	2948.5
5339.6	247.91
4033.8	834.65
981.98	2102
995.11	2039.7
2293.7	1049.6
2701.4	3941
1082.2	1688.6
1093.6	1627.2
1700	4232.2
3740.4	907.67
2407.9	1034.1
1061.6	1747.6
1154.2	1817.8
1194.7	1825.8
1379.3	1433.9
6131.2	916.83
2592.9	3529
2249.4	575.92
4080.6	4495.4
1806	1242.7
2348	4511.2
2979.9	819.97
1108.5	1663.2
1059.7	3155.5
5712	519.08
3748.1	4107.5
4918	120.97
2989.5	801.96
1010.6	1748.8
2571.5	4441.6
2443.7	736.37
875.23	2572.7
1379.9	1197.1
1567.5	737.01
3945.2	4636.7
850.63	2091.1
2200	282.48
1490.8	1463
4372.3	3529.9
945.25	1725.6
1940	385.68
1698.7	3898.8
4917.2	478.67
2389.7	3586.9
1665.2	1371.9
1974.8	3686.6
5856.8	3411.1
1283.6	1639.3
2907.8	570.91
982.59	2090.3
1407.8	1191.8
1413.9	3789.4
6525.1	2479.2
5394.5	160.34
5638.1	3675.1
5060	1057.7
1889.3	209.78
2413.4	3867.3
3171.2	793.23
936.51	2725
2674.1	3933.3
905.68	2187.8
5464.2	232.49
6280.2	2995.5
4291.8	858.11
1294.7	927.09
6525.3	2494.9
6290.5	3608.7
932.51	2132.9
3651.8	3711.2
2809	3566
6540.7	2302.2
1770.1	3872.2
2221.8	51.46
2283.8	1059.4
2700.4	3941.5
1897	780.74
1097.1	1305.5
969.64	2034.9
997.48	1817.6
2763.8	3901.8
1109	1517
2714	995.05
5131.3	276.5
6580.9	2558.3
2444.2	913.05
2418.8	3823.1
3740	907.43
1713.6	3541.9
2674.5	3934.3
3672.1	3422.1
888.23	2217.9
2373.3	3458.8
1150	2819.4
4976.2	71.923
2184.6	1056.5
2818.9	837
1406.9	1187.9
2141.2	275.54
2593.1	3527.6
2445.3	912.44
1931.4	380.75
5444.6	395.19
1698.6	3899
6512.4	1942.2
3903.7	3433.5
3200.7	4594
1363.6	1524.7
2685.1	3389.1
6063.8	4033.4
2227.9	65.08
2354.1	3954
2832	996.68
2968.1	4098.1
957.05	2055.2
2598.2	974.2
2231.1	232.12
1122.2	1332.8
1823.1	3276.3
1605.4	4136.5
1487.3	1336.4
877.16	2155.7
4045	4147.1
1706.2	481.9
4074	4493.8
6500.9	1960.3
3034.1	934.27
5289.8	3882
6509.9	1761.4
2125.1	1094.4
1458.2	725.86
2195.6	203.64
5769.3	3571.8
2096.7	644.83
2870.4	610.79
1395.3	3407.1
1579.1	2310.8
2994.8	3557.5
2285.4	3586.5
2258.9	3409.2
6383.3	3047.8
1221.3	1188.8
1348	1276.2
1543.7	4168.9
4645.6	3541.7
2075.4	1084.6
4359.9	4672.4
4669.1	383.75
2428.5	3867.3
4946	883.02
3681.8	326.34
2116.9	4169.1
2246	3767.3
2875.2	579.47
1882.5	784.26
2301.1	3277
4485.1	896.34
1304.5	1312.8
2073	659.11
1989	1199
2238.3	3872.5
4524.2	3940.3
4878.9	3894
3887.4	3445.2
2250.5	569.92
2153.3	301.22
2024.9	3331.6
4748	3652.4
5337	237.86
2867.6	3925.8
2736.9	3911
5056	68.232
1812.4	4600.2
1110.7	1662.8
2460.3	3838.4
1045.3	1938
4749.6	3652.9
1717.5	403.17
2592.1	3862.4
3065.2	3352
3534.8	532.07
1706.4	1284
3020.7	3828.8
2151.1	548.59
6580.7	2510.4
1804.9	518.22
6061.8	2963.7
2983.4	3680.7
5722.6	2267.1
1573.1	4200.3
1032.2	1707
2813.5	3397.5
4362.7	3993.5
1028.6	1806.5
1874.7	1235.8
2599.8	972.96
1502.1	1279
3869	4615.4
4468.4	3650.3
3429.8	189.14
2154.1	299.84
4066.9	3436.2
1416.3	1202.3
942.04	2796.2
1558	3780.1
910.09	1938.8
3107.1	4141.7
2092.5	4034.1
4032.8	836.96
2438.7	1005.4
6500.5	2535.4
6064.9	2963.9
2921.1	952.93
1245.4	1047.9
1150.5	1810.1
2182.1	3775.2
2079.2	1106
1706.7	4035.8
1990.4	122.05
3480.1	4112.8
941.77	2796.3
5237.5	4181.6
6524.6	2436.1
1680.7	1375
1415.8	1495.4
1890.8	669.39
3043.8	3862.1
3033.5	3862
2072.9	895.58
2079.7	1108.3
1952.7	1141.2
5262.4	3980.2
6259	1195
3720.7	759.63
1954.4	1135
1468.3	1502.9
2622.5	901.56
4899	949.83
2012.4	189.32
3138.6	2172
2205.6	31.636
3912.5	3758.1
5697.5	1943.7
2406.5	252.24
3342.4	3810.7
1441.9	1507.8
1804.7	1258
6541.9	2439.8
1774.1	3672.4
3919.1	4513.2
1198.4	1787.9
1110.3	1592.1
2274.7	3832
1212.4	3711.7
880.37	2140.9
1895.9	860.02
2114.1	4527.8
3573	4401.9
2166.4	220.77
3501.3	3413.1
3619	876.66
6523.1	2327.1
2120.7	1070.6
1441.9	1516.7
3835.8	4397.6
1288.5	1327.2
869.93	2565
4825.5	966.94
2143.7	546.79
1625.7	1202.8
1374.2	3240.9
4982.4	978.08
2600.2	972.15
1882	783.45
3943.5	3708.8
1554	1365.1
1366.2	3827.3
2224.6	186.82
1434.1	737.4
869.33	2296.5
6512.1	1759.3
884.53	2136.5
896.17	2063.2
2100.3	3518.4
4036.7	4488.9
5966.9	3149.8
1106.1	1197.6
884.72	2316.4
2908.3	569.91
1067.4	1713
998.51	2760.8
2613	1021.5
1490.2	791.3
5420.7	206.61
3658.8	756.1
1434.9	3762.3
1703.7	878.12
5144.2	4593.8
2045.6	4103.8
1052	1796.3
1409.7	3277.3
1702.9	877.47
4597.9	4495
2101.7	665.84
2053.8	202.9
4455.7	901.96
4548.9	764.46
6098.9	1293.1
6167.3	1343.4
5421.8	320.83
1527.1	3312.7
2430	3866.2
3050.6	3592.2
6553.7	1952.7
1309.9	3216.2
2715	3376.9
1395.6	1510.9
3792.8	4032.4
2231.1	3890.8
5613.1	2990.8
1304.6	1313.6
4758.5	2194.9
2244.5	1030.2
1182.6	3020.1
6436.8	2220
4605.6	872.19
3103.2	390.8
1875.7	4471
5015.5	2211.2
2447.6	3581.3
1243.1	1563.9
6017.8	1060.1
6568.1	2446.3
896.19	2063.1
2219.9	3752.5
1179	1780.2
959.28	2069.9
867.08	2741.8
1035.4	1803.3
1466.2	1328.5
6554.2	1953.4
5530.2	4427.7
3870.8	2172.9
1778.4	1347
5892.1	3071.2
3154	808.97
5115.6	4612.5
2008	3702.3
3419.7	2173.6
1180.6	3020.1
2575.5	4440.6
6522	2392.9
946.99	1738.3
6480.3	1909.8
864.17	2763.3
4203.1	3685.1
6186.8	2860.1
2475.3	926.77
3019.7	599.37
5352.5	2237.9
3792.6	3985.2
883.61	2137.6
2405.3	408.28
2826	3967.9
5287.3	50.636
1920.3	655.11
4566.1	2183.3
3323.9	3698.7
2902.3	3406.3
980.32	2778.3
5684.5	558.1
4919.1	474.38
5291.2	289.26
1917.1	3417.9
1126	3553.5
6560.9	2456.9
5021.3	992.64
2250.2	614.67
6076.1	2962.4
2246.7	1030.5
1923	252.44
2388.3	3303.5
1432.5	3762.3
3179.3	3829.2
4725.9	2188.2
2228.4	1015
6522.6	2341.8
2341.1	972.66
4270.8	852.32
2382.5	4272.7
3593.4	3988.1
2815.5	973.01
3685.8	4423.8
5639.6	856.71
2211.7	3413.2
1330.9	2135.6
3035.1	931.39
2803.2	922.74
5035.7	519.21
1056.6	1537.9
4725.3	2187.9
1122.2	1628.7
3302.7	235.96
2756.1	850.35
2673.1	947.49
6087.6	2928.6
1110.9	1944.8
3063.4	541.44
2941	877.92
3394.1	840.41
3945.3	3702.7
878.45	2157.3
4348.6	883.84
4265.2	856.97
3438.8	4398.7
1960.9	3999.9
6067.5	2951.7
3593.6	3989
1183.2	1456.1
1145.3	2915.4
3685.9	4423.7
1055.6	1536.4
2073	452.81
5080.3	477.23
2139.1	3368.7
1447.1	3673.8
2155.2	3407.6
894.68	2305.5
1279.6	1119
3673.6	3351.3
1470.7	698.82
5271.1	4465.3
5373.6	293.55
883.96	2312.2
1481.2	4098.7
2264.4	3528.6
4824.5	3579.1
1757.8	411.88
2530.3	3599.4
3164.6	798.64
1570.6	3889.2
5006.2	749.1
4338	3427
5110.2	291.05
2301.3	414.94
1479.3	872.21
4919.9	3802.6
1489.6	4108.5
2087.4	739.93
1578.3	2311.1
2846.8	848.91
5686.8	1970.3
1479.6	872.84
1443.8	798.29
1533.1	812.4
3053.6	2181.1
1918.7	655.69
2284.9	727.99
1118	1586.6
2557	500.56
3612.1	3765.8
1486.2	1554.1
3008.4	4358.6
2274.6	3830.6
1418.5	3763.2
1480.6	3997.5
1130.5	3104.2
1719.7	4197.8
2133.6	3720.6
1751.9	3999
1778.6	351.9
4966.9	512.3
2111.4	255.86
1822.8	3964.8
974.58	1570.9
5407.5	4489
4834.5	988.1
5958	1051.3
2384	4273
5035.6	519.71
2051.1	662.02
1067.4	1728.9
1271.4	1419.8
2016.9	190.75
2599.5	3496.6
2701.9	946.39
2296.8	1010.4
3330.1	4193.4
3005.9	868.22
2387.4	3849.9
5978.1	3371.6
936.73	1760.7
5033.5	996.7
3535.5	81.004
2935.7	4325
1144.4	2922.9
1804	4344.1
2485.4	4603.3
3967.3	3588.9
4206.7	518.36
5976.9	3179.8
1446.6	3103.2
2023.1	169.68
5327.4	4579.9
2952.8	597.65
3849.5	4165.9
866.72	2187.8
4269.6	3428.9
2462.4	1127.3
1647.1	3523.9
1187.4	1098.9
1791.6	3587.1
2566.5	901.5
1020.9	1341.6
1038.9	1657.1
2283.9	107.53
6030.2	1110.4
1642.3	1016.7
1919.4	1173.2
1426.3	741.83
6525	2437.7
1329.5	1682.7
2275.3	594.44
2649.9	878.34
6502.8	1919.4
2267.1	459.77
1384.5	3260
1390.9	3909.6
2599.4	4033.9
4281.9	2177
4225.3	918.65
1794.8	1254.3
6479	1822.8
1815.8	1233.4
3870.6	2171.5
3378	891.42
5811.7	2580.3
2152.5	306.73
889.32	2629.2
1426.6	1418.5
2471.8	979.54
968.08	3042.2
981.91	1887.1
2080.4	454.42
4477.7	3363.7
5317	4511.7
1062.9	2954.1
1769.2	1243.5
861.89	2270
1139	1868.2
1568.5	1439
1004	3276.7
1112	1899.9
2411.8	899.97
896.16	2111.7
6078.5	1251.1
3264	892.41
5534.7	4468.4
2913.9	853.84
1620.2	3575
4080.4	218.67
6309.5	1420.9
4986.8	4364.7
1027.4	1741.2
2020	1119.9
1472.7	4089.1
1047.5	1705
4826.4	529.93
1770.5	351.58
1443.9	798.17
1143.3	2939.3
2393	3301.8
1415.3	3776
6187.1	2863.2
5311.1	4591.2
6562.5	2428.6
5073.2	490.75
3615.4	3759.1
1387.5	3913.2
1307.2	908.75
1066	1734.9
4164.2	3940.9
5825.2	3527.2
6152.9	3312
4038.3	825.5
2233.3	3396.7
2654.9	4634.8
6324.6	2728.7
969.52	1854.8
4239.1	4082.9
5465.9	3669.2
5222.5	3694.1
2336.8	1057.6
2252.4	3414.3
2418.6	3573.5
3062	539.22
1719.7	4198.5
6052.4	3616.3
1511.7	4066.6
958.34	2685.7
2638.3	880.33
4285.8	24.119
2830.7	971.7
4220.6	898.42
5729	704.34
3963.5	816.46
835.23	2377.6
875.31	1998.2
1344.5	1494.1
2826.5	3970.8
4966.2	974.58
1546.6	3751.5
5841	3511.5
1428.8	749.79
854.69	2602.1
1546.7	3751.6
6409.5	1817.7
910.87	2169.4
1983.4	456.08
4833	3581.2
1809	519.76
5570.7	4249.8
5686.6	3641.8
1029	3073.4
1642.8	1169
3434.3	4386.9
4381.7	870.91
2223.6	212.53
4466	3649.4
1098.9	1587.8
2085.6	740.41
1952.8	4371.1
1004	3276.8
5942.3	3530.3
868.4	2185.1
2788.7	3891.8
6505.7	2263.9
1671.5	897.19
3354.4	825.11
6294.1	3371.6
5638.8	1924.9
5650.6	2632.7
3286.9	3346.1
6534.5	2493
2365.1	197.47
1039.4	1657.1
5141	1186.8
1743.5	969.57
2229.1	4293.9
2910.1	566.13
2504.4	547.8
1598.1	1417.8
2157.7	181.56
3088.7	785.77
4875	995.13
2027.6	3671.1
5704.9	2276.5
2451.6	3839.8
4812.4	502.5
2125.7	3726.1
2277.5	441.09
1884.8	771.73
1519.3	3912.6
1854.5	1163.7
2128.1	1081.1
3125.6	839.41
1114.8	3385.7
1591	3688.8
2332	3560.6
4083	823.07
867.24	2677
2828.1	833.84
951.04	2072.5
4046.1	504.17
1768	3538.8
2653.4	4629.9
1414.1	4046.2
867.6	2741.7
2526.8	4521.4
971.63	1727.9
1444	859.15
4959.1	514.72
3882.7	836.77
4477.9	3530
867.48	2597.2
5349.1	298.65
1616.8	506.9
3956.6	3979.9
3168	923.16
1635.9	3761.6
2365.6	2219.3
3739.4	828.37
2956.7	825.5
1710.6	3595.3
2753.4	871.62
887.95	1978.2
1008.9	2085
871.12	2182.1
5939.3	3326
910	3253.1
1902.1	1360.5
3720.3	3454.9
2788.8	4058.7
1131.4	1800.7
2464.2	1125.8
1460.1	1613.2
1472.2	693.12
1652.8	498.73
1260.1	924.94
1143	2939
1056	1555.5
2409.4	4383.6
5530	3749.3
5945.2	832.02
2947.4	822.3
5631.4	2265.2
1909.5	1164
6183.8	3110.9
5071.2	4372.3
1719.4	4201.4
3261.8	814.79
2125.5	726.16
3514.5	4433.6
4983.8	981.11
5262.6	78.148
4266.8	857.59
6402.4	1501
1018.7	1906.5
1789.8	352.35
1570.7	3889.8
1964	3466.2
6405.7	2746.7
3330.5	4193.3
2891.3	3415
5199.4	342.46
4216.9	4106.3
3634.5	487.56
1414.4	4046.5
6372.6	3061.8
3671	812.22
4073.1	3401
3610.8	177.57
1645.8	1152
2235.2	917.85
2885.7	709.4
853.76	2603
6044.2	3183.2
2667.4	73.962
2631.4	913.24
5271	4462.3
889.38	1980.4
1344	1000.3
6548.3	2276.4
4966	1025.8
4964.8	1032.4
3160.1	722.74
954.81	2220
1634	3761.3
1963.6	4537.1
1436.5	1593.4
2814.9	975.49
886.65	1977.2
2013	3449.6
2070	3365
5111.3	1028.1
5668.1	2283.9
1543.8	3775.9
2230.7	3513.7
2406.8	4581.2
2789	208.97
2151.1	99.808
1109	1683.3
5133.3	1131.3
6087.5	1306.5
6051	3616.5
1253.7	1394.6
910.81	2783.1
1788.2	363.01
2077.1	4047
2210.3	157.07
5911.3	975.41
1806	3344.4
1698.4	3521
2094.9	3742.1
3499.6	102.01
5777.1	770.62
859.54	2638.9
2174.6	266.65
5140.9	3874.9
5124	1033.9
1714	1479.9
5973.5	3181
2169.6	832.14
2131.9	887.38
3096.1	536.74
1057.8	2780
2982.1	3568.5
1473.3	732.05
5437.2	388.03
4993.4	196.22
943.65	2263
1953.7	4380
1741.5	3520.9
1482.6	2319
879.68	1948.7
2151.1	107.52
1822	3604.6
2706.1	1093.6
1683.3	4003.1
5760.4	733.17
2410.3	389.26
1116.3	3385.9
2202.6	1090.2
2235.9	3765.6
1455.3	3139.8
3542.9	514.58
2126.1	725.77
6569	2434
1419.3	3315.9
2198.3	3916.2
1843	3335.5
1984.9	3814.6
1105.1	3258.3
1404.1	847.48
2151.9	3408.2
6274.4	3170.2
2088.2	3849.3
1983.7	470.53
1859.6	1209.5
2888.1	3403.8
3414.2	2173.3
2911.8	901.41
5700.3	483.72
2027.6	3662.2
4377.8	876.07
6350.1	1945.4
6391.9	1701.8
6061.5	3614.5
4886.8	4234.8
6310.2	3070.1
1329.6	1682.8
4382.9	4439.6
2209.6	82.9
1264.9	2820.3
6206.4	1028.9
5413.7	296.53
3690.7	823.89
1449.4	3754.1
5349.7	207.54
1823.1	1020.6
1529.5	1521.8
4088	4621.9
6193	2935
2749.6	4025.2
1146.9	1844.8
5274.6	3993.6
1312.4	3757.4
6294.9	3140
1760	3872.6
2248	206.55
6080.2	1113.3
1410.9	3882.2
2914.9	605.57
948.82	1732.9
4082.4	817.46
2375.5	4263.2
4757.5	2196.7
2277.6	726.21
6101.5	2947.6
6477.2	1823.5
5369.7	2236.3
3898.4	3378.1
5962.8	3185
6373.2	1504.1
999.98	1798.8
2178.5	125.99
3694.5	344.09
2007.3	355.69
1979.4	3341.9
1027.4	2786.8
2189.7	239.6
1914.2	4403.5
1677.6	3803.9
3092.7	267.36
5310	577.03
1450.2	3752.3
2434.9	710.4
5137.3	285.02
1643	3368
1839.6	3524.4
2601.7	923.26
1032.9	1553
5372.4	274.02
877.23	1948.7
1410.3	3885.8
1473.3	3750.5
5502.4	484.35
1179	1779.3
4951.8	150.08
4979	988.06
2405.8	3592.1
4809.6	334.21
947.3	2072.2
1617	4145.8
2619.7	4307.6
3364.7	863.06
6495.7	2649.6
1883.3	383.2
6235.5	3025.8
5650.1	2632.6
3868	4036.1
4321.3	857.73
2883.9	153.61
3385.7	884.84
1953.7	4380.5
1377.5	4023.2
1174.2	1526.1
1790.7	538.97
2372.9	338.26
966.52	3033.5
2376.4	4263.7
5264.3	4473.3
1448.3	4060.3
5519.9	3394.2
4427.3	970.35
2173.3	4673.6
5988.4	948.06
5640	3790.2
3086.7	284.22
1056.9	1359.2
1243.2	1320.4
2220.2	3515.8
2026.4	3674.3
2126.2	292.6
3088	780.12
909.29	2220.5
6570.5	2528.8
1680.3	3797.2
3084.5	285.36
1473.2	1079.5
5263.6	4473.3
5534.3	2250.2
5644.7	466.67
2222.9	46.246
872.85	2791.9
1429.8	3706.5
2017.5	3679.1
2080.9	3340.9
2280.4	579.92
3888	3444.1
3723.9	4455.6
1570.5	1438.1
1465.1	770.72
965.65	2688.5
1189.6	1797.8
6240.2	1606.4
1047.4	2027.8
1153.8	1851.9
2451.9	3839.4
1399.4	809.78
2907.5	3353.3
6131.4	1192.1
1420.7	3097
918.97	3058.2
4159.4	999.76
6275.2	1252.8
2009.7	145.01
2157.5	182.19
4987.7	3339.3
1982.7	452.24
1057.4	2040.7
1524.9	4013.9
1082.4	3192.4
2384.3	3577.5
954.77	2810.4
3436.2	3364.6
1956.4	1137.6
2501.6	1171.4
2554	3975.7
1951.2	3419
5596.1	4530.7
6420.8	3099.1
2020.8	1132.3
1129.6	1634.3
1423.7	4103.1
3815.9	4192.5
1826.5	4503.2
1088.7	1928.8
5539.9	2246
1410.7	3294.9
2937.6	949.75
2407.5	4377.3
5879.2	926.55
2160.6	256.59
2845.4	1066.2
2113.6	1190.3
6391.7	1702.3
1429.4	3708.7
3099.7	3433.7
2519.4	489.54
3338.9	3377.6
5593.3	304.63
1506.1	3739.6
1377.3	2882.5
6021.1	3422.9
4702.4	1063.8
6532.5	2361
2718.8	3982.8
5602.8	4413.3
1153.3	1791.3
1551.2	1147.9
6501.8	1965.4
3024.4	3355.2
865.39	2277.5
2911.9	683.28
4181.6	3433.5
2750.1	4025.5
1692.7	3618.6
1561.6	3865.2
903.33	1866.5
2204	2233.7
1955.1	202.22
1720.4	403.1
1751	1079.3
6467.9	2649.2
4367.7	294.97
1074.7	2856.3
889.46	2306.3
6224.1	3165
5239.1	3992
3889.1	4535.6
2549.7	985.82
3643.5	4381.6
2830.8	1068.9
1782	571.04
5971	3182.9
6198.8	1045.3
4339.7	4450.7
1377.2	2886.7
3965.2	808.08
2450.7	4010.2
1033.7	3343.1
4908.8	964.01
1029.4	1903.1
6444.1	2682.5
1436.8	1593.2
1454.4	720.73
3433.4	3932.8
1167.8	3196
1381	3916
4300.8	847.82
4752.8	859.87
2173.6	4673.9
1519.4	4063.3
1158.5	2933.7
5701.4	474.86
6425.1	2178.2
1438.9	736.55
5636.1	2835.5
1763.8	428.9
1843.4	1221.8
1448.8	3754.3
6139.6	3113.5
963.34	2812.9
4085.4	4623.1
3376.1	903.41
1720	4186.2
6099.8	3145.6
2856.2	3358.1
3053.3	862.04
4850.1	3615.8
1420.5	790.66
1814.2	3856.4
2474.9	434.52
6424.3	2608.8
1317.6	1639.2
5536.5	2251.1
4015.9	4109.6
3633.1	528.86
1996.3	3971.8
1099.8	1914.7
2297.9	3261.7
1474.7	712.59
2342.5	3805.2
2307.3	260.72
2218.2	3783.8
5708.9	524.63
3917.1	817.47
1678.5	1276
2008.1	146.45
6532.2	2360.8
1412.3	3877.4
3438	444.85
3370	4119.9
1066.7	1726.1
3859.1	892.84
2568.6	4051.6
5647.2	2680.1
2542.9	966.98
5121.5	1039.9
1103.1	1456.9
1542.6	4020.3
2320.5	62.596
1561.8	3864.6
5675.7	4345.9
5202.9	3891.7
3535.1	68.121
4691.8	3861.7
2616.6	903.74
6047.3	1049.5
5367.8	184.16
4924.7	3823.1
4172.8	4674.1
1807.9	1224
2045.9	3684.2
1041.4	2777.3
5439.9	3683.4
3575	107.73
6353.8	2029.2
1195.9	2944.2
1782	3556.1
4721.9	885.31
1411.3	780.93
2218.6	222.4
2243.3	3526.7
4592.4	3324.5
2133.4	273.06
2307.5	607.81
2963.7	3582
1268.1	2826.3
6126.1	2949.9
1863.1	1163.3
1480.1	820.65
913.93	2783.8
1785.6	1263
5519.2	3396.9
5991.6	827.85
2752.2	3668.9
3168.5	708
1286.2	1592
6364.7	2148.1
1115.1	3278.3
3306	264.68
5667.4	3784.2
6478.5	1864.5
1416.3	1609.7
4337.4	4450.7
1071	1344.6
3506.7	877.08
6260.5	3190.1
6420.1	3098.1
996.16	2703.3
2216.2	3442.7
2368.2	1023
2244.5	416.38
4017.1	3447.7
1409.3	951.07
2563	4689.1
3763.2	4076.3
1539.5	3286
3097.5	2179.1
1420.8	791.34
2830.3	1070.6
1942.5	345.51
3449.6	525.04
4685.2	918.54
3176.2	3816.8
3287	4139.4
4982.8	963.43
4003.1	2172.7
1249.5	1360.8
5337.6	202.64
4057.2	799.12
1771.1	1245.9
6033.5	3310.2
1046.7	1698.5
4987.2	3405.8
4296.1	855.26
1557.2	3316.9
1268.1	2826.4
3172.4	768.29
2009	3247.6
6304.7	1795.3
2429.5	1063.5
1885.2	3671.2
2068.1	136.16
1075.7	1735.6
1047.8	1367.9
4355.3	2176.7
1605.8	4152.9
5649.3	1987.9
2641	880.83
1336.7	1382.1
3098.3	2179.2
6052.7	3206.4
4352.9	2176.9
2255.6	1033.9
1416.4	2339.1
2680.1	3892.7
1346.1	1594.1
2743.9	2194.4
2185.7	1153.2
3712.7	4123.2
6053.1	3163
3638.1	610.78
5457.2	3673.5
2408.6	1049.7
1112.4	1712.2
3450	3944.3
1966.7	4393.5
3421	3713
853.67	2185.6
1095	1711
1954.8	1102.7
2798.2	4011.6
2121.3	3862.3
2844.4	4438.8
1324.6	1226.4
2522.3	3509.2
2034.3	172.23
3516.2	3767.4
1927.3	4363.9
4597.8	3629.4
1376.7	2855.2
1541.3	4026
1225.6	1079.4
1835.9	3964
4650.1	1016.5
1888.5	3670.7
2466.2	805.24
3815.5	4192.6
4462.4	3357
2311.5	997.21
1933.1	823.2
5437.5	183.94
848.15	2276.7
1058.8	2769.3
5967.6	3941.2
1112.6	3277.7
6448.4	1674.2
4414.7	4500
1073.7	1517.6
1074.3	1517.4
1418.5	2338
6523.8	2297.5
1091.2	1692.9
1569.1	1117.2
5786.1	2484.7
2911.6	901.29
2310.3	946.4
3981.6	917.78
2877	3954.7
1996.4	3971.9
1919.6	252.18
5968.1	3940.4
1031.9	1898.5
2388	4311.9
1726.1	1297.3
1897.6	616.92
5841.3	3748.2
1774.9	505.77
1058.4	2769.8
2470.1	3482.7
1399.2	1290.3
1434.9	4077.8
3421.7	3712.8
3173.2	774.77
2123.7	1080.1
2485.7	3978.6
1093.6	1334.7
5639.5	3668.5
4165.7	3439.3
1364.3	3422.8
1097.5	1959.5
939.96	1880.1
5041.7	429.78
4191	2164.1
1236.6	1770.9
5614	845.81
1900.8	1215.1
6151.4	2940.3
2205.8	3786.8
1187	1490.5
2682.3	3891.8
1067.3	1783.8
2409	1029.6
6359.7	3225.9
3932	4545.1
2384.8	3490.5
1073.8	3012.8
2406.9	1051.5
1125	1602.2
2450.9	4010.4
5432.7	383.06
1881.1	3707.2
2846.9	888.88
885.15	2081.7
3395	4032.9
2461.6	3835
880.71	2041.2
1306.6	1043.3
6081.6	2927.3
2016.7	3265.9
2299.2	3819
2092.7	739.21
2487.6	443.47
1631.2	999.15
1876.4	3603.2
1077.9	1640.7
1824.8	4465.2
3567.7	39.801
5357.3	185.7
1611.2	4314.1
3759.6	3892.1
2743.7	2194.2
6101.6	3224
3668.6	488.15
4335.7	2175.8
2024.4	3807.8
4105.4	879.26
2077.4	4047.6
5366.2	335.09
4407.6	810.41
1048	3021.2
2078.5	4039.2
1640.6	1377.1
1022.2	1545.3
1964.7	1331.7
1797.6	1158.5
1446.9	694.87
1992.6	243.27
1714.1	3599.7
5961.1	930.86
1821.9	906.99
6224.1	3165.5
4960.7	4443.4
5569.2	3647.5
2139.7	171.32
1941.1	345.33
5663.3	3651.2
2274.1	1125.7
3475.2	4405.6
3387.4	896.44
979.02	1682.5
2978.9	4608.2
2025.2	4105.6
3057.1	852.92
4202.3	570.75
1389.5	3272
5100.4	29.448
1370.9	891.69
2299.2	264.41
1086	1715
2664.7	3499.9
1172.3	1190.7
877.14	2772.6
5779.6	2489.5
1047.9	3022.4
1444.9	4041.4
3139.9	3375.7
1193.3	3054.5
2396.1	619.25
4182.2	3436.8
1721.4	1292.7
1378.7	1639.3
3722.3	799.97
3541.2	3561.2
2233.8	3516.8
1092.8	1349.5
2304.3	620.83
1518.1	3272.2
1445.6	4036.5
3921.8	4406.7
3761.9	3891
941.89	3062.3
1116.4	1226.9
1706	469.42
6516.6	1832.1
2604.1	2205.1
1449.4	4042.5
1368.4	1593.4
3429.6	679.97
1277.7	3272.3
5016.7	944.48
1473.4	709.1
1647.2	3525.8
1449.2	761.96
1981.7	254.03
6197.6	1382.4
5030.9	97.573
6448.9	2674.2
1758.3	567.24
1404.3	3072.2
2140.4	3390.7
4169.2	851.06
5365.2	335.9
1944.2	3411.2
1935	262.37
4172.9	3960
4164	3929.2
1185.3	1657.3
4049.6	497.22
1353.5	1546.9
2616.4	1021.3
2024.5	158.36
2960.2	823.3
1066.8	2785
3764	3888.1
3222.1	3477.3
6064.8	3277.8
6054.3	1075.6
5876.9	2932.3
1863.3	4029.2
1420.2	3090.4
1298.6	1508
2084.7	3472.1
5991.2	3525.2
5172.4	4269.2
2816.9	962.31
1543.5	3776.2
3815.3	1801.5
5118.1	4621.3
3478	812.19
5431.9	383.84
1170.1	1804.8
5707.1	2173.3
2324.4	1047.6
2046.5	4046.6
1306.2	3633.8
6159.3	3153.8
1951.2	2254.7
1867.2	4084.9
4549.4	3911.4
1491.5	3746.4
1890.2	666.59
1709.4	1306.1
2716.4	987.55
5937.4	3544.3
1489.6	1421.5
1078	1440.8
1233.2	1069
1654.1	1366.7
6126	2950.8
1327.4	1612.1
6280.5	2781
6432.3	1802.6
957.42	2082
4344.4	2175.7
5081.3	4573.4
2714.8	3934.6
1069.6	2940.6
3515	842.09
2148.5	280.43
3640.8	833.36
6019.6	3417.8
4811.6	3708
5536.5	2251.3
4167.5	835.66
3539.4	66.547
3445.6	514.67
2830.3	3976.2
937.21	3057.1
4071.9	773.43
6191.9	1418.7
4959.8	517.61
1873.4	3603.2
2371.6	188.06
1840.7	1279.3
5795.8	4021.1
1764.6	1250.3
5591.4	3916.6
4494.1	734.13
2427.7	3580.8
5061	75.555
1026.9	1711.4
6532.6	2620.8
1545.3	3236.5
4296.1	3427
4052.2	3416.3
4777.2	957.16
5961.4	930.12
1658.6	3268.3
5016.8	3527.3
3959.7	697.6
5705.4	3636.6
2009.9	135.87
3985.1	773.85
4738.1	3479.1
1651.1	472.95
4162.6	833.92
2684.7	3490.7
1998	3832.7
5369.2	183.72
6545.3	2368.6
959.52	3153.7
5636.2	686.64
1542.1	1169.8
5129.2	1124
5417.3	454.3
877.81	2018.2
2795.1	3526.9
6482.5	1838
2574.6	4601.5
6038.4	3247.6
2902.9	3520.1
2640.7	4116.4
2561.4	515.88
1988.9	3455.4
2712	1863.4
5495.1	376.54
4764.7	3496.1
5781.6	2491
2809.7	869.3
1002.1	1538.5
4087.8	828.1
1196.8	1080.1
6461.1	1740.9
2814.7	851.61
1543.5	1379.1
2540	3501.5
1712.6	1329.9
1486.1	742.48
6430.1	2623.9
3122.2	847.43
942.69	3113
5277.1	78.487
3923.2	3621.4
1671	898.03
1504.5	1541.4
6288.8	1195.8
1912.2	3760.8
1500.7	4061.2
1022.3	3077.6
4073.1	3570.2
4467.2	4425.4
2229.2	1072.3
6405.3	2629.8
6362.6	3195.8
887.56	2801.1
3026.2	813.22
5890.1	982.86
1188.1	1556.1
4634.5	996.41
1870	1091.9
1414.2	786.02
6160.5	3154.2
5870	555.25
5348.6	3793.2
2144.2	3375.3
1435.4	4120.5
2653.3	911.61
6044.4	3299
1094.2	1476.7
2015.7	4125
1625.9	1359.9
5599.2	1948
2914.6	605.06
4927.2	4300.6
2109	4356
5989.7	3376.3
6019.1	3059.7
3576.3	3587.8
2144.9	539.27
3969.3	4053.4
2821.2	922.65
1233.7	1674.4
2243.2	3424.4
3722.1	768.73
6374.7	2718.5
1703.3	3988.3
908.65	3027.9
2415.6	3290.8
2029.5	150.86
6054.9	3288.2
1404.4	3068.7
1557.7	3689.9
1651	480.53
4400.7	3414
5001.7	1025.3
4201.6	3431.9
3155.1	799.02
3611	3390.1
2498.2	728.23
4494.2	734.24
4182.4	1000.9
1414.4	950.33
2834.1	1062
2718.8	994.51
2761.7	3624.4
2663.9	936.13
1274.6	1404.1
979.91	2808
2969.2	775.1
2115.2	1102.7
6245.2	2949.6
2248.1	1215.2
2758.5	3500.6
1119.7	1554.2
5785.8	2482.4
2028.3	3660.2
3109	669.11
2086.4	3472.1
6362.7	2074.8
1650.3	1328.8
2796.7	945.79
5111.5	4555.5
1478.9	1617.9
2183.1	139.71
4522.5	4322.3
2955.9	799.9
1449.9	3930.9
6299.3	2961.2
1516.4	3659.2
1825.7	361.11
4061.5	758.81
1262.2	1001.8
923.9	2211.9
5521.1	190.66
3974.8	770.46
1539.4	3818.4
6433.1	2582.1
4593.6	4002.8
2870.8	889.11
1906.5	777
4661.8	816.72
1925.4	1199
2620	3969.4
1530.2	543.26
1314.7	1696.3
1648.8	1276.3
1221	1088.2
1919.6	3492.9
1033.6	1841.1
1490.6	1418.9
6329.2	1789.6
1065.1	1783.7
5388.4	347.2
4962.2	3429.5
2099.3	4170.6
6365.5	2097.5
4330.4	813.24
1069.1	2940.5
4612.9	3981
848.88	2205.6
2070.2	3365.6
1513.1	1448.2
2938.4	4141
6136.5	3115.8
5874.2	723.32
1912	3760.3
1703.2	3987.6
2563.5	951.57
1316.3	3771.2
5960.8	1027.5
2073.3	3394.9
5114.8	4366.9
1739.4	1282
2443.9	3861.6
6113.5	1206.2
2681.6	3741.3
2095.3	2256.3
3361.5	3919
5767.8	3587.2
3241.5	825.11
888.1	1995.7
2140.6	3388.3
2577.5	3888.2
4535.6	2174.2
2909.2	901.45
1610.9	4314.4
2684.5	3916
3292.6	3892.8
2210.3	193.6
2402.5	4195
5387.9	350.78
2457.3	874.8
6263.4	1277.8
2396.3	3445
2504.2	4659.2
1638.6	3548.2
5615.4	677.74
6555.7	2868.7
4050.5	501.04
1478.4	1619.8
2398.1	3831.9
2821.9	973.15
2536.2	3598.5
2833.9	3699.5
5977.3	1001.9
2434	1071.2
1814.3	361.41
2234	3624
2444	3861.4
2813.6	851.15
1416.8	1609.1
3630.6	481.69
1699.9	3400.9
4282.7	3954.6
1611.1	3385.9
1807.8	252.29
3049.9	277.16
2712.1	3935
2761.9	4293
922.98	2056
5177.2	734.88
1876.4	1182.1
6185.9	1126.3
1345.4	1668.5
1551.2	2306.8
3648.3	4519.2
6346.9	1925.3
6479.2	1875.4
3102.2	3348.3
2923.9	949.03
6479.3	1873.6
2093	991.27
6432	2015
1250.2	2836
1554.5	1297.2
5654.5	2101
1014.7	1874.5
6424.3	2588.6
5991	3526.7
6319.8	2868.2
1150	1900.2
976.38	3199.2
4540.8	991.69
3374.6	791.34
2142.9	186.24
1853.5	1242
4218.1	789.68
2618.6	1030.3
6550.3	2413.7
1316.8	3771.3
6304.5	2888.7
978.49	2161.4
2913.6	3393.8
2423.6	4468
3628.8	4520.2
6354.2	3066.5
2054.3	4037.7
1766.3	508.86
5363.8	185.43
5115	4367.1
6028.1	924.51
6118.3	1192.9
3886.8	2185.2
6041.7	1109.2
2000.8	3334.7
2441.2	3689.4
6464.8	1953.9
6337.7	1640
922.8	2055.7
1024.5	1839.4
3448	3731.8
6568.5	2344.3
4613.9	3983.3
3304.7	830.24
4284	3955.3
1647.6	2297.8
922.58	2212.4
3777.7	3791.6
1360.3	2843.8
2910.6	413.72
3661.4	4450.5
5503.6	3704.7
2985.2	3531.5
1238.2	1751.9
1691.2	1007.6
5387.4	351.92
5560.8	2245.4
1910.7	469.94
1825.5	459.65
5675	2054.8
4117.1	538.8
2181	208.63
2429.8	1072.2
6074.3	3267.5
5910.9	752.07
1434.9	4120.9
6144.5	3150
4498.6	3932.1
1892.4	4128.5
1500.7	4060.8
3037.2	2181
2236.2	3623.5
1763.2	514.41
1712.1	3627.4
2797.7	3392.9
1892.2	4127.8
3876.3	3453.6
6019.1	3062.5
4622.1	827.55
6520.6	2311.3
5488.3	2247.9
2857	847.57
2294.6	3374.1
1831.7	1327.7
927.91	1741
4400.2	2176.2
1227.9	1677.2
2428.8	3341.4
4112.2	548.56
3109.2	845.78
3158	2161.8
1296.6	3206.8
4550.9	852.8
1375.6	3124.1
1688	1315.6
1217.7	3391.2
2120.4	3812.7
1339.1	1061.6
1538.8	3819.1
835.15	2268
1538.1	3647
1920.7	3815.6
3051.4	4128.4
5037.3	227.76
6132.9	2962.2
3457.5	497.13
5979.1	3387
1336.2	1188
920.06	2211.4
6237.5	1343.8
1078.2	1625.3
1866.2	2276.6
1790.6	1351.9
2066.4	1246.9
3459.6	708.17
2783.8	3521.9
1268.2	1671.8
2851.7	841.08
1145.8	1852.6
3542	806.99
740.93	2521.3
2756.5	3387.3
5036.8	230.57
1387.9	2857.8
2710.9	4632.4
1014.9	1872.9
4373.6	3418.8
3380.7	2179.5
2802.2	877.9
4741.5	3625.8
891.09	2645.8
1735.5	538.43
1118.7	1554.1
4003.3	2172.3
2315.5	604.12
1250.1	2835.7
2121.3	249.21
4050.8	494.43
1750.9	3326.6
961	2821.7
1418	1493.1
1790.2	3964.5
2014.6	4146.6
1403.7	1540.7
5787.1	2485.9
6350.6	2019.2
6537.3	2440
2247.5	3369.3
4486.8	3560.8
5332.1	3732.5
904.94	2107
6038.7	951.59
1548.2	4040.1
5502	3705.9
2382.5	183.77
6195.5	1357.5
2327.5	423.9
4268.3	4043.3
5233.6	4023.7
3212.6	2178.7
3372.1	4056.5
1464.2	780.97
1037.4	1876.6
1745.3	3510.7
1780.1	3864
1936.2	4636.4
3901.6	802.64
2645.2	4400
2807.3	3780.2
6318.2	2859.5
1724.8	4211.3
4853.2	2190.7
2005.9	3741.8
4420.8	3332
1781.5	3586.3
2605	4668.5
6440.9	2976.9
1966.1	583.51
3751	3898.9
1206.9	1426.5
5657.5	1944
4901	3450.3
6521.5	2311.9
2457.5	1011.6
2359.2	4030.5
6468.5	2907.7
4121.6	537.53
4174.9	4671.5
960.84	3174.2
1605.2	4265
5865.7	963.08
2020.5	3765.7
3813.3	829.15
5410.4	368.64
2004.2	374.82
4961.5	39.489
1640.7	1027.5
4180.9	1002.9
2045.3	3682.6
1354.3	1520.3
4183.3	3576.7
4163.9	3433.8
2126.6	4318
4508.1	2188.7
4778.2	309.89
1018.8	1909.2
2750.5	3381.5
1119.5	1662.2
5665	1932.6
2288.9	3246.1
3283.8	4141.7
5793.1	779.84
3684.3	689.78
2307.1	3870.9
2044.7	2251.8
4206.3	938.9
2595.8	3660.1
4317.2	2176.2
1181.3	1731.4
5227.7	3989.2
5277.7	3937.1
4488.8	3503.7
2535.9	3946.9
1747.9	1275.7
1456.5	2321.1
1840.3	1029.2
4673.9	3517.5
3033.6	811.55
1662.2	1278
1917.2	1278.8
2042.2	2251
6543.9	2424.1
5637.6	466.87
1131.5	1636.9
1290.3	968.29
1416.6	3896.4
3671.4	4130.8
3263.1	3544.9
2267.7	1085.8
6360	2117.9
6384.3	1488.8
4960	63.093
2911.6	2185.2
5858	517.31
2478.5	931.83
6413.1	2632.9
1697.2	3801.3
1794.8	3378.2
6331.1	3109.9
6472.5	1677.5
6083.3	3624.3
6302.3	2879.6
5261.8	927.54
2805.1	3719.9
3429.8	3893.9
3923.9	4119.2
5737.7	3885.3
3037.6	317.8
1323.1	4105.6
998.9	1455.8
6133.2	1342.6
2718.6	954.58
1698.1	1464.2
1414.3	3870.9
3138.9	777.73
2547.6	828.33
1415.9	3896.1
4743.7	3238.2
4676.3	2187.2
3925.4	4445.9
1092.8	1708.6
5280	55.641
6133.4	1344.6
5638	3686.9
1758.6	3535.4
3474.7	3972.3
6114.1	3303.7
4886.7	624.56
5828	2667.9
1841.7	448.05
4295.8	3426.2
3865.3	766.14
2206.7	196.73
4480.3	850.95
2957	866.84
6297.3	2797.6
6300.5	3572
5042.7	2202.7
3492.8	3493.8
3941.3	3826.2
1131.8	1640.1
5001.4	1024.9
1250.5	3155.2
2885.4	4014.4
1205.4	1204.2
6083.9	3625.3
2943.4	3543.7
2133.1	173.71
3573.2	2173.3
6372	2148.3
6496.6	2613.8
4449.8	782.13
5218.2	386.79
1992.2	1204.4
1786.7	4315.5
4755.6	831.97
1859.1	3912.8
4938.2	80.851
4122.9	777.19
1995.9	380.2
1370.4	3376.5
3747.2	976.37
5857.6	3513.7
2560.8	3378.3
3012.3	2174
6191.8	1418.7
2915.6	3349.3
1435.3	1126.2
2713.2	3501.9
1693.7	461.85
5462.1	482.31
6375	1480.9
4956.9	4447.1
1420.1	3194.8
1921.4	709.66
2325.8	425.79
4709	274.04
3189.1	3447.5
2060.4	3767.6
2546.1	4492
2499.8	3644.1
1673.2	4052.4
4201.1	3433.8
3631.8	890.02
5358	3719.7
2078.4	1240.6
2870.2	891.33
3974.6	4456
2860.5	3555
1603.1	1379.8
1749.6	3414.7
2211	3773
4182.6	1001.6
2944.6	3499.4
2571.4	3691.4
3324.4	334.41
2641	3461.5
4647.1	2193
4893.5	2189.1
2497.6	2210.9
1376.8	1424
3207.2	3920.5
5565.9	3227.8
4038.9	2171.1
4658.6	949.44
5823.5	3541.5
1438.8	3681.8
2049.2	4209.5
1540.1	3647
1439	3681.5
4670.3	3380
2271.2	1162.2
3285.4	993.2
2218.9	3783.9
2426.9	3344.5
1326.3	3905.2
5424.1	4472.4
6168.2	1239.4
2819.1	217.24
1347.4	2355
6231.3	1357.6
2637.6	3927.6
5384.9	2226.9
5612.1	406.64
1413.4	782.06
1190.4	1101.5
5089.2	3834.4
5526.1	252.29
961.54	2821.8
1884.8	2260
4341.8	3987.2
2616.6	4469.5
6260.1	1264.5
3634.8	4075
2359.2	4029
2106.4	4458.1
2646.1	72.947
2790	882.22
4253.1	3533.2
5968.4	738.4
1648.2	2296.3
2236.1	179.95
929.13	3076
1364.2	3103.8
6537.6	2440.5
1748.2	1311.8
4853.8	2191.9
1651.8	2303.7
2525.3	4310.8
1159	1190.4
3756.7	3586.8
2662.6	2198
1501.1	3984.9
2203.8	1083
5109.4	3620.6
5553.2	235.1
3189.1	842.75
5231.3	3775.1
2772.9	3375.3
5277.8	4199.5
2227.2	3764.3
4428.6	846.01
4742.8	3981.3
4354.6	4067.3
6201.6	1523
1176.5	1739.7
6138.5	1239.3
1236.4	1116
1639.2	3549.9
3974	4078.4
995.42	3233.9
2483.5	3979.1
6333.1	3210.1
4340.1	3524.8
5597.9	1946.8
4842.5	3355.2
1245.3	2833.2
2645.1	3391.9
2497.8	3519.7
5655.5	2386.1
2813.8	4077.5
5770.8	2454.3
4677.7	4270.6
2406.5	2229.7
3578.1	4075.5
4233.5	3437.7
3138.8	778.03
2683.1	4275.6
5516.2	1574.6
2757.5	3388.8
1466.6	808.02
6352.2	2747.8
3201.9	3485.9
2845.8	4313.8
6030.2	3865.1
3044	931.83
1414.4	792.36
5693.9	4143.7
4728.4	3378.4
3250.1	945.32
3478.3	263.07
1151.4	1741.8
5269.5	545.74
6238.4	1069.7
2903.9	934.96
5043.1	2219.6
5039.1	222.42
1283.5	3202.7
883.87	1856.9
2499.8	4654.6
2604.5	3384.9
2355.4	417.61
1339.3	1437.9
4164.1	542.1
1356.9	3945.8
4427.8	845.45
2408.4	2229.3
5359	191.88
4746.1	3946.4
1889.7	665.27
1262	1643.7
1539.1	3794.5
2629.5	3569.8
1838.6	4522.8
6089.2	1258.8
6266.7	1701.4
4595.3	3904.3
3836.3	4380.4
3348.2	4401.2
3506.9	3692.4
5247.7	2230.6
4565.8	3992
6255.6	1461
6424.2	2604.8
3500	4125.8
