1025.4	2361
5430.5	3213
3198	713.98
5590.5	1349.9
3242.2	891.29
3057.8	4008.9
6000.4	1528.4
5395.8	765.83
4740.5	811.35
5021.4	926.15
3820.9	867.09
1880.6	1371.9
3006.2	353.71
2052.9	1211.7
5714.1	1290.8
5023.3	925.96
1958.8	787.8
4238.9	327.84
4786.9	920.68
3385.8	307.18
5585.4	1202.9
4282.7	906.79
2298.9	596.48
3606.3	277.3
5288.8	1110.1
4307.9	276.55
2999.7	295.44
4845.4	426.69
4481.5	844.29
1812	890.09
3334.1	298.27
2187.8	1071.2
2414.7	980.72
4016.4	280.32
5164.4	631.28
3970.6	283.13
3830.7	869.09
3131	904.29
1217.9	1260.9
3014.3	356.88
5987.7	1522.4
3126.4	951.33
2637.3	2143.8
3013.5	356.39
6068.7	1601.3
3005.4	353.06
1897.4	3048.1
4559.5	340.55
1623	1330.3
2412.8	757.21
3034.4	340.76
5402.6	959.1
5747.8	1309.8
3061	277.03
3334.3	297.35
6164.7	1025.3
3962	835.51
5671.7	939.57
5853	1099.7
3971.6	282.02
6571.6	2356.9
4999.6	153.6
6265	1187.5
5532.3	847.76
1700.1	968.26
1789.2	1291.2
5653.4	949.46
2276.5	598.65
2770.4	419.49
2275.5	602.22
2392.9	754.9
5977.9	1695.3
3303.5	295.67
4749.6	447.86
3599.7	228.91
3217.2	857.34
2741.1	406.27
2472.5	462.83
1942.5	787.96
1563.5	1377.5
2483.2	519.06
5576.2	303.63
3608.8	222.09
2999.6	359.13
2306.6	597.71
4564.1	343.61
2068.4	908.82
5698	525.34
2276.7	555.99
3798.8	828.11
5854.6	1083.3
4401.1	580.32
2799.1	927.7
3326.2	303.4
2996.7	363.54
3325.5	304.18
5410.4	965.7
3675.1	505.06
1667.9	1340.4
2996.3	298.34
1975.2	963.15
3001.8	288.62
2472.4	538.6
1468	939.02
1943.5	784
1082.5	2760.6
2513.8	495.8
4529.2	346.2
1964.5	786.38
6336.4	2379.5
3963.5	237.09
4229.5	331.96
3314.4	284.01
5166.2	1038
3606.3	228.47
5378.2	748.07
5753	1020.1
3971.7	837.33
5430.4	3225.2
1332.3	938.03
4258.5	312.18
5131.1	642.6
1816.5	1062.1
4260.2	313.93
4681.2	664.47
4251.4	277.68
3342.6	300.72
6047.8	1283
3686.5	506.99
5453.2	3221.9
6489.5	2582.4
4803.4	463.91
5648	362.73
2481.2	1091.9
3056.6	1023
3341.6	539.76
2281.4	588.18
4902.1	1046.3
2814.6	959.16
3904.3	832.24
5975.7	1685.9
4895.9	12.734
5224.2	649.71
6150.3	1459.9
3651.2	506.2
6150.3	1462
4079.5	847.95
2507.4	460.23
3616.5	228.1
6028.7	1297.5
5671.6	917.6
3341.2	666.1
4555.3	347.19
4710.8	960.11
1660.7	1577.6
5975.7	1131.8
2744.3	370.4
1052.3	1953.7
2989.4	305.4
5591.7	549.49
6031.7	2956.4
4289.4	956.9
972.62	1925.6
1653	1577.6
2411.5	775.2
1499.7	1445.7
1750.1	1297.4
4803.2	426.2
4800.9	424.81
3187.9	729.84
2078.7	741.99
5100.9	803.48
6510.5	2564.2
5026.9	543.29
3924.4	877.69
2547.9	1072.1
3644.7	234.63
941.95	1823.9
4067.8	889.82
2723.8	384.87
6156.7	1502.4
5871.1	1539.4
3981.1	239.45
3978.6	286.88
6518.2	2579.6
2260.1	830
5712.7	529
1809.1	1297.8
1749	989.62
2460.1	556.06
5226.4	619.33
2329.2	1142.4
2378	927.06
6401.7	1495.3
3980.7	287.5
6490	2594.6
5186.2	260.97
5688.7	996.61
5107.6	971.22
1801.6	923.54
4463.4	903.03
1814.2	847.59
898.28	2579.1
6093.3	2928.8
3295.1	259.8
6175.2	1496.6
2721.9	1026.3
5057.9	531.25
1378.2	1748.3
3604.4	203.82
2244.9	1170.7
6376.5	1790.1
2981.6	336.19
2745.1	813.57
976.19	2091.3
5710.3	544.13
6360.9	1437.1
954.14	1943.3
3441.9	752.55
2258.2	1166.7
5229.1	1056.3
5538.3	816.11
4575.7	376.21
6278.9	1383.3
5758.1	994.6
1041.3	1527.1
6097.1	1721.3
1062.3	1977.5
5087.3	192.3
2193	1134
3331.4	271.19
1756	1103.1
912.98	2086.2
6158.3	1505.6
968.09	1901.7
1120.1	1917.4
5333.7	1201.7
2353.4	547.3
5211.6	1206.3
4356.2	877.67
5030.3	77.285
5388.3	736.79
3997.7	265.18
4089.7	3645.6
6366.7	1809.3
1941.5	745.06
4577.1	378.51
6039.3	2947.1
4000.8	266.89
2871.5	942.79
2501.1	482.71
6135.5	1587.4
4612.9	389.09
2444.2	3517.8
4698.3	31.881
5505.2	366.01
6342.8	1712.2
2086.1	1054.2
4564.9	332.21
5205.1	883.03
1991	822.69
3002.8	331.19
1016.9	2136.4
3022.6	324.96
2886.2	781.28
2084.9	661.72
6320.9	1466.7
1251.4	1830.2
4030.9	854.05
6028	1283.6
6141.4	1679.6
5446.8	3211
3615.9	745.24
3587.7	248.37
3962.4	286.34
3651.4	508.49
3263.5	853.8
2554.6	3518.4
925.5	2090.8
3652.1	524.61
2372	1011.7
3522	253.68
2757.3	391.35
5919.7	3764.1
4958.7	992.25
2002.7	740.4
3524.4	255.27
3003.9	302.61
5943.4	3244.9
2987.2	816.59
4043.5	266.35
4286.9	350.42
2571.7	1003.9
6311.1	1461.8
3151.6	864.04
5197.8	175.53
934.06	2084.4
2291.7	571.82
5646.3	3285.1
3263.5	854.46
6027.3	1283.3
4461.1	925.72
5994.7	3419.9
2479.7	465.24
4177.2	731.2
2250.9	1166.1
4358.8	879.83
2754.9	962.34
6500.3	2580
3161.9	859.57
882.29	2551.5
5457.3	3368
5867.7	1508.7
6152.2	1447
6190.3	1733.9
5149.1	227.9
6057.4	935.8
1316.1	1799.7
6357.3	1453.3
6244.2	3349.6
4465.7	920.92
1007.7	2107
2370.9	217.55
2988.2	892.89
4418.2	139.21
5794.7	457.2
2824.4	380.58
4241.5	299.91
6122.5	1034.7
3601.2	210.25
925.5	2056.2
5610.5	3556
3151.4	3899.1
6248.5	1577.6
5637.9	468.86
929.55	2013.3
5810.4	3342.1
2427.5	973.97
5748.8	1003.5
5912.2	3007.2
2944.7	912.53
4036.1	271.37
5593.5	598.1
5804.6	3200.8
1562.3	1618.3
2254.6	820.96
5814	665.67
1926.4	1141.4
5978.5	831.8
2488.4	890.63
3963.4	850.73
2267.8	622.14
1968.7	3934.6
5996.1	3419.3
1540.2	1560.3
3134.8	824.35
957.48	2238.8
5877.4	4210.4
1137.7	1549.6
3530.8	259.25
5636.1	563.96
3399.9	268.31
2096.2	707.05
950.99	2258.2
3618.2	747.46
1411.6	3048.8
826.16	2338.1
5506.6	3191.6
5122.9	217.16
3965.3	850.78
2703.2	382.65
5852.1	3216.1
6280.8	1395.8
4153.6	339.65
3898.9	4631.4
2990	280.82
5873.7	3295.7
3804.8	360.88
4033.9	272.99
3703.5	908.44
4938.1	1101
6291.9	1649.1
6042.3	3801.3
901.19	2267.5
4260.1	867.98
5171.8	304.1
5299.7	1059.1
3753.7	764.7
928.08	2612.4
3987.7	837.65
6121.9	1735.1
5780	3256.3
4472.6	440.49
6304.4	1433.5
930.4	2615.4
5558.3	503.93
6140.9	1522.1
1684	1267.9
5635.4	556.18
2991.2	808.73
3537.1	309.34
4239.5	557.76
3428.1	794.85
1125.6	2794.8
5177.6	1021.8
5946.1	1387.9
5522.3	3391.9
5885.3	3371.4
2175.8	1074.4
894.38	2593.8
3753.4	827.01
1738.6	1326.8
5085.5	1005.3
6040.5	2944.4
5440.4	326.61
4178.3	773.21
4712.3	420.53
2450.2	840.67
2135.5	1109.8
1514.3	1466.8
6307.3	1433.8
2488.2	527.6
2331.5	1058.6
5810.6	3673.6
2821.9	1000
2005.6	811.89
3086.7	1036.8
5907.8	857.5
1050.3	1990
1833	3538.3
1088.9	2806.3
5599.7	3555.3
6361.9	1433.9
6314.9	1449.4
4912.8	4400
4195	775.17
5346.2	1049
5618.9	3345
3084.3	905.42
6019	2957.1
5706.4	645.21
5421.1	3767.5
2712.8	870.21
5658.1	3107.8
5945.1	1390.1
2810.3	3968.2
2371.7	1038.2
3236.2	840.53
2637.9	653.51
4123.2	851.26
904.21	2091.8
5619.3	3345.1
6169	1781.1
5500.4	3511.3
4330.3	263.62
6072.7	1524.3
934.5	2028.9
4278	951.61
3728.3	744.35
2385.3	3843.5
3248.2	801.64
3247.7	3875.3
2756.8	352.99
6235.2	1860.1
6555.5	2447.1
6318.9	1434.8
6013.8	3267.8
6129.7	1466
1748.9	994.64
6283.8	1452.1
2458.1	528.12
5897.8	3017.1
4454.2	858.49
5470.3	327.96
5932	876.19
2071.8	3630.7
6244	1324
1111.9	1907
1021.1	2181
6131.5	1577.2
6583.6	2391.5
1759.9	974.05
5665.1	3740.2
4764.9	425.7
1125.4	2794.2
3210.1	812.76
6541	2554.3
4898.8	943.03
3822.5	765.67
6340.6	1520.8
5051	584.23
5177.1	1037.7
5123.1	183.06
3070.8	404.81
5893.2	1534.7
6149.5	1469.3
1697.6	1378.8
974.33	2118.5
5140.4	1033.4
5036.8	986.3
5910.9	4328.5
973.99	1953.5
1954.6	3900.1
1643.8	1304.8
5583.3	598.58
6186.8	1463.2
5433	327.35
5630.5	460.81
5565.7	485.55
5663.7	928.41
3379.9	850.49
3365.3	791.22
3069.5	408.95
2322	4064.6
1953.2	767.18
5411	3884.7
6164.2	1046
6312.7	1364.3
3635.6	4235.2
2039.8	1179.4
3255.2	796.66
3001.4	370.56
5295.1	204.73
1918.2	766.8
1360.5	1332.9
3418.8	4057.8
5032.7	588.51
5437.6	302.15
3103	808.69
3086.2	398.8
3783.7	765.3
3408.1	773.05
3379.1	339.64
4898.4	945.41
5962.3	1697
4858.3	1050.5
4194.3	364.3
6287.3	3278.2
5033.5	1003.6
5456.5	1193.3
2058.9	638.11
908.61	2575.5
1583.8	1044
4763.4	931.9
3178.4	4008.2
1256.2	908.43
2702	957.27
5233.6	581.9
3273.4	320.24
6034	3100.1
1135.1	2893.9
6049.8	3362.8
5420	392.44
922.27	2032.5
2217.3	3783.6
863.58	2030.8
4262.3	576.2
4682.5	720.98
5037.7	1001.3
2214.6	1049.3
4928.1	603.47
5733.5	1364.4
1203.9	1821
1194.2	1865.1
5975	4259.4
3122.7	803.8
6353.5	1529.2
5029	4315.1
4362.2	816.53
6244.1	1216.2
4837.8	439.27
1975.5	755.44
5906.6	1348.9
4874.9	993.97
5787.9	687.51
3950.1	264.53
5448.5	3616.7
1008.9	1818.5
902.76	2566.9
5643.2	540.66
6535.5	2556.3
1970.9	745.44
3045.7	1053.2
868.95	2180.7
5843.9	3549.7
3147.2	3898.2
1973.7	754.86
927.56	2588.2
6333.2	1384.1
2551.7	3538.1
5447.6	302.27
1063.6	1988.1
1015.5	2180.8
6541.8	2331
2989	288.04
6239.7	1200.6
6126.9	1131.7
5894.8	1535.8
2010.2	4500.7
1156.7	2981
3068	413.75
6150.4	3488.1
6234.7	1214.1
3548.3	324.93
2320.6	655
6144.2	1427.3
6527.6	2563.3
4588.7	3865.1
1367	1081.3
4763.6	420.35
1221.5	1712.1
2009	1266.9
967.61	1941.9
6080.2	1343.5
1111.6	1904.7
2429.2	1025.1
999.91	2065.7
5392.3	269.35
5039.1	4719.4
2512.7	925.08
5867.2	3383.2
6155.4	1434.5
1312.3	1311.2
2981.8	799.54
4000.1	747.17
5495.5	241.29
5522.1	3503.8
3729	763.74
5708.9	645.93
6041.3	2939.7
1315.9	984.46
2638.3	96.968
6296	1708.1
1211.6	1744.7
5019.1	992.92
5175	1010.3
6020.2	861.36
5541.4	1285.3
4500.3	161.43
993.2	2183
983.39	2220.9
3382.7	333.4
1252.7	1805.1
5014.2	2169.6
4762.2	415.85
5751.7	485.46
1613	1003.4
3193.3	858.68
2479.7	881.06
6017.7	861.7
5426.3	4427.4
891.82	2277.1
1886.3	1241.6
6087.5	1736.7
2892.5	3829.4
2643.3	670.7
1028.6	3088
910.76	2712
2470.9	520.3
4176.3	912.21
4959.4	3744
4761.7	413.55
6455.3	1837.7
5918.2	3197.6
4238.7	287.71
5883.5	3289.6
2315.8	550.15
4255.8	282.92
6113.9	2963.8
1813.4	889.25
5578	494.99
5392.5	776.32
5524.8	820.97
6556.7	2963.5
6363.9	3466.2
2186.7	719.75
1380	1174.8
878.57	2235.8
6530.1	2386.3
4514.4	926.62
895.82	2638
2449.2	4767.6
5669.5	3542
4121.4	786.61
5522	3505.7
1059	2770.3
6286.1	1643.9
6165.5	1083.2
6132.7	1034.7
6466.3	2612
5487.9	1014.3
4242.5	869.55
5784.5	1377.9
6368.5	1615.1
2659.4	900.38
6557.6	2428.5
5044.6	534.02
2833	446.85
5749.7	1457.5
6557.7	2428.6
1093.7	1707.5
4571	926.15
1936	1181
869.56	2229.5
1775.9	591.91
6016.1	962.11
2251.2	828.55
5346	1030.1
5811.9	556.82
6397.3	1683.4
5739.4	976.51
4884.8	729.8
6340.4	1462.1
5463.9	4420.1
965.86	2173.4
3168.8	866.51
2179	3739.8
6047.8	3677.8
2808.9	437.59
965.27	2140.2
3112.6	4302
5895.6	1572.7
3363.7	241.8
5757.2	473.22
4017.2	332.24
894.77	2917
3868.3	192.99
2257.9	1023.3
6427.3	2869.4
6541.8	2547.2
4622.9	855.86
1901.5	1419.4
3936.1	915.15
6205.9	3414.9
2493.3	528.11
5098.6	209.74
2331.9	1006.7
5474	1202.4
6540.1	2349.1
6166.1	1081.5
2435.7	4755.7
1598.7	1038.3
2419.2	4747.9
5738.8	980.91
927.45	2258.6
2357.2	3839.3
5474.4	3309.4
4589.6	359.79
2992	287.1
1084.6	1547.3
1184.3	1751.1
5611.9	430.56
1378.1	3129.1
5292.1	1119.1
4827.4	381.2
3367	234.9
2350.1	594.43
946.08	2172.8
4529.2	183.43
6041.4	1695
4724.4	475.2
5387.3	1067.4
3600.8	300
6127.5	1520.9
1385.6	3105.6
5473.2	1205.9
3326.7	785.53
1691.8	3935.2
5095.3	1127.8
5529.1	484.88
2681.4	543.89
5724	501.75
956	2265.3
3378	887.8
4701.9	495.04
1490.7	1435.8
2251.2	3655.1
4368.2	454.89
2654.3	653.76
5427.3	4785.8
958.05	2114.8
3325.2	229.98
5766.8	994.38
6164.3	3396.4
6550.1	2516.4
2914.7	326.43
2878.3	902.53
1955.5	879.76
1983.7	3650.5
1969.2	730.44
4826.9	905.73
1758.8	1577.6
6138.5	1478.4
2443.8	3849.4
953.85	2110.1
6034.8	853.09
3338.5	336.36
1005.4	1894.7
1989.1	834.36
6548.3	2375.4
904.55	2249.5
5612	3553.3
2655.9	649.28
5070.1	1012.6
918.68	2584.1
5635.7	4611.5
4705.5	3903.7
938.74	2168.1
5453.4	486.53
2796.4	609.65
1721.6	926.36
5997.1	3278.8
5100.6	4316.9
3180.7	799.9
5775.6	977.97
5572.7	3384.4
5335.8	1055.8
931.55	2070.4
2264.5	1035.5
1805	4022
6444.3	3147.6
4427.5	895.3
1067.8	2766.9
3081.4	3911.5
875.85	2637.4
5547	360.39
6201.1	984.63
928.3	2155.3
1387.1	3109
939.8	2908
5997	925.77
5466.7	485.6
6430.1	2105.9
5617.1	283.08
5230.4	3395.7
5551.7	357.7
2671.3	3929.7
1004.2	2181.6
2730.4	367.64
1934.1	3821.9
1963	799.19
892.05	2914.5
3569.6	222.33
3336	260.01
2969.2	316.52
5016.7	2167.9
1943.8	750.33
6157	1430.8
6297.7	2940.2
5119.9	884.99
2377.3	996.39
2656.1	3925.9
4250.2	264.73
4861.6	698.35
6573.2	2367.4
999.77	2204
930.96	2068.3
2577.3	133.49
6550	2502.1
4734.1	4470.4
2114.6	3742.2
6503.1	2398.1
6299.1	2889.9
2855.1	903.02
4926.6	1015.1
5807.3	3027.4
3096.1	1050.4
5352.8	3590.5
1876.9	893.55
1683.6	917.36
1062.8	2040.4
906.11	2645.4
5713	3513
6228.9	3531.3
1807.5	4021.8
1490.8	1417.2
6283.1	1604.4
3259.6	809.38
985.77	1945.5
1071.3	1973.4
5500.9	4354
2321.7	1010.8
4842.8	597.64
4725.8	651.46
4158.7	910.13
5794.2	448.01
1483.7	3076
1365	3134.4
3736.8	362.61
1957.8	874.15
2874	271.52
6169.9	1428.3
2658.8	913.19
2393.3	983.47
5710.9	3093.7
6079	955.55
1741.6	4237.4
2748	357.74
6174.8	3298.7
5732.4	494.06
2446	969.62
3075.5	988.42
6240.9	1296.8
1565	4118
2412.9	3831
3106.8	1051.8
6575.4	2837.5
3916.1	825
4350.4	455.16
6417.1	1570
927.42	2041.7
5957.7	803.05
5640.9	418.47
1507.8	1607
2716.7	4191.6
5649.5	609.96
2357.3	3839.4
4233	348.73
3313.8	274.88
4414.2	4559.7
5309.6	780.32
2480.8	991.36
5671.6	489.3
2356.2	4068.8
860.65	2542.7
5115.2	818.66
2406.9	766.37
3247.8	854.73
2794.7	467.95
849.41	2638
2313	1107.1
4861	696.41
3485.7	900.52
931.35	2270.4
6154.9	3333.9
5102.3	186.74
6512.4	2044.1
6072.2	3766.2
5886.9	709.99
2173.3	723.91
3915.3	4633
2025.4	1180.3
2501.1	3834.8
4957.2	951.24
6119.8	3763
896.56	2111.5
5545.3	3178.2
3960.6	4581.9
6480.5	2733.7
4880.4	721.7
3967.1	308.12
965.86	1808.5
5918	780.22
6063.8	1494.9
4415.3	4558.1
1731.4	4551.6
3542	779.25
5852.7	633.13
6384.5	1801.9
5708.4	3315.4
2392.4	3147.3
6192.8	1675.2
1148.1	2929.9
2082.6	717.72
3016	366.6
5910.7	3759.9
2478.3	4113.8
6353.9	2768
944.91	2260.6
3362.8	904.54
6549.8	2462.6
4787.1	4182.2
3780	391.04
1148.3	2915.5
880.63	2196.3
1289.3	2953.7
2250.2	716.04
5360.3	1157.6
1771	968.98
6304.4	3181.5
2114.7	3733.2
2149.4	726.68
2609.6	3556.7
2009	771.59
2505.5	968.91
905.44	2633.9
2110.4	1101.8
1675.5	3859.2
2460.7	3771.9
2988.7	364.29
3099.6	977.41
6111.2	1515.4
2679.8	549.31
2639.4	1015.3
1940.3	884.19
1908.1	1205.3
5740.2	970.73
3143.2	921
5547.7	3374.9
6100.7	2927.8
3929	884.06
3335.7	343.06
5642.2	608.62
2812.8	646.21
5314.5	1105.8
889.17	2620.8
1840.7	1301.3
5301.9	98.924
5424	729.15
6578.9	2733.1
884.62	2222.3
2636.1	4029.5
2829.8	4443.2
2394.3	999.31
1525.8	1499.8
5770.6	3488.8
6237.5	1166.3
5580.9	809.21
5543.8	3275.8
2935.1	964.07
5556.6	3141.5
5911.3	772.33
1685.1	942.26
5402	638.4
3809.7	637.89
5393.7	3218.3
6362.3	1459.2
4150.3	802.77
5175.5	260.03
3482.6	885.67
2719.3	3939.1
896.76	2245.4
1475.5	3392.1
6067.7	1537.4
3078.3	394.84
1793.7	966.24
3798	819.86
1105.6	1945.1
5033.3	978.1
3978.1	307.21
5437.8	3238.3
3819.2	916.62
6145.4	3661.5
5384.2	3356.4
2634	1019.3
6328.4	1393.1
2335.3	939.46
899.82	2225.1
5900	879.93
990.05	2067.5
1067.3	2891.3
3345.8	315.7
6275.1	1400.9
2669.2	4437.2
1935.4	882.88
6128.1	2973.1
2364.9	945.78
5703.6	3232.2
5549.9	794.26
3617.8	3659.6
5800.2	614.44
4224.4	296.48
5994	985.02
6028.1	3247.6
2088.1	664.81
2446.1	3170.2
2503.2	503.74
4195.3	668.37
2205	1035.8
3937.5	4607.4
2212.8	3775.9
4482.1	857.7
2445.1	3495.4
1711.3	1037.5
6029.2	3247.5
1922.8	3775.4
1083.2	1620.7
5668.7	1301.1
5064.5	1203.9
978.11	2210.4
5709.9	576.65
1914.9	3645.4
3927.9	888.29
5357.8	1153.4
6015.4	1565.4
1245.3	1201.7
6547.6	2407.8
950.83	2038.2
4676.4	4495.4
1914.1	1213
6034	3246.1
3995.2	845.91
1986	1184.5
899.31	2007.1
6285.5	2941.7
3147.4	857.3
1845.9	768.71
2734.2	347.63
2731.1	829.39
6491.4	2296.8
5769.5	3488.9
5554.8	514.25
2075.4	1072.9
2482.8	3193.8
5266.6	1034.9
6125.8	2973.1
2518.9	2152.2
897.81	2004.2
5907.4	3351.7
4684.9	872.15
1693.3	1336.1
2657	644.24
1912	716.18
4400.2	3627.3
2054.1	1161
6433.5	2119.7
3792.3	4819.1
3341.5	314.42
2445.2	3493.8
914.71	2311.9
5405.3	574.3
2299.7	3531.6
6475.3	2264
1058.9	2933.3
1437.8	3203.8
5061.2	136.68
6520.3	2641.2
4054.5	801.6
5619.3	3274
5931.9	3366.2
6558.1	2514.2
1175.7	2985.7
1843.7	4646.2
2265.8	3503.7
1432.3	1165.3
4919.8	159.36
6557.9	2411.2
5864.4	675.95
2315.4	988.97
5604.1	3251.8
6280.5	2944.1
5681.1	920.04
1795	3405.2
5983	3102.5
4362.6	463.85
6589.9	2335.6
3220.9	875.53
3972.1	309.4
4661.8	888.2
5835.9	3225.7
6048.9	2962.3
6557.6	2393.1
1921.3	3642.7
5491.7	417.92
2846.4	893.85
5101	4305
2224.2	1066.6
5040.4	540.51
2266	534.34
4147.7	785.72
5476.1	3511.4
5276	1085.7
6562	2535
3736.5	3732.6
1050	2943
1752.6	949.72
6240.2	1052.6
2005.7	4780
3733.7	357.18
1983	800.68
870.37	2519.8
2035.4	1148
5236.4	591.24
2296.9	653.98
2040	4184.5
4040.9	904.98
5957	1705.2
6249.4	1840.9
5458.5	3434.5
2999	303.71
6277.7	2945.5
2655.9	549.73
5695.6	3371.3
2175	728.48
974.08	2151
1471.8	1429.5
6207.7	1103.9
5461.8	1176.3
2108.3	691.79
4057.2	903.34
4082.8	838.58
4696.5	641.3
6390.3	1441.1
2440	949.37
4358.4	464.6
5641.2	926.1
1891.5	1267.4
3516.2	316.1
3170.2	571.87
6238	1051
5679.9	3544.4
5082.7	912.03
4527.5	225.62
4236.8	535.34
2498.3	1006.4
6121.2	1546.5
2978.3	298.16
1284.9	2915
4270.3	923.61
4330.9	4265.2
5709.5	577.33
5990.4	3055.5
2359.1	621.16
4827.1	910.98
4209	840.73
1063.3	1948.5
6042.1	937.91
3029.8	3665.1
5669.3	423.64
2186.4	1079.1
3511.2	809.97
2327.5	1866.1
4551.4	352.73
3549.1	3673.6
3773.7	399
953.41	2993.2
2230.1	1057.2
3377.9	829.82
2733.5	1000.8
5298.6	240.92
3704.7	784.73
2353.8	1039.5
2391.3	1003.4
2648	547.9
6464.7	2857
5474	1019.6
851.73	1988.1
2271.6	525.96
5438.9	3424.8
1452.7	1420.1
6544.6	2424.6
4334.7	158.88
3961.2	3619.6
5761.5	3491.2
4068	850.82
2626	660.01
3346.2	806.84
3202.1	64.399
904.9	2614.7
1590.7	2252.1
2281.7	1066.9
6556.1	2392.4
2555.8	967.45
5877.7	3750.3
3991.1	316.29
1121.5	1782.3
6246.3	1641.1
2921	939.11
6567.5	2475.7
3300.3	3665.6
6357.3	2979
2018.8	4155.7
1047.9	2138.8
998.84	1931.2
4610.7	4125.3
2268.2	525.82
2131	3739.5
1551.7	1063.8
3373.9	225.25
1973.8	1154.4
3887.5	690.84
3687.1	492.55
5241.2	4807.6
890.71	2239.3
3897.2	809.05
943.45	2099.4
6352.8	2781.1
4066.2	849.76
5962.2	3310
3507	893.73
3687.8	4623.5
6238.3	3524.8
5776.9	3197.1
1962.2	3659.5
6139.3	884.14
4454.8	402.61
5915	3086.8
5663.1	3255.6
6072.7	3322.5
2172.1	1088.1
1277.4	3468.6
2919.4	940.52
6265.8	1918
3176.5	423.94
3831.4	833.83
6564	2514.4
3344.2	273.39
5997.4	860.87
3687	493.52
5321.6	1103.6
5318.3	1106.1
5518.9	299.83
880.07	2245.6
2768.4	3782.9
5608.3	3297.4
1671.7	3166
3389.6	311.29
5618.2	1324.4
1729	1030
5893.4	3389.2
5950.2	3772.6
2187.7	3767
2477.1	3768.9
6362.5	2770.3
1756.8	3721.7
5736.1	494.08
6034.3	1576.2
3023.9	950.28
2412.3	4011.4
2017.5	1067.7
2879.1	320.13
3212.9	917.69
5791.5	725.11
2514.6	3534.3
2986.9	869.01
1395.5	3380.4
4847.2	593.83
4366.9	1038
1024.9	1973.1
3452.2	3726.1
3227.7	383.55
5366.3	402.05
4425.5	285.58
5239.1	599.69
5730.4	3603.1
4181.3	4548.6
2099.9	1187.3
6550.6	2714.1
5091.5	1005.8
6475.5	2874.9
5967.6	877.87
5874.1	672.7
6194.7	1788.2
4595.1	4150.2
5279.5	104.69
5649.2	3541.4
5695	3256
2294.8	2167.8
2196.1	711.48
1819.2	880.09
4201	252.23
6368.2	2774.7
3686.9	347.7
6489.3	2279.1
1944.2	878.23
5561.4	1271.3
6424.4	2955.8
4543.8	3800.9
6095.4	3435.4
3888.2	705.87
3481.2	892.35
4333.9	449.03
6563.6	2533.1
1414.9	1401.4
6431.7	2115
6220.2	3337.5
5056.7	1061.7
5414.3	3252.9
5294.4	80.634
1755.7	949.41
3814.8	882.53
3349.1	3705.5
4600.2	4857
4776.3	492.56
4012.5	338.63
5631.4	3147.1
5520.3	1227.7
6159.8	1185.2
5305.1	3413.3
3693	774.53
2235.9	712.89
3456.3	3873.4
4963.9	335.25
5749.4	1251.1
1457	3729.9
3309	241.31
1405.4	3352.9
5110.1	200.24
1413.7	3112.4
6504.5	2591.1
4567.1	986.87
2382.5	4002.8
5552.2	3673
6594.4	2191.8
2340.7	3669.6
5567.7	1236.2
6004.8	3658.7
5503.9	423.91
6423.9	2866.5
5343.2	1167.4
6638.5	2511
5506.5	1167.1
1945.8	3878.9
1238.4	2895.9
2716.3	825.27
1860.6	1189.2
2412	3148.4
1122	1824.4
5449.7	1104.7
6017.5	987.17
5658.5	424.06
1323.1	1357
2672	536.38
5494.4	1309
2530.9	942.97
2953.4	3652.5
6445.8	2692.2
3599	4658.9
6020	903.91
3887	769.96
3030.6	3688.2
5925.9	4148.8
2358.3	3673.8
3546.8	3739.2
4844.8	3566.7
2616.5	539.84
5660.3	1298.9
3812.5	391.1
5744.5	1085.8
5432.4	3427.3
6162.8	1077.5
860.08	2358.6
5063.4	1052.7
6193.9	1643.6
2255.8	700.11
5448.1	1285.7
4549	425.67
4270.8	936.26
850.09	2470.5
1967.5	868.95
3137.8	3685.5
890.79	2706.3
1773.6	3986.4
1121.7	2882.4
4323.5	856.01
5840.3	534.19
6185.6	3419.7
2578	937.06
5544.9	1279.9
3029.3	936.99
6662.4	2386.7
6153.4	1565.7
1175.9	1044.8
3396.5	3707.8
6513.2	2042.1
997.65	2091
2193.3	3922.6
838.41	2650
6026.4	2972.7
5210.4	723.2
5182.4	208.87
5543.6	455.29
4363.5	426.46
4201.3	3693
3280.1	247.58
6104.7	2961.3
5184.9	1056.3
2968.9	882.74
3145.5	3643.5
2298	1029.5
4213.3	831.52
3782.7	407.95
5083.7	143.96
2546.7	3591.3
6013.7	804.58
5717.1	3190.9
6274.3	3038
2310.4	614.56
4673.8	723.4
3642.5	4066.1
3023.9	3995.2
5436.3	1290.6
3188	399.29
2382.5	3132.3
4331.1	2132
3355.8	901.11
1764.5	3716.3
1791.1	4013.1
6441.5	2992.9
3266.4	558.65
5820.3	1413.3
3249.6	453.12
3482.8	852.2
5590.4	531.86
5573.9	3702.3
3722.4	657
1065.1	1897.3
2790.9	3656.4
4444.7	888.97
6333.6	1350.4
896.81	2027.1
1944.8	3793.8
880.79	2294
5844	1096.7
2268.7	4126.2
1022.5	2083.9
5856.4	3394.1
5760.3	4482.1
2481.1	536.89
5263.5	4061.7
2400.2	1005.5
2746.7	923.74
5324.4	1152.8
2262.3	3505.1
5565.7	679.46
886.61	2657.4
1890.9	3767.1
1954.8	3893.3
5786.6	3344.2
2040	4179.3
2254.1	1147.2
3771.7	381.38
5546.2	3982.8
1790.7	4014.6
5685.8	394.82
5994.1	3286.3
884.49	2630.4
2642.4	1026.8
3279.1	825.86
1941.9	1221.4
5587.2	1164.3
6286.2	3602.2
2601.4	3744.5
2672.1	3926
5645.9	314.2
4167.2	921.28
4342.7	444.35
5279.4	31.644
4069.3	315.16
4075.7	877.11
2465.7	964.21
2521	871.79
2147.8	1068.4
4034.8	877.75
2599.6	3744.8
2423.7	1016
3488.3	845.43
6517.5	2876.3
3537.5	837.68
2907.2	782.54
6077.7	3301.9
1927.9	879.31
4102.5	798.89
5795.6	3564.3
4875.8	2164.5
3544.6	3910.4
2604.3	3743.7
5023.3	564.03
1841.8	3798.2
4148.6	872.72
1824	3556.4
1946.9	1342.8
2343.1	4057.4
6596.9	2225.5
1081.6	2065.6
5687.2	1325.4
1624.5	2242.8
2322.8	515.52
6339.5	1443.8
5178.7	205.42
6564.1	2491.8
2267	1016.3
6482.2	1947.6
5685.7	742.35
6058.3	3327.8
3832.7	351.53
5196.4	292.75
5539.9	3385.9
1626.1	2243.1
6529.5	1863.9
1270	1827.6
5678.6	1326.7
2288.3	1038.2
6074.2	2994.7
5232	728.93
6137.1	1448.6
1577.3	3834.8
4843.8	3598.9
6482	1991.3
4355.6	856.78
1086	1462.7
3103.7	366.75
1762.2	3774.3
2712.4	3630.5
2617.6	1788.7
889.97	2305.7
5738.1	3479.9
5795.6	3564.3
4359.8	447.35
939.1	2139.4
2650.1	1854.8
6513.6	1744.8
1082.2	1744.9
6180.2	1075.1
4052.1	898.9
1860.6	2211.8
5575.2	3396.2
4699.6	4483
2494	3525.3
6479.2	2628
4756.9	395.37
2678.8	550.11
4051.7	312.71
2389.9	3586.8
5666.5	3641.1
5200.4	1001.5
1754	3754.1
1078.1	2894.3
4701.7	814.96
4887.4	706.91
5665.4	597.44
6148.9	1196.9
2893.9	4178
4954.3	955.99
3707.4	892.24
5433.4	588.04
2408.9	3546.5
3805.9	4256.1
5825.2	3419.1
2755.3	921.08
4548.9	4424.9
3859.1	4631.4
2404.3	737.77
3768.9	390.97
6478.5	2604.6
6236.8	3586
4764.7	1021.4
2674.2	524.54
2343.1	4056.8
3152	3700.1
3354.6	3663.8
927.99	2221.6
5630.2	1344.8
900.01	2662.5
913.95	2167.4
3587.3	890.64
3558.6	3767.6
5815.9	704.89
3281.1	824.94
6487.1	1975
6568.1	2399.7
2498.8	3219.5
3240.4	306.83
2455.8	3619.6
3364	3716.4
948.19	2155.8
5533.7	466.3
2387.1	3176.8
868.77	2307.7
3224.1	782.25
5234.7	752.34
5307.9	686.78
4257	303.57
3145.9	815.19
5355.5	3573.5
1012	2208.5
5929.3	3446.9
5810.9	3224.6
1813.1	1052.6
4266.9	708.19
1848.1	3792.1
4753.4	4845.3
3268.4	3696.1
5742.2	1287.9
6420.8	2934.3
2000.4	791.27
1794.6	4372.3
2685.8	927.26
5614.8	3247.6
3182.7	861.39
2741.2	3846.2
3488.7	2117.3
3248.6	953.66
6108.6	904.85
2780.4	903.1
3056.8	3678.7
5755	1338.2
5604.4	1156.3
5335.8	909.88
5737.1	3188.7
2368	988.03
6348.6	2994.3
3272.7	3750.4
5879.3	3303.1
5964.6	902.32
2042.6	3824.6
5896.7	3364.6
5566.2	691.94
6470.1	2269.5
3823.9	245.49
2179.4	1114
3788	809.85
1017	1781.4
4276.4	1027.1
997.32	2049.2
2832	3619.7
3685.6	4651.7
2008.3	1169.7
3373.8	4408.8
2503.6	955.38
900.22	2055
3113	3703.4
5840.1	3253
6402.7	2959.1
3078.3	388.19
6439.4	1856.3
5991.5	3287.4
4473	422.26
3452.1	3723.2
1052.7	2776.9
1140	1817.9
1455.6	2271.1
3714.9	846.09
5996.9	785.69
1732.8	999.83
3198.1	844.19
2286.2	3435.1
3645.8	809.82
2993	293.3
4718.1	1100.9
6567.1	2451.1
4436	881.11
6350.9	2787.6
6353.6	1354.7
1706.2	2241.4
1970.4	773.27
6386.5	1399
5666.8	3214.1
5630.7	2252
3066.4	3689.2
1901.6	3772.6
4912.5	1973.9
1667.1	3211.6
3730.3	3728.1
6386.4	1527.6
5702.7	666.72
2226.9	1247.7
2886.6	3619.4
6567.7	2419.7
5586.8	663.48
4108.3	4207
2446.4	989.57
3955.8	751.73
6125	1158
2343.4	785.82
6282.4	1234.5
1717.1	3557.4
1832.5	3715.3
2943	940.04
3803.5	3671.3
6506.7	2305.5
5859.8	1032.2
4549.9	204.76
3830.7	530.86
3678.5	800.17
5771.7	3164.6
5181.5	702.28
5881.6	3303.3
2726	960.84
3315.7	268.43
2030.2	1154.3
1070.1	2884.9
5905.9	3209.8
5429.4	1186.8
6479.8	2627.8
6076.1	2334.8
1835.4	3711.4
1711.5	2225.4
5969.4	3307.7
5806	3098.6
