1410.5	760.04
1254.1	974.72
1287.4	1705.6
5763.2	1493
5861.9	2245.1
6001.1	1670.2
5861.9	2245.2
6094.2	1754.6
5792.1	1512.3
6227.2	1797.9
2879.2	1133.7
6186.5	1751.4
6020.8	1571.9
3452.3	832.59
1239.9	1755.3
5527.7	1527.1
5848.6	1551.2
5834.9	2415.7
6035	1698.5
1240.5	1755
6143.6	1701.6
3858.5	853.85
2308.7	1188.9
5899.7	1590.1
5692.2	1524.3
1343.2	1646
4693.1	922.16
2244.7	1212.3
6287.3	1874.2
3466.7	848.95
3855.7	845.51
6121.3	1393.9
5110.1	3200.7
3443.2	794.93
1120.9	1638.5
6164.1	1818.5
2749.1	1058
1033.1	1798
1121.1	1638.4
4574.9	886.64
6026	1061.2
6525.8	1794.1
3154.6	1097.8
6089.6	1406.5
6174	1829.6
6289.1	1874.3
6296	1649.9
1058.1	1396
3443.8	794.63
2620.8	544.51
5759.2	766.02
3621.5	325.7
2177.2	737.38
6043.1	1732.7
1442.7	756.5
4932.3	562.61
5921.6	939.72
1141.6	1873.3
6213.3	1563.8
1167.6	1840.4
3619.8	325.12
2749.4	1057
5759.5	765.54
1165	1563.9
6059.7	1772.5
6298.4	1696.9
4509.4	878.53
1662.3	961.6
1087.8	1698.4
6473.7	2737.6
1658.9	962.57
6485.5	1663.9
6213.2	1563.7
1863.2	519.14
1199.2	1553.8
6003	1292.9
6473.2	2738
5195.2	796
1151.1	1630.8
3679.9	324.83
1139.7	1873.9
2411.1	3421.6
4255.2	232.31
3037.9	3642.6
4091.9	478.57
6061.4	1781.3
5810.5	1511.4
6495.2	1702.3
4570.5	565.7
6045.4	1695.7
896.72	2588.1
5935	1604.1
896.84	2588.5
6405.9	1594
1113.8	1691.5
3897.1	3687.6
1057.2	1791.6
5934.7	1603.8
1478.6	1208.7
4326.9	654.42
1073.7	1770.7
5994.9	1651.7
5956.8	1621.4
6272.2	1668.7
6098	1408.7
6354.3	1797.1
1217	1527.1
6059.5	1771.9
1213.8	1541.6
6450.1	2001.5
1348.5	1314.2
4093.4	478.54
3402.8	924.12
6003.3	1297.3
1213	1541.9
6377	1806.3
1628.4	1070.6
6272	1668
1162.8	1619
1279.1	1451.2
5510.8	1510.6
2603.5	1099.3
1574.8	796.46
1224.8	1527.4
1055.6	1756.8
6206	1508.7
6127.9	1450.9
5157.4	1317.1
3816.2	195.36
1172.9	1605.8
1396.3	718.04
1166.9	1605.5
1292.7	1435.5
1488.4	1143.6
6205.2	1504.6
6382.2	1953.1
6021.8	3712.4
1166.3	1605.7
1293.5	1435.8
6466.6	2067
5866.4	1595.3
6140.4	1417.1
6273.2	1657.2
6377.7	1806.4
3893.5	3686.9
2603.6	1098.1
6128.4	1450.9
1317	1553.7
5413.6	658.71
3079.5	1002.5
6203.4	1500.2
896.58	1728.2
3634.8	406.22
6233.3	1638.4
1158.3	1936.3
6366	1926.9
1243	1802
4016.9	846.36
5769.3	859.61
1280.7	1449.9
3891.1	3685.9
4453.9	340.99
3048.4	1103.5
3339.4	1023.5
1636.6	1406.1
968.49	2637.4
5622.9	3526
1534.3	759.44
1044.9	1817.8
1054.9	1756.7
1486.4	1144
1067.2	1775.4
6508.5	2576
3575.2	826.57
2516.4	1120.2
3565.2	258.17
6055.2	1305.6
6325.7	1864.1
4676.7	331.77
6318.4	1734.8
5682.4	1520
6526.8	2561.1
909.63	2597.1
3548.8	252.63
3699.3	389.31
6285	1678.1
6098.5	1411.4
1875.1	516.21
2194.2	1272.8
1784	1144.5
1410.4	936.59
1127.3	1671.7
1156.8	1579.3
995.8	1537.6
3311.9	255.13
3738.8	253.66
6193.8	1540.1
6382.4	1953.8
5124.5	526.09
5827.5	2213.4
6545.8	2150.4
6368.8	1783.1
3344.1	910.62
4739.6	103.54
6579.1	2365.4
6459	2048.4
991.1	1734.8
4529.8	345.5
2006.2	724.52
1073.2	3001.2
1048.1	1816.7
6229.7	1577
991.45	1735.1
4659.1	938.83
1132.5	1671.2
909.19	2600.8
6547.1	2278
6245.7	1616.1
5890.8	1341.5
1878.6	266.24
1606	1071.7
5494.5	4288.4
1336.9	2999.4
6283.7	1677.6
6367.6	1783.3
1499.9	3706.9
4084.2	482.36
880.14	2233.2
6313.5	1734.6
1006.8	2218
6321.5	1465.7
3733.6	274.26
4428.7	923.25
6188.2	1541.7
4909.9	4493.1
6280.2	1678.7
1617.1	716.63
983.27	1705.5
1029.5	1843.4
5697.3	1333.2
3753.9	247.21
6463.7	2006.1
6136.6	1468.8
6066	1338.6
1665.9	483.32
3805.2	246.39
6265.2	1910
4650.1	61.937
1251.3	1257.8
4530.1	344.68
3543.1	162.54
3045.5	3651.1
1339	3001.1
3477.8	1119.9
6278.5	1677
2749.9	1098.6
1661.6	1246.2
6138.4	1437.7
1104.1	1186.9
4813.3	4317.5
1985.5	718.2
6353.5	1591.3
6107.1	1420.8
6258.1	1959.4
1230.3	1189.4
2569.7	1218.4
1219.7	1812.8
3907.3	3694.7
6138.5	1437.7
6139	1424.7
6309.5	1705.1
6532.2	2570.5
3129.6	402.99
6142.6	1621.6
6204.4	1516.6
1059.5	1885.1
6388.8	1672.8
4752.6	758.67
5679.8	1363.4
1016.7	2190.3
2959.8	1056.5
1422.9	1449.6
1028.8	1842.9
2623.6	4545.6
1693.6	1374.3
1020.3	1865.8
6549.6	2514.4
6129.8	1482.1
2106.3	958.92
6316.1	1733.4
1688.2	1373.4
3291.8	356.41
4302.2	423.28
5559.5	1204.6
6512.4	1769.5
3344.2	201.15
2117.3	338.4
3108.5	376.6
1580.7	1097.3
5679.9	1360.5
1580.6	1094.7
1144.8	1877.3
2759.9	1060.9
1464.8	1181.3
3805.2	246.62
1043	1423.6
4168.1	605.22
6182.7	1816.5
4290	221.18
5917.5	1392
1270.5	1618.2
6294.9	1659.4
3938.2	3768.4
6211.5	1333.1
1050.3	2077.4
3202.7	345.45
5693.2	1393.6
1493.2	828.81
6512.8	1769.5
2622.7	4545.2
6463.1	1845.5
1006.7	2146.3
6381.3	1860.3
6255.4	1594.8
6275.4	1644.9
943.09	1864
1150.6	2081.8
3965.8	865.54
6390.3	1825
1016.5	2190.3
2102.4	767.19
1466.1	1181.6
3649.9	171.59
6353.2	1787.2
5742	3258.3
1498	764.57
2218	912.62
6562.8	2615.4
4857.2	4642.3
1034.8	1472.3
5346.1	694.58
2596.5	504.9
6494.9	1833.4
1082.6	1710.2
6236.8	1537.2
6076	1416.5
3122.5	3666
2596.5	504.98
5926.1	1382
6153.5	1446.7
3398.1	764.73
5742	3258.2
3690.8	142.16
1634.7	1014.6
1975	3811.5
4217.7	3664.2
6224.2	1626.5
3270.7	3711.9
2983.1	512.74
1635.2	1016
3486.9	1117
853.14	2243.9
3542.6	157.85
4386	425.23
1016.3	2193.2
3135	1112.9
934.9	2229.4
1459	1179.2
1050.3	2077.1
3099.2	3655.2
3964.7	1116.7
2736.9	449.9
6217.8	1862.1
6122.2	1452.8
6171.6	1445.2
3147.5	3661
2409.5	419.85
6255.9	1591.9
6220.2	3249.2
6054.7	1330.4
5416.3	1458.8
3547.7	430.13
949.22	2090.6
2102.9	767.36
2752.6	1173.2
1080.5	1721.8
2732.6	45.438
3122.6	3666.2
6477.6	2081.7
3204.6	419.98
6025.2	1586.3
6375.1	1828.8
853.13	2242.8
952.36	2649.9
6327.6	1738.9
4414.6	245.13
4292.2	219.6
1080.8	1722.4
6260	1611.8
6165.6	1444.2
928.65	2605.5
6212.7	1596.5
4961.6	2414.9
3840.4	201.26
6098.5	1395.5
1003	1711.6
6053.3	1316.8
1864.9	533.81
6454.4	2017.1
5059.5	3203.5
5505.8	508.42
1526.9	868.53
6074.9	1339.6
1794.6	1150.4
5085.9	3196.7
5743.5	3253.5
4128.5	940.01
5882.1	3669.6
1226.9	1201.2
4297.7	423.35
1935.5	793.88
2557.8	1220.2
3205	849.32
3607.5	143.53
5832	2241.1
4400.9	969.91
971.45	1707.4
3753.9	853.2
1479.8	1166.7
972.43	2213.3
6546.8	2112.5
1151.8	2082.1
5664	1319.2
6435.9	1960.9
6078.2	1338.4
1173.2	1363.4
3696	140.32
4376.8	637.65
1480.1	1166.8
6350.9	2017.8
3505.7	579.2
5488.2	4154
3270.8	3712.2
3056.7	664.3
5529.5	755.48
5266.6	611.41
6240.7	1888.3
6511.7	2123.8
853.87	2213.5
2721.7	941.28
3876.9	921.94
6399.1	1583.5
6160.2	1631.1
1765.4	649.68
2852.5	197.03
1166.5	2081.1
3976.2	1148
1161.7	2081.5
2305	585.14
3916.6	3677.6
3488.7	1118.2
6254.1	1606
4847.4	623.88
6295.3	1498
1177.3	1736.5
6097.8	1395.1
6418.2	1721.1
3918.3	926.09
5022	444.98
1355.4	1334.7
4026	874.09
4415.7	244.14
4235.2	649.72
1068.4	2063.8
6390.5	1582.2
4350	207.55
6477.5	2081.8
4087.5	936.49
3453.1	926.65
4416.8	243.81
1007.5	2154.9
2741.6	452.59
981.09	2189.7
6581.7	2523.6
6511.7	2124.7
1267.9	1743.1
6308.4	1833.5
4717.5	601.22
1173.1	1363.2
3118.3	308.81
6324	1456.5
1115	1824.8
1467.7	626.81
1068.1	1753.5
3331.7	575.47
3602.8	143.38
3960.7	928.47
6470.2	1848.8
938.48	2608.5
6015.2	1488.1
3383.8	3725.3
4767	596.79
6462.2	2893.1
5727	3255
4003.2	931.26
6108.9	1683.3
6218.1	1855.1
5052.7	154.5
3344.6	654.11
6218	1625.1
3660.5	338.58
1116.7	1467.4
5397.5	835.79
6400.5	1869.1
6479.6	2752.1
6055.4	1330
5397.5	837.29
4684.1	710.01
4710.9	718.03
1816.5	1367.1
6395.5	2382
1177.9	1547.5
2358.2	203.6
3639.2	339.05
6059.7	1691.1
1115.6	1465.5
4538.8	530.11
1092.4	1748.2
1098.6	1707.8
3914.2	868.03
4234	648.26
3490.6	1107.4
6079.1	1415.3
6114.9	2939.2
3787.7	205.7
3661.8	338.65
4166.1	943.69
4348.9	429.28
6444.9	1792.2
5838	2308.1
6549.5	2550.4
1054.6	1909.5
2804.8	65.812
1063.5	3040
6296.7	1722.8
2335.5	3578.9
1177.5	1545.6
3791.7	918.06
1033.7	1986.1
1320.9	1171.6
6343.2	1767.1
6167.8	2892.9
1852.5	1346.1
6299.1	1486
5091.4	1157.6
2842.3	386.49
3444.1	926.81
6579.1	2674.2
1067.1	2061.9
4006.2	802.47
3805.5	575.4
1147.6	1417.8
3692.8	573.37
1962.7	4052.3
5726.5	3257.2
2402.4	4292.4
1503	1501.7
4341	631.17
4836.2	4616.4
1488.4	3073.1
3749.4	918.07
6201.6	1837
2537.2	567.72
5726.3	3258.2
5931.1	1587.9
3664.3	919.34
6059.3	1716
4441.3	921.69
2918.6	4198.5
3621.6	918.71
2431.7	683.67
1931.6	1302.4
5953.1	1604.7
6467.2	2015.6
5056.1	3209.7
2112.2	977.5
4360.5	402.03
5822.8	1467
5786.7	953.45
987.16	2184.9
953.32	2623
2094	958.1
4998.2	681.3
3830.5	915.41
5951.6	1604.4
6526.8	2534.1
3683.5	360.19
3625.2	354.81
5765.5	3570.5
1009.8	2111
5237.3	156.26
1979.8	660.53
4964.5	180.51
5002.2	1132.6
3341	238.93
6465.9	1855.7
4457.8	933.87
6234.1	1872.8
5991.3	1637.5
1781.5	627.78
1748.4	1408.2
4983.4	625.62
6525.7	2233.8
4981.1	397.45
6144.3	1807.1
977.34	1727.6
4911.8	4469.3
5185.9	1024.3
909.75	2108
5939.7	1595.4
6120.3	3785.1
3885	771.38
3107.4	402.18
6063	1723.3
6274.6	1917.2
1198.8	1797.2
1475.2	3045
6202.4	1864.9
1891.5	1324.8
1476	3046.5
5041.4	1139.5
5069.6	443.76
4795.5	743.89
4583.8	3656.4
977.7	1727.3
2468.4	823.5
990.19	2813
2468.6	823.72
4327.5	963.97
4889.6	1095.5
6103.7	1381.5
897.99	2140.3
5760.8	933.08
1980.6	659.93
2404.8	4292.7
5072.5	506.86
6307.8	1755.3
5754.9	1517.9
4570.2	935.78
5307	983.17
6136	1486.6
3814.8	170.88
3779.9	209.9
4911	4468.9
3456.1	852.34
4947.3	1113
1487.4	3074.3
5687.8	4017.8
1151.1	1417
6141	1481.2
4103.1	812.27
6388.9	1905.3
6388.4	1905.4
4957	1028.6
3664.6	400.83
1263.4	1745.4
1736.2	624.42
4908.3	4468.2
3423.8	896.31
6429.7	1963
5784.3	1536.7
5094.1	1229.5
5608.7	619.96
3083.9	422.55
6229.7	2827
6353	1839.2
6470.7	2731.3
1402.1	661.03
870.61	2973.4
3745.3	914.11
993.88	2814.7
4439.4	2101.8
6315.8	1716
6468.2	2015.3
3089.2	347.47
4036	933.16
6576.9	2068.2
3841.3	863.27
6022.2	1696.5
5745	3247.9
1191.6	1827.7
6569.3	2026.1
1170.8	3779.4
3625	914.83
6430.2	2006.2
4982.2	620.03
3472.8	179.45
961.03	2216.6
4828.9	1078.7
987.43	2180.8
6298.3	1674.2
3107.2	4578.9
3277.4	246.18
4272.7	620.69
1014.2	1698.4
4022.5	939.73
5351.9	805.62
3903.5	910.74
1488.1	3048.8
3574.8	916.94
5929	940.14
6213.3	1622.7
6471.1	2056.3
6365.4	1844.4
6455.8	2009.5
2955.6	686.02
3673.3	422.74
991.26	1747
1168.8	2038.6
4489.2	988.79
3420.3	868.22
3867.1	920.61
6439.2	1940.7
3708.3	918.2
6393.8	1858.2
5850.6	3349.6
6090.2	1375.9
4959.8	201.91
6215.6	1596.4
1617.3	777.21
4563.2	1003.9
4512	286.61
4883.1	801.06
3660.7	914.82
5995.2	3317.8
3468	581.83
1574.6	1548.4
3879.5	920.98
2220.6	324.87
1288.1	2991.5
2758.9	1172.2
1294	2988.4
6005	1682.8
6549.3	2349.9
3612.4	917.99
4338.8	897.58
6592.1	2428.1
5012.1	1331.3
1575.3	1545.7
6277.6	1705.4
6588.7	2400.2
4400.2	506.37
5345.2	1262
6545.9	2407.2
897.29	2697.6
940.43	2205.4
5847.9	882.74
6080.8	1713.3
5467.4	691.19
1013.1	1698.5
6150.4	1376.6
1092.8	2046.9
955.39	2135.6
6082.4	1751.4
4357.8	968.35
1498.1	1384.3
6099.1	1560.7
2379.5	4292.6
6450.4	1973.9
2220.3	325.65
970.03	2082.5
1938.9	838.31
3391.4	943.67
6080.8	1712.6
6151.8	1377.2
6444.9	1819
1094.5	3035.3
2221.1	322.61
6005.2	1682.5
1037.9	2064.4
4966.6	197.76
4191.2	641.03
4493.6	999.46
1284.5	2989.2
4248.3	952.84
977.2	2064
966.22	2185
2752.4	1172.3
1922.9	4081.7
6277	1357.5
5995.9	3318.9
5405.8	662.82
6004.4	3321.6
885.22	3136.8
6322.3	1696
3982.6	872.28
956.79	2202.8
6537.2	2407.3
3937.9	933.99
5984.2	2412.4
5721	2410.8
6547	2384.8
6550.3	2096.8
5940.2	3699.6
6545.7	2552.9
1154.3	1416.2
6222.8	1596.5
5009.9	1130.6
3852.7	929.36
4759.9	601.37
6054.2	3263.9
6561.2	1969.3
898.03	2697.3
869.9	2541.7
1344	3065.9
5450	690.03
2349.2	4342.7
3941.1	1123.4
6218.5	3365
6429.8	2006.4
948.57	2121.3
6579.6	2583.1
6498.8	2744
1214.3	1956.2
6484.3	2056.2
1923.3	4082.1
5932	3376.3
6538.1	2559.9
5802	1529.6
6065.5	1689.8
4942.7	1028.8
5758.6	1456.6
1098.8	1776.4
991.34	1647.3
6087.3	1717.5
4241.9	261.79
6047.7	1632.5
4552.9	940.6
3672.3	423.29
2830.3	1139.4
2653.2	4548
4567.4	1011.6
5905.5	1604.6
3867.7	857.19
3454.2	896.52
1899.3	1317.6
4257.5	953.79
4197.9	947.24
2906	1153.1
6416.1	1900.5
931.94	2196
6531.8	1946.2
3088.6	346.84
925.29	2185.6
1400.8	1476.8
2040.3	869.86
6305.3	1754.9
3107.4	402.32
4942.8	1028.3
5380.8	1249.8
1498.7	1516.5
3389.3	3961.4
1755	1400.7
5714.9	1361.8
3525.1	901.23
1580.1	742.02
5974	1587.5
1699	2468.2
4839.7	1075.8
4400.2	506.71
1038	1631.3
6296.4	1682.2
5721.5	682.25
4119	939.21
1261.2	1627.8
2949.8	144.76
3918	3775.8
6048.8	3000.3
3651.8	414.37
4360.9	480.15
1236.1	1764.2
6308.5	2895.8
6132.9	1795.4
5419.9	1395.1
4045.8	4611.8
847.37	2264.7
6562.5	2436.4
5307.6	988.93
5987.1	1667.5
5904.7	1530.7
887.28	2127.1
3107.4	4233.3
5222.2	1103.6
2985.7	4491.5
960	1833.9
3795.7	914.92
4351.1	465.89
6545.1	2233.4
1811.2	565.18
6229.5	1694.5
967.73	1935.7
6168.5	2870
6024.4	3086
6416.1	1628.7
6561.3	1969
4386.4	2099.9
2585.7	1193.3
4777.8	1057.8
6463.9	1992.9
974.19	1793
1010.8	2026.2
5864.7	2159.3
5316.4	1286
3118.3	3682.7
3775.3	199.9
6496	2087.7
6050.5	1303.7
3600.5	928.74
6284.1	1699.5
3525.4	203.88
6378.9	2054.5
3977.7	1135.6
2560.1	3571.7
6393.8	1987.2
4022.1	940.81
1878.5	3994.2
2470.9	3606.8
3515.9	241.43
4487.2	1073.4
3927.2	3734
2954.5	690.8
3503	1094.3
2577.9	3628.9
1058	2098.6
5986.9	1667.6
2373.8	190.39
6318.2	1754.1
1837.2	3473.2
921.67	2177.8
1305.6	3381.1
6359.6	3051.5
4280.1	649.58
1984.2	3299.6
1361.7	1400.4
1091.8	2042.2
894.33	2134
897.94	2253.6
5379.2	804.73
1303.3	3382.6
5677.9	1193.2
1466.3	3730.4
3937.9	935.47
1742.2	3701.7
940.32	2204
6231.6	1600.2
3521.6	256.15
898.7	2092.1
1516.5	3686.8
1592.9	4211
5661.6	610.23
5980.4	1628.6
6376.5	1902.4
4663.9	45.15
6318.4	1767
6298.4	1165.3
4900.4	1091.9
6200.7	3408.9
1011	2025.6
1515.4	1363.5
6291.9	1669.5
1370.2	1692.6
6229.6	1694.4
861.77	2400.2
4780.7	1239.7
6556.2	2518
6562.3	2036.7
4460.7	512.91
994.64	1696.6
6377.4	2054
6261.6	1436
2046	730.27
5866.2	1203.3
4918.5	598.2
5462.3	4311.2
6531.8	2076.2
1310.9	3041.7
6476.6	1807.5
6345.8	1801.7
2266.9	3395.3
5795.3	1140.4
966.98	2181.7
5355.2	1211.2
3119.4	3680.6
4533.1	2018
881.25	2416.2
6045.6	1737.5
991.31	1647.4
6092.5	1372.8
6368.6	2023.6
1972.7	1281.2
2949	4184
1359.2	1076.1
2472.1	3606.5
943.63	2225.7
3126.2	3649.6
1722.9	1420
4103.3	980.61
1359.8	1076.7
1225.3	1892.3
3120.2	3648.6
933.39	2048.4
1657.6	514.45
1368.6	3950.2
6065.6	3209.8
2071.5	1306.8
4102.3	805.3
5866	1203.8
1127.8	1693.6
5662.3	3314.8
6536.4	2063.5
2495.2	3545.7
4487.9	3673.6
1737.5	3701.8
5462.6	4311.4
4608.8	1949.7
6037.9	1709.6
3817.1	897.59
3631.5	423.51
972.18	2200
6552.5	2416.5
5855.1	1068.3
3872.4	1118.9
3907.3	859.61
6093.2	1371.6
5682	498.77
4376.6	922.46
4196	715.42
2036.3	3334.3
6168.6	1472.9
1166.7	1744
1176.9	1461.7
6329.2	1800.2
5431.1	4333.2
995.4	1754.7
3776.2	203.19
3484.8	575.1
3988.5	4199.6
3399	408.44
5755.1	2411.4
6534.2	2238.8
3281	3718.8
6470.3	2872.7
3868.4	1120.4
6409.9	3004.3
1037.5	1966.7
6559.4	2979.7
5224.3	942.15
6208.8	2837
1259.4	1786.6
3345	623.43
970.24	2204.7
3690.2	375.96
5588.3	1132.5
6186.5	1577.1
2065.4	1316.3
3549.4	603.4
6300.7	2792
6598.5	2618.4
2617.6	3578.8
2192.2	1251.6
6433	2128.7
1338.8	1658.4
5363	1220.3
4782	1031
6174.8	3418.4
6362.2	1787.7
3839.4	3698.7
3630.7	423.08
3113.2	4591
6345.1	3017.9
1635.7	1477.4
845.28	2663
4447.8	954.58
5485.3	1183
985.18	2779
6186.7	1549.3
6194.6	1856.5
6354.1	2077.2
5044.2	443.06
5894	1530.1
3519.9	933.07
944.71	2177.3
1106	1513.2
4284.5	4466.4
2071.9	1306.7
4545.3	4637.9
6114.4	3218.7
6197.5	2934.6
6556	2504.8
1792.2	3988.2
992.35	2051.6
6319.9	1446.9
6039.2	3205.6
6492.2	2598.2
1939.1	834.19
5419.1	2413.9
5289.9	1406.1
6354.7	2080.4
3420.8	795.77
6492.3	2599.5
6196	1692
6102.8	1716.8
4977.5	1029.7
5840	3356
1147.1	3287.6
2541.1	799.15
1307.7	1743.6
982.03	2709.4
4284.7	1171.9
2540.6	798.94
3239	36.215
4321.8	1004
1718	3472.4
5769.6	1444.7
2024.6	1294.8
6288.7	1887.7
966.8	2180.5
6469.7	2753.8
3816.6	897.5
4564.2	906.71
6330.4	1800.6
6548.4	2528.2
2040	869.16
5245.9	322.55
1811.2	2465.3
2519.1	499.83
3590.2	920.46
950.09	1551.1
3839.7	3699.2
2314.6	283.45
6591.8	2419.3
4553.4	2425.8
973.34	1855.1
5878.3	3362.1
977.83	1801.3
6272.9	1703.9
1240.9	1782.9
6210.2	1315.5
4031.9	223.32
1251.8	1469.7
6344.8	3017.7
3037.6	281.08
2593.7	788.14
4971.9	2410.2
5925.9	1152.5
6351.3	1748.8
6513.3	1719.2
6326.3	1478.1
6344.2	1800.5
1063.6	2072.5
6353.5	2076.7
1037.3	1966.5
4413.7	1060.3
3542.4	205.51
3501.5	1098.7
6383.3	1829.4
6200.2	1531.2
4161	4607.7
1889	3497.8
5225.3	1250.9
2280.1	3415.8
1054.9	2109.3
3650.9	395.38
4488.5	1072.4
6110.1	1386.8
5268.9	155.68
6501.9	2007.3
5945.2	954.11
4799.1	1261.3
5055.6	1210.4
2459	4050.3
4824.1	3608
2070	2459.5
5999.4	3255
3516	245.07
5383.3	1199.7
5074.9	2414.2
2286.5	3414.1
6476.4	1807
6469.2	2872
6238.3	1625.3
3777.7	170.48
1692.6	3605.9
1342.9	1757.5
3972.7	3746.3
890	3160.5
1718.9	3473.1
5677.9	1195.8
837.67	2155.9
4492.2	925.79
3484.4	588.92
974.75	2833.9
3038.7	282.12
6169.1	1472.2
3536.8	963.99
6373.8	1751.1
1105.1	3041.9
4725.6	1225.8
4726.7	1225.7
3624.4	977.28
6113.5	1375.9
5765.9	1253.7
1242.2	1876.2
6235.2	1941.8
1056.6	1686.2
6257.8	1678
1208.3	3125.5
844.72	2662.6
1592.2	3817.9
4363	463.04
2255.3	684.5
5997.5	3438.6
3571.1	4277.6
1890.3	3347.1
3032.5	277.6
5588.3	1135
4518.2	4610
3529	580.55
5886.8	1367.1
4513.1	270.44
1458.2	1612
4730.9	723.63
3428.9	833.47
2472.4	3551.7
6051.8	1337.2
5407.7	890.16
6152.5	1743.9
2062.3	1310.6
995.54	2219.7
6547.9	1866
6335.8	1476.2
4540.3	1051.6
4830.5	623.84
2383.9	4019.8
4490.8	522.9
3100.5	728.3
6505.1	2814
6354.1	1745.7
1524.8	3424.9
1020.3	1876.2
4480.8	1040.3
915.19	2676.1
1070	1756.4
900.51	2154.6
4343.1	4575.5
3489.1	893.5
6285.8	1957.6
6000.7	1451.5
3008	173.08
4659.4	4075.9
1032.6	2124.9
6198.9	3721.3
924.52	2705.4
6597.6	2418.3
6037.9	1763.2
4291.4	2179.7
3519.9	199.98
1798.8	1161.5
4901.1	802.38
4813.7	749.33
6532.2	1859.9
3448.5	1092.2
6177.6	1480.7
2719.4	4664
6290.7	1751.1
6437.5	1815.8
3998.2	3721.9
4734	1101.9
1195.6	1255.5
1601.5	3136.9
2701.6	880.78
4607.2	1065.6
5094.4	3687.5
6145.8	1459.2
2381.6	4020.7
2235.2	594.81
6051.9	1688.9
6269.8	3275.1
6439.7	1751.2
976.71	1808.9
6473.6	2892.6
4361.6	2178.3
5424.6	900.21
1814.1	3930.2
2316.8	274.48
993.96	3129.7
6293.4	1749.6
5950.6	3308.9
3149.9	1080.9
2029.6	1287
3271.7	4595.5
6501.3	2007.9
1586.7	942.73
1959.9	640.13
6410.1	1982.2
978.99	2233.8
1215.9	1953.5
6108.9	3225.1
3765.6	605.15
2157.2	353.89
5699.8	836.07
3006.3	3655
5059.5	472.85
6136.5	3007.1
2157.3	353.61
1745.3	650.19
4393.8	1026
1445	4077.2
1017.9	1878
3864.9	4189.4
1405.3	1656.2
6183.4	1576.7
6234.8	1629.4
3478.9	1142.4
5575.2	1123.1
4418.9	1177.1
6578.6	2482.9
6429.9	1875.7
6555.7	2468.9
2285.7	499.99
2047.2	3476.5
5540.1	1393.2
921.91	2594.8
5265	1411.7
6434.6	1750.3
1042.9	1604.6
6343.1	1751.2
5699.7	836.24
6098.5	1670.2
4431	450.65
5297.5	1280.5
6523	2082
4333.5	4676.2
3707.7	575.5
1841.5	4025.9
1018.7	1877.8
1754.8	3438.5
5933.9	3305.5
902.63	2276.3
1223.1	1871.5
933.81	2150.9
2256.1	1227.5
6270.3	1703.3
863.87	2066.7
2760	1077.7
4572.4	381.41
1256.3	1799.5
2474.7	838.92
5964.2	1586.4
5744.2	932.16
1922.7	179.02
4923.2	1049.7
5130.4	39.893
6177.7	3465.9
4943.4	1057.5
3112.2	954.44
6337.8	1444.2
3158.8	3767
6369.4	1668.2
5791.3	2411.2
1012.9	2229.3
4069.1	587.28
2735.5	3943.9
2200.6	283.82
6206.2	1542.9
5838.2	1077.8
5385	4336
6520.4	2002.3
6515.9	2050.8
2378.1	4021.7
3535.2	575.84
882.12	2582.3
914.42	2257.1
956.92	2874.9
908.33	2812.2
1092.7	2106
6483.4	2731.1
2299.9	630.14
981.71	1807.2
5561.7	3668
1467.8	619.54
2115.8	4205.4
5681.1	976.53
942.32	2672.3
1369.8	1735.5
6397.8	1917.4
863.71	2079.9
4539.7	1052
4329.6	429.1
6435.6	1681.6
4607.8	1065.8
3463.9	198.79
5673.3	1541.1
5780.1	1453.7
5729.5	723.61
6523	2006.8
2156.9	4406.1
3320.8	460.04
6350.6	1750.5
6122.3	1494.5
920.71	2733.2
6520.9	2063.6
2561.2	1195.8
1591.2	3658.3
3962.9	4193.8
1045.9	1647
1293	3110.7
3176.8	776.67
4808	2417.8
6076	3112.1
5244	3931.1
6056.4	1394
6326.6	1476.6
1306.8	3684.2
962.78	2827.5
1600.3	3140.1
2597.7	789.37
2041.5	2459.6
4288	1185.5
6435	1482.2
991.13	2049.5
1728.2	460.2
5507.8	4174.6
1212.7	1699
4067.6	590.57
3459.4	982.64
3964.6	4194.1
1175.2	1754.7
3193.4	416.76
6430.1	2712
993.26	2061.2
6520.6	1997.8
1173.5	1754.3
1063.8	2155.5
906.81	2099.5
4985.6	1088
5855.1	1069.1
6478.3	2644.4
958.43	2042.5
5185.6	3889.6
4524.8	288.53
3354.7	1115.9
4316.5	3652.5
2403	4358.4
981.26	3098.4
921.39	2732.6
5726.4	945.6
981.45	3098.5
1495.9	1243.6
6059.2	1422.8
6444.6	2930.8
6561.1	2153.5
3567.6	88.503
1026.2	2023.7
3025.1	437.14
5109.6	1233
2119.2	311.91
5999.7	1613.1
6057.7	1694.3
5963.8	1334.3
5222	791.18
851.9	2440.8
6466.4	1888.1
3468.4	589
958.55	2052.4
3651.9	404.42
5142.8	988.22
1068.2	1592.5
6484.2	1944
3669.1	582.27
1327.8	4101.4
6468.9	2030.8
3495.1	141.41
5082.6	290.37
2588.9	3653
6446.7	2036
6525.1	2080.4
1404.5	1481.1
4411.7	4438.5
6455.1	2110.1
5303.4	825.91
3271	4493.4
5333	3393.9
972.57	2201.1
6483	1941.1
6271.9	1703.7
6159.7	1481
1416.9	1454.7
6474.2	2200.3
5644	650.42
4123.1	852.99
3812.8	971.16
4974.5	2408.8
6537.3	2031.9
1937.7	4567
5149.2	3260.1
3451.5	591.4
3558.4	972.04
4408.6	697.62
6241.4	3647.7
6307.4	1774.2
3842.7	4161.9
2289.3	4381.5
3793.7	975.78
6569.1	2751.6
5661.5	868.62
4474.2	955.6
6566.2	2054.3
6182.8	2901.5
5062.1	4430.5
3489.1	834.76
1630.1	1276.6
4024.9	3668.3
4795.8	1034.4
5836.1	878
4343.8	1043.3
2741.4	1107.2
6471.3	2111.3
2779.6	1009.9
1316.3	3505.2
3792.4	897.12
2190.3	196.98
5812.4	1467.4
4435.1	4472.5
1199.9	1895
6520.7	1997.4
1744.1	1269.5
1179.1	1915.2
4927.8	4501.4
1071.2	1938.9
6473.1	2640.5
1034.3	2134
3830.9	977.43
6218.7	1577.7
3258.7	155.2
3965	191.88
3644.6	969.11
1177.1	1455.4
3656.7	426.89
971	1785.2
978.66	2242.3
936.12	2034.8
2825.3	1147.8
1010.6	1407.5
6338.4	1997.7
6500.6	2851.7
6263.1	1617.7
1731	3567.2
4813.9	4211.7
950.7	1605.2
927.04	2168.9
4581.5	1062.9
4779	931.34
3902.9	975.29
6503.9	2734.5
6474.3	2195.1
2251	3392.1
5561.5	2413.9
2548.5	3592
5237.4	1275.3
6487.6	1834.9
4995.1	4240.2
3586.1	892.02
6453.4	1906.8
925.1	2014
3916.9	825.33
1332	3099.6
5085.3	4323.5
6068.6	1103.6
6467.1	3302.7
5700.2	358.82
3795.9	4256.2
2762.4	1146.8
2748.4	1162.6
6314.9	1965.5
1010.2	1407.4
3658	427.58
1116.8	1734.1
2117.9	965.1
6399	1797.3
6082	2977.1
4888.7	1061.7
5017.7	1002.9
4323.2	4438.8
875.79	2730.1
4807	1139.9
3692.5	583.61
5523.4	502.2
2511.6	806.94
1504.1	3155.2
1354.8	3508.2
6473.9	2199
937.46	2116.4
1714	1301.3
6550.3	2432.7
4001.8	836.17
6523.8	2914.6
872.82	2989.9
1136.6	1721.7
4430.8	47.637
5272.7	936.03
5875.7	1534.4
6427.4	1902.2
4427.9	51.048
3522.8	171.45
5870.2	2358.2
6271.2	1425.1
2323.6	442.33
4328	797.11
1150.9	2333.2
924.33	2727.5
5081.7	1223.4
4328.9	4456.5
5334.1	1293.6
3463.9	902.27
924.34	2116.6
4468	271.36
1476.6	3266.6
1032.5	2128.7
1043.7	1958.9
3476.9	1099
5678.7	1025.6
6015.5	3253.1
4337	1122.7
1728.1	343.93
980.99	2246.8
869.37	2229.6
3814.4	971.43
4873.7	4193.1
6338.9	1739.5
4534.2	468.62
6220.2	1524.6
5847.8	2428.6
993.16	2060.1
3970.1	3642.1
2287.7	1153.8
2812.2	1178.3
950.61	1607.6
5821.9	2236.2
912.35	2199.6
934.54	2091.9
6276.5	1725.1
1495.4	1472.7
5912.9	1404.8
3492.8	143.45
5125.4	992.39
4967.7	4130.6
1128.6	3143.7
6270.8	1607.4
3510.9	574.94
1367.3	4005.1
5398	1517.4
4302.1	621.94
5698.9	365.19
4139.4	446.24
3485.3	4635.6
6528.6	2743.4
2716.3	940.82
2313.5	3575.8
4228.6	4134.6
3950	1093.2
964.62	1523.4
3457.2	1081.7
3806.2	583.21
6569.5	2512.8
5029.8	198.97
4877.2	1059
6270.7	1607.1
1725.2	1301.5
5835.8	1471
4705.5	2415.4
2324.3	552.16
6562.7	1964.1
6509.2	2843.4
5096.9	4200
6528.8	2744.5
3547.4	834.39
5802.1	2276.9
1029.1	2007.6
5968.9	1663.8
2294.5	672.23
2407.6	1097
1215	3261
931.72	2690.1
6380.5	3323.4
6453.3	2103
1046.8	3409.3
4292.3	1127.4
6563.6	2515.6
1402.7	1468.3
4437.2	833.91
854.5	2746.7
1187.8	3498.9
5995.3	3161.9
1213.4	3029.9
6552.5	1911
6187.4	3414.1
1226.2	1635.9
1487.1	4091
3492.2	421.8
3635.5	413.91
4318.7	615.9
2061.4	4171.7
3522.2	170.4
3672.2	4271.3
4262.5	996.75
2781.2	1097.3
3666.2	3717.5
6160.3	1496.1
1117.3	2116.7
5769.3	3345.3
6445.7	1706
1032.1	2125.9
5470.9	571.62
2609.8	4439.9
3745.3	430.28
2323.9	560.04
5552.9	592
4569.5	292.83
1337.3	3478.6
3476.1	3959.1
3465.9	3919.6
3708.7	583.08
1989.1	1198.3
5365.7	1345.6
6584.3	2743.5
4317.3	615.56
6573.5	2510
3663.6	392.4
911.34	2199.7
2046.5	3484.4
2881.5	3892.2
1681	4067.6
6040.9	1399.4
5876.1	3223.9
2402	4295
2584.4	3659.2
988.1	2046.1
1202.7	2027.6
1193	3293
4934.2	1028
4054.6	3992.5
1067.5	2141.8
1026.1	1874.2
4648.4	1076.9
1012.7	2064.4
867.83	2355.7
6523.2	2915
1907.5	911.27
6379.2	2308.7
923.48	2005.5
6568	2513.8
4661.5	39.66
5380.2	1372.3
1443.2	677.56
3983.5	1096
6356.7	2089.7
6159.4	1538.1
2339.5	1221.1
4484.5	654.59
1462.9	3208.8
6510.9	2031.9
5671.2	4013.7
6146.9	3268.3
1231.9	1835.6
1068	3128
883.28	2571.3
5144.6	4389.3
4868.3	1028
4055.4	3743.3
4951.8	658.42
6483.6	2998.2
2315.3	3769.8
1751.2	3960.7
1405.6	1485
2161.7	265.87
939.71	2297.1
5129.1	1239.4
877.45	1803.2
4778.9	931.57
5698.9	505.65
3178.4	1069.7
4293.8	4566.9
5277.3	3566.5
1389.9	1551.4
1032.3	2167.3
953.3	2232.9
6449.4	2094
2306.9	3713
5818.1	3341.2
1012.8	3167
3549	835.62
4429.7	2104.8
6327.5	1838.7
2877.5	2441.9
6440.2	2026.2
1208.8	1793.5
6568.1	2535
1451.8	924.48
2882.4	3891.7
1489	561.75
6529.9	2043.1
6555	2996.2
5555.1	2414.6
2097	3723.4
6356.9	2090.4
3382.1	941.78
4245.9	1033.4
2203.7	3948.1
2863.4	3725.7
5488.6	1371.9
3664.4	3717.3
5254.6	2413.8
5937.5	4066.9
6217.3	2930.4
6021.7	3142
4420.2	932.79
5224.9	2419.1
1326.4	1551.7
2850.3	4073.6
2505.7	3558.9
5939.7	4074.3
4408.5	849.71
6553.2	2996.8
2273.4	1244.3
1114.4	1835.8
3345.9	591.7
6522.4	2583.4
938.9	2188.3
6037.7	1400.4
5063.6	2420.7
6237.8	2964
6574.3	2879.3
5354	1366
5076.5	657.5
6374	2010.8
4021.8	774.66
6173	3267.6
5055.9	1116.9
4856.1	4612.4
6504.9	2790.2
5887.4	1519.3
3783.1	630.14
3650.9	363.47
3635.4	745.82
1139.6	1719.1
2218.7	1041.3
6552.9	2073.9
3755.8	898.99
6213.2	1671.3
968.86	1846.9
6006.9	745.59
6560.2	2012.3
6422.4	2086.1
4444.2	265.47
6265.5	1610.5
4446.4	3734.2
3853	436.05
6123.8	3326.3
4232.8	3382.6
4534.3	468.93
1516.7	1396.4
3246.9	41.206
3367.3	3716
3544.2	832.81
2187.1	3677.5
3971.7	885.68
1113.8	1990.5
6017.6	704.68
5824.3	1235.4
2030.4	1189.8
6266.3	1703.1
960.69	1634.4
6005.4	744.46
1036.9	2170.8
4471.9	58.002
2922.6	4190.2
3463.9	1091.2
3116.8	4571.3
5694.6	2406.8
6242.9	1657.9
2662.4	4038
6624.5	2795.3
6477.8	1919.5
3577.1	732.72
2060.9	3618.5
6531.1	2904.6
3143.5	4464.3
913.66	2026.2
6306	1667.5
1122.3	1740.2
6528.7	2144.7
5967.4	1324.6
5783.3	3994.3
6281.6	2854.9
1141.7	1229
3257.3	99.285
5548	3742.2
6085.7	1441.9
1028.7	2004.7
1625.9	3767.9
2541.3	4427.9
2885.9	3985.6
3460.7	4635.5
3720.4	891.07
6016.6	1362.4
1073.8	1728.6
2000.7	1332.1
1260.5	1194.1
4226.6	3474.9
2306.7	1171.5
2992.2	125.73
2313.8	3770.3
3177.7	4346.7
3762.7	202.76
5063.7	2419.6
6473.4	2897.7
1315.6	3014.1
5950	1588.6
2966.7	3675
1041.7	1978.1
1115.6	1836.9
6204	1572.1
1882	2458.8
6611.9	2564.6
5026.4	4131.5
5541.4	4137.5
2297.2	560.72
2133.5	232.67
3556.4	837.34
4189.3	3782.1
3986.7	228.98
1534.9	3145.6
5332.5	1465
5411	4625
1990.1	1089.8
1971.5	4118.1
3725.2	4148.1
3786	3782.9
1599.7	927.88
2318.6	3724.4
2360.3	4026.4
3553.7	4392.3
1444.2	741.79
5282.7	1087.1
3459.3	580.34
5709.7	2416.2
2054.7	3617.5
2187.4	3677.5
4471.6	56.527
3447.1	263.75
4700.7	2404.2
6509.1	2754.6
2314.5	3576.3
4333	4221.2
5818.1	3342.4
5008.2	586.27
6548.7	2039.7
6001.5	3427.5
1431.6	3729.2
2146.2	4374.5
4001.4	2428.7
2972.2	3650
6551.1	2998.4
1738.4	3206.3
1454.1	3120.4
5135.4	873.46
4015.8	245.67
5988.4	761.38
1020.4	2179.4
6461.8	2803.8
5887.1	1520.1
6576.6	2515.7
913.02	2147.8
3454.9	370.53
3433.5	859.82
1533.3	3144.9
5926.4	1571.4
1319.2	3514.6
3523.8	3701.7
5312.6	1273.8
938.96	2343.4
4172.5	397.27
4571.8	859.77
3464.8	902.61
2669.5	3579.9
3518.9	2431
2910.8	3717.2
1234.2	3057.6
5266.1	753.32
1044.8	1978.9
1913.8	1025
4090.3	3773.4
4800.7	547.32
1808.9	948.32
6588.4	2157.4
4875.8	767.94
3652	390.98
3761.4	4257.6
1591.2	747.77
1204.7	1962.9
3709	581.72
4546.2	282.35
6438.3	2698.3
1045.7	1979.2
3665.3	731.71
6432	2118.6
6532.4	2904.8
5090.1	489.14
6023.4	3255.2
6478.1	2177.4
6205.1	1313.3
2447.1	4257.9
4569.5	315.69
4281.3	610.61
3238.9	1022.6
5342.5	425.52
5918.9	849.76
1101.4	3158
5283.5	47.334
4812.8	1263.4
4101.2	592.18
6015.5	3426.7
2796.1	3876.1
2317.6	3724.9
2176.8	3665.9
6313.3	1696.9
3419	850.78
3200.6	1034.3
6483.1	3243.6
1672.3	3898.9
1223.8	1637.7
954.1	2210
6460.8	2698.6
5026.7	4130.9
5856.9	1578.6
6389.9	2865.7
1001.7	2997.5
6362.7	1547.1
3237.1	985.05
867.39	2336.9
4203.9	603.25
5282.4	53.49
6195.1	1771.7
6523	2583.8
6015.6	3426.7
5319.3	1090.8
3267.4	4610.5
3017.9	3657.5
6069.8	1104.5
3044.1	4144.4
2255.1	2445.7
6444.5	2700.1
6249.6	2901.7
3463.4	244.8
4483.9	322.79
2555.4	3557.1
4761.6	1261.9
1123.4	1732.1
1463.7	3105.9
2228.6	1213.9
4230.5	748.06
1402.8	706.51
6481.9	1863.7
3612.5	883.72
1089.4	3432.6
1038.2	2188.4
5919	1543.7
3545.1	4488.9
1832.7	4025
2981.9	3692.3
903.11	2839.3
2157	1289.4
2111.7	723.06
1881.9	2457.4
5044.9	1113
4313.3	624
6482	1863.7
6561.4	2357.8
1901	2461.1
2563.3	1045.7
909.79	2139.3
5559.8	368.98
4718.2	2409
5944.9	1110
6540.5	2813.8
2324.8	371.91
4288	1188.6
5555.3	320.87
1135	1679.7
2577.8	1043.4
3540.2	209.6
1011.2	2069.5
911.9	2732.8
6442.5	2699
3989.5	1093.8
6109.4	1782.5
6002.3	1443.7
5432.3	1398.7
3862.5	570.37
4067.7	4157
3541.7	4519.9
6190	3217.4
4040.2	2433.5
3870.2	184.98
1309.9	3730.9
2146.9	4374.9
2910.4	113.95
5756	1568.2
4336.1	629.17
5850.9	1087.9
6497.5	3192
3982.7	844.6
6040.7	1338.3
1889.8	1057
1117.6	2116.7
5307.3	1273.1
6508.6	2234.9
6410.8	2851.2
3474.1	577.23
2395.7	228.83
4172.9	397.47
2506.4	4402
1818.3	3289.7
6164.3	1817.9
3850.1	365.62
2562.2	1045.1
6296.8	1970.6
1350.4	1016.5
5332.8	3413.3
3467.9	4009.1
4804.8	2534.8
4141.6	4607.7
3567.4	577.42
5160.7	1080.9
1322	2488.2
4475	273.16
6530.6	2042.4
6330.3	1759.3
6613.5	2564.9
1734.5	3215.8
1677.2	3172.9
1274.8	3330.5
1759.1	397.09
4570.7	1214.4
6364.8	1866.2
1087	3081.2
5898.4	3202.9
5233.3	3737.7
4232.8	3891.1
1051	3097.9
1048.1	2030.5
4892.2	962.69
1653.4	3210.2
2877.8	325.57
4581.3	4083.9
4480.4	843.32
5559.8	372.84
3650	2427.8
3657.1	583.19
1736.5	3250.2
4331.5	876.94
5905.4	1614.3
1759.2	615.22
3312.3	4600.1
2828.8	1004.5
5050.7	3700.9
5031.2	2414.4
5560	369.51
5096.6	4213.3
5526.9	2414
3449.1	968.75
6416	2759.6
4673.5	1005.7
3458.7	4009.4
4812.7	2528.3
4097.3	903.85
1115.5	1662.8
6499.6	2744
1567.6	817.68
3511.8	1095
3023	2439.2
2081.5	715.59
3670.4	858.02
5787.3	3302.4
6239.3	1632.6
5878.1	3373.8
6017.1	1405.2
2209.3	1267.7
3044.2	4143.9
1103.9	1515
2883.1	1075.4
2156.4	1287.2
3518.3	2431.1
1068.7	3204.3
1052.2	2151.5
6572.2	2427.8
1561.2	1501.6
5208.6	1160
6266	1650.5
5101.8	3687.9
4497.9	3725.8
5016.2	4345.8
920.08	2765.5
5062.8	4220.7
3850.8	365.93
3626.4	585.24
6367.6	2979.5
3856.2	1008.4
2322.2	1203.9
4081.5	221.74
3456.8	1081.9
4292.3	4342.2
6364.1	1857.9
6530.6	2904.7
3772	940.56
1031	2202.8
5941.2	1554.8
4183	4481.1
4033.3	4604.1
6180.5	1631.1
5354.3	1512
5861.4	1498.8
1200.1	1010.3
3473.9	1096.3
4173.1	4587.4
3846.4	1157.2
6315.2	1858.9
863.87	2454.5
909.55	2689.9
1676.3	3584.1
6069.2	3395.1
6229	1043.7
4226.9	3475.1
3422	3922.7
6509.6	2843
2009.1	3639.1
1119	1765.9
6282.9	3541.9
3368.1	4019.8
1463.9	3537.4
4914	4145.1
6257.3	1702.4
2166.5	344.71
6449.9	1803.7
1111.4	2005.3
5029.7	3708
6265.1	1854.3
1435.3	734.26
1759.4	397.72
5334.6	962.03
2577.2	1043.2
1264.3	3092.3
5097.1	4212.5
2028	1189.7
6113.8	1709.1
4306.6	236.8
5792.6	1436.1
2219.2	2461.9
2497.5	1062.7
6547	2176
3749.9	1065.9
6226	1883.6
2253.9	2445.7
1870.3	2464.4
2733.6	3627.5
5796.5	1473
4293.4	4343
6395.8	1547.2
1740.2	3250.6
5963	1354
3461.3	884.18
3334.6	3800.6
2772	994
1936.3	4151.8
1050.2	2028.9
6566	2470.4
4436.4	187.49
1034.8	2196.4
5492	264.64
3466	884.45
6447.6	2707.3
3406.3	3796.3
1524.7	1400
2628.7	4451.5
4299.6	717.68
2046.6	163.27
3249.4	66.839
1453	4114.4
4441.3	375.26
6508.3	2738.1
3137	2437.5
5791.3	1443.6
4562.8	3295
6414.5	2854.1
4585.1	2409.7
1647.5	3874.7
6035.1	1400.6
4337.7	170.45
3056	778.77
5283.2	43.334
5902.6	1051
4022.8	4503
3938.7	957.06
4206.3	2427.8
6036.6	1363.6
5312.2	1499.9
6504	2776.6
5349.9	1026.3
3591.6	295.27
6335.1	2791.8
6126.8	3329.2
4164.2	910.55
2326.8	2454.7
4034.4	4612.8
2501.5	1168.2
6550.1	2040
3411.3	612.53
6034.1	1601.1
1706.7	3453.4
5717.6	1505
6066.9	3054.1
2884.6	967.46
6504.9	2918.1
5488.3	440.66
1630.2	3215.2
1754.3	3957.5
6083.5	4106.3
4449.8	3743.2
5817.2	3347.8
3747.2	896.58
4429	164.33
4153.2	1108.8
6107	3054.2
3457.7	876.94
841.18	2515.9
5046.1	3212.4
2996.3	948.46
1665.5	3335.3
6059.2	1706.5
3609.8	2428.1
1145	3040.4
749.15	2804.8
2548	1073.1
5076.3	656.22
2280	3906.3
3548.9	573.3
1179.8	1697.5
1774.5	2461.2
2775.7	991.27
4715.7	2423
5465.3	578.27
4083.3	602.76
5389.3	1098.3
3571.4	3925.9
6209.8	1737.8
2768.2	2451.7
1093.3	1879
1585.1	885.48
2180.2	4229.3
2648.1	3673.7
2565.6	3754.9
5033.4	219.89
4393.9	145
1293.1	3119.8
5978	3150.4
4800.8	546.65
4322.4	1194.9
6262.9	3499.8
1865.9	3226.3
4024.3	4503.7
2109.4	697.13
3778.4	894.36
5619.3	2417
6320	3489.3
4506	905.1
3558.2	3702.5
4151.9	787.28
1834.3	1353.8
3370.3	3777.1
1058.1	1955.2
4924.2	787.91
2067	1229
5314.8	1500.8
6185.4	3453.9
5812	1101.9
6011.3	1278.6
6264.4	1853.7
5326.2	2414.4
6021.4	1402.7
6307.3	1667.4
4498.3	1032.3
919.04	1691.2
3207.5	4474.2
1672.3	2464.3
4098.9	869.61
6524.3	2925
3651.8	382.77
6300.1	1653
1255.7	3813.4
5009.3	1035.8
3165.8	3781.4
6447.1	2707.6
6355.8	1974.3
6096.1	1629.8
4233.4	3408.8
1108.2	3067.3
6000.8	4083.9
3247.8	68.818
1656	3821.8
6366.6	1945.4
2711.4	3725.5
6526.6	2761.1
1120.4	2141.6
3767.3	3757.5
4633	1090.1
6113.3	3167.5
6274.5	1936.6
4551.1	2734.9
6556.5	2743
4045.6	3945
5852.8	1630.9
2914.6	2434
5141.6	3738.2
4116.3	443.35
6125.9	1445.1
3191	895.16
6084	4109.8
5929	3312.9
5093.8	2407.8
5250.3	3697.1
3433.8	974.94
1727.6	3523.3
1234.6	3064.9
6200.3	1572.5
4324	2419.7
3422.7	181.45
957.2	3177.8
3797.8	3230.8
4268.2	3315
3176	1077.1
939.61	2834.5
2985.9	3729.2
3080.5	1050.1
6123.4	3210.2
5955	1527.9
6192.5	1648.3
5295.9	4660.2
6437.3	2706.2
4703.4	850.4
3735.5	874.93
4315.7	1113.4
1789	2471.2
6571.7	2457
1119.9	1288.8
5790.4	928.76
915.9	2284.3
1500.4	3731.6
2905.8	188.09
2659.2	3708.8
5156.6	3956.1
1850.1	695.99
5433.1	818.01
1269.4	3195.4
3018.2	961.58
2991.4	1056.8
2950.7	3718.7
6309	1912.8
6312.5	1390.4
2775	991.08
4227.8	4456.4
6506.3	2755.8
2329.3	2455.8
2992.1	1055
6383.4	1694.7
1447	1269
3608.3	1073.8
4879.8	4182.6
5436	276.46
6362.4	3373.6
2477.3	1249.7
4502.5	477.25
1566.3	1585.5
2024	4140.9
2307	1231.9
3568.5	894.48
2862.9	3636.1
1048.6	1979
4680.6	2427
6433.4	2880.1
1122.2	1712.4
6058.7	1343.6
5027.7	261.16
6285.1	1353.6
6105.1	1552.6
3315.1	4620.5
6498.1	2279.7
2603.9	2446.9
6500.1	2587.7
889.87	2233.9
999.66	1431.8
1747.6	3512.1
6468.7	2770
3673.3	34.888
2018.6	3836.3
5092.3	1355.7
6172.6	3267.6
4437	263.82
1000.7	3065.8
6273.2	1939.7
5942.4	4088.4
4586.4	860.38
3558.2	3702.9
4747.1	1126
4245	4590.3
3221.5	3786.3
1163.6	1888.2
4997.8	302.97
1353.7	1343
6210.3	1866.4
4263.4	2427.8
2950.5	3717.6
6236.3	1823.5
5902.9	3707
4999.7	2416.4
862	2866.9
6525	1933.7
6276.5	3532.2
1047.6	1718.9
3264.3	142.42
4276	824.56
5988.7	1557.2
1207.4	2021.9
1805	568.78
6556.8	2743
3396.6	4608.9
1957.9	3375.7
5016.6	2421.8
6370	3057
3028.9	943.88
3256.3	948.26
6266.7	1860.1
5630.3	3505.4
6020.1	1338.8
3739.7	741.46
4615.1	74.244
4285.3	4331.8
6487.2	2652.4
5484.1	811.96
4148.9	4478.4
6113.8	1737
3849.8	573.45
5393.4	3409.5
6015.3	3614.5
2884.6	1073.5
5588.5	807.21
2648.1	3586.6
3765.1	4564.4
4004.9	2431.3
6227.9	3491.5
3466.4	875.77
4267.4	482.35
6313.9	1858.8
5952.6	1015.4
6516.7	2732.5
6575.4	2544.1
4545	498.88
1784.4	3501.8
6149.4	1721.5
2545.4	3591.3
6117.4	3047.6
6338.4	1949.4
2903.9	144.06
5524.2	189.84
3390.9	484.26
5843.9	1487.8
6470.6	2104.6
5950.5	3251.6
4298	934.18
2901.9	2448.3
4147.5	908.75
6344.4	1869.7
4373.4	3653.8
4587.7	2408
6344.4	1869.4
5949	1648.2
3216.5	4597.4
6321.5	2880.2
6575	2448.5
2263.2	3459.6
2151.6	3699.5
2324.2	3569.5
1052	2028.3
6192.7	3478.9
1796.6	2460.3
4958.5	2426.6
3928	256.12
5383.7	1321.4
863.39	2882.8
5038.4	3712
5007.1	4241.1
1269	3196.8
