5886.5	1545.3
1595.9	2222.7
5722.9	1433.8
3151.3	1051.6
2381.9	1034.1
2293.8	3951.9
5950	1593.2
1184.1	1823.4
3615.5	853.84
5325.1	1310.8
1224.8	1773.7
6213.8	1743.9
6170	1446.4
3322.3	4148.4
1044.1	1773.4
1610.5	1608.5
5977.8	1257.8
6233.8	1530.2
3475.9	946.52
5960.6	1629.5
5043.8	560.89
1121.9	1905.3
6241.4	1583.6
1075	1973
3335	317.68
6572.1	2074.5
1000.1	1867.8
6442.7	2734.1
6202.2	1004.1
1612.7	1181.4
3391.5	310.9
1056.9	1999.4
1557.2	2327.3
1613.5	1180.2
5327.8	1311
1775.9	1050
5962.7	1591
5827.6	1489
887.68	2629.8
1619.8	4368.1
1019.2	1861.7
6080.3	1367.4
6311.3	1693.3
1076.6	1748.4
5317.4	1296.4
1079.3	1747.4
6214.6	1551.3
2968.9	3898.7
5152.9	4436
6119.4	1371.7
3506.1	173.73
914.56	1662.2
6185.3	1459.9
6221.8	1684.1
5774.9	1497.9
6209.2	1537.8
6407.5	1851.1
1114.8	2030.1
1253.6	1632.5
5314.1	1306.7
3352.8	396.65
6164.9	1519
6364.3	1895.2
3751.2	838.41
3436.6	238.49
1149.4	1763.3
951.17	2672.1
1109.1	1690.6
1080.1	1241.9
3273.3	254.41
5568.3	827.16
6299.3	1796
1536.2	2239.9
6518.7	2513
899.33	2639.4
6226.3	1564.9
5987.9	1261.6
3794.5	789.2
1483.6	1657.5
1417.1	1455.7
1039.6	1784.3
882.97	1896.7
6110.2	1408
6510.3	2012.2
995.06	1923.7
957.61	1810
4512.3	808.18
6175.3	1491.7
5743.2	1194
972.4	2396.7
1177.7	2918.4
6225.9	1564.7
6299.1	1624.2
1059.2	3153.2
1259.5	3536.2
967.39	2294.9
3436.7	260.44
6073	3948.7
941.01	2050.4
3452.5	228.94
6047.4	1299.6
1099.2	1264.7
5983	1599.1
2256.2	1333.5
1344	1539.1
6119.9	1394.8
1028.6	2045.4
6133.8	3361.3
5999.6	1274.1
3443.4	132.76
1288.1	1738.3
6321.5	1702.2
6524	2521.4
6037.1	1279.2
4158.5	169.93
5995.6	1017.1
974.58	2272
1393.9	1621.8
935.68	2061.9
6543.7	2459.3
6112.7	1439.1
3926.8	397.49
1163.1	1329
3756.6	3313
4268.6	611.77
6309.4	1663.8
5607.4	626.92
5044.5	563.02
6431.3	2908.5
1385.1	3701.9
1181.3	1317.4
3203	256.17
6442.2	1775.1
960.47	2239.2
6037.8	1277.7
6210.4	1524.3
1096.2	1681
6340.9	1994.8
5963.1	1269.2
5589.5	3279.9
1283.9	3182
6154.3	1506.8
3361.2	136.23
982.61	2191.9
6357.8	1791.8
4964.1	531.29
6104.2	1409.4
1386.4	3702.5
4333.2	425.41
908.96	2201.8
1131.6	2009.1
1802.3	3955.1
6010.8	1540.4
6277.5	1629.4
937.2	2683.7
2815.2	272.41
1037.1	1795.3
6192.2	1487
5978.2	1173.9
916.29	2645
6240.8	1612.8
4468.2	2204.1
6081.1	1354.8
5570.2	845.37
3543.4	679.39
3801.5	3303.5
5591.3	3273.9
2266.1	680.61
1151.8	1589.6
3305.3	141.64
938.03	1785.4
1062.5	2192.4
6419	1903.5
6058.5	1301.3
3390.9	125.38
1067.1	1730.8
6199.6	1799.6
938.38	1689
1874.4	3381.4
6217.4	1831.2
6480.3	1972.8
6008.5	1436.2
1179.6	1339.2
1068.8	2192.6
1068.3	2192.8
2572.5	1231.5
6184.4	1480.6
1125	1807
6152.5	1447
6428.8	1740.9
6037.6	1292.7
3237.4	171.46
972.76	1755.1
6409.1	1904.3
3605.8	934.27
3134.6	980.77
945.32	2271.8
6576.8	2469.6
6265.8	1737.3
1031.5	1962.8
1011.2	1873.8
1027.8	1825.2
1971.4	3401.4
3301.5	136.71
6449.6	1778.8
925.29	2647.8
5998.9	1446.3
2241.9	741.9
6403.9	2972.6
5570.8	3276.2
3561.1	936.15
1978.9	3403.4
5966.4	3225.1
1869.9	4466.3
2349.7	641.41
6377.8	1801.3
6450	2752
5779.8	1026.4
6069.4	3699.2
6094.2	3993.3
1623.1	960.9
5980.4	1583.7
1053.1	1781.9
5838.4	3048.7
3374.9	326.14
6124.1	3330.7
6233.2	1327.5
1554.7	2335.2
6544.2	2499.7
6279.3	1668.9
6242.6	1241.8
1051.7	1760.1
966.04	2123.1
992.83	1739.3
6262.4	1604.8
5951.7	2975.8
5300.1	4598
3007.7	999.75
994.36	2181.7
5412	4561.2
2892.3	629.82
5819.3	3321.6
2199.7	3467.5
1072.7	2168.4
5569.5	3281
5871.9	1507.6
5979	1610.8
2303.1	1092.8
6499.2	2537
6321.1	1721.2
5918.4	1543.1
5826.6	4365.8
2951.3	400.57
5128	1054.4
5857.7	1438.2
947.67	2268.6
2028.6	857.34
5822.5	1471.1
6516.5	2471.8
3338.6	345.59
957.86	2213.5
2004.9	257.06
4106.2	773.83
2052.8	662.53
6446.2	1786.3
6504.2	2145.2
6082.5	1712.1
879.34	2213.5
5857.7	1497.7
5944.4	1232.9
5981.4	1622.2
6000.7	1605
1145.3	1863.7
1241.3	2936.5
3350.6	3711.3
944.87	1802.4
5864.5	1095.2
993.74	3156.2
5534.7	732.22
5607.7	1394.6
5046.7	568.84
1247.4	2955.9
1764.6	4063.4
6045.6	1343.6
3379.6	388.46
3629.2	1116.4
6096.9	2859.9
6439.6	2723.8
954.44	2799.1
6382.4	1793.2
4385.5	326.63
6545.9	1890.8
5623.6	3940.2
6040.5	1675
6318.7	1776.4
5115.6	853.4
929.01	2294.9
6241.5	1560.1
6282.4	2946.2
1249.9	2938
2699.7	97.538
6143.9	1504.2
6411.3	1892.7
6358.6	1783.9
3391.8	408.01
1071.2	2160.4
6432.4	1908.6
3016.7	997.28
902.15	1985.3
6242.5	1611.8
3556.9	931.98
3202.1	569.73
1138.8	2909.4
6533.8	2278
2850.8	1206.8
6220.8	1594.1
6583.1	2340.5
2334.2	1100.1
6537.4	2340.8
884.77	2719.8
6001.9	1609.9
1062.7	1588.6
6045.8	1219.1
1012.8	2168.9
917.98	2232.4
5788.2	1237.9
6341.8	1721.3
924.56	2196.3
1827.8	4027.2
6392	1670.6
4832.9	562.85
1665.5	960.23
5802.2	709.21
6566.4	2330.5
6036.5	3243
2262.3	493.98
6044.5	3244.8
6236.4	1045.7
6515.2	1933.4
6539	2500.8
923.6	1536.8
2801.1	547.22
6146.5	1468.8
3665.4	940.31
1854.7	974.28
6499.6	1710.5
885.99	2719.2
864.84	2590.6
1302.6	3066.4
2247	1341.1
2825.4	120.92
6577.9	2527.8
6475.1	2741
1103.5	2087.1
2634.8	4428.2
6079	3530.6
6531	2508
5985.1	1582.9
1055.6	1845.8
892.61	1950
2877.8	947.27
3625.9	857.76
2985.6	1004.3
6424.1	1897.2
903.99	2278.6
898.1	2270.2
1330.6	1558
1350.4	1424.6
2338.2	1058.2
1360.2	1308.6
5917	1504.5
6239	1569.4
3402.5	347.46
5751.1	3118
1181.2	1831.6
6262.6	1899.2
6555.8	2378.7
5891.6	1559
862.87	2227.9
898.31	2024.1
3609.8	928.11
6138.6	1500.8
6526	2147.6
6146.7	1176
6007.9	1713
914.73	2085.3
5989.6	2925.3
5716.7	3219.7
1189.4	3010.7
4655.4	4538.2
932.02	1907.8
5564.2	826.87
3585.4	942.73
6227.5	1587.3
2511.5	4317.4
3411.1	1031.1
3450.2	187.81
1376.7	1009.9
894.57	2262.6
1011.5	2165.1
876.36	2208
2791.5	907.21
5780.7	1248.2
912.39	2285.8
869.05	2202.9
971.3	2181.4
1226.4	1235.6
5381.5	4113.7
950.06	2156.7
1439.9	1438.8
6334.5	1718.4
4713.9	514.67
858.09	2456.1
6520.8	1833.5
1031.2	1590.1
6355	1981.6
4207.9	753.72
1231.9	1115.1
6303.1	1699.6
932.53	2265.9
881.17	2465.2
5964.5	1636.5
6231.1	1805.9
6416	1865.5
6439.8	2626.9
917.32	2302.6
3666.7	974.01
2976.7	1821.3
3349.9	413.12
937.01	2280.7
6545.2	2359
3660	1125.5
2315.6	1087
1477.9	3108
6075.3	1333.2
2423	4825.2
1038	1707.3
963.12	1829.6
1662.1	4047.7
6515.1	2152.3
6420.6	2935.7
3656.7	1127.3
5417.8	4073.2
1206.2	1850.8
935.9	2284.8
1840.6	3339.1
6201.9	2811.4
6598.6	2584.1
6361.7	1983.5
1423.7	1590.1
3213.2	937.05
4954.6	3534.8
3795.3	4628.3
6155.4	3228
2007.1	1250.9
2887.2	4576.5
5907.8	1504.7
3585.1	944.31
912.95	2263.6
6368.4	1752.4
6068.9	3581.8
3202.3	204.11
5992.6	3032.1
6550.1	2449.9
5348.7	323.8
5631.6	2237.8
6221.2	1893.8
6479.1	2553.4
5590	1122.3
5702.3	3396.4
1246	1809.6
957.1	2726.2
4084.3	390.65
873.61	2260.7
6019.4	1556.3
6437.6	2750.4
1761.2	1396.7
6541.9	2474.1
6586.9	2357.5
2982.5	2241.1
904.66	2057.9
5008.9	932.29
948.9	1875
6215	1592.5
3992	1045.5
3239.2	2227
6268.3	1583
968.02	2106.2
3245.9	212.86
2016.8	1412.4
5999.1	1236.9
2013.5	231.75
2929.1	490.43
2867	3659
5452.9	2224.7
2808.7	336.11
2818.5	845.54
2222	3955.5
5535.1	2230.3
1574.6	3154
6417.7	2936.7
6169.4	1503.8
5898.4	3093.7
3080.1	597.51
939.32	2813.3
2962.2	4330.4
6150.2	1426.5
2945.7	1048.3
6294.9	1585.7
5877.4	3501.8
3560.2	534.4
1688.9	3277.8
5776.4	1037.2
1290.5	3300.9
6477.5	2839.8
6334.2	1689.3
1028.7	1827.9
890.87	2200.1
3664.5	4597.7
5022.6	4185.6
961.91	2246.2
5275.2	1294.6
2745.2	1995.9
3224.7	202.65
4809.5	124.6
6158	1435.3
1644.7	991.09
6276.2	1695.9
1648.8	3227.6
5990.7	904.78
5947.9	1197.2
6186.6	1213.9
898.44	2031.7
5767.7	3748
5992.8	3234.8
2890.3	4491.5
6282.6	1739.8
1097.3	2145.7
1316.5	3356.1
6007.5	1008
3642.4	983.62
933.61	2070.3
6165.6	1508.7
2571	1255.5
2275.1	1335.7
6549.1	2411.7
3417.9	949.09
6020.8	1561.6
3703.6	935.51
1196.2	1923.6
5830.2	3332.7
912.43	2221.4
1590.4	1563.5
1339.6	1564.4
5880.3	761.08
6165.4	3437.8
4176.5	381.78
2176.8	748.16
6123.7	1410.5
6453.3	1765.3
875.31	2626.5
925.33	2843.8
6452.9	2725.5
902.06	2029.8
2254.5	313.25
6113.1	1035.7
5308.4	1332.1
5801	1432.9
6459	1776.4
925.14	2166.5
1226.4	989.17
4788	3895.3
930.23	2808.9
1300.3	2994.8
935.94	2174
1220.4	1076.9
6395.5	2693.1
1122.5	1823.6
908.73	2172.7
5056.2	825.19
6463.2	1885.8
2288.2	4278.3
903.63	2744.4
981.47	3126.8
4627.4	494.38
6042.7	1382.5
6371.5	3033.3
961.6	2152.4
6052.2	1623.2
1863.1	4137.8
5977.6	1588.8
5947.9	1298.5
846.13	2494.9
1068.1	1578
929.45	1921.3
6377.2	1665
6449.4	1956.2
6426.7	1962
1428.9	1463.3
6399.4	1960.8
1874.8	952.86
6374.4	1659.3
5970.1	1231.5
6445.4	2112.5
1989.1	460.19
3628.8	982.56
6485	1822.8
3117.8	1021.9
3045.9	4464.1
3437.9	996.73
6528.5	1865.4
5972.2	2987.7
1332.7	1559.9
2271.1	1133.1
1588.8	1580.5
1128.6	1987.9
6453.1	2603.1
3476.8	995.25
6141	1448.8
944.05	2314.4
2159.7	4793.9
5504.2	507.77
6341.4	1967.2
1202.2	1923.8
6304.8	1442.8
1559.7	3140.9
3103.3	934.51
5129.8	4333.1
1209.9	3028.8
2704.3	87.894
3825.8	582.04
3522	4204.6
1604.8	1602
962.51	1512.4
1070.6	1805.1
5793	3082.9
2049.6	1230.2
6501.9	1697.7
974.85	1998.8
2820.7	554.43
1442.3	3142
6488.7	3007.6
848.06	2231.3
4536.6	3607.2
5986	993.67
1976.8	3404.8
1544.2	2389.5
905.53	2741.6
5528.6	1279.4
2032	3478.3
892.86	2218.8
5871.5	3677.1
977.72	2229.4
6047.5	3184
3149.6	1139
3544	986.99
1534	2391.9
1565	1535.6
3068.5	3694.1
887.68	2282.3
897.24	2200.9
6220.3	1616.4
5994.2	1457.3
1002.8	1501.8
921.58	2046.6
3230.9	562.94
1972.2	895.93
6511.9	2740.8
4157.3	4071.5
5652.9	1312
3735	1096.2
6514	2133.5
6140.4	1071.7
4775.8	4110.9
1378.2	1560.3
6558.2	2460.8
1427.9	1450.6
5655.5	1260.5
3561.4	4204.8
6499.9	1687
3530.7	406.82
3353.5	404.03
1893.7	4076.8
2498.9	3570.8
5624.3	3382.9
977.99	2224.7
3115.1	3884.8
4708.1	3792.1
2486	758.41
6567.9	2455.3
3124.9	3893.2
2444	3963.9
6024.8	1360.6
5742.5	4087.6
1008.9	2235.1
858.93	2412.9
6047.7	2087.4
883.36	2147.5
6561.9	2459.1
3505	533.29
2889.3	3673.6
2579.6	1212.3
6225.7	1908.2
3439.3	535.72
870.04	2311
6460.2	1859
6010.8	3363.2
1048.2	3125.2
875.57	2616.3
6420.6	3177.1
1430.6	1467.3
6222.3	3150.8
4568.9	455.52
3420.9	4571
985.19	2255
924.95	2308.3
6376.7	1931.9
1155.8	1859
2921.5	3864.1
6478.1	1510
6520.8	3158.6
5205.9	2214.1
3294.5	967.72
6174.4	1543.7
5968.6	3137.8
3624.2	872.08
3735.9	1007.8
1178	1337
3764.9	3281.2
6514.2	3161.9
1070.7	1902.1
6512.4	2536.1
910.05	2272.4
5650.2	958.44
3688.8	1012.1
6479.5	2801.6
3364.1	354.23
1091.1	1793.1
3374.4	927.67
5994.8	4137.5
6352.8	1941.1
5036.4	3508.2
5747.4	3633.5
1026.7	2121.5
1566.4	1585.5
2281.3	2058.6
6209.4	1592.5
987.61	2256
3242.8	209.25
2440.4	4272.5
6437.9	1698.4
6500.3	2992.3
1079.1	1811.1
5827.3	1171.7
6157.9	2903.9
962.85	2138.7
3193.9	4569.6
3495.7	411.1
3390.3	3985.9
3461.2	183.03
5957.9	1559.4
6460.2	2608.2
3001.8	3717.5
973.29	2115.4
1879.7	2345.9
6612.3	2516.7
4027	746.3
2889.7	3701
3087	454.31
1518.5	3160.8
3359.7	1166.2
3360.1	124.61
2952.9	613.13
1572.5	3373.5
3158.7	272.43
6487.1	2755.5
2233.4	643.63
2966.5	2256.7
2336.1	3513.8
1358.7	3031.5
1224.7	2988.6
2253.2	866.35
6383.7	2725.4
5989.7	1567.5
6571.4	2461.3
1516.2	3160.1
917.77	2693.9
1160.6	1438.2
4573.6	2201.3
1227	3083
975.82	2116.2
5654.2	886.08
2010.1	813.71
5678.3	878.59
3628	4576.9
3367	379.71
3511	4203.6
1095.5	2091.8
3638.7	901.41
3206.9	244.16
6358.9	1969.2
6440.4	2679.4
6448.4	2087.3
3466.5	529.08
6112.8	1794.4
2491.3	91.218
1059.9	3121.5
2007	3606.5
6296	1643
3786.3	581.13
1579.7	3831.7
6434.6	2679.8
5765	1480.6
6302.3	2930.4
858.62	2394.4
2924	616.83
6560.5	2974.2
5705.9	1308.2
5898.9	3487.5
3189	4563.7
4200.8	1033.7
1589.6	3474
1420.8	2421.7
6186.6	2895.5
5090.4	213.65
6249.9	1551.4
3136.5	1138.9
3261.4	1202.6
1077.9	1803.2
2648	3658.4
3451.3	906.72
990.02	2271.8
3135.3	1227.8
1818.5	4024.5
2328.7	3543.8
1259.7	1455.6
2150.2	3450.1
6551	2292.5
2620.8	2266.5
3969.8	831.63
6523.3	2840.8
2484.6	1293.6
1117.8	1699.2
1439.3	1468.1
6410	2678.1
6055	1697.2
5988.1	1402.8
3367.3	540.46
1719.2	4412.2
5914.9	1180.9
5190.7	1079
6485.7	2148.7
6334.2	2911.3
3364.1	1195.3
3097.7	3930.3
1562.2	2243.7
3646	4595
1318.6	2436.8
3303	179.83
1356.2	3036.7
2225.3	1313
2394.1	1308.2
1831.7	374.91
2839.9	1037.3
5281.2	212.92
6138.5	1167
2762.4	4458.4
4568.8	2201.3
6380.4	2743.9
1964.4	3624.3
2231.4	3448.5
1000.3	1882.3
4733.3	2203.4
6169.2	3089.7
1570.7	1592.7
998.88	2242.2
6565.9	2369.8
2581.7	671.79
6201.8	1530.7
6183.3	1144.2
2518.7	2287
6196.2	3170.2
6405.4	1401.3
3665	952.49
986.75	2282.6
3338.6	4564.6
5875.7	1475.2
906.4	1687.1
3681.7	4578.7
1971.6	1481.4
6207.4	1677.5
895.63	2352.8
857.46	2508
5751.8	3639.3
3256.2	3320.1
2843.4	3893.5
6213.6	3632.8
2258.6	3759.5
2260.5	3519.1
6199	1590.9
6394.7	1649.7
2301.2	3681.1
5710.3	1346.5
3057.7	1135.5
5726.1	1391.2
6124	1023.5
5820.4	1203
2067.4	1214.3
2912.9	4515.4
978.46	2157.7
6560	2414.1
5108.8	132.82
1130.9	1821.5
4821.3	4103.4
1003	1501.6
6484.1	2732.6
1608.2	3854.4
6018.4	1362.7
2075.5	3479.1
6479.5	2784.2
2780.4	3296.1
3300.3	290.51
2835.6	4670.7
6254.9	2808.1
6505.3	1837.8
5780.6	3190.3
6461.6	3013.4
1888.1	453.32
5554	713.27
5964.5	3116.4
2904.9	962.36
3417.3	603.8
2373.1	2295.8
1127.7	1770.3
1837.9	680.28
2989	3784.4
6194	1684.4
3362.1	37.744
6191.4	3584.2
1186.7	1553.5
5640	2243
1614.2	959.16
4760.8	103.86
3449.5	539.16
6173.5	3425.6
6450.5	1653.9
2546	1102
6487.7	3027.2
3366.3	371.28
1225.3	999.31
6415.4	2689.1
3238.8	3319.9
3739.2	1084
5387.6	2228.2
5400.9	1005.7
4954.7	600.25
2979.4	3655.4
3052.3	3876.7
5655.8	1308.9
5822.3	3341.2
5234	2209.9
3116.8	589.2
1227.8	3090.3
6269.7	1647.8
6058.7	3234.9
5842.3	1401
6404.3	2687.3
5451.3	3358.2
6565.4	2399.9
3427.5	1211.8
1942	4099.8
2472.6	3661.2
2289.3	3487.8
6168.7	2900.2
4537.8	929.51
1739.6	3347.9
6236.2	1789.6
2350	848.19
6481.2	2758.1
2665.2	2269.2
5292	4242.7
6277.6	3518.7
2598	1019.1
6368.4	2945.2
6013.9	1428.6
3375.1	4588.3
3908.9	2208.8
6487.5	2540.2
914.8	2670.8
974.88	1477
3754.5	4591.7
1118.8	1956.2
1572.9	2163.7
1525.8	565.72
5885.6	1437.5
6545.4	2740.6
3652.4	4577.6
6179.8	3303.8
6545	1875.3
6469.6	2617.5
1349.4	1423.7
2349.5	3509.7
3685	4517.9
5862.3	3274.5
6242.1	1723.9
2822.3	3276.5
5940.7	1483.5
2845.1	3640.1
1026.7	1873.5
6597.4	2517.3
960.29	1529.7
4684.7	922.23
4841.2	4825.4
2019.5	981.29
3137.6	4549.8
1974.8	3625.9
6342.7	1880.6
4541	25.507
2303.5	3688.3
