5997.6	762.86
1041.1	2429.8
3869.2	785.87
4332.2	303.87
3087.6	302.73
3153.8	3776.3
946.46	2250
6364.6	2364.3
1813.9	870.85
6364.3	2364.6
4184.2	362.51
4346.2	296.77
4328.7	305.55
1867.9	4444.8
6482.2	2660.3
4346.2	296.77
3388.4	802.84
4810.8	889.93
2360.9	622.11
892.44	2643.5
5593.7	962.13
1240.3	2063.4
1072.6	2047.4
5469.7	1215.9
6577.1	2296.3
1155.2	2068.8
1240.3	2063.4
1029.3	2515.1
1042.8	2199.4
5420.6	762.38
6168	3757.4
2226.4	595.25
3628.6	4121.4
6162.8	3811.7
1239.4	2029.1
2080.4	747.03
1002.4	2028.1
6577.1	2296.3
3628.6	4121.4
926.66	3027.5
5356.8	995.15
6273	1786
2195.4	3620.9
3928.3	566.73
2226.4	595.25
6537.2	2212.5
6264.3	1339.6
906.83	2649.8
1445.4	978.78
6014.8	1801.5
1072.6	2047.4
5356.8	995.15
1085.5	2071.2
1085.5	2071.2
6273	1786
2122.6	549.19
5533.1	1093.4
6464.9	1666.3
2226.4	595.25
6519.2	2522.4
1026.9	2233.3
2226.4	595.25
5536.6	1101.5
1075	2087
1308.2	1134.8
4492.9	3991.2
1033	2129.5
883.62	2691.7
6427.9	1928.7
4266.8	270.02
1283.8	1180.8
2226.4	595.25
2226.4	595.25
4266.8	270.02
1175.9	2098.8
1030.1	2216.6
4651.4	496.78
6502.7	2538.9
5030.4	825.83
2135.5	382.92
4266.8	270.02
6266	3630.1
1778.6	897.6
5617.5	941.17
5643.8	995.61
3553.5	290.99
5493.1	1430.1
4266.8	270.02
6000.9	1669.5
5375.2	3435.1
1030.1	2216.6
5617.5	941.17
1771.4	945.07
1317.4	2027.9
1043.2	2186.7
1075	2087
4153.5	315.42
4850.4	933.56
6369.6	1988.6
1052	1321.9
5022.1	838.01
2064.1	781.84
1290.6	2008.6
2078.1	1320.9
4987.9	4231.6
1065.7	2051.2
1211.6	2058.3
6543.4	2579.7
1949.6	3984.2
972.67	2216.7
4734	3568.4
1290.6	2008.6
2226.4	595.25
2057.7	745
4071.4	315.5
2057.7	745
2053.9	744.62
2455.5	537.95
4899.1	542.34
3663.5	260.92
6436.4	1988.5
1831.8	4561.4
1322	3342.5
4899.1	542.34
4519	350.88
4548.4	382.08
3000.4	296.23
5760.1	1021.2
4059.5	379.29
5605	1139.6
4191.8	799.68
5230.1	697.67
5606.2	1141
5958.1	3086.2
6385.9	3065.6
1025.4	2102.7
1143.5	1797.5
3857.3	986.62
2226.4	595.25
2455.5	537.95
5760.1	1021.2
1674	982.45
1085.5	2071.2
2371.7	577.69
1167.8	2089.2
4191.8	799.68
6081.4	1319.3
4191.8	799.68
6172.7	1803.1
5474	1233.7
5508.8	883.8
5597	1152.7
919.49	2251.5
1061.1	1667.5
5354.3	988.93
2465.1	540.67
2464.6	585.45
963.6	2070.4
5474	1233.7
6074.9	1783.7
925.31	2035.2
3635.7	896.96
5363.9	1363.6
5474	1233.7
6504.8	2545.6
2226.4	595.25
2106.7	710.95
929.6	2247.9
3857.3	986.62
3876.2	897.41
1226.6	1063.1
3856.2	975.31
6385.9	3065.6
4023.1	4326.4
963.6	2070.4
5616.2	651.09
5606.9	1146.3
1798.5	901.02
6537	2476.2
3984.9	268.59
2455.5	537.95
981.15	2045.6
5442.2	737.98
999.9	2183.6
1439.7	1235.7
2226.4	595.25
4071.4	315.5
3876.2	897.41
2314.1	1223.7
6108.7	1832.9
6431.5	1940.1
3857.3	986.62
1361.9	1858.3
972.67	2216.7
5226.5	1015
4653.8	430.03
982.32	2065.2
4079.2	309.33
6548.5	2385.8
4653.8	430.03
3857.3	986.62
1798.5	901.02
5889.4	1682.1
2190.8	1105.8
6436.1	1988.1
5395	426.22
6172.1	1586.2
6504.8	2545.6
2150.5	387.4
1358.4	1874.6
5363.9	1363.6
3676.5	896.23
6011.1	1640
2626	4038.3
3857.3	986.62
1439.7	1235.7
1068.9	2063.9
3857.3	986.62
5376.5	1402.4
6510.1	2527.9
2294.7	892.75
1065.7	2051.2
6426.8	1961.8
5287.8	249.75
5977.3	877.85
4762.7	959.28
3823	3917.7
3866.7	896.17
3083.3	3534.8
2052.5	3315.1
6109	1836.9
5714	669.77
6127	1810.2
3236.3	925.03
4421.9	667.4
3083.3	3534.8
5376.5	1402.4
4548.4	382.08
3866.7	896.17
6108.7	1832.9
6538.6	1993.8
6150.2	1761.2
3853.2	3765.3
3036.3	3732.2
3033.9	954.29
5395	426.22
2671.2	1036.1
3473.1	902.9
3866.7	896.17
6416.9	1968.1
3857.3	986.62
3236.3	925.03
3766.9	894.54
2671.2	1036.1
6265.4	1865.6
5597	1152.7
5528.7	1097.4
6150.2	1761.2
3275.9	920.01
5031.5	843.63
1047.2	1808.2
3857.3	986.62
6042.6	1702
5307.7	1407.6
3866.7	896.17
1065.7	2051.2
2436.1	211.86
2309.2	604.88
928.08	2248.8
6549.7	1971.6
3866.7	896.17
3030.2	2565.9
1716.5	685.61
3676.5	896.23
3866.7	896.17
3036.3	3732.2
2308.9	3721.7
2671.2	1036.1
1303.5	2011.6
2388.8	275.19
3866.7	896.17
5828.6	3689.7
6379	1870.6
3905.6	4323.1
3540.3	349.94
6509.7	2482.6
5157.9	4629.3
6431.1	2678.1
4548.4	382.08
2388.8	275.19
6464.2	2051.5
3857.3	986.62
1277.7	1771.6
6108.2	4018.4
6042.6	1702
6474.3	2077.9
2833.5	3711.1
3292.6	621.58
4137.1	912.39
4527	329.73
3915	597.39
6569.4	2485.3
2106.7	710.95
6162.4	1541.8
5121.4	1076.4
6099.7	1762.3
5615.2	641.87
3172.8	932.94
5517.1	1098.7
3156.6	637.33
985.97	2200.5
2388.8	275.19
6423.1	1813.4
982.72	2186.5
2886.6	3914
1674.7	1009.8
6079.6	3052.3
6570.8	2436.8
945.46	2807.8
2432.5	4590.3
4231.2	627.24
1439.7	1235.7
3155.9	639.21
1197.5	1961.4
3036.1	2288.2
4548.4	382.08
3766.9	894.54
2680.1	1033.5
5731.9	3036.5
2104.2	3346.9
2010.1	216.91
983.29	2176.2
6427	1969.8
3766.9	894.54
5354.3	988.93
3866.7	896.17
6047.5	1698.4
2680.1	1033.5
2779.7	1008.3
4317.7	901.59
3857.3	986.62
3273.8	610.36
3766.9	894.54
971.9	2035.9
1240.4	1849.5
5910.8	1674.3
1847	3500.7
6204.4	1900.9
6423.1	1813.4
1696.1	3205.5
6480	2678.3
4936.2	172.04
3855.8	913.62
6267.3	1661.1
5360	1375.8
2789.6	1005.5
855.65	1940.3
5595.4	1154.9
3463.4	903.58
2750.6	4026.5
1847	3500.7
2886.6	3914
6342.9	1225.9
2672	728.48
5413.1	903.72
5791.5	1619.1
3257.2	928.85
3257.2	928.85
4645.5	81.177
2779.7	1008.3
6474.2	2561.7
3857.3	986.62
2379.2	1129.8
6289.9	1325.2
2687.9	754.98
3273.8	610.36
2779.7	1008.3
3077.3	324.77
2179.1	1206.1
1068.9	2063.9
5915.8	906.35
1871.4	4587.6
6534.7	1858
2179.1	1206.1
2370.4	632.58
961.95	2081.3
4317.7	901.59
4059.5	379.29
983.29	2176.2
951.5	2243.4
6538.5	2381.7
1251.6	1499.2
2706.6	1024
953.37	1609.6
5970.3	794.09
1259.7	1780.4
6569.4	2485.3
6089.1	3073.4
6488.4	2672.3
6532.9	2373.7
6548.6	2401.2
3820.2	3981.9
1955.2	3314.1
6127.4	1775.6
836.57	2257.3
6548.6	2401.2
3498.3	3983.3
3857.5	3777.2
2943	17.724
2706.6	1024
1076.2	2169.1
1024.7	1702.4
6398.1	2076.8
917.04	2244
6115.9	1646.2
5638.2	981.34
6190.8	1813.7
1021.3	2991.9
1044.2	2221.7
6455.5	2068
1021.3	2991.9
989.75	2194.9
6238.5	1070.1
1061.6	1696.3
6536.3	2319.4
6485.2	2648.9
2797	433.77
3811.6	3931.7
3622	4587.2
847.98	2443.5
2245.3	1185.3
6585.2	2448.2
6569.9	2540.2
6536.3	2319.4
1646.8	3235.1
6509.3	2377.5
6359.4	2717.6
5970.8	3706.1
6125.8	1778.7
3155.9	639.21
854.11	2448
874.95	2459.4
4013.4	4343.8
1032.8	2496.4
3512.4	4570.3
4259.6	333.61
2379.5	1133.4
1076.2	2169.1
2970.2	2312
4137.1	912.39
1993.6	1039.5
6455.5	2068
6536.3	2319.4
2245.3	1185.3
6384.6	3002.6
6581.2	2440.2
6406.8	2081.5
2320.5	1146.1
6572	2361.4
1018.9	2125.2
939.86	2259.4
5683.8	651.41
5699.9	1543.8
1828.4	332.6
6115.9	1646.2
939.86	2259.4
1281.6	1995.6
2208.5	4579.1
6348.4	2003.8
6431.4	2003.4
6161.9	1522.6
3847.3	4582.1
6260.3	2761.2
1272.4	1742.9
844.24	2776.4
1473.9	724.71
2187.5	1203.8
2843.5	3679.9
1996.5	4066.9
3310.4	634.28
3990.9	3983.5
3385.5	326.38
2843.5	3679.9
5628.5	3945.4
1993	202.74
6406.8	2081.5
3378.4	4575
1044.2	2221.7
6302.4	3008.4
2828.4	4518.3
958.37	2692.2
4003.8	313.32
4003.8	313.32
4629.7	465.6
2855.8	803.32
6074.9	1783.7
1803.4	497.36
2570.4	1115.5
6384.6	3002.6
6147.8	3425.2
5457.8	3796.9
6433.7	1969.6
3819.9	4034.2
2106.4	4672.4
5638.8	974.79
2481.8	563.85
3260.8	4622.1
2443	4100.8
1474.5	1180.2
2750.6	4026.5
1427.8	741.7
5787.2	3229.8
3441.5	4355.6
3857.5	3777.2
3445.4	3992.7
970.42	2136.9
2803.9	826.18
5916.1	3085.1
4527	329.73
6472	1704.4
3987.5	4102.2
953.37	1609.6
6042.6	1702
3931	3857.9
3615.6	4178.9
6473.8	2071.8
6172.9	1726.3
6315.5	2020.9
6404.5	3307.4
959.34	2702.1
3857.5	3777.2
6266.8	2767.2
2135.1	382.88
1312.6	810.17
915.22	2270.2
1804.4	3483
836.57	2257.3
5278.9	132.7
6042.6	760.96
6516.5	2220.1
5457.8	3796.9
3619.1	4154
5916.1	3085.1
6417.2	2761.3
3931	3857.9
1828.4	332.6
2355.3	653.18
3260.8	4622.1
6480.8	2563.5
1000.1	2220.9
2450.6	4409.8
6544.3	2497.7
5717.8	2986.1
1077.7	2179
5946.9	3071.8
2779.1	3667.7
4380.5	902.5
2504.6	981.58
5702.3	2978.7
4465.7	1073.3
2828.4	4518.3
5698.3	702.7
2813.5	434.15
6205.7	3125.1
3230.8	989.48
915.22	2270.2
2483	559.03
6077	1720
5485.3	192.63
3772.8	3970.4
5592.6	3704
2198.3	508.66
2282.5	31.106
1229.3	1866.4
3458.9	4173.6
3991.6	3959.2
4281.3	340.39
1969.1	4092.6
2281.2	43.472
2828.4	4518.3
6251.6	1955.8
3251.5	4282.1
3138.2	2500.4
3401.5	4149.5
5357.1	434.84
6518.7	2049.8
6492.6	1979.8
994.44	1508.8
5485.3	192.63
6319.7	3199.1
1000.1	2220.9
1076.1	2174.3
3139.5	3698.9
2164.4	553.48
6088.2	920.47
2813	1141
2108.4	3787.2
6532.5	1959.9
5592.2	1141.5
3619.8	4154
3672	3895.4
2355.3	653.18
1028.6	1709.1
3797.1	4114.6
6321.7	1686
2484.3	3837.8
5928.9	3072.9
5944.8	1422.6
6433.7	1969.6
4190.6	387.59
4191.8	799.68
989.96	2832.3
3456.4	4149.3
6321.5	1868.7
1000.1	2220.9
4629.7	465.6
844.35	2757.7
1177.6	1631.5
2880.9	4223.5
3361.6	4499.8
4628.9	480.82
937.04	2826.7
4629.7	465.6
6491.8	1919
2933.3	1034.3
6321.7	1686
1654.1	1422.6
3672	3895.4
2971.4	3681.3
1471.3	608.01
3812.7	4510.7
1302.1	1993.6
6077.3	1717
6267.4	3301.4
2358.2	645.71
2828.4	4518.3
5514.3	1099.6
2956.7	4499.4
4217.1	1002.1
6474.2	2561.7
6548.5	2385.8
5514.3	1099.6
1222.3	2055.1
1975.9	176.24
3675.9	3779.5
2778.4	412.13
2108.4	3787.2
1169.9	1712
3991.6	3959.2
4356	215
1465.5	1321
994.65	2067.2
2952.3	2253.3
2357.6	645.91
2056.2	782.02
6235.7	3361.4
3457.2	4149.7
1278.6	1679
2372.8	3856.1
1169.9	1712
2850.4	469.14
1473.9	724.71
3306.1	1020.1
6172.8	1763.9
937.04	2826.7
4643.1	3632.2
3658	4569.5
6109.6	1631.6
3432.7	353.9
6465	2093.8
3950.2	3956.4
3778.5	956.12
875.95	2623.4
5811.8	3788.3
6197	1683.4
2108.4	3787.2
6112.4	958.02
3361.6	4499.8
2813	1141
3458.9	4173.6
2142.1	571.56
1228	1888.1
2899.6	1037.1
3995.8	4098.3
5278.9	132.7
3329.6	3856.4
946.46	2250
4120.8	898.36
6386.1	3446.8
3675.4	4157.7
1052.3	1709.9
3778.5	956.12
953.41	2075.7
2487.7	4351.4
2339.1	1136.3
2850.6	3838.4
3510.5	3819.6
994.65	2067.2
5928.9	3072.9
2074.8	1329
6489.6	2754.2
1079.2	1698.9
832.82	2092
841.27	2752.1
1275.6	1797.1
3812.7	4510.7
4852.5	799.7
3574	3898.8
5811.8	3788.3
5253.5	1281
3522.3	3886.1
2487.2	588.27
6552.6	2434.1
3615.6	4178.9
6581.7	2669.1
3717.6	588.12
3446.4	387.47
855.57	2395.4
1084	1679.3
1712.7	520.36
850.53	2499.5
3022.4	4294.3
946.46	2250
4263.6	2529
5471.4	1278.1
3312.7	3864.2
6222.9	2847
839.44	2582.7
5926.8	817.77
6390.5	2788.3
1231.7	1975
5395.6	2476.5
6484.8	1837.1
2632.7	4593.1
941.16	2819.2
3426.1	4171
2738.9	3841.5
3221.1	3706.8
2198.3	3557.4
1496.9	802.86
6503.8	2665.8
5778.2	3209.8
2738.9	3841.5
6574.1	2609.3
849.94	2697.3
4008	890.19
3222.9	3865.4
3607	3555.9
4217.1	1002.1
2074.8	1329
4120.8	898.36
6222.9	2847
3329.6	3856.4
3399	3716.8
6113.2	1828.4
890.93	2351.8
3446.4	387.47
6184.6	3016.9
6390.5	2788.3
3521.1	4443.1
4217.1	1002.1
3011.4	3845.3
2828.4	4518.3
1639.7	1581
850.53	2499.5
3432.7	353.9
2352.5	3931.7
989.86	1433.7
5637.3	1307.4
3510.5	3819.6
876.96	2636.3
1231.9	1877.8
2933.3	1034.3
1315.6	1693.1
1084	1679.3
2775.1	4024.7
890.93	2351.8
3522.3	3886.1
3818.8	3873.1
2668.8	3524.2
6126	1845.7
3426.1	4171
953.41	2075.7
3932.9	574.62
3401.5	4149.5
4217.1	1002.1
6323.9	1533.2
3521.1	4443.1
5785.3	3731.2
2599.3	3726.9
1231.9	1877.8
2851.6	4298.7
3221.1	3706.8
2282.5	31.106
3675.9	3779.5
2759.1	4451.8
4008	890.19
5265.6	135.73
3143.5	3855
4217.1	1002.1
6474.2	2561.7
3456.4	4149.3
3656.9	4628.8
1566.3	1611.7
6488.4	1657.7
3677.1	3805.2
4504	892.87
1936.1	1234.4
2953	4244.5
3705.6	589.34
5379.3	3564
4771.8	957.32
2544.1	3737.6
3452.8	4111.9
5284.2	123.26
1082.6	2044.8
1112.3	1614.2
3676.1	3856.1
1084	1679.3
2382.1	3855.1
1191.1	2003.3
3329.6	3856.4
5278.9	132.7
3917.8	3868.3
2748.3	4071.2
6300.6	1508.9
2544.1	3737.6
6223.7	3119.8
1275.6	1797.1
927.49	1975.4
849.94	2697.3
5850.1	3807
2544.1	3737.6
3358.5	4497
5475.1	227.89
3653.8	4383.4
3333.3	3690.7
856.57	2356.6
2074.8	1329
1259.4	1048.7
2300.8	2567.1
956.77	2908.2
6474.8	2586.2
6126	1845.7
5815	774.11
3897.1	3582.6
6316.1	2801
2747.6	3801.7
1747.5	650.98
6439.8	1978.3
968	2181.9
2765.3	4026.5
3427.9	4168.3
3669.1	4607.3
1112.3	1614.2
6180.3	1599.7
4785.9	906.79
4643.1	3632.2
922.55	2258.3
1522.2	1670.3
3807.7	856.24
2491	3450.9
4109.3	4581.4
3755.5	3828.9
3122.2	2187.5
3697.3	3914.2
2747.6	3800.4
5398.4	2479.3
2928.3	3718.3
2021.9	4081.3
6524.1	2211.6
6476.7	2045.1
3180.6	3784.7
2738.9	3841.5
1052.5	2041.8
2924	3785.9
3011.5	3845.8
4737	490.74
5471.4	1278.1
1936.1	1234.4
2738.9	3841.5
2918.8	4484.8
2759.1	4451.8
3585.8	343.25
2034.6	4144
3764.6	4264.4
1459.5	3837.8
2010.1	216.91
6049.6	3147.4
2775.1	4024.7
3670.4	4548.7
3420.1	4044.4
6487.3	2552.2
5504.7	204.07
3151.4	3869.6
6109.1	1665.4
1936.1	1234.4
2021.9	4081.3
957.1	2039.5
5850.1	3807
836.34	2580.4
3897.1	3582.6
5592.2	1141.5
3023.4	4601.7
2515.3	3746.6
3016.1	3976.3
3011.4	3845.3
6431.7	2861.1
3677.6	3957.3
6029.6	948.35
1828.4	332.6
6511.2	2142.6
3645.5	4174.8
6528.1	2488.7
3810.9	4564.4
3764.8	4016.1
2268.9	1237.6
6424.3	2085.4
3679.3	3732.1
2907	4105.6
1690.7	2559.3
3174.4	1030.9
1690.7	2559.3
3159.4	3686.3
1231.9	1877.8
2074.8	1329
6556.4	2474.5
3645.5	4174.8
1167.4	2031.9
3392.7	3774.7
6245	1938.1
3515.1	418.69
4082.8	394.84
3764.8	4016.1
6527.1	2141.4
6126	1845.7
1127.9	3369
6465	2093.8
3401.5	4149.5
3810.9	4564.4
3371.1	4254
6408.8	2859
3032.9	4242.5
3670.1	4605.9
6257.9	1946.4
3398.8	3750.1
2186.5	3994.3
2372.1	641.17
3747.9	3731.8
1752.9	3807.3
4782.4	1160.8
2074.8	1329
1992.7	1371.1
5592.2	1141.5
2675.4	4173.6
1061.3	1725.5
5789.2	3206.2
6479.4	2589.7
6049.6	3147.4
1274.8	1922.5
3755.8	3854.5
4440	973.44
1942.1	3529.3
1655.1	3548.2
3671.6	994.72
5720.4	515.83
3011.4	3845.3
3339	4529.9
3753.5	4178.3
4039.4	4101.1
2532.5	3740.3
2388.2	931.45
6551.4	2476.9
5789.2	3206.2
834.34	2414.9
2966.6	3570.3
3783.7	4101
3673.3	4546.1
2352.5	3931.7
6516.3	2535.3
854.96	2599.6
6465	2093.8
3679.3	3732.1
3413.9	4176.3
2010.1	216.91
6526.8	2139.5
977.84	2192.1
856.62	2663.6
850.29	2767.1
1491.7	3779.1
6549.2	2959
3340.5	4006.1
2456	3879
6374.3	1675.2
1577.3	3540.1
3364.3	4595.2
2333	1217.7
6243.6	1522.4
4737	490.74
2760.9	2566.5
1752.9	3807.3
3392.7	3774.7
4082.8	394.84
2919.8	3862.9
6332	2828.9
3673	3894.2
3687.8	3908.3
6556.7	2096.1
956.48	2710.2
3196.3	2301.3
2747	4036
6198.2	3014.3
979.2	2029.7
2457.1	3879
1198	1969.2
2701.1	311.15
3016.1	3976.3
6474.2	2561.7
1037.6	1713.2
3413.9	4176.3
1111.6	2057.7
4266.9	3709
2031	3509.3
2890	4512.9
6004.2	808.68
6320.4	1669.3
2333	1217.7
2597.8	3601.4
5971.9	3396.6
3350.3	4475.6
5756	3032.9
6471.6	1669
6151	1797.1
870.44	2618.9
6387	2823.4
2281.2	43.472
1140.7	1973
2930.2	4107.6
958.27	1690.8
6502.3	2221
3438.5	3676.1
3011.9	1053.6
1417.6	879.88
1965.2	3881.4
4787.7	1130.3
5928.3	3099.3
2720.7	997.64
3802.4	4387
954.9	1929.3
2010.1	216.91
3807	4550.2
4134	3973
3321.5	3963
1082.2	2053
1642	3545.9
2889	3797.4
1110.9	2074
6260.7	2784.2
2864	2263.4
6351.2	2819.6
1294.9	1743.9
5947.6	3100.7
4268.1	3942.5
6416.8	2850.2
3356.5	3992.4
6257.9	1946.4
926.22	3072.3
3929.7	959.05
6513.5	2881.6
1243.2	1913.1
914.57	2765.1
2300.5	2569
6443	2204.2
3770.6	4022.1
6429.3	1980.3
6536.5	2488.3
3588.2	4162.2
1283.8	1180.8
1828.4	332.6
4002.3	4098.8
3747.9	3731.8
1037.2	1709.7
2597.8	3601.4
2907	4105.6
3353.3	4477.3
1046.2	2089.1
965.75	2208.2
6561.1	2327.6
1639.7	1581
6495	2542.1
3768.1	3976.1
5956	690.07
3763.5	3707.5
6105.3	1668.8
6489.9	2257
4021.8	4328
3674.9	3960.8
847.98	2387.1
3123.7	3695.4
3655.7	4514.1
3467.4	3704.9
3380.6	3785.4
5923	3063.6
2907	4105.6
6120.8	3138.7
6589.4	2372.7
2911.4	4459.7
3148.8	3669.1
3615.2	3575.3
3011.9	1053.6
3676.1	3710.9
3769.7	3991.1
6549.2	2959
1616.2	581.87
2966.6	3570.3
5442.1	3655.6
2941.7	1029.2
2429.6	812.04
3636	4608.8
4696.8	1109.2
2837.9	4222
2997.1	4207.3
6253.5	2870.8
2135.9	3375.9
3998	3945.6
3675.2	3711
4382.9	4522.4
1752.9	3807.3
1104.4	1889.9
2558.6	4403.3
6485.3	2628
1161	1725.1
2574.6	3545.2
5687.3	2994.2
2493.7	209.83
2018.3	1028.1
3380.6	3785.4
4266.9	3709
5288.9	133.03
3772.1	3724.5
2018.3	1028.1
3221.1	3706.8
3242.7	2236.5
3122.4	3698.9
1353.7	3530.3
905.62	2317
3763.5	3707.5
3059.5	4085.5
3266	4151.5
2751.7	4454.6
6039.7	1793.5
6359.4	1980.5
6359.4	1980.5
2933.3	1034.3
2121.2	2568.2
3942.4	3706.8
3386.2	3761
3123.7	3695.4
2751.2	4068.8
3188.1	4591.9
2679.5	3697.2
2268.5	1252
3669.9	3691.1
3822.7	3703.7
2945.3	4192.3
6161.9	1422.9
5398.4	2479.3
5398.7	2480.2
6413.9	2071.2
6438.1	2648.9
3108.2	3763.6
6057.9	3127.7
912.8	2769.3
1076.1	1707.7
956.99	2164.7
2791.3	4439.3
3959.4	4095.3
2480.8	4363.5
1690.7	2559.3
2882.6	2252.9
3828.4	4625.6
4859.3	882.84
6424.3	2085.4
6283.1	1442
2339.1	1136.3
2701.1	311.15
4188.9	689.41
837.91	2662.8
1766.6	4014.6
6571.1	2499.6
3885.2	565.58
4416.3	453.51
3765.2	3976.6
3011.9	1053.6
3266	4151.5
6309.1	3157.8
1283.8	1180.8
6133.5	3987.6
1574.2	1484.3
2911.4	4459.7
2932.5	3992.5
4054	370.94
2613	3473.3
3770.6	4022.1
4465.7	1073.3
2890	4512.9
3675.7	3928.8
3480.3	892.89
3687.8	221.92
2822.2	4364.5
3108.2	3763.6
3046.8	4115.3
2889	3797.4
3025.7	3836.6
5455.8	4248
3099	1110
1128.8	3373.3
2915.9	4470.7
2925.7	4101.9
3822.7	3703.7
3438.9	3957.3
6352.2	1749.5
6050.5	3705.6
1240.9	1965.9
5398.4	2479.3
6580.1	2368.6
6306.4	3149.6
3615.2	3575.3
6079.6	1770.3
2510.8	3914.4
3664.3	3908.1
3075.3	4044.9
5288.9	133.03
5352.8	373.18
2776.9	4462.2
4839.8	146.18
2911.4	4459.7
2747	4036
6057.9	3127.7
3998.4	2544.8
3011.9	1053.6
3330.6	3572.9
6511.5	2672.7
2822.2	4364.5
2612.3	4032.8
3759.6	3743.1
2246.7	4255.7
3406	3727.9
2661.2	3627.8
2911.4	4459.7
5484.3	1333.9
1047.2	1808.2
2892.2	3470.1
6078.9	3360
3368.4	3870.1
2966.2	3537.2
4517.3	3621
3375.7	3849.5
4200	896.48
2791.3	4439.3
2930.2	4107.6
2930.2	4107.6
2266.2	4189.3
1453.2	1699.1
3400.6	3697.1
2835.9	4002
2471.9	54.555
3347.4	3952.3
2911.4	4459.7
3837.6	277.51
3339	4529.9
4891	814.87
2766.9	4081.7
2077.8	591.91
2790.3	3529.9
6535.2	2191.1
5859.9	1523.4
3120.3	4086.9
844.07	2737.6
2453.4	3974.8
3144.6	3679.3
4352.9	758.32
3715.3	4271.8
2905.1	4541.1
3734.8	3651.9
3088.4	3824.9
4782.4	1160.8
2835.9	4002
882.35	2172.7
3748.1	955.38
3082.3	4105.7
3807.6	991.96
1566.3	1611.7
2716.4	4192.7
6404.1	2101.9
2069	4425.3
6481.4	2211
5788.5	1130.9
2854.4	3729.2
914.57	2765.1
2970.3	4209.7
6526.3	2079.6
3928	959.4
2300.5	2569
2969.5	3672.9
1796.5	338.58
5288.9	133.03
2658.4	3731.4
3144.6	3679.3
2010.1	216.91
2890	4512.9
1114.5	2111
5866.6	775.49
1003.9	1979.3
4839.8	146.18
2612.3	4032.8
4640.8	68.251
2941.7	1029.2
1098.3	3116
1373.7	1852.5
983.32	1973.7
2904.8	788.73
3480.5	3711.9
6560.6	2471.5
2525.3	3579.3
2897.1	3669.1
866.67	2736.8
3302.5	3909.4
5947.6	3100.7
837.72	2414.4
3748.1	955.38
912.26	2309.3
1047.2	1808.2
2765.5	4045.4
2882.6	2252.9
1924.9	4146.8
1082.7	3243.1
3011.9	1053.6
3272.4	4613.2
3228.3	3675.4
2663.1	4021
919.45	3042.8
6500.8	2053.9
3027.4	3948.7
3088	4082.5
6051.9	1514.6
3694.1	3792.2
855.35	2375.8
3758.2	3741.8
2069	4425.3
3273.1	4129.5
3557.3	3711.6
1639.7	1581
6508.3	2308.1
5611.8	3312.5
3430.6	4136.7
1169.9	3306.3
2996.3	3573.3
2882.6	2252.9
3871.6	3701.6
3431.1	3985
6632.3	2484
2296.5	2567.2
2997.9	4051.1
6112.4	958.02
3438.5	3676.1
3557.3	3711.6
5702.6	3253
6471.4	1899.7
2852.9	3742.3
2447.9	3966.9
3145.4	1901.4
3389.6	4147.2
6472.3	1893.5
3926	3913
3231.3	3687
5951.1	3303.9
5895.1	3152.8
2966.6	3570.3
2286.8	4549.1
3023.5	3972
6198.2	3014.3
4352.9	758.32
3127.2	3733.8
6362.4	1590.3
3778.2	3946
6352.1	1991.3
3928	959.4
1690.7	2559.3
3436.8	3956
2925.7	4101.9
1629	648.04
1317.4	2027.9
6479.7	2688
3011.9	1053.6
6407.3	2065.1
1048.1	2159.2
3049.5	2573
5966.3	731.54
3809.1	1040.3
6508.3	2308.1
3905.6	4323.1
3662.3	4310.4
3655.8	4153.8
3307.5	1046.1
3241.6	4270.8
3765.7	3816.2
3724.7	3798.8
2701.1	311.15
6362.4	1590.3
3011.9	1053.6
2797	433.77
2256.7	3859.3
1146.7	3211.5
6552.6	2434.1
1867.9	2557.4
1266.9	1926.6
4872	1058.9
844.1	2655.9
2466	2567.1
2454.4	3991.3
1682.8	2565.2
2930.2	4107.6
3939.8	998.97
2641.2	4024.1
3016.1	3976.3
2467.4	3941
2807.5	3837.4
837.72	2414.4
1793.9	2556.2
2930.2	4107.6
3188.7	3820.9
6109.7	1148.9
2767.3	4489.4
3751.7	3735.1
6511.5	2672.7
2851.6	4298.7
1311.7	1708.3
3659	4511.1
3435.9	3953.6
3011.9	1053.6
2415.3	3939
2930.2	4107.6
2997.9	4051.1
2779.3	4484.5
837.78	2608.7
3061.8	3862.2
3923.9	3716.7
6460.5	2635.5
3929.3	3701.3
918.52	2189.3
2970.3	4209.7
2670.4	3510.2
3392.7	3739.2
6553.6	2072
3597.1	3912
2843.1	2565.6
1062	2033.1
3394.9	3737.6
3905.6	4323.1
6151	1797.1
2757.7	4066.3
5924.8	3101.6
3799.8	586.51
1373.7	1852.5
3905.6	4323.1
3856.1	4376.1
3191.3	4582.1
3153.8	3776.3
3759.1	3955.6
2767.3	4489.4
2890.7	1058.2
5896.6	3100.5
3450.3	4179.9
3795.5	4306.6
4107.5	359.65
3660.4	4103.1
3788.4	3832.8
4010.7	4053
3772.1	3724.5
5990.4	693.44
960.19	2928.6
3713.4	3745.1
6267.3	2839.8
2818.4	4388.2
1206.2	1134.7
3788.1	4310.2
6329.4	1934.9
6570.9	2504.6
4487.9	2519.5
2892.3	3683.1
3470.2	3652.6
2768.3	4488.9
2099.3	1001.3
3031.1	3946.8
3730.7	3653.1
2882.6	2252.9
2703.9	2566
3792.1	4486.4
5333.3	3125.5
2077.8	591.91
6558.1	2393
6090.8	3127
3017.1	3916.2
3730.7	3653.1
2663.1	4021
2877.8	3702.9
5463.8	3298.8
1690.7	2559.3
2771.4	4009
6632.3	2484
2299.7	4512.5
4010.7	4053
2106.4	4672.4
4480.3	3668
4871.3	905.94
6388	1893.7
1084.8	1322.3
1467.3	1182
2160.6	4265.3
5993.2	823.31
3989.5	3917.1
1291.1	2037.1
4782.4	1160.8
1076.1	1707.7
836.47	2650.4
4038.8	4109.5
3665.7	3817
3256.7	592.18
2970.3	4209.7
1008.2	1532.9
3871.6	3701.6
2865.1	3804.3
2597.2	3805
3198.3	1531
5366.5	990.73
1453.2	1699.1
4782.4	1160.8
6418.3	1951
2174.2	3388.1
3763.5	3707.5
3690.9	4104
1363.2	1890.6
4517.3	3621
5297	1237.8
3659	4511.1
6317.8	2811.1
4983.3	1222.5
2882.6	2252.9
5880.1	1671.3
3350.7	3951.2
5265.6	135.73
3011.9	1053.6
3240.9	2560.3
929.75	1925.3
6478.9	2130.4
3923.9	3716.7
2780.8	4484
5280.2	136.58
1452.2	2558.9
2781.8	4084.8
5422.1	1275.3
3056.2	4103.3
2537.5	4277.3
6456.1	2635.4
3012.9	4044
6315.1	3216.4
3751.7	3735.1
3668.5	3648.2
6441.9	2050.5
3256.7	592.18
2843.1	2565.6
3648.8	3979.6
6271.4	1557
2726.4	3651.8
5518.6	1154.6
2843.1	2565.6
1146.6	2028
3398.6	4312.3
2716.4	4192.7
4783.9	3565.7
1831	4579.8
3071.7	2184
4375.4	916.15
6554.3	2494.2
5788.5	1130.9
747.5	2787.9
4610.9	3683.5
6315.1	3216.4
4966.6	3517.9
2837.9	3887.7
1061.6	1696.3
3198.9	372.05
3611.2	4306.7
3199.2	3662
3146.3	3667.7
2762.7	4527.6
6352.2	1749.5
1264.7	1170.2
3011.9	1053.6
2632.7	4593.1
