1648.7	3190.3
4810.8	889.93
3296.5	272.53
5651.1	1323.5
5216.4	701.95
1045.6	3147.7
3930.1	248.92
1566.9	1092.6
4326.4	827.21
3923.8	245.25
1360.1	1308.8
1395.5	1613.5
1358.8	1308.9
5003.3	1241.8
5330.4	86.918
2916.5	870.66
6390.4	1885.8
6538.9	1964.5
6029.4	1296.7
2681.2	723.91
6332.2	1325.5
5459.1	1197.7
1437.1	931.92
1650.5	1009.8
6331.9	1326.3
1200.8	1519.6
6558.3	2020
1484.9	1171.6
3175	2303.9
1994.3	805.18
6373.3	1805.6
1644.3	1010.8
1240.3	2063.4
1184.4	1527.2
6007.7	713.51
1310.2	1414.8
946.46	2250
1728.7	1004.5
1478.7	1172.9
2747.6	53.931
1643.1	1010.7
1791.1	944.56
6327.8	1754
6390.4	1886
4325	1020.4
3373.2	732.57
6007.7	710
1067.8	1553.2
2562.1	444.39
4272.4	788.54
1587.2	1118.1
4431.3	932.37
2571.4	427.72
5593.7	962.13
4604.2	451.48
1254.3	1022.4
6341.6	1947
6567.4	2139.9
1974.6	1043
4618.3	444.85
2851.8	678.06
6281.2	1649.6
1254.8	1022.2
3388.4	802.84
4802.9	96.517
1443.4	1260
1383.7	1658
1043.6	2198.4
6567.2	2145.4
5327.4	75.733
4919.5	38.156
6112.5	1694.1
4979.2	100.56
4432.3	1095.4
2272.4	869.29
5399.7	434.54
1975.2	1037.1
6234.6	1440.5
1207.9	1543.7
4986.1	594.25
6003.7	1601.2
5864.7	1162.2
6350.4	1795.2
2852.3	677.74
5778.1	1178.3
5926.4	1310.5
4474.8	926.44
2396.5	1196.9
3370	597.93
6118.6	1694.8
1610.2	1570.5
1389.8	776.02
4426.7	1096.8
4800.5	1128.8
906.95	2650.6
2324.9	1222.7
1329.8	1399.3
5905.6	1691
2289	564.44
1389.1	777.28
1338.4	1380.7
1638.6	1552.1
1122.9	3278.8
4987.2	596.31
2859.3	664.73
2135.1	382.88
6339.4	1611.5
5742.3	1408
3493.9	302.98
6519.7	1869.6
4527.2	1070.8
906.35	2654.5
914.82	2689
6003.6	1312.4
5429.2	765.81
1193.4	1568.8
6338.6	1611.8
2819.8	18.399
5660.1	4303.1
1074.9	2142.1
4737.5	3568.3
5908.5	1520.6
5099.3	3914.6
4807.7	1134.9
4243.9	611.24
3274	1008.7
1395.1	1312.7
6522.9	1870.3
1344.9	1382.7
2042.7	3335.3
2421	806.78
5831.4	502.49
5867.8	1172
5126.9	265.35
1478.7	695.8
1041.4	2464.2
4535.2	1078
4554.8	1042.6
5252	938.12
1595	1048
2043.5	3335.1
1863.9	377.76
4938	180
883.62	2691.7
2150.5	387.4
1421.5	1240
4883.8	78.702
1260.8	1156.2
1690.4	556.48
2088.5	1317
5623.9	642.21
1043.4	2118.9
2944.9	378.09
6425	2034.3
4165.5	3787.3
2154.9	388.63
3663.5	260.92
1642	1464.3
2202.7	1268.3
1389.6	1678
1029.7	2217.3
5396.7	1331.9
2035.4	1340
6101.9	1428.2
1264.7	1483.8
1775.3	945.07
3469.4	992.03
6322.3	1858.1
1985.9	1362.6
2053.9	744.62
1254	1187.8
3033.4	2105.3
4621.8	1088.8
3351.9	248.24
1076.9	1550.3
6369.6	1988.6
1863.6	379.06
1572.2	1120.2
2057.7	745
2455.5	537.95
891.77	2631.6
6134.2	1789.4
4709.8	1107.9
4423.4	641.63
3991.5	257.59
952.27	1521.5
5868.2	1171.7
3187	266.7
2965.9	3984.3
6371	1656.1
3123.2	2039.2
6546.5	2020.7
2947.3	379.06
5211	691.4
5873.6	879.86
5643.8	995.61
1440	1307.3
5053	1207.2
1361.3	1346.3
2371.7	577.69
2121.7	380.29
6481.5	1941.5
5910	924.29
1399.9	1324.2
951.47	1519.5
3494	302.59
952.69	1522.2
1786.2	969.47
4894.8	1209.4
1582.2	1139.7
1189.5	1569.2
4870	150.33
1582.8	1139.7
6375.3	1855.4
1670.2	1420.6
2029.9	1340
1224.5	1476
5961.4	1171.6
1786.6	969.52
4726.1	1110.1
2134.9	644.7
1476.7	1204.3
2948.2	379.42
1329.4	1382.7
6375.1	1855.5
4053.2	987.06
4899.6	545.56
6502.7	2538.9
2045.2	670.2
1052.5	1703.3
6316.5	1293.8
4428.5	648.85
5252.5	939.65
1993.9	787.48
5960.1	1554.5
6478.1	2094.2
6543.4	2579.7
5395	426.22
4725.4	1109.8
2139.6	636.46
4638.8	1090.3
5584.9	562.68
1053	1703.8
1398.3	1321.4
4929.6	47.77
1994.4	784.39
1792.6	900.42
5203.3	1253.5
1664.6	1473.9
4231	614.69
1088.4	1511
1778.6	897.6
2064.1	781.84
5178.3	258.65
3118.6	4342.2
1043.2	2186.7
5176.6	260.26
4986.7	1179.4
6385.1	1962.9
1476	1288.7
1670.5	1420.6
2635.2	135.47
5617.5	941.17
6003.7	1312.5
1939.1	1385.4
4609.6	1014.7
1661.7	1470.1
3110.7	2128.7
4548.4	382.08
5199.8	339.07
1031.6	2497.3
1643.8	1273.4
1543	1510
1798.5	901.02
1724.9	985.2
2950.2	380.32
6432.5	2155.7
3175.4	2175.4
1585	1085.8
6541.4	2167.4
5210.4	345.25
2038.2	3336.9
5819.1	838.08
1296	1595.9
4916.9	917.75
1520.7	884.67
4839.9	1072.3
2861.6	683.02
2711.7	724.62
5332.1	1305.8
1013.6	2156.4
989.48	2211.4
6423.5	1915.1
6172.1	1586.2
1724.8	988.54
5677.2	3281.2
1212.3	1294.7
6473.5	1652.3
3361.4	305.18
2634.6	134.92
5584.8	561.45
6479.1	1852.6
1295.8	2008.9
1315.8	1583.4
3553.5	290.99
6162.8	3811.7
1945.7	1242.2
6470.6	2065
3696.1	581.74
2026	1343.9
5474.5	1231.3
1419.4	1237.4
4143.1	991.67
1542.3	1148.2
6278.7	1085.4
1140.7	1411.8
5271.9	3350.4
5339.8	435.16
4156.8	1001.4
4973.1	597.14
6479.9	1672.1
6537	2476.2
2249.7	1249.5
3033.9	954.29
5363.2	1362.1
6263	1900.7
5474.4	1230.2
1295.7	1178.4
1239.2	1268
1043.1	2186.3
5205.1	736.82
1316.8	2026.4
5941.5	1118.8
1671.2	3191.9
1267	2008.3
1170.4	1564.1
6401	1896.6
2074.7	778.3
5173.8	625.23
6510.1	2527.9
2274.2	888.86
5436.7	264.88
2066.4	1000.6
5189.5	333.09
5408.7	435.65
2131.6	1297.1
2621.3	129.48
1117.8	2135.5
4933.1	1225.5
6260.8	1952.9
4518.5	987.89
2140.1	624.84
1379.8	1299.1
5339.3	435.9
6121.2	1070.5
1158.5	1981.8
969.75	2048.3
3559.9	295.24
3110.6	2128.5
1092.2	1979.3
1118.4	2135.4
1164.6	1127.7
2623.8	130.46
1117.9	2135.8
6504.8	2545.6
1642.6	1275.8
4912.1	604
4996.9	1256.4
1796.5	457.24
3363.7	305.82
2199.3	1115.5
5660.7	1471.4
1181.8	1591.3
6278.4	1334.2
927.48	2661.5
3232.4	657.77
2770.7	420.58
4155.4	317.23
1128.8	1239.3
1925.1	785.79
4157.3	319.67
2953.8	381.67
5499.4	756.8
5998.8	1339.1
1164.4	1127.3
2649.6	551.25
1592.9	1068.5
6278.5	1334.6
5879.7	1177.7
6372.1	1939.5
6405.1	1911.6
5667.9	1193.1
5438.4	4231
3236.3	925.03
2113.1	1153.4
1014.2	1546.2
6082.3	1314.6
2416.9	1028.7
6444.6	2007.5
4608.9	1007.8
6423.1	1813.4
2210.3	3557.1
1925.1	789.44
1161.6	1390.5
970.69	2084.5
1759.5	1349.7
2113.4	1151.8
6505.6	2549.8
970.49	2084.5
2686.6	745.15
2294.6	894.81
5682.7	1366.3
5898.6	1734.2
1406.5	1487.8
1760.2	1349.9
6138.7	1043.7
5580.1	1428
1145.6	1776.9
5380.4	1417.6
5717.2	670.07
6369.4	1868.9
1592.4	1067.7
1310.5	3351.9
1654	769.64
5694	1440.3
1027.7	2151.9
4609.2	1011.8
956.48	2710.2
2417.5	1026.2
1655.3	1483.8
1674.4	985.53
4035.1	905.06
5291.3	3239.5
2482.3	588.65
1708.6	1379.2
5668.9	1425.1
6104.7	1437.8
2793.4	916.16
1884.8	1411.3
1986.7	1052.9
2081.5	3350.4
5163.4	393.14
3676.5	896.23
4986.4	80.345
5456.3	4016.6
1947.3	153.14
5733.1	3801.1
1114.5	1873.6
3300.5	625.96
2754.3	1014.5
2007.7	1041.8
2671.2	1036.1
3791.8	591.34
5230.1	697.67
2153	4480.4
1290.6	2008.6
5682.7	1365.5
5568.1	1500.6
2080.6	3348.3
1592.4	1655.4
2530.6	991.77
1115.3	1876
2506.7	1084.8
1360	1861
1598	1522.2
1546.4	1087
1507.3	1395.9
2830	819.15
1012	1546.6
6177.1	1531.9
2789.6	1005.5
2229.6	1184.8
2880.3	984.56
2309.2	604.88
3790.4	593.35
1152.8	2022.9
1325.2	1415.3
6413.1	1924.4
3067.8	4316.2
6167	1438.4
1097.2	2070.9
5844.2	1194.1
892.71	2590.9
6436.3	1951.8
1853.2	344.93
5810	3567.2
5568.8	1500.8
4259.6	333.61
2207.2	529.43
3043.4	952.28
5717.8	1454.3
5644	1409.3
907.19	2720.6
2435	1107.9
6338.3	3444.4
1377	1686.9
6338	3444.5
1947.2	816.08
2705.2	1026.3
5733.3	3801
1792.4	1400.4
1823.4	1144.7
6509.7	2482.6
1110.5	1969.9
1146	1776.2
3156.6	637.33
2363.1	1133.1
1305.1	1593.4
1626.4	1503.1
1674	982.45
6379.9	1858.3
6376.1	1850.6
924.51	2251.8
5811.7	838.68
861.08	2609.9
1068.9	2063.9
1218.5	1998.8
1029.3	2515.1
957.37	2681.5
6133.1	949.74
2292.1	1159.6
6263	3044.5
2794.7	914.24
925.4	2167
5383.8	396.3
3916.6	598.77
1572.4	1669.6
6019.5	3588.4
3206.6	642.76
4816.5	145.29
928.93	2505.4
2537.6	1074
6007.1	1323.4
1571.3	1541.4
2319.4	1148.3
1233.9	2009.6
4491.5	980.21
1757.3	1421.3
972.67	2216.7
5843.7	1193.7
2391.8	1122
1452.5	1686.4
5525.5	4284.3
1501.6	1152
6307.6	1758.5
4426.5	885.65
1210.6	1502.9
3389.8	819.06
861.07	2609.3
2237.6	3537.3
5386.1	395.26
6342.7	1742
6327.1	1744
6343.8	1740.8
3363.4	823.63
6412	1887.6
6214.4	1848.4
4697.2	1184.8
3866.7	896.17
1283.1	1406.7
2465.2	1097.1
2053.3	3318.8
2686.8	749.44
6066.1	1321.2
6462.1	1858.7
1210.2	1501.9
5942.5	1181.6
6538.2	2509.7
1165	1394
6385.9	1853.2
3204.7	640.57
4953.3	3549.3
1005.4	2055.6
6065.5	1321.6
6002.3	1789.3
2619.7	1049.5
6385.6	1713
4938.2	16.766
6416.3	1938.8
6229.8	1533.7
3124.1	2024.3
1320.5	1361
5174.3	386.55
1876.4	1352.8
5569.4	1511.5
1007.8	2909.5
1957.2	1308.5
2196.4	1197.7
2459.6	3815.2
5568.9	1511.4
5739.1	3442.9
6308.6	1661.1
1546.1	1559
6369.5	1826.2
5175.9	670.75
6537.9	2509.9
6109	1836.1
994.44	1508.8
3722.1	710.56
921.02	2208.4
5735	1241
3766.9	894.54
5502.8	1482.3
1219.2	1313.7
856.51	2303.8
6351.6	1836.4
1800.8	921.4
1211.9	1998.2
3104	2279.9
925.31	2035.2
945.46	2807.8
2886.6	3914
1495.2	1286.5
5174.5	695.05
1675.4	3177.6
1446.4	982.6
6242.9	1880.5
6007.5	1323.1
1714.1	1438.5
5152	301.02
2018.3	1281.6
988.05	2186.7
5157.1	419.66
6571.1	2532.9
994.28	2143.7
1789.2	658.96
3122.8	1988.9
5550	532.31
1330.1	3754.2
1304.7	1272.6
6568.1	2543.7
2936.2	883.8
1474.1	1554.4
3463.4	903.58
6384.7	1898.1
1308.1	1150.7
879.03	2060
2311.4	605.03
840.12	2301.5
931.47	2041.9
4525.2	1002.9
6353	2355.8
1447	983.91
1053	2118
1043.6	2128.8
1910.6	1332.5
2063.6	3505.5
6272.7	1906.8
2236.4	3533.3
1925	810.19
1421.5	1132.5
6416.9	1968.1
2595.4	1057.6
2779.7	1008.3
1498.2	1142
1474.7	1556.7
1011.9	2166.3
1154.9	3759.7
6268.7	2932
3816.7	4118.1
1474.1	1554.2
3100.5	1124.1
6413.3	1883.9
6259.3	1890.2
4775.9	184.41
3492.3	292.61
1363.7	1856.5
1491.9	1657.7
1304.2	1965.9
986.72	2186.9
2528.1	1078.4
1443.5	975.19
6358.2	2017.5
1208	1972.8
6210.7	3536
1196	1957
6547.5	2418.2
1306.8	1960.9
819.21	2367.1
6536.5	1978.4
3285.9	4022.4
6407.7	1947.3
1305.1	1961
1215.8	1520.8
6320.7	1509.4
6155.2	1776.8
4747.1	373.58
6546.8	2366
6569.9	2540.2
6311.1	3566.6
5996.8	1320
2065.5	3505.4
3090.3	2135.1
1447.5	985.98
1730.7	1435.2
1167.6	2091.3
6439.9	3001.2
969.4	2021.4
1731.6	1331.4
1930.3	1321.4
1052.4	2081
3027.4	2294
1843.2	1368.6
5711.8	1584.9
2123.2	1050.7
2686.9	751.6
6408.5	1947.6
1240.7	1467.6
4841.1	87.136
5481.9	3346.7
6453.8	2364.2
990.61	2162.7
6229.9	1532.8
6202.2	3468.9
1238.4	1250.3
1775.8	3527.4
2483	559.03
6109.8	1433.5
5107.9	4653.5
6531.4	2346.1
4861.3	795.62
5861.3	1492.7
1949.4	815.95
5731.9	3036.5
2462.7	4220.7
3105.9	891.76
5161.8	4249.6
1224.9	1516
1800.3	1393.5
3443.6	4356.2
2814.9	3878.8
6572	2361.4
5413.7	902.91
6431.1	2678.1
5567.3	1331.6
1196.3	1958.3
6348.9	1835.6
2046.3	4141.3
5994.4	1319.8
6138.7	1830.3
2379.2	1129.8
1166.6	1986.6
5943.8	1127.1
6027.3	1798.8
1554.6	885.65
6002.8	1478.6
1876.9	1355
1040.6	2489.3
6259.5	1889.1
6488.4	2672.3
4984.9	499.53
5894.9	3319.2
6547.1	2366.3
5970.3	1676.5
6404.1	1887.5
5467.6	3544.6
3363.7	911.83
6379.5	2708.6
907.03	2021.1
1534.8	1286.7
5499.3	676.94
6147.8	3425.2
6572.5	2783.1
2244.5	1181.9
1208.2	2004.5
6532.9	2373.7
2881.1	4022.2
1104.1	1962
6132.1	949.61
5260.4	1224.4
1655.9	1419.5
6197.2	1294.7
5278.9	132.7
5499.1	4043.4
1922.2	1330.7
6345.9	1834.1
6454.8	2049.1
5514.9	1470.5
960.89	2221.6
6536.3	2319.4
4638.2	517.41
5467.3	3544.8
5498.7	680.17
2080.1	768.88
3553.2	916.89
3108.6	2193.7
992.14	2047
5712.8	1575.3
6585.7	2479.8
5225.1	4612.6
5603	3910.9
6074.1	3660.4
6529.5	2372.4
3136.7	2507.9
6417.2	2761.3
6147.5	1767.1
1086.3	2140.9
6473.9	2070.2
6431.4	1816.6
6432.3	1817
4999.5	628.88
1511.8	1286.5
3062.6	181.19
2079.9	770.78
6327.3	1797.8
5517.1	1098.7
3738	4626.6
1391.2	1627.7
1522.4	1577.2
5187.2	379.24
5471.4	1278.1
3656.3	913.6
3850.2	111.43
5911.3	1674.8
4953.5	1225.3
1075.2	1959.2
1344.7	1117.8
2920.8	331.87
6457.2	1883.5
6040.8	1712
6073.3	3660.8
5967	1673.6
2850.2	4466.7
6458.1	1999.4
1998.6	3515.8
2471.9	54.555
1380.1	1791.6
4839.7	106.4
3157.9	647.32
1072.8	2152.9
5861.6	1492
5872.9	3867.1
6466.7	1931.7
6251	1383
1016.1	1386.5
6074.6	3120.5
1364.8	1856.5
6396.4	1875.5
5176.8	373.4
6280.6	3338.2
6343	1833.6
1436.8	1203.4
1949.6	3984.2
1040.1	3280.2
5584.8	3986.4
1418.8	1321.7
1435	663.7
6509.3	2377.5
4534.7	3657.1
920.61	2650.7
4752.5	362.79
6183.9	1833.7
1143.5	1797.5
6088.4	1714.8
2525.5	991.43
1296.3	1949.6
875.19	2798.2
5828.7	1649.8
3918.6	3569.5
1577.7	1157.8
1997.8	3515.8
4257.9	3763.8
3351.6	3569.2
1153.2	1991.9
5948.7	3098.7
5864.2	880.16
1421.9	1704.6
6360	2715.1
1444.3	1358.3
989.75	2194.9
6158.4	1538.6
1677.3	1336.6
6161	1003.4
5919.6	1113.7
5526.8	1487.5
3916.1	3814.3
6380.3	1848.3
6506.7	2032.8
1694.3	1010.1
1832	3408
5911	1164.8
6248.3	1939.6
2623.7	3636.7
3526.4	3736.2
1075.3	1959.8
6492.6	1979.8
1989.1	850.66
1432.7	1423.1
6321.5	1868.7
6474.7	1863.3
6283.4	3329.8
1085.5	1934.2
847.98	2443.5
3454	921.24
6150.6	1720
6531.9	2068.8
854.11	2448
1086.3	2140.6
4042.1	3543.9
6458.4	1999.6
5864.1	879.79
6457.6	1999.4
920.61	2649.9
6412.8	2760.3
6299	1659.9
6588.9	2331.7
5128.3	251.12
5500.7	3361.6
1684.1	1312.2
6102.3	1579.8
3127.4	975.28
6548.8	2401.9
6571.6	2360.7
5772.5	3520.2
2916.5	320.44
958.37	2692.2
5426.3	1185
1149.6	1434.3
5534.9	4445.3
3124.9	2146.6
2011.5	3590.7
5348.2	789.63
6346.6	2016.8
1086.3	1934.8
3099.4	4257.1
6248.3	1940
6316.8	1682.1
2684.9	4427.5
5775.1	3521.3
1220.4	1322.5
989.39	2194.6
6057.5	3768.9
1038.7	2487.4
5836.3	1404.1
5197.2	384.44
1038.5	2174.3
5769.6	1277.2
1480.4	1613.2
6418	1949.3
985.97	2200.5
6402.3	2078.9
2130.6	1213
5531.2	556.05
1520.1	1169.4
1258.5	1511.2
2027.7	3503.1
6468.1	1929.2
6455.5	2068
1613.6	588.94
5582.9	1370.3
2400.6	3721.2
1502	1596.3
1576	1156.3
5349.1	789.57
6495.7	2132.3
6177.9	1665.6
1248.6	1512.1
6317.1	1680.8
2869.9	180.09
3575.6	3759.6
6108.5	1451.7
6273	3544.7
5937.5	3383.8
1724.4	1043.3
6548.6	2401.2
6098.3	3644.2
2376.4	3442.5
1106.1	1365.7
1685.4	3473.3
3526.6	3736.1
2156.9	4580.2
5337.1	206.1
6379.8	1847.8
1812.7	658.93
1083.3	1926.2
3101.4	873.39
6085.8	3295.6
5602.2	4384.1
1044.8	2132.4
915.22	2270.2
6398.1	2760.5
6097.8	1578.8
5537	554.38
874.95	2459.4
6345.8	2020.9
3082.7	2552.7
3353.4	928.91
1675.5	1011.9
1577.9	1157.6
5431.6	3795.1
5220.6	4222.9
2091.5	3330.6
1723.6	1561.1
2381.3	3727.3
6341	1799.2
5735	1460.4
5130	255.2
6266	3630.1
1856.9	3396.3
2031	3505.6
5603.4	3910.8
1545.6	1120.1
1147.1	1813
1069.9	2083
1054.4	2948
1345	1945.7
1567.7	3800.3
2914.2	327.64
2112.9	3566.2
2134.4	4441.3
1441.4	1351.9
6217.6	1531.9
1674.7	1009.8
5403.8	1384.8
3022	2194.1
2476.7	1166
6539.1	2369.8
4101.4	435.49
1434.4	1334.5
5871.4	1184
5964.1	1577
2973.5	2330.9
5359.7	371.08
5050	517.43
3282.5	911.47
1628.3	1506.4
6234.1	3296.4
1468	752.02
2932.6	3526.8
6060	1419.4
1943	288.5
1051.8	1963.4
3025	368.73
1128.3	1840
1147.5	1813
2795.5	991.94
4119	279.67
6323.9	1533.2
2710.3	1013.2
2357.6	4304.2
1287	1992.1
922.55	2258.3
6325	1733.9
5984.1	1559.6
5710.5	1367.3
5562.7	1133.8
6197.5	1502
1618.8	3329.7
3649.6	4121
1195.5	3563.2
3179.5	920.12
4120.8	273.65
6280.6	3550.3
4814.3	238.33
5529.9	1487
990.42	1919
3260.4	3723.4
5427.5	3794.7
1152.4	1142.2
4050.8	3550.7
6422.1	2813.4
3659.4	4124.8
2868.3	2345
1002.6	1952.7
3102.1	2159.6
946.28	2037
6235.7	1320.7
6321.7	1686
6388.1	2072.7
1021.5	1942.9
1823.4	3473.7
1556.3	1647
5056.6	516.95
982.28	2054
6369.9	1639.1
6234.3	1316.1
6193.4	2852
3507.8	251.4
2337.6	4125.5
5386	718.5
6175	1824.5
2643.9	559.82
1793.8	960.73
4383.3	654.07
1130.8	2054
5054.3	4308.4
3802.3	4292.7
1029.4	2113.3
1478.1	795.13
2979.1	952.11
2494.8	3981.4
6452.8	1851.1
3087.2	3742.3
4381.2	655.74
1153.5	3579.3
1297.9	1419.6
4816	3541.7
3310.2	4145.1
6494.3	2378.2
1979.5	1294.3
6398.2	2760.5
6458.9	1906.3
2424	4341.8
1099.4	1532
6344.1	1539
2521.6	3681.4
5394.7	4118.6
3685.6	3791.1
2886.4	971.12
6435.1	2006.6
6405.6	2129.9
1004.1	1947.2
6110.2	1391.1
6430	2683.6
2495	3981.7
978.58	1885.5
5457.8	3796.9
1974.4	4654.3
938.92	2259.9
5320.4	2474.4
1926.9	1227.2
4835.2	3533.5
6151.3	1437.3
2179.1	3485.1
2148.8	1285.7
5998.5	1300.6
5127.9	250.09
6528.1	1854
3369.5	613.53
5054.4	516.89
1555.9	1647.3
4907.2	4370.3
5646.6	1444.7
6348.4	2003.8
1852.7	3390.7
5361.5	371.61
3508.8	950.3
5189	3868.1
962.42	1915.1
1396.3	907.6
6490.6	1922
4836.4	3533.2
5658.8	1554.9
6187.3	1494.6
3261.3	3724.2
3678.7	4159.7
1061.1	1667.5
6396	2119.3
6370.3	1794.8
6538.5	2381.7
6470.9	2046
5871	1183.8
5454.6	3338
6457.8	1763.9
1503.2	1171.9
6249.6	2955.1
3207	2560.1
2133.5	1211.9
1328.6	1360.7
6266.6	1685
2268.9	1237.6
6234.8	3367.9
6102.8	1675.7
2166.1	3559.4
3581.1	890.66
1443	1671.5
4989.8	3740.7
2324.3	21.236
1205.8	1350.9
1690.1	3370.2
1208.2	1200.7
3109.1	2095.4
2623.2	4058
3968.4	4437.6
2721.8	3731.6
1479.2	1660.9
5701.1	2996.9
5998.7	1300.9
6480.2	2114.8
5870.6	4192.1
6342.9	1800.4
2031	3576.9
3392.9	4566.7
6374.1	1649.2
6049.1	1308.1
6322.3	1674
6343.5	1800
6368.4	1893.3
4194.4	965.3
6280.7	3551.1
6088.8	3657.6
3480.3	894.83
2977.9	3652.5
5391.5	3447.7
2095.6	4667.3
1000.1	2220.9
1679.3	3312.1
876.96	2636.3
6159.5	3200
2027.9	3586.5
3787.9	4123.8
1549.2	3995.2
6430.7	2858.2
2902.3	2315.3
1467.5	724.69
1551.9	3994.8
5468	4170.7
1473.9	724.71
1018.8	1538.7
1853.1	3450.3
6455.8	1847.7
6076.6	3298.9
6188.4	1494.8
2864.5	2332.3
6369.3	1853.6
1005.1	2224.7
5613.8	1152
890.73	1741.2
6542.7	2431.8
2938.4	2563.9
1142.4	1797.8
1696.9	3367.7
5085.3	3808.5
6335.8	1749.1
1515.9	3439.1
3496.6	3812
2932.8	3525.5
1100.3	2024.7
1242.5	1181.3
6534.4	2220.1
1289	1424.9
6478.4	1955.9
2625	1036.4
6451.5	1821.8
3002.9	4317.6
6192.6	1843
4850.9	891.81
6085.7	3249.8
2868.5	2306.3
1913.6	181.73
3806	4112.7
2805.7	4404.4
3709.9	105.36
2629.1	3921.6
6035.1	1017
1988.4	338.65
1163.1	1211
959.27	2813.8
1643.2	3491.5
6178.3	2922.7
5782	4319
6028	1505.6
3071.7	2184
1699.8	1359.8
1204	2009.3
6487.3	2552.2
3684.1	888.77
6081.6	1328.7
5739	4329.9
3246	4159.3
4853.1	3558.2
6358.3	1789.2
5658	1293.8
4360.9	3779.5
901.35	3038.7
3305.5	613.74
5141.4	3493.5
5059	711.87
1682.2	1522.2
5760.1	2453.9
2201.9	3776.4
5722.7	493.97
4887.8	584.04
5931.2	1150.6
5935.6	1730
1939	3394.1
1589.4	1130.5
1753.7	3402.3
1086.6	2083.6
3884.2	891.49
2925.5	2180.4
2467.8	53.821
1892	3691.7
3030.2	2565.9
3382.8	899.15
3007	598
1788.6	3679.1
3305.6	3953.3
4889.4	584.2
1434.6	1202.2
2578.9	3720.1
3784.1	889.11
3246.8	3759.3
1609.3	3521.3
1102.5	2021.3
2542.6	1060.9
6358.6	1861
3028.3	4251.4
839.44	2582.7
1658.1	3453.8
5117.2	1228.9
2099.3	1001.3
6082	3469
1809.4	3681.6
996.83	2987.9
6394	1899.6
1043.9	2490.8
3626.6	3967
941.16	2819.2
3368.4	719.71
5764.2	3252.2
4935.5	57.297
3483.3	3691.5
5924.4	1405.7
2877.9	4567.4
1724.3	1042.3
5580.5	1259.5
1542.8	1198.8
3615.6	4178.9
1769.3	690.01
2628.7	3921.3
1515.6	3439.7
1704.1	1433.3
2189.3	3482.7
6501.4	2238.1
1662.8	1409.8
5986.6	3197.6
6427.1	1761.4
5087.4	3911.6
5673.5	909.97
5146.5	1239.9
2419.9	3591.2
5605.9	1383.4
3366.4	718.83
3668.4	3722.4
1944	280.79
5272.6	3410.2
2190.1	3887.2
844.07	2737.6
4416.3	453.51
6510.9	2745.8
6427.4	1761.7
2470	1084.1
3223.8	4466.6
1471.3	608.01
6336	1744.8
5029.4	4251.1
3070.6	4130.5
1984.5	337.95
3285.3	3557.5
6193.3	1695.7
1278.7	1646.4
6018.9	1495.2
1332.3	3929.4
2507.4	3686.5
1869.2	831.58
1189.1	2005.1
3676.8	3830.1
6250.6	3215.1
6433.7	1969.6
3074.7	1102.4
1996.3	1362.7
6463.8	2864.1
2001.3	1071.2
6271.5	1778.3
5574.9	4479.6
5725	2456.9
4949.5	3747.6
3658.2	839.53
960.54	1901.8
6548.5	2385.8
6181.9	3501.1
6178.2	3742
5055.9	516.92
3853.2	3814.2
3684	887.88
5094.4	3695.2
3941.2	842.9
1366.4	3507.5
1524.7	1609.3
6384.6	3002.6
2169.8	3496.6
5158.1	598.62
4416.6	191.28
6576.2	2177.7
960.31	1903.9
6025.6	1497
3298.7	3968
5277.9	2488.4
3119.1	3884
5965.3	1680.5
6495	2008.3
1137.3	1821
3246.6	3759
6589	2383.9
1616.2	581.87
2941.8	4117
1384.4	1513.9
2316.4	4082.8
6112.4	958.02
1146.7	3211.5
3015.7	2565.9
3218.1	3899.8
1478	3572.9
5919.4	3317.4
5987.4	3197.7
2452.9	4299.9
6461.6	2125.9
1770	690.22
1072	2152.6
5682.7	608.27
1755.1	3510.7
2482	3808.2
3159.4	3686.3
1101.2	2027.7
6418.6	1918.4
1258.6	1488.7
1904.9	4371
997.13	2987.9
6488.4	1657.7
927.46	2266.6
6221.2	2826.5
1764.3	3759.5
3001.2	2565.1
6520.9	2831
6386.5	1868.1
1724.4	1428.9
1140.1	1839.4
5398.7	3552.6
6236.6	1891.3
5646.2	939.68
2199.7	3776
4541.6	915.02
6121.6	3398.7
6575.7	2206.1
6031.5	1266.7
6231.4	1330.4
3407.5	3708.6
6036.6	1099.9
1762.7	1213.3
6464.4	2863.3
1332.6	3929.6
1232.2	1869.3
2085.9	3645.1
4213.2	908.16
4397.8	3839.8
6461.7	1907.8
2008.9	229.66
2480.8	4363.5
1614.8	3753.4
875.95	2623.4
5459.8	1428.3
6024.2	1496.1
5177	2486.8
1443.8	3871.3
6483.4	2125.8
2872.8	3830.4
5923.2	1139.1
875.2	2512.2
5822.6	1311.4
2488.9	3459.5
3348.6	906.17
6374.2	1883.6
3141	1888.7
1995.5	1356.9
6441.5	2041.7
5976.1	747.31
1845.2	3656.2
5988.4	1469.2
3349.6	617.53
1228	1888.1
6103.1	1097.1
6254.9	3223.5
5893	3676.5
6374.9	3137.4
2493.6	3478.3
5763.1	3445.7
3455.4	4117.2
6032.8	1101.2
6196.4	3479.1
855.57	2395.4
1992.7	1371.1
4906.6	4370.5
2942.5	4116.3
6335.1	1831.7
3785.4	686.68
1564.3	3445.6
4509.3	997.14
2817.2	2566
1437	3965.7
6416	1745.2
2038.5	3700.8
6013.9	1281.8
940.04	2821.7
6486	1977
1412.6	845.83
6493	2098.9
2904.5	2333.2
2049.6	3669.6
5990.6	1207.9
3069.2	2295.7
1385.1	1513.5
1076.2	2175.8
5808.5	3862.2
4935.4	57.448
1153.4	1814.1
6154.1	1699
5980.4	1793.7
2056.2	3437.8
3150.7	2165.5
6381.7	1612.9
6416.7	2881.9
3109.5	1081.3
1996	1355.7
6299.2	1835.5
6224.2	1706.3
1165.3	2112.5
6543.3	2467.2
1249.4	1530.2
3615.1	3576.7
6528.1	2488.7
6521.4	2831.2
3911.6	3879.5
1771.8	3415.9
5916.2	1395.6
1442.6	1507.7
1630.9	3561.1
3876.2	182.23
6474.8	2586.2
2403.9	3458.1
1525	1608.8
6479.8	2137.4
1741.1	3373.5
4762.6	4426.1
3535.8	2554.9
1006.3	1962.6
1621	1563.9
6588	2601.8
1166.5	1619.9
1738.4	1430
6222.9	1876
5987.5	1469.2
6441.9	2050.5
3337.7	313.39
1571.9	1576.9
1655.4	1273.7
881.35	2346.4
3311.8	4144.9
6265.4	1865.6
2921	3787.5
2805	963.87
968.27	1998.8
1252.4	3641.6
3068.8	3858.5
4861.5	4078.4
1590.2	3535.4
6198.7	3020.1
6323.1	3211.5
1843.9	3440.5
957.1	2039.5
5811	809.27
1749.5	3312.8
1768.1	3472.8
3107.5	3763.8
4313.8	318.77
5567.3	686.79
6408.8	2859
5726.3	2459.6
4716.5	1086.6
5823.5	2450
1739.7	3372.9
4869.3	4059.8
5962.6	3710.5
3771	3941.3
863.88	2842.1
3158.1	4009.3
6222.9	2847
3853.2	3814.4
6062.1	1684.4
5392.6	4116.5
997.05	2093.1
3221.7	3871.8
4380.5	902.5
1086.8	2083.9
2862.2	3952.6
6488.9	1947.3
1478.1	3572.9
2323.7	1135.7
6380.9	3128.5
4092.5	2530.4
4120.8	898.36
3954.8	3746.5
2367.9	4243.3
6461.8	1991.5
3768.6	4083.9
5757.4	1474.4
6360.8	1865.4
6409.1	2865.6
6479.4	2589.7
1030.5	1541
4078.2	4543.8
1762.8	302.85
5347.5	293.49
2489.2	3599.7
6307.1	2726.9
3137.4	3685
5052.9	1109.9
5644.3	947.49
2862.2	3518.1
3109.3	3697.9
3675.9	3713.4
1311.5	1133.4
3031.5	3666.4
953.37	1609.6
5811	1114.8
5956.1	1418.7
5179.2	2486.7
1383.6	3502.4
2094.4	1309.6
834.34	2414.9
1411	1745.1
1475.4	1371.7
1196	1572.6
939.86	2259.4
1269.9	1989.7
3124.6	3551.4
3969.3	3820.7
6470.6	2190.5
1060.9	3150.6
6321	3212.5
2743.3	3524.4
3472.1	366.04
2391.4	3548.8
2692.6	732.08
1143.3	1836
2695.2	732.35
2702	3911.7
1898.7	4095.5
6415	2847.2
1723.2	3446.7
3717.4	136.03
4886.5	1187.1
3224.2	3676.7
4276.5	641.66
1233.9	2056.2
6057.5	3876
5214.1	1264.4
5148.8	4248.4
4791.1	4415.2
1417.6	879.88
5592.6	3704
5777.5	1648
4514.7	1072.7
2765.6	427.11
6357.5	1847.5
6260.7	2784.2
6498.4	2027.4
2493.7	4625.5
1576.3	3402.2
4609	1091.3
2200.4	4591.9
2045.8	1340
4964.3	2496.8
4858.4	3985.5
1326.2	976.56
4890.5	1216.4
2648	3629.7
5218.2	1080.6
5370.2	439.8
2041.4	1332.5
2215.8	3499.2
1902.2	1402.1
5345	1317.1
6100.3	3408.9
1350	878.04
5687.3	2994.2
2763	431.42
2953.1	3619.2
3713	3690.8
1970.9	3555.7
2045.2	1334
1063.2	2114.9
1066.6	2170.9
5468.3	230.42
6498.9	1968.6
6506.5	2050.8
4696.8	1109.2
5367.1	440.23
6410.7	2027.8
5811.8	3539.6
1329.9	1284.1
3950	3724
1074.6	2157.6
4082.4	893.73
1676.8	1408
5682.3	560.98
1956.1	3409.1
2890.9	3502.8
6407.3	2065.1
6480	1975.2
6337.8	1562.6
4771.3	3909.7
5895.1	3152.8
2029.3	1266.5
6193.7	1184.3
2763.3	431.23
2276.9	4525.7
4107.5	359.65
4934.9	1229.2
1980.6	1290.5
5300.2	2476.7
1902.6	1400.2
3394.9	3737.6
2572.4	4383.6
5842.9	532.1
6039.2	1642.4
5873.6	1363.6
1125.9	2013.8
2496.8	4006.2
1793.1	3688
5287.2	241.91
1692.8	3484.8
6412.2	1869.8
1794.4	3637
2247.8	4058.5
1223.9	1907.5
3846.2	200.98
850.11	2499.6
6556.4	2474.5
6587.5	2537.1
5196.5	1359.2
884.96	2317.8
1330.7	3539.5
6546	2958.8
6493.5	1903.8
1849.7	1235.9
6340.3	2753.4
3501.1	887.84
2748.8	3522.7
5973.4	3074.6
3452.8	4111.9
3177.6	3558.3
5734	3380.1
2702.4	3911.5
4787.7	1130.3
1121.7	1864.8
1867.7	3711.4
3697.2	4542.4
6551.4	2476.9
1350.4	3349.1
6555.3	2475.4
5504.7	204.07
1637.2	3859.6
1855	3621.6
2077.8	591.91
5386.2	3787.5
3986.5	2531.9
5857.4	1156.5
6287.2	1949.3
1226.6	1417.9
4975.8	4336.4
2311.4	4071
4976.9	1083.2
3700.6	593.74
2750.2	3515.8
1228.5	1538.7
1126.2	1865.2
4849.8	885.92
4629.8	1067.2
1128.9	1969.9
1783.2	1176.8
6494.6	2769.7
2040.8	3573.1
3543.7	999.05
5962.5	794.51
2369.4	3964.1
4880.6	4367.3
2929.2	2396
1890.7	3628.7
6179.8	1426
3061.8	3862.2
4547.2	912.74
1711.4	3202.2
5874.1	1276.2
6323.8	1834.1
2889	3797.4
1311.3	3551.3
5038.3	3804.6
1882	3422.2
4697.7	1110.8
1507.9	3472
1788.7	1441.6
5840.6	1209.5
5931.1	895.9
1800.4	3662.9
4074.9	4552.9
3157.3	606.05
6554.4	2142
1572.1	1576.4
1403.3	4036.3
5775.1	1649.3
1690.7	2559.3
3707.9	3570.9
6212.3	3474.1
3419.9	3694.3
6380.5	2925.6
2699.9	3499.1
3284.1	4503.7
850.53	2499.5
1868	3642.1
2396.2	1108.8
2737.3	3636.8
2277.1	4525.9
6394.7	1852
1194.9	1769.1
3138.5	615.11
5915.7	3474
2105.8	3499.7
6347.8	3156.7
1463.8	949.66
4649.6	1101.2
2026.4	3596.9
6524.1	2211.6
2972.3	2335
1654.1	1422.6
5923	3063.6
4568.2	3679
2986.4	662.97
2910	3641
6372.1	1998.7
1775.3	1218.5
6027.7	1509.6
1325.9	1436.2
3982.6	887.69
2634.4	3608.6
2138	370.76
5718.2	486.71
1848.9	2561.7
1814.4	3669.8
1572.3	3843.3
6265	2752
4951.1	613.45
1800.7	489.03
1592.7	3370.9
2803.9	4434.9
4402.2	3818.9
1149.7	3515.8
6519.7	2105
2747.5	4503.4
2164.8	3488.8
2400.7	4108.7
6069.5	1346.7
4697.5	4389.8
2272.3	4023.1
1421	3637.6
2909	3524
1154.8	1450.4
1410.7	4038
1149.2	3275
4787.1	1128.9
2574.6	3545.2
965.75	2208.2
4003.9	998.06
1428.5	3657.7
906.71	2793.2
5692.2	3887.6
1704.6	3386.8
1745.9	3392.7
4838.2	4392.5
4339.7	3654
5981.3	1764.3
5241.6	4616
6380.9	1975.5
4808.3	3602.1
2039.1	3922.2
5398.4	2479.3
2504.7	932.95
897.92	2696.5
6215.4	1867.1
1435.1	844.9
1711.9	3201
1071.8	1315.7
6380.7	2925.7
2518.8	3962.8
2153.6	1286.2
2741.2	4024.4
2112.6	3532.9
5959.4	3751.7
6069.3	3611
1304.2	1444.3
913.26	2967.5
2986.5	663.35
2487.1	4430.2
6518.1	2737.8
5278	1289
2332.2	1215.1
6398	2129.2
2375.5	2568.1
1273.7	3660.2
3085.9	1113.4
1764.3	1189.9
4652.1	643.76
6514.8	3048.2
5340.5	3392.2
1911.1	4132.6
5484.3	1333.9
6504.7	2053.5
1625.5	3410.6
2871.8	701.82
1919.3	3404.2
3145.1	380.49
1650.7	3636
3823	3917.7
3792.1	4486.4
6466.2	2632
6056	3496.7
6497.2	2267.3
3049.8	2123.9
5139.9	4638.2
2680.4	1128.2
1422.2	742.06
1982.9	187.89
2915.8	963.24
4966.5	3735.3
3252.8	4610.4
2384.4	4050.8
1234	1539
1352	1863.2
5973.2	689.26
3277	139
4092.5	4308.1
6281.7	2889.5
6446	1949.3
4647.5	1101.5
6323.4	1514.1
1655.2	3813.7
2789	3526.9
1977.5	3509.2
1819	3492.3
1986.2	250.72
2405.1	86.637
4962.1	3537.3
2607.8	3476.3
1345.7	762.44
6482.5	2628.4
1393.4	3499
1238.4	1880.1
1910.5	4131.7
1734.7	3714
6373.2	1998.6
1333.2	1954.6
5170	3467.4
5167.1	3468
6373.4	3496.6
3446.2	1005.3
1856.9	1423.8
847.98	2387.1
4945.1	3538.2
1290.8	3504.3
2778.4	412.13
1822.3	3689.7
5817.8	2454.7
2693.5	3691.5
4261.7	2529.3
1866.4	3280.3
4428.7	412.45
6560.6	2471.5
4825.4	1140.8
5696.2	3888.3
2339.8	3894.4
2497	3923.3
1540	3592.5
843.63	2043.9
1172.6	1823.8
6201.6	1187.9
5015	4310.5
6117.1	1673.1
2429.6	812.04
1373.4	1778.8
2754.5	2565.8
6115.4	1027.8
4338.8	3654.3
4083.1	3724.2
6485.3	2628
4188.9	689.41
1279.7	1651.1
2734.8	3586.4
3238.4	2560
5382.2	3441.7
1059.2	1308.3
3251.8	4611
1851.8	3949.9
5118.7	3796.2
2627	3616.2
5007.5	1113.9
6031.8	1100.1
4263.6	2529
4013.8	4030.3
1403.6	743.05
6219.5	3185.1
5934.2	826.09
4107.5	2528.9
1943	1313.9
3844.3	3941.1
2488.6	4431.1
5933.7	826.42
2780.6	3506.2
1667.5	3587.9
6521.8	2115.4
5390.1	1313.5
1035.5	2099.3
1529.9	3498.3
946.08	1721
2491.6	304.77
1857.7	1422.1
3936.7	3565.4
1546.2	1183.4
2946.6	2380.1
1931.5	1314.2
6214.2	2885.6
4612.7	988.93
2512.3	3560.6
2001.4	3603.5
5419.7	3309.6
6390.4	1993.5
6133.9	1431.5
6387.2	2850.7
1546.1	3343.9
5973.4	3397.7
6306.4	3149.6
4966.6	3517.9
1850.4	4557.6
990.53	3209.7
1559.4	3347.5
1865.3	3731.2
6391.6	1993.2
837.91	2662.8
4568.7	3677.1
1208.6	3697.2
2110.1	3376.4
2151	3508
1655.3	3814.1
5109.6	231.49
6285	2736.7
1138.1	1401.3
6515.2	2852.6
832.82	2092
2586.1	4623
1818.9	3491.5
6361.7	1595.1
3001.1	654.06
1546.5	1184.4
5736.1	1229.9
2920.2	962.22
1682.8	2565.2
6361.8	1777.2
1721.4	3457.9
1372.9	1850.2
3868.6	245.3
2169.4	3617.3
3813.7	376.3
5401.5	4229.8
6177.8	1427
1943.1	370.95
3350.7	3951.2
6467.5	2631.7
1100.1	2125.9
1196.8	3592.7
3701.2	594.31
2488.2	3458.9
6069.8	1628.5
2105.6	3483.7
6397.1	2058.8
6544.7	2922.2
2148.5	3684.5
6236.4	1828.3
1118.1	1938.6
4926.9	1086.6
6264	1877.5
6131.8	3240.8
6504.8	2184.7
5398.3	2475.9
6097.4	1387.3
1948.9	1377.6
985.6	1521.8
4823.9	1140.8
5640.3	1386
6299.2	1632.6
6382	1975.1
5317.9	2469.4
1169.9	3306.3
4793.8	1143.5
1493.9	3469.1
1915.7	3711.2
5880.1	1671.3
1776.1	3356.7
5218.2	4216.9
1372.1	3456
3985.7	2529.3
3124.1	1918.4
5989	1650.2
2146.2	3751.8
1831	4579.8
1805.6	908.34
3242.7	2236.5
1032.1	2008.9
2512.7	4452.6
2907.1	2387
2597.5	1149.3
1081.7	3252.1
4697.8	4389.7
3569.3	997.28
6216.7	3371
1725.1	3429.9
6171.8	1298
1829.6	3659.3
2018.6	3558.9
1885.7	1338.1
912.8	2769.3
1958.9	3750.4
5197.5	712.92
1574.4	3493.7
1505.1	3354.4
6285.3	1879
6433.3	1875.7
1996.6	4282.2
4876	3502.7
6500.8	2053.9
1020.7	1432.6
6152.5	1854.7
3607.6	4210.6
1644.4	3261.7
1219.4	3586.4
1471.5	1304
1574.8	1418.6
4736.2	1120.2
5827.5	1103.8
5881.8	3152.7
6474.9	2207.5
4273.4	914.36
1111.9	1461.1
6190.1	3439.9
1441	3637.3
6244.2	1521.8
2200.7	3707.3
6169	2918.7
3556.6	3711.2
1215.7	3575.3
1584.8	3520.1
5395.6	2476.5
3044.8	4093.4
6093.9	3655
1834.8	3441.1
842.57	2419.3
1899.2	4047.9
6548.1	3027.6
2196.5	1186.3
3869	3563.6
1131.9	3524.7
1441.6	3637.2
4580.1	4387.5
1871.8	3399.8
6548	3027.9
5270.8	1357
3337	627.41
6479.7	2688
2964.9	3636
4175.6	902.36
898.27	2697.2
1903.6	1407.6
977.03	1941.8
6246.4	3699.9
5300.7	3179.6
5647	514.94
6097.3	3036.4
4574	4230.8
877.3	2175
2148.9	3685
1782.6	3376.9
6095.1	3654.9
4193.9	662.76
6249.1	1904.8
2771	3861.4
1289.7	3383.2
1800.7	1385.8
3163.9	4406.5
5253	1277.8
2723.4	4047
3807.6	991.96
6458.1	2704.6
1741.8	3373.4
4180.3	902.79
2967.8	3873.2
3368.4	4452.7
1761.5	3443
2041.1	239.38
2220.8	3405.2
3074.7	2146.6
1900.8	3413.1
2800.8	2557.6
2509.4	3950.1
1218.6	1869.7
6586.9	2303.8
2336.1	2568.1
1691.5	3315.8
2019.6	3559.1
1502.3	753.61
2136	3646.9
6287.1	3013.4
4815.4	868.09
4055.9	3610.1
1672.7	2559.3
6319.2	2790.6
2824.1	983.83
1815.5	3355.2
2015.5	4136
3869.3	3563.8
6450	3151.5
4275.7	914.49
6111.8	869.15
1537	3726.8
1654.9	3812.4
6359.4	1980.5
2059.5	3532.7
6049.6	3041.8
1868.6	3570.8
2496.6	307.57
1727.5	3400.5
1781.9	1465.5
1605.1	3351.1
1679.1	3287.6
6204.6	1807
1749.1	3616.2
6421.4	2040.3
3971.3	301.62
6396.9	2059
6456.1	2635.4
1112.2	3528.4
975.27	1945
967.79	3254.3
2148.9	3689.7
2728.1	3499.8
5269.1	293.22
4829.9	3827.1
1633.4	3489.8
3788.4	2547.2
1846.3	3412.2
2153.6	3493.1
1082.7	3243.1
4023.1	4326.4
6513.5	2081.7
2468.8	3946.7
1353.2	1939.4
967.42	3257.8
3002.1	3661.9
6275.4	1136.5
1760.2	3409.2
2667.3	4052.2
1747.5	650.98
6418.4	2092.3
3905.4	993.67
6390.3	1911.3
1169.7	3510.6
4163.8	1064.6
997.3	1415.2
6220.6	1688.3
6285.6	1225
6405	1933
3795.6	4181.6
5488.6	3338.5
6046	1638.5
6460.5	2635.5
2444.4	4398.9
6103.5	1136.9
4482.1	2519.5
5981.3	1160.9
5735.6	2461.8
2094.9	503.83
6320.5	1874.4
6504.1	1756.7
3989.8	2529.3
5122.5	3519.3
5195.2	3933.6
5306.8	4068.9
2043.5	310.99
6424.3	2085.4
6274.6	2891.3
3982.7	2547
2407.1	4364.9
4574.3	4232.4
4273.2	706.68
1147.5	1837.4
1706.5	3724.8
4547.2	401.67
2198.9	3701.4
2910.2	2570
2587.7	277.96
1306.3	3489.6
1083.3	3242.9
1124.6	1935.5
4574.6	4234.5
2790.3	3529.9
5761.3	1431.7
6552.6	2434.1
4927.3	1087
2678	3740.3
3368.6	829.37
2338.9	3893.4
1199	3355.8
2000.3	3589.8
3059.2	4140.8
3727.4	4637.2
3250.7	4610.4
3280.3	2561.7
2043.2	1266.6
5685.6	2988.6
5741.7	1162.8
3596.3	3713.7
2759.8	3585
3308.4	3812.9
1217.6	1869.5
6441.3	1947.9
5989.2	3598.9
1598.8	3320.8
5678.1	1404.2
6511.5	2672.7
5705.9	3260.4
6418.2	1632.9
2259.6	1160.1
6369.1	2922.9
5701.1	1551.2
5884.6	3297.1
3755.5	104.73
5999.9	1397.3
3931.7	586.63
4024.9	4408.8
6040.6	1325.7
4470.5	1068.5
5412.6	3499.9
6546.8	2119.7
2669.7	1176.4
3314.6	1079.1
1518.3	3592.1
1445.4	3625.9
1162.8	1790.9
1094.2	3284.7
2871	384.83
860.21	2928.6
2539.2	3873.6
3714.5	3568.1
1952.7	3727.8
3261	3546
3707.8	991.7
3665.1	3842.2
5364.5	3503
6381.9	1817.2
2861.8	3520.1
1280.1	3672.8
2848.4	1088.8
6500.7	1759.5
1764.9	3293.1
1764.7	3294.7
6397.4	2055.5
4052.9	4553.2
1860.7	3457.9
1897.6	3620
1948.4	1379.2
4499.9	3703.1
6398	2800.1
2371.2	3595.2
1472.9	3544.8
1523.5	3477
1934.3	3605.3
3161.9	4564.7
5896.6	3100.5
2302.1	879.78
1560.9	3573.5
6473.3	2168.8
5396	748.9
5914.3	1187.1
5702	4299.2
2753.9	4529.2
941.65	2145.6
6034.7	3348.1
6249.5	1925.6
3183.9	2555.1
2442.8	3601.1
3048.8	3543.3
2594.3	3499.8
6544.5	3046
2557.3	2562.9
4970.2	4330.3
2330.5	3422.3
1180.6	3589.3
5346.7	3338.7
3961.7	3832.8
2035.4	3537.8
1221	1853.5
6510.7	1783.8
1228	2073.7
1751.1	3443.9
1346.8	3556.2
2892.2	3470.1
3155.2	668.66
2329.5	3778.1
6403.1	2047.1
3394.3	2556.2
4515.1	331.38
5661	636.08
1522.5	3593.3
3051.1	3541.8
6266.3	1848.6
6413.9	2071.2
6084.4	1035.7
6144.5	1847.2
4267.6	918
2332.5	1213.7
4043.2	3591.8
4217.1	1002.1
1828.6	3689.8
3660.8	4468.6
3965.4	2547.6
3048.3	3541.8
6396	1932.7
3188.4	2567.3
3837.6	277.51
857.46	2321.4
6455.6	1691.2
4343.3	4507.9
5990.8	710.94
1584.4	3519.8
1314.9	1431.5
4290.7	4269
2482.4	3744.1
4087.1	2545.1
4484.3	959.69
1778.9	319.66
3900.5	3574.6
6519.7	2854.7
1551.7	3573
6495	2542.1
2374.3	238.5
3508.1	3945.6
1052.5	2041.8
5873.9	3752.4
5979.7	1781
5993.2	823.31
2868.6	382.93
3998.4	2544.8
1577.3	3540.1
1345.5	1412.5
6601.5	2220
3348.8	3537.7
3330.8	3572.8
3091.6	849.31
6287.2	3013.5
2996.6	649.87
3149.1	3549.1
2951.3	22.814
5568.4	694.15
1922.8	4038.8
1434.6	3402.1
5724.3	3427.7
6508.3	2658
1501.4	3563.1
1814.4	1445.6
1859.3	3457.8
4496.4	3628.4
4292.5	4270.2
3086.1	879.55
6417.5	1632.4
2874.7	3955.1
5211	447.85
6155.8	1084.8
4595.5	989.96
1664.8	3701.9
1674.1	3363.1
914.46	2307.8
2119.1	3479.8
2997.1	2130.9
5789.7	448.02
3003.1	3887
3836.3	275.67
2415.4	2567.6
1256.8	1059.6
3981.3	4169.4
1735.9	3364.7
3419.2	3653.4
5737.8	1347.9
6307.3	3131.1
1453.8	1699.4
5115.4	3802
1444.9	3625.4
1353.9	1940.8
1459.5	3837.8
3838.6	275.69
1437.1	3519.9
1519.2	3591.9
5966.8	1329.5
4819	4587.6
6487.5	1716
6179.9	1707.2
2488.1	4111.8
4101	3786.7
6129.1	1833.3
6285.5	1826.1
1169.7	1892.7
3673.2	3949.9
5698.3	1414.3
3531.7	371.56
5999.9	3216.8
1323.8	3566.7
6382.5	1907.5
4816.4	864.82
4583.2	986.03
6088.2	1572.5
3256.7	592.18
1472.9	3544.7
4291.8	4270
6644.6	2452.6
6161.9	1718.4
1719.2	1316.6
2972.9	2318.6
6570.9	2366.6
734.71	2783.2
2273.2	2560.8
3397.7	2556
6187.4	1568.5
5638.8	3021.3
3076.1	3685.1
6357.7	1857.8
6329.4	1811.4
1018.7	2077.5
4554.3	1083
6558.1	2393
2132.4	3528.1
3856.1	4376.1
4642.7	1174
2839.7	3653.9
6341.7	2961.3
5637.6	1391.3
2647.7	2567.1
1692.6	3400.7
5724.1	1376.6
4237.8	2536.3
5595.8	1360
1815.6	421.78
6602	2221.6
2286.8	3625.1
5004.7	3797.5
1910	3666.9
6177.8	3452.8
1525.1	3555.5
6083.9	3507.3
5712.9	1231.1
2421.7	3631.2
2858	3506.9
6478.9	2130.4
6446.5	2203.2
5362.7	2474.9
6295.7	1882.4
2169.6	3671.9
2734.1	1005.4
1599.1	3543
6438.1	2648.9
2237.8	3769.9
5769.5	3012.5
1833.1	354.03
1733.2	3761.9
6650.2	2378.5
5981.6	1542.7
1257.3	3729.8
6448.1	2129.1
6491.2	1715.2
852.42	2941.2
2650.9	1027.7
1089.5	2130.9
4108	2546.2
2260.4	2566
2119.5	3479
6452.3	2988.9
3607	3555.9
1663.8	3417.8
1814	1447.6
3725.5	4637.2
2493	3683.1
6236.4	1787.8
6213.9	1852.5
1526.4	3478.7
1345.7	1431.3
3228.8	2565.9
6336.9	3079.8
5804.8	1166.2
1381.3	3428.4
4167.6	1071
3245	2560.7
1447.2	3488.5
6456	2641.2
4024.2	4406.8
1646.1	4234.9
2857.6	3736.9
2884.1	1132.9
4003.4	3578.6
1938.3	3718.4
1704.5	3483
2210	1260.3
4520.3	967.4
1191.4	1129
3152.2	1012.2
2287.8	3625.2
6529.3	2212.8
4167.1	1067.3
6562.8	2477.1
