1321.9	2967.7
1858.9	3936.6
1525.4	1117
5134.7	1065.9
2073.9	702.32
965.27	2933.5
1025.4	3193.1
1878.6	266.24
1058.1	1396
1025.4	3193.1
1300.4	1373.9
1415.6	1577.1
1300.4	1373.9
2879.2	1133.7
6573	2120.5
2695.8	929.45
6399.2	1893.8
3945.8	3733
5735.6	996.31
2950.3	663.02
6571	2127
5134.7	1065.9
6138.6	1604.7
1525.4	1117
6571	2127
1168.2	1562.5
6544.4	1873.1
1228.4	1474.1
4299.6	717.68
1574.8	796.46
6426.8	1912.5
1517	1118
1139.9	2114.7
1154.9	1568
6280	1128.7
1261.4	1466.3
1466.2	3583.4
1574.9	798.61
1517	1118
2081	761.15
1517	1118
4922.1	4472.7
6354.3	1797.1
6399.2	1893.8
6043.1	1732.7
1534.3	759.44
6280	1128.7
1061.9	3041.6
1486.4	1144
4231.2	819.8
1217	1527.1
4377	235.26
1486.4	1144
5488.2	4154
6552.5	1911
1442.7	756.5
6332.6	1934.9
6573	2120.5
2101.2	967.26
1035.7	1796.7
3141	628.86
6087.3	3159.5
1442.7	756.5
3060.4	320.86
2618.7	92.626
1364.9	1332.6
5405	850.74
1015.9	2203
6573	2120.5
1640.4	429.92
5494.7	4682.7
5453.7	1210.6
3107.5	328.85
953.62	1587.2
2449.1	798.7
2076.6	374.7
2102.3	961.71
5900.8	980.86
1028.8	1842.9
4911.8	4469.3
5073.7	1068.1
5829	1120.7
6328.7	1749.3
3141	628.86
5615.4	1044.1
5195.2	796
1476.6	3266.6
1907.3	1382.5
3151.8	635.25
5453.7	1210.6
1564.2	1584.5
1240.1	1180.5
953.62	1587.2
2749.9	1098.6
909.63	2597.1
1868.3	1402.5
1279.1	1451.2
5074.7	1315.4
2077.5	682.95
1240.1	1180.5
1166.9	1605.5
1564.2	1584.5
6043.1	1732.7
4922.1	4472.7
3149.8	616.13
4995.1	4240.2
6109.8	1207.8
4531.4	918.54
3344.2	201.15
6480.8	1659.6
2749.9	1098.6
909.19	2600.8
914.74	2624.8
5832.7	1130.5
6121.3	1393.9
1217	1527.1
6109.8	1207.8
2852.5	197.03
870.78	2798.6
1130.8	2094.1
3893.5	3686.9
5073.7	1068.1
1968.7	1193.2
2399.1	1199
1394.1	1467.8
2240.5	310.43
1748.9	964.03
6485.5	1663.9
1292.7	1435.5
1466.6	3055.7
3149.8	616.13
2366	339.31
5832.7	1130.5
6309.1	2790.1
995.8	1537.6
2881.7	3702.2
2323	1226
3863.2	1125.3
1394.1	1467.8
1486.4	1144
1466.6	3055.7
1315.7	1367.7
1104.1	1186.9
885.02	2629.7
1147.6	1417.8
1346.8	1312.5
6269.7	1439.2
6388.9	1825.6
2459.5	4047.8
901.37	2213.1
1079.9	1536.8
1006.7	2146.3
1355.4	1334.7
6436	2056.4
5857	1111.7
1147.6	1417.8
1622	1031.5
1553.9	1510.1
1868.3	1402.5
1150.8	1902.7
1006.8	2218
2190.5	1267.9
1868.3	1402.5
5832.7	1130.5
1172.9	1605.8
2237.9	658.16
2240.5	310.43
6382.2	1953.1
901.37	2213.1
2651.2	4532.9
3678.7	325.34
2379.3	3452.2
2749.9	1098.6
1542.5	1097
5412.2	1178
6387.2	2021.8
1315.7	1367.7
1606	1071.7
2741.6	452.59
2736.9	449.9
896.62	2579.6
6544.3	2376.3
2749.9	1098.6
2211.2	910.25
1542.5	1097
1467.8	619.54
5832.7	1130.5
6298.9	3564.3
1517.1	3580.5
6055.7	1099.5
1340.2	3886.2
5013.6	829.04
1355.4	1334.7
4908.3	4468.2
1827.8	589.26
2804.9	477.24
1363.8	1370.3
2323	1226
1302.9	1402.8
1580.6	1094.7
2852.5	197.03
6524.3	2056.7
1572.6	830.2
1330.7	1389.1
1467.8	619.54
3344.2	201.15
1467.8	619.54
1619.4	1093.1
2437.3	1237.7
1283.4	1448.4
1470.1	1209.9
971.45	1707.4
1283.4	1448.4
6381.3	1860.3
1576.3	1471.6
1864.6	1402.4
1141.3	1603.3
5522.4	767.69
1619.4	1093.1
2868.8	1072.4
1486.4	1144
1391.7	1283.3
1355.4	1334.7
1278.7	1434.6
6381.3	1860.3
3590.7	52.097
2148.1	708.34
2918.6	4198.5
2235.2	594.81
6483	1682.6
5722	708.75
3151.8	635.25
1394.1	1467.8
2597	501.88
6057.6	1218.3
6462.4	2044.8
6562.8	2615.4
1713.1	657.29
2660.5	1119.7
1486.4	1144
2660.5	1119.7
2117.3	338.4
6483	1682.6
1330.7	1389.1
6000.9	1249.9
2597	501.88
1622	1031.5
2190.5	1267.9
2754.9	26.142
2946	671.28
1038	1631.3
1202.7	1512.6
2242.1	695.47
2097.3	335.7
1046.2	3042.6
1016.3	2193.2
2097.3	335.7
2487.1	1166.1
6300.6	1827
1399.1	1355
1576.3	1471.6
5559.8	372.84
2148.1	708.34
5832.7	1130.5
1868.3	1402.5
5144.3	1052.1
6092.8	3098.7
3251.4	148.07
1411.4	1254.5
6309.8	3192.9
3712.8	851
1277.4	1609.1
1465	1549
1115.5	1662.8
1580.6	1094.7
1355.4	1334.7
6414.4	2137.1
6434.1	1750.4
1115.5	1662.8
6545.8	2150.4
6204.2	3348.4
1466.6	3055.7
1767.9	656.08
1784.3	1139.6
6334	2944.2
1404.3	1015.9
6520.4	1768.2
3151.8	635.25
2973	661.95
3322.1	1009.2
987.88	2171.6
972.43	2213.3
6390.3	1825
5461.6	947.39
1580.7	1097.3
4676.7	333.11
1071.6	1556
890	3160.5
909.63	2597.1
5559.8	372.84
2117.3	338.4
6405.9	1594
1161.7	2081.5
1089.3	1860.5
2148.1	708.34
5215.7	1322.3
2343.8	1060
6450.1	2001.5
4841.3	4358.4
1899.8	1385.7
5835.7	1425.2
1346.8	1312.5
3590.7	52.097
1580.6	1094.7
1402.1	661.03
1171.9	1361.3
4814.5	4211.1
1425.2	1015.2
2240.5	310.43
2810.2	461.3
5016.4	447.46
6549.6	2514.4
1941	1365.1
5294.5	4329.6
6571.4	2236
6265.2	1910
5835.7	1425.2
1661.4	757.12
1190.1	1335.4
1016.3	2193.2
3112.5	301.92
1179.5	2095.3
5906.2	1069.4
1466.6	3055.7
1150.6	2081.8
1012.3	1855.7
6376.6	1838.1
5260.7	4333.9
3044.8	871.7
6518.8	2571.5
2092.8	973.3
4024.1	4538.4
2593.8	772.44
6309.8	3192.9
6302.2	1838.7
1941	1365.1
2336.4	395.88
1065.6	2158.7
3219.6	1089.6
6260.9	1965.8
2607.4	1060.6
1486.4	1144
1068.1	1753.5
1425.2	1015.2
3398.1	764.73
1068.4	2063.8
944.93	2098.7
2148.1	708.34
3251.4	148.07
4979.5	1004.8
1065.6	2158.7
3289.5	4262.1
2804.8	65.812
1065.6	2158.7
6512.6	2593.2
1277.4	1609.1
1260.7	1692.2
1977.9	1102.1
5035.7	4213.3
1737	958.82
2343.8	1060
6397.4	1562.6
1020.3	1865.8
5097.3	111.56
5619.8	3912.1
3041.1	693.21
896.62	2579.6
1442.7	756.5
1935.5	793.88
1542.5	1097
2148.1	708.34
1355.4	1334.7
1076.9	1764.4
5826.5	1161.7
3289.5	4262.1
2983.1	512.74
1480.6	1169.2
5097.3	111.56
5845.6	1136.6
6236	1738.5
6428.5	1949.2
6249.3	1931.7
2655.7	864.67
5294.5	4329.6
2245.9	1095.7
4266.3	290.42
5522.4	767.69
5403.9	4074.5
6462.4	2044.8
2607.4	1060.6
6294.4	1519
1735.2	3475.5
1542.5	1097
1080.3	1537.3
948.57	2121.3
2343.8	1060
2245.9	1095.7
6512.6	2593.2
948.57	2121.3
2112.2	977.5
2112.2	977.5
4842.3	986.56
3464.1	181.61
1277.4	1609.1
2343.8	1060
1193.2	2055.1
6397.4	1562.6
1054.6	1909.5
2959.9	4111.2
1874.8	490.4
6376	1875.4
1480.6	1169.2
5294.5	4329.6
1117.2	1468
5627.3	1439.4
998.36	2168.4
2523.5	1085
2328.3	257.1
2592.3	973.43
1658.6	1464
1542.5	1097
5294.5	4329.6
1246.7	1131.7
6234.2	3353.1
1605.2	1434.1
5627.3	1439.4
5836.6	1142.7
2591.4	975.76
1899.8	1385.7
2112.2	977.5
1488.4	3073.1
6354	2939.2
5069.8	1150.6
1104.1	1186.9
5971.4	3619.7
1917.5	585.14
935.9	2230.1
1033.7	1986.1
2868.2	131.96
5294.5	4329.6
2489.5	816.57
5294.5	4329.6
1244	1240.4
1911.7	855.69
6522	3034.7
1161.7	2081.5
4842.3	986.56
3268.3	3706
1489.4	3067
1265.1	1880.1
2237.9	658.16
1033.7	1986.1
5294.5	4329.6
1212.6	1958.6
1658.6	1464
1445.3	1186.1
1422.9	1449.6
2229	3550.4
6421.4	1443.9
5836.6	1142.7
1940.3	1295
5294.5	4329.6
1860.5	1339.2
1737	958.82
1244	1240.4
1069.8	2088.5
1275	1466.8
6435.9	1960.9
4452	903.75
5933.1	1134.3
1041.4	2115
5336.5	825.7
893.7	2547.1
6449.1	1965
1658.3	518.98
903.47	2124.7
4410.7	1161.8
1627.7	1049.6
6555	2996.2
909.63	2597.1
5627.3	1439.4
5103.5	1167.9
5485.6	4360.5
5294.5	4329.6
2272.2	4272
1108.2	3067.3
2272.2	4272
1425.2	1253.1
1940.3	1295
935.9	2230.1
1852.5	1346.1
1277.4	1609.1
6519	2522.3
1031.7	2057.8
1054.6	1909.5
2955.6	686.02
5294.5	4329.6
2134.2	960.97
1658.6	1464
1408.4	1236.9
6387.7	1863.8
6382.7	1853.8
920.43	2242.8
1771	660.81
869.89	2560.1
1020.9	2109.8
1109.9	2073.1
1129.5	2465.2
953.32	2623
6555	2996.2
5294.5	4329.6
5997.4	3323.7
2592.3	973.43
5206	931.53
1874.8	490.4
3151.8	647.15
5283.2	3623.9
5913.3	3729
3584.1	603.46
2864.6	103.74
3953	188.73
1940.3	1295
5836.6	1142.7
1658.6	1464
1940.3	1295
1120.6	2084.2
6110.1	1386.8
1509.8	1573.1
961.03	2216.6
5336.5	825.7
1940.3	1295
1379.6	1729.8
5132.1	4227.2
1542.5	1097
6272.9	1703.9
5111.5	73.496
1133.6	1624.7
2046	730.27
869.89	2560.1
1637.7	3417.5
1874.8	490.4
6390.3	1825
6353.2	1787.2
6390.3	1825
5844.7	4021.1
6390.3	1825
6209.6	1853.2
2266.2	351.96
3952.1	926.95
1133.6	1624.7
1940.3	1295
1476	3046.5
2954.5	690.8
5914.2	1137.7
6380	1605.8
1177.9	1547.5
5914.2	1137.7
6549.5	2550.4
1130.7	1445.5
6374.2	1819.8
3584.1	603.46
4220.9	3703
972.37	2104.1
5914.2	1137.7
5417.7	1481.5
1940.3	1295
953.32	2623
1204.7	1962.9
6413.9	1924.6
5933.1	1134.3
3516.1	967.99
1202.7	1512.6
4441.9	904.17
1931.6	1302.4
4808.6	1252.1
2959.9	4111.2
5294.5	4329.6
1940.3	1295
6087.3	3159.5
4808.6	1252.1
6148.7	3269
5933.1	1134.3
1658.6	1464
6375.1	1828.8
5873.2	1349.1
6549.5	2550.4
5642.5	1540.7
903.25	1829.8
3183.1	832.31
4560.1	983.26
4217.8	635.6
3952.1	926.95
5027.1	1316.8
1041.8	1638.5
2855.2	1016.5
6305.3	1754.9
1627.7	1049.6
1104.7	2073.7
2743	72.934
910.13	2089.5
1045.5	3033.8
1422.9	1449.6
1419.8	1353
4361.2	223
2956.2	4119.3
1116.7	1467.4
6152.1	1793.4
5836.6	1142.7
896.62	2579.6
1745.3	650.19
1748.4	1408.2
970.54	2192.7
3222.2	4498.5
6579.6	2583.1
971.82	2162
1098	1515.4
944.92	2131.7
4056.4	803.49
1241.5	3768
5175	1357.9
6579.6	2583.1
3200.3	848.26
1498.7	1516.5
3699.2	918.94
6393.3	1907.6
1171.9	1361.3
3887.3	862.05
1425.2	1253.1
6506.8	1742.5
915.45	2094.3
2536.8	1087.8
6347.5	1825.1
1116.7	1467.4
1016	2145.4
1032.6	2124.9
5294.5	4329.6
1735.2	3475.5
6079.4	1709.4
6087.3	3159.5
1411.4	1254.5
1255.6	1347.2
6404	1934.8
909.63	2597.1
3699.2	918.94
1177.5	1545.6
1498.7	1516.5
1032.6	2124.9
1170.8	3779.4
6243.3	3015.4
5494.7	4682.7
1498.7	1516.5
1147.1	3287.6
6390.3	1825
6259.8	1899
2931.9	123.31
968.49	2637.4
1214.3	1956.2
1379.6	1729.8
1170.9	2048.5
970.54	2192.7
5638.7	1261.3
1171.9	1361.3
6276.7	1919.1
1101.4	2057
5487.2	4359.2
1092.8	2046.9
6560.9	2454.1
1170.9	2048.5
830.82	2332.3
5269.9	1212.4
3028.8	210.51
6406.4	1935.5
1170.9	2048.5
1183.1	1562.8
5700.3	659.81
5683.9	1409.1
1284.5	2989.2
6560.6	2398.8
6579.6	2583.1
5069.2	130.89
5824	1138.3
1735.2	3475.5
4820.9	2536.6
1116.7	1467.4
1860.5	1339.2
1098	2129.6
5251.7	3527.8
6434.7	2921.7
1970.7	1184.2
1899.3	1317.6
1009.1	2121.1
1215.4	1954
1860.5	1339.2
4808.6	1252.1
1619.7	896.85
2954.5	690.8
6406.4	1935.5
1152.5	1594.8
4663.9	45.15
5994.5	1126
5811.6	2284.6
987.16	2151.8
5933.1	1134.3
5486.2	4255
3555.9	4370.6
1645.5	3259.8
1623	1077.1
5845.6	1136.6
1936.3	4151.8
6544.3	2376.3
4193.4	337.06
4935.7	1010.3
1425.2	1253.1
1516.9	3290.1
6579.1	2365.4
6443.6	1952.6
4884.8	4406
1251.8	1469.7
1940.3	1295
6250.6	3685.9
1297.3	3328.8
6586.9	2394
2431.7	683.67
6417.8	2745.1
4996.4	1087.3
1092.8	2046.9
6353	1839.2
5738.3	1240.9
5821.5	1139.1
6260.9	1965.8
1972.7	1281.2
1695.1	1287.3
5911.4	1080.3
5476.6	1498.2
1061.1	1594.9
5715	1222.2
1891.9	1327
1146.9	2423.7
6259.8	1899
6479.6	2752.1
2235.2	594.81
5013.6	829.04
6560.6	2398.8
5285	1269
6416	1896.5
4035.5	3952.1
5638.7	1261.3
896.62	2579.6
895.74	2080
1439.4	1351.8
6508.5	2576
5868.1	3770.8
4892.1	483.97
1972.7	1281.2
1100.9	2079
6545.9	2407.2
5163	3994
1027.3	2051.2
6555	2996.2
3305.7	942.19
1562.5	1470.6
1100.5	2134.6
1544.8	682.15
4884.8	4406
1932.8	1304.2
6402.9	1934.3
6426.8	1978.3
4703.9	1206.7
951.43	2219.7
6549.3	2349.9
3237.3	33.818
4035.5	3952.1
3952.1	926.95
1624	1084.7
2961.4	3740.7
3251.4	148.07
1482.5	3278.9
4410.7	1161.8
865.22	3014.3
1375.4	3910.4
3705.6	4562
4838.3	4616.7
6540.7	2406.1
5905.4	2299.6
6373.8	2879.4
5666.7	1401.3
1042.6	2161.9
6455.8	2009.5
6309.6	1527.3
6309.6	1527.3
2873.9	471.81
1436.5	1351.9
6491.9	3235.6
1624	1084.7
6353	1839.2
4193.4	337.06
4414.7	4427.6
1338.8	1658.4
1658.6	1464
904.12	2124.3
3513	210.95
2961.4	3740.7
1605.8	3616.8
5313.4	1412
2817.1	1144.9
1007.1	2050.9
1018.1	1678.5
1112.3	3032.3
6444.9	1819
6471.3	2759.4
4836.2	4616.4
5644.3	1503
5026	4118
6478.8	2035.2
1733.2	3364.2
2190.3	196.98
1210.8	1970.3
2269.6	668.72
2958.6	695.91
1034.1	2169.2
4935.7	1010.3
5754	1248.7
6519	2066.5
4268.5	274.57
1250.5	943.14
5663	3451.2
1215.4	1954
6405.3	1882.2
904.12	2124.3
4836.2	4616.4
6321.5	1797.1
1359.6	1280.2
1759.1	3908.7
6483.6	1794.9
1636.6	1406.1
1783.2	982.7
959.7	1523.6
6523.3	2410.5
4812.4	3609.1
921.68	2595.6
1112.3	3032.3
6132.9	1795.4
1052.4	1924.2
5412.9	1265.7
2716.3	940.82
1168.8	2038.6
1419.9	926.02
4808.6	1252.1
2033	3316
1616.1	1108.9
1733.2	3364.2
6110.6	3168.3
2033	3316
1065.8	2071.8
1958.9	3417.7
4323.2	4438.8
1317.3	1779.5
6317.7	2810.2
1368.8	1413.6
972.18	2200
5336.5	825.7
1885	1179.9
1255.7	3813.4
5883.5	1065.9
5488.5	1509.7
6177.7	3465.9
6386.8	1852.3
6495.2	1953.5
1425.2	1253.1
1524.8	3378.8
5763.9	1013.8
6042.5	1763.7
6039.2	3205.6
6171.6	3474.5
1007.1	2050.9
6513.7	2013.3
1581.4	1143
1359.2	1475.5
6325.1	1876.1
6399.4	1610.8
5486.2	4255
925.1	2014
861.77	2400.2
2961.4	3740.7
5663.2	1319.9
6531.6	2007.7
861.77	2400.2
1042.6	2161.9
2397	3404.9
6478.8	2035.2
4323.2	4438.8
6478.8	2035.2
921.91	2594.8
6366.4	2879.1
5914.2	1137.7
5602.5	3998.4
4593	887.59
1201.9	3337.5
1389.9	1551.4
5666.7	1183.7
3572.6	143.41
6562.5	2436.4
6586.9	2394
5889.6	3498
1094.5	3035.3
953.6	2633.1
5099.7	1043.3
1125.1	1487.6
6124.4	3834.3
3372.1	767.19
1558.3	3317.9
6233.6	1082.9
6259	1918.1
925.1	2014
4767.7	4668.8
6042.5	1763.7
5962.1	1176.8
2266.3	3468.9
5121.8	3914.2
1125.1	1487.6
972.18	2200
5384.6	4434.2
1143.7	2420.4
4318.6	198.89
6286.8	2951.6
1004.9	2184.4
5662.8	1182.8
1469.8	1607.7
6429.7	1962.4
970.24	2204.7
6358.9	2021.4
1569.6	3230.4
1743.8	656.62
1251.8	1469.7
3832.5	176.86
1276.9	3228.3
6414.6	1765.9
6429.8	2006.4
1193.2	2055.1
4934.7	1101.1
1837.2	3473.2
1510.8	1574.7
1616.1	1108.9
6233.6	1082.9
6491.5	2105.7
3718	802.12
1273.4	1466.5
4351.1	440.71
1094.5	3035.3
2518.7	4517.7
5844.1	1163.7
2796.1	3876.1
5114	3908.1
1581.4	1143
6562.5	2436.4
5525.4	4256.6
1601.5	3136.9
5505.8	508.42
1735.2	3475.5
6171.6	3474.5
6123.3	3936.2
1544.8	682.15
6386.8	1852.3
1098	1515.4
1011	2025.6
1109.8	1737.1
6481.3	2895.2
6316.1	2794.1
1007.5	2154.9
914.42	2257.1
6348.4	2877.5
5662.8	1182.8
4658.8	377.03
881.25	2416.2
6258.3	1924.6
4805.9	995.65
2961.4	3740.7
1411.4	1254.5
1616.1	1108.9
5116.7	3908
5085.3	4323.5
1497.5	3057.2
1063.4	2170.6
1719.7	3418.8
6344.2	1800.5
4934.7	1101.1
2115.3	77.848
1443.6	4215.8
1646.6	3262.7
1276.9	3228.3
3705.6	4562
1445.2	1212.6
1056.5	1936.6
1022.4	2124.6
993.88	2814.7
1215.9	1953.5
1246.7	1131.7
1204.4	1961.8
1567.3	3269.2
1219.3	3558.5
1368.8	1413.6
5914.2	1137.7
1411.4	1254.5
1349.6	2977.5
2399.8	3406.5
1913	1376.7
6552.9	2401.7
6507.6	1673.6
1361.7	1400.4
5836	1142
4935.7	1010.3
5828.4	2267.2
6526.6	3034.5
6063.3	1254.8
1981.4	1267.5
1891.9	1327
5868.5	3770.6
6414.8	2016.3
3748.1	1069.4
4525.2	685.18
1425.6	797.14
992.35	2051.6
4495.3	3723.3
1043.7	1958.9
1056.5	1936.6
1981.4	1267.5
1063.4	2170.6
5111.5	73.496
1981.4	1267.5
1733.2	3364.2
946.46	2023.9
920.73	2247.5
6409.3	1891.5
4477.6	855.22
1020.9	1579.1
5437.9	946.13
2202.6	3954.5
1458.1	3195.7
4995.1	4240.2
1277.2	3659.5
1981.4	1267.5
1583.2	1070.6
1620.7	1485.7
1112.3	3032.3
5488.5	1509.7
946.46	2023.9
6171.6	3474.5
5116.7	3908
3908.6	577.12
3706.7	784.79
6353.1	2984.5
5769.2	3985.1
3103.3	303.12
958.43	2042.5
1204.7	1962.9
944.57	2177.5
5003.1	141.87
5971.3	1182.7
6338.6	2013
965.6	2037.7
1775	3421
1242.2	1876.2
5631.1	302.22
4338.8	897.58
6041.7	1066.4
5003.1	141.87
4841.3	4358.4
1583.2	1070.6
5713.2	688.62
2235.2	594.81
6194.6	1856.5
1125.6	3022.7
1624	1084.7
2862.1	102.58
1056.3	2108.1
5099.7	4319
4583.6	914.82
930.69	2159.6
5336.6	1018.4
1981.4	1267.5
1681	3568.2
6363.2	1596.7
2868	4116.7
2857.6	100.1
1166.2	3586.9
1251.8	1469.7
5031.8	3198.8
6388.9	1825.6
6523.3	2410.5
1755.3	1397.6
6348.4	2877.5
6395.4	1722.3
3175.6	765.14
961.82	1838.9
5771.1	717.92
6082.4	3163.1
5572.2	4031.4
1624.6	3632.4
1981.4	1267.5
5383.3	1199.7
6366.7	2091.4
958.43	2042.5
5324.8	698.46
6415.5	2751.4
1681	3568.2
935.87	1999.9
5914	3494.1
1609.9	4050.3
934.42	2249.1
4079.9	2430
1970.7	1184.2
2678.9	4479.3
5914.2	1137.7
2112.9	3441.7
1874.2	1396.9
5820.7	1114.6
4593	887.59
957.26	1858
3156.1	651.86
5631.1	302.22
1242.2	1876.2
5085.3	4323.5
5601.7	1458
6338.4	1997.7
1645.5	3259.8
1569	1025.2
3396.6	4608.9
6011.5	3675.3
926.81	2021.1
5723.9	3272.5
6453.6	1751.4
2678.9	4479.3
5027.1	1316.8
5324.8	698.46
6171.6	3474.5
6388.9	1825.6
965.27	2933.5
6354.1	2077.2
6351.3	1748.8
6552.5	2416.5
6450.4	1973.9
5836	1142
6320.9	1519.6
6324.8	1378.1
1411.4	1254.5
6243.3	3015.4
5200.4	2413.3
1569.6	3230.4
1115.5	1662.8
5866	1203.8
1874.2	1396.9
6526.8	2561.1
5412.2	1178
1276.9	3228.3
1981.4	1267.5
1419	1678.7
5137.8	3709.8
5892.7	898.21
1114.9	1509.9
1733.2	3364.2
1094.5	1206.2
5686.4	973.24
866.22	2118.3
5494.7	4682.7
6082.4	3163.1
1291.3	1092
5056.1	3209.7
5820.7	1114.6
6474.8	2092.6
6092.2	3943.4
6368.2	1841.8
1842.2	3465
5494.7	4682.7
6041.7	1066.4
5890.6	1124
5968.6	1157.1
6368.2	1841.8
6376.5	1902.4
3396.6	4608.9
1620.7	1485.7
5505.4	4270.8
1981.4	1267.5
4759.3	4137.9
1773.6	984.18
3575.5	46.921
985.99	2223.1
1646.6	3262.7
882.12	2582.3
1764.6	3701.6
1837.2	3473.2
1259.3	1204.4
1293.8	3667.3
6359.6	3051.5
5795.1	2188.2
1035.1	1474
1298.4	3668.7
6343.3	3427
2372.8	192.51
953.94	1534.5
1562.8	3262.9
6367.3	1589.4
2288.5	3878.2
5324.8	698.46
4408.5	849.71
6409	1923.8
985.99	2223.1
4593	887.59
5330.6	395.2
6555.7	2468.9
3785.3	2424.2
1052.4	1924.2
1741.3	3360.4
6090	1635.1
6307.8	1690.1
1480.7	3380.8
5395.1	1152.3
3748.1	1069.4
1032.4	2091.1
922.63	2173.9
6545.1	2233.4
1183.1	1562.8
6437.5	1815.8
1981.4	1267.5
6356	1536.4
1097.4	3208.4
6109.5	1772.8
6054.2	1294
4905.3	4056.7
3103.3	303.12
5994.5	1126
5072.5	506.86
1541.9	3407.9
2936.2	675.58
1630.9	3505.7
982.44	3272.8
2190.3	196.98
1123.8	1294.9
883.28	2571.3
1524.8	3378.8
6024.4	3086
6121	3933.6
5677.9	1195.8
5786.7	2175.3
2583.2	947.45
1100.9	2079
6492.2	2598.2
1981.4	1267.5
5931.6	1143.7
6154.7	3848.3
3217.8	4345.6
5319.5	4320.9
6383.3	1829.4
6509.6	2251.7
1537.2	3286.7
6193.8	2862.5
3103.1	651.61
3283	3720.6
2430.8	683.2
2295.7	4458.2
3840.7	576.79
1696.6	3496.3
2733.6	3627.5
1288.1	1373.8
5901.2	1103.3
5427.7	1331.4
2123.2	3439.4
1624	1084.7
1562.8	3262.9
1032.6	2124.9
1981.4	1267.5
5822.5	2207.4
2190.3	196.98
1524.8	3424.9
2779.4	2444.5
1981.4	1267.5
1204.4	1961.8
1620.3	3537.4
3108.5	376.6
1288.1	1373.8
1474.8	1149.7
3390.2	834.39
1981.4	1267.5
3460.7	4635.5
1488.6	3401.8
1033.2	2089
1981.4	1267.5
6364.8	1866.2
6538.5	2151.5
850.38	2534.4
1809.9	3513.7
2739.2	1106.2
2245.7	929.42
6032.3	3553
1636.6	3540.5
948.44	2838.5
6417.3	1938.7
1158.3	2426.1
1783.2	982.7
924.33	2727.5
3276.9	225.78
5313.4	1412
4883.1	986.46
4759.3	4137.9
5677.9	1195.8
5008.6	186.13
1581.4	1143
4961.2	3730.6
1581.4	1143
3217.8	4345.6
5443.5	4015.3
1630.9	3505.7
1480.7	3380.8
1609.9	1480
2123.2	3439.4
6509.6	2251.7
1571.6	1459.2
5663	3451.2
6270	1387.2
2343.8	1060
2235.2	594.81
2675.3	1123.6
2164.7	3495.7
5615.5	1428.4
3276.9	225.78
5027.6	4117.7
1424.4	789.49
1585.6	719.27
3800	3730.4
5224.9	941.24
4332.1	1116.9
6495.9	2858.8
6270	1387.2
1981.4	1267.5
3100.5	728.3
1649.6	913.03
6338.9	1739.5
5338.7	4126
4221.8	3662
2190.3	196.98
3748.1	1069.4
5719.9	1236
6432.7	1476.5
5662.8	1182.8
1264.6	3624
1733.2	3364.2
2496.3	4175
1088.2	2081.6
1160	1515.3
5243.2	4117.4
6469.6	2044.7
1790	988.14
2208.9	1270.6
6405.3	3062.6
2129.6	1001.1
6299.9	1820.6
6154.7	3848.3
1753	2464.3
4035.5	3952.1
5394.4	1527.5
925.1	2014
6562.7	2420.3
5965.6	4084.6
6583.5	2152.2
5631.1	302.22
2819.3	268.69
1981.4	1267.5
4035.5	3952.1
3943.2	1094
1093.1	3115
1419	1678.7
4003	3768
2103.3	3451.6
3103.8	723.62
3317.7	483.22
5708.3	973.47
925.1	2014
5671.5	1184.5
2868	4116.7
4863.8	2408.5
2381.2	3559.3
5639.4	1511.2
6473.1	1912.6
1049.2	1943.2
3460.7	4635.5
6480.9	1627.4
1728.2	460.2
1534.8	3475.9
1502.6	1375.3
4124.9	214.16
6209.1	996.87
1023.6	2925
4902.8	2416
1740.2	3250.6
1517.1	3579.9
1619.9	3441.1
5663	3451.2
3175.6	765.14
6453.3	2103
5443.5	4015.3
1034.1	2169.2
1788.6	537.57
1809.9	3513.7
6173.5	3307.7
4588.6	4223.7
1033.2	2092.9
6416.1	1900.5
1220.1	1531
1117.8	3239.9
948.44	2838.5
6546.5	3081.2
925.96	2254.2
1930.6	474.53
1496.1	3525.7
2716.1	2444.8
6493	3002.1
6394.3	1874
2760.4	3694.5
1052.3	1956.9
5239.5	1191.9
6274.1	1944.3
6092.5	1372.8
1696.6	3496.3
5017.3	239.24
4491.7	892.49
6337.4	2846.5
5725.3	949.58
5005.3	166.74
3992.2	3768.7
5738.3	1240.9
1405.6	1485
6405.3	3062.6
1264.6	3624
1117.2	1976.8
1765.8	3463.9
6243.3	1142.4
853.87	2213.5
6484.2	1944
4764.5	86.737
2366	339.31
1037.7	3392.2
883.28	2571.3
1153.1	1914.1
5669.3	1184
3137	2437.5
6591.5	2263.7
6474.8	2092.6
1837.2	3473.2
5453.3	733.74
3344.2	201.15
5018.3	840.95
2033	3316
5905.4	2299.6
6381.8	1891.3
5844	2424
1507.3	1626.3
6410.1	1966.1
6501.1	1694.9
1713.6	3502.5
5611.4	1155
3549.4	603.4
1113.8	1990.5
1210.6	1484.2
5651.3	3557.1
6178.9	3751
5802.6	3991
2036.3	3334.3
1504.1	1459.8
4995.1	4240.2
5738.3	1240.9
5469.8	4270.8
867.83	2355.7
2671.6	1131
4955	4382.5
1534.8	3475.9
6412.3	1958
1073.2	3001.2
1526.8	3387.8
4117.6	3988
3609.8	2428.1
1241.5	3768
6200.8	1579.8
1713.6	3502.5
4608	3984
924.33	2727.5
6506.7	2010.6
2691.7	3796
6496	2087.7
3463.8	159.7
1733.4	3478.9
5208.6	573.49
2700.4	1055.6
1263.9	1625.9
1038.2	2188.4
2152.2	4299.6
4883.1	986.46
1061.9	1936.8
1614.4	1002.7
5373.5	1494.2
1890.3	3347.1
3981	3654.6
6006	1005.8
6336.6	3080.3
1340.6	3274.8
1507.3	1626.3
5912.9	1404.8
5794.3	1263.6
6312.4	2782.8
6556	2504.8
1274.7	1485.8
2101.7	3340.5
6540.8	2527.7
6493	3002.1
5358.2	1221.8
1823.7	3412.6
5666.7	1183.7
1389.9	1551.4
1583.5	3497.5
1468.6	3212
6473.1	2640.5
1609.7	3148.8
1419	1678.7
6472	2112.1
1623.6	3280.2
5085.3	4323.5
2877.5	2441.9
956.81	2050.5
1507.3	1626.3
1213	3029.1
1933.8	1152.9
1643.7	1472.8
6202.4	1864.9
5611.4	1155
6410.2	1981.4
1728.7	967.72
1419	1678.7
1690.8	1226
891.45	2320.5
6388.9	1825.6
6262.7	1872.7
880.1	2029.5
3073.7	939.96
1643.7	3547.6
1219.3	3558.5
6067.8	3367.3
5632.4	3717.7
1636.6	3540.5
4091.5	590.66
3465.6	1126.3
1795.2	3389
934.54	2091.9
1743.8	656.62
1795.4	3304.3
1719.7	3418.8
1253.6	1128.8
2385.7	389.67
1063.5	3040
6330.2	3047.7
4716	2412.1
1200.7	1319.3
1655.4	2470.1
6224.7	3261.9
2203.7	3948.1
6510.4	2586.2
1939.3	685.13
854.5	2746.7
1707.5	4048.4
6086.9	2992.9
2819.3	268.69
5341.6	1193.3
1130.8	2094.1
6403.9	1861.3
4423.9	910.99
3910.8	3681.5
1032.6	2124.9
1022.4	2124.6
6496.8	1935.1
1517.1	3579.9
1981.4	1267.5
5121.8	3914.2
2272.5	2461.2
6243.3	1142.4
6343.4	1734
4046.2	835.75
6478.1	2025.4
6421.1	1896.8
4934.7	1101.1
6208.5	1629.3
6326.4	3059.5
6478.3	2644.4
929.76	1843.8
1246.7	1131.7
1722.2	345.48
1768.4	507.58
5681.3	1471.3
5619.5	3320.1
4924.3	4149.5
1526.5	761.49
1170.8	1240.6
3748.1	1069.4
5073.7	1068.1
3992.2	3768.7
1116	1453.9
2214.6	3480
6043.1	1732.7
1977.9	1102.1
1015.3	2204.5
3137	2437.5
1206.1	3263.2
1874.2	1396.9
846.48	2373.3
6308.9	2023.3
5810	2168.4
1220.1	1531
934.42	2249.1
946.46	2023.9
4142	3681
6388.9	1825.6
6474.2	2200.3
1322.2	3427.6
3465.6	1126.3
1738.4	3206.3
1125.6	3022.7
2148.1	3456.8
2472.1	810.99
1058.1	1955.2
2115.4	966.25
1080.1	1734.7
1892.7	723.9
6338.6	3029.9
1682	3391
4170.1	3629.1
3103.4	1074.6
4759.3	4137.9
3547.2	604.57
1133.1	2109.1
1771.5	3442.5
2675.3	1123.6
4870.2	4403.1
6324.8	1531.5
1312.9	1019.8
5437.5	4458.7
3322	444.05
2739.2	1106.2
5172.8	3735.2
6397.8	1917.4
6161.1	2905
6483	1943.3
5929	940.14
1809.9	3513.7
2739.2	1106.2
1073.2	1295.2
2208.9	1270.6
3137	2437.5
6546.5	3081.2
6266.5	1612.1
6557.6	1939.3
6173.5	3307.7
5725.7	779.61
1908.7	520.56
1874.2	1396.9
2148.1	3456.8
1507.3	1626.3
2208.9	1270.6
3590.1	3821.8
4454.1	278.63
5033.3	3209.1
1728.7	967.72
6313.1	2887.3
5765.5	1084.3
1795.2	3443.1
1507.3	1626.3
1023.3	2142.8
1031.9	2183
1558.1	1114
6474.4	1836.1
6496	1980.8
2739.2	1106.2
1544.8	682.15
6438.6	2081.8
3853	4260.3
1524.7	1400
6388.9	1825.6
1475.9	3202.8
1981.4	1267.5
4056.4	803.49
2133.5	232.67
2017	3408.1
1865.9	3226.3
6364.2	2003.1
6448.3	1849.1
915.73	1848.6
3890.4	4319.1
4490.8	522.9
1981.4	1267.5
3067	653.48
1728.7	967.72
1242.6	3590.9
3649.9	153.93
4738.3	1193
1981.4	1267.5
4863.8	2408.5
1507.3	1626.3
4919	4277.6
1316.3	3505.2
6246.7	1294.6
5246.2	1129.4
5696.5	1210
1049.3	2083
1676.3	3584.1
1622.4	3544.8
900.91	2300.9
1742.7	3487.4
6429.9	1875.7
1630.9	3505.7
3885	771.38
1111.4	2005.3
3549.4	603.4
863.87	2454.5
6569.5	2512.8
3629	33.911
5114	2064
891.82	2292.9
1386	3534
6495.7	3234.3
6319.1	1766.6
1888.2	1189.8
6275.7	2863.7
3862.1	396.07
1738.4	3206.3
6231	1945.6
4924.8	841.26
1678.3	3172
5173.5	3677.4
1080.1	1734.7
2739.2	1106.2
1039.4	1978.4
1502.3	3434.4
6270.7	1528.7
6563.6	2515.6
924.33	2727.5
6568	2513.8
1310.1	831.35
1466.6	3675.3
6223.5	1479.6
1590.1	960.91
5864.7	3497.8
2260.8	2464.5
5820.7	1114.6
6296.8	1970.6
6504.9	2790.2
5022.8	4348.6
3383.6	849.31
3162.4	923.01
3303.7	933.28
1742.4	3203
1254.5	1493.3
1041.7	1978.1
3294.9	326.47
1200.7	1319.3
5582.5	610.78
5145.2	3667.2
6473.6	2892.6
1851	3462
1944	1373.7
1192.3	1151.7
1622.4	3544.8
5060.7	4322.2
5324.8	698.46
1713.6	3502.5
5946.1	1118.3
5410.2	3418.1
5817	1212.8
1349.6	2977.5
5077.7	754.65
6327.5	1838.7
6246.7	3286.2
1341.2	3555.6
2097	3723.4
1939.9	3421.3
2739.2	1106.2
1636.6	3540.5
1850.7	1389.1
5681.9	1072.7
6123.4	3210.2
1631.5	3523.8
5436	276.46
3767.7	3791
6565.7	2127.8
1419	1678.7
849.19	2679.2
3322	444.05
6187	3090.5
4142	3681
5505.4	4270.8
6563.3	2171.5
6260.6	3163.6
3738.1	4258.1
3137.5	631.56
863.87	2454.5
1713.6	3502.5
1981.4	1267.5
2103.3	3451.6
1242.6	3590.9
6404.1	1856.3
1078.8	1949.7
5116.2	1007.7
4131.1	4337.8
1670.1	3524.2
5707.2	4004
4217.8	635.6
2339.5	1221.1
1730.2	3425.2
6534.4	2222.5
5816.4	2166.1
5475.5	501.18
5329.3	3385.5
4861.4	3637.2
2659.4	863.83
1957.9	3375.7
6390.4	2032.9
2129.6	1001.1
1586.2	832.01
1274.7	1485.8
1981.4	1267.5
2177.4	3470.3
2348.5	246.98
5604	3520.6
1633.3	2470.3
1642.6	3530.9
1253.6	1128.8
6174.7	2859.2
5475.5	501.18
3959.4	900.8
1719.7	3418.8
6367.9	1651.7
4946.8	993.21
1168.1	3515
6519	2066.5
4502.4	950.96
2099.5	3443.9
5000.8	1098.9
5126.8	602.73
5195.4	1416.1
1111.4	2005.3
1460.9	3649.7
3748.1	1069.4
1185.1	1397.9
2251.9	991.21
6473.1	2640.5
2739.2	1106.2
1662.4	3213.2
954.1	2210
3610.7	890.58
1467.9	3670.7
898.92	2710.8
5770.4	3855
1665.5	3335.3
1795.2	3389
4238.5	4587
3209.2	3680.4
2215.1	1196
6545.1	3080.7
6441.8	2081.3
5247.2	771.69
6151.2	3173.8
1753	2464.3
2699.7	885.21
899.16	2634
6202.4	1864.9
6054.2	1294
1349.6	2977.5
1024.6	1502
6260.6	3163.6
5695.6	1524.8
1507.3	1626.3
4111.9	427.76
1833.6	3372.4
1740.2	3250.6
5507.8	4174.6
1254.5	1493.3
5950.6	3308.9
2659.4	863.83
5640.1	1478.8
4726.4	770.3
2208.9	1270.6
1874.2	1396.9
6356.7	2089.7
1811.2	2465.3
1187.8	3498.9
5518	794.29
1502.6	1375.3
1336	3992.9
3618.3	394.19
4294	3664.3
4812.1	4216.5
1473.1	1484.5
6492.9	1985.3
1589.1	3355.5
3157.6	654.95
1870.2	3355.7
6354.1	1705.5
1198.4	3176.8
5659.4	502.06
5932.6	1160.6
6455.9	2701.8
6178.9	3751
6503	2281.7
5801.7	2230.2
1723.2	400
2190.3	196.98
6097.3	1674
2139.8	310.07
3264.9	946.14
4648.7	3847.8
1254	1119.3
1032.1	2125.9
1260.4	1495
1204.4	1961.8
4838.7	4601.1
5116.2	1007.7
6483	1943.3
6112.8	3097.7
6450.3	1937.5
2208.9	1270.6
5669.1	622.66
1487.5	3639.8
2113.6	3354.4
1567.3	3269.2
1769.4	3438.3
1728.2	460.2
2133.5	232.67
4603.9	3639.2
3748.1	1069.4
5822.6	2291
6476.8	2696.4
1109.2	3112.3
1118.1	1983
4812.1	4216.5
1568.7	3562.9
6390.4	2032.9
1204.4	1961.8
3400.5	3708.1
3400.5	3708.1
1636.4	3414.1
1944	1373.7
1874.2	1396.9
859.96	2347.6
3400.5	3708.1
1316.3	3505.2
3151.5	346.93
1643.7	3547.6
5619.3	2417
2084.3	3462.3
3682.2	2425.6
1173.4	1149.2
5433.1	818.01
6573.5	2510
2675.3	1123.6
5532.1	4055.6
5754	1248.7
1748	3515.6
1585.8	3601.8
842.47	2111.1
1074.8	1943
2853.7	97.588
5060.7	4322.2
1020.6	1453.7
2223.5	901.4
1204.7	1962.9
4172.9	2421.3
5313.8	4032.4
3209.2	3680.4
6236	1738.5
6476.8	2696.4
6524	1757.4
6570.7	2899.1
6313.1	2887.3
2713.1	2444.7
1037.9	1476.5
1402.8	706.51
1254	1119.3
2082.8	3484.7
5698	3520.7
2169.8	3476.1
2462.8	1097
5738.3	1240.9
3173.1	2435.9
6371.3	1665.2
3382.6	831.52
3043.1	1104.7
1731.7	540.85
2260.8	2464.5
1834.3	1353.8
1293	3110.7
5640.1	1478.8
1731.7	540.85
3748.1	1069.4
4981.2	444.61
6523	2082
992.58	2077.2
1029.2	2140.3
1569.8	3500
5472.6	704.76
966.22	2185
1571.4	1578.8
3748.1	1069.4
1447	1269
4870.6	972.8
1981.4	1267.5
6066.9	3054.1
3164.7	924.1
5383.7	1238.5
1810.7	3486.5
1008.5	1700.3
6455.5	2108.7
5882.3	1134.1
6305.7	3017.4
5358.2	1221.8
5633	3698.7
5618.9	3955.7
2972.2	3650
1723.2	400
1093.3	1955.7
1597.6	3340.1
1676.3	3584.1
6455.5	2108.7
845.68	2604.6
4861.4	3637.2
1237.8	3713.3
1504.1	3088.1
2084.3	3462.3
1487.5	3639.8
2201.3	3498.1
6208.8	2837
1068.5	1546.4
6486.8	3034
2056.9	3494.2
1215.4	1048.7
1769.4	3438.3
5890.3	847.14
3843.5	573.79
1447	1269
4482.3	664.22
3264.9	946.14
1509.5	2471
6384.9	1818.9
1678.2	3402.7
1207.4	2021.9
3424.7	601.7
1732.7	3394.4
3705.1	785.3
2701.6	880.78
5946.1	1118.3
2133.5	232.67
1068.7	1593
6455.9	2701.8
1052.2	2151.5
1168.1	3515
3303.7	933.28
2033	3316
5246.2	1129.4
2178.8	3487.9
6352.4	1993.1
5031.5	1314.7
6263.8	1882.6
6232	1831.9
1037.2	2034.2
2462.8	1097
6263.1	1885.7
3916.1	881.61
6513	2194.5
1753	2464.3
4661.5	39.66
1507.3	1626.3
5487.8	1490
2675.3	1123.6
5025	1110.8
5873.5	1042.3
6441.8	2081.3
4087.1	2436.7
6553.4	1776.3
3756.1	1007.8
1532	3468.6
1733.2	3364.2
5006.9	1291.7
1825.3	3351.2
6015.3	3614.5
1562.3	3601.5
2260.8	2464.5
3903.9	404.58
5151.2	1186
1992.6	3839.8
1723.2	400
1212.1	1513.7
5828.4	2267.2
5247.2	771.69
5680.9	648.76
4214.8	309.75
2190.3	196.98
992.92	3029.5
5195.4	1416.1
1704.9	1503.2
6510.4	2586.2
1683.5	3375.6
6413.3	2995
1488.6	3401.8
1732.7	3394.4
1981.4	1267.5
909.55	2689.9
6015.3	3614.5
2114.2	761.08
6582.5	2213.7
1809.9	3513.7
6288.7	1887.7
6270.7	1528.7
4466.6	3642.4
3190.5	3628.4
6489.1	1984.4
998.95	1443.9
5336.7	1428.1
5284.9	4004.2
951.43	2219.7
1147.7	3438.1
5956.7	2413.5
1495.4	1472.7
2675.3	1123.6
5267.2	1147.8
5111.7	3535.6
6479.7	2219.6
1981.4	1267.5
3294.9	326.47
5507.8	4174.6
1482.6	3649.6
5946.1	1118.3
4386	425.23
6024.4	3086
4966.2	674.79
1187.8	3498.9
1468.2	3397.5
1753	2464.3
3414.7	3917.6
5505.4	4270.8
1950.2	3412.7
855.68	2378.6
5453.7	1210.6
6521.5	1738.9
1981.4	1267.5
3748.1	1069.4
1149.5	3523.4
1482.6	3649.6
1214.7	3359.1
1825.3	3351.2
6521.5	1738.9
5581	3669.8
4378.4	3641.6
6468.7	2770
882.45	2242
1981.4	1267.5
899.16	2634
2208.9	1270.6
937.18	2039.1
4938.8	406.33
4686.3	2410.1
1876.9	457.6
5266.5	3545.6
2409.4	3524.8
1794.1	3397.4
6263.8	1882.6
1833.6	3372.4
5505.4	4270.8
2486.7	864.19
6248.9	1915.6
3501.4	1154.3
3897.3	4382.9
1981.4	1267.5
4452	903.75
2739.2	1106.2
6334	2944.2
3610.7	890.58
6443	2798
1623.6	3280.2
1981.4	1267.5
6246.7	3286.2
5992.9	1321.5
1718	3388.5
1807.3	411.97
2112.9	3353.2
6432	2118.6
2084.3	3462.3
2255.1	2445.7
1703.8	3555.1
1106.1	1976.9
2873.5	1140.9
2232.7	2454.8
1735.6	3307.6
1732.7	3394.4
1015.8	1557.4
2469.2	3600.9
5865	3501.1
5021	850.81
4623.3	1059.4
2451.7	2450.4
6074.6	3114.8
3264.9	946.14
1974.7	3395.8
1567.3	3269.2
3748.1	1069.4
6098.4	3490.7
1981.4	1267.5
6257.2	1129.9
1402.8	3565.7
1487.1	3637.8
6431.4	2100.5
6210.7	2837.9
3615	3800.2
1809.9	3513.7
2072.1	1180.7
2084.3	3462.3
1507.3	1626.3
1644.4	3344.8
1647.2	3239.2
6216.8	1827.9
5481	1344.3
6449.4	2094
1728.7	967.72
6352.4	1993.1
6447.9	2701.6
1237.8	3713.3
937.18	2039.1
910.59	3025.4
1748	3515.6
3748.1	1069.4
2161.7	265.87
4056.6	859.33
1518.2	3379.2
5526.9	2414
1637.4	3276.1
1963.6	3398.3
994.74	3022.9
1783.2	982.7
6505.8	2026.4
2181.3	3510.2
1207.4	2021.9
910.22	3026.3
3974.9	241.14
5379.4	4591.1
1567.3	3269.2
2542	3635.1
2156.7	112.37
6383.5	2043.8
3610.7	890.58
6413.8	1949.1
1307.1	3684.4
5702.1	3281.1
999.66	1431.8
5781.5	1232.4
3567.1	605.82
6319.1	1766.6
1167.8	1351
1676.5	3301.6
5246.2	1129.4
6447.9	2701.6
1254	1119.3
4764.5	86.737
5031.2	2414.4
5946.1	1118.3
5619.3	2417
5530.5	4533.2
6389.3	1987.5
5770.2	427.24
2260.8	2464.5
2850.3	3693.2
1180.9	3340.5
3925	3781.3
1015.7	1731.8
6439.5	2113
6112.8	3097.7
2258.2	2447.6
4643.4	3851.9
2409.4	3524.8
5461.6	947.39
1058.1	1955.2
1544.5	3571.4
1728.7	967.72
1642.1	3274.9
2768.2	2451.7
3658.1	809.91
1402.8	3565.7
994.74	3022.9
1041.4	2033
2409.4	3524.8
1504.1	3088.1
2284.7	668.46
6566	2470.4
2462.8	1097
6096.1	1629.8
2693	100.01
5754	1248.7
3530.3	232.31
1811.4	3474.3
5309.2	663.12
1254	1119.3
1254	1119.3
2329.3	2455.8
1950.5	1289.8
5031.8	3198.8
5673.3	1541.1
2169.8	3476.1
2139.7	3415.8
3690.9	965.03
1106.1	1976.9
4906.6	1051.1
4764.3	868.11
1719.5	3357
3829.8	889.71
6506.7	2753.5
1414.3	3361.2
6125.1	1019
1981.4	1267.5
6243.3	3159.5
2397	3404.9
5606.6	3501.6
3581.4	594.13
5077.7	754.65
3185.1	949.15
2332.8	309.04
3865.8	893.97
2208.9	1270.6
5278.5	3567.2
6555.9	2088.9
3705.1	785.3
2272.5	2461.2
1562.3	3601.5
1486.9	3637.3
1065.2	1918.8
5112.3	637.1
1741.2	945.07
6231.5	1945.7
1748	3515.6
3748.1	1069.4
2390.8	3524.7
1020.6	1453.7
3610.7	890.58
4480	894.88
5322.7	1196.5
6384.9	1818.9
3823.6	3700.1
1243.1	3591.3
1857.6	1418.4
6480.9	1627.4
1653.4	3210.2
1906.3	3327.2
6349.2	1985.5
2268.2	473.81
1567.3	3269.2
1721.3	3496.3
1507.3	1626.3
2976.3	3747.2
6311.1	2984.8
887.34	2621.8
1512.8	3550.8
1483.7	3413.4
1755.8	3485.9
1089.1	2100.5
5275.6	3422.5
2117.9	965.1
1608.2	3581.9
6478.1	2177.4
5028	825.11
5772	1039.2
2843.4	385.04
5307.3	1273.1
4456.5	860.32
3916.1	881.61
6248	1937
2914.6	2434
1670.1	3524.2
3823.6	3700.1
1609.7	3148.8
6601.3	2290.7
4263.4	2427.8
4881.3	4398.4
3830.2	3820.2
1151.3	3509.7
5754.8	3984.4
4480	894.88
1488.6	3401.8
1107.8	1964.5
5770.2	427.24
4676	58.989
1707.2	3389.4
1379.6	3562.6
1020.6	1453.7
2960.9	714.83
966.8	2180.5
6548.7	2039.7
3021.1	2439.4
4295	826.41
1811.8	567.08
1566.9	3602.3
3748.1	1069.4
6155.1	1723.9
6374	2010.8
3985.2	234.19
5343.6	1430.8
1981.4	1267.5
1913.6	1375.1
2331.3	3432.2
1985.9	168
1557.2	3480.5
3138.8	4141.8
2260.8	2464.5
3748.1	1069.4
6390.4	1917
5093.8	2407.8
5008.2	586.27
5663.2	1319.9
6364.6	3365.4
1190.1	1335.4
1427.8	727.76
1468.2	3397.5
1447	1269
1297.6	3388.3
1769.4	3438.3
2260.8	2464.5
6059.3	1716
1427.8	727.76
1877.5	3260.5
6491.4	3035
1507.4	3506.9
6500.1	2587.7
2693	100.01
3919.1	791.48
5373.6	1223.6
5029.6	4350.8
1536.8	3241.4
1132.6	3039.3
1741.2	945.07
2972.5	2432.6
1534.8	3475.9
1486.2	1244.9
6613.2	2249.1
4745.2	1198.9
1913.4	3275.2
4879.8	4182.6
5865	3501.1
3843.5	573.79
3748.1	1069.4
2693	100.01
3549.4	603.4
2468.4	3544.7
1468.2	3397.5
5134.3	3747.2
6503.9	2734.5
1544.5	3571.4
1571.4	1578.8
1567.3	3269.2
4227.2	3445.9
1297.6	3388.3
2293.3	4394.3
6125.1	1019
5612.9	1150.4
1915.1	619.01
1022.5	1530.7
3981.9	217.01
1512.8	3550.8
1567.3	3269.2
914.77	2286.6
2055.9	3434.1
4575.3	268.05
6521.5	1738.9
866.22	2118.3
5008.2	586.27
2651	2446.6
1191.6	1171.9
1167.8	1351
1695.3	3313.9
1774	3457.5
3871.3	745.31
5644.2	3907.2
4324.6	1043.3
6123.4	3210.2
1486.9	3637.3
1207.4	2021.9
3430.4	968.22
5008.2	586.27
1562.3	3601.5
1562.3	3601.5
3985.2	234.19
1829.3	3534.3
6480.9	1627.4
5714	1283.8
1115.7	3242
1074.8	1943
6055.7	1787.3
6454.1	1904
4040.6	3764.6
6427.5	1779
4420.7	941.56
3520.9	168.29
5604	3520.6
1355	3573
6390.4	1917
5021	850.81
2496	3528.2
6070.4	1544.5
3570	3790.2
1512.8	3550.8
1297.6	3388.3
6649.5	2477.4
5684.5	1311.3
1404.2	1554.8
3331.8	484.84
6585.8	2398.7
749.15	2804.8
4206.3	2427.8
3109.3	2438.1
5480.3	894.14
2160.4	107.13
2169.8	3476.1
6364.4	1863.4
6390.4	1917
1418.5	3222.8
2208.9	1270.6
6572.2	2427.8
2085	3468.9
2996.3	152.95
2477.3	1249.7
2169.8	3476.1
6276.1	3107.6
5085.8	1140.4
2115.2	2458.8
1739	3398
4917.2	1038.4
2972.5	2432.6
4619.1	995.8
1057.3	3048
6613.2	2249.1
1567.3	3269.2
3041.3	795.79
1767	3513.2
5475.9	4194.2
1568.7	3562.9
5835.8	3801.7
4287.4	3655.5
5139.9	506.57
1020.6	1453.7
6470.6	2104.6
6347.5	1825.1
4585.1	2409.7
6391.6	2033.3
1482.5	3278.9
3264.9	946.14
1643.7	3547.6
6425.2	2714.8
1677.1	3515.7
6312.4	2782.8
1025.2	2969.5
1562.3	3601.5
6651.6	2444.3
4574.9	270.63
1241.5	3768
6431.4	2100.5
5770.2	427.24
3649.3	366.11
3264.9	946.14
1020.4	2179.4
2258.2	2447.6
2041.5	2459.6
2055.9	3434.1
6344.3	3300.9
1020.6	1453.7
1811.4	3474.3
1874.2	1396.9
1254	1119.3
1567.3	3269.2
6346.5	1907.3
6293.2	1950.6
1483.7	3413.4
1628.1	1146.5
2768.2	2451.7
1147.3	1291.8
6424.6	1651.9
1443.7	3526.8
2075.3	2453.4
3389.5	2431.3
6295.1	2912.9
6447.1	2707.6
2332.8	309.04
4313.7	4487.5
4917.1	817.64
3380.1	3777.9
3948.8	4106.7
1909	3415
1658.3	3427
1874.2	1396.9
3162.4	923.01
1435.3	734.26
1630.9	1532.8
1567.3	3269.2
6540.2	2224.6
2075.3	2453.4
6575.7	2516.6
