5739	1442.6
6054.8	1696.5
6054.8	1696.5
1120.2	1866.2
6054.8	1696.5
5739	1442.6
5937	1157.2
2583.6	1993.7
2870.6	771.97
5937	1157.2
5739	1442.6
5738.9	1442.2
6000.4	1528.4
4590.1	396.37
5590.5	1349.9
5937	1157.2
6076.3	1606.1
6228	1777
5653.4	949.46
4183.4	310.93
5395.8	764.99
5712	993.25
5740.5	1021.4
3126.4	951.33
5037.7	574.01
6000.4	1528.4
6054.8	1696.5
5395.8	765.83
5516.9	847.11
2840	3844.4
6004.2	1272.8
6004.2	1272.8
5064	567.06
1753.4	1335.9
5149.3	1230.4
6369.3	1593.8
5317.8	1056.1
5164.4	631.28
6019.5	1295.8
5290.1	1195.8
1884	1490.7
2133.3	3890.9
4137.6	790.69
6297.7	3406.5
6171.1	1446.9
4786.9	920.68
5160.5	1184.3
4183.4	310.93
5164.4	631.28
3936.9	871.46
3024.2	918.03
5047.6	1007.9
6019.5	1295.8
5207.8	656.92
1660.7	1577.6
4169.2	894.32
2284.7	162.92
5391.5	765.58
5031.2	576.04
1361.4	3288.5
6199	1036.4
5753.7	1023.4
4581.8	35.759
5288.8	1110.1
1361.4	3288.5
5532.5	848.23
5849.6	3013.4
1604.3	1056.7
979.74	1913.1
5160.5	1184.3
972.62	1925.6
1737.7	1549.7
1742	1522.6
5986.7	1236
5015.9	556.48
956.68	1930.7
6352.9	1778.6
1750.5	1120.1
1575.5	1344.9
5290.1	1195.8
5753	1020.1
4680.1	734.07
5031.2	576.04
972.62	1925.6
5752.4	1017.8
6047.8	1283
984.46	1896.8
6578.6	2346.2
972.62	1925.6
6028.7	1297.5
4559.5	340.55
6004.2	1272.8
4749.6	447.86
5015.6	556.7
4773.1	471.8
956.68	1930.7
4247.4	333.63
6124.9	853.83
4724	662.19
5627.1	825.07
5085.9	798.94
1121.3	1386
1120.2	1866.2
5987.7	1522.4
5224.2	649.71
4687.9	660
5753.7	1023.4
6273.3	3051.5
4560.5	405.79
4680.1	734.07
3557.7	829.78
882.48	2561.6
5084.7	1154.3
5760.5	1488.1
6332.1	1850.8
883	2563.7
6047.8	1283
1737.7	1549.7
4724	662.19
5217.1	859.06
4858.7	708.35
1121.3	1386
6576.4	2525.3
4788	475.98
6386.3	2859.1
5757.4	1440.2
4681.2	664.47
4229.5	331.96
5207.8	656.92
958.24	1965.6
4858.7	708.35
4800.3	458.91
6029	1299.9
979.74	1913.1
979.74	1913.1
956.29	2248.5
5224.2	649.71
5280.6	1231.8
6244.8	1546.1
5226	879.97
4249.6	336.95
6352.9	1778.6
5228	863.37
6028.7	1297.5
6271.3	3645.5
1489.9	3239.2
5136.6	1228.5
5747.8	1309.8
1973.2	403.28
4529.2	346.2
979.74	1913.1
6336.4	2379.5
6400.4	1951.3
4803.2	426.2
5230	664.96
4868.8	710.86
2365.5	251.88
1470.9	940.24
4868.8	710.86
1753.4	1335.9
900.74	2605.2
6376.5	1790.1
6472.8	1704.3
5414.1	753.42
5015.6	556.7
2511.5	142.02
1052.3	1953.7
6512.9	2570
5226.4	619.33
1300.1	1458.5
1242.4	1841.8
3980.7	287.5
5148.5	1084.7
5939	1196.9
1325.9	2994.6
3099.3	850.46
6376.5	1790.1
956.29	2248.5
6489.5	2582.4
4260.2	313.93
3012.9	791.06
5230	664.96
966.08	1916.3
3099.3	850.46
5396.8	1284.1
4724	662.19
1646.2	3187.9
5834.4	1043.9
4578.7	422.46
5615.3	1351.9
5642.3	878.08
1452.6	1201.3
5053.9	527.78
1432.9	1529.8
5402.6	959.1
4443.1	931.21
4235.3	549.94
6396.6	1833.5
5833.8	1115.1
1870.4	438.4
5058.6	1099
5145.5	1085.9
1753.4	1335.9
6396.6	1833.5
1817.2	1482
3980.7	287.5
1755.5	572.4
4898.8	943.03
4575.7	376.21
4803.2	426.2
6271.3	3645.5
5377.1	747.7
4714.9	657.45
1364.3	1215.1
5135.9	1225.7
5226.4	619.33
4687.9	660
5212.5	1206.3
4574.9	3818.2
4872.4	711.81
4519.1	914.42
1808.2	1298.1
979.74	1913.1
5760.5	1488.1
3980.7	287.5
3980.7	287.5
4246.6	620.18
6029	1299.9
1120.1	1917.4
6442	1772.3
925.5	2090.8
5375.5	818.74
6014.5	1647.1
5760.5	1488.1
5981.8	1255.6
4443.1	931.21
5490.5	850.08
962	1916.6
979.74	1913.1
1753.4	1335.9
1842.3	4681.2
5760.5	1488.1
4818.6	441.12
5977.7	1214
5576.2	4300.9
966.94	1933.1
1248.9	1725
4218.6	545.15
5379	1234
5860.1	1143.7
6029.4	1300.3
5545.5	546.19
1817.2	1482
3449.8	835.38
4704.7	655
5396.8	1284.1
6075.1	1304.9
5102.6	803.34
6029	1299.9
1446.8	1526.2
1768.5	1121.5
4411.1	892.36
5981.2	1260.4
942.86	3299.1
6283.7	1618.9
4802.4	400.77
1742	1522.6
5407.3	573.79
5226	879.97
956.68	1930.7
4379.6	925.3
976.19	2091.3
956.68	1930.7
1313.7	1679
5062.8	617.12
936.64	2020.5
6343	1764.9
6343	1764.9
4575.7	376.21
3524.3	342.5
5854.6	1083.3
6478.9	1771.1
6031.7	2956.4
5853.3	1123
6369.8	1572.5
3876.8	511.1
4218.6	545.15
913.15	2428.5
5760.5	1488.1
957.48	2238.8
942	1823.9
1934	427.85
5671.6	917.6
3522	253.68
3522	253.68
6352.9	1778.6
4872.4	711.81
5131	1077.5
5149.3	1230.4
1364.3	1215.1
1364.3	1215.1
4578.7	422.46
6302.2	1807.7
893.24	2572.6
6302.2	1807.7
1304.2	2924.7
988.85	1991.7
1018.8	3103.5
900.56	1971.9
6478.9	1771.1
4519.1	914.42
1120.1	1917.4
6509.9	1825.1
6517.4	2577.4
974.33	2118.5
852.19	2609
4095.7	3660.1
4833.1	1012.4
4271.4	795.95
4260.1	867.98
5107.6	971.22
1120.3	1955.1
5135.9	1225.7
3524.3	342.5
4615.2	388.3
5226.4	619.33
2774.6	969.19
1283.5	2997.8
5229.1	1056.3
1446.8	1526.2
1018.8	3103.5
1708.7	1364.5
5494	1025.2
954.52	1767.2
4852.1	735.9
2395.8	1117.8
1137.7	1927.5
4095.7	3660.1
5849.6	3013.4
4245.6	270.54
5014.3	1127.7
900.56	1971.9
854.02	2166
1210.1	1365.1
1215.4	1764.3
5981.8	1255.6
4809.9	3550.7
3687.8	4623.5
5284.8	1234.1
5048.3	529.93
5370.3	686.84
6526.6	2219.5
3655.8	519.38
958.46	1939.8
5396.8	1284.1
6456.3	1643.5
973.99	1953.5
966.08	1916.3
1364.3	1215.1
4067.8	889.82
5171.2	1099.7
922.27	2032.5
976.79	2193.3
3687.8	4623.5
5651.9	907.92
3660.9	493.98
5638.3	3249.2
6336.7	1739.4
5224.3	611.76
6075.3	1288
5853.3	1123
5977.3	1608.2
4946.6	3780.8
4948.8	2170
5117.6	3688.1
4441.8	816.19
5918.6	1141.4
921.9	2092.5
5239.3	633.89
4235.2	274.45
5378	1097.4
4032.1	841.88
4098.6	3640.3
974.33	2118.5
6188	1499.9
932.58	2085.1
5107.6	971.22
4385.9	588.48
5981.2	1260.4
1071.5	2031.1
5973.7	1201.2
4573.3	405.31
882.29	2551.5
1541.4	1626.6
4177.2	731.2
882.29	2551.5
3669	504.96
6048.3	1317.2
1834.8	510.11
4564.9	332.21
6074.7	1302.8
5017.6	1131.4
4235.2	274.45
882.33	2591.4
3529.2	3930.8
5966.5	1229.9
6207.4	994.83
966.94	1933.1
1663.5	3199.1
908.61	2575.5
6311.1	1461.8
2703.2	382.65
5918.9	1149.1
4296	621.2
970.48	2032.5
1121.7	1908.8
5539.7	1176.1
1121.7	1908.8
6368.4	1573
6345.6	1369.6
2745.1	813.57
893.24	2572.6
5756.9	986.95
6171.1	1446.9
4833.1	1012.4
1185.3	1874.5
5713.5	976.55
5447.8	1308
6158.2	1468.6
4062.7	3682.5
950.99	2258.2
5748.8	1003.5
5239.3	633.89
4858.7	708.35
5580.7	1375.7
1929.2	1251.1
6320.9	1466.7
4184.5	783.91
5713.5	976.55
4875.1	730.84
6058.4	1505.9
4766.7	1051.4
5867.7	1508.7
6027.3	1283.3
1177	1850.8
5919.2	684.47
4568	349.88
4574	404.95
5960.1	1237
854.97	2084.1
5713.5	976.55
3146.6	948.79
3450.6	837.03
5153.8	1051.9
1111.9	1907
5960.1	1237
970.08	2122.2
1447.9	3251.6
6167.1	1120.4
5319.1	4258
5644.2	893.41
5047.2	1016.2
5477.6	1029
927.18	1907.6
5911.2	1155.3
4043	266.81
922.27	2032.5
4958.7	992.25
6500.3	2580
1907.9	394.74
1137.7	1927.5
5385.7	275.21
908.61	2575.5
5227.3	3396.4
962	1916.6
2124.5	189.27
904.21	2091.8
5171.2	1099.7
2353.4	547.3
5969.3	1247.6
5703.4	1032.2
5578.6	521.52
2830.5	370.76
5422.2	720.12
4069.6	3628.2
5999.8	1222.2
5350.2	820.57
904.21	2091.8
5891.9	1460.4
5911.3	1155.5
4043	266.81
4177.2	731.2
4712.3	420.53
6314.9	1449.4
4367.1	801.56
6371.9	1764.8
6093.3	2928.8
6004.6	1221.3
5756.9	986.95
1266.5	1180.7
2089.5	3906.8
4712.3	420.53
6576.4	2525.3
4573.3	405.31
1185.3	1874.5
2447.3	3161.1
1754	3754.1
1765.8	942.26
5846.9	1475.8
4875.1	730.84
4765.6	427.74
5874.9	3761.7
988.67	2081.6
5651.5	409.5
5870	1406.4
5713.8	979.38
2541	149
6249.8	1876
4069.6	3628.2
4691.5	684.5
6039.3	2947.1
6558.8	2621.7
4691.5	684.5
966.94	1933.1
5477.4	865.95
4765.6	427.74
6004.6	1221.3
6050.7	1219.3
4655.6	944.84
4629.3	814.76
963.93	1953.8
1393.1	1738.9
991.74	2080.2
970.08	2186.2
5325.6	819.48
4266.9	707.04
988.85	1991.7
880.76	2199.4
1007.7	2107
6244.1	1216.2
4260.1	867.98
6569.2	2377.8
3346.1	927.68
6289.6	1860.1
4653.7	938.17
3896.4	4357.6
6167.6	3685.9
5117.6	3688.1
5026.9	543.29
5638.3	3249.2
5351.9	533.95
2555.2	2053
4401.1	580.32
5651.9	907.92
4289.3	860.84
5300.1	3616.8
970.08	2186.2
6311.2	1737.6
5370.3	686.84
5026.9	543.29
5973.5	1269.6
6482.3	2412.6
4746.9	962.42
6027.3	1283.3
5638.3	3249.2
2063.5	385.39
902.09	1770.5
5980.8	1265.5
5324.2	3417.3
4538	367.04
5073.4	599.86
1034.7	1505.6
4251.4	277.68
6266.8	1618.9
4765	525.69
1804.2	925.05
4784.3	928.42
872.69	2104.3
3849.5	701.92
5543.8	828.79
896.64	3165
5663.1	1361.1
1039.2	1524.7
4472.6	440.49
6343	1764.9
956.68	1930.7
5299.7	1059.1
4976.2	606.04
4453.9	820.35
6308.2	2905.9
6160.5	1196
5068.6	3846.6
6578.9	2733.1
1438.8	1216.6
5960.1	1237
1680.4	550.03
928.08	2612.4
1991.2	3415.3
5163.6	1066.9
6404.7	1569
5114.5	1050.6
6383.7	1608.1
908.61	2575.5
5638.3	3249.2
5300.1	3616.8
5610.7	3458.8
6388.7	2834.2
5300.1	3616.8
4765	525.69
5483	3744.7
4312.7	3966.9
5870.5	1417.3
4121.4	786.61
5565.4	1346.1
5123.1	1132.5
5719.1	1355.6
1893.6	4087.1
886.88	2517.3
4978	133.19
6413	1593.9
5256.5	183.13
4938.1	1101
6586.1	2174.8
4786.7	928.99
6410.9	2700.5
4596	422.65
5038.6	1048.2
984.03	2190.4
5483	3744.7
6298.4	1457.2
4643.3	3957.5
3849.6	845.01
4763.1	3920.5
1702	1434.8
5004.5	931.63
3150.8	4206.1
1105.3	1932.8
6040.2	1069.7
4281.6	4016.3
5220.7	601.07
6081	1615
1052.7	1989.7
942.99	2213.7
5493.5	1264.5
4852.3	744.89
943.94	1968.6
966.94	1933.1
5494.1	1330.2
5756.9	986.95
5631.7	457.55
5749	1458
1221.1	1826.1
6048.7	1665.4
5844.2	3652.6
5276.8	1166.3
6583.6	2391.5
4519.3	847.18
918.16	2039.9
3945	918.37
988.85	1991.7
5004.3	177.83
6135.6	1757.8
5999.8	1222.2
5565.4	1346.1
6180.3	1508.7
942.99	2213.7
925.87	2694.2
5960.1	3585.7
1105.3	1932.8
5635.3	1115.4
5234.2	682.53
4782	487.62
1188.6	3116.4
6095.6	1709.2
867.6	2094.6
4438.9	4001.9
1113.6	2852.6
942.99	2213.7
5463.3	841.76
977.89	1506.8
4457.3	836.93
4766.5	527.99
1368.5	1759.5
934.39	2236.2
1804.2	925.05
4802	379.36
1717.5	1363.6
5422.2	720.12
3460.1	3892.6
5048.4	3363.2
5117.6	3688.1
5960.1	1237
6076.2	1331
954.14	1943.3
1755.7	1400.6
1113.6	2852.6
6324.3	1465.9
5663.1	1361.1
1608	3206.2
6510.5	2564.2
1206.2	1551.6
1276	1781.4
1064.6	2786
1202.7	1555.6
5534.1	800.41
1067.7	2010.3
1717.5	1363.6
4121.1	4216.5
1951.1	1475.9
5829.8	560.28
3616.3	4608.5
918.61	1640.6
6511.6	2526.5
6541	2554.3
1083.9	2971.4
5277.9	1152.2
5178.1	1024
5068.6	3846.6
1640.6	1525.8
943.94	1968.6
6432	1764
4865	3766.9
5638.3	3249.2
970.42	1490.6
1884.8	3472.7
6275.8	1580.2
5299.7	1059.1
5644.2	893.41
1052.7	1989.7
1958.8	473.95
5353.3	3891.1
5373.5	411.79
6192.3	1261.5
948.9	1982.3
1755.6	1400.1
5392.5	776.32
1152.6	1631.3
1019.8	2180.2
4746.5	518.88
5809	757.08
4351.1	814.69
918.71	2600.5
1021.1	2181
845.04	2262
5038.6	1048.2
3985.2	224.2
4084.7	779.82
2964.4	507.46
1025.3	2180.5
1546.5	1525.4
1441.7	1702.6
1755.7	1400.6
6555.5	2447.1
5469.2	1015.3
5073.4	599.86
847.14	2306.8
2058.9	697.63
4051.2	3662.2
6251.4	1867.5
2942.1	391.44
6029.1	1377.3
1027.8	2159.2
6089.8	2934.6
1917.6	414.48
4874.9	993.97
1147.7	1621.6
5842.3	1122.3
5178.1	1024
6294.9	1455.5
1120.1	3116.2
1027.4	2156.5
5842.3	1122.3
5638.3	3249.2
4362.2	816.53
1654	4215.1
1345.8	3006.8
5068.6	3846.6
5197.8	612.75
4051.2	3662.2
1717.5	1363.6
5306	3616.4
6340.4	1470
6393.6	2882.3
5547.5	817.06
4349.6	3852.2
5025.1	538.23
847.03	2289.1
1560.5	3134.7
5578	494.99
6193.5	3336.2
6214	1267.2
1958.8	473.95
6274.5	1381.1
6292.3	1454.6
3890.1	210.43
5372	1215.3
1141.1	1938.6
3343.4	4640.6
1560.5	3134.7
6303.1	1474.4
1126.1	3553.8
3945	918.37
1755.7	1400.6
5545.5	546.19
4766.5	527.99
1118.1	1944.8
5610.7	3458.8
3978.8	841.83
5132.9	1243.2
5019.1	992.92
2741.1	406.27
4761	907.93
1473.4	1106.6
5381.5	973.68
5306.5	1162.6
5036.9	581.62
2567.2	3547.6
1755.7	1400.6
5918.9	1149.1
1188.6	3116.4
1002.2	2078.9
5853.3	1123
6158.5	1770.1
4558	372.2
6245.9	1721.9
865.27	2085.8
4453.9	820.35
5028.3	39.946
1503.3	1511.3
1053.4	2088.5
6335.5	1805.1
6555.5	2447.1
4771.9	536.72
5635.7	4611.5
5605.7	1322.7
1125.4	2794.2
957.61	2794.4
999.28	1787.8
4928.1	603.47
1755.7	1400.6
6581	2365.8
6490.8	2296.8
5403.6	744.59
1763.9	942.5
5622.3	1337.6
6383.6	1499.9
4006.4	756.79
1560.2	1255.4
6034.3	3054.5
1083.9	2971.4
958.92	1639.4
6410.4	3024.8
6579.5	2548.8
1886	1254.1
6484	1640.7
1251.4	1830.2
1027.8	2159.2
1075.5	3104.3
5028.3	39.946
5319.1	4258
3134.5	581.4
966.94	1933.1
2864.8	903.37
1063.3	1948.5
5663	929.23
5927.2	1150.2
4697.3	642.82
1755.7	1400.6
5148.4	1022.1
5032.4	588.89
1185	3133.1
1755.7	1400.6
5306.5	1162.6
5223.6	3752.3
6158.5	1770.1
3134.5	581.4
2044.3	949.73
4176.3	773.37
4896.2	935.96
5306.5	1162.6
6383.6	1499.9
4948.8	2170
3384.5	852.9
5648.2	946.52
1383.6	1613.4
4919.8	3804.9
4401.1	580.32
1185	3133.1
3039.8	1048.4
2552.7	3542.4
4193.7	774.83
5907.8	857.5
6040.7	1276.4
5540.5	1354.3
5038.6	1048.2
3238	4202.9
5302.2	822.73
6052.7	3439.4
6037.8	1068.9
6237.2	1862.9
5305.1	1164.8
4433.8	888.84
6541.8	2331
891.82	2277.1
4737.7	495.49
5999.1	1146.9
4749	517.9
1573.6	1517.4
2830.5	370.76
4821.2	919.77
4467.2	432.3
2159.3	321.89
4928.1	603.47
5895.6	1572.7
5877.1	732.74
5332.2	3684.6
5117.6	3688.1
4693.8	672.75
4461.8	842.48
3134.5	581.4
5837.1	1057.5
5157.2	692.7
1766.8	1448
4797.9	922.13
2549	25.968
4418.8	4001.5
6399.1	1664.9
5780.7	1438.2
4762.2	415.85
4189.5	357.03
5534.1	800.41
1316.5	1254.6
4195.8	874.2
910.76	2712
891.82	2277.1
3147.2	3898.2
6255.4	1939.6
5176.7	1016.8
973.99	1953.5
1755.7	1400.6
5292.7	3615.5
5132.9	1243.2
4771.9	536.72
4522.3	834.86
2555.2	2053
6534.8	2384.9
1093.1	1782.4
6376	2893.9
6147.4	3929.7
4219.1	286.87
4760.8	412.08
4095.1	754.99
1188.6	3116.4
5738.4	981.83
4673.9	907.6
1002.2	2078.9
5386.2	276.76
4769.8	531.57
1032.7	2187.8
6058.4	1505.9
6052.7	3439.4
4349.6	3852.2
2864.8	903.37
5048.4	3363.2
2198.4	498.39
6380.2	1805.6
902.76	2566.9
4637.1	802.77
1312.4	1255.3
5934.8	895.13
6199.1	1812.9
5653.9	314.34
5043.9	1197.5
4722.5	475.65
4761.7	413.55
1397	1578.8
1681.7	1442.3
5430.1	903.65
4006.4	756.79
6343.8	1825.7
2143.3	3411.2
1058.9	3082.4
1240.8	1790.3
5407.3	573.79
1150	1548
4178.8	729.99
3715.2	881.51
6210.4	3175
1354.8	781.4
5839.9	1074.5
1272	3226.1
1613.7	3871.6
5989.4	956.04
6009.9	1314.2
1027	3160.5
5764.3	1425.3
5749	1458
5220.7	601.07
6444.9	1798.6
5372	1215.3
5764.9	1427.5
1188.6	3116.4
5993.6	1331.8
6519.6	2388.2
5487.5	3745.3
2211.8	1244.9
4849.5	714.19
1347.9	3005.5
1015.5	2180.8
1570.6	1519.5
4688.3	874.53
5538.3	1284.1
6056.1	3003.1
1755.7	1400.6
1443.8	944.82
3685.3	700.17
3804.8	360.88
4230.9	633.63
1395.1	3148.1
2767.1	4123.9
4793.4	939.59
4216.4	4583.7
3830	362.8
4520.8	832.77
6351.7	1768.7
5987.7	1522.4
6464.5	1850.3
5373.5	411.79
929.83	2588.4
4668.9	3798.9
4935.7	4120.8
6021.7	2957.5
4262.7	784.54
4923.5	1030.6
5157.2	692.7
5233.6	581.9
6534.8	2384.9
4523.3	831.39
976.79	2193.3
4688.3	874.53
6535.5	2556.3
6266	1207
4522.3	834.86
963.38	2192.7
4394.6	599.97
4241.5	275.9
5247.2	1086.4
5368.3	1193
5918	780.22
941.15	2124.4
1916.3	3636
2011.6	4497.9
1067.7	2010.3
1570.6	1519.5
6585.8	2756
6274.1	1776.2
4390.4	3982.9
1184.8	1832.7
2555.2	2053
5434.7	303.28
2687.2	371.57
1058.9	3082.4
4612.9	869.09
5738.2	3063.6
5310.3	1304.9
4464.1	4544.7
4482.1	857.7
4537.6	835.94
4523.3	831.39
4390.4	3982.9
1824	3556.4
1278.9	3398.9
1755.7	1400.6
955.69	1695.3
6540.1	2349.1
4043.5	266.35
1057	2769.8
6510.5	2564.2
5480.6	1013.6
952.79	2210.6
5403.6	744.59
5056.9	514.97
6049.2	1266.5
4826.9	905.73
2201.9	1254.4
5920.4	1595.6
5981.9	1229.2
1521.5	1308.1
6289.8	3133.6
5764.3	1425.3
3832.3	4235.9
6334.3	3520.3
5671.6	496.87
6113.9	2963.8
6286.8	1285.3
4238.7	287.71
1755.7	1400.6
6320.6	1705.6
4438.9	4001.9
1326.5	1252.5
1681.7	1442.3
1272	3226.1
6225.8	3659
4095.2	754.88
1072.8	3107.4
5447.8	3777.7
2567.2	3547.6
1570.6	1519.5
5148.4	1022.1
5529.5	4538.6
6144.2	1427.3
1942.8	1442.9
1681.7	1442.3
6126.9	1131.7
4790.5	3920.4
3076.5	55.596
6157	1430.8
4006.4	756.79
5755.7	3753.4
6345.6	1369.6
1257.6	1713.3
2008.8	1153.4
5064.5	1203.9
1405.4	3352.9
4976.2	606.04
895.82	2638
4393.8	4560.8
6235.2	1848
1562.3	1618.3
5194.1	621.18
1444.3	3104.9
6386.2	2842.5
1676.6	1451.4
6052.7	3439.4
845.26	2245.8
6427.4	2869.6
6527.6	2563.3
5380.9	1192.3
4637.1	802.77
5114.5	1101.8
4760.8	412.08
1216.6	3361.6
5978.4	1276.3
1681.7	1442.3
4745.5	519.2
4255.9	269.52
4961.4	3737.5
2491.5	3834.5
5173.4	3667.2
1194.5	1856.9
6073.1	1336
5981.6	1287.9
1976.1	3409.1
5175	1010.3
4523.3	831.39
6557.6	2428.5
5211.8	627.24
882.29	2551.5
982.29	1870.4
1628.7	1483.8
4377.4	3980
1032.7	2187.8
5487.9	1014.3
6251.4	1867.5
910.76	2712
6289.8	3133.6
826.16	2338.1
4238.7	287.71
1326.5	1252.5
6075.5	1447.7
1853.5	1189.3
6335	3011.4
5100.9	4318.6
899.23	2084.9
4330.6	881.18
6312.1	3168.5
860.2	2405.1
5467.8	866.83
5025.1	538.23
1834	523.56
1570.6	1519.5
5756.9	986.95
1203.9	1821
6283.1	3441.9
5173.4	3667.2
3880.8	4347.7
4985.7	153.33
5772.8	1005.4
5981.6	1287.9
4688.3	874.53
4564.7	330.08
4847.4	715.02
1194.5	1856.9
4813.2	540.8
4806.4	412.87
5291.5	211.9
6427.3	2869.4
6036.3	2967.2
4579.5	344.88
5242	95.137
5775.6	977.97
1128.2	2908.3
2894.8	844.71
1821.1	831.17
5093.5	3843
1750.5	1120.1
1059.7	1970.4
2979.6	831
4217.6	284.52
4672.1	3794.6
3465.7	3899.8
4654.9	771.06
5853.3	1123
4539	836.04
6260.2	1836.7
1863.8	4070.9
5068.6	3846.6
5690.1	3540
4595.7	867.93
4693.8	3936.5
4150.3	802.77
6539.5	2342.5
4692	664.6
2721.2	4107.9
5372	1215.3
4826.9	905.73
1681.7	1442.3
5225.2	1179
2011.6	4497.9
5198.6	604.5
1896.6	3334.8
3433	839.74
3840.9	85.65
1942.8	1442.9
970.11	1969.9
4046.7	3629.9
4884.8	729.8
4358.4	4578.5
1415.1	3057.1
5148.4	1022.1
1886.4	3331.5
6083	903.23
4674	884.33
1203	1847.3
4687.6	4110.3
4206.3	3870.5
6345.6	1369.6
5221.1	851.83
5567.3	3161.5
6290.1	2938.4
5764.3	1425.3
2152.9	4534.9
5710.4	1027.2
2572.8	1124.3
904.55	2249.5
5775.6	977.97
4393.8	4560.8
4961.4	3737.5
1105.6	1945.1
826.16	2338.1
1527.8	3263.8
4722.5	475.65
1064	1987.7
1681.7	1442.3
5090.9	1155.1
1428.8	1552.1
4551.4	352.73
1211.3	1655.4
5139.7	4299.5
6286.1	1643.9
5346	3643.5
5738.4	981.83
4934.5	165.83
3714.9	846.09
5032.9	1008.9
6544	2969.9
2169.7	501.44
1101.1	3120.3
6073.6	1723.4
1135.1	2893.9
2241.1	4151.2
1908	1247.3
4816.5	910.25
4217.6	284.52
4350.4	455.16
3311.2	4601.1
6215.7	1899.3
866.54	2611.4
903.36	2726.8
5749.6	1322.7
6273.3	3051.5
1142	1345.6
5733.5	3410.6
916.84	2737.2
5262.7	1094.3
4615.9	872.68
6435.9	1663.6
4779.9	913.39
5068.6	3846.6
1278.9	3398.9
4095.1	754.99
1543.8	815.64
889.8	2208.9
1830.8	1526
2105.3	358.36
4054.5	801.6
3880.8	4347.7
5842.3	1122.3
1027.6	3166.6
6257.2	1907.8
864.73	2263.3
5346	3643.5
5397.2	823.79
3709.2	515.95
4687.9	890.42
1409.2	3030.9
888.52	2124.7
4650.9	931.85
6019.5	1264.7
6324.7	2836.2
3017.2	341.89
1216.6	3361.6
1056.9	2002.4
1268.8	3225.5
1725.7	623.18
3134.5	581.4
6049.2	1266.5
1379.8	1773.6
4054.6	922.67
1142	1345.6
5303.1	52.658
1830.8	1526
6581.6	2662.4
914.29	2248.9
4211	860.39
6024	1351.5
6383.6	1499.9
4593	4168
4685.7	4486.7
5477.4	1238.5
2453.4	961.78
2370.9	855.44
3840.9	85.65
5292.8	1297.4
4672.6	903.06
826.16	2338.1
5065.6	528.15
6246.6	1391.1
826.16	2338.1
4229.7	388.69
1267.1	2949.4
5739.4	976.51
4692	664.6
1755.7	1400.6
3427.1	829.91
2512.7	925.08
4054.6	922.67
4358.4	4578.5
939.94	1827.2
1142	1345.6
4674	884.33
1834.9	525.37
2979.6	831
971.31	1971.9
3134.5	581.4
5373.5	411.79
4735.8	3907.5
6280.3	1858.8
966.94	1933.1
4382.8	144.51
956	2265.3
6015.4	1562.3
6034	3100.1
916.84	2737.2
899.23	2084.9
5734.6	1029.1
934.07	2055
4350.4	461.8
1406.7	3111.2
2166.1	3916
6482	2179.5
5232.2	1089.9
5698.2	3065.9
1194.5	1856.9
1449.7	1455.1
1834	523.56
4262.7	784.54
932.26	2071
5536.6	796.54
984.52	2209.9
4787.4	914.46
4262.7	784.54
3516.5	771.61
6021.9	1259.3
5927.2	1150.2
1724.2	2228.1
1521.5	1308.1
5832	3017.2
4539	836.04
2750.5	663.84
906.32	2209.4
954.38	1948.1
4615.2	846.58
5722.8	1036
1042.2	1325.5
6539.5	2342.5
5211.4	170.35
875.85	2637.4
5949.4	1136.7
4339.1	819.96
6036.5	3577.3
4021.5	4055.3
5465.5	866.41
5654.4	316.07
6466.3	2612
896.76	2245.4
6021.9	1259.3
2748.3	3848.1
4177.2	731.2
5019.1	992.92
1184.8	1832.7
5773	1104.1
5701.1	3531
6215.7	1899.3
3826.6	246.71
1483.3	1406.1
1457	3729.9
2643	1114.3
4790.2	3911.7
1461	1691.2
5477.4	1238.5
1877.3	369.92
6550.1	2516.4
4995.5	580.92
6273.3	3051.5
970.08	2186.2
4151.2	845.96
4735.8	3907.5
6005.9	1604.4
6383.6	1499.9
970.08	2186.2
5740.2	970.73
4581.8	35.759
5589.5	542.04
4358.4	4578.5
6592.4	2672.9
3652.9	2114.2
4684.6	886.95
5429.4	1186.8
6167.3	1402
5062.9	4333.6
875.85	2637.4
6446.4	2871.3
1185.9	1026.6
3631.4	344.2
945.74	2260.2
4567.9	4138.2
6444.3	3147.6
1134.6	3159.7
3945	918.37
6095.7	1177.9
5738.1	3479.9
6280.6	3225.7
1221.7	1444.1
5211.8	627.24
6361.9	1433.9
5075.8	539.94
4891.2	948.87
3987.4	344.24
6503.1	2398.1
1194.5	1856.9
6381.2	1500.4
1185.3	3104.2
5319.8	773.68
6550	2502.1
4808.4	980.13
4824.5	927.1
1841.8	3798.2
6357.3	1453.3
1725.9	653.67
949.99	2163.2
6482	2179.5
1570.6	1519.5
5224.6	759.01
5510.1	794.91
1104.2	2946.2
1401.9	1302.3
4901.8	1972.8
5506.6	3191.6
896.7	2188.7
4165.5	4243.5
5484.8	891
4784.9	434.94
5352.8	3590.5
2837.8	3925.8
4693.2	3934.8
4529.1	910.3
5767.6	1265.6
845.26	2245.8
3152.1	1020.5
4350.3	461.66
5226.6	286.62
902.14	2468.6
847.03	2437.1
1028.6	3111.6
6320.6	1705.6
1027	3160.5
2799.2	918
1289.3	2953.7
4418.8	4001.5
4775.5	485.83
6580.9	2786.5
6314.2	3167.4
990.29	1898.4
1765.3	886.2
5654.4	316.07
6051.2	1601.2
865.73	2084.2
5567.3	3161.5
4051	3727.7
1990.7	1433.8
5030.3	3835.3
6472	3160.2
1273.7	1820.2
4533.8	908.76
5156.1	860.56
6238.1	3138.8
1241.1	934.97
6271.6	3449.5
1063.3	3181.3
3247.7	3875.3
5312.1	564.77
4685.5	4484.1
5666.5	1018
931.35	2270.4
1687.9	1439.9
3188	399.29
1480.3	827.45
4494.6	958.86
5100.9	4315.6
6285.9	1448.6
1267.9	1473.9
1124.7	1941.4
4874.9	700.38
3987.4	229.84
4696	4455.2
1674.9	3313.1
977.52	1944.2
4422.7	4140.7
4392.9	4556.2
1370.7	1549.5
4845.7	551.76
924.36	2250.2
4571	926.15
4589.6	359.79
5995.8	1514
5964.1	1585.3
4861	696.41
4165.5	4243.5
5769.7	976.26
2783.3	460.49
5411.7	740.96
977.89	1506.8
2068.9	909.22
914.67	2191.7
5484.8	891
5972.5	849.9
4415.3	4558.1
5426.3	4427.4
3816.4	108.95
4757	817.5
4705.5	3903.7
6379.9	2877.2
6064.9	3003.1
6530.4	2147.7
4615.2	846.58
6337.8	1403.8
5837.1	1057.5
1851.6	3316.2
6437.9	2851.4
4699.7	3836.9
1747.1	1455.4
1681.7	1442.3
5964.1	1585.3
1747.1	1455.4
6169.9	1428.3
1527.3	831.51
1467.1	3089.8
6593.2	2525.8
925.84	2247.1
4782	435.04
5312.1	564.77
944.91	2260.6
4172	793.1
6437.9	2851.4
5804	3422.1
1408.3	1617.3
1361.8	3040.2
4180.6	4205.3
875.85	2637.4
1372.9	1203.3
2555.2	2053
5863.6	1086
6265.3	1532
4607.7	4132.9
1391.4	1592.2
3096.4	788.83
1883.1	3332
4176.2	4219.3
6283.1	1604.4
2802	787.97
1970.9	980.58
4151	4305.5
826.16	2338.1
3715.2	881.51
4776.6	3915.3
1460.5	1248.3
5668.3	3108.2
5407.3	573.79
3717	536.26
2169.7	501.44
6335.6	1718
1896.6	3334.8
1886.4	3331.5
906.32	2209.4
4993	3775.3
4190.6	793.78
6593.3	2398.2
3709.2	515.95
3134.5	581.4
5771.1	4237.8
6021.9	1259.3
2608.4	1902.3
4692	664.6
1066.2	1946.6
990.29	1898.4
6110.9	1122.3
2536.4	3777.9
956.82	2208.6
6573.2	2367.4
4382.8	144.51
5175	1010.3
1406.3	1158.6
1567	3100.4
1174.4	3302.9
6259.1	1868.1
6306.4	3109.5
6548.3	2375.4
918.16	2039.9
4875.8	2164.5
1521.5	1308.1
6446.4	2871.3
4579.5	344.88
5480.2	3769.9
5265.8	1134.3
6493.3	1678.7
4283.8	3691.7
6411.8	1711
1396.8	3041.1
3988.1	798.09
6549.8	2462.6
6117.3	1205.6
5865.3	3054.6
866.54	2611.4
4785.5	4171.6
6190.4	1005.4
6349.8	3257.2
5949.4	1136.7
2892.6	3608.1
1055.7	3173.4
5434.5	3633.9
986.7	2206.7
6512.6	2140.9
6027.4	3568.6
2169.7	501.44
930.99	2272.4
2721.7	689.13
5918.5	4300.2
4847.2	593.83
6540.2	2370.6
3869.2	345.22
1278.5	1142
6271.6	3449.5
6192.3	1261.5
2799.2	944.78
4151	4305.5
6215.7	1899.3
6266	1207
5716.6	1043.2
1194.5	1856.9
4402	440.52
6073.1	1336
3945	918.37
5821.1	3704.8
1856.3	3350.6
4673.7	868.21
2127.5	1095.1
4283.2	923.74
1038.5	2938.1
1134.6	3159.7
6466.2	2854.1
1040.3	1794.1
5959.8	1249.1
6372.4	1494.5
4674	884.33
1118.5	1937.1
1821.1	831.17
908.83	2265.4
863.15	2697.7
1838.1	473.35
4105.2	805.28
869.26	2246
986.14	2168.1
4579.5	344.88
6339	1253.6
6406.8	1709.4
1023.5	2014.7
6446.4	2871.3
879.54	2097
906.93	2119.5
939.8	2908
1624.5	2242.8
6108.6	904.85
6434.2	2856.4
1285.6	2919.9
4531.3	170.01
4010.2	829.59
4264.7	270.72
5012.3	3867.2
6362.5	2770.3
2030.4	959.08
905	1984.2
4796.5	534.67
3949.3	839.68
5149.3	1230.4
1065.4	1511
6349.2	1485.8
3631.4	344.2
5044.2	1019
4602.2	430.69
4872	598.99
909.48	2221
1242.5	2893.2
6512.6	2140.9
6256.5	1284.8
6108.6	904.85
3922.6	775.57
1856.5	3347.2
4535.3	853.46
905.92	1985.7
5132.7	1256.2
940.68	1845.1
4799.8	392.9
4956.7	600.97
5477.4	1238.5
826.09	2240.1
5545.1	794.21
4744.3	929.76
5995.8	1514
5477.4	1238.5
4961	4058.6
5876.9	1218.3
1023.5	2014.7
1877.3	369.92
964.07	2178.9
997.96	2202.2
4518.4	831.33
4418.8	4001.5
6323.9	2344.9
4884.8	729.8
3159.7	577.66
1480.3	827.45
5337.9	3426.5
2169.7	501.44
6434.2	2856.4
6476.5	2013.3
4369.6	3902
4925.8	999.27
5007.7	995.65
4601.8	866.7
1747.1	1455.4
6581	2365.8
4350.4	461.8
5668.7	1301.1
1428.8	1552.1
1023.5	2014.7
1860.9	440.18
1721.2	1312.8
3634.7	787.91
855.36	2581
990.67	2194
5490.9	1249.2
6372.4	1494.5
2582.9	116.26
5047.3	1086.1
1311.8	2989.8
6534.1	1876.6
4294.7	879.35
5509.2	1251.8
6051.1	1261.9
6316.4	2876.9
2887.3	4148.6
1154.8	2849.7
1104.2	2946.2
5225.2	1179
4339.1	819.96
4961	4058.6
1153.8	3151.1
854.68	2576.6
1797	1529.5
4283.2	923.74
1369.7	3078.4
5162.1	1059.2
1877.3	369.92
5806.1	1576.6
4954.6	2164.3
6399.3	1394.5
1965.6	1412.4
1241.1	934.97
6546.1	2392.3
1350	3133.4
1747.1	1455.4
4432.8	440.76
5148.4	1022.1
826.16	2338.1
981.89	2957.3
3826.6	246.71
5520.3	893.07
6039.7	1492.4
5536.3	4003.2
6188.3	1286.2
4294.7	879.35
1258.9	3417.7
1990.1	374.67
1747.1	1455.4
5040.9	889.39
5385.7	275.21
4153.6	339.65
6257.1	3042.9
2275.6	3264.3
4391.9	4002.3
3708.4	85.913
6284.2	1091.4
5381.8	3618.8
5525	3184.3
5237.7	760.75
6399.8	1396.1
897.59	1706
6075.2	913.36
1521.5	1308.1
1496.6	1508.3
6557.4	2411.1
6430.1	2105.9
5477.4	1238.5
5749.6	1322.7
4414.2	4559.7
5876.9	1218.3
6087	1743.5
4401.1	566.07
1134.6	3159.7
6399.3	1394.5
6392.7	1692.7
6547.6	2407.8
3224.1	782.25
5833.4	1141.8
5477.4	1238.5
1765.3	886.2
4693.2	3934.8
4684.9	3831.3
2245.5	4127.9
5338.8	4522.9
1026.6	1525.5
5017.6	3516.8
3539.8	3730.1
1449.2	3218.2
3325.7	623.77
6087.5	1736.7
4860.6	694.39
4044.2	911.05
5303.1	52.658
6399.3	1394.5
2601.8	100.91
4689.1	895.58
4785.5	4171.6
6386.8	3428.7
6048.9	2962.3
6276.2	3257.7
1654.5	1186.3
1185.3	3104.2
6000.9	1337.3
909.48	2221
1893.6	4087.1
5436.3	1290.6
6341.5	2787.3
6434.8	2680.7
5786.8	1109.5
5025.2	563.35
5491.6	1005.6
4176.2	4219.3
870.37	2519.8
5126	1037.1
1624.5	2242.8
4689.1	895.58
5154.5	1031.9
1379.5	1575
2262.4	152.53
4737.6	4181.7
5597.1	1303.3
868.36	1930.6
5690	1026.7
1105.6	1945.1
2291.1	165.98
6036.3	2967.2
4634.3	3956.9
864.73	2263.3
5971.7	846.22
3595.2	200.49
5345.9	3653
6505.1	2593.8
1110.7	2937.9
5035.1	1198.3
6427.5	2673.3
6335.6	1718
5949.4	1136.7
6362.5	2770.3
6108.6	904.85
1248.7	1753.3
3283	774.94
1025.4	2361.4
4494.2	945.35
5477.4	1238.5
5219.7	615.96
4838.1	975.86
1747.1	1455.4
5529.1	935.62
883	2563.7
6312.1	3168.5
4790.2	3911.7
6568.3	2011.8
4731	522.68
4438.3	833.1
977.89	1506.8
2582.9	116.26
4687.6	4110.3
5477.4	1238.5
5051.3	135.45
5895.5	3611.9
4409.1	923.65
6048.9	2962.3
4537	858.83
1301.8	1524.8
6382.7	2725.9
4467.2	432.3
1405.4	3352.9
6483	1517.2
5509.2	1251.8
5701.8	1059.8
5015.8	214.07
3195.8	3648.1
2890.8	856.08
3709.2	515.95
1285.6	2919.9
6582.5	2583.4
3866	498.77
6283.1	3441.9
1929.7	4031.5
4968.4	4092.9
1174.4	2981.6
1878.1	764.52
6222.6	3339.4
1702.9	591.19
4774.9	495.26
938.77	2645.5
3117.5	568.29
1449.2	3218.2
3037.4	4152.9
5523.8	937.15
5265.8	1134.3
5553.2	1278.4
1280.4	3444.9
1213.9	1873.8
5926.3	3100.5
5536.3	4003.2
6384.5	1801.9
5228.7	1113.9
1328.5	955.68
5529.1	935.62
4702.3	4479.5
6108.6	904.85
5863.6	1086
5248.5	765.47
6367.1	3132.5
4493.3	79.989
5709.5	4550.8
6136.4	1670
1208.7	1466.4
1209	1561.2
6319.1	2302.2
2413.9	795.48
902.09	1770.5
3336	312.51
6316.4	2876.9
4417.8	4555.2
4684.9	3831.3
6256.5	1284.8
5237.2	871.03
4847.2	593.83
4935.7	4120.8
4757	817.5
2299	1040.3
1518.6	1314.9
5539.7	1176.1
4726.5	499.52
4429	3995.7
2432.1	4388.1
4870.1	599.31
5087	1026.1
851.35	2266.2
1194	3096.7
4844.8	3566.7
5597.8	3118.4
5636.3	1328.5
5237.7	760.75
6048.9	2962.3
4723.3	499.49
934.41	2279.3
6475.5	2874.9
6505.1	2593.8
1208.7	1466.4
6021.9	1259.3
5548	271.8
4661.8	888.2
2228.7	4161.6
1158.1	2830.1
2916.9	3611.8
6473.1	3031.5
914.67	2191.7
2098.7	365.31
1106.1	1679.7
4262.7	784.54
901.89	2201.1
905.58	1674.7
856.13	2069.8
5339.8	4544.1
5597.8	3118.4
2026	1154.1
5523.8	937.15
1986.6	375.28
4335.3	821.45
6373.9	1432.7
5989.8	1313
5075.8	539.94
6012.4	964.02
6505.1	2593.8
6453.8	1726.7
5675.1	3094.8
5162.6	979.96
1747.1	1455.4
2034.5	3938.4
5701.1	3531
2145.2	170.04
1101.6	3147.6
6339.5	1443.8
1405.4	3352.9
6558.1	2514.2
4668.5	885.91
4889.6	4417.2
2169.7	501.44
1140.6	1530.1
6311.8	2867.1
2245.5	4127.9
5865.8	1012.4
6061.9	3184.1
6117.3	1205.6
6476	1961
981.01	1950.7
4803.7	389.56
6348.4	1285.3
5526.9	336.54
4630.6	3646
2799.2	918
6178.4	1526.9
1337.3	1502.9
4407.8	911.1
5801.4	1240.4
967.18	2247.9
1280.4	3444.9
990.05	2067.5
5668.3	3108.2
5295.1	204.73
2362.9	1015.8
1449.7	1455.1
6384.6	1484.3
6384.9	3158.6
5380.7	3638.3
4938.6	4063.9
4292.5	3685
3544.6	3910.4
6434.8	2680.7
967.18	2247.9
6488	1995.3
1853.3	3319.7
6267.4	1845.9
6475.5	2874.9
1913.6	345.15
2572.8	1124.3
5961	1251.5
5427.6	744.54
5148.4	1022.1
891.75	2205.8
4083.7	4334.1
5339.8	4544.1
5338.8	4522.9
5219.7	615.96
6395.5	1703.9
4443.6	3621.2
5896.4	1141.5
1285.6	2919.9
4938.6	4063.9
1302.7	1293.7
6395.5	1703.9
1992.8	374.45
4501	446.66
1484.7	3111.5
4687.6	4110.3
5028.8	60.87
4287.2	4231
5792.7	1339.3
865.97	2177.7
5630.8	3728.7
6280.3	1858.8
1062.6	2894
4797.4	919.12
901.67	1987.9
5101.2	116.06
5266.9	608.26
1104.1	1772.1
6340.4	1462.1
6191.3	1679.3
3896.7	4424.7
1600.6	1479.9
5081.3	1062.4
5474	1019.6
1025.3	2897
4536.9	4256.5
4550.5	4239
990.29	1898.4
4729.1	4118.1
1111.7	1900.4
6061.9	3184.1
5271	54.602
2285.4	1915.7
6311.8	2867.1
6064.2	3029.8
987.8	2946.9
5418.8	499.79
5078.6	3839.4
1899.4	1465
4774.9	495.26
6058.1	1718.4
5040.4	540.51
4250.2	555.16
1747.1	1455.4
3756.4	4232.7
2074.6	1118.4
4056.3	886.14
5894.3	1490
3414.8	778.35
934.41	2279.3
4724.9	663.9
6287.4	2907.3
939.1	2139.4
6571.8	2111.5
901.89	2201.1
3960.3	309.33
3859.1	4631.4
6578.4	2462
2565.5	1030.9
5823.7	3448.1
5040.4	540.51
5392.1	1112.2
3747.7	26.583
1104.7	1956.4
6061.9	3184.1
6390.7	3395.5
6579.2	2580.7
3859.6	186.54
4479.8	956.98
958.25	1942.4
4893.7	4411.4
5992.8	3520
3614.9	228.77
1597.3	1337.4
1449.7	1455.1
2276	3716.4
3938.4	3671.4
5541.4	928.04
4000.4	3724.1
6515.7	2900.1
6148.9	1196.9
845.76	2218.9
4402	440.52
3427.1	829.91
4672.6	903.06
2703.1	1100.9
6557.4	2411.1
4729.7	3623.9
4689.7	891.87
3859.1	4631.4
4764.1	949.81
2686.8	2143.8
1856.3	3350.6
977.89	1506.8
5007.2	1027.2
2438.3	3199.5
902.06	1979.8
5380.7	3638.3
3188	399.29
5396.1	947.27
5896.4	1141.5
6180	3033
1177.2	3123.2
5470.9	400.27
5792.7	1339.3
6544.6	2424.6
5414.3	956.35
3991.1	779.57
4685.4	3832.8
5844.4	1516
1881.5	3331.9
5727.5	3483.6
1747.1	1455.4
4606	4156.9
3606.5	3662.8
4389.7	149.51
6108.6	904.85
6583.2	2464.6
4772.2	895.08
6036.3	2967.2
1107.1	2824.3
5578.8	949.03
6261	3051.9
5545.1	794.21
6581	2365.8
1349.4	932.25
4177.2	3864
5578.8	949.03
6351.8	1565
5219	310.86
3747.7	26.583
1337.3	1502.9
4406.1	137.93
5978.9	1568.3
1913.6	345.15
6115.1	3707.8
1405.6	1215.7
5827	3419
6556.1	2392.4
5615.9	1231.8
4269.3	3676.6
6438.5	1643.6
5635.3	1115.4
5749.4	1470.7
6331.2	1247.3
6353.9	2768
891.92	2653.5
1393.2	1160.7
4945.2	3591.1
907.81	1964.1
4775.9	704.91
1812.3	1090.5
3339.9	761.33
5843.2	612.83
3974.3	4198.3
4275.6	400.47
6108.6	904.85
4040.9	904.98
5806.8	1577.8
5844.4	1516
6594.3	2402.4
3040.2	4487.5
891.92	2653.5
4945.2	3591.1
6557.6	2393.1
1392.6	911.42
2754.6	1086.9
4356.8	2133.4
939.16	2599
1177.2	3123.2
5086.6	3549.4
4741.4	913.65
5309.7	776.35
4598.2	801.83
3081.7	813.08
5312.1	564.77
6424.2	2956.5
4533.8	908.76
2837.8	3925.8
1268.1	3428.7
3329.6	4528.4
4154.4	3697.2
4501	446.66
5407.3	573.79
4665.1	3636.9
4005.5	838.44
3188.6	572.77
4432.8	440.76
5325.6	776.34
1478	1684.5
6033.7	1527.3
6083.4	3052.1
3881.2	3670.9
6556.1	2392.4
5825.2	3419.1
864.02	2707.4
1218.7	1429
4565.8	424.21
6344.3	1398.8
4687.6	4110.3
3040.2	4487.5
4893.7	4411.4
5518.4	1294.9
1046.7	1545.5
1092.6	1826.4
5381.8	3618.8
4264.7	270.72
4896.1	992.88
4938.6	4063.9
3467.8	4043.9
5086.6	3549.4
5236.4	591.24
1197.8	1595.3
4990.7	3776.2
3224.1	782.25
5721	1081.4
5288.2	1207.1
6567.9	2509.4
4296.2	880.21
4725.8	651.46
911.49	1961.5
4717.5	4101.6
887.41	2657.9
1246.7	1851
5744.5	1085.8
5696.1	3385.8
4938.6	4063.9
4826.1	4052.9
3794	241.91
5474	1019.6
4928.1	3584.7
5181.8	3696
4270.8	936.26
6087.5	1633.1
4464	4544.6
6129.3	1714.4
3040.2	4487.5
6108.6	904.85
5675.1	3094.8
3283	774.94
6377.4	3081.1
3188.4	388.62
5806.8	1577.8
1393.1	1586.4
5148.4	1022.1
5228.7	1113.9
1757.2	1197.9
5023.3	564.03
5802.7	4431.5
1654.5	1186.3
4954.6	2164.3
6213.3	1894.9
6466.2	2854.1
3896.7	4424.7
3658.8	527.12
4331.1	2132
5430.1	4435.8
3892.8	3714.6
965.41	2235.3
1931.8	405.55
1092.6	1826.4
926.44	2180.3
6236.3	1814.6
1183.2	1470.5
6087	1743.5
5041.4	543.36
4945.2	3591.1
905.91	2162.2
4945.2	3591.1
911.49	1961.5
5843.1	1043.3
987.8	2946.9
6088.7	3200.9
4726.6	3926.3
852.28	2719.6
5319.8	773.68
4382.5	4570.9
5824.7	591.47
967.18	2247.9
2300.7	814.51
882.68	2163.5
4270.8	936.26
5518.9	299.83
4731	522.68
1924.8	3388.9
5025.2	563.35
1480.1	831.16
6384.5	1801.9
5520.6	304.94
6355.1	3246.1
912.59	1961.3
3979.4	780.64
5906.3	1466.8
1290.7	3456.2
4513.7	943.38
6058.1	1718.4
5381.8	3618.8
5392	3616.1
1194.6	3332.2
5641.2	926.1
1101.1	3120.3
3555.7	767.95
874.01	2148.9
905.91	2162.2
5586.8	663.48
970.08	2122.2
977.52	1944.2
6373.9	1432.7
6145.3	3658
5401.6	736.74
1028.6	3111.6
4803.7	389.56
4948.3	3598
890.92	2655.3
1242	2890
958.25	1942.4
4499.9	59.875
4847.5	3617.6
5556.5	1151.3
4383.1	457.99
1047.6	1688.1
4826.1	4052.9
878.93	1982.3
5181.5	702.28
5895.3	1200.3
5381.8	3618.8
977.52	1944.2
2382.5	3132.3
5868.1	3042.1
3942.1	3615.1
903.63	2717.7
4202.8	3854.6
5358	4557.8
6010.3	1671.6
4507.7	3666
4764.8	1031.5
5242.8	619.06
4790.2	3911.7
1683.3	1315.1
5814.8	3480.3
4373.1	747.27
5505.4	3600.5
1177.2	3123.2
4753.7	4166.5
6344.2	1575.8
4269.3	3676.6
4987.4	930.94
4687	679.93
983.26	2191
4764.7	561.68
5420.1	3643.2
4540.7	282.16
3188	399.29
6392.4	3479.5
5157.2	692.7
4373.1	747.27
6340.1	1380.6
865.41	2686.3
4513.7	943.38
5084	1055.2
5303.1	52.658
6490.6	1834.2
4145.9	727.6
4719.2	787.8
5265.4	1137.4
6414.6	1430.3
5434.5	3633.9
5081.2	4326
2604.8	3556.9
1462.6	3238.5
4654.9	771.06
4323.3	817.51
6335.6	1718
1134.6	3159.7
5130.9	4296.1
6096.7	1737
878.93	1982.3
3363.6	846.24
881.15	2244.6
5794.2	448.01
4945.2	3591.1
5077.5	3835.9
5159.6	669.7
6257.3	1569.5
4270.8	936.26
1336.5	3044.2
3112.9	4500
4799.1	3559
5549.9	799.22
4275.6	400.47
4785	501.58
6422.6	3374.7
4945.2	3591.1
6489.3	2279.1
5196.3	645.75
1345.4	3276.8
2746.1	1095.5
3590.5	3732
4639.1	3631.4
6339.3	2402
3658.8	527.12
4812.4	701.62
6426.6	3141.3
5393.7	3218.3
3707.9	867.28
4687.6	4110.3
2721.7	689.13
1295.4	3168.1
5280.7	3605.9
5336.7	4563.7
6443.4	2925.5
6340.4	1730.9
4764.1	949.81
6349.8	3257.2
5641.2	926.1
4928.1	3584.7
6365.9	2772.9
1154.8	2966.1
6479.3	1977.9
5036.3	126.55
5323.1	771.97
3963	810.37
4312.5	3695.8
1171.4	3037
4264.7	861.74
4904.5	932.58
1455.9	792.66
4352.4	3834.1
4556.2	908.37
4945.2	3591.1
1913.6	345.15
1139.3	1855.6
860.08	2358.6
5084.5	3680.4
4729.1	4118.1
5929.5	3611
2699.3	3575.6
6349.5	3405.2
3942.1	3615.1
4659.9	3618.8
5334.5	4570.8
6019.3	1312.2
1637.8	605.65
882.68	2163.5
5881.1	1170.5
3575.4	4569.5
1750.9	1517.2
4270.8	936.26
894.29	1995.2
4537	858.83
4884.9	570.3
4148.6	872.72
1921.1	864.95
6083.8	3187
4938.6	4063.9
4473.2	3680.8
4302.7	4212.6
4744.3	929.76
1362.4	1557.1
2703.1	1100.9
1113.8	2883.9
1405	3067.5
5902.4	3837.8
5989	1580.8
5125.1	314.94
6050.6	3029.3
6593.1	2663.8
4630.6	3646
3188.9	3907.2
1406.6	1216.1
4079.5	2122.4
1744.8	484.74
4945.2	3591.1
5966.7	1294
4010.2	829.59
6362.5	2770.3
906.91	2702.5
3803.3	765.01
6351.7	1768.7
5429.1	742.81
5505.4	896.13
4641.1	938.27
6037.8	1068.9
6108.6	904.85
4398.2	890.3
1241.2	3216.6
3297.7	3666.5
1583.3	1350.6
5159.6	669.7
2353.3	210.35
1307	1257.1
6550	3009.2
4687.6	4110.3
4378.9	829.15
5838.8	3150.8
885.84	2276.6
1196.6	1543.6
5806.8	1577.8
3229.9	56.349
4513.7	943.38
5266.5	3485.8
1333.9	1512.4
3928.9	903.21
2201.9	1254.4
1241.2	3216.6
4460.3	3999.9
1921.1	864.95
852.28	2719.6
1058.1	2934.9
4010.2	829.59
3224.7	4337.7
1288.6	3227.8
1483.8	798.96
4382.8	144.51
6349.5	3405.2
3495.8	4205.5
3414.8	778.35
5336.7	4563.7
4356.8	2133.4
1798.9	889.65
4654.9	771.06
4945.2	3591.1
1209	1561.2
3380.2	2116.4
1913.6	345.15
6572	2845.2
6064.2	3029.8
4279.7	399.52
1067.7	1893.7
5198.7	870.92
3911.7	767.24
4451.7	817.24
5334.5	4570.8
4324.4	445.4
6108.6	904.85
4362.6	463.85
6089	1002.9
6423.9	2866.5
3406.4	835.35
6570.7	2516.4
6137.1	1448.6
4584.5	3633.3
4974.2	912.8
5050.9	884.24
5392	3616.1
2710.2	2137.1
5586.8	663.48
4199.3	3852
2710.2	1099.3
1196.6	1543.6
6583.2	2464.6
4945.2	3591.1
2121.1	341.49
4728.1	4118
1214.7	1460.1
853.75	1986.5
869	2664.7
6351.7	1768.7
939.16	2051.4
3240.4	306.83
4945.2	3591.1
4992	995.85
881.15	2244.6
918.61	1640.6
799.44	2077.8
3671.3	523.91
891.25	2706.1
2937.9	1057.4
4665.2	893.59
6087.5	1633.1
4332.4	814.9
5336.7	4563.7
5778.7	1340.5
893.57	1882.4
2301.7	1213.9
5260.2	3946.5
6260.2	1836.7
6236.3	1814.6
4951.8	234.24
1226.1	1831.4
5556.5	1151.3
913.78	2768.5
1654.5	1186.3
6191.3	1679.3
4501.7	3646.9
4352.4	3834.1
1734.9	479.07
6494.9	1694.1
5683.9	1276.3
6335.6	1718
5227.2	763.74
3424.1	2117.2
878.57	2235.8
4432.8	440.76
4174.3	3648.9
5806.8	1577.8
6075.2	913.36
5334.5	4570.8
4945.2	3591.1
918.61	1640.6
4154.4	3697.2
4476.6	963.81
913.78	2768.5
4958.9	4193.2
3193.5	431.74
6188.4	1392
5429.4	1186.8
1175	1708.8
1744.8	484.74
4473.2	3680.8
2313.8	1815.4
5084.5	3680.4
1462.6	3238.5
4005.5	3732.8
5506.5	1167.1
5385.1	1195
3817.9	908.45
1393.7	1233.2
6662.4	2386.7
4890.4	4417.3
6440.1	2141.2
5285.2	3991.5
5336.7	4563.7
1496.8	4051.6
2943	940.04
6083.4	3052.1
4320.2	427.43
4331.1	2132
1858.1	2209
5057.8	874.01
4278.3	934.78
3590.8	4421.2
4945.2	3591.1
6114.2	1699.7
5157.6	980.92
888.27	2231.8
5077.5	3835.9
4764.8	1031.5
1348.6	3298.2
6177.8	2999.3
4402.7	4562.1
5578.7	953.26
5334.5	4570.8
5021.4	1025.9
881.5	2248.6
6421.6	2072.2
3444.5	4070.7
4501	446.66
5991.5	3287.4
1297.1	3018.8
1681.9	1558.3
4717.5	4101.6
4764.8	1031.5
4945.2	3591.1
1551.7	1063.8
5983.8	861.08
5994.1	3286.3
5947.4	3771.4
904.9	2614.7
5947.4	3771.4
948.19	2155.8
4864.5	3603.7
6358.4	1835.7
5064.2	1053.1
6274.3	3038
5334.5	4570.8
960.99	2031.7
3319.1	555.98
5334.5	4570.8
1891	409.61
4553.1	969.56
4890.4	4417.3
6144.6	1725.5
1334.8	1520.5
4305.3	4302
5334.5	4570.8
5318.3	1106.1
2529.8	3764.4
4582.4	422.4
939.1	2139.4
6142.2	1276.2
5025.7	1035.2
4987.6	3570
2704.6	4445.1
2400.2	1005.5
4391.9	600.71
2814.4	4438.5
3240.4	306.83
6048.1	1270.9
5104.2	3696.9
4499.9	59.875
1047.9	2138.8
2037	3421.4
926.44	2180.3
6580.9	2786.5
6183.9	3199.2
4114.9	849.2
4356.8	2133.4
2017.3	2192.1
1393.7	1233.2
6428.4	2891.4
1813.9	1481
6383.4	1438.7
4220.3	3665.7
1692.2	1352.2
6091.4	1633.9
5999.9	3203.2
4276.7	3696.9
6015.4	1565.4
2272.8	507.21
953.69	2036
2088.5	3872.8
1856	1468
4002.9	3943.1
2652.7	692.36
5334.5	4570.8
4527.2	895.21
3348.6	4274.4
6578.4	2462
6137.1	1448.6
4974.2	912.8
1393.7	1233.2
5879.2	1216.5
5612.7	1329.6
1395.8	1358
1017.7	1952.8
3781.2	405.27
1302.7	1293.7
2703.1	1100.9
5912.7	997.81
889.96	2307.5
4155.6	738.66
2441.8	949.59
5077.5	3835.9
1218.5	1419.2
3380.2	2116.4
4202.8	3854.6
4773.3	865.58
6462.5	2223.3
1453.5	917.3
1877.3	369.92
4945.2	3591.1
1869.1	376.54
6489.3	2279.1
6106.8	2949.7
5777	3449.2
1133.1	3112.7
2017.3	2192.1
5086.9	3559.6
4583.7	422.37
6439.9	1627.7
5086.9	3559.6
4766.9	1034
6460.1	2644.2
2117.3	3108.8
6458.5	2172.7
5614.6	1387
6352.8	2781.1
3791	2109.3
4728.1	4118
1612.6	4427.3
4584.5	3633.3
4912.4	3603.6
4974.2	912.8
3456.3	3873.4
3175.5	4577.8
4572.7	4188
6362.5	2770.3
1683.3	1315.1
1129.7	1536
5011.3	1192.9
4879.3	3586.1
4967.3	1056.7
4592.2	3687.3
4592.2	3687.3
3354	905.28
2733.6	1043.3
5612.7	1329.6
3823.9	245.49
5806.8	1577.8
4220.3	3665.7
3975.2	4204.1
5391.6	1112.1
5817.9	972.01
5190.6	3522.9
4324.7	855.35
5962.2	3310
4331.1	2132
6143.2	3247
1040.2	1678.1
3977.7	4209.5
6130.5	1140.1
6567.5	2475.7
6490.6	1834.2
4411.8	883.2
6008.1	2319.4
6093.3	2928.8
6163.2	3341.4
4305.3	4302
889.96	2307.5
4660	3640.4
5827.8	1117.9
5870.7	1175.8
4798	535.21
4277	3697.2
1597.3	1337.4
3221	3903.1
4835.9	3754.4
4592.2	3687.3
3717	536.26
857.78	2668.7
5863.6	1086
5630.7	2252
4867.3	636.67
2301.7	1213.9
5864.7	3043
5614.6	1387
1694	933.97
5064.9	3357.2
6264.9	1852.4
4193.9	4430.1
4527.2	895.21
6423.9	2866.5
5683.9	1276.3
1476	1246.6
1255.8	2929
5348	1320.5
4764.8	1031.5
2088.4	1160.3
3977.7	4209.5
5342.7	1312.8
5502.4	860.72
3793.9	380.8
5162.6	979.96
5800.2	614.44
1192.5	1439
6424.2	2989.1
4462.1	3639.3
4717.5	4101.6
4866.9	4426.5
4257	303.57
6178.4	1526.9
6396.3	2906.7
6183.6	3495.6
6662.4	2386.7
3793.9	380.8
4856.4	3753.7
3683.7	205.97
2211.2	4194.3
4560.8	3826
1750.9	1517.2
3820.8	3726.5
989.13	1668.8
5237.7	739.61
5411.7	740.96
5837.3	3661.5
6367.1	3132.5
5086.9	3559.6
5931.3	1340.9
1509.2	1302
6461.4	2091.8
6256.2	1757.1
1281.9	2313.2
3984.1	785.16
5199.8	3450.6
6119.1	1024.9
1242	2890
4695.9	4141.3
1533.2	3273.6
1330.1	1321.3
963.66	1801.8
2462.4	968.2
3812.5	391.1
967.05	2057.2
6284.2	1091.4
5489.8	3371.1
6382.2	3100.9
4956.6	955.3
4312.5	3695.8
5222.4	791.78
4429.1	3677.5
4863.8	4426.5
6568.1	2399.7
5223.4	716.77
6051.6	2330
1784.1	2215.4
3418.8	4057.8
6175.8	3626.9
1175.7	2985.7
4350.8	3689.5
919.2	2164.4
4659.9	3618.8
1913.6	345.15
3961.2	3619.6
4669	757.29
880.32	2200.9
1430	1383.9
1812.4	501.95
4985.9	610.76
5177.5	3646.3
5879.2	1216.5
4585.7	1025.2
6091.7	1127.5
6476	1961
4322.1	3637.7
1285.6	2919.9
6061.9	3184.1
6390.3	1441.1
1120.1	1824.1
2536.8	49.457
4513.7	943.38
5319.8	773.68
4363.7	964.04
4444	3623
915.25	2269.4
4513.7	943.38
6013.8	1573.8
6361.8	3307.4
5630.7	2252
4488.4	484.95
5843	3484.9
2332.7	1874.8
5505.4	896.13
6595.9	2211.8
5385.8	755.73
1044.8	1545.8
3960.3	309.33
1624.5	2242.8
1430	1383.9
1093.9	3180.1
1307	1257.1
6427.7	2932.8
6567.7	2419.7
3683.7	205.97
2184.9	4432.8
2977.7	525.62
2937.9	1057.4
1455.6	2271.1
1697.6	1378.8
5249.3	3953.4
4264.7	861.74
4584.5	3633.3
3596.1	919.79
4021.5	4215.8
5956.8	3585.9
1956.2	379.21
1197.8	1595.3
5388.9	1157.1
3539.2	3657.6
6039.6	3260.8
6341.6	3309.4
1065.3	3154.1
6072.7	3322.5
6534.1	1876.6
1961.3	3486.3
5449.7	1104.7
5714	3818.3
1047.6	1688.1
4835.9	3754.4
1834.9	525.37
4276.4	1027.1
5021.4	1196
2153.4	1067.1
5518.4	922.28
6064.1	3243.8
4635.8	3882
3539.2	3657.6
5666.6	3524.5
3636.3	3655.6
4622.9	3615.1
1566.8	2260.6
2937.9	1057.4
3366.8	3717.5
3188	399.29
5631.5	594.32
5609.8	446.88
1334.8	1520.5
1908.8	2200.7
4870.9	950.32
4718.1	1100.9
1484.7	3111.5
4220.3	3665.7
4278	399.7
967.05	2057.2
4489.6	2139.2
2235.6	549.8
6407.1	1808.2
6144.6	1725.5
1076.7	2786.4
5193.6	690.21
1694.4	2228
3777.3	716.76
6050.6	3029.3
1670.6	591.12
4526.2	886.37
4584.5	3633.3
2370.9	855.44
1281.9	2313.2
4835.9	3754.4
5200.4	1001.5
870.29	1816.6
1335.1	1160.3
6350.9	2787.6
3037.9	29.46
6266.5	1863.8
1784.1	2215.4
5578.7	953.26
2327.2	809.14
4835.9	3754.4
1858.1	2209
1667.1	3211.6
4622.9	3615.1
4983.9	4092.6
5134.2	1065.5
6404.3	1506.9
4659.9	3618.8
4144.9	813.08
4052.1	898.9
1110.7	2937.9
5683.9	1276.3
1812.4	501.95
4021.5	4215.8
3837.4	191.82
4890.4	4417.3
6258	1849.4
1895.1	428.93
4411.1	3635
6490.8	2296.8
5190.6	3522.9
5701.8	1059.8
3044.5	2122.2
2012.5	1266.7
5874.9	3049.5
6363.4	1757
3195.8	3648.1
4175.5	950.98
5990.4	3055.5
1929.7	4031.5
6499	2911.8
5907.9	1490
2201.9	1254.4
4053.2	328.86
852.71	2665.5
889.22	2674.8
5195.5	591.46
1028.6	3111.6
4909.9	986.45
3328.6	4610.4
4890.4	4417.3
6412.7	1552.9
6466.3	2612
1335.1	1160.3
857.78	2668.7
1105.6	3184.4
4494.2	945.35
6018.4	1376.9
6282.9	3001.2
4419.2	4413.1
6261.7	3020.9
3012.8	3630.9
4870.1	599.31
2500.2	150.4
3647.3	4588.9
5963.4	1629.1
4656.4	919.91
2214	1038.9
6200.4	3079
5562.5	937.14
1885.6	2206.4
6250.1	3050.7
4294.3	2135.4
4563.3	4174
1133.1	3112.7
2119.1	3111.1
4513.7	943.38
4764.8	1031.5
4647.3	878.19
4331.1	2132
1449.7	1455.1
4005.5	3732.8
1921.1	864.95
5893.5	3168.2
3777.3	716.76
2664.4	75.753
4220.3	3665.7
6405.4	2807.2
743.83	2772.8
3841.7	4057.6
5991.2	1123.9
852.46	2696.3
2616.4	1762.2
5682.8	1415.7
1185.3	3104.2
1405.4	3352.9
6594.9	2635.7
1593.6	1330.9
2676.8	4429.6
6447.4	1629.6
2746.1	1095.5
1531.3	1384.7
6114.2	1699.7
6567.1	2451.1
1483.2	1523.8
6324.2	3500.7
4695.9	4141.3
5827.2	1087.1
2062	1144.1
5931.3	1340.9
4671.9	899.14
2798.1	3937.7
4622.9	3615.1
5209.8	721.96
4488.4	484.95
1194.8	2900.4
4540.7	282.16
1908.8	2200.7
1017.7	1952.8
3373	2113.9
5534.1	302.59
3651.1	495.65
4731.5	4469.4
6039.6	3260.8
6446.4	2871.3
1616.8	3209.6
6197.5	3031.5
4803.3	545.89
5212	680.41
1012	2208.5
2514.9	3263.6
4279.5	911.39
4622.9	3615.1
902.63	1688.7
4554.9	448.38
3042.2	2122.2
5250.6	1034.7
5564.5	4340.6
1311.8	2989.8
3537.5	837.68
3191.3	449.89
1330.1	1321.3
4540.7	282.16
4331.1	2132
4391.1	3964.1
5397.2	823.79
5195.5	591.46
4659.9	3618.8
1709.8	2226.3
5219	3505.4
4438.4	4546.2
2294.8	2167.8
5064.2	1053.1
1336.1	1503.8
4350.8	3689.5
6159.8	1185.2
4305.3	4302
6193.9	1643.6
3955.8	751.73
1784.1	2215.4
4733.5	910.01
4969.4	1009.6
2703.1	1100.9
4661.6	952.84
6534.1	1876.6
1694.4	2228
2269.7	1018.6
6197.5	3031.5
2760.1	434.71
4411.8	883.2
6224.9	3055.3
3096.1	1050.4
909.6	2133.5
3942.1	3615.1
1913.6	345.15
2643	1114.3
3955.8	751.73
4462.1	3639.3
3238.7	3659.4
4441.6	875.34
3901.9	4533.6
3093.8	2121.8
2224.7	4244.5
4323.3	817.51
6399.4	2928.4
1134.6	3159.7
5355.5	3573.5
990.17	2115.7
4578.1	766.14
6389.6	2891.7
5562.5	937.14
1402	1609.5
4984.8	2185.1
4429.1	3677.5
5637.4	866.97
5395.7	784.66
2088.5	3872.8
1784.1	2215.4
5200.4	1001.5
6167.6	3031.5
5040.9	889.39
5969.4	3307.7
6534.1	1876.6
3961.2	3619.6
5963	1295.1
4324.4	445.4
4967.3	1056.7
5949.4	1136.7
3042.2	2122.2
5436.3	1290.6
4527.2	895.21
3507	893.73
1023.5	2014.7
4623.8	3620.3
4843.8	3598.9
6093	1696.5
6327.3	3285.9
1885.6	2206.4
5714	3818.3
3721.3	652.7
1784.1	2215.4
1789.9	2218.2
5939.5	1145.9
1265.9	2998.8
4294.3	2135.4
5897.2	3473.7
4585.7	1025.2
1230.7	2957.1
