4162.7	3458.4
1819.4	1377.4
5655.2	3087.2
4272.3	738.27
4397.1	756.9
2178.1	1030.2
1236.2	1723.7
5719.7	476.02
2034.3	761.77
4849.2	881.49
4966.9	559.29
2349.9	1130.2
3107.8	298
2818.4	815.01
2941.9	783.33
3791.5	889.05
1267.2	1406.1
5471.2	1292.4
2886.3	877.19
4851	881.33
4309.7	573.04
3980.4	532.93
1194.7	1508.9
4134.7	317.64
2923.6	777.3
5014.1	1199.6
2795.4	368.91
923.04	2476.9
6555.1	2271
5228.6	690.43
5444.3	754.35
1122.3	1662.5
3975.9	791.44
3604.5	786.47
5336.1	183.39
3994.3	533.88
1599.3	1074
2304.3	560.01
1528.2	1150.3
1760.2	1338.3
5533.1	1047
1433.6	1674.8
4162.7	3473.1
5385.6	1169.8
2849.9	365.42
4643.2	436.71
4637.4	3349
5062.8	801.1
1274.1	1840.2
2920.1	623.56
4781.1	3337.1
2302.5	559.82
4929.9	749.14
885.23	2673.7
4186.8	3464.3
5244.8	308.04
4319.8	574.82
4499.5	610.2
5006.9	586.9
1477.6	1640.8
2311.4	823.93
3748.8	772.08
2142.6	310.39
950.05	1693.9
5994.8	1514.5
5565.8	419.71
3442.4	551.09
4321.1	576.26
1391.2	1297.1
4030.6	896.51
1527.3	1152.9
1130.6	2360.1
5009.2	586.26
2920.6	625.28
1454.6	1615.1
1376.4	1721.6
2897.9	626.84
871.41	2638.6
3206.4	577.87
1308.1	1742.1
1560.7	654.23
1392.8	1666.2
5145.1	441.76
3739.7	248.14
4081.9	268.95
4349.9	309.78
3103.3	300.5
4949	924.75
5009.7	85.396
3104.3	364.61
4354.4	347.08
1996.8	797.46
3196.3	810.24
1576.1	1501.1
1374.2	1682.8
2344.5	597.34
2901.2	625.88
3207	580.51
3440.5	294.97
3448.4	320.12
2178.3	622.24
5032.2	574.32
1294.5	1831.6
6471.5	2519.1
4491.5	609.41
1039.9	2020.9
5749.8	481.75
2858.4	420.56
4096.4	270.85
4027.2	3686.2
1939.6	1306.7
2389.8	184.43
1552.3	1582.6
1214.2	1524.1
3759.4	3706.4
6470.9	2521.1
1979.1	756.64
1982.8	792.55
5231.9	303.91
3447	535.24
4275	881.39
3095.1	308.62
3449.5	557.91
4152	3483.7
1249.8	1489.5
5470.3	750.64
1439	1211.6
6503.2	2515.8
1983.8	787.76
1248.7	1486.1
3343.1	957
3734.4	247.9
5035.1	579.63
1263.3	911.6
6323	1279.4
1144.8	1639.5
894.29	2199.4
3776.9	254.99
5035.8	541.56
1765.3	1013.6
4541.8	1024.3
1561.2	644.71
1184.9	1573.9
2590.1	457.36
5342.7	4678.1
1240.2	1837.2
5406	743.58
5051.9	798.39
4904.8	1063.9
4192	3455.9
6383.1	2316.3
1139.3	1638.5
3739.6	222.66
1208.1	1803.7
895.55	2181.6
5064.3	815.79
965.98	2228.3
4008.3	941.95
1347.4	1352.2
1139.8	1638.2
5207.8	599.79
1612.7	1111.9
4916	3725
4684.5	975.06
1188.6	1707.8
2777.9	951.46
5564.6	385.59
1817.3	866.74
5368.6	262.7
6036.6	1290.7
6471.4	2531.7
1979.7	755.95
1785.1	960.19
2127.3	747.49
2005.9	791.66
4819.8	1041.5
5248	673.69
4681	3796.7
923.88	2349.7
3466.7	243.03
5264.6	1049.8
1050.6	1623.2
4489.1	597.87
4662.8	415.51
3412.6	541.83
1258.8	1465.4
3926.3	768.86
6579.4	2432.8
5462.1	349.74
2032.6	1301.7
4886.9	817.04
5006.2	1049.8
2286.7	1124.8
4054.2	271.03
2927.6	636.42
4487.8	3569
2511.3	969.43
2813.4	829.56
1527.8	808.94
4298.7	3659.7
5054.3	4133.4
5373.8	949.7
3940.9	769.98
2126	665.92
2560.3	461.48
1231.7	1839.6
2597.5	1095.6
3459.1	286.67
5528.9	459.83
1162.6	1930.8
5522.3	394.26
1841.9	858.5
6112.3	1037.2
5526.9	406.1
2448.2	3785.8
5048.7	557.51
2545.6	442.68
1003.2	2124.8
1014.7	2139.7
2359.3	1166.9
4209.6	791.85
1068.3	2077.7
1782.6	579.89
5044	823.32
2208.6	1038
1747.7	1451.7
5243.9	316.87
1455.2	1232.9
5599.1	563.37
2307.1	111.82
5266.9	632.48
4546.7	3618.5
827.94	2263
6482.2	2516.9
5532.6	416.14
2427	947.18
1238.7	1459.1
1627.8	595.84
5364.5	3841
1264	1129.5
1554.3	1429.4
4114.3	3678.7
4477.1	641.77
5812.5	1074.1
3051.5	350.39
4336.8	332.31
1940.7	3987.4
5425.8	430.83
1593.7	1268.1
1388.3	1284.5
4284	3657.3
5190.8	280.47
1548.6	1518.2
2846.7	868.73
5109.2	136.9
5386.6	392.61
6531.4	2437.7
3047.9	348.6
5415.8	298.36
5872.4	3898.2
2527.5	1043.8
846.06	2678
5534	452.06
2733.7	705.91
2199.8	4124.4
2536.2	585.27
2202.7	3489
6577.6	2315.4
3970.2	4419.1
2420.3	919.22
3587	851.23
4407.1	772.44
2209.7	1226.3
4163.4	299.3
1414.7	1258
1577.9	1512.3
1265.3	1467.1
5459.6	495.78
5487.5	463.3
1807.1	557.29
4927.2	860.2
4041.7	3692.6
1528.1	821.46
1442.5	1249.8
1983.7	747.6
5688.8	1256.2
4527	3617.1
1154.7	1598.2
2835.6	871.05
5093.9	718.7
2356	247.37
1205.1	1527.4
4486.6	3841.9
5075.7	3787.5
5278.5	3698.6
3019.8	832.27
2543.6	908.46
3757.1	546.1
846.35	2240.2
5475.4	351.28
4068.7	293.78
1558.7	1106.7
4336.9	307.01
5000.2	3339.2
5249.2	650.61
5364.7	974.09
2434.3	990.16
5471	356.49
5168.2	1122.1
1418.5	1308.9
2156	674.74
1312.4	1417.6
1452.5	1203.2
3841.8	4174.4
4476.3	638.24
3821	764.56
1385.7	883.35
5416.2	192.17
5318.7	351.05
4741	4256.9
5525.8	820.03
6125.8	3584.9
1992	770.27
3106.6	376
915.4	2687
913.43	2683.1
3233	571.57
4167.5	3475.2
2086.7	1150.8
4560.7	4822.8
1155.2	1597.6
5046.6	609.11
4732.8	17.866
5447.6	498.05
2513.5	1115.9
4754.7	3566.5
1392.5	1282
1896.8	3558.7
1191.1	1586.7
1620.8	1583.4
4758.2	3566.8
4115.4	783.18
3532.7	808.73
6508	1808.8
1660.2	686.06
1558.8	1108.8
1136.4	2020
2229.1	1105.7
5364.4	974.88
2882.5	639.9
4759.2	3566.6
5061.6	3423.8
6540.2	2945.9
4752.6	3778
2496.8	1003.1
2168.9	202.6
2023.2	264.19
4259.2	749.86
1828.7	1404
3962.7	543.14
2310.7	1042.2
5474.6	349.78
1059.4	2048.2
870.32	2606.7
5468.1	495.24
1150	1611.9
4553.9	3949
2170.4	3489.3
4105.9	4028.1
2706.9	875.53
6568.4	2520.1
5557.5	535.64
4833.5	888.23
1751.8	1344
6553.3	2296.4
6567.1	2452
1073.7	2000.6
4123.4	773.16
2448.8	152.58
5931.7	1494.7
2745.4	892.57
1620.3	1578.6
4865.5	3600.9
3793.3	837.95
1619.7	1028.1
5487.3	451.92
5574.3	545.42
3215.4	838.03
5925	2335.4
5375.1	955.02
3964.7	544.77
2157.4	193.41
818.74	2434.6
4922.5	3471.9
6565.6	2452.7
4748.5	3785.7
1092.3	1715.4
1841.7	4684.2
5654.8	503.86
3769.8	562.07
2963.9	940.72
1248.7	1424.6
5488.9	440.23
5401.6	296.08
1594	1535.9
1247.8	1451.9
2472.7	97.818
1051.8	2030.1
1883.3	391.3
5202.4	332.57
973.67	2158.1
1450.5	1247.6
2746.3	1134.1
1784.4	1362.3
2959.6	797.34
3576.5	807.58
4663.3	3796.3
1523	1118.7
877.63	2366.9
2707.9	871.53
5536.6	400.95
3904	4167.5
4002.1	3769.2
889.4	2175.7
5637.1	1343.2
1542.8	3365.3
4241.1	4006.6
4243	4011
1131.4	1607.8
2370.1	252.88
4433	3580.6
3775.4	713.94
3227.3	603.58
1744.7	3063.5
5369.8	352.91
5649.8	499.83
4756.3	3774.3
3453.2	241.91
4961.8	159.33
5441.6	318.36
4103.8	4026.4
4629.8	4051.3
962.99	2170.1
2093.6	1197.9
2634.7	4858.6
3634.2	3638.1
6490.7	2459.9
4062.7	4039.2
5020.4	558.93
6586.4	2336.2
4239.4	833.28
1154.7	2900.7
5562.1	368.51
2915.3	890.43
924.7	2252.3
1762.3	1389
1642.3	3523
5435.1	4230.8
1004.8	1755.2
1465.5	1227.8
1875.2	1312.4
1606.8	1063.3
6541.9	2370.3
2202.6	1081.6
4028.5	3754.9
1951.6	449.1
2535.8	535.2
4564.2	3620.9
4791.7	3566.6
4179.1	870.98
2400.1	174.49
3743.6	3771
1006.2	1540.5
4793.4	3619
5376	736.51
5453.1	329.93
1329	1860.3
4700.6	981.2
1877.2	406.85
2657.2	56.7
1723.9	1444.8
2899.3	613.82
2564.9	1025
2499	474.74
4160.8	3616.4
1654.8	686.35
941.7	2226.8
5115	1100.8
4778.8	987.35
4630.4	3355.1
1138.5	1663.3
4655.2	4155
1827.2	1338.6
880.19	2211.2
5378.4	459.3
1173	1616.9
2636.6	388.46
1122.9	1633.8
1446.3	1219.4
912.23	2660.4
5434.7	178.85
4723.5	982.2
4818.8	3550.2
1631.8	612.67
4098.1	3621.2
5162	778.45
6126.2	3178
980.51	2210.5
6247.3	1267.6
975.45	2166.7
1538.7	3455.4
2435.7	615.53
4062.5	4041.5
1825.6	600.27
5185.7	3376.9
932.71	2071.9
4095.9	4019.4
4992.9	3816
2017.2	387.87
3460.5	788.14
6522.6	2487.2
6426.7	2591.9
3393.8	4049.3
1775.4	4028.1
3366.3	795.68
4753.5	936.7
1454.8	873.93
4112.6	798.15
6249.6	1367.3
6565.5	2284.7
3935.4	761.01
1342.2	1645.3
3834.7	779.47
3919.8	3634.2
1412.2	3173.7
2207.3	4873.5
968.92	2296.9
4268.6	3602.3
6538.3	2467.6
5377.8	942.42
4204.6	782.32
1525.3	1517.3
2087.1	206.41
5725.3	662.06
6514.5	2302.2
5351.1	3688
2643.6	293.6
1842	913.65
3710.5	846.74
6071.7	1511.5
2377.1	187.23
4911.4	761.19
4480.3	594.87
2871	879.43
3095.6	290.49
6570.4	2426.9
4292.7	816.35
2133.8	676.24
5850.4	513.94
5149.6	3784.2
1411.2	3271.8
5370.6	353.53
1178.7	1568.2
1463.7	1630.7
2627	281.32
3357.6	782.24
902.01	2130.5
1652.3	1494.6
4458.4	847.49
1386.9	3588.3
910.75	2247
5902	829.97
1129.5	1628.5
4028.2	791.86
1326.5	1807.5
5481.3	335.71
1207	1723.5
6578.9	2420.3
3935.7	4030.6
1730.9	531.81
2060.7	328.5
3828.8	755.58
5774.2	595.94
2762.8	901.28
1951.7	1266
892.27	2759.5
5230.7	3747.7
3724.1	4099.3
1634.1	3522.8
4564.2	3677.9
963.8	1657.5
3209.7	586.7
1739.8	3483.7
4626.3	3966.5
5420.4	3810.3
1438	1293
4001.8	3819.9
5359.3	234.63
1148.4	1947.5
1435.6	1616.9
4719.2	594.99
4127.4	798.99
5256.7	756.49
2953.3	783.53
994.2	2139
5324	166.43
3576.5	784.65
5708.1	523.21
4414.1	3992.8
4690.3	896.85
3634.1	782.58
4692.4	896.82
4001.7	3820.4
3338.7	924.67
1432.3	1311.7
1970	756.85
4943.3	4186.1
4675.8	893.34
2093.9	196.79
4435.9	3975.6
1094.6	1660.2
1778.3	1339.2
4903.5	949.79
6543.6	2350.9
5514.2	372.7
3639.8	756.06
4138	3735.7
6543.6	2350.9
4320.8	563.84
3364.7	797.88
4734	3900.8
1513	1130.3
3473.1	3987
1737.9	1038.3
4479.4	592.95
4913.4	3308
2929.9	733.9
5736.5	4094.9
1936.6	4476.9
4092.1	4015.5
4820.7	3551.2
5597.1	365.19
3086.7	4236
4094	246.68
1677.3	635.63
6184.7	2971.5
4633.2	896.16
941.6	2047.4
1660	652.21
1171.6	1628
4991.6	1230.4
4087.8	4075
1154.4	3768.5
1356.7	1858.5
1581.8	975.93
3759	4100.7
5312.5	228.45
2317.6	813.05
1473.5	798.92
5754.9	488.32
979.78	2303.3
3790.6	933.22
5376.2	732.28
3122	3964
4131	3731.3
4571.7	813.11
1717.9	3049.3
4032.7	774.69
4306	304.32
3058.5	4286.7
906.55	2291.2
6467.8	3223.6
1607.7	650.79
1327.8	962.24
1186.2	1830.2
1551	3456.7
1421	1664.3
920.18	2254.6
5243.8	660.63
5512.5	3875.9
6529	2476.4
5937.4	4221.3
881.11	2701
1758.2	490.31
902.89	2333.8
6549.3	2261.7
2077.2	349.75
3990.4	788.34
4749.7	3929
2407.4	33.064
1859.9	808.71
5828.7	3386.2
2401.7	169.88
5278.6	724.56
4119.2	4028
3906	118.5
6444	2556.9
5756.3	2334.8
4479	592.21
1351.2	1385
3731.4	3754.1
6550.1	2370.5
4542.6	466.09
1158.4	1958
2614.5	4349.9
5328.6	3169.3
2914.3	844.44
6557.2	2024.1
2072.3	253.65
3837.6	781.8
996.48	2114.8
6016.9	3823.5
994.45	1576.3
1441.1	1291.3
1232.4	1659
1375	1260.9
5475.5	3685.2
888.69	2641.9
6495.3	2611.5
1290.5	1919.6
2888.3	991.69
6368.3	3096
1992.5	976.5
1741.7	1058.9
1369.7	1262.9
4895.9	3901.1
3734.7	3760.7
4812.9	3866.8
1615.8	1595
5467.4	4028.2
5809.7	3832.5
4282.2	4057
5302.1	792.66
3710.9	4582.4
6537.7	2427.3
839.98	2838.6
856.1	2340
2743.2	1140.9
4264.1	3999.1
1035.1	2025.2
1678.7	470.57
5887.9	768.07
5196.6	4527.7
1040.4	2058.4
2984	867.11
4594.4	218
5942.7	762.33
5175.8	308.13
1269.3	1811.2
4715.6	3895.5
5803.5	3538
2893.3	869.91
1303	1770.3
1974.4	718.66
5140.1	1057.4
2748.9	883.02
1839.1	412.65
4747.3	3299.9
1450.3	1287.2
4354.6	4000.8
2170.8	641.12
5040.5	4678
1447.2	1604.4
5761.8	507.83
2479.3	631.74
1258.1	1588.1
1828.3	575.16
1463.8	3308
4475	850.01
6195.6	2979.5
2785	4396
4806.5	4303.5
1190.2	1896.1
1610.5	3441.3
3228.5	878.4
6571	2387.4
1184.2	1608.5
2743	690.19
3876.9	4165.5
1457.9	1623.5
4961.4	4659.8
4844.6	3873.8
3945.7	769.87
5646.8	907.76
6538.4	2442.5
4577.8	3667.4
1391.7	3333.8
2744.9	1150.8
1494.7	856.57
5586.1	366.29
1889.1	1303.2
1745.2	494.14
6444.6	1760.6
5296.8	343.88
4563.4	4430.4
1519.9	3381.6
5065.6	791.63
4885	881.26
6349.9	2935.8
5397.8	303.67
912.56	2248.8
1317	1756.8
1720.7	1392.8
5871.4	4221.8
5378.3	352.26
1546.3	1155.3
1538.5	1107.5
1581	3239.9
1449.2	1093.5
1561.9	825.77
1340.2	1343.5
4834.3	4802
1101.1	1887.1
2505.4	981.19
1408.4	1374.1
5284.3	3696.5
1397.8	1256.6
849.56	2620.6
1645.7	3421.7
5248.7	713.41
5447.4	2335.9
1145.3	1647.6
5761.9	614.03
5167.3	3537.6
5742.8	3142
874.25	2205.7
1611.8	942.24
995.65	1844.7
5088.2	522.73
3736.9	3627.4
4657.2	4090.5
1232.4	1745.1
5054	4698.1
2216.2	51.6
2425.7	3755.6
5013.7	3559.2
1698.1	938.14
939.55	2212.5
4984.7	3899.5
1823.1	782.77
4949.5	4427.7
2520	66.246
2031.7	1276.5
1728.4	1067.8
6516.2	2292.5
867.71	2234.1
1104.8	1660.8
5031.5	21.028
5654.7	4349.9
1828.2	3250.7
2043.4	239.29
2705.9	695.3
4311.9	421.48
4011.3	3739.7
2199.7	1097.6
4874.5	3872.5
4077.1	4086
5128.2	4167.7
4827.8	4044.9
5293.4	150.04
2368.3	606.17
1601.7	1540.5
6430.3	2139
886.94	2350.8
3069.6	309.45
2235.8	3496.9
2737.7	1088
2052.4	197.07
1497.5	1569.3
4194.6	4530.6
1396.9	3448.9
1387.2	1624.1
930.27	2218.2
5691.8	530.76
5699.7	4307.8
4924.1	3494.7
1986.8	753.27
5095.5	1022.9
3712.2	4581.7
1559.2	1160.3
2771.7	290.39
6532.9	2344.7
1821.1	880.97
6136.1	3177.7
5129.2	3805.8
6589.7	2557.6
3366.6	110.53
1149.8	1668.4
5511.9	718.86
4792.1	4300.1
870.58	2374.8
5578.5	4417.5
4640.3	4847.6
2631.8	550.12
5329.5	3669.2
1251.6	1457
6433	2582.3
1831.6	3263.7
1916	1251.4
6429.7	3109.5
4796.9	993.45
4791.3	4299.5
4477.6	588.39
1685.9	503.5
3547.9	910.34
5331.2	4144.8
1515.9	1473.3
2582.5	501.41
6536.5	2386.3
4813.2	945.08
4552	3692.8
4101.6	4060.1
3815.1	203.01
2161.9	3448
5741.9	970.52
1571.5	1178.1
4519.4	3933.3
2415.1	963.74
5688.8	4318.3
4826.7	949.06
1079.6	1491.8
5006.2	987.45
1407	1300.6
1861.6	1303.1
6438.4	1688.2
1800.7	1363.7
933.53	2280
4828	4048.6
6556.7	2454.6
3217.8	815.49
1541.2	1110.5
5192.6	700.38
4642.6	3971.2
2003.4	263.28
2563.6	938.52
3760.2	784.82
1784.5	1407.6
919.98	2315.2
5161.9	3788
1688.2	509.42
925.54	2040.7
4163.1	365.13
6557.8	2021.1
4267.7	3991.7
1543.4	1153.3
2378.2	3867.6
2863.3	873.49
918.41	2134.8
3788.3	511.58
2338.5	874.07
5822.4	4028.4
1196.8	1597.5
4851.9	3475.8
4455.7	3697.7
6577.5	2394
6582.5	2739.8
5815.1	4182.9
3672	911.22
1941.4	1274.4
1219.9	1947
6533.3	2283.9
937.97	2205.8
5174.8	3239.7
939.68	2319.1
4236.3	3797.5
913.03	2140.5
5625.2	333.32
5928	3317
1620.9	3433
1785.2	1329.9
871.82	2216.7
3098.2	951.5
2586.5	4353.9
1596.8	1471.7
5934.2	772.03
4855.7	4764.7
3912.6	4042.4
4454.6	3969.8
1013.6	2797.6
6552.8	2389.1
2528.7	476.7
1294.4	1349.9
4455.8	847.78
3478.6	363.85
6492.1	3248
2401.9	163.89
4876.7	1026.9
2680.6	243.88
969.48	1974.7
6038.4	1099.4
5737.2	889.86
2998.4	973.63
4650.8	901.56
6390.1	2637.2
5953	3137.1
5637.8	325.77
5590	376.62
3824.4	804.75
1190.4	1487.9
4007.9	4243.4
4884.6	4359.3
1328.2	3384.8
883.93	2400
4005.6	4251.4
920.43	2266.5
4777.7	4240
4854	3871.1
1195.3	1597.8
2300.3	846.12
6261.7	2796
1990	893.61
1123.6	2964.5
3201.2	554.25
4614.3	4885.1
4478.9	665.86
5688.5	548.31
2904.2	883.3
5726.5	3449.9
5763.8	1080.8
3902.2	913.36
2940.9	447.57
6561.4	2061.9
6546.9	2440.3
3879.2	3664.5
2303.5	224.28
4193.7	820.45
2733.6	659.05
6504.2	1922.3
903.5	2372.8
4009.8	803.12
1637.9	925.33
1288.2	1783.9
4095.1	257.83
3740.6	4243
5156.8	141.16
5238.4	4174
4637.8	4360.2
5425.2	557.86
5857.4	530.78
1036.1	2975.1
1027.2	1621
1988.9	4179.5
4746.2	3374.9
4881.7	3900.1
3332.1	74.894
4911.2	974.56
1672.8	679.03
6535.2	2007.6
1492.3	1491.6
6181.5	1099.3
1994	1174
2251.7	712.76
3765.5	4050.9
4381.3	4356
2867.7	879.76
2573.1	286.3
6589.7	2616.3
3368.1	803.79
4434.1	3698.4
1539.6	3361
6264.1	2790
3872.7	3764.3
5006.9	3852.1
3985.4	4225.7
2095.9	989.4
6451.2	1529.6
6561.5	2244.2
3728.8	219.91
2387.3	956.46
5398.7	2328.8
5202.4	606.44
2026.9	235.66
4854	3872.8
2565.6	941.85
4646.4	4347.6
1426.8	1342.5
6144.9	1086.4
5256.7	2315.2
1113.3	1655.4
1468.6	1242
4881.5	823.9
5742.8	4266.8
3659.4	901.96
5256.4	647.12
3002.4	984.93
1588.1	3607
2574.4	891.07
6325.3	3178.3
5369.9	345.32
874.38	2687.5
1593.7	3279.4
4546.9	3394.5
2248.9	3545.7
872.21	2348.4
5991.8	3811.4
923	2290.5
1430.8	3198.3
4005.1	3754.8
2402.6	962.4
942.29	2091.7
4855.1	3294.1
2466.1	753.26
4727.5	3950.1
5125.8	3805.2
2263	1052.7
1506.1	2992.8
1136.6	1684.3
5342.6	161.37
6191.3	2982.2
1572.4	1133.5
6183.2	2985.8
5400	2325
2281.1	313.82
6012	3734
2421.5	965.08
1587.4	618.65
878.33	2319.1
1417.4	1345.1
6394.3	2643.2
6395.3	1492.1
2028.3	1218.3
3403.6	3763.6
6264.2	2777.2
4455.6	524.71
5916	3166.5
5526.3	3989.6
6103.7	976.79
6274.4	2790.6
2853.2	351.46
3336	695.65
1707.9	1455.2
5813.4	596.69
933.42	2350.3
2911.4	909.95
4709.1	559.35
4590.3	168.85
1288.5	3380.5
5637.1	317.47
942.29	3011.6
5050.3	4696.6
4450.4	972.11
1489.7	3298.4
5041.2	4286
4600	3359.2
1511.4	2999.8
1525.4	1486
1827.7	1384.6
5409.1	3967
5444.7	568.83
2664	950.89
5309.5	3681.2
2068	1091.2
4136.6	4198.4
1936.4	1267.8
4960.6	1055.3
4548.6	3672.4
1636.9	3302.1
1639.5	1077.2
1687.7	931.28
6101	3695
3259.2	759.43
1653.4	1343
2237.3	1015.2
4994.5	1223
4585.8	3938.5
1939.2	166.33
1357.9	1483
6154.2	1074.1
4912.3	1034.1
1970.7	390.16
2433.2	1117
5093.5	4852.1
6396.6	2643.8
5920.9	3418
4555.7	3674.2
1157.6	1577.5
5434.5	3757.4
5204.9	1068.6
4411.4	701.76
2220.6	42.056
2317.6	1107.9
1545.4	1215.3
4145.3	872.15
1048.4	2957.1
4678.6	935.57
1455.5	3321.2
4776.2	4234.8
6298	2780.3
2338.7	519.18
3709	2275
2336.1	528.15
4881.5	3899.8
4391.8	3610.6
4662.6	899.13
3911.1	3503.8
5744.1	569.99
4951.5	944.63
2357.6	948.84
1651.8	3532.5
4317.6	4231.9
1496.5	3224.4
3980.2	4126.7
908.05	2818.9
1363.5	3407.6
6456.1	2175.6
2507	962.61
2110.4	3466.8
5385	401.16
5324	1121.9
4735.5	1136.4
6584.5	2380.4
4783.3	4282.3
3951.8	3612.7
5242.6	1203.1
2908.2	911.97
4922.1	767.25
1495.1	3285.8
3968.3	515.39
1729.1	578.3
4287.8	3547.3
1141.3	1880.2
6281.3	2773.6
3307.3	4636.1
5846.6	666.94
4573.1	3948.3
2734	4117.6
4753.6	977.37
2728	3715.5
4072.4	3881.2
4003.7	3732.5
4062.7	4027.5
4546.8	4499.9
5551.5	3449.2
4449.4	849.93
4128.9	4059.6
1519.7	3445.1
5182.6	710.72
3156.8	3891.2
5374.7	4405.7
4290.3	388.23
2735.8	731.18
4067.1	3603.6
1716.2	3042.1
6457	2651.2
6541.6	2313.8
1669.5	3325.7
1628	3516.1
2375.1	1009.2
1309	1332.1
1104.1	3081.4
883.36	2366.7
2825	797.63
930.44	1934.7
5727.7	4222.6
4335.8	366.31
1399.9	1694.6
5552.6	931.49
1060.4	3421.6
4134.4	3505
1709.5	595.56
4485.5	623.88
860.83	1968.4
2407.3	858.36
5153.9	1009.8
869.36	2293.1
5162.5	1050.8
2659.7	3607.6
4455.2	859.09
2529.2	3765.9
5855.1	522.91
1172.7	1246.4
2762	978.08
6418.5	2842.9
3379.1	182.09
6533.1	2685.7
5578.5	3871.7
1543.8	3239.1
854	2038.2
4531.5	1004.6
889.72	2681.5
3437.1	252.42
5695.3	604.44
2091.5	298.45
2848.1	2283.4
5216	678.85
4205	3865.6
1517.6	3438.7
5400	3565.8
1930.9	746.25
1723.3	1268.7
1562.7	1512
3550.4	907.86
2409.8	1022.1
1409.8	1343.1
3676.8	4068
3177.2	823.2
3940.1	4068.1
1598	3639.9
3085	300.29
6495.6	2580.3
1244.9	1464.1
5249.4	4588.7
2423.3	3737.1
1527	3281.8
2148.6	1141.7
4502	4045.2
2382.5	581.3
6532.5	2328.6
2337.7	4017.4
1859.2	563.82
5836.1	4026.3
3583	777.9
6435.3	1815.1
1154.7	1668.6
1411.7	3331.8
2747.6	769.06
2871.6	875.26
3739.2	705.9
2036.4	254.32
6571.7	2404.5
4000.4	4206.6
4100.2	4561.4
3190	921.52
3716.2	257.59
1241.2	1548.3
3003.7	767.73
3723.5	3667.6
6121	3176.9
1397.3	1311.5
2163.4	3505.3
2906.3	3732.4
6197.8	3597.1
4470	3714.1
2094.1	920.83
2689.8	1039.7
1056.1	1313.7
1169.4	2928.5
4085.5	3438.3
2901.1	333.93
5250.2	635.07
3802.9	4301.1
1226.4	1559.8
6523	2291.2
5753.9	1387
5619.1	3093.5
6110.5	3723.5
6122.4	1024.5
6079.7	3413.9
3468.8	289.66
4986.7	1002
1748.7	3365.2
842.12	2446.8
4476.3	1086.2
1600.3	3429.7
5445	2055.7
4428.9	3396.2
5803.4	560.48
3995.2	698.24
1113	1868.8
1740	568.92
4108.5	811.59
4628.2	3777.4
2377.9	317.76
3987.1	802.59
4564.1	3567
2429.3	990.82
2347.9	4394.4
2510.3	989.68
6447.9	2658.4
4715.1	3919.9
6368	3409.6
1530.1	3247.9
5621.3	4051.6
6198.2	1102.5
4325.6	554.82
5442.6	3290.9
5653.3	4203.2
1648.7	1344.2
1452.4	3329.5
1823.9	421.16
3847.6	856.1
6391.2	1378.3
1146.4	2920
4800.6	3494.4
2142.2	1213.8
1454.6	884.87
6425.8	2159.9
4341.5	824.59
1696	605.99
3051.6	3683.2
1459.8	3226.5
6656.3	2302.1
5329.8	4109
5112.6	3773.3
4970.6	3524.4
5537.8	218.83
1745.7	1024.2
3986	541.8
6061.1	983.68
1265.7	1513.2
4638.4	4331.9
1879.5	1153.1
6327	1324.2
4647.8	14.049
2221.4	37.586
1186.8	1613
3043.5	827.21
4246.5	4006
1225.1	1558.2
5767	924.7
1594	3362.2
1452.7	934.34
2021.2	284.86
4636.1	4330.7
1609.2	1447.6
1440.5	1600.5
1374.1	3322.7
1807.5	871.07
5691.9	514.89
4765.2	996.93
1374.9	1439.5
859.54	2389.7
5883.6	1619.1
5965.1	807.3
1681.9	1343.8
4868.6	4770.2
1433	888.99
5321	947.67
3942.9	4125.9
2995.3	983.16
3449.4	2277.5
1326.8	1802.4
5531.4	242.2
3693.4	839.48
1588.9	1056.3
5012.2	875.05
4805.3	892.1
1734.7	1055.8
5319.7	311.24
4111.6	4193.3
4763.5	3482.2
4674.8	4440.1
1436.1	2368.5
5482.9	2338.9
2056.4	207.55
6590.1	2282.1
2029.7	386
4757.7	3912.6
4671.3	4066
1649.5	534.73
1742.4	1048.3
5854.1	674.69
869.99	2398.4
4747.6	3901.3
6315.3	1329.7
5394	361.69
4635.6	3375.9
1164.7	1631.5
1224.9	1447.5
2041.7	3623.5
5022.7	3845.2
1304.6	1724.1
3748.3	4468.6
4226.6	4424.2
994.18	2214.5
3761.2	913.89
4350.9	336.91
4972.5	942.62
1210.1	2962
1428.6	3217.6
1664.7	1344.1
2279	3468.8
6110.6	2336.6
5583.3	1277.6
6272.3	2797
4831.5	957.6
4970.4	1231.2
4295.5	840.73
1975.6	458.78
1936	3438.4
3455.6	869.53
3417.8	814.82
4666.4	4041.4
4170.1	808.09
4147.1	821.46
1664.4	519.54
5564.1	469.68
2310.4	711.71
4942	3501.7
1605.5	3314.9
1419.8	1294.8
3090.4	292.58
5333.3	1323.5
1227.1	3297.3
845.45	2427.4
4061.1	3625.8
4304.2	580.58
4106.3	810.59
2269.4	1083.2
6410.5	2151.4
1673.5	628.44
3460	3687
3729.6	276.77
3736.9	718.33
1752.7	3373.9
5386.1	820.59
5357.7	1334.3
2480.6	47.86
6554.7	2374.2
4505.5	4046.6
4755.7	3917.5
1075.9	3091.5
3729.2	849.62
4227.6	4420.5
1097.3	2022.2
1130.7	1666.5
1583.1	1031
874.66	2755.5
3945.3	3901.5
2194.8	3508.4
3886.3	4179.7
1710.4	1456.9
1754.3	2346.7
1349.2	1617.5
4255.9	4542.5
4776	937.72
1486.5	825.23
3377	99.94
5200.7	725.39
6571.6	2378.1
2014.6	1187.5
3440.7	286.62
1539.8	1464.7
3938.4	4132.3
5322.6	172.75
871.34	2398.3
2237.7	4085
2335.6	1055.6
5106.7	2307
4164.7	389.73
2718.9	536.47
4879.2	4509.7
3999.1	4140.3
4833	976.16
4412.5	793.61
4069.1	3422.5
3666.9	4155.6
6553.6	2320.6
4582.2	925.75
5419.8	1130.8
5331.4	1135.5
3963.8	4017.2
6236.6	1079.4
1590.8	2351.1
5046.6	2311.2
3943.2	4124.5
4810.1	988.34
1650.3	1507.6
3756.1	4664.5
6456.5	2546.5
3707	828.8
1942.5	347.58
6402.2	2051.5
1900.9	1327.8
4768.1	4255.7
6467.6	2630.4
6141.1	1011.1
5461.2	3589.8
1622.7	1436.9
1577.3	933.39
3919.6	4822.7
4094.5	4573.7
4094.5	1016.7
6563.6	2271.6
5711.9	588.24
6548.2	2389.7
4002.4	3623.5
2671.4	3607
3385.1	809.81
3848.1	350.01
1423.7	1318.7
6576.2	2372.2
4724.4	971.49
1503.8	2363
3199.8	552.13
5499.9	296.93
1484.3	2362.8
4212	4095.7
3849.5	830.78
2079.4	3760.8
4317.8	4720.5
4691.4	1106
4929.7	4362.6
1552.4	1170
4992	990.98
3392.9	791.21
3341	806.9
2055.3	203.01
5253.4	4648.5
4094.7	1015.5
6014.7	3606.9
4349.1	3458.7
2846.6	327.21
2450.5	2299.9
3335.3	1030.6
6046	3216.3
3221.9	940.88
5084.1	4681.3
5360.8	1252
5002.4	3432.9
4385.9	3461.8
4448.2	473.35
6411	2658.4
3247.6	1029.1
918.39	1604.1
6138.9	1100.6
3948.2	4008.3
1297.3	1731.6
5179.2	3485.9
5464.7	1216.1
1321.6	1431.5
3855.9	4723.7
3359.2	842.87
3114.8	2282.7
6087.1	3897.2
3134.8	868.93
3551.1	308.02
6603.4	2366.3
1263.8	2995.3
1268.7	4037
4128.1	930.53
5768.6	493.86
3131.1	870.79
1113.9	2362.7
3717.3	4127.8
3720.2	4626.7
2426.6	1109.5
2479.9	111.42
5158.3	1111.5
5824.1	553.1
6402.3	2648.2
3090.6	2282
3044.3	825.34
5845.8	2340.8
5447.6	899.69
1750.2	2340.2
1416.5	1731.7
5180.2	3781.2
4717	3710.7
6443.3	3177.2
4568.2	208.87
5485.5	4574.4
4796.2	3525.7
3801.2	865.86
3464.7	234.14
4354.1	2285.3
1251.9	3022.2
3984	714.69
4145.1	2283.8
2058.3	2327.4
5964.7	692.92
4427.2	3561.9
4038.7	3875
5218.2	3744.7
6093.1	3748.5
6191.3	1252.4
5971.2	3359
4304.5	589.62
2742.2	941.02
4419	695.78
1883.5	1357.7
2142.8	3464.1
965.15	2318.3
4219.4	4445.9
5499.2	289.8
1942	747.75
3791.3	803.97
1729	3074
2803.2	401.99
4728.8	4805.7
3906.7	4083.5
3764.9	4087.1
4681.8	4068.5
5210.3	1127.1
5135.9	3780.1
3904.2	4052.7
2123.7	1141.5
6383.7	1994.2
1934	217.01
5204	3844.3
4977.4	3479.4
5305.4	1123.4
1963.5	295.39
2054.8	2323.9
1988.1	1240.8
1778.8	3379.1
2090.9	1237.8
1060.1	1911.1
4343.8	1057.3
2143.1	3795.7
6415.6	2151.4
4467.3	4049.1
6528.9	2792.2
3432.1	785.57
4646	3337.7
1467.5	1482.6
4343.6	274.64
1672.1	706.78
5491.6	3154.2
4590.4	3498.9
3654.3	3590.7
5580.8	308.94
3745.5	3680.7
4517.5	3605.1
3810.9	3669
1299.7	1597.9
1888.7	626.59
2439	986.4
3292	321.51
1859.1	4545.5
4447.3	984
4094.9	798.33
5100.8	3782.6
2715.3	1131.9
5350.6	1258.1
1242.9	3325.1
2397.9	1011.2
4377.2	878.9
3794.1	556.13
2076.1	1216.1
4890.6	3874.1
2318.2	4028.9
1105.7	1627.4
1248.9	1518.7
1707.2	3064.2
2803.3	403.9
6284.6	2798.1
3438	917.98
1961.5	4161.4
6434.8	2117.6
