1688.9	3861
991.47	2179.2
1712.1	4283.2
5712.2	1379
5997.6	3909.4
1717.8	4227.4
1990.5	976.28
1224.2	1881.5
1691.2	464.85
3488.4	4686.8
1234.3	1995.2
1389.3	1891
5689.1	1059.9
4404.9	1080.9
3700.3	288.06
6502.1	2659.1
3822.4	4876.4
1177.6	1924.2
5886.5	1197.8
6063.1	1330.4
1721.1	4300.2
5944.8	1205.4
5420.1	1265.5
1241.5	1862.5
1672.5	4236.7
5654.5	1489.4
4590.7	1111.6
1688.9	4258.1
5976.6	1285.1
5403.8	767.99
1519.5	1850.2
1742.5	417.04
5950.6	1205.6
6125.3	1630
852.95	2151.1
5722.7	748.33
5420.1	1265.5
6125.3	1630
5047.3	1230.4
1739.9	418.37
6502.1	2659.1
5496.2	4381.5
1211.7	1896.1
2098.3	3956.1
1211	1870.7
4888.3	823.55
5886.5	1197.8
1184.9	1826.1
5698.5	1230.5
5982.4	1285.6
1389.3	1891
1244.9	2037.6
1095.6	2159.6
1528.4	1845.6
5698.5	1230.5
1727.2	4244.6
1006.1	2693
1229.4	1740.2
5427.8	4133.1
5406.9	3995.5
5436	266.59
5980.8	1304.9
1056.1	2126.9
5986.7	1286.1
1508.5	2554.2
3386.8	4065.2
5427.8	4133.1
1122.6	2117.7
4874.1	835.79
1389.3	1891
5414	3333.9
1457.5	1778.9
1042	2015.1
5450.5	311.21
5831.3	1635.7
5689	1071.4
2094	3946.9
5289.1	1314.1
1229.4	1740.2
6076.9	1398.1
3604	3753.2
4404.9	1080.9
5289.1	1314.1
5233.5	977.59
6276.1	1259.1
1707.1	470.02
4873.4	3762
1056.5	1686.3
1528.4	1845.6
6186.8	2944.2
1737.3	4224.8
6185.5	1568.1
2204.5	4242.7
5403.7	778.7
1215	1775
2098.8	293.82
5511.4	876.84
1144.1	1338.9
1211	1870.7
5441.7	869.5
1070.7	2093.3
5511.2	873.82
1722.5	4263.7
5427.8	4133.1
1112.3	1835.2
5127.4	894.01
1712.3	4203.6
5511.4	876.84
1898.5	860.96
1401.2	1757
1332.6	1927.5
6142.1	1640.4
1103.2	1721.8
1688.9	3861
6417.2	2697.5
1252.1	2024.4
1362.5	1831
3594.5	3568.6
5435	878.68
5724.9	1471
1362.5	1831
987.21	1818.5
6212.2	2936.2
1687.5	3669.2
1016.5	1859.2
1048.8	2109
5724.9	1471
5724.9	1471
5724.9	1471
1541.9	2401.9
1987.3	984.69
5724.9	1471
1466.9	1775.2
5945.8	1441.8
5724.9	1471
3213.6	137.82
960.33	2655.2
1050.4	2004
904.71	2079.2
6515.7	2568
1460	3922.4
1101.3	1822.2
1494.6	1925.9
1659.7	664.49
3057.6	94.772
1010.9	1789.4
5922.7	1183.4
1150.2	2007.4
1442.5	1836
4729.6	4090
6260.5	1942.2
1675.3	4201
5686.4	1239.1
1243.1	2031
1362.1	1918
1214.4	1924.8
1029.3	2136.6
6515.7	2568
5460.2	1322.8
5129	1186.5
6465.7	1955.1
1269	1775.7
1672.5	4236.7
936.47	2013.2
6243.6	1235.9
1229.4	1740.2
5049.6	3762.3
1435.6	1716.2
1116.4	2049
3176.2	3972.1
5452.2	1320
1357.4	1967.1
3368.3	4129.3
5116.4	1178.7
6243.6	1235.9
1753.6	416.65
1215	1775
1174.8	2091.1
1040.6	1675.9
6004.2	684.47
1435.6	1716.2
1096.4	2071.1
1105	2103.2
1530.5	2583
5251.2	1231.4
1010.9	1789.4
1026.6	1807.8
6293.7	2031.7
1419	1765.1
4630.5	40.747
1802	807.19
1258	1860.6
1718.2	4322.1
1792.5	294.62
1565	2367.9
5989.3	1793.6
5718.6	1465
1980.3	990.15
976.25	1678
6363.1	2723.6
5875.1	693.97
1096.4	2052.4
1028.2	1810.7
5861.4	1542
1134.6	1747.2
5268.2	704.83
1728.5	429.64
6489.1	2139.6
3151.4	4894.6
1036.9	1922.9
1365.5	1788.6
1618.8	4182.4
6249.4	1885.9
1199.6	1861.8
912.9	2087.1
966.14	2667.9
1372	1795.6
6521.4	2548.9
1717.8	4227.4
6021	1810.2
6464.3	1816.9
4241.4	3587.8
1283.4	3487.6
5121	4208.9
1079	1717.4
1493.3	1380.7
1061.9	2012.1
2929.2	906.69
1755.1	4212.7
1092	2059.4
1155.8	1893.8
5659	1429.4
5507.4	943.38
1711.5	4225.5
1262.3	1783.3
1251.7	1851.3
1124.1	2142.5
1251.7	1851.3
5121	4208.9
1434.2	1750.6
1499.3	1912.6
1061.9	2012.1
1104	1711.5
4833.3	1087.9
4762.2	1072.1
913.76	2076.1
1718.2	4322.1
6501	2673.1
1177.5	2072.3
4833.3	1087.9
1571.9	1776.4
2947.9	4592.2
885.02	2119.5
4254.8	3961.2
1976.7	190.5
1077	1326.8
1345.1	1956.6
5606.3	3843.1
2554.1	4255.8
935.61	2257.3
6490.2	2201
1686.4	525.29
922.2	2069.7
945.71	1920.6
1718.2	4322.1
1206.3	1756.2
6547.5	2533.1
2009.8	2625.9
6239.8	1376.4
2263	3806.8
1101.4	1752.2
945.71	1920.6
5288.7	1242.4
1657.3	718.63
6157.8	2946.3
5616.7	441.03
1577.3	2429.1
1258	1860.6
6158	2270.4
6210.8	2927.5
1054.4	2096.3
5907.5	705.5
1688.9	4258.1
1672.5	4236.7
1640.6	706.91
1240.1	1878.5
6429.5	2677.1
1722.5	4263.7
1712.3	4203.6
1318.9	1883.2
1044.1	1705.1
6197.6	2934
2550.2	52.81
1251.7	1851.3
6148	1907.3
963.53	2200.3
1251.7	1851.3
5615.6	3777.5
2290.9	1222.2
1085.7	1827.6
5576.4	900.39
6522.2	2883.8
1044.1	1705.1
4752.1	3847
1224.6	1903.5
2612.6	3468.2
6598	2211.5
6552.5	1919.8
6452.9	2172.7
1047	2079.4
1120.3	1830.9
1767.6	4057.9
1415.1	1744.2
984.82	2698.6
1365.5	1788.6
1488.6	879.92
1036.1	3024.8
1162	1993.9
6306.5	2016.8
1721.1	4300.2
1044.1	1705.1
5138.9	932.64
6034.5	1327.1
951.25	2203.9
5358.1	4081.4
1180.9	2083.9
1047	2079.4
1043.4	1713.9
5814.7	636.89
3286.2	168.62
6313	2919.5
1675.3	4201
6281.3	1482.8
6556.7	2429.3
1194.6	1923.3
1740.3	453.97
2373	1228.7
5089.9	171
1551.7	1612.9
1352.9	1937.9
2752.5	3863.4
5174.4	136.68
6475.3	2107.7
5109.1	4214.9
1802.6	703.45
1991.6	236.08
6507.7	2668.9
1939.8	4739.3
1057.6	1695.3
1866.9	447.01
6553	3002.4
995.33	1865.8
1957.6	185.68
6093.6	1791.4
2006.8	781.16
1097.9	1978.5
5606.6	3904.8
1241.5	1871.6
2006.8	781.16
6474.3	1769.6
4676.2	2644
1757.4	410.75
6150	1133.2
6307.4	2785.6
4317.1	335.03
5618.6	1407.3
6536.1	2193.4
922.79	1938.3
5922	1204.1
1128.7	1722.6
1241.5	1871.6
2959.2	3729
864.39	2574.9
1213.7	1846.2
1193.2	1755.2
5618.6	1407.3
1690.6	739.05
1265.5	1918.5
6178.1	2378.7
6359.5	2947
6181.8	2933.8
3549.6	3582.1
1993.9	216.18
5834.1	718.81
6167.9	2936.7
1428.5	750.23
950.72	1821.5
6432.4	1964.4
6352.8	2003.3
1764.3	427.6
1048.4	1415.1
1272.6	2578.4
5410.4	2601.3
1712.3	4203.6
5437.9	4133.9
6034.5	1327.1
1079	1377.7
6188.8	1715.4
6475.3	2258.8
862.01	1922.6
1076.2	1433.1
2164.1	89.767
1079	1377.7
1104	1711.5
1065.3	1371.1
1103.4	2089.1
1266.5	1857.3
3928	4524.1
1319.5	1839.3
1214.6	1748.3
1272.6	2578.4
6165.8	3159
4401.2	1095.1
1030.6	1854.8
1993.9	216.18
5645.5	1480.9
1048.4	1415.1
5844.4	1444.8
1040.1	2102.3
5433	850.58
5618.6	1407.3
1472	1730.9
4431.4	1092.7
984.04	2687.9
5721.4	3327
1999.4	237.66
6151.8	1246.1
1866.9	447.01
1054.3	1703.8
1095.4	1426.9
2818.2	759.82
6071.4	1349.9
5615.6	3777.5
894.75	2083.3
901.09	2255.2
956.55	2772.3
6044.5	2920.5
1542.5	2528.2
3052.7	4472.2
6513	2339.1
1051.6	1442.5
2056.3	4007.6
985.45	2869.8
5428.9	3608.9
6305.5	2041.1
6369.4	2064.7
1712.3	4203.6
1741.6	4203.9
4367.6	4568.2
1104.4	1411.2
5676.5	1028
6071.4	1349.9
1026	2093.3
5786.3	3829.2
1712.3	4203.6
887.99	2603.7
2620.2	1260.3
1805.8	2611.8
1037.6	1809.7
5973.6	1294
1164.3	2040.9
6440.4	1878.2
1105.5	1396.4
1272.6	2578.4
1563.8	2391.3
6305.4	2046.8
6233.9	1329.2
1051.3	1973.3
5441.6	3482.5
1367	1966.4
5712.2	3254.4
1155	1728.6
2012.2	241.74
1963.6	957.22
2011.6	776.24
6455.3	1862.1
1130.8	2136.3
5999.9	909.22
1054.3	1405.5
1037.6	1809.7
1135.3	1930.6
1674.2	2597.9
1054.3	1808.5
1352.9	1937.9
1078.2	1347.2
978.88	2877.8
1072.3	1363.6
2335.8	2644.4
1991.6	236.08
1647	4207.9
874.39	2599.4
5704.8	1236.5
6152.4	3120.4
3815.4	658.93
1341.8	1984.8
1075.7	2114
6309.5	1254.5
6431.3	3022
1737.3	4224.8
1601.4	1861.7
1031.8	2983.9
6595.7	2675.6
1064.3	2118.4
5506.6	921.81
6434.9	2117.3
1051.6	1442.5
1284.7	1855.6
1072.3	1363.6
4420.5	505.03
891.2	2080.3
2420	1186.1
1519.7	4347.2
4845.1	4393.7
5268.2	704.83
6151.8	1246.1
5599	3562.9
892.05	2804.1
3633.7	4005.5
1352.9	1937.9
5295.3	2608.6
6425.1	2992.3
6319.4	1506.9
5978.7	1583.8
5771.7	3216.6
4431.4	1092.7
6530.4	2722.7
1982.6	212.83
1031.6	1446.7
1076.2	1433.1
1643.2	1841.1
5914.1	578.12
4771.9	24.668
966.9	2817.2
1272.6	2578.4
6439.8	2735.5
5639.2	3596.3
4799.5	809.8
6226.6	3093
5868	774.77
1272.6	2578.4
892.98	2239.8
5645.5	1480.9
4619.8	1131.6
5406.2	3463.7
1582.4	1600.4
1266.5	1857.3
5997.3	1167
5344.6	629.24
1069.3	1711.4
6199.8	3348.8
856.44	2339.8
988.66	2693.8
6001.9	1346.3
4850.1	3853.6
2313.6	58.604
5401.1	3434.8
1601.4	1861.7
4738.6	580.14
5402.4	3463.8
1284.7	1855.6
868.05	2379.8
5297.8	3589.2
1066.8	2116.3
1272.6	2578.4
5866.8	1226.5
6379	2914.1
5592.3	3575.1
1840.1	322.28
5714.2	732.39
1499	1829.5
6479.7	2119
1272.6	2578.4
2059.5	261.11
4645.1	3949.4
5807.5	1043.7
1272.6	2578.4
6318.6	2898.6
2175.2	92.806
5233.7	3811.1
1232.5	1895.2
5556.4	3540.2
1337.8	2572.9
5401.1	3434.8
3908.2	1047.9
5944.2	2546.7
1272.6	2578.4
6010.2	1810.7
1071.6	2107.7
1233.4	1905.7
5402.4	3463.8
1619.3	1857.8
6462.7	2651.8
5720	1096.9
6301.2	1534.4
2037	4819.2
5418.1	3487.4
4903.9	3874.8
1547.2	1606.2
5194.8	2613.9
1064.1	2113
1485.3	2473.7
1900.5	4146.9
1272.6	2578.4
2491	1168
6399.8	2990.3
1601.4	1861.7
5469.1	3579.9
5182.6	2611.7
5307.4	3714.5
1095.4	1426.9
6307.4	2890.5
5675.2	1498.3
5651.2	3604.4
1440	1844.5
5189.7	735.97
4960.7	3587.5
5194.8	2613.9
4688.6	3752.6
1617.4	3702.8
4816.9	3967
6340.1	3156.2
4760.6	985.16
5792	3512.4
6252.7	1349.8
1110.8	2087.9
1553.5	1752.9
1114.3	2041.2
6030.4	3942.9
4880.7	2636.3
6107	3081
1444.7	1733.3
1620.8	1857
4331	3545.7
1082.9	2111
6356.2	2867.3
5484.3	3733.8
1539.9	3755.9
1279.1	1998
5459.9	3538.2
6046.4	2918.3
5401.1	3434.8
3864.2	3766.6
4619.8	1131.6
4331	3545.7
6211.9	2424.8
6001	1352.4
6167.3	2507.3
5297.8	3589.2
1968.4	891.82
5194.8	2613.9
2300.3	16.065
872.23	1970.6
5569.6	3562.5
1267.9	1869.6
1751.6	754.01
1272.6	2578.4
1680.6	737.78
1265.1	1961.2
6399.8	2990.3
4688.6	3752.6
1443.7	1707.6
3934.6	1048.7
6528.5	2554.7
6552.9	2519.2
3523.5	619.46
1078.2	1347.2
6552.5	1919.8
6017.1	3783.8
4873.4	3450.6
6021.7	2910.5
1521.5	2589
5147.2	3494.5
5101.4	3633.3
5377.8	3498.4
1619.3	1857.8
6418.4	1897.9
1619.3	1857.8
1024.3	3013.7
6347.6	2882.9
5547.2	3552.1
2065.9	4837.5
5295.3	2608.6
1553.5	1752.9
5793.3	3064.8
5051.5	3729.8
6450.7	2949.9
5113.3	4208.6
3323.9	2665.1
2629.1	1179.1
1272.6	2578.4
5459.9	3538.2
5256.4	3678.7
6028.4	3767.3
5800.4	3801.7
1755.1	4212.7
4899.4	3629.9
1963.6	957.22
5365.3	3563.9
1620.8	1857
6505.1	2648.8
5582.2	3535.4
1494.1	1269.6
5944.2	2546.7
1521.5	2589
3675.8	263.18
4855.3	2642.1
5469.6	1271.1
1577.4	2350.1
5147.2	3494.5
1073.9	1714.5
1755.1	4212.7
2175.2	92.806
5051.5	3729.8
1521.5	2589
2073.9	149.12
1619.3	1857.8
1543.6	1636
1272.6	2578.4
5353.8	3562.7
5276.2	3583.3
5186.5	3519.8
5839	2551.3
5556.4	3540.2
1133.1	1762.5
5083.8	3885.3
5385.3	593.59
6559.3	2502
6598.5	2361.3
6029.5	2933.9
4919.7	3646
1395.6	1919.7
6564	2499.5
5103	3918.2
5320	3529.2
4137.6	3596.6
5532.8	1199.1
1601.4	1861.7
1272.6	2578.4
4963.4	3916
1272.6	2578.4
1487.3	2470.5
4373.2	134.86
1957.6	185.68
5265.5	3800.2
5469.1	3579.9
5800.6	3078.7
5944.2	2546.7
6283.1	1478.8
942.19	2255.4
5780.1	2568.2
1036.5	2144.6
4970.6	237.15
5194.1	163.12
6445.2	2156.4
6283.4	1268.5
3368.3	1048.1
5500.4	3824.7
4330.7	1084.8
5329.2	4643.4
5515.5	3518.8
1568.8	1651.9
5194.1	163.12
942.19	2255.4
2074.8	228.16
1272.6	2578.4
4674.4	3959
1989.3	227.73
1383.8	3521
4845.6	4384.5
1491.4	670.17
4619.8	1131.6
2511	957.44
4808.3	3755.4
5944.2	2546.7
5083.8	3885.3
5618.8	530.62
5400.4	3477.9
1096.1	2118.1
1967.5	391.76
5287.1	3585.1
5455.6	1363.8
5613.5	307.06
1272.6	2578.4
