5913.9	657.82
1588.5	2462.2
3847.5	819.98
5944.8	1205.4
5796.8	1061.8
1530.5	2583
991.47	2179.2
6464.1	2421.3
2143.7	686.78
6464	2421.1
4197.9	414.25
4340	338.8
3700.3	288.06
6462.8	3173.2
6502.3	2658.8
3713	278.74
2726.9	440.84
5058.5	996.9
2370.6	657.27
907.5	2628.5
5483.4	905.13
1489.6	1909.4
1138.4	1965.9
5094.3	1069.8
6586.1	2329.9
1162.8	2051.7
1489.1	1909.5
1531.3	1845.5
1123.3	2116.8
4673.8	879.48
1329.1	1760.3
3257.6	284.3
5425.3	515.52
6482.6	3099.4
1126.2	2082.9
2102.4	768.01
1123.5	1842.4
6586.1	2329.1
5425.1	515.45
1694.1	4157
4887.3	824.08
6125.6	1629.8
4264.6	4122.9
3916.7	620.58
5023.4	556.76
6557.1	2277.9
6458.6	1797.9
923.15	2635.1
2967.1	68.928
6239	2008.8
1098.4	2009.9
4888.3	823.55
1232.6	1919.9
1150.5	1995.6
5807.8	1325.6
5696.7	1012.8
5424	1049
6166.1	1092.6
5021.6	552.34
6529.2	2543.4
1095.6	2159.6
5020.1	548.39
5429.1	1058.9
1215.1	1939.2
1989.5	490.43
6573.4	2372.6
1137.4	2007.2
904.67	2685
6448.2	1981.9
4834.2	480.09
5863.4	885.95
5012.6	532.87
5976.1	1231.5
5263.5	671.23
1357.4	1967.1
1106.9	2136.2
2568.8	1230.9
6513.1	2557.6
5255.3	953.12
5197.2	371.48
5561.5	868.44
6480.2	3114
2494.1	517.55
5187.8	684.21
6133.1	1502.9
4741.9	501.98
6100.2	1839.7
5561.7	870.09
6261.2	1941.7
6259.1	1359.7
1103.2	2136.4
5187.7	683.71
2451.2	582.2
1663.8	1848
1124.4	2099.3
1214.3	1941.4
4741.6	501.5
4729	923.83
6390.8	2037.6
2129.5	62.594
5245.7	965
2458.9	624.72
1619.8	1819
2773.8	1120.8
2938.3	927.87
1153	1944.6
1450.9	1896.2
6555.5	2597.3
2073.3	3956.6
1030.2	2135.4
5653.7	3282.2
1617.6	1817.1
5837.6	1090.1
2454.1	582.81
4624.9	476.33
2454.9	583.13
2075.4	765.77
2952.3	424.11
2861.6	445.3
5268.2	704.83
6454.9	2037.8
5888.3	4235.8
2496.5	3612.3
2860.4	447.44
5659.1	956.94
5054.6	598.26
3625.4	272.45
6184.3	1513.2
4049.1	429.51
5844.5	1338.7
3703.3	799.99
4634.7	472.12
6197	1705.3
6186.8	2944.2
6312.9	3252.8
1090.9	2013.7
1425.8	1488.6
3690.7	1030.3
5977	1232.8
2955.7	425.59
6241.5	1596.4
2300.4	595.98
1094.9	2052.5
2383.5	612.91
1345.5	1955.8
4180.3	845.35
1202	1677.2
4181.9	845.94
5963.2	1663.7
5103.3	1092.8
6274.3	1689
5233.5	977.59
957.06	2180.3
1314.1	1276.5
5696.5	1224
2960.8	428.61
2955.3	475.46
974.73	2049.2
5370	1205.9
6127.1	1834.1
1009.8	1848.9
3888.9	945.03
6029.2	1780.3
5370.1	1205.5
6516.8	2568
5394.9	746.71
5253.5	713.03
970.96	2175.5
4220.4	1058.4
3929.3	946.46
6568.5	2033.1
4011.9	1027.1
6314.4	3253.1
3224	884.72
973.82	2049
2433.6	243.55
5953.6	1437.5
3042.1	378.81
6545.4	2501.6
2764.6	435.52
2950.8	423.25
991.79	2025.4
3698.9	833.2
1070.7	2093.3
5769.7	1061.6
5839.4	1097.9
4064	366.22
4784.3	1077.6
4685.8	1129.8
6294	2032
6461.9	2013.9
4414.5	1085.9
1870.5	1237.3
1029.3	2136.6
1302.3	3851.2
4072.6	359.86
991.78	2044.9
4067.9	363.38
1205.7	1686.1
4071.9	359.59
4318.6	1073.1
3041.3	377.03
6188.6	1937.8
2545.8	1007.7
6454.4	2037.9
2060.9	3983.8
6368.2	1899.4
6515.7	2568
4666	146.77
1863.9	1251.6
6028.8	1780.2
4622.1	1039.3
6270.5	1922.9
1298.4	1710.4
4118.4	1047.3
3052.4	384.76
1209.3	1908.1
4012.8	1039.2
6028.3	1797.5
6521.4	2548.9
2692.9	795.19
1074.4	2033.1
6446.5	2013.3
5833	725.39
6246.5	1289.9
4632.7	952.58
963.25	1568.4
3594.1	940.95
4752.2	1068.7
2612.6	3468.2
6294.1	2035
6349.3	1562.5
6306.5	2016.8
3033.7	990.7
4416.5	722.58
4670.8	1049.6
6023	1796
4549.8	427.63
3801.9	940.89
6293.7	2031.7
6560.8	2084.4
6328.2	1988.5
3420.9	3789.4
2910.1	3726.4
2843.1	1024.4
2058.5	3983.9
2756	1043.8
2790.5	1035.7
3919.8	944.91
6428.2	1998.6
3162.6	1060.2
2667.8	1065.2
3369.9	950.57
2586.4	1087.4
6078	1705.5
5499.7	1113
5420.5	1054.8
6328.2	1987
3072.3	985.28
5254.6	972.59
6163.3	1089.9
3909.4	1034.1
6279.9	1961.3
5989.3	1793.6
4235.3	972.12
1074	2033
2442.5	244.24
5848.7	1144.2
967.09	2177.6
6582.9	2136
4132.1	961.06
2377.2	2643.9
1058.5	1794
5078.1	1166.2
3267	959.6
3149.5	3773.9
1722.5	4263.7
2508.6	1109.1
1640.1	1825.3
5697.3	755.04
4430.3	1002.1
1531.9	4090.8
6454.5	2041.9
5867.1	1560.7
3539.4	394.92
6521.2	2505.4
1852.2	752.09
6455.2	2681.6
3336.6	338.7
5693.1	754.89
6500.6	2150.2
3793.2	1030.4
1624.6	1491.7
1307.9	1782.2
6280.1	1961.2
6507.4	2169.6
2947.4	3745
3810.2	651.9
4844.9	1094.4
4530.2	372.02
3903.9	652.49
6577.7	2509.5
5553.1	899.75
6347.9	1838.6
5006.1	1059.7
6155.1	1820
1722	4360.7
2701.9	1056.6
5408	1057.3
3687.1	649.22
1050.8	2113.1
5687.7	755
6493.4	2006.1
1046.9	2095.3
3018	3952
2295.9	632.9
6300.9	2877
6579.3	2459.1
990.13	2852.5
5583.5	4443.8
4216.8	683.14
4842.1	521.07
3685.5	651.34
1489.4	1730
5830	1198.9
3963.2	329.48
4858	1097.1
2764.7	1040.7
6024	2923
3603.9	3581.3
2012.2	241.74
1048.9	2084.8
6468.3	2070.5
4776.4	1074.8
6142.1	1640.4
5070.2	1163.8
6285.6	1960.5
2852.8	1022.3
2965.1	999.83
5350.7	1248.6
4596.9	1118.4
3794	637.63
4613.5	1037
1075.6	1857.3
1561.9	1586.9
6202.6	1934.2
1178.5	1936.7
6139	1545.7
6492.6	2007
2651.8	3498
6501	2673.1
6360.8	3071.9
3155.9	989.22
6331.4	1784.4
6025.3	1784.4
2464.9	1121
1722.6	1649.4
5686.4	1239.1
3799.6	941.93
3225.3	4123.9
1178.8	1937.4
3017.7	3952.6
6540.9	1727
5089.5	667.86
6137.8	1547
6151.8	1904.9
3688.1	948.25
3055.1	995.57
4653	116.39
2608.3	1080.3
5289.6	1244.5
3364.6	1042.3
5062.7	1164.1
2313.3	1171.7
2693.4	807.03
3794.4	637.65
2691.6	1059.1
5576.4	900.39
2517.4	1106.1
1077.1	2045.6
6289.1	1464.7
5905.7	4207.7
5594	1392.6
2443.5	1128.1
2383	664.85
1003.5	2004.6
5354.1	1245.5
4601.1	531.11
1049.3	2084.8
997.95	2170.6
6547.3	2409.9
1724.7	4236
2620.2	1075.8
1163	1156
5776	1504.7
1598.3	1498.4
6577.1	2510.2
6307.4	2890.5
6507.7	2668.9
6540.4	2404.9
6556.8	2429.6
3968.5	4001
2600.5	1278.3
6310.5	1996.6
852.95	2151.1
6556.7	2429.3
3645.2	4012.7
3986.6	3794.3
2654.9	591.23
2541.2	1097.9
6344.4	2744.9
1124.7	1231.5
6447.2	2169.2
954.64	2170.6
6322.6	1935.9
6132.9	1494.9
6021.6	1696.3
1153.7	3162.5
1123.8	2143
6492.9	2162.7
1154	3162.6
1056.4	2106.4
1960.4	166.23
1312.3	1316.5
6546.3	2360
6505.1	2648.8
3365.7	367.96
3320.6	3945.2
3830.4	4602
856.69	2412.8
5061.9	1167.9
6594.6	2472.3
6579.5	2560.7
6546.5	2349.9
2479.3	618.61
6519	2407.3
6401.7	2703.3
1676	3931.2
6308.3	1996.2
3684.3	654.86
862.48	2414
881.07	2428.3
3791.7	4381.2
908.04	2492.1
3699.8	3843.4
5908.2	1201.8
2380.5	1155.8
1177.5	2072.3
6181.1	2503.8
5297.1	1250.6
2321.3	911.61
6493.4	2163.4
6546	2361.4
5187	1213
4938.3	3934.6
6591.5	2465.8
6452.2	2172.1
2393.6	1142
6582	2392.9
1064.6	2059
982.14	2189.7
6129.7	1478.2
1765.6	1525.4
1693.8	533.67
6322.3	1934.4
981.19	2191.6
1611.2	1798.5
866.85	1848.9
6370.1	2051.1
6451.3	2052.8
6321.6	1779.8
4055.1	4588.9
6329.7	2737.8
1473.3	1362.2
857.59	2800.1
2301.3	75.354
2778	1039.1
2958.2	3714.3
1568.6	2444.5
3822.5	667.02
4138	3995.4
3371.7	377.23
2956.2	3714.3
6312.2	3190.2
1993.2	228.25
6452.9	2172.7
3590.6	4603.2
1124.1	2142.5
6211.8	3165.6
3060.3	4469.8
984.04	2687.9
5061.2	633.78
3367.4	364.39
4612.9	506.04
5379.8	1130.7
6190.3	1892.4
2184.7	549.6
3311.5	1009.4
4937.3	3934.2
6276.3	3253.5
6066.8	3272.8
6444.8	2000.3
3970.4	4052.9
1862.4	851.13
6200	1580.6
2480.8	607.1
3824.5	3866.3
6033.4	863.4
3191.9	330.75
2895.2	4071.4
1570.7	2366.6
6191.6	2966.8
3228.7	4352.7
3713.2	3802.6
3271.7	4001.1
1042	2019.6
2633.9	1189.3
6157.9	2946.3
5036.3	547.1
6543.6	1963.9
3791.6	4138.2
5877.1	4046.5
6277.4	1959.8
4065.3	3875.9
3783.2	4201.6
6506.8	2165.4
3218.9	836.81
6387.8	2128.4
5577.6	4641
984.82	2698.6
3686.6	3801.8
1778.6	1517.2
4343.4	4084.8
2290.9	1222.2
951.25	2203.9
2502.5	398.47
851.62	2185.8
5852.5	638.61
3314.3	3977.2
6531.8	2267.9
6067.4	3272.4
4150.7	4149.7
6157.8	2946.3
6454.9	2735.6
3768.1	3891.7
2148.5	60.638
2368.4	686.24
3816.4	3792
6494.3	2582.9
1066.5	2141.3
4085.2	3752.2
6552.6	2520.8
6014.7	2886.3
1180.9	2083.9
6181.8	2933.8
2887	3702.1
5393.5	1257.5
5153.8	4010.6
6004.4	2882.9
4330.7	1084.8
3025	4577.2
5223	372.49
2807.9	481.22
6379	2914.1
3658.1	1005.4
948.38	2204.8
2482	602.54
6298.6	1973.4
6404.4	1404
3918.4	3987.2
1538.2	4092.8
4342.1	252.23
1959.7	177.83
1548.5	1609.6
3629.9	4201.7
3917.2	3986.4
5256.6	719.81
4330.2	4460.3
2288.4	67.871
3042.6	4523.1
2007.8	990.6
3831.4	4323.7
1767.6	4057.9
3937.3	4173
5030.3	53.731
6544.3	2148.5
6527.4	2104.6
976.01	1636.7
6404	1403.7
6394	3085.8
1060.7	2139.4
1177.8	2079.6
3173.3	3964.8
5395.1	677.32
1141.6	1925
1646.1	611.15
3287.5	4123.4
6572.7	2131
6134.2	1638
3420.6	4168.9
4117.8	3897.7
2835.6	525.09
1257.2	1324
3956.2	4132.6
6441.4	1947.6
2598.2	3882.5
6167.9	2936.7
1186.6	1666.3
6453	2021.2
4197.3	439.43
4202.2	773.34
1066.1	2903.9
3990.6	4164.6
6188.8	1715.4
1073	2143.7
4613.1	509.57
856.93	2777.5
1337.1	1343.7
3048.4	4271.6
3130.6	4487.1
4612	523.82
980.61	2876.6
4613	508.79
6530.4	2065.3
4086	1017.8
6441.6	1947.9
1358.4	1956.3
4118.3	3897.8
5710.6	882.92
5457.7	154.93
3564.9	4529.7
1641.3	1799.8
982.9	1731.5
6397.8	3083.8
2371.4	678.62
2650.8	4420.5
5101	923.76
2936.3	4068.5
4743.9	1141.3
1789.9	1499.6
6557.3	2414.2
4707	795.44
1469.9	1893.7
5729.6	458.31
4086.1	3788.8
5561	382.95
2962.6	4075.1
1473.3	1376.5
4136	3970.8
4347	260.95
5875	922.23
1104.4	1903.4
1131.4	1913.3
2370.8	679.02
2935.1	474.18
6384.3	3116.1
3262.3	4155.8
1636.9	1368.7
2244.2	4162.9
1472.4	1376.8
2842.2	516.2
1864.1	368.16
1597	1805.1
6340.8	1990.3
978.88	2877.8
4865.2	4363.6
3865.6	4581.8
6319.8	1926.9
3419.5	402.65
6498.7	2180.9
3771.8	3991.7
3710.3	998.7
887.99	2603.7
6341.7	3133.7
6298.6	1850.3
2961.6	4076.4
6552.5	1919.8
3130.4	4487.2
1632.1	597.92
3262.3	4179
5375.5	664.24
1541.9	1637.5
2991.8	1054.5
4151.7	4101.9
5116.6	106.16
3174.7	3865.9
6405.4	3108.9
5114	1168
4665	4034.4
3843.2	4177.2
6135.6	3826.3
3712.3	998.71
964.92	2053.6
2675.7	4373.3
3099.2	965.38
2716.2	3826.5
3175.5	4559.8
1044.5	1986.1
6165.9	2933.9
3042	1080.8
6512.8	2728.9
1334.7	1327.1
5816.2	823
854.16	2771
1616.5	1529
3564.1	4530.1
4209.4	694.79
3717.5	3926
6341.8	3133.4
3666.7	1034.7
3664.2	3916.5
2978.8	481.23
995.84	2931.9
3415.9	4193.7
6591.8	2659.1
4690.6	126.93
4046.3	441.36
866.85	2359.1
1347.6	1300.6
5244.8	173.9
859.85	2469.7
1186.8	1681.6
6407.5	3108.7
4395.1	2652.9
6114.5	1752.4
3157.3	3873.3
6308.9	2802.1
848.59	2557
6010.6	934.39
6435.8	2761.6
1539.9	1758.9
5409.6	2598.3
6503.3	2988.2
4550.1	4219.8
986.2	2865.5
2895.4	4119.7
2609.4	3827.9
3272.2	3977.2
2677.6	3702.6
1778.8	546.35
6520.4	2663.7
5676.8	3305.3
2609.6	3827.9
6579.4	2613.9
861.14	2691.2
3962.3	933.14
3069.3	3869.4
3514.3	3576.8
4300.3	1058.3
4743.4	1156.1
5113	1167.9
6308.3	2801.3
2903.3	3826.6
3256.8	3731.1
6297.1	2029.6
910.15	2308.6
4046	441.62
6061	3174.4
6437.4	2757.5
3623.8	4456.5
4826.6	1159.9
3743.6	3914.2
2326.4	4292.8
3226	1094.2
859.64	2469.9
3419.7	404.04
2749.4	4063.8
5751.1	412.13
2396	3717.4
3176	4559.7
888.63	2619.1
1551.4	1619
4188.4	1029.3
1685.9	1397.1
1347.2	1302.6
3246.2	4119.7
907.08	2307.9
3664.5	3914.9
3653.6	3902.2
4554.9	3557.2
6305	2039.4
3231.2	4174.7
982.7	2017.5
3922.7	630.12
3208.5	4151.5
5426.2	1371.7
6463.3	1877.4
3623.6	4456.7
4669.5	4367.8
2725	3746.2
1549.3	1624.2
3026.2	4350.8
3340.9	3738.7
1976.3	202.84
3805.7	3804.5
3377	4574.4
4070	942.54
5844	638.14
3280.1	3889.2
4488	1087.2
5745.9	1480.4
2623.8	4031.4
3871.3	4641.5
6087	1159.5
5344.6	629.24
3802.9	3780.7
4038.8	410.93
5082.1	3760.6
5008.3	4080.8
2004.9	238.38
6126.7	3108.4
5678.4	1377.4
2899.9	3827.4
2463.6	4358.4
5957.9	821.36
1091.6	2026.7
1418.7	1611.1
3813.4	3880
1346.9	1303.8
2254.7	4161.6
1473.6	1790.5
2655.6	3777.1
5968.9	812.43
4052.8	3886.6
2594	4043.2
6454.7	1862.6
2900.3	3827.1
6388.3	2910.2
1621.4	1537.4
995.02	1798.4
861.95	2691.2
6359.5	3136.5
3172	3866.9
3561.1	4526
5459.4	269.67
3841.1	4401.7
3718.1	3724.5
869.01	2318.4
3144.3	1069
1984.6	308.68
2420.6	2644.2
1026.3	3011.6
6491.8	2600
6305.5	2041.1
6360.9	1590
5341	3339.3
6382.8	2763.9
2867.7	3841.4
5816.6	827.25
6458.7	2029.3
1029.4	2089.4
2910.1	4071.9
3233.1	4172.8
3880.1	4619
1399.9	1220.1
6373.6	1909.9
4652.9	896.78
4836.9	4320
958.29	2188.7
2541.8	1234.9
4285.9	947.53
4249.3	3559.9
4080.3	3850.6
3888.3	3850.5
5607.9	3792
3840.5	3934
2867.4	3840.8
5409.3	2598.1
2802.9	3715.5
2406.8	4278.6
6538.3	2260.1
6504.3	2127.5
3038.8	3789.2
2862.7	3884.2
1190.3	1870.4
3047.2	3823.9
3141.2	3883.8
2827.8	806.64
6108.3	1749.5
4863.1	3833.5
2862.8	3884.4
3115.3	4538.2
3376.6	4572.8
4197.3	424.13
3086.2	3811.9
3940.1	4279.2
5645	3782.3
5939.3	749.64
6293.6	2933.6
2920.9	4068.1
3875.1	4560.7
3316.8	3793.6
6500.7	2571.4
5764.8	421.34
3001.3	3867.6
6324.1	1942
4608.5	3901.7
2406.3	4278.2
969.37	2019.1
6359.6	3136.6
845.39	2553.4
5341.9	3338.3
6190.1	1703.7
2952.2	1104.2
2622.4	3787.8
3160.8	4014.4
3432.2	3909
6474.8	2800
3823.1	3977.5
6418	1661.1
5940.9	741.8
3643	4069.1
3812.7	4196.4
6535.9	2513.5
3557.2	4583.2
3919.9	4065.9
2628.8	1146.2
6392.7	2047.4
3801.7	3757
3062	4151
1882.7	2617.9
4764.9	1161.6
1884.2	2614.4
3277	3718.9
1550	1622.3
3345.5	1049.4
6564	2499.5
3812.9	4196.9
5376.5	3302
3244.1	3787.2
2670.3	4262.6
3506.9	469.76
4618.6	545.46
3914.9	4034.1
6546.1	2215
6305.8	2042.9
1385.7	3714
6477.6	2123.4
2877.1	4096.4
4028.8	4626.8
3168.2	4251.4
6457.5	2803.1
5784.3	3297.8
3881.7	4616.5
6466.1	2953.1
3253.2	3764
2299.8	4049.3
2385.5	673.83
3871.9	3755
3292.9	4357
4562.5	1150.1
3346.3	1049.8
2403.8	1228.2
5943.3	1433.3
2516.7	4136.1
1307.3	1363
5690.5	3302
6495.4	2603.1
6294	2933.4
1607.1	1696.3
3892.5	3876.8
2513.4	280.49
2561.3	3753.4
2384.8	3919.1
4922.3	1202
4981.3	237.65
3141.3	3883.2
3106.9	4513.8
4935.6	3988.7
4194.8	4109
2639.8	3782.2
5104.2	987.17
6559.3	2502
5889.8	3178
845.09	2379
3317.8	3626.5
3941.4	4116.8
3876.9	4557.9
2471.6	3983.5
6525.8	2558.2
864.39	2574.9
6477.8	2124.4
3802.3	3756.8
3219.9	4180.3
5701.3	496.13
1614.2	503.2
1040.1	2102.3
869.26	2646.5
865.42	2788.9
5496.9	4103.6
6557.8	2953.7
3155.8	4040.1
2573.4	3926.2
6476.2	1943.3
4160.1	3703.2
3576.3	4626.2
2887.9	1095.8
6377.7	1777.9
2827.5	806.78
4246.8	2656.2
4127.8	4374.1
3244.1	3787.5
4616.2	544.11
3048.9	3902.1
6395.1	2783.3
3201.3	3892.9
3830	3929.1
6498.8	2105
3871.7	4630.2
6157.7	1099.1
2596.9	4009.8
6079.3	3168.7
977.14	2021.7
2574.4	3925.9
1488.8	1743.4
3389	798.12
2827.4	4022
5771.9	1496.5
1268	1334.7
3219.7	4180
5966.3	3144.7
5580.8	3360.9
5696.2	3409.5
3091	4567.9
4743.5	3997.7
6441.4	1936.8
2403.9	1212.7
2913	3674.8
6116.5	3274.9
3125.3	4465.2
6046.4	2918.3
4196.4	4377.8
6326	2011.2
882.06	2598.2
6438.8	2779.2
2283	69.91
1397.7	1737.5
3087.2	4152.6
1151.2	1272.6
6519.9	2268
3822.7	3702.5
3109.5	1073.3
2457.8	87.239
5051.9	4471
5907.8	1662.1
6166	2957.2
2719.2	1026.3
3571.1	4412.2
1164.4	1755
2017.1	236.47
4011.8	4554.9
3901.9	4019.2
3469.9	3993.5
1090.1	2034.8
5935.3	3176.3
3015.8	3835.2
1268.6	1927.8
6331.9	2755
1113	1755.7
6406.4	2777.6
1651.3	1457.9
6180.2	2955.4
1498.9	1774.1
6463.7	2791.8
2868.3	3977.5
6468	2953.8
937.93	2973
3988.3	1006.2
6538.1	2814.6
1561.6	1675.5
944.16	2787.5
1805.8	2611.8
6470.7	2264.9
3920.7	4039
6447.7	2030.7
6544.7	2513
4694.2	4381.5
3744.9	3808.5
1845.3	343.39
3806.7	4135
3870.6	3754.3
1268.1	1331.7
2693.6	3636.9
2744.5	4084.4
3123.5	4462.7
1100.8	2016.8
1022.3	2122.6
6570.6	2359.5
2481.1	1229
6508	2562.1
3914.4	3993.4
5854.1	557.94
3884.2	3729.3
6318.8	1945.3
6507	2299.7
3756.5	3751
3820.7	3981.2
859.51	2349.7
2991	3700.3
4293.7	4476.6
3072.1	3698.8
3231.7	3797
6163	2929
2467.9	4003.3
6332.9	2922.4
6597.9	2406.1
2706.5	4413.6
3266.5	3701.4
4120.1	3581.8
2917.8	1102.8
3797.3	3735.1
3917.5	4009
6558.8	2954.3
5253.8	177.27
2861.3	3585.8
6188.6	3128.1
3240	1021.6
2452.4	846.39
3380.3	4614
5931.4	1677.9
2662.8	4189.4
2816.7	4184.7
6349	2806
3675.6	3606.7
4140.3	3958.2
3796.3	3735.7
5042.7	1003.9
4129	4373.2
1462.3	1329.9
2733.6	4467.2
6505.7	2629.7
1462	1394.2
6084.2	1103.1
5993.4	2894.2
5760.7	803.4
4833.5	4028.4
3231.7	3796.7
5580	3361.9
5979.1	815.49
3893.5	3745
5084.2	3934.6
3085.8	3715.6
1521.5	2589
2989.4	3704.3
2038.6	312.44
932	2265.9
4168	3708.7
2886.4	4070.7
3801.7	4192.6
3369.5	4578.7
6167.2	1902.8
6381.8	2030.1
6381.2	2031
3031.1	1053.8
5344	2608.8
3818.2	3982.6
3239.9	3773.3
3240.5	3728.5
2597.6	4041.5
2953.2	4561.8
2788.5	3735.4
3702.9	1036.2
3790.4	3714.8
3675.6	3732.2
2768.8	4167
1963.6	957.22
4681.4	2639.9
5300.7	2604.5
6305.2	1371.5
6462.7	2651.8
2970.3	3765
6189.8	3044.1
935.05	2789.2
1335.6	1340.5
6440.4	1878.2
2980	4497.2
4450.4	4035.2
5120	4219
1882.3	2618
5855.2	2559.8
4043.1	4629.5
3599.9	4013.5
6434.9	2117.3
6453.5	1837.5
5160.8	1192.7
3389.1	799.46
4169.2	736.99
847.95	2650.2
1359.2	4109.4
6578.6	2521.5
5680.1	1545.6
4420.5	505.03
3912.7	3994.1
3636.3	1037.6
3802.3	4192.7
6442.6	2923.9
3407.5	3805.8
6166.7	3157.5
2420.7	1058.7
3099.1	4508
2921.1	3753
4036	421.55
4370.9	3543.9
3925.2	4071.5
4427.2	1098.9
2344.7	4332.9
3819	3949.2
4257.6	966.18
3681.8	273.74
3004	4418.4
2970	3765.1
2578.4	4023.3
3016.6	3835.4
2881.6	3833.9
4194.3	4377.3
3379.4	4611.6
1387.5	3720
3112.9	4524.6
2759.7	4081.9
4223	3700.8
3269.3	3966.4
6285.4	1632.6
2274.7	1151.2
1552.2	1747
4682.6	2644.8
6588	2401.9
6439	2921.8
3726.2	3598.4
6153.1	1843.1
2634.8	3962.3
3804.2	3930.1
2911.3	4033.9
5960.2	831.36
6298.3	1455
2583.8	4411.6
5983.3	1011.7
2707.2	4414.9
2893.1	4082.5
6189.8	3044.9
5057.9	2629.3
3310.7	1055.1
5029.9	3429.1
6526.8	2668.7
3003.7	4418.9
2746.4	4083.6
3883.6	3765.7
2388.6	4328.5
3262.1	3741.9
2760.3	3663.2
2375.2	4292.5
6102.2	1782.2
1495.5	1265.8
4685	3445.5
1030.1	1556.5
3507.4	3899.4
2908.3	3549.9
5164.8	230.95
3217.8	3860.2
4655.6	1020.4
2998.2	4445.4
2765	4087.9
2764.7	4087.3
2405.5	4258.1
2522.5	1208.1
3520.3	3726.4
1206.6	1381.1
6320.9	1440.6
3683.3	4583.9
2374.6	4290.8
3854.4	326.72
4000.8	4544.3
4752.2	803.23
3091.8	4635.8
5070	484.07
3018.4	3574.4
6548.8	2241.2
5080.1	4538.1
3176	3792.3
856.02	2748.4
2580.1	4026.7
3260.5	3712.2
3360.1	4383.2
3893.5	4288.6
3105.9	4597.1
3592.6	3678.2
3218.9	3859.6
4475.6	1134.2
1204.9	1376.1
6312.2	3004.3
3680.3	995.31
3246.1	4146
3964.7	1044.7
5794	815.74
2873.6	4244.6
6449.8	2187.8
5508.8	4255
6500.5	2258.6
5297.5	1333.7
2982.4	3743.6
944.28	2787.4
3139.6	4254.4
6548.5	2170.1
4478.3	1064.3
2613.9	2651.6
3083.6	3707.3
6221.4	1186.1
6028.8	773.78
2771.2	3769.4
3014.2	3686.2
5703.4	497.51
2682.3	4463.7
1251.9	1989.7
3278.9	669.84
1163.4	1736.9
5982.8	1011.4
2748.1	4082.7
5502.9	4346.6
3139	1033.4
4851.4	4404.3
1958	1076.1
1129.7	1725.1
2685.4	321.54
3337.5	3730.3
6568.7	2496.2
4841.2	3638.8
2776.3	3667.2
884.55	2748.6
3440.1	3940.6
6179.4	2956.5
849.23	2379.7
3680.9	996.66
941.76	2255.2
1495.3	1265.8
2912.2	4091.8
6070.5	816.78
4352.4	4500.2
1308.6	3555.5
3957	1041.7
5188	4283.3
3095.1	3684.6
3122.2	4128.6
933.42	2951.1
6530.2	2151.2
3491.9	4011.5
3439.2	4132
6287.7	1822.8
5241	4027
867.31	2338.2
3882.4	3764.2
5707.2	4092.3
3440.9	4163.4
4488.9	3669.9
2410.3	1246.4
6506	2312.8
4650.9	4046.9
3599.8	4164.5
6280.4	3193.3
2875.3	3575.4
1337.8	2572.9
3722.7	3732
3258.2	3992.7
6642.8	2514.9
3670.7	2666.8
3183.3	3996.5
5444.2	145.63
3299.3	3692.7
3411.9	3732
1173.4	2096.8
6517	2055.9
2969.7	3779.1
2574	4018.9
1622.5	2595.9
3197.6	4149.1
6518.8	2053.4
4065.3	3929.6
3613.3	3727.7
6433.3	1855
5903.6	3177.3
3083.1	3613.2
2459.5	4635.3
2868.7	3961.8
6355.3	2863.4
3359.9	4382.4
2953.4	3803.6
6481.7	1908.4
3921.6	3965.1
6372.9	2040.8
4388.1	1049.1
2453.5	2649.8
3267.7	3964.8
3082	4147.1
1476.7	1807.2
5829.8	2981.1
6499.5	2685.1
3012.8	1086.9
6454.2	2160
1083.2	1986.6
2079.6	2633.3
1633.2	463.91
3956.8	1086.2
6523.4	2347.3
5525.4	3834.1
3841.3	4328.7
3821.5	4173.2
4973.7	3657
3040.7	4258.2
3896.2	3837.2
3856	3822
3387.5	795.04
6481.7	1908.9
3103.4	1076.9
2334.6	650.23
2612.7	3989.8
5987.9	1343.4
6560.9	2460.7
5423.2	2603.5
1594.9	1702.8
3221.4	120.2
856.16	2642.6
2972.5	2660.9
2583.3	4043.7
1993	2630.6
3444.1	4193.1
5166	1281
2780.6	4073.4
3139.5	4076.6
2590.2	3990.2
2933.1	3875.7
847.01	2378.9
2563.8	2656.9
3444	4191.1
5296.3	4524.1
6413.2	1726.7
2959.3	4550.8
3874.9	3757.5
6526.1	2668.7
3423.4	4402.2
1679.1	1415.6
5240.5	4433.5
3266.4	3963.1
2501.1	1196.8
3137.8	4123.1
3443.6	4192.5
3150.5	4090.4
2969.9	4544.8
847.17	2585.6
3195.9	3897.4
4042.6	3735.2
6482.8	2638.9
4046.5	3719.5
1071.6	2107.7
2487.8	4095.3
4476.1	3554.8
3249.1	3752.2
1018.6	3128.4
3739	3939.5
2537.2	2652.8
1211.7	1856.5
3250.6	3751.6
4848.9	4161
6326.3	2010.7
2603.1	4038.8
6164.7	2956.9
1501.6	1737.1
1884.3	1231.9
4850	4163.7
3712.8	3842.4
2255.3	4300.6
3012.7	3779.8
3903.1	3973.2
2960.4	4550.1
2889.2	1089.6
6144.5	2959.6
3789.6	4207.4
3977.1	4320.1
4105.6	409.01
3823.7	4123.3
3922.5	3854.2
4164.4	4061.9
3893.8	3746.8
5909.7	570.97
1032.8	3048.3
3838.5	3768.2
6343.4	2792.6
3004.2	4441.8
3312.8	679.12
3903	4327.4
6381.5	2028.5
6578.7	2525.9
4010.6	2663.4
3004.6	3717.5
3332.6	3670.6
2258.5	4300.3
6053.1	2902.3
2879.2	3937.9
3333	3669.7
4594.4	2208
2662.9	2655.5
3992	4494
5831.4	2981
5068.3	485.52
6566.7	2420.8
6057.1	3190.7
3157	3954.4
3846.2	3676.2
2802.2	4069.1
2991.6	3738
5954.6	3071.9
1672.8	2601.3
2622	3985.8
6632.3	2508.4
2468.4	4596.3
4155.1	4031.7
3300.1	4386.9
3492.3	188.31
4647.3	95.246
6508.4	2187.3
6283.4	1268.5
4936	523.12
3031.9	4588.9
5361.6	3313.3
3193.2	3927.7
1607.5	1862.8
4380.5	1118
1334.4	1339.4
846.19	2634.2
4195.1	4116.5
3798.3	3842.3
4235.2	652.99
2790.3	4185.1
6350.2	1383
3456.5	3727.9
2990.5	3840.1
2714.6	3845.6
3524.4	268.58
4901.9	816.3
2520.9	1208.1
4089.3	1085.4
4267.8	4277.2
3743.9	3605.8
3616.6	3734.6
3204	3940.4
1943.7	1101
1375.6	1935.2
6492.8	3166.1
5763.6	4141.2
6383.4	2772.5
959.86	1764.9
4623.8	2335.5
6183.6	1930.4
3183.1	3956.3
5841.6	636.05
3632.3	1037.8
3323.9	2665.1
1000.5	1990.7
6507.7	2205.6
4040.5	3730
2584.8	4432.3
5123.1	101.69
5745	2574
2626.4	4058.8
6053.2	1719.9
2887.8	4088
3073.9	4431.6
6477.4	2640.4
3164.6	4079.3
6392.3	3096.7
3601.1	3761.6
3783.9	3672.6
6430.1	2038.1
4267.6	657.83
2548.2	2651.6
3795.7	3995.4
6365	3024.1
2832.3	3688.5
4114.7	3881.3
4124.8	2658.4
1360.4	1845.5
2826.2	4241.1
2553.7	4156.4
5718.9	3252.9
5902.3	4236.6
1577.4	2350.1
1499.4	4018.2
6562.4	2517.7
1482	678.79
756.04	2777.7
2772.9	1174.2
6391.5	3097.6
5396	1087
2697.4	3872.3
4087.7	4643.6
3190.7	421.26
4185.3	4295.8
3316.4	3693.6
3262.9	3700.1
2560.5	4470.3
6235.9	1553.8
5966.1	3509.5
2829.5	1118.9
2829.8	4663.6
