7067	2389.6
6589.2	2246.3
2785.5	1492.6
7093.1	2391.8
7093.1	2391.8
3171	2448.2
1840.5	2960.4
2609.5	973.61
3171	2448.2
2612.8	974.82
3895.1	671.46
2838.3	961.29
3744.1	1706.5
7339.8	2734.9
6136.1	1162.4
5841.4	2349.6
2178.8	2888.4
3370.9	380.42
2178.8	2888.4
6136.1	1162.4
6225.5	1943.1
2178.8	2888.4
1298	773.5
5465.2	2014.3
3370.9	380.42
1298	773.5
1684.8	2590.5
1135.2	2141
1789.9	2515.4
1065	2198.9
1793.5	2229.1
7083.4	2321.5
1785.7	2216.7
4016	1663.6
1792.4	2519.4
1792.4	2519.4
2201.4	2089.4
1793.5	2229.1
2641.4	426.05
1785.2	630.03
6415.3	1143.6
2201.4	2089.4
1785.7	2216.7
3467.6	2058.6
2557.2	90.476
1786.7	629.08
3767.7	890.15
5858.5	1696.4
2713.9	729.96
2528.1	913.43
1298	773.5
1293	799.69
1785.7	2216.7
1462.1	737.12
2528.1	913.43
1552.5	2307.2
1702	2791.2
5681.2	1608.9
3767.7	890.15
6267	2621.3
5142.3	1318.1
5730.4	2882.8
1185.7	2206.7
1287.3	775.74
1476.5	2429.8
1570.6	1748
1462.1	737.12
1093.4	1763.7
5757.1	2409.2
2192.3	2418.3
3183.1	852.43
2526.2	912.45
2940.6	870.52
3186.7	848.81
2940.6	870.52
2471.6	2113.5
3239.5	2750.9
1433.2	2665.2
2940.6	870.52
5895.9	2128.4
4880.6	1639.5
1275.5	1806
2405.7	929.8
1786.7	629.08
3718.9	2805
1188.6	1237.2
5895.9	2128.4
7038.9	2186.2
3718.9	2805
1559.5	2513.1
7080.6	2401.7
3297.1	845.12
3573.2	1256.6
1032.9	626.99
6279.3	2056.7
6980	1738.9
7092.9	2252.8
1535.6	1693
2274.8	1704.5
4921.2	883.16
1452.3	119.96
1670.3	1940.1
4809.8	2891.8
2465.2	2319.4
2405.7	929.8
1131.1	1997.8
1462.1	737.12
7092.9	2252.8
5865.4	2205.1
7149.8	2726.1
2471.7	2516.8
1032.9	626.99
1446.8	1029.7
1188.6	1237.2
2661.8	402.03
5965.2	1119.6
1143.7	1997.4
5818.1	2444.4
2405.7	929.8
3391.6	309.78
7149.8	2726.1
3011.3	2942.2
1545.2	2291.7
6279.3	2056.7
5757.7	2492.6
6683.5	579.8
4343	311.11
6683.5	579.8
5815.2	2202.8
1257.2	2733.2
5825.6	2204
2709.4	1891.2
4367.4	314.66
2817.7	1775.3
4720.2	1839.4
1553.4	2151.7
1309.5	754.35
5711.3	2125.9
4343	311.11
7050	2272.8
7149.8	2726.1
2102.2	192.99
7149.8	2726.1
2458.5	2481.8
2488.8	2098
3364.8	880.85
3026	745.68
2488.8	2098
1891.4	1708.9
5154.8	1229.1
1445.5	2553.7
3016	2769.4
3412.3	1255.1
1475.7	2413.7
4172.9	1531.1
5965.2	1119.6
2632.9	2042.5
2101.1	193.6
2346	1876.9
1983.1	2889.7
5878.1	2206.1
6329.5	1977.4
6212	1740.1
2463.6	2591.7
5521.3	536.35
5521.3	536.35
7016.5	2193.9
6179.8	1933.4
6471.5	2341.5
3144.6	770.84
3116.8	2813
5975.8	2412.3
2938.5	363.5
3004.1	723.12
2847.8	1058.2
1775.5	628.44
6246.8	1923.9
1896	1042
5258.7	2063.2
2739.3	1995.7
2682.2	2076.5
2112.7	1982.7
2595.6	84.191
6179.8	1987.9
6269.3	425.94
2167.8	2302.2
3059.5	2765.8
1199.2	2213.2
2574.4	1182.5
4284.7	1602.5
2682.2	2076.5
5329	2171.2
1756.8	1909.4
3580.7	1686.8
2426.8	844.44
5050.8	2738.6
2682.2	2076.5
2422.2	1599.6
6468.2	2354.8
4497.4	2150.3
3034.7	2883.6
3667.3	1151.1
4454.7	2158.5
1199.2	2213.2
5752.6	1686.8
2711.7	1893.1
2879	1803.7
1565.2	2223.9
5802	2443
1199.2	2213.2
1199.2	2213.2
2461.9	2779.7
5752.6	1686.8
4033.9	674.81
1030.1	720.59
1905	1879.6
1446.8	1029.7
5321.9	1919.8
7049	2528.8
7081.2	2405.8
3355.9	880.81
7049	2528.8
6462.7	2035.1
6462.5	2038.2
1199.2	2213.2
5795.6	2446.1
4572	864.84
5795.6	2446.1
2952.6	335.06
1199.2	2213.2
7273.9	1663.4
4784.6	1158.8
3110.8	1552.9
2682.2	2076.5
5830	2336.1
5248.2	2774.2
2633.3	1989.5
6628.4	2025.9
4775.3	1878.2
3195	708.34
5050.8	2738.6
6040.5	1929.5
1957.2	911.42
6143.5	1932.1
3678.1	2330.1
1581.9	1059.9
1733.9	2295.2
4075.8	687.78
3580.7	1686.8
3692.3	1537.1
1199.2	2213.2
2952.6	335.06
1565.2	2223.9
6040.5	1929.5
4178.7	156.28
4343	311.11
2342.9	1604.1
5861.5	1905.5
2750.1	185.22
3678.1	2330.1
1166	2785.7
6041.8	1899.6
5830	2336.1
4240.8	2057.8
6834.2	2050.1
4029.3	683.15
3041.2	726.26
5676.6	1852
4501.8	389.8
1402.6	1746.7
4029.3	683.15
5800.3	2488.2
2772.3	83.568
6523	1963.4
1051	898.13
1102.5	2478.8
6834.2	2050.1
2639.4	429.16
3832.5	1577.4
1905	1879.6
2479	2527.9
2342.9	1604.1
5727.5	2113.5
6094	435.73
2479	2527.9
6179.8	1987.9
2632.3	2033.6
1331.7	1986.3
2514.2	846.18
6695.1	2006
6040.5	1929.5
6166.7	2009.5
1171.4	2003
6608.8	2040.9
1047.6	888.28
6341.1	1956.4
2156.6	2887
5263.2	2097.2
5272.6	1875.3
2203	2724.5
1713	2117.6
3352	881.83
6503.4	2025.7
1728.4	2598.4
5686.7	2874
5831.5	2340.4
7164.1	2130.2
4005.5	708.89
3685.3	2153.2
6402.9	1972.1
2553.2	1324.8
6098.5	2521.3
1115.3	677.05
2354.8	1589.8
5861.5	1905.5
3499.5	1818
2636.1	2025.5
6098.6	2845.8
1780.2	2466.3
2514.2	846.18
6470.8	1986.9
2537.2	1662
2514.2	846.18
7046.4	2178.7
6016.8	1890.2
5296.1	2895.6
3507.8	2003.6
2719.1	1895.2
5725.4	1855.4
5782.6	1911.8
5790.3	2460.6
1122.8	2010.9
6834.2	2050.1
4761.1	1297.6
2800.3	1938
6043.9	1934
6106.1	2036.8
2842.7	2192.4
3561.9	1856.4
5484.3	2212.1
6258.2	2416.3
3521.6	2035.3
5877.3	2684.6
6043.2	1931.8
5963.9	984.44
5791.4	2674
6513.2	2011.5
6265.6	1957.1
4443.9	2970.7
2720.7	745.53
3802.7	2931.7
5687.7	2409.5
4401.7	2807
3678.1	2330.1
5422.7	1829.7
2723.4	1899.1
6043.2	1931.8
