1664.2	3029.5
3170	3231.9
7253.3	2295.2
1391.8	2392.9
1379.8	2393.1
369.24	2252.5
2764.3	105.73
5744.3	2878.7
3590.1	1849.9
5234.1	1022.7
764.4	803.44
782.01	1384
4518	1863.1
1339.6	2934.3
5498	904.28
6637.5	2773.3
3859.1	2182.2
4165.3	139.5
2299.7	1878.2
4428.3	1615.5
6133.6	2576.6
634.2	1395.6
1105.9	2488.3
4359.8	1858
4269.2	2130.9
991.39	2609.3
910.98	2397
7046.3	1584.6
3682.2	353.31
4475	2955.3
3739.2	3200.7
7053.8	1044.9
3665.1	2620
826.54	2256.9
6278	2040.7
6209.4	3028.4
6038.7	1046.7
3924.3	1697.5
4381	1162.8
5973.2	2752
6420.3	641.25
4305.3	1610.5
844.94	2836.2
4480.5	373.56
633.85	1378.4
402.03	1618
2195.1	1905.2
1387.2	2392.8
6875.3	1497.2
6626.7	2482.4
3575.1	1601.7
1790	2491.7
7274.4	2623.5
503.09	2350.3
5761.7	2141.7
6905.3	2377.9
1917.7	936.82
4796.3	1849.9
1928.9	943.7
390.68	1573.8
5759.6	2143.2
1190.9	2000.2
1513.6	520.79
1331.3	4038.3
4652.3	1780.9
5555.9	581.23
969.29	2421.8
736.75	2064.4
4250.4	2090.1
918.54	1354.5
2650.1	3100.6
4896.8	461.99
3528.1	1712.7
1255.1	2323.3
7193.9	2207.6
4022.1	722.84
4900.3	2614.4
4188.5	1732
560.75	2312.3
3399.9	1644.3
1310.4	402.34
6139.3	2586.1
4166	380.34
816.97	2489.1
1782.6	2408.3
4767	2517.2
1053.2	729.54
4212.6	1732.4
5089	2602.6
629.41	538.78
6137.5	2585.9
2333.1	3125.3
3363.5	2685.9
4742.5	3444.4
1102.2	2551.5
590.05	1333.3
1330.9	1778.8
4097.6	2935.8
942.16	3832.2
5088.6	2385.5
2785.8	1735.4
6729.4	1274.1
1332.5	1779.9
2865.5	196.28
6631.6	2574.8
7019.2	1934.4
6540.2	2210.2
865.95	1875.9
6768.3	1375.7
5951.7	2198.4
3790.1	3149.5
127.78	2029.7
3996.6	1854.9
4098.4	2498.5
2204.3	2010.3
7103.8	1488.1
4696.7	2625.4
7192.2	2568.9
1515.2	1738.2
6698.3	1273.2
4699	708.39
6085.4	3337.6
4529.7	1183.7
6024.8	2216.2
4769.5	2414
3303.2	1759.3
1091.5	4083.1
5757	629.04
170.45	2577.3
911.03	1858.4
4806	2623.6
149.25	2024.8
7145.1	1568
1281.2	1740.2
6409.8	1143.3
7070.3	2129.3
3207.3	3101.2
5534.4	597.12
2944.7	2499.2
4253.6	2066.9
7122	1512.8
275.65	2777
625.38	2813
2699.1	1873.9
7102.5	1487.9
2228.2	1727.3
1118.9	1840
1260.3	1797.4
5075.4	2933.1
4712.6	2406
269.55	835.4
3882.7	715.37
3743	3246.8
6826.4	1478.2
4716.7	884.01
2591	1000.6
6923.6	1418.4
4398.8	148.82
5983.9	2759.7
6026.4	2249.5
7104.5	1519.7
6299.2	4165
5758.8	631.32
4714.6	2510.1
1794.1	2428.7
661.44	1891.5
4639.5	2914.1
847.34	2873.7
5689.6	2027.3
7070.5	3069.1
7062.3	1983.1
7025.8	2299.1
6783.2	823.18
3301.1	846.01
4437.4	3123.6
2812.1	2167.5
6894.5	1401
2404.7	930.79
6900.4	2291.9
4785.3	1560.4
635.26	529.45
6489.6	1166
4759.2	1542.7
205.41	1222.7
1500.5	2048
3703.7	1533.5
7339.7	2302.7
6384.8	1159
4682.4	2456.5
6667.9	1317.6
3750.4	3108
622.42	2485.3
6902	2292.1
1572.8	1653.2
4819.3	2619.4
569.54	1581.1
1930.7	2981.9
378.67	1459.9
3655.7	2629.1
6699.7	1287.8
6445.6	3491.5
1461.9	736.99
254.58	1602
2809.4	2276.8
5525.3	558.14
7045.1	1480.8
833.44	2369.7
5392.5	2131.2
6558.9	969.9
7021.4	2170.8
4577.2	2926.2
6506	2659
7129	1629.9
5323	1615.5
5612	1031.4
5048.6	1571.5
6790.6	1356
4602.4	872.52
317.77	1660.4
2479.1	2951.4
3077.6	3601.8
278.93	2001.2
385.71	1681.9
3919.3	1583.6
1136.6	2140.4
407.74	2277.5
1740.6	3521.5
5652.1	1073.8
7080.4	2260.9
1589.9	184.94
1811.1	2261.9
3455.5	1615
1647.9	3459.7
2223.7	19.158
1458	1098
7114	1486.7
1079.6	2783.1
1799.5	3130.1
4487.4	2164.1
242.74	2469.5
1746.2	2433.8
6894.1	2303.1
5750.6	2771.6
2811.4	2381.8
1530.4	2766.2
7038.7	2173.7
6539.3	2323.4
3816.7	1961.2
1909.8	3165
4793.4	2131.4
6163.9	755.48
1778.5	2582.8
4803.3	3094
5040.3	1560.3
2466.5	2286.3
1475.6	1904.1
4502.2	1861
648.45	1398.7
5896.2	3527.1
1385.2	4080.6
5110.4	468.54
3971.5	1681.5
4623.7	2075.8
7213.2	1598.3
3983.1	1695.6
3091.9	3211.6
258.36	2283
7326.5	2565.3
7020.4	2169.2
1425.5	434.25
5180.3	486.66
1086.6	2552.8
633.59	2313.5
6507.3	1285.2
5389.9	2199.5
1546.3	1798.5
5756.5	2516
1181.7	2416.5
1331	3208.5
2581.4	1880.7
6782.5	1445.3
7156.4	1937.5
5975.8	448.51
1924.8	1678.2
7211.9	1581.8
1589.6	4051.7
5978.4	451.66
2782.4	1630.8
644.13	1314.7
4461.8	1616.9
6538.7	2243.9
1211.1	1564.4
639.68	1116.8
1312.5	3209.3
3715.2	3209.7
6953.5	2787.3
7229	2337.2
3993.3	2402.6
1300.9	1389.9
5822.7	126.33
2608.3	73.762
5180.9	3296.6
260.11	2007.7
6912.3	1359
5286.4	2950.8
7151	2270.9
7001.2	1485.4
7297.1	1720.5
7227.3	2340.1
2498.5	175.51
1080.9	2368.3
161.07	2004.4
4776.5	1270.5
606.58	2315.7
6534.5	2560.7
100.66	1003.7
1100.5	3257.3
6236.8	1935.6
5249.4	2006
4299.5	352.13
875.9	817.04
235	2528.1
1650.5	2853
6253.4	3086
4406.5	26.106
6323.2	2148.9
6369.5	1183.5
4543.6	899.7
6918.1	1367.7
1756	1501.1
6081	458.34
3726.6	3091.6
1163.5	2941.7
7084.4	910.17
4670.1	474.51
1797.2	2776.4
2303.7	1096
1406.6	2400.7
2465	2319.4
4382.7	1857.3
5382.7	977.31
5755.7	2332.8
832.85	2288.5
3156.4	4665.6
6552.3	3152.2
6637	1412.8
6951.8	1509.2
6369.3	3198
5012.9	2094.9
407.45	963.55
7322	2720.8
4836.6	86.603
6943.7	2209.5
1377.8	4065.4
6465.6	1270.8
739.67	2241.3
430.59	1954.8
1093.1	2508.4
4575.1	2616.8
682.36	2134.7
6683.1	2311.5
7042.4	856.26
6529.5	2797.2
3059.3	2807.1
1018	2096
1657.9	3229.1
6738.7	595.57
429.33	1956.2
2585	1884.7
823.85	1375.8
7061.6	2618.4
1652.4	4069
3492.1	2690.9
5422.2	2737.6
3923.7	3241.3
5056.3	1582.6
3669.1	2556.2
5941.8	2202.1
6539.2	2481.1
2476.4	2205.6
1026.3	2400
6824	983.62
5754.1	2337.6
3550.4	1839
635.89	1328.8
3295.5	1747.3
6270.1	332.29
3923.9	2850.8
188.54	2695.5
4613.6	2078.9
1446.1	3088
1459.8	2576.2
3104.9	4592.9
1939.5	3165.4
4475	346.14
1390.7	1066.2
7121.1	2132
3229	3209.8
483.47	2119
1780.3	2380
4436.3	3106.5
1478.3	3141.6
406.99	2534.9
6831	2148.2
6537.5	2554.7
7273.9	1663.4
7245	2449.4
762.62	2017.8
5154.7	457.18
2093.7	1623.8
6751	1387.7
5352.7	1600.8
1028.5	2482.3
3177.1	2763.5
6684.3	1311
3039.5	2934.8
1430.1	3346.9
5394.4	2391.4
3801.1	2512.1
7147.7	1585.3
753.31	601.27
713.03	1200
6388.4	2156.5
3464.7	1835.7
1657.8	2874.8
2599.7	34.391
1173.4	3789.2
2052.3	3079.9
2210.3	21.977
1451.8	120.56
1634.3	1895.1
1115.7	2151.2
4637	3096.5
3910.1	2936.8
7281.6	2433.2
6835.3	2061.1
2262	1401.4
4850.6	3553.1
1616.8	4028.1
1642.9	2125.7
2795.6	2292.1
3018.8	1828.1
326.39	1653.3
6768.4	2038.7
134.81	1772.6
5213.6	1892.6
4742.7	1789.3
6865.5	1891
830.4	2202.2
7151.3	2311
1945.8	3130.2
4172.9	1531.1
262.37	1986
1592.5	4010.2
6415.9	508.78
6188.7	385.7
4692.8	798.18
705.91	2261.3
6013.4	301.9
413.27	1421.2
5732.2	603.21
6840.7	2059.6
3159.2	752.08
5271.9	1887.8
637.98	1307.7
397.25	1414.9
3951.9	2919.3
2591.8	1726.4
6444.6	2833.8
597.25	1589.9
7118.5	2727.2
705.51	2407.7
2809.1	2191.8
6931.1	1320.8
3958.8	805.84
188.82	2640.3
186.13	1406
5272.9	1893.6
6721.3	693.6
6359.9	3491
1007	1261
608.48	1404
6202.9	399.48
5798.6	1914.6
636.25	1353.8
6764.2	1320.8
5730.3	605.09
5892.7	1942.7
6092.4	1058.1
1699.4	2352.1
5749.2	2540
6586.3	2406.9
6668.1	662.06
209.74	2102.1
3616.8	1613.9
1298.4	3220.6
7236.9	2329.6
5275.9	2087.8
5983.5	2410.6
5392.1	2220.1
482.89	3017.7
521.8	1611.5
199.51	1753.3
499.69	2130.5
2739.5	1763.8
1895.7	2959.2
4192.7	328.39
4798.2	1799.3
6845.7	839.93
6419.9	3482.8
1628.5	4026.4
3705.4	2383.5
6357.3	480.12
7028.3	2047.8
4109.1	2826.9
1207.4	2217.3
5341.7	1621.4
5634.9	256.07
6737.7	607.87
5730.6	2410.6
6828.9	976.2
6883.6	2241.1
5570	2882.2
1730.1	2790.8
367.85	968.98
604.06	859.56
3699.8	2395.8
2983.7	1831.2
5084.2	2082.1
5252.8	1040.5
2275.1	1715.2
100.68	2515.5
1555.2	2506.8
6967.5	1924.9
4320.7	1828.9
3956	580.05
836.68	430.12
1586.1	152.51
962.73	1805.2
3814	1833
5682.5	1864.1
6990.1	1689.2
818.38	1032.1
6282.7	440.25
717.92	1856.9
5992.4	299.66
3312.8	2646.8
5380.1	2208.5
5961.7	1116.1
6624.8	634.78
845.39	698.59
6706.2	899.19
7134.1	1580.2
790.6	1369.4
192.86	3137.7
6669.9	563.08
5522.6	537.64
5397.9	2286
3699.1	2607.4
1894.1	1709.9
6560.5	595.87
343.55	3348.3
642.7	756.95
4876.6	1590.8
5903.6	1956.2
5245.8	2065.9
6865.2	1339.7
1294.6	2186.3
800.7	652.55
5969.5	2147.2
1646.1	1885.6
5989.8	2422.6
2158.9	3100.2
5893.1	3592.8
3374.2	878.24
5988.5	2421.1
1371.9	4022.2
4753.2	2129.3
5252.2	2065.4
122.81	1607.2
5879.5	2095.5
1930.7	1020.5
2106.8	188.6
6625.7	637.05
3489.2	2035.3
6570	2167.5
403.27	1401.1
1371.9	4022
816.95	2230.3
4606.1	77.61
7067.7	869.6
397.93	2353.8
196.32	1037.7
4582.8	2322.9
606.01	1575.6
6954.2	776.65
5997.3	2955.6
102.25	1664.5
7153.6	2364.2
7229.7	1638
245.84	1667.5
1699.4	1661.1
5165.4	2898.5
7273.4	2334.2
6538.6	2337.4
708.11	1215.1
6033.2	217.54
1899.6	1713.5
606.93	1402.7
4374.2	2085.6
1785	3202.1
5184.2	496.96
232.46	1112.8
733	2918.1
893.71	1504.1
1562.3	3336.9
6991.2	1685.5
568.8	1592.4
2900.1	1792.9
6979.8	1378.5
2247.7	1647.5
832.11	935.14
6839	2166
6870.6	797.89
628.7	1569.2
4798.9	1456.9
6321.2	3258.6
5469.9	1843.9
6502.9	1186.6
3517.9	1878.1
3524.9	2034.2
6535.8	2574.7
3888.3	2943.1
1550.8	1852.1
6995.6	891.89
1162.3	1195.5
101.47	2260.4
663.93	781.76
265.42	2232.3
6995.2	892.65
5310.3	3350.2
1248	3173.9
2343.2	1603.8
4418.5	349.35
5876.1	1085.9
1499.3	174.56
1545.5	2291.6
5179.2	2053.1
6758.2	2429.7
7345.8	2444.8
3699.2	2525.4
1157.1	365.07
2229.2	3178.6
5858	1353.3
6923.1	1330.5
1664.6	1470.8
224.05	3393.3
6920.6	1317.3
4578	2340.2
7271.7	1396.5
4448.5	2033.3
6280.3	371.55
6083.6	3026.1
6994.9	1373.4
4019.6	1884.3
6610.1	1214.3
5959.1	1708.8
6877.8	807.84
611.13	700.63
5245.6	2044.6
52.702	2209.3
2152	1643.6
5688.8	595.82
393.46	2402.6
7063.9	2730.3
5977.3	2496.7
1718.6	3320.1
1733.3	1957
6649.8	810.35
5912	148.63
776.52	2982.3
43.944	3080.9
1620.3	2410.3
595.61	2372.7
6194	767.87
1253.4	3194.4
103.88	967.03
5792.2	2416.8
255.56	2223.8
354.9	1678.8
2629.8	2693.3
7135.9	1545.1
2482.4	1590.3
6085.1	3247
1068.5	1999.5
2710.2	1439.2
5181	2054.3
2462.8	147.15
1450.6	3705.6
754.8	3575.4
703.42	2565.8
369.4	1935
1545.4	2565.7
1546	2333.7
6962.7	873.24
4398	1707.6
4231.2	3583.7
5571.1	3406.2
5230.5	1814.2
6776.3	1324.3
7045	2977.1
5795.4	1346.8
781.2	2945.4
6663.5	2919.6
5522.4	581.88
7119.4	2966.8
6483.9	1982
5004.7	1574.3
5345.4	1883.7
6669.5	2936.2
4543.1	3685.8
1185.2	2013.3
5770.4	2366.7
4405.6	4130.2
423.63	939.42
276.11	976.79
1491.8	2498.6
3505.6	2013.7
1718.2	1450.9
1531.2	2273.2
3114.6	2815.2
1128	3289.1
6047.9	1926.9
780.74	860.2
7100.3	977.04
1261.1	206.49
3346.8	3156.4
5086.6	2996.3
6247.8	2890.3
2005.5	1847.5
1965.6	1723.2
5953.9	2315.1
3676.4	959.79
789.4	658.58
1698.7	3116.9
429.11	1915.8
96.558	1802.8
5538.2	1643.1
6643.4	488.25
1992	878.97
2554.5	1325.1
7209.7	1656.6
5023.4	1210.3
4986.6	440.98
1183.8	3294.7
1978.4	30.514
639.62	1086.9
3513.2	2035.4
1492.3	1925.2
700.49	2361
7153.4	2331.1
144.99	2749.7
4830.2	2413.8
5148.6	3294.6
3582.3	2020.5
2112.1	1926.9
2651.4	2915.6
6517.4	1963
1370	2251
269.6	2090.2
5867.4	1124.5
2801.2	2244
981.06	1801.1
779.36	1424.2
533.54	1018.8
6549.5	2796.2
1115.9	495.79
3200.7	2871.3
5665.5	2025.3
5580.7	1650.6
21.311	1255
7036.9	2319
857.82	564.31
3654	2586.5
6354.7	2121.6
6430.6	1783.8
3837.2	3282.9
553.31	1858.1
4229.7	2821.8
1865.7	2925.9
3811.1	2922.7
1116.6	1905
1566.5	2585.2
5406.6	2272.2
1526	2696.6
6123.1	2968.6
7153.5	1525
626.13	768.15
2758.3	1874.3
4472.4	403.88
6857.9	793.24
2540.9	130.63
1128.4	1719.3
701.39	2426.5
6656.4	1386.4
6376.6	1949.5
5965.4	2151.7
7130.4	1517.8
4936.6	2904
19.104	1551
6209.1	1735.7
3959.8	579.17
567.48	1594.3
7214.8	1804.8
4836.3	2691.2
5662.5	3338.7
5172.3	1619.1
7082.9	829.72
1053	747.87
34.736	2542.9
6193.4	1056.9
739.92	692.39
5949.1	2546.1
145.8	2566.8
7231.9	2897.1
665.76	1068.7
4758.6	1816.6
4111.8	1767.1
825.7	634.53
1269.8	2251.8
814.83	641.08
4378.1	2945.1
1445.2	4020.2
113.63	2025
3818.6	4363.6
1247.2	2209.1
1796.7	3260.9
4576.8	1794.5
7273.2	2395.8
564.53	738.31
1298.4	2202
4890.5	2214.9
943.57	1994.8
151.73	1244.7
3393.4	1257
7151.3	1525.7
4817.5	3008.6
1280	1955.2
16.348	1203.1
1383	279.41
4053.8	2375.7
4007.5	2909.3
3255.5	2517.5
435.8	2141.1
426.28	2173.2
25.683	2880.1
3432.3	376.59
3686	1532.5
6647.2	1710.7
1780.2	2466.3
2484.7	3529.8
5977.2	2246.8
649.33	895.49
4011	2911.7
3860.3	2614.2
201.87	2886.7
6894	2467
5984.6	2506.4
5024.3	1862
6570.9	1982.1
1670.1	3205
402.7	2593.3
702.68	786.95
6681.8	1845
115.15	1599.2
1779.5	1165.9
1587.3	3173
4891.6	403.32
241.23	2165
1302.1	2151.8
4690.7	3439.4
6485	2973.3
2739.3	1618.1
7139	1282.8
6640.6	481.99
4327.6	2935.8
2505.5	1587.1
4837	2603.7
5210.1	3049.6
4977.5	2301.3
3931.2	2901.8
6113.2	1731.3
5261.7	996.73
244.92	2098.7
787.84	1868.8
715.19	789.36
1661.2	1857.7
6698.6	2490.9
5682.6	1947.2
1201.9	2913.9
6631	2803.6
3548.2	835.39
1011.7	2214.5
2485.4	1896.3
3910	3089.9
666.17	1073.5
4396.8	3798.6
2153	2271.9
6358.4	627.59
942.02	1809.8
413.63	2904.8
4373.6	694.76
4775.8	1878.3
2682.2	2076.5
6019.5	613.24
392.96	806.3
4831	2816.5
4588.6	2384.8
581.41	2500.9
634.12	933.85
2356.1	3153
3534	1134.6
5699.1	1936.2
3197	3079.1
4434.3	2324.6
5542.3	2116.7
6850.2	1890.7
2768.9	400.31
7151.3	2941.4
2358.7	1821.5
2907.5	1554.1
3093.2	2799.4
4591.9	3253.3
3114.7	2863.1
7215.6	1023
4812.9	2776.2
6977.8	1923.9
6213	3798.2
1611.7	4039.9
2004.1	338.4
2050.8	3740.9
5267.6	2807.6
415.26	2468.6
5251.5	1920
229.32	2166.8
2826.9	2685
262.73	2540
6153.5	1996.5
2981.5	2619.6
2247	3041.9
1813.7	1883.6
4592.2	67.431
1163.9	2511.7
2864.1	1154.7
4925.2	422.84
4135.7	1727
1196.7	3188.9
3221.2	1782.5
241.3	2097.4
4989.7	954.35
6529	3406.7
7010.7	911.21
5495.8	2504.1
1371.3	2257.8
6776.2	611.35
5268.3	1874
1184.9	2910.1
251.94	2544.1
6817.3	3503.2
5816.7	3526.4
948.7	1159.3
480.57	3033
813.35	1375.6
6701.1	1366.8
1096	1954.7
3822.6	1979.4
2794.7	2222.4
1218.4	2152.4
1912.3	113.6
3754.7	3264.9
3947.9	2903.9
1878.7	2994.3
3462	2937.1
4198.1	2182.4
7260.8	2935.7
4179.7	837.64
3150.4	1769.3
5555.7	3130.9
2567	757.98
3126.4	2454
5765.6	3484.1
3791.2	2944.1
6150.6	753.34
1388.8	3694.9
6394.1	3089.6
6340.7	354.16
5246.6	3323.2
3920.8	1689.5
6392	1250.7
3316.3	3685.9
6584.7	3132.5
6738.2	3379.5
685	2043.6
2342.3	1866.3
2756.1	3686.2
422.83	965.25
208.35	2929.2
6581.6	2576.6
6255.2	3828.3
2422.1	1599.6
6988.2	1432.8
3533.8	3240.5
5218.2	2892
7091.4	2891.2
4789.4	811.08
2402.9	1598
2548	916.03
2297.2	1822.9
6333.6	376.3
6463.5	2589.9
805.35	1868.3
382.58	1949.6
6890.5	2295.6
2924.1	2642.7
848.18	1838.9
3951.1	2996.1
4235.8	345.89
1985.2	2818.5
3617.8	2635.2
3633.4	2739.6
6076.9	1782.7
3663.9	2461.6
584.83	2480.5
6919.1	3196.4
1789	1445.2
608.86	4331.8
6043.2	1931.8
6147.9	2042.7
422.23	2055.8
1377.7	1033.8
4464.6	1553.8
5690.2	643.01
5832.9	946.19
3393.4	1176.7
1731.9	1854.9
1503.6	3186.8
