5974.1	2413.3
5961.7	2413.1
6603.9	1898.9
2278.5	666.17
2278.5	666.17
5968	2411.9
7129.3	2169.6
2278.5	666.17
2278.5	666.17
5556.2	1942.2
6983.3	2116.2
4425	2301.9
3519.2	2932.9
6524.9	2004.5
7005.8	2121.5
6983.3	2116.2
5974.1	2413.3
4569.7	918.17
3485.6	2315.3
4425.5	2193.3
4677	2758.2
6778.2	2853.5
2949.5	1047.3
5427.9	2421.5
5968	2411.9
5692.5	2579.2
6596.5	1968.7
6619.3	1901.5
6035.6	2072.8
6471.9	1999.5
6573.5	1969.9
6583.5	2303.1
3579.2	2296.7
5532.3	1285.9
6073.2	1726.9
3132.4	644.08
4895.5	820.26
4049	688.28
7336.7	2443.5
6411.3	1219
4878.3	1893.5
3387.2	2241
6096.3	2509.2
6017.9	2443.6
3819.1	757.58
4878.3	1893.5
6097.2	1806.1
6907	2746
2212.8	1120.3
5482.2	2382.5
2561.8	1119.9
7306.7	2408.3
2561.8	1119.9
6593.4	2365.9
6582.7	2277.3
4623.1	2304.4
5481.9	2595.2
2619.8	86.918
2050.4	813.16
6926.7	2244
2051.9	814.02
6907	2746
7041.7	1429
4230.2	1827.9
2251.8	759.17
6158.5	1820.8
6030.4	2884.8
7136.9	2598.5
6907	2746
6096.3	2509.2
5024.2	1656.3
4774	2292.4
5597.9	1101.1
6582.7	2277.3
2266.3	2375.8
2619.8	86.918
6737.7	2502
2051.9	814.02
4641.5	2170.1
4022.2	357.93
6737.7	2502
6456.9	1965.7
3200.3	2206.5
6100.2	1815.6
6737.7	2502
7007	1480.5
2969	1009.4
6583.5	2303.1
6107.9	2521.7
7306.7	2408.3
5836.9	2861.6
6101.1	2683.5
2393	1617.4
5473.1	2468.1
6582.7	2277.3
5602.1	2338.6
6736	2498.5
6723.7	1415.9
6158.4	421.06
5836.9	2861.6
4728.9	1741.3
2973.3	1041
2251.8	759.17
4958.9	1661.3
2087.9	2503.7
4939.1	1582.2
5265.5	2885
3188.4	2216.4
6582.7	2277.3
6723.6	1986.5
4728.9	1741.3
4620	2605.2
6081.6	2295.3
7008.5	2493.3
5427.8	2888
6617.4	1893.1
5564.1	2382.2
2973.3	1041
6723.7	1415.9
2973.3	1041
6650.8	2908.3
7172.4	2783.9
2559.5	1013.6
2811.2	2318.6
5217.9	922.45
6091.7	2407.8
6610.2	1889
4571.1	894.16
3325	2151.9
6474.8	1948.4
5426	2532
4423.3	2521.8
2366.3	2506.4
5426	2532
2480.6	2145.9
2750	694.75
4953	2629
2559.5	1013.6
6723.6	1986.5
2483.9	2379.9
4221.4	2386.1
5466.6	2597.5
4569.1	893.67
6075.9	1796.6
4893.1	2942.8
7088.4	2758.3
7132.7	2296.1
4736.6	1878
6304	1814.6
6217	319.33
2771	2612.3
4976.1	2787.3
6487.3	471.72
4953	2629
2145.9	1640.7
4834.3	1560.9
2254.8	192.73
6091.7	2407.8
4218.8	2257.8
2190.5	464.64
4571.1	894.16
4675.9	2788.1
6730	2705.4
6169	510.12
5985.5	2350.7
2338.7	448.97
5464.7	2371.1
5985.5	2350.7
2414	113.97
4218.8	2257.8
5622.3	2189.3
6081.6	2295.3
2350.8	2620.6
6702.1	2452.8
7014.7	2877.2
6930.4	2453.9
6201.2	1165.4
2919.1	1549.6
5989.1	2421.1
4310.1	1815.8
6091.4	2497.9
7235.7	2642.4
6278.2	2613.2
2266.3	2375.8
3297.9	2447.3
4953	2629
6278.2	2613.2
6557.5	1227.4
5473.8	2541.2
6727	2157.5
4617.7	2650.1
4874.3	1134.9
6278.2	2613.2
4123.5	642.18
4559.1	1548.2
3372.9	1570
6191.3	2882.2
4953	2629
2249.8	2329.7
2913.4	1527.3
6688	1869.5
6278.2	2613.2
5624.9	1657.7
4195.6	1904.9
4342.5	798.84
7061.1	2765.1
2955.5	1912.3
4680.2	2632.5
5579.9	2111.6
7236.3	2282.2
5783.6	1747.8
6077.3	1555.7
2050.4	813.16
3405.4	1896.2
4863.4	925.94
4123.5	642.18
2847.3	1078.1
3127.3	930.03
6278.2	2613.2
2174.1	465.92
7157.7	2290.6
5486.9	2720.2
4758.6	1867.5
7172.4	2783.9
6278.2	2613.2
5270.3	1928.4
2991.8	1542.9
4840.1	2668.3
2373.7	1608.5
2756.5	2084.9
4597.1	2195.1
4758.6	1867.5
6103.3	2521.1
6278.2	2613.2
6104	2521.4
5615.3	1893.8
6673.8	2750.6
2481.8	1920.6
4617.7	2650.1
6075.9	1796.6
5579.9	2111.6
6278.3	2614.1
6662.1	2798.9
6174.2	2170.9
5989.1	2421.1
4297	2963.5
4394.6	1808
6048	2164
4620	2605.2
4130	1902.5
4513.3	1851
6192.5	2009.5
6130.4	1246.8
4559.1	1548.2
2408.2	1581.8
7237.9	2280.9
6620.2	2425.2
6280	2617.8
6076	1557.9
3809.2	1505
4176.7	1020.7
7236.3	2282.2
6665.9	1036.7
4176.7	1020.7
2491.6	2948.8
4297	2963.5
4246.5	2264.1
4229.3	2418.7
2085	1173.1
5624.9	1657.7
3394.3	536.94
7237.9	2280.9
5154.9	2305.8
2059.5	1793.7
6280	2617.8
6582.7	2277.3
5339.4	1018.3
6126.2	1940.3
6716.4	1331.7
6034.6	1935.9
6159.6	2005.6
3165.7	1774.8
4617.7	2650.1
5233.1	1881.3
5934	1716.7
5291.2	2371.2
3165.7	1774.8
4503.6	743.51
4308.4	2794.7
6567.4	2252.2
4217.2	1819.9
6582.3	640.22
5422.9	2539.1
2969	1009.4
7301.1	2543.1
6823.4	2838.7
4517.6	744.96
4628.5	2708.4
4617.7	2650.1
2339.1	449.56
6919.2	1928.9
2919.6	370.08
6299.3	621.59
3347.5	960.8
5422.9	2539.1
7296.6	2306.1
5836.9	2861.6
4250.4	2334.5
6840.1	1493
5580.3	2776.8
5452.8	2941.3
2705.2	933.19
4573.6	890.07
5470.8	2466.7
7183.4	2787.8
6304	1814.6
2514.3	724.77
4571.1	894.16
2277.7	121.68
4789.9	2067.7
5270.3	1928.4
4410.8	821.7
3394.3	536.94
6108.7	2747.4
6589.6	1962.8
3329.5	2394.2
5525.3	2437.8
4422	676.84
3686	2063
5083.7	2939.4
3125.7	2132.1
6195	2164
3904.3	1902.6
3862.9	2061.3
2742.9	2100
3777.3	674.57
2425.5	109.01
6124.2	2697.8
5921.5	493.43
2064.8	1805.3
6940.6	2065.8
5827.8	513.38
6183.1	1490.4
6759.5	2662.3
4008.3	1597.3
4587.6	1757.9
4819.3	2067.9
4555.2	1799.2
5906	2890.9
4235.4	1906.7
3777.3	674.57
2498.9	2053.4
5463.7	34.096
6265	785.08
2561.1	1132.3
6715	2910.6
5428.1	2404.2
3866.1	2257.7
2377.1	1582.9
5915.7	1917
5641	1941.8
7129.5	1998.5
2813.3	1925.2
3404.1	43.001
6207.5	2000.5
6304	1814.6
7011.8	1260.1
5501.8	1411.2
2416.1	1116
2514.3	724.77
6038.1	1958
4133.8	1828
6126.2	1940.3
6815.9	2918.9
6222.1	1792.9
6041.9	1926.2
5632	1762.4
6104	2226
4267.7	2029.4
6286.3	2545.1
6265	785.08
5019.9	1592.7
2329.8	1063
3188.4	2216.4
5113.1	1689.9
4719.1	2056
2480.9	1782.6
4420.9	674.97
4711.7	366.46
6039.4	1956.8
4857	1891.6
5810.4	2674.8
2592.4	1556.6
6033.6	2519.7
4707.8	1319.9
5948.2	1901.1
6303.1	2478.1
4573.6	890.07
4555.9	891.45
4729.1	2052.1
4719.2	2038
4861.9	2074.5
6300.4	1964.3
5113.1	1689.9
6159.6	2005.6
2702.4	2606
5930.6	961.99
3919.8	1313.9
5396.1	2159.5
2446.5	1954
2811	613.11
5113.1	1689.9
4804.8	2068.8
6286.3	2545.1
6923.9	768.18
4861.9	2074.5
5987	2266.5
2478.5	1776.3
3574.1	2259.4
2059	332.65
6317.2	2825.7
6409.9	1774.3
5911.7	1913.7
5948.2	1901.1
5113.1	1689.9
2416.1	1116
3394.3	536.94
3595.7	2262.7
3595.7	2262.7
6304	1814.6
2727.7	2957.9
4508.2	1848.5
2557.7	1582.4
4989.6	2957.3
4211.1	2978.5
5856.4	1972.2
5659.5	2119.2
3886.2	310.25
2478.5	1776.3
5113.1	1689.9
6286.4	1771.1
5147.1	113.82
6581.2	1880.9
5396.1	2159.5
5081.8	1813.5
2514.3	724.77
4690.6	2749.6
6995.4	2085.8
3125.7	2132.1
5857.5	1925.6
5455.6	2665.4
4719.2	2038
3480.7	686.44
5171	2523.2
4438	34.862
2478.5	1776.3
4536.2	719.18
4420.9	674.97
3686	2063
5257.3	389.7
6174	1128.4
5810.2	2190.8
5455.6	2665.4
5794.3	2223
2125.8	2219.8
4654.5	2980.5
3563.5	1033.9
6038.1	1958
5868.9	61.644
6268.9	2704.8
5135.9	1713.2
2200.3	18.828
4141.2	340.84
5748.9	320.98
4711.7	366.46
3355.9	1960.2
6127.5	2725.1
5948.2	1901.1
5455.6	2665.4
3400.7	2355.1
5964.3	1716.2
2125.8	2219.8
5546.7	2316
2125.8	2219.8
5096.4	1851.6
4960.8	2726.4
4141.2	340.84
2594.3	695.24
2514.3	724.77
6303.1	2478.1
4784.3	1817.5
6587.9	1846.7
3923.3	1491.2
2701.8	1077.8
4804.8	2068.8
5387.6	1852.3
5171	2523.2
3807.1	78.61
5532.9	2203.3
6390.4	1808.9
2514.3	724.77
2359.9	1791.6
5455.6	2665.4
6005.5	1941.4
5081.8	1813.5
3400.7	2355.1
7147.7	2517
5934	1716.7
5270.3	1928.4
3422	509.62
5934	1716.7
2222.6	2486.4
4988	1811.1
4420.9	674.97
6235.4	2513.4
3789.8	1487.3
3344.6	27.308
4420.9	674.97
2037.1	2903
4420.9	674.97
4508.2	1848.5
5832.8	1894.2
5332	989.48
5827.3	1889.8
4488.5	1970.9
5367	785.98
5936.1	1914.5
5964.3	1716.2
2059	332.65
5900.7	1730.8
2561.1	1132.3
4876.1	2044.2
4862.3	2108.2
5856.4	1972.2
5396.1	2159.5
3686	2063
5490.6	2652.7
7234.5	2411.6
2496.4	2644
4572.5	2415.9
6520.8	2009.4
4508.2	1848.5
4420.9	674.97
2425	34.629
5171	2523.2
5948.4	2271.7
5187.8	1617.3
4572.5	2415.9
6304	1814.6
2781.2	1532
5795.3	2255.7
5930.5	961.98
5795.3	2255.7
5558.1	2927.7
7183.4	2921.5
4687.4	373.87
2222.6	2486.4
5232.4	940.65
5511	1867.9
4557.1	889.15
2773.1	2593.9
7106	2526.4
3326.3	2798
4870.1	2846.2
3568	300.85
3781.2	2092.6
4719.1	2056
5337.8	1617.8
4422	676.84
6738.3	1421
3125.7	2132.1
4687.4	373.87
4422	676.84
4506.1	662.06
4719.1	2056
4420.9	674.97
5313	427.95
6039.4	1956.8
4518.8	1840
3729.5	308.33
5463.7	34.096
4508.2	1848.5
3487.4	922.26
3866.1	2257.7
4198.4	2087.3
5879.4	1902.6
2637.1	2294.4
6412.2	404.61
4570.5	648.9
5930.6	961.99
2029	1760.2
3165.2	946.81
2512.6	1641.2
5585.5	2872.2
5642.8	2341.2
2102.6	44.708
4422.3	677.26
6401.7	745.61
4438	34.862
6154.3	1951.5
3487.4	922.26
2954.8	1065.4
6295.1	626.9
4230.6	597.87
4993.7	1843.5
5350	1928.1
2513.7	1779
5925.2	2154.7
2492.1	2375.7
5596.4	1858
6890.4	2909.9
