3366	164.27
1295.5	1389.6
3223.8	2318.5
7189.1	1687
5132.2	3244.6
3574.2	152.58
46.466	2828.7
4491.1	946.52
2506.5	2649.2
289.83	1661.9
5247.6	1028.7
2849	845.02
6067	1203
1893.5	1066.3
1139.5	1273.4
3516.9	2956.1
2428	993.09
2430.1	1034.1
1890.8	1072
5537.1	1113.2
4505.4	920.01
5430.7	246.86
3179.6	910.4
4561.4	857.22
2358.8	2918.9
3651.1	893.84
2843.6	940.54
1876.1	411.21
5527.7	980.08
7032.3	1606.3
5256.8	1015.9
5256.8	1058.4
1898.6	422.69
7292.6	2840.9
3172.6	911.58
1558.4	1983.4
4844	252.08
699.45	2006
6300.7	1195.2
5514.7	129.19
3241.4	2346.9
5913.9	3255.9
3262.2	1895.9
4516	926.06
2833.9	945.37
6644.3	1404.4
6870.2	1444.7
1647.1	1302.7
1968.7	983.95
107.06	2685.5
179.35	1074.6
2659.4	2123.3
2682	2934.4
2425.1	2132
3168.4	1865.8
4187.2	1895.5
6575	610.88
4507.1	1916.3
6038.7	563.5
190.65	1622.7
1499.9	430.96
2772.9	978.68
3152.7	1926.3
1598.9	1158.7
3148.9	1926.4
1988.5	598.67
4084.6	2776
4286.3	2329.2
5846.2	1154.7
2639.4	2348.1
1595.9	1149.2
1209.7	1273.6
4573.7	1869.5
4417.9	1905.5
5675.7	678.23
3279.8	408.1
4929.3	1889.5
5288	958.76
6763.4	1458.1
4843.3	988.4
5885.8	2899.5
1584.6	2003.9
846.93	1526.7
837.26	2072.6
4286.4	2330.5
1767.2	673.51
2845.9	971.1
1902.1	1078.2
1555.4	2344
2571.7	539.74
2702.8	2757.5
2583.7	520.12
5106.4	557.02
7212	1630.5
4359.6	441.25
1366.6	2055.5
1066.1	2673.4
7061	1545.4
1692.5	1767.2
792.47	1277.2
6494.6	1283.9
5037.9	1933.3
2840	500.14
2374.5	2014.6
4876.4	880.45
4506	953.98
4038.9	791.64
4225.3	1884.4
1588.3	1004.6
6778.7	1411.4
6972.3	1361.7
5974.2	772.04
6482.4	2615.5
7205.6	1609.1
3491.9	1926.2
1948.9	651.28
2550.6	2190.8
5699	2171.8
1431.8	806.86
1709.2	1958.6
1640.8	1054.3
6341.4	2092.8
630.64	1286.5
5499.8	631.1
1425.7	2002.8
4582.6	1639.3
2436.3	1022.3
1747.4	664.63
3657.8	925.94
3558.3	2103.9
4054.7	835.64
551.89	1400.6
7215.3	2171.8
4147.1	1645.5
6321.1	1243.6
3275.3	446.34
1672.4	1960
4057.8	1845.5
1961.4	633.64
2858.7	497.78
5486.2	643.51
6042.9	410.08
3086.8	2998.9
1576.4	1979.7
5880.4	997.51
3576.9	1980.6
1727.4	2208.1
3080.8	1841.7
5691	684.32
4236.7	1886.5
6998.6	1517.5
1883.4	1015.5
6503.1	1373
4846.6	854.21
4083.4	2195.6
1153.1	2351.6
1810.5	4097
5458.7	601.42
3396.6	2340.3
263.3	2390.1
1861	395.46
793.32	903.96
5248.3	1044.4
2766.4	1951.8
2560.3	530.57
810.7	2359.8
4227.9	1897.4
5222.6	2276.1
173.11	2316.7
850.26	2077.8
2016.1	373.74
5614.4	1281.8
7054.7	1514.4
1377.4	1922.3
6267	1163.2
270.06	3268.4
1283.8	2018.3
1951.1	635.31
4411.6	417.99
1753.1	847.35
5916.6	3256.5
6602.6	644.16
3639	896.95
2461.7	941.47
4379.2	1903.3
6622.7	2091.6
6642.9	1421.7
1904.2	1068.3
3287.4	414.76
4081.4	2511.1
6302.8	468.33
1752.9	669.61
1557.4	1954.5
1944.7	1918.5
2461.3	2301.8
1663.9	1962.2
1019.8	2558.7
5481.1	2524.2
7285.4	1666
5679.8	1763.1
4555.6	1863
1248.6	1407.1
7246.1	1112.6
1237.4	1407.7
5547.4	1019.3
4078.9	2511.2
5811.3	3582.6
3354.4	2494.1
4523.6	2002.5
1509.2	2022.8
6067.6	1112.1
6327.1	2048
3367.1	61.776
6769.2	1416.5
6536.1	605.12
4507.7	2759.8
3592.3	440.24
4191.6	51.21
4277.8	2325.2
6730.4	2728
3192.9	913.07
4125.5	2195.2
3358.4	1914.4
3559.4	2194.5
1238.8	1407.7
5250.7	1044.5
1665.8	2338.9
1177.3	2023.3
1040.7	782.6
4028.2	852.27
7058.9	965.47
1770.9	2127.1
3581.2	429.08
6376.9	2088.1
5006.1	290.99
5581.2	430.02
1891	1089
1254.8	1399.9
4294.9	1660.1
1354	2491.2
6773.4	1131.7
1173	1899.9
4041.1	907.64
2917	1946.8
1366.2	2399.5
918.26	1872.6
5444	1683.5
2854.2	498.38
3217	865.5
6158.5	859.27
5302.7	1636.1
837.49	1906.8
1585.3	2028.2
6726.7	1411.2
6213.5	2732.5
2060.9	81.152
1356.8	2998.3
4827.7	492.48
1170.2	2238.3
4823.9	1929.2
1367.6	1230
2958.9	92.98
3747.3	695.26
3308.5	454.88
1525.6	2009.6
6754.5	1243.4
3174.4	1934.9
6330.3	1864.4
4104.4	1922.4
6303	2177.6
2847.3	899
6660.5	1295.6
2447.3	1996.4
1057.1	941.41
3578.2	1980.9
1443.8	2037.2
6469.3	1346.4
4509.9	955.39
6964.7	875.62
3263	1972.8
1021.9	2260.4
2729.2	1937.5
1372.2	2255.8
109.82	2744.2
4945.8	1001.4
6540.1	594.8
6991.4	1522.4
3614.2	1933.7
5681.3	2233.9
3517.3	48.742
4176	1943
4639.7	1920.4
1509.1	2144.8
6301.8	2177.1
6057.7	1208.7
6144.4	1812.7
6956.7	1515.6
911.07	2412
4454.1	903.99
4564.6	1643.5
5182.1	1903.4
5462.9	2017.4
1800.2	1376.1
1353.6	2491.2
6985.4	1559.9
1437.3	2407.5
652.37	2380
1983.8	173.39
1487.8	2147.2
2823.1	118.61
3272.9	1971.8
1884.7	1030.7
1501	1961.9
3111.9	1940.1
2437.5	1997.2
1607.8	1774.2
866.12	1901.7
4641.3	1921.5
1643.3	2025.1
3173.4	1912
4625.8	1921.2
6200.7	2113.4
1634.8	1994.9
2581.9	1893.8
3897.8	1843.6
3533.3	2958.5
4081.2	1527.8
2404.1	953.85
7006.5	862.95
3772.9	750.91
3168.9	1564.6
1609.8	1997.4
3199.8	3304.6
6222.8	1847.7
4515.6	2204.6
2113.1	1886.1
5062.9	1700.4
7265.7	1683.4
5419.2	217.23
2969	101.46
5818.7	1080.6
2904.4	1914.4
4099.6	1935.7
5678.4	2012.9
1370.1	2425.1
2359.7	1875.4
930.56	1870.1
294.12	2502.2
7233.4	1691.5
6370.1	2727.8
425.26	1994.3
825.64	2263.4
4384.2	1891.4
7265.9	1659.9
2841	972.77
1187.9	1834.1
5553.8	2426.2
104.68	2633.1
1993.6	394.54
6210.7	2204.3
5601.4	2019.8
2925.9	1915.6
1065.9	2065.2
136.19	2445.1
1784.1	1996.7
5286.9	2037.7
5025.2	1703.5
7305.8	1129
1068	2050.6
4967.6	2019.9
5062.5	2240.2
3501.5	55.077
1238.7	2032.9
3493.7	1964.5
4837.5	512.42
4513	955.18
2918	1858.7
1886.9	919.31
1507.7	2001.3
5466.4	1882.6
1503.8	550.47
3787.9	11.383
3197.1	914.93
4100.7	1933.3
3651.2	855.41
5890.5	2894.2
1584.6	1741.3
5285.4	2038.2
3232.2	67.207
4960.9	1026.3
4201.1	1935.2
4892.6	1666.1
1922.6	479.8
5656.7	168.47
3800.9	48.707
3408.1	1861.6
6474.6	622.07
4516.9	2099.8
3905.7	45.629
3974.4	1904
4801.4	242.23
392.89	1145
5466.8	2414.6
5771.6	1785.1
1920.8	478.13
640.77	2482.9
5474.8	642.5
3657.7	1616.4
6673.2	666.43
5526.5	1034.6
1749.3	682.8
5170.6	149.64
3078.8	796.33
1643.9	4154.5
1371.5	2336.3
1545.1	1766
5464.8	2508.8
4592.1	887.26
1581.5	1106.9
1371.9	2429.2
4643.8	1922.7
2786.6	1879.1
1066.6	2048.4
3176.1	944.87
4990.4	2111.6
5314.5	985.73
1067.4	2063.1
1588.1	1159.6
3501.8	2335.7
5008	240.27
6585.1	1967.6
6902.7	1497.7
5237.9	1957.1
3346.1	139.93
3873.1	1858.4
1257.6	1817.4
4518.6	1925.7
5292.8	1993.5
475.33	1507.4
6463.5	1107.1
5632.3	3295.4
1553.3	2048.9
6593.8	1918.2
1234	2038.7
2329.9	1891.2
4056.1	1853.6
1711	1754.4
5866.5	2923.8
5420.8	1639
5679.6	2166.6
97.215	2171.3
6315.9	1248.7
4356.1	1961.3
4835.1	915.62
3596.6	123.38
3154.6	883.4
6632.9	1927.3
6229.8	2051.2
4409.1	1670.9
2568.3	167.03
1684.8	2039.2
3568.8	1615.6
4827.7	1931.2
4521.4	1949.4
1546.1	2191.2
6016.5	425.68
6549.3	1406.7
7143.2	1351.8
2621.5	37.532
6965	1465.7
1058.4	2476.8
3772.3	864.52
3826.7	1853.6
4078.9	1650.9
3304.5	2495.7
1971.5	178.18
3573.2	2120.3
5462.3	1715
5771.7	213.54
2933	1870
1892.1	282.26
1633.6	2008.2
6290.4	2145.8
2663.4	219.15
2861.9	970.53
4429.4	1903.1
2560.7	1967.2
3501.8	2257.7
3344.5	1930.8
2091.2	20.062
5313.9	985.13
1562.1	2048.4
4181.1	62.487
2647.7	1982.2
3414.1	2264.6
5258.7	1037.2
2733.7	1947.2
5269.8	221.46
2965.4	890.6
6413.1	2547
3257.7	901.24
3064.8	31.423
5590.6	1981
4262.4	2380
3361.5	2278.6
4295.2	2325.5
6703	1945.4
2665.1	220.8
3997.7	1632.6
5525.8	951.02
4869.1	139.99
6652.7	693.25
1023.7	2016.8
4805.5	1964.4
4364.1	1665.9
2883.3	184.32
4110.5	1632.1
5202.5	1790.1
4939.9	1964.9
5855.9	2934.7
4060.7	852.55
2629.1	1993
4101.7	1930.8
4179.1	1655
819.4	1907.7
3580.8	1900.5
1981.3	1925.5
4319.1	1866.6
6048.2	553.33
723.32	1419.3
1692.9	2273.2
675.69	2143.9
4114.7	1627.9
4367.9	1738.7
6909.3	1418
2375.6	839.64
436.33	1978.5
1914.8	1987.4
2397.1	2098
1387.9	2201.3
5464.7	2008
3574	1622.6
1387.5	2193.4
3525.9	2765.3
1116.1	2077.8
7150.9	1556.2
2560.3	1965.2
3344.7	138.45
5589.5	1747.2
1535.5	1954.4
3354.5	2321.9
6695.2	2158.9
1604.8	1041.3
6604.4	1972.4
4512.9	1881.7
4251.8	1734.5
3343.9	1733.2
3401.3	1727.8
6648.5	1903.3
3377	1732.4
2043.9	133.81
3612.5	1867.9
6494.4	2885.7
2501.2	976.57
5207.1	1786.2
1538.6	338.3
4983.5	160.89
295.69	2525.4
3172.8	1675
6661.5	1335.1
1433.9	1805.1
1056.7	2473.9
4343.7	1738.8
653.27	2402.9
4151.8	1606
4421.5	969.55
5410.6	2011.5
6317.9	1924.8
1614.6	4135.1
6373.3	1881.3
1098.8	1911.5
1374.4	2512.8
337.79	2248.8
4426.9	908.26
2921.6	1861.1
6182.4	1821.3
6643.6	600.32
5533.4	1998.6
2341	1912.2
4488.7	1550.7
6719.2	2135.3
1166.9	3885.5
4636.4	1873.3
6485.7	2059.7
6608.2	2883.3
5729.5	2060.7
1598.5	2011.4
1548.1	4127.6
1567.8	323.12
4264.2	1961.4
1085.4	1846.5
5527	70.59
1384.4	2360.7
4308	1661.7
6843.6	1659.5
1446.8	2037.8
1569.9	4148
6177.9	2867.1
4102.5	1929.7
3201.3	2098.1
6642.1	1984.7
2040.9	213.08
2506.4	979.85
2565.2	2388.7
3504	58.617
2687.6	2221.1
5845.4	2052.8
4906.7	963.61
4489.2	804.67
5933.1	2043.2
82.86	2048.6
3782.1	52.463
1391.7	2277.9
7270.4	1446.3
1377	2294.7
4518.8	1686.3
4570.6	1892.6
2766.6	1854.4
5128.6	1916.8
1039.7	1850.7
3420.1	1915.5
901.55	2101.6
2828.8	933.91
2779.6	941.8
2503.7	1768.3
1510.4	2313.9
5585.6	897.6
3891.8	30.764
1387.9	1897.2
5822.3	1092.5
6662.2	1985.4
5362.1	1682.9
2351.5	175.24
228.83	2289.8
1717.3	2219.4
4817.8	1914.8
1695.4	4148.2
5890.4	207.44
6873	1011.8
6903.2	1495.8
4491.1	1547.2
6570.7	1541.6
5183.2	1911.6
6427.9	620.55
3406.8	1942.4
1853.1	1070.4
6260.5	2082.7
4976.9	1773.4
7213.4	2157.9
2715.9	2010.5
1358.6	2647
2961.1	63.233
5778	272.28
2931.4	1917.5
1651.2	1120.2
1474.5	1295.1
2688.9	2222.9
675.16	2127.8
5082.1	129.6
1182	2003.3
1553.6	1959.8
1612.7	2063.7
1354	1200.8
6623.5	1376.2
3906.7	767.53
1977.7	609.04
5077.5	1780.5
2885.6	1930.4
5461.2	2404.2
2679	1775.3
4921.5	2265.8
1402.3	1805.1
4334.3	1921.7
5459	2598.2
2722.2	1939.2
4791.7	198.41
6967.9	916.81
3637.6	29.878
1533.8	4099.7
1649.3	1119.2
1075	1866.7
1194.6	2316.5
2524.2	74.992
1911	1092.8
5771.6	158.44
6235.1	2105
1572.5	2036.9
3081.2	101.74
5061	513.19
5682.8	2066.8
3946	1865
2827	501.12
2557.7	1954.9
4080.9	368.68
4867.6	81.588
6232.6	2076.1
6909.9	1460
2672.8	1633.1
5195.9	1895.5
4636	1949.9
6262.9	1918.6
3382.2	1318.5
1464.2	765.52
3272	982.41
6720.7	2131.6
5898.8	2894.3
5444.7	255.52
3648.5	1562.9
4800.2	1932.1
2614.2	2334.5
1508.6	2489.2
6241	2006.2
5772.7	1844.2
3179.4	3380.9
4723	32.321
4509	2105.9
1841.5	322.09
3435.2	1736.1
3008.8	37.888
1388.3	2360.2
1472.9	2053.7
2288.7	1897.7
4834.6	352.88
1775.8	643.65
2501.2	1969.7
2731.6	1943.7
3775	49.432
3348.2	1915.7
1599.1	2000.5
736.8	2399
2637.6	2556.2
1976.9	580.49
4523.4	819.3
1729.1	370.81
1100.6	2091.3
3639.9	28.092
5637.5	1651
1499.3	2389.8
6685	2104.6
5596.6	1923.9
6288.4	2565.3
95.722	2360.4
5263	2218.8
5666.2	2184.8
6958.2	730.37
5723.9	1779.6
3416.6	2322
1635.4	2301.6
6792.5	2187.4
4796.2	222.05
6479.6	1333.2
2948.5	732.75
4424.8	1740.9
6410	716.46
3085.2	66.52
1089.3	2032.1
4875.3	145.32
5125.5	1780.7
3887.9	1856.3
3156.2	3458.3
6473.4	595.12
6577.7	2386.7
4650.8	1925.9
5673.8	627.97
6233.7	2077.8
4647.7	1888.3
4258.2	1629.1
1501.7	2478.5
7287.8	1724
6351.5	2093.7
1355	470.28
4629.2	1887.8
5900	1011.8
5300.7	1748.2
5382.5	1167.2
3164.5	1975.5
1767.4	358.18
6255.3	376.75
6755.3	1474.9
5245.3	1791.5
3189	2598.1
6265.8	1435.7
161.29	2370.3
43.196	2803.1
1721.4	1725.6
1347.4	514.82
1434.4	2033.4
2891.7	1920.2
6378.4	2280.5
5462.2	2436
5842.5	1106.7
4326.9	1953.3
5865.2	980.63
1472.2	1294.8
2897.5	52.91
855.3	2559.3
5545.5	3213.3
5249.2	1786.8
5744.7	1664.2
1169.1	585.66
6888.6	1430.1
148.15	1694.2
5759.7	1782.6
2688.3	2276
6341.5	1875.1
4015.4	1639.7
4060.5	1559.5
5459.1	2499.5
506.84	2241
6208	1835.2
2083.2	148.87
5339.7	2144.4
587.85	1459.6
5274.6	227.2
1057.7	2321.2
6013.8	2042.3
3366.9	39.569
1156.1	2336
791.77	1963.5
6343.3	1927.8
2602	1980.6
1732.1	348.91
6215.9	2278.6
3184.4	917.48
2310.3	1839.9
1985.4	496.01
5932.7	533.59
1577.4	1070.9
6281.3	2100.8
6901.5	1438.8
3524.3	2081.1
2541.6	1927.5
4825.2	794.03
1312.6	2033.9
7289.3	1731.5
789.91	2091
4426.5	1935.1
6892.1	1433.8
1436.5	2074.7
1544.5	1954.5
3482.6	2230.2
5975	756.51
5689.6	2247.4
7280.2	1612.6
5993.4	248.64
3242.6	72.662
5585.7	1983.8
5412.9	1430
3519.9	1900.7
3587.8	2137.6
4506.8	1997
2607.9	2060.9
399.15	1481
6342.8	1927
1482.9	1968.7
1489.6	4161
1881.2	1081.5
4459.6	1569.2
5843.7	1690.6
4292.5	19.533
3273.2	2231.2
6244.6	1843.5
5877.9	1858.1
7142.2	1839.4
255.74	2079.9
6651	1402
5899.1	300.09
6413.2	2302.5
5548.8	1067.2
2480.7	1766.1
4947.7	2308.3
1666.1	2468.6
6324.1	2186.8
3354	1947.6
2807.5	1956.6
5924.7	2086.1
6960.5	981.87
1697.6	2242.9
2506.9	216.36
1363.5	2490.9
6583.8	564.59
2563.2	512.39
5740.4	2063.7
2742.1	1953.6
1653.5	2024
2518	1932.4
4653.7	1885.2
2841.8	1649.7
3130.3	1881.7
5924.2	2189.9
3433.1	1945.6
3169.5	936.58
3614.1	988.07
6444.8	2461.6
2132.9	2319.2
5081.9	492.14
1998.9	1986.1
3603.6	1850.9
3648.2	1622.6
1597	2311.3
1401.8	1171
590.95	2422
2109.5	3910
6637.7	1392.1
2283.9	180.49
4840.1	1936.4
5049.4	1923.9
2859.8	818.9
5965.7	2884.9
1215.9	2495.2
1946.5	1967.5
1869.5	894.44
5310.8	2147.7
5745.1	1839.1
1630.1	4148.2
3383	1905
2569.2	145.31
5887	2053.6
441.29	3684.5
3778.2	25.711
2511.8	1681.9
5675.9	1823.5
3369.3	2317.9
2371.3	1873.4
1327.6	1234.8
4520.2	2121.5
6422.8	469.73
4614.4	84.454
335.66	2342.3
1537.7	1985.5
1833	1164.5
4331.6	2606.6
1823.6	139.45
5744	2115.2
2548.2	186.67
6351.4	426.27
6514.7	521.01
1765.3	1955
6759.3	3232.8
6475.3	1125.1
1484	4129.7
4648.3	2947.8
1101.4	1854.6
4144.7	1625.4
3081.3	102.79
857.63	2433.2
2797.3	1950.9
6811.3	1642.1
4301.5	1096.6
4107.3	444.9
391.26	2284.5
5709.7	3033.6
1501.1	2209.8
5922.3	2184.9
3568.5	2232.5
2132	2514.8
3635.5	887.45
2821.8	509.52
2700.8	696.57
1134.2	2033.5
1431.5	2137.9
1318.9	1984.7
4227.9	1184.1
3368.3	2320
709.94	3407.8
1370.7	2018
1064.7	2484.9
641.79	3424.1
2385.6	2105.4
4965.4	2033.3
5244.6	471.24
5818.6	1678.7
6620.2	3201.4
2086.4	2515
5265.4	1923.6
216.32	2268.1
4988.6	2019.9
1499.6	2330.6
5922.5	2424.5
1682.3	4143.1
1947.3	1986.2
1671.5	2353.1
1062.6	2193.8
6769.8	1469
400.13	3296.4
2768.9	1912.4
6292.8	2080.1
361.04	2961
5136.5	1994.6
5784.1	1842
6074.3	1216
2768.8	1911.2
2537.5	1650.6
3339.8	1944.3
6382	2514.1
6249.6	529.57
356.31	2052.4
5399	204.87
589.51	1452.5
6335.7	2114.7
1497.8	1965.9
934.52	2539.9
1768	1997.5
841.98	1894.2
6628.1	2153.1
7157.7	1649.7
6304.6	2060.5
1612.7	2104.3
7023.1	2214.4
1457.9	2005.4
2490.1	2938.4
2793.9	92.724
6682.4	1988.5
2808.3	1588.4
6984.3	881.37
1921.8	292.23
1206.9	2249.5
6154.2	2038.8
5926.1	2194.4
3340.1	1941.9
2528.9	2013.6
6892.1	1505.5
6271.6	1509.7
1048.3	2295.5
6824.8	725.11
3191.8	1854.1
4609.3	1587.6
3905.9	17.013
6341.3	2067.3
2563.8	4299.4
1845.9	1076.2
4266.9	1613.9
23.855	2441.2
6784.3	2526.5
4633.9	1931.7
5963.3	615.98
1762.3	364.65
7227.3	1617.9
5699.5	2740
1934.6	658.28
5849.9	2142.8
4659.8	1882.1
5852.2	2140.1
5487.9	238.05
1667.4	2784.5
5025.3	1293.1
1684.1	1371.2
1694.7	1741.5
5792.7	1413.4
3844.3	1983.5
4813.1	1972.3
4329	26.132
4826.6	994.52
1947.8	227.48
3904.2	15.219
6652.3	2950.8
5201.1	2012.4
6784.2	2457.2
6048.8	2028.3
5769.9	1758.8
6388.1	2110.1
7106.6	977.13
6948.8	946.34
1955	1061.2
5700.9	2353.6
1771	621.12
6724.4	793.44
1946.5	116.81
6635.3	763.55
5343.5	2203.3
4407.9	464.56
498.83	2445.4
2885.3	2930.8
1540.7	450.13
6469.5	1119.2
1301.8	870.61
6250.9	2162.9
4397.2	57.61
4092.7	1940.1
5307.3	2048.3
1623.9	2116
5847.1	2908
4158.8	1627.7
6227.2	1513.1
5668.3	2076.3
3087.1	54.619
4904.2	1608.6
4422.5	37.549
5847.5	2148.9
1655.1	2313.2
1549.1	1697.3
5166.4	1794.2
2510.9	1771.7
4343.6	1950.7
4088.9	688.9
1351.4	1253.7
4507	2088.8
6459.3	3638.3
6699.2	2109.9
5779.2	263.79
6050.2	1757.3
6754.8	1252.1
4382.3	1621.5
2855.2	820.68
179.64	2326.3
202.78	2366.8
5753.6	2903.1
7273.2	3003.8
1919.1	316.86
5848.6	370.68
5755.9	2135.5
5550.8	1077.2
1007.4	2091.3
5960.5	266.79
6107.9	2873.8
905.91	1521.2
1010.7	2570.5
5814.8	2084.9
1818.4	4104.8
6356.7	2086.1
491.58	2316.5
5548.6	2106.8
2122.2	2412.2
5593	1937.4
133.72	2034.2
6612.6	742.28
1279.2	1747.8
1626.8	4153
1240.2	2046.6
4940.7	2296.3
3608.8	349.2
3787.1	4865.8
7117.4	1653.9
5468.9	267.37
5871.3	1724.1
1585.4	991.57
4070.5	23.743
6237.1	1476
6919.7	1417.7
92.96	2354
2272.2	2900.9
201.65	2369.3
2825	1957.3
335.57	2527.6
2967.1	78.292
5592.1	1951.1
4178.6	37.806
1909.2	940.05
3098.3	61.059
1779.5	1476.7
6776.5	616.21
4912.3	113.1
6321.5	507.17
41.931	2525.7
5342.5	2502.3
1346.9	530.43
6278.7	1220.1
4369.8	1901.2
1483.3	2530.9
7075.7	1481
5486.8	289.84
2555	142.84
3180.5	2380
4391.2	2294.6
2827.3	893.84
2620	1664.6
6725.7	1340.5
5480.7	383.67
5038.2	1941.5
4095	3229.1
46.266	3022.9
6841.1	822.3
6373.7	2605.9
5851.2	370.08
6734.3	742.22
102.79	2538.6
769.42	3207
5760.3	1384.3
5558.5	1088.7
763.46	2109
863.91	1529.7
1806.1	4107
5424.5	236.52
1137.6	1906.5
6974.1	1370.6
5785.9	3584.5
5815.3	2137.8
2553.4	503.78
3304.2	2688.6
5287.4	2202
511.77	1926.9
2818.8	516.58
4428.1	3296
6085.1	1269.3
4381.2	1615.2
6948.1	1520.2
7290.4	1741.7
163.35	3319.1
4959.8	136.81
3196.2	1872.3
1613.3	2099.1
7145.4	2738.8
5388.3	2092.5
5361.8	3224.7
1158.1	1195
1908.4	953.47
6735	740.4
5589.3	3074.3
5927.1	2235.7
1383.1	1116.1
5601.2	3138.6
6716	1417.2
4869.4	1886.3
1848.4	3477.2
1638.4	2123.4
4812.2	1868.8
1583.1	1152.4
1968.5	1032.9
5685.2	1545.8
1248.2	2022.8
1493.8	2430.1
5343.3	2409.3
2501.5	1878.2
1428.6	2243.8
6378.2	2597
1558	2874.6
6766.2	1491
4030.7	886.2
1221.2	2308.7
5025.1	1962.6
5133.4	154.3
346.02	3045.5
5456.3	3102.8
92.194	2377.3
3373.7	1996
6341.8	2341.1
3455.5	2038.3
5676.3	695.58
6148.4	1483.2
1967.6	1028.7
5475.4	297.49
2573	1940.8
1404	1814.5
5032.5	1969.6
4632	1976.4
2097.7	1652.2
6601.2	1563.6
5816.3	2133.3
384.38	2116.3
3322.3	1857
4356	3133.2
3372.6	1995.2
6379.1	2595.4
4983.8	143.46
2822	94.544
5593.2	309.16
2510.4	2934
4821.7	1981.4
4548.6	1882
6011.6	1196.6
4476	848.78
4973.1	1655.1
1610.9	2276
6009.8	805.37
1983.9	914.36
4182.7	14.552
2068.3	19.071
2710.3	2098.4
4459.6	3214.9
1269.3	1044.9
1938.8	428.59
900.25	1801.4
4395.2	710.49
1642.6	1791.9
6769.1	1497.2
6756.9	1255.2
1027.9	634.83
2400.7	1890.4
3314.4	1929.3
4807.7	275.97
4912.2	26.049
373.21	1346.9
5459.5	1892.1
2949.5	36.124
1299.7	788.04
4574.2	804.83
374.35	1964
7081.5	1599.3
4873.5	1893.4
1837.3	327.69
5095.7	1907.8
5274.1	212.79
6493.8	665.66
2342	927.1
1724.6	2032.3
2415.6	1762.9
5107.9	205.34
335.73	2471.1
2890.6	913.81
1246.2	1983
6550	620.12
951.54	2082.9
6212.8	2720
6077.1	1243.9
6255.5	2071.3
338.5	2569.2
2693.9	680.88
5269.7	1992.2
863.78	2315.7
5416.9	355.69
7123.7	1656.3
5109.2	1028.8
5178.4	3048.7
4543	2947.1
1817	4130.3
945.42	1366.7
2141.1	3918.1
4404.5	2631.6
4171.5	37.293
2527.8	2062.3
6497.5	1131
1109.4	2330.1
5621.7	149.75
6023.8	1177.3
4683.2	1943
6774.8	1911
5733.3	2908.2
2568.3	1908.6
6613.9	1627.7
3481	1865.6
3121.6	1798.9
5759.6	1403.1
954.13	2412.1
1859.2	233.96
5417.3	2017.3
4425.7	3258.9
6050.6	2031.1
1450.5	265.24
5223.3	1597.9
6530	2049.2
5071.5	553.76
6464.9	1320.7
6948.9	2210.9
738.65	3084.8
5340.2	2236.2
1583.8	4157.3
5111.5	2107.7
2608	542.02
4549.9	913.52
192.92	2172.5
6587.2	639.84
4245.1	379.86
2311.9	982.56
6319.6	2037.6
1797.8	1676.1
824.95	1319.2
5982.1	1991.7
5773	2048.4
4572.3	1631.3
4013.7	878.11
1082.2	1797.6
5837.4	2042.2
1195.8	1990.1
6221	2123.9
1133	1286.2
4450.2	723.22
1418.7	830.14
3033.7	1846
1180.9	2821.6
6329.3	1135.5
5292.5	2052.1
5520.4	1637.6
1725.6	2435.3
4870.4	1951.5
7267.9	1630.3
6604	1399.3
1399.8	779.56
5598	1686.8
706.46	2414.7
2508.9	1894.8
7191	1239.4
2774.2	2917.9
5330.9	2534.8
1924.4	627.19
6630.8	1965.5
6383.2	543.75
523.3	2235.8
4077.1	2763.8
3861.8	1983.2
6069.5	1195.9
2818.9	905.31
5282.2	1902.9
1302.9	460.83
522.32	2086.4
1143.5	1765.3
6948.5	1399.6
6567.6	3171.3
3852.9	2951.2
6795.2	2340.7
4058.2	23.168
4498.1	1923.5
188.56	2182
4509.7	943.38
5237.2	2005.8
2656.2	2174.2
4285.2	2209.6
5606	328.12
5947.7	459.04
693.18	873.94
2352.8	2543.9
1725.5	1685.6
4051.4	794.25
5850.3	1170.1
4427.4	423.05
6043	1999
4015.5	935.88
5086.5	1939.3
5091.1	1790
2536.7	2060.6
1925.8	1903.1
1005.4	2097.9
3085.2	90.494
2600.1	1869
5269.9	1901.8
984.39	2024.3
5684.2	3270.1
3191.1	902.97
6769.3	2104.7
2516.5	2361
3380.7	2106
2499.3	1754.9
6577.4	1552.9
5688.3	246.46
3929.2	2959.2
2036.8	265.97
2362.1	2515.7
2370.4	2191.3
2610.9	548.94
1264.4	2448.2
1551.3	2028.4
3601.5	1943.3
6471.3	1845.3
5923.6	2271.5
1912.7	3216.2
1759	2135.4
2812.9	1987.4
2860.9	466.11
1843.7	200.04
5344.1	2423
972.76	2078.8
523.47	2230.3
4818.3	755.02
5674.5	594.65
6720.2	2925.1
317.81	2307.4
6892.4	1496.3
7144	1590.8
6006.3	796.59
6160.3	2034.7
2686.5	119.25
1434.4	2361.9
1738.4	1936.5
4323.2	865.78
1578.6	1806.4
1309.9	1373.8
5497.2	1958.6
5397.1	2377.2
5863.4	374.67
6132	444.15
856.79	1914.7
838.24	1917.7
1401.2	1161.5
1188.7	1269.3
4994.5	137.78
3197.1	904.23
4571.7	3456.2
4698.2	88.962
3657.6	869.14
1380.4	2648.4
5719.2	2012.1
2467.1	2354.2
5042.1	1785.8
6545.2	629.63
1739	1358.9
1209.8	2357.6
6430.2	1319.9
5387.9	314.49
215.54	1553.2
4726.3	3213.9
1992.4	515.24
312.1	2161.2
1733	418.02
903.15	2418
4513.4	2606.8
5312.1	2054.6
1815.4	4156.3
3019	36.186
1900.7	484.79
7057.9	1339.7
2255.4	185.12
689.74	1109
6763.2	2154
4509.7	943.21
1006.9	2094.9
3101.8	3002.9
6474.9	585.48
6901.9	1526.9
4629.3	1940.8
883.09	1170
2255.9	2898.8
2520.4	2949.8
804.22	2363
2470.2	1951.6
2827	2922.5
6498.7	1349.1
1574.3	1839.8
4099.6	2756.1
4294.1	14.567
1087.2	637.3
1805.9	1660.7
1807.2	4087
6381.3	912.11
1502.2	3929.2
5313.2	2947.3
2473.8	1781.4
6078.1	1208.3
5285.8	3034.9
1642.2	1846.5
6065.7	2042
6917.5	3350.7
4970.6	164.81
430.89	1953.8
3559.2	2320.5
6390.4	1813.4
2075.4	58.817
2321.3	748.95
5395.7	2473.4
1915.7	501.23
1321.7	1085.3
2483.3	1777.4
219.5	1035
6347.7	2549.6
4308	2034.2
5727.7	239.64
6231.8	2494.6
6471	1130.5
4469	1734.2
5403.1	121.48
2828.9	1958.6
6176	1971.1
2036.5	3772.3
1867.5	1093.5
4641.3	1860.1
3364.5	28.395
1806.8	454.92
218.55	2253.3
6379.9	2722.1
6756.6	1445.5
6418	568.1
6042.4	2007.9
260.4	2375.1
5391.6	271.61
1025.7	2762.6
6358.4	3062.9
1697.9	1940.4
2009.8	359.25
4768	83.444
189.65	1942.8
3275.8	1742.9
5077.6	1969.1
6436.8	1303
3331.6	1742
864.9	2736.6
1328.8	1212.6
3362.4	29.679
5236.8	2007.6
5074.9	2286.6
5239.8	1966.3
766	2097.4
875.79	3639.8
4567.2	781.94
6710.7	1330.1
4327.7	2065.7
5137.5	1798.5
4319.4	2960.9
6040	1997.3
5177.9	1776.7
2762.5	2927.7
2824.7	852.6
3585.4	1074.4
4327.8	2708.2
7267	1427.5
4179.9	29.493
5913.2	497.05
2489.5	1595
6563.5	649.82
904.49	2778.9
1441.9	1934.3
1089.6	461.18
6346.5	1844
397.13	3481.1
5999	2028.6
3379	2786
4583.3	1859.4
2121.3	216.99
5351.6	2484
3443.9	1821.7
6722.1	2139.6
1269.1	995.56
3250.1	1742.9
1815.2	628.97
6386.5	2044.2
7088.3	1618.3
2584.5	137.67
6069.4	1162.9
6669.4	1948.1
5230.4	30.557
3126.9	798.03
395	1959.2
5505.4	2585.8
7058.9	1341.7
4038	878.78
3371.4	1958.5
2632.3	1230.6
4383.2	2300.1
7337.8	1721.3
2276.7	191.59
2653.9	461.42
1590	1955.2
3240.7	2413.6
1014.5	2269.3
2514	1775.7
5927.8	2305
6278.7	3159.3
3920.4	50.806
679.63	2033.1
4297.1	1746
3197	1819.4
3469.7	1988.7
1739	2981.3
6224.6	1972
2686.7	1758.2
1705.3	2558.6
1848.1	311.11
6255.6	3303.1
5172.2	1809.8
5206.5	1805.5
5880.4	3046
839.1	1939.6
7072.9	935.67
1199.6	2034.1
4408.7	468.36
890.21	1842.8
3201	2630.1
6568.8	601.81
5700	1631.8
4044.5	55.193
948.44	2061.4
5129.1	1773
6594.4	1629.8
2821.6	2937.8
7257.1	1652.9
4111.5	1904.5
6985.3	787.58
1550	433.53
3499.5	1598.3
2714.9	106
2531.9	1918.9
2382.6	2614.6
4811.8	750.6
101.29	2376
4247.4	18.31
6311.3	531.37
283.9	2173
1417.7	1431.3
4110.7	2077.7
4640.2	1940
1142.9	1887.6
2849.3	832.66
2851.6	744.46
5922.8	2446.5
5520.4	95.873
2461.5	2283.3
939.96	2763.7
1924.4	3371.1
5143.6	1796.1
2084	334.29
3227.8	3212.6
5623.2	261.55
6277.2	1877.6
5151.3	2036.2
6951.4	1462.6
6941.5	3072.8
5406.1	105.12
211.28	2275.3
4822.1	3655.4
6379	2453.9
2908.6	2926.8
6484.7	2700.6
3714.5	1616.9
6506.8	1830
2451.1	1787.4
4797.7	279.68
5808.4	1946.4
5093.5	165.21
6230.5	1291.2
5075	1801.7
4581.1	1866.7
2466.3	2275.6
3220.8	2708
6458.4	581.72
2281.8	99.715
4806.7	78.323
4673.7	2938.8
5110.8	1603.2
1599.8	285.46
1250.4	1538.1
7032.7	902.76
2640.6	1761.5
5600.5	283.95
6958.2	3397.6
1786	2878.8
1462	3821.5
4703.6	74.048
4968	1494.9
5860	1173.7
5679.1	3069.7
5133.4	2101.6
5573.5	3213.8
6020.7	685.64
1483.3	281.8
4468.5	1627
5100.7	195.3
1040.5	2787.9
5159.7	1803.4
1579.9	1153.5
2335.8	2937
4761.9	2937.7
6252.4	1493.2
3581.3	2003.2
4708.1	86.845
6271	1316
2670.9	1599.8
3455.8	2711.1
2652.1	635.36
5597.6	310.4
3622.4	3275.9
616.19	3084.8
2978.1	795.21
3372.5	1837.9
1580.9	4051.3
2058.7	4156.5
343.55	2243.2
5173	3598.9
3512.9	2075.5
6586.6	3150.9
5726.7	2040.7
1514.2	2734.6
3563.4	1208.7
6890.1	1494.9
167.75	2072
3228.3	3226.1
1695	1381.3
5240.3	1937.6
7292.4	1133.4
4068.8	1895.7
3215.4	2174
189.28	3397.1
7037.6	3043.9
6228.5	2424.9
5785.5	1228.4
1819.8	413
5459.8	1675.9
1138.6	1794.6
2563.7	1773.3
1650.4	1129.3
5004.9	3245.8
5063	1795.4
6812.6	754.79
2868.1	189.17
4189.4	2777.4
231.48	2535.9
871.6	1842.1
5644.7	416.26
1665.3	1843.7
1610.5	2028.8
6866.5	2612.7
4890.7	427.86
6426.3	2531.9
5681.5	3054.5
7283.6	1707.5
3861.7	29.025
2884.4	55.766
6279.8	452.84
2513.6	1774.2
1722.6	2862.8
1087.6	2686.6
5940	357.33
1470.7	1942.5
2360.6	2025.7
5007	643.72
4072.9	853
3283.7	1989.1
3972.9	2948.8
3378.1	2044.9
2500.4	88.696
4496.1	1950
3378.9	1359.5
6349.2	2037.3
3505.3	2302.2
2534.6	2502.9
5927.8	1711.8
3474.8	1728.1
1674.7	1829
3239.3	2471.2
2566.8	1962.4
4307.5	1631.4
3579.6	2159.3
2919.1	3403.7
3091.4	42.545
5716.1	1854.8
3513.1	2354.4
960.65	2032.7
6137.7	1955.7
1578.7	851.59
3463.1	2947.4
5532	2293.9
6250.2	1926.1
2676.2	2628.8
232.13	3005.8
1585.5	1992.9
3002.8	1628.4
811.4	3006.8
2504.3	998.79
5266.8	2007
7066.7	1033.5
5181.3	1005.2
5074.6	2296
5755.6	1844.3
2469.8	952
1346.1	508.92
6594.6	1958.7
6312.2	526.3
4478.2	71.005
4947.8	756.66
4750	4376.5
3376.1	1498.7
3545.7	191.19
3969.7	1841.5
5434.8	2867.4
2039.2	316.08
274.02	1496.2
3359	1834.1
1997.3	2882
4624.1	49.516
251.72	3001.7
2545.4	2905.7
4977.7	2282
6054.4	2039.4
5809.1	1978.8
3964	695.28
6657.1	1273
3531.4	1729
4822.5	461.95
1736	1834.8
4795.2	3479.6
983.17	1838.7
3511	2062.7
646.52	2659.1
5018.5	1767.1
1404.5	3418.4
6486.2	1361
7062	918.22
910.95	2204
4928.3	4580.5
5051	1787.2
7069.6	2138
6035.3	3583.6
2648.2	1629.6
3559.1	2386
2997.2	69.372
5557.8	2910.1
452.77	1697.4
3162.9	882.84
5006.5	1877.9
2732.3	1918
3563.7	2481.7
6744.3	2332.4
2626.5	2918.2
3500.3	1595.1
1594.9	2150
4410.2	32.339
5265.2	1907.5
1639.2	1125.3
1246.6	1974.6
2130.2	1647.3
5483.1	223.29
5329.9	2240.2
2660.7	1601.2
7011.7	1048.6
3733.6	1901.1
5215.7	2032.8
857.02	1506.9
5995.1	330.31
7010.2	1047.4
4256.5	1836.1
1321.2	2261.8
4968.6	108.11
5286	4174.9
1263.3	2868.2
2377.9	1665.2
5412.5	1455.2
439.92	2873.2
5703.1	1751.9
5234.7	1980.3
1588.9	2667.5
815.06	2083
1611.6	1019.9
6468.4	783.73
1284.2	3407.9
2681	4386.9
706	2419.3
1270.8	2495.4
4683.7	3200.1
6461.1	1291
2111.4	137.19
5941.7	451.31
1543.5	177.14
3240.6	2750.4
5878	2584.9
2675.4	2610.6
2699.3	3854.6
6489	2650
4137.8	499.95
3390.3	2125.8
3250.5	1733.8
3205.1	926.63
5318.2	152.89
5876	2637
5149.8	2034.1
4242.9	3152
3748.9	738.67
1838.4	911.43
139.97	2910.8
6241	1758
5764.7	1858
1514.1	2334.2
6293.5	1620.8
3610.9	416.03
792.31	1041.5
1012.7	2343.9
5246.9	33.167
5706.6	1048.1
3091.9	1625.3
7255.7	1194.1
6428.3	2041.8
5752.2	2015.2
2623.6	2296.7
566.05	1096.8
4404.4	1948.5
2536.1	3161.1
4049.8	892.91
1826.7	1059.6
3517.9	1842.8
3526.3	199.29
2508.3	1738
6379.3	2616
1716.7	2191.9
4256.6	2658.2
6698.3	1103.2
6392.6	569.31
5722.6	1738.8
2701.1	2296.2
1582.3	1791.8
2733.1	749.14
1508.4	2496.9
3965.9	3334.7
6844.2	1863.1
4255.7	2617.9
4978.7	3055.3
5790.9	3278
1695.2	2612
102.4	2331
5953.7	3258.9
7096.6	1618.2
4132.4	390.99
1173	1759.3
3464.2	2764.5
4903.5	129.25
2516.1	956.85
5383.7	3531.4
1901.9	3774.9
4517.8	3209.1
7309.6	2065.7
5425.1	340.79
5269.2	3230.3
1662.4	301.73
4913.2	1902
2268.1	2892.9
2617.5	1613.3
6077.6	1110
1562.7	2718.4
5792	1845.1
3367.4	2233.3
5906.3	1726
4492.2	2770.9
5217.6	3239.2
4190.7	863.69
1828.9	1199.4
7137	1450.6
1501.1	2740.9
3556.8	2627.5
6019.1	1007
6802.1	1975.2
3390.1	2109.4
2353.5	1630.9
1907.1	3210.7
6625	848.56
6620.2	1897.2
1340.2	4243.8
4411.8	1757.3
5329.3	2243.2
3612.1	3266.9
4038.9	1806.1
1590.7	2687.4
1642.5	1965.1
5007.3	3170.1
1832.4	333.05
4154.5	702.66
5322.4	143.04
3907.1	801.97
519.28	779.59
6683.4	684.76
4684.6	1868.5
7061.6	917.98
5136.7	2011.2
4974.8	1376.1
4020.3	2942.7
4210.6	1741.4
6999.1	936.84
3373.1	1983.3
5952.1	446.9
4309.6	1993.4
3511.3	2755.4
3239.9	2455.5
1057.9	628.39
5799.3	3092.1
5093.7	2941.8
281.7	2490.8
3557.2	2390.5
5669.4	289.95
5521.4	670.15
6293	2714.9
5999.7	2040
7068.7	1604.3
5057.2	910.18
6273.7	2192.6
6091.6	1824.5
3418	2076.6
5862.5	1814.1
