3214.7	2594.8
5152.8	2978.1
5152.8	2978.1
3277.6	2357.9
3374.7	2359.2
3291.2	2358.5
2948.6	2271.1
2953.2	2273.9
3194.7	2357.7
2948.6	2271.1
2215.7	1897.8
6448.6	2891.1
3180.6	2357.5
2487.6	2473.1
5185.2	2898.4
3292.3	2328.5
3194.7	2357.7
2163.6	2459
3277.4	2344
3194.8	2342.6
4543.6	2943.2
3381.7	2337
3292.3	2328.5
3292.3	2328.5
3194.8	2342.6
6395.6	1488.3
3381.1	2333.9
5152.8	2978.1
2093.9	2455.9
5194.8	2897.5
2323.2	2325.8
5526.6	1692.3
2495	2458.8
7236.5	1671.6
5143.2	2972.8
3194.8	2342.6
6912.3	2228
3381.1	2333.9
5143.2	2972.8
2132.9	2372.6
5730.1	1713
5192.1	2536.5
4607.5	2925.4
2147.2	2345.6
3307.3	2590.7
3307.3	2590.7
6478.2	2662.2
2285.3	2691
2347.8	2055
3299.8	2589.9
3188	2348.1
2011.8	1874.5
3299.8	2589.9
2389.1	2446.1
4754.9	2833.9
5160.8	1408.4
3690.1	2500.1
3188	2348.1
5604.2	2509.9
2175.4	2752.9
5548	2099.8
4843.7	2636.8
2485.2	2494.6
3073.5	2828.5
4588.9	2926.9
3073.5	2828.5
3487	2362
2725	2174.7
4628.1	2959.7
3944	2754.6
2485.2	2494.6
2490.4	2482.7
2222.5	2487.5
2402.5	2710.3
4628.1	2959.7
2050.3	2354.6
2623.2	2365.9
4628.4	2959.2
2162.4	2473
4546.5	2954.2
7248.9	2563.1
2258.9	1988.6
3479.2	2358.8
2283.2	2723.6
6673	2910.9
4405.5	1894.1
6734.5	928.54
5796.7	1878.5
5480	1492.9
5329.9	2813
4296.5	2046.5
4625.6	1753.2
6734.5	928.54
2362.9	2356
6839.2	2883.5
2323.2	2325.8
4926.3	1509.5
2362.9	2356
3140.2	2563.7
6827.6	2466.8
5081.9	1339
2091.4	1882.6
6734.5	928.54
2269.8	1779.6
4292	2370.1
6640.6	2832.8
5073	2244.3
3194.8	2342.6
5185.2	2965.2
2207.4	1800.7
2320.4	1824.2
6811.8	2178.5
4995.4	2306.3
2269.8	1779.6
3902.4	2657.4
5849.2	653.31
2226.6	2205.7
3181.2	2342.4
6827.6	2466.8
2420.8	2307.4
6414.3	2842.9
4211.4	2030.9
6414.3	2842.9
5348.7	1066.8
5736.7	1510
6098.9	2440.3
2646.1	2070.1
4218.4	2475.2
3134.6	2433
5859.1	1550.4
4661.9	2615.2
5081.9	1339
6699.5	798.31
3202.1	2336.7
2271.9	1744.9
6029.7	2417.7
3028.3	2224.2
2400.5	2101.2
3270.2	2336.8
3270.2	2336.8
3301	2336.4
3202.1	2336.7
3270.2	2336.8
2323.2	2324.2
2115.5	1912
2361.5	2762.5
5736.7	1510
2246	1851.6
3301	2336.4
5775.4	2887.4
4764.6	2639.9
4675.2	2967.1
2140.8	1855.8
5072	2774.9
7021.4	1580.7
4406.7	2258.6
2271.9	1744.9
2397.9	2392.2
5432.7	1969.4
3270.8	2477.4
2243.4	2011.6
5327.9	2805.8
3077.3	2357.2
3187.7	2363.9
3266.7	2336.9
3236.8	2582.9
3977.6	2395
3028.3	2224.2
3403	2344.5
2151.9	2402
3302.6	2338.3
3646	2180.5
5519.2	2370.8
4626	2178.6
2207	1768.8
6734.5	928.54
2984.1	2216.7
3363.9	2340
3298.2	2350.7
6504.6	2487.8
5797.1	1672.8
2088.5	2361.5
5797.1	1672.8
4791	2137
2511.5	2473.6
2272.6	1753.4
3382.5	2352.2
7097.7	2227.7
2378.3	2517.8
5717.9	1273.9
6411	2842.6
3282.9	2363.8
3360.5	2339.8
4215.2	2936.8
2207	1768.8
3375.1	2344.4
5201.1	2903.8
2277.3	1898.6
4331.2	2048.3
4458.8	2036
4781.8	2798.8
2468.4	2951.4
2052	1714.9
2499.5	2471.7
2426.1	1882.9
2019.6	1633.7
6951.7	1984.5
3360.5	2339.8
3266.7	2336.9
2495.4	2470.3
5690.4	1276.7
3219.3	2582.4
3360.5	2339.8
5078.3	1331.7
6660.7	1122.8
3328.6	2569.4
3189.1	2342.7
5537.9	1944.8
3187.6	2342.6
2501.3	2118.2
3861.5	2461
2247.8	1911
6897.6	2989.3
2362.1	2060.6
2328.8	2498.2
2095.9	1736.2
6451.6	2463.8
2408.8	2141.2
3194.8	2342.6
2419.5	1882.8
2200.4	2373.1
4304	1923
5790.8	2151
6421.6	2818.8
3403	2344.5
6811.8	2178.5
5094.3	2190.6
5530.1	2947.3
3223.3	2585.5
5023.4	2043.2
5196.5	2275.4
2261.4	1739.7
6441.4	2065.9
5482.6	2155.1
5440.6	2870.3
3315	2584
3260.2	2481.5
2234	1769.7
6345.9	2801.8
2281.1	2393.4
4281.1	2897.5
5196.5	2275.4
3286.3	2343.5
3236.8	2582.9
5541.7	1965.1
6995.1	2869.6
5733.2	1677.2
2240.3	1753.3
5132.2	2809.1
2138.5	2460.1
5756.1	1704.8
5963.4	2826.5
6632.1	2807.4
4074.4	2397.5
4215.2	2936.8
4612.3	1731.8
4530.5	2434.9
6936.9	2804.7
2210	1828.2
4650.7	2039.3
2257.3	2252
2365.2	1914
4044.8	2163.1
4701	2038.4
6251.6	2861.4
4169.6	2798.2
2248.8	1759.7
2675.9	2099
5183	2506.8
6430.4	528.36
2426.1	1885.5
2512.8	2153.6
5437.7	2922.1
2531.5	2102.3
3170.5	2345.5
2507.5	2104.8
2219.1	1776.4
5641.3	923.94
4577.5	2779.6
3098.8	2788.1
5576.5	2800
2217.4	1763.8
2097.2	2299.5
2076.8	1970.7
2396.3	1886.3
2264.8	2710
4148.8	2541.4
2437	1880.1
5084.3	2255.3
2045.9	1926.6
3345.8	2543
2303.8	1784.4
3345.8	2543
2138.9	1769.1
2030.1	2391.2
6679.1	2921.3
2224.5	2432.3
2242.8	2348.7
7058	2797.3
2240.8	2263.9
6632.1	2807.4
2082.6	1786.8
2184.2	2320.3
2220.7	2196.9
4208.6	2396.3
3333.2	2351.9
6527.3	2460.2
4328.8	2524.6
2222.3	1862.5
5536.1	2198.1
2394.8	2224.7
4650.7	2039.3
6961.3	2210.9
2340.6	1837.5
4148.8	2541.4
2488.4	2345.2
5754.6	2152.5
4920.2	1414.4
4279.1	2336.7
4286.6	1984.7
5967.7	2153.7
5132.2	2809.1
5224	2223.3
2131	1836.9
2478.5	2177.3
6493.1	2448.6
2018.4	1674
6406.1	2344.5
5155.9	2898.9
5129.4	2897.4
2083.3	2706.5
7075.1	2000.1
2402	2729.1
4200.4	2651.1
4345.7	1859
2504.2	2390.7
2378.3	2517.8
3187.1	2412.6
2418	1875.3
2081.6	1677.2
3123.1	2805.4
2609.2	2061.9
2489.6	2276.1
2149.6	2668
3932.5	2639.1
2256.8	2230.5
6324.5	2298.1
2315.4	1943.3
2409.5	2148.9
2755.8	2988.5
6129.2	2142.4
2290.6	1763.3
4915	2214.6
5026.5	2256.6
2394.8	2224.7
4760	2029.8
2246.8	2308.8
2395.9	1881.8
5129.4	2897.4
2454.2	2322.1
3212	2450.2
3328	2480.8
2365.1	2344.1
3291.3	2343.3
4600.3	2907.2
3187.1	2412.6
4227.2	2358
2485.6	2535.8
5717	2146.1
6565.9	2297.4
3929.4	2518.6
6489.3	2458.9
5692.8	2828.4
6961.3	2210.9
4518.3	2905
2552.6	2445.1
3931.6	2560.3
5362.4	2393.1
4086.6	2453.8
4845.3	2549.5
4602.8	2055.8
4920.2	1414.4
4952.9	2792.1
3183.9	2207.8
6454	2489
6280.3	2251.2
2377.2	2298.2
2084.9	2458.7
4517.3	2273.2
3187.1	2412.6
4600	2909.7
5347.3	2908.9
6797.9	2177
2110	1898
2479.3	2049.1
4362.3	2381.9
2478.7	2021.8
2097.2	2468.7
4223.2	2566.7
6963.3	2669.9
3119.8	2777.7
2057.4	1905.6
5155.9	2898.9
4600.3	2907.2
3507.7	2403.1
6632.1	2807.4
2026.6	1738.6
3137.5	2300
3048.5	1935
6906.3	2602.4
4415.8	1875
3411	2519.8
3217.5	2322
2536.1	2808.3
6592.6	2649.5
4685	1732.6
3907.3	2572.3
2131	1836.9
3446.9	2324.5
3446.9	2324.5
3137.5	2300
3831.1	2605.1
3544.6	2854.3
3058.5	1925
2206.3	1800.6
7247.2	2414
2361.7	2354.4
3544.6	2854.3
6856.8	1345.4
7029	2677.7
3217.5	2322
5129.4	2897.4
2654	2078.2
6481	2102.9
5501.5	2804.6
3544.6	2854.3
4862.2	2698
3217.5	2322
5575.1	2658.4
3049.1	1924.9
3899.8	2712.9
3123.1	2805.4
4836.8	2791.4
3544.6	2854.3
3217.5	2322
5054.1	2254
6592.6	2649.5
2472	2296.1
5544.3	1220.9
7152.9	2261.1
6592.6	2649.5
3217.5	2322
2216.9	2152.2
2534.9	2576.2
2047.6	1756.3
2504.2	2390.7
4315.8	2171.6
3446.9	2324.5
5366.9	1286.4
3217.5	2322
