6674	2062.6
3020.5	2507.1
458.3	2283.7
105.98	2317.1
6716.1	2754.2
6884.9	2967.9
5355.9	1096.3
5363.9	1124.9
2985.2	851.3
5630.6	1181.6
5088.3	326.22
112.1	2413.4
2144.4	2348.2
1635.5	1193.5
6409.4	2848.2
4643.1	880.01
5633.6	1142.9
2550.5	987.61
1874	1099.5
2187.6	373.97
1360.7	1228.5
2226.1	79.728
3836.2	837.82
6376.6	2856.8
1630.5	1159.7
2229.9	1033.7
2308.9	950.99
3042.1	2591.8
2164.8	2153
5353.9	988.45
3835	926.93
162.51	1721.5
1876.2	1139.6
3902.7	859.65
1179.9	1284.8
5695.4	1193.4
5908	1122.4
1871.3	1105.3
5359.9	1086.1
4134.1	869.31
6117.5	1274.5
722.15	2387.3
3710.1	19.92
2997.6	1891.8
693.68	1458.4
5638.1	474.49
1335.2	518.59
5622.2	1047.7
3344.4	850.2
4651.5	975.9
2508.6	926.44
4660.7	982.29
3171.8	41.441
3388.6	857.26
2141.3	2269.6
6110.3	1185.9
4598.2	893.53
4417.5	64.44
4327	3048.4
307.14	2737.5
2601.3	904.74
6115.9	1307
422.09	2754.8
6162.1	2552.5
948.08	987.7
6851.4	2968.4
5621.4	355.05
3334.5	939.52
4646.8	1746
259.18	2730.9
6109.5	1187.6
2968.5	953.2
5457.3	1870.6
5308.9	998.95
4635.7	872.21
112.63	2607
2270.7	602.13
1984.2	1968.3
3015.6	1885
848.53	1322.7
2059.7	1755.9
316.5	1634.7
473.24	2274.1
6042	874.96
5915.2	1251.3
4213.5	976.13
2563.7	883.53
1701.2	1073.4
5654.5	1075.3
1265	887.32
2941	1964
770.73	693.01
1105.1	2052.6
1380.6	2049.5
6292.1	1229.8
6246.7	611.09
2558.5	1018.8
4093.9	3289.5
1640.7	1166.4
3477.7	450.63
410.76	1291.3
5132.5	1844.6
3350.6	966.67
4203.5	954.51
71.974	2235.4
2196.9	965.09
3374.5	870.08
2966.8	839.41
5320.8	126.75
2981.4	981.52
6496	1344
2707.9	1704.9
1870.7	262.12
1194.3	2072.9
6067.7	1153
6330.4	1362
4339.9	1963.9
1122.4	945.58
5567.8	721.17
3744.4	451.77
890.05	1326.5
3826.5	960.46
5935.6	1175
887.6	1333.9
5213.6	633.75
2285.8	584.27
4988.9	914.23
3329.6	841.5
411.21	1299.6
3687.2	695.17
591	1193.4
4921.6	76.619
1902.3	1999.9
2712.8	1967.5
6407.4	1257.7
6214.2	1347.6
2906.1	2258.5
5183.8	607.97
6140.4	1212.6
158.64	1564.5
5545.3	677.42
1139.2	921.55
1849.1	1062.6
612.47	2143.3
403.35	1590.7
410.75	3166.7
2812.8	1696.7
157.9	1561.4
5912.7	339.04
3012.5	1872.2
1623.2	1105.8
4859.7	1651.2
1111.7	2979.7
516.26	2158.7
757.19	2122.5
203.31	1417
1693.8	728.27
1062.9	2280
89.961	1510.8
2504.4	1979.2
2564.1	990.47
6331.7	1353.8
2217.7	977.76
4218.4	443.28
529.79	1952.8
4650.5	1009.1
5042	949.1
3362.4	834.92
142.51	1667.9
2016	1760.1
2991.4	951.49
3606.5	187.93
4276.6	3185.7
1341.8	1833.6
415.24	2653
5630.6	1042.5
1884.9	1101.7
148.55	1646.8
4867.3	1970.7
203.19	1423.1
2987.3	500.49
5406.4	230.98
3674.7	1800.5
225.07	3214.4
6017	819.83
1880.4	1987.9
3047.7	1978.7
980.74	1359.7
876.6	2107.6
4881.9	1951.8
5043.3	1648.2
2938.8	1844.9
1757.7	475.08
1880.2	1987.8
6797.2	2175.6
4678.2	1766.4
1713.3	724.16
3225.2	2526.4
5293	2032.5
3028.3	1900.3
713.03	1951.9
5364.9	985.26
4250.1	930.57
6237.5	504.3
3769.7	426.08
3335.6	846.08
3822.8	929.99
3347.3	891.4
253.89	2628.1
6318.6	546.71
1777.2	2015.4
5752.2	758.89
2254.2	357.54
2816.3	1931.2
6487.7	1350.7
2238.9	1045.1
1912.8	2543.1
85.466	2251.3
727.35	2680.9
1029.3	2063.7
2534	1978.6
1495.3	2042.4
4571	966.37
5755.7	762.21
3777.7	453
3003.9	60.283
3137	2548.9
2998.7	837.2
6683.8	2657.7
264.64	2220.7
816.54	1084.9
5620.8	2559.1
1770.9	468.56
6676.4	2879
205.23	2395
3852.3	1584.6
6927.2	2895
6923.6	2919.3
981.64	2114.7
100.66	2247
5622.2	1142.8
1108.1	2988.3
5885.7	1184.5
662.68	1961.7
2286	600.72
1401.6	1827.5
2280.7	1955.4
2458.5	1916.7
3833.5	887.29
4249.3	98.744
5628	2033.4
3777.8	444.6
5206.3	633.15
1375.6	2131
3311.2	895.23
1642	1156.6
6921.3	2939.5
6220.2	518.09
2983.7	907.29
5023.9	1010.5
1476.3	2253.1
1199.9	2147.5
700.52	2103.7
484.99	2157.7
3346.4	888.99
2637.5	2003.7
1913.3	1074.9
2025.6	642.66
4937.2	1653.6
1745.3	1944.9
585.95	1512.4
2997.3	2462
260.89	1215.1
6418.7	1014.9
2527.1	1990.9
3948	3532.4
114.85	2786.5
5350.6	1086.1
3412.3	3279.7
102.24	2225.1
1394	1164.4
736.62	1478.8
5083	106.78
1281.8	862.53
1844.6	1980
6038.5	856.43
6092.5	1911.3
2664.5	1777.7
2361.2	1925.5
484.5	2160.3
3530	77.458
2588.8	2028.9
2529.9	1969.9
6503.1	2881.5
4185.1	835.78
1157.4	2277.5
1094.4	1806.6
1160.9	2196
1906.2	1049.9
5730.2	1359.6
4643.8	934.27
2017.6	1823
3118.3	2125.6
2537	1979.4
970.98	1898.9
226.97	1589.5
3850.7	966.49
4104.4	745.09
1172.5	2264.9
5556	696.31
398.04	1555.7
1813.5	940.88
2908.4	1692.8
212.95	2720.7
2515.3	1713.7
2556.1	861.39
3049.1	1969.5
482.19	2764.2
5107.4	310.68
1634.9	486.58
266.52	2183.3
951.16	622.99
2625.9	980.07
6678.6	2541.1
6991.3	1992
455.24	2216.2
3717	429.48
1903.7	1763.6
2729.1	2007.4
4985	122.1
4952.5	581.67
4202.5	903.46
536.93	3009.4
399.5	1599.6
2025.2	2499.1
1288.5	2065
6300.5	559.77
3942.4	891.62
4228.7	487.87
1891.7	1770.4
5650.5	460.97
5603.3	2901.7
2199	2254.4
4973.9	1901.1
2984.4	818.81
676.24	2190.8
1906	2487.7
5064	175.97
2021.5	2643.7
2991.8	104.47
722.45	2134.5
6166.2	524.6
1238.7	682.86
130.1	2090.5
5482	203.8
697.27	1387.8
1933	1768.1
4653.6	857.48
2486.1	2761.9
2795.1	2016.6
2065.8	1822.8
5680.6	1206.3
4200.6	813.31
3436.6	2987.1
2616.1	38.854
1155.3	2600.3
2978.7	502.58
3718.3	22.033
185.11	1656.4
158.73	1573.7
6267.9	2098.5
1270.6	2074.4
128.81	1639.6
6114.7	1297.8
4324.3	3185.5
3403.2	1952.8
2719.4	26.734
2813.3	1937.5
2590.4	944.45
1168.4	2586.1
3725.6	3002.6
55.606	2491.8
2497.8	1899.6
4567.1	1008.1
1939.5	1083.1
2780.3	2021.2
1530.2	385.29
1421.3	1987.2
4727.6	635.11
4809.8	2029.9
5440.4	97.501
2626.2	980.6
2896	1909.9
6477.5	1406.2
5568.7	140.73
4617.4	925.02
5429.7	139.77
2526.7	1913.2
1905.8	2499.4
1625.3	1121.2
1862.3	2059.2
5970.9	1123.3
316.85	2290.8
2721.4	3087.5
4500.2	133.46
6470	1173.5
2977.6	2299.3
3116.5	41.798
155.23	1733
1075.3	2218.1
1851.9	1997.1
4443.9	3038.3
1863	1072.5
204.29	979.43
1337.7	2022.9
2698.5	3164.9
2300.2	1927.5
4644	849.01
618.77	2177.5
1932.6	1830.4
2140.7	1621.1
1853.4	2058.9
1498.8	2219.4
520.54	1722.4
4878.6	961.43
1046.9	2083.4
2489.3	197.55
2005.1	1761.4
4114.4	739.81
1393.5	2080.8
582.99	1181.2
720.36	2721.2
3064.8	1976.5
6418.7	787.57
1103.1	1857
4450.7	1596.2
2564.4	1782.3
6102.4	1176.9
1353.3	1197.6
2013.5	2487.1
2415.6	2002.5
666.83	870.87
2480.8	956.24
1296	2012.2
1179.9	2178.2
507.42	2287
1415.6	1887.4
1486.7	2199.8
1285.4	2110.4
2643.5	1776.6
1343.4	2081.1
1761.8	2000
3903.7	21.956
203.39	996.19
1331.6	630.72
2816.1	687.04
4345.5	1101.9
3834.6	800.26
6106.2	1292
138.28	1680.5
1642.7	1120.3
5769.2	753.65
2643.5	1779.9
4657.4	1011.1
3375.2	1767.7
1498.9	2048.5
1231.5	1770.3
5563.9	132.94
4744.9	946.08
6242.9	1995.7
1432.7	1996.6
1837.7	131.06
5536.1	1079.5
3692.2	80.524
500.3	2195.5
1852.9	1836.1
498.04	1721.8
5400.7	167.76
5633.4	1161.3
2608.6	1602.9
5048.4	1029
4243.2	1022.3
1299.6	2009.2
5584.6	1094.6
3990.4	3465.1
2071.8	1359.3
5364.6	973.72
1459.1	374.72
1398	1833.8
2643.4	1772.4
5560.5	721.25
6809.2	562.1
980.36	1952.2
1278.7	2260.8
5905.9	272.3
5542.7	1073.8
2260.5	2038.2
4941.7	971.77
5795.8	1933.8
677.41	2115.8
912.78	2094.9
4565.7	767.32
3548.7	53.611
284.97	2034.6
1002.3	1949.1
2049.2	298.98
4666.1	971.03
44.012	2458.3
715.99	2385.9
730.08	1443
4312.2	2011
5354.8	2906.5
318.41	2327
2754.4	2007
4088.6	62.245
728.6	3090
4999.5	1012.5
1020.7	2127.6
2835.2	1231.8
1902.5	2482.5
5915.6	278.37
3001.7	1915.2
6481.2	1413.7
4826.3	1398
2985.1	3070.2
1178	2211.4
474.75	1257.5
2521.7	1902.6
1846.3	2052.3
1748.1	2001.4
1525.5	469.22
1437.4	516.11
6419.9	2931.7
652.73	2151.6
5906	275.36
3677.1	53.4
1516	472.96
960.85	1904.7
644.84	1949.7
453.72	2185.7
1927.9	319.88
58.17	2552.6
5820.8	233.11
1847.5	2015.8
1087.9	1869.7
1363.9	2535.4
4741.4	942.86
2750.5	2014.1
2645.9	1023.6
853.96	1316.8
1171.9	2537.1
5798.8	392.1
4653.1	229
1541.1	300.49
547.68	2114.3
2262.6	239.54
436.46	2186.5
453.74	2185.2
6512.2	1448.7
286	2192.5
2416.1	1965.7
2964.6	942.72
1596.9	1160.2
3508.4	3156.2
1456.9	2735.6
1162.5	2631.6
3546.4	54.302
5926.5	280.61
3056.7	1905
1384.7	1893
642.31	1879.3
2634.7	1294.4
611.17	763.7
2983.9	954.83
5356.8	1067.8
6036.7	1946.5
5285.9	1071.7
3280.7	776.72
5929.1	1143.7
1554.7	2053.1
1289.2	2112.3
913.87	1900.6
410	2376.8
1720.8	1099.4
5582.8	987
755.93	1929.4
181.8	2265.3
2684.5	2028.7
2993.9	782.82
839.62	1395.8
2237.8	2241.8
5674.9	1151.5
60.906	2270
3682.1	36.637
3126.4	67.468
2833.1	691.61
4990.5	1054
1775.7	1965.9
456.08	1250.8
6339.8	771.82
2510.7	2296.8
6122	372.87
6457.6	2844.3
1185.7	1283.1
2609.6	165.54
719.28	942.68
214.01	2241.1
509.43	1540.2
4205.9	34.796
5983.1	1068.7
3691.5	1842.6
1172.9	2207.8
2930.8	3147
5853.2	1198.5
82.273	2260.2
5886.7	1163.1
1344.7	2880.1
3120.1	75.971
1858	1028.9
4212.2	829.34
3511.9	3110.3
2975	828.91
5973.8	490.48
325.48	2295.2
3333.5	811.27
313.12	2216.5
3271.8	769.36
1278.6	2205.4
454.87	3176.9
759.97	2268.6
2608.5	148.16
3072.6	1971.2
709.36	683.47
5426.4	922.54
2368.7	211.95
3615.9	1965
923.69	2135.4
6085.8	513
3226.2	2631.4
6432.9	1264
236.7	2227.4
2851.2	135.76
6150.3	1117.8
2548	2782.2
6417.4	2092.7
6341.8	1340.6
1575.4	2034.8
2847.8	134.77
1241.7	1764.9
210.42	2057.7
2995.4	824.96
965.19	2139.4
3334.8	835.6
1788.8	2159.9
2551.3	1021.6
2601.1	1915.8
147.12	1713.2
5403.3	979.52
2599.1	2778.9
1302	2180.5
1180.2	1045.2
877.78	2357.2
1927.1	2127.7
3236.3	1604.6
2161.7	1133.8
685.76	2004.1
4802.2	1130.6
288.57	3380.4
205.48	2690.2
4383.8	683.01
2809.7	677.28
6786.2	2927
1274.5	2506.2
1300.6	654.79
5472.2	211.31
3349	807.14
1327	2101.2
490.35	2556.7
1391.6	469.58
4731.7	644.28
2427.7	1992.1
2293.6	873.68
135.64	1685.8
2551.9	1772.9
2506.5	2676.4
492.7	2575.7
2971.9	826.45
2831.1	689.07
5725.6	1723.9
720.71	2000.8
1362.1	1215
3560	1843.2
6381.8	953.62
975.58	2124.5
4971.9	822.87
4197.3	773.02
3683.7	90.055
6333.9	1331.5
4598.6	1593.9
5449.7	980.3
1280.5	2200.2
410.76	2497.6
490.98	2195.5
1192.5	399.53
6433.6	1232.5
1738	376.1
492.57	2577.2
1330	1840.8
6691	1500.3
1788.2	2033.3
2640.3	1216.9
1059.1	2141.6
1913.8	2643.6
6738	2898.5
5148.7	110.87
4725.2	1826.3
2145.3	222.72
4636	860.31
2827.6	2640.6
1849.2	2021.3
4161.8	758.6
240.93	2729.7
2044.1	2350
286.28	1215.6
4228.7	958.27
5565.1	158.3
5853	414.03
2246	837.69
3887	748.4
1227.3	2050.4
2257.4	838.17
5945.7	1116
976.25	1889.7
5069.9	4442
3398.7	48.719
4225.5	896.13
4993.7	1032.4
1935.7	326.99
1862.8	208.4
3233.4	1901.7
6131.2	1286.6
689.18	1378.5
674.27	2128.6
2581	3020.6
6375.3	583.83
1565.1	442.07
56.965	2411.4
473.54	3116.1
4236.5	722.84
2571.4	1900
215.4	2561
3942.8	52.04
1196	1180.8
79.007	2491.6
1559	1265.2
42.802	1775.4
3098.5	2932.4
6516.8	366.44
4686.1	845.11
1272.7	2419.4
5903.7	1197.9
6780.4	3339.8
6129.4	1031.9
946.11	2204.1
5903.7	267.92
5220	1855.5
2585	2676.3
3551.8	1192.8
602.43	3574.8
2518.9	2683.2
1637	109.34
1014.3	1827.4
907.6	2145.8
712.08	1431.4
91.177	2589
2553	139.96
3252.4	1900.6
653.81	2011
3527.6	1601.3
6974.4	2907.3
4312.8	1988.9
1557.7	2018.1
3603.9	643.25
2405.8	63.525
632.49	1976.4
868.96	2260.7
3149.2	70.983
2630	1191
6121.7	1031.9
5418.7	1697.8
3216.9	3034.2
3297.6	942.69
3733.2	444.73
6125.6	1315.2
323.35	2317.6
193.16	2225.8
3057.2	1882.5
1567.6	1255.6
5890.7	1128.7
2920.1	327.91
1862.2	210.42
2595.6	2780.3
6420.3	1262.6
1381.2	2060.2
4147.8	949.67
5790.4	247.86
1957.3	1984.8
1247	286.25
5555.7	669.62
2754.3	1780.8
2051.6	290.92
5677.1	208.86
110.75	2689.6
2423.4	1948.2
715.88	2134.4
717.61	2131
4548.4	767.82
6115.4	1258.5
3128.9	2024
3729.5	25.129
5643.9	1147
3807.2	880.51
3294.5	947.44
1621.6	1169.6
6511.6	367.74
5750.7	374.82
2514.9	2680.1
1016.2	2040.3
4137.9	808.89
610.43	3565.2
5684.5	301.18
2120.8	863.72
2746.9	465.86
2701.3	1530.1
3573.7	651.38
1302.8	706.64
3411.6	3202.9
666.88	1952.4
3130.5	116.94
6320.2	2134.3
4731.4	646.57
4367.8	3198.7
4757.2	816.42
2776.4	1008.5
1488.1	2094.1
107.3	1667.2
2505.3	997.02
2902.2	1967
1368	2080.7
6284.9	457.49
1281.6	2074.4
3861.2	1797.9
4951.4	1859.7
4283.3	447.87
2699.3	1247
4726.4	103.42
5697.8	903.43
3002.3	3048.6
256.07	2294.3
1546.5	1973.6
1692	747.26
2989.3	1878.2
6841	1348
617.56	3569.9
4797.1	2960.5
322.8	2286.9
5089.3	769.33
3055.7	1986.1
3838.3	825.22
556.17	1903.7
5264.3	873.33
2506.5	3121.1
2992.4	931.37
4820.5	4160.6
6520.4	1056
1950.2	85.322
6475	1184.6
4411.3	669.05
1613.9	2006.6
2531.5	1004.8
727.72	2243.3
4190.3	926.45
2604.6	1605.7
5225.6	2057.2
6289.7	461.2
5366	1104
1147.7	2996.6
1772.2	1974.1
2047.3	2755.7
6909.7	2875.9
4492.3	93.663
6479.3	1190.7
2954.7	500.19
2592.4	178.08
2992.4	827.18
2422.7	118.76
932.66	1881.4
217.99	1197.1
1882.7	2053.6
7064.7	959.31
1381.5	1027.2
6425.6	3067.5
2954.5	501.43
247.23	2176.1
4381.2	728.79
6042.1	1127.7
2477.2	167.28
2153	857.31
5334.7	998.33
7065.1	2836.5
3666.5	1000.2
599.47	1520
3843.2	3261.8
4062.1	3182.9
62.474	2275
2296.1	585.22
1382.4	2045.2
1851.4	338.05
1281.7	2028.8
214.08	2383.6
664.55	863
101.39	2136.5
6470.2	1362.9
7097.4	3031.6
1946.6	134.1
1795.3	1964.6
1317.8	2047.3
3140	65.113
440.67	2057.6
1651.2	421.96
849.33	616.8
1692.8	176.01
2709.1	1385.7
2427.3	1956.2
129.73	2329.9
3191.4	3042.5
1914.4	1998.1
2503.2	3117.9
189.69	2928
2809.5	1970.7
4325.4	2775.8
6352.6	1318.3
1179.3	1835.4
1339	2884.7
5681.5	907.83
2642.3	1222.8
2281.8	1007.1
479.39	2052.1
5419.3	1700.9
4896.2	856.58
3824.8	41.707
720.18	1998.1
631.18	3569.2
1273.3	1311.6
4985.5	816.47
78.732	2536.6
1415.8	2084.8
467.26	2055
1540.4	721.52
1371	2482.1
1648.1	1126.7
4660.9	723.59
1140	1997.9
1893.5	2623
3122.3	70.414
699.17	1435.2
4987.4	595.12
6076.2	1234.9
1060.8	2144.6
3036.1	950.19
3833.5	760.32
4632.4	848.23
205.81	1141
5889.7	1745.9
501.43	2042
5164.5	43.712
5913.2	2083.4
3394.5	3168.2
491.14	2046.5
2145	784.73
5601.9	1053.2
6880.2	762.88
6486.9	1189.7
2791	436.01
2684.4	2018.8
5409.7	951.81
6660.6	844.17
4834	1295.4
6287.1	455.88
6306.2	1286
1270.5	2495.4
3862.1	31.315
2823.2	700.65
6093.4	1191
1226	1264.4
6487.5	1190
4904	1948
6679.1	2139.2
4658.4	235.55
4565.1	1186.6
2271	835.51
2684.5	2020.8
255.02	2601.1
2063.3	643.54
3899.6	947.6
688.82	1942.6
3576.9	733.37
4999.4	557.47
426.23	2641.8
5128.4	782.1
295.48	2055.9
1626.5	2515.5
2568.8	131.87
1549.5	1976
7290	1618.5
3899.5	3152.9
1354.3	1241.8
2026.9	652.22
81.245	2067.3
1673	1726.2
1928.2	2070.8
206.35	2793.8
6265.4	470.75
3858.7	944.86
455.53	2057.5
3075	56.863
1734.4	398.39
6063.2	1114
5648.6	1157.4
478.73	2049.5
6366.9	944.88
407.32	2207.1
5136.8	787.91
3938.5	3539.7
3818.5	4216.4
1451.9	2724.4
854.83	1366.7
2291.9	1029.4
775.58	796.76
1192.8	1255.7
415.53	2444.2
406.65	2367.8
7068.2	2671.2
3323.7	748.71
2629.3	1787.1
5633.6	1134.8
5162.9	1886.2
4944.8	816.11
6093.5	1191.3
2821.6	673.07
236.56	2245.4
6614.7	2776.3
3613.7	646.27
4605.2	2870.6
1538.2	2021.5
2781.8	1001
6696.3	816.1
6534	2905.8
2957.1	964.27
5690.8	903.19
407.58	2287.5
1209.8	1608
2490	3113.8
1765.1	2046.2
5418.7	188.54
89.639	2050.5
616.91	1481.2
5663.9	964.84
1912.9	302.82
1274.7	2445.3
936.59	2129.7
2851.5	682.11
2088	75.441
1351.9	1241.7
2990.4	1889
2811.1	1970.1
3084.5	2992.3
1006.6	2346.3
1361.2	2894.2
408.62	1571.3
6269.7	557.7
507.11	2186.1
2682.5	2074.5
3719.6	28.712
132.93	2371.7
1291.9	1999.9
1811	2357.2
971.56	1361.8
696.06	2156
4128.8	3254.9
2712.7	1516.7
4712	2034.9
397.12	1307.5
2827	92.116
2279.9	1009
189.36	1714.5
2833.1	611.59
827.44	1391.6
1149.1	581.3
3349.6	2706.9
251.94	2489.1
378.92	990.52
2363.3	229.73
1848.4	359.2
6074.9	1237.1
3600.6	645.68
2836	1780.3
5814.4	2388.2
786.03	2828.7
6657.7	1472.1
3321.8	827.88
4190.2	803.09
7179.7	1143
3584.7	186.82
5571.6	1132.5
6366.6	790.1
4206.4	934.38
3629	656.88
5368.4	311.47
274.57	2272.9
504.13	1931
2137.4	2457.3
4400.5	449.16
1495.8	1447.5
1088.2	1518.1
409.23	2280.3
1271.9	2027
4988.1	798
4981.8	992.75
4457.9	3048.2
500.16	3553.7
3687.8	41.578
743.19	2768.1
409.12	2282.2
3049.1	958.81
188.53	2042.3
1026.1	3047.4
5467.6	1906.8
1277	2002.4
5924.4	1227.8
5637	1135.8
2095.3	262.72
471.01	2248.2
1223.8	595.1
5993.2	528.29
2052.2	271.89
1447.7	1999.9
4448.8	1568.3
4407	737.06
2749.8	1945.6
3355.5	923.38
2756	2896.8
6668.6	2178.5
1737.9	1974
4695.1	965.47
1283.6	2448.1
2355.1	3146.7
3380.9	3071
1776	2568.9
1909.4	2008.9
3360.9	26.182
5714.2	277.98
48.031	2687.9
3263	2337.1
984.3	2053.3
315.22	2382.1
597.27	2174.3
2054.6	1829.6
3283.2	3155.4
6309	2103.3
2481.7	2260.3
6414.9	1028.5
2848.5	1002.8
974.14	670.96
966.37	2188.8
879.24	1371.5
1271.8	847.24
261.86	1084.5
5111.9	789.97
209.63	1208.1
441.47	2981.2
884.71	645.68
6659.9	1088.4
4406.2	729.91
5944.2	1214.3
2089.1	238.25
5067.7	797.44
58.998	2414.1
1782.8	455.91
5617.5	343.66
2523.4	2271.1
5383.1	2055.4
4967.5	989.74
823.14	1407.5
4302	1157.4
3982.7	47.967
2469.8	165.36
6107.2	1257.2
6627.4	1308.6
5565.2	371.18
2796.6	693.96
4012.7	1849.1
250.99	2486.7
1848.3	1758.6
250.78	2563.9
1213.1	2561.1
881.05	2301.8
1542.1	709.5
1284.2	2532.6
2764.7	2299.1
5577.3	1121.2
794.53	703.2
418	2326.9
2988.3	925.19
130.39	2128.6
7179.9	2746.3
1877.2	2013.7
2250.5	1005
1302.7	559
1781.9	2207.3
5912.8	1746.7
6194.3	1487.2
4367.4	671.99
6328.9	638.87
2680.8	1785.8
1927.4	2114.8
6091.9	2107.5
861.13	1873.6
2766.5	704.7
123.23	2609.1
1727.2	489.52
545.58	1698.1
5732.1	387.38
3344.3	945.6
1927.8	315.03
2685.7	2654.3
6697.2	2077.4
701.64	2217.2
4602	1519.6
1178.2	1753.8
1371	853.59
5589.7	1010.5
6066.4	1259.6
4586.1	2019.2
446.68	1583.3
4911.9	1952.3
992.45	1269.7
5657	2997.8
5275.3	852.97
1014.1	1948.6
437.03	1954.7
2853	1758.3
2091.1	79.269
345.44	1016.9
741.02	813.7
6337.9	1370
7211.1	2150.5
1281.3	2518
5280.5	837.48
4694.7	783.32
2245.2	350.57
2031.5	1718.8
5304.4	95.058
3835.4	939.79
5675	885.54
1292.1	2049.8
4201.2	829.11
119.66	2805.7
257.1	2174
4174.1	751.91
769.99	787.24
1596.9	1963.5
5204.6	1994.6
4760.9	2026
2142.5	1292.9
86.905	2495.8
1371	2439.9
493.31	2489.7
68.373	1905.9
6763.1	679.44
4927.6	313.09
5824.7	321.54
1049.6	510.84
119.47	1478.7
1950.1	2319.8
746.19	2141.6
3428.5	146.89
1967.7	1957.3
938.4	1029
2560.7	1796
2344.6	1911.4
501.72	3564.7
4938.8	577.26
202.16	2610.8
2157.4	235.93
5808	2057.6
4614.8	189.71
4833.1	809.83
2980.9	438.93
2834.2	1362.3
2066	543.63
5246.2	148.08
133.47	2303.6
103.9	2400.8
4167.5	922.74
917.82	1040.9
1091.5	615.46
4830.9	1288
5487.5	298
3745.7	1839.3
1839.1	354.4
5908	382.55
578.75	1938.9
278.71	2111.9
6853.2	2236.8
3096.6	1960.1
3524.7	2003.7
6064.3	1261.7
3946.2	3505.4
1850.4	2006.2
1001.5	2095.3
1855.4	345.84
6222.2	2063.1
6174.6	498.11
2653.1	1287.5
2110.7	1971.5
5983.5	1231.3
2880.8	1947
1110.6	1505.6
2838.3	472.14
1453.7	1996.8
2728.7	1879.4
1241.1	1177.6
2807.3	997.63
4072.3	1851.6
130.01	2409.1
3153.4	99.359
553.67	2145.3
4395.2	692.86
402.98	2409.5
5556.3	2063.6
2994.2	918.71
5865.5	385.82
6226	598.97
6471.4	1384.1
568.76	3607.5
6127.9	439.15
3455.1	2906.6
1089	1812.2
4694.1	337.18
6012.8	490.2
5375.7	319.89
1813.2	2083.1
583.85	2155.6
3577.4	693.11
4189.4	889.24
4652.6	843.42
4167.3	918.79
4150.2	66.973
4175.9	855.13
577.52	1936.8
3719.2	482.64
2539.7	1030.9
2345.8	910.14
33.318	1532.7
6551.6	410.74
5148.8	804.5
195.67	1431.8
2184.5	1736.9
316.4	2567.5
6668.3	2176.2
6733.2	1766
267.55	2287.4
1261.7	538.53
3822.5	803.66
304.86	2264.7
4386.6	1530.6
2589.2	1958.6
1439.8	1482.4
1042.4	2007.7
1414.1	443.47
1909.7	1955.5
3658.8	670.48
93.163	2295.6
1279.7	2607.1
6539.4	1592.8
859.89	1873.8
250.81	2508.3
2365.3	266.01
5566.2	352.52
1336.3	508.43
6069.8	501.57
5543.5	186.54
81.111	2040.7
1950.4	3856.2
4484.4	3057.1
2079.3	2604.8
4263.5	485.62
1273	2689.1
396.86	1978.6
4749	142.66
6505.9	1406.6
2985.7	945.36
5597.5	1940.8
835.75	2053.8
67.208	2289.5
3550.5	572.2
4398.8	696.64
5039.3	754.03
1037.2	676.62
4958.9	555.05
5398.9	220.2
1062	498.6
967.06	1873
2618.4	48.759
38.98	2314.2
318.1	2463.3
2146.6	442.27
1607.1	865.49
728.64	821.32
1433.2	1898
6342.8	1356
4457.2	724.76
4395.1	690.26
6446.6	2039.3
2071.2	1831.8
5030.3	346.92
4378.8	721.6
206.52	2728
6482.5	1233.3
1749.6	345.31
2709.9	1659.2
1922.9	309.09
2276	142.83
5158.8	268.86
5047.1	750.38
5666.8	395.69
5776.3	362.47
845.95	2489.4
1357.8	2009.6
551.24	1972.6
1289.4	2201.1
421.42	2263
6186.7	1125.3
3609.6	656.67
3619.7	1478.8
1358.9	2008
3887	33.279
1176.3	1275.7
2915.7	762.15
3357.2	3189.3
4955.9	928.15
26.651	2253.6
3990.1	3249.9
1481.6	2155.8
3761.7	720.98
1065.2	2423.1
1447.1	2056.9
5397.2	193.42
6759.7	3089.5
5494.7	431.25
2784.6	1773.1
5401.3	223.9
3149.1	1658.1
6348.2	507.75
4392.7	665.32
608.32	2256.5
2012.1	1838
2681.4	1777.1
2740.3	1953.1
2874.5	3171
133.53	1674.7
1033.9	3836.1
1645.1	2513.2
3354.9	795.16
2965.7	855.8
1611.7	2061.8
1837.4	431.31
1620.6	1161.8
1216.3	592.76
6074.7	1111.6
5637.8	561.79
4981	208.66
6901.5	1656.5
4423.2	1174.8
4195.1	887.55
5088.8	747.09
2696.3	782.67
680.92	859.55
4235.4	3073
7028.2	3320
3212.2	2891.7
3281.2	3213.6
203.02	3222.4
1714.7	196.1
1138.8	2609
1368.5	579.75
6306.5	1383.9
5616.1	362.88
2805.8	619.63
2078.7	87.429
5041.1	1622.5
5742.8	1540.5
5211.2	98.193
7219.9	1440.8
231.75	1207.5
6853.8	2744.8
3057.5	1970.2
729.81	1999.9
3391.5	727.91
3418.8	4331.2
980.62	613.41
1643.6	2899.7
4140	44.76
494.35	3547.7
3320.8	1846.4
3491.7	1135.7
4932.6	803.21
5358.6	2049
3606.8	661.28
3901.9	3226.3
5347.1	953.63
3796.2	160.86
3615.2	643.5
2703.9	1784.5
3589.3	875.51
995.77	586.68
723.28	2342.3
1569.3	985.05
5318.6	949.69
6141	596.71
611.97	1947.9
925.63	2094.2
2046.2	892.18
5161.7	813.77
596.86	2152.5
6072	2089.5
2607.9	1797.6
5996.5	535
1313.7	1776.1
3359.4	810.26
5572.4	166.63
202.84	2588.4
6581.8	1881
718.72	3440.8
1281.6	2046.2
1802	1691.1
2539.5	817.58
1639	334.97
4542.2	1483.2
2888.4	1939.7
1619	1961.5
1610.4	862.51
1215	2026.5
4826.7	1973.7
2639	1767.3
4459.9	34.399
3843.7	912.37
3839.1	919.45
1411.6	735.8
3428.8	1264.1
77.509	1914.4
1364.8	1550.8
1279.4	2701
208.16	1396.1
5953.7	2696.2
2107.8	2390.8
6816.2	2549.2
1265.5	1781
3815.6	4206
3992.3	3249.8
5715.9	363.13
2870.1	3034.1
1171.3	1779.1
1313.6	1907.7
1928.7	169.06
1872.3	1852.3
1418.7	2055
1593.9	706.94
87.468	2355.7
287.96	2956.8
4968.8	515.99
6198.1	586.88
2604.8	1755.5
5831.1	998.35
2780.5	2120.7
4457.6	33.384
4243.2	431.86
5600.9	218.21
1318.7	2090
845.17	1364.3
1942.4	1843.3
5456	130.52
4369.7	725.76
4667.9	1618.5
2808.5	1781.4
5259.7	281.58
468.3	1256.9
1174.2	685.91
1706.8	304.02
3760.4	719.59
2565.1	80.124
593.73	3561.3
3807.6	1592.7
5257.5	254.1
193.19	1569.2
1740.1	373.71
716.44	1420.1
6088.3	420.95
3124.1	1941.8
697.84	2131.5
6258	470.01
1860	2510
1138.7	1897.8
946.57	964.11
4980.8	114.75
4356.1	1838.5
1941.3	1185.9
6142	1050.9
2422.4	1713.8
4624.6	846.93
848.54	1454.5
6454.8	1214.7
3762.3	923.84
511.89	900.68
6499.9	754.21
4432.1	614.97
4603.6	835.5
2589	1768.2
3701.9	29.255
5935.9	552.66
6534.3	2086.8
695.82	2007.6
1001	624.46
997.63	1945.5
251.7	2505.5
2863.9	1005.1
2460.4	145.21
3739.8	4307.5
3221.2	1873.8
509.64	3554.7
1493.3	2650.4
2751.2	1746.1
2357.7	27.769
130.33	2465.3
342.8	1631.8
3331.6	976.91
855.16	611.78
861.52	750.04
5173.8	47.225
393.76	2184.1
1555.5	2070.3
7066.2	2375.6
1754.8	348.98
2754.2	915.27
1721.2	1055.3
1655.1	621.78
6039.4	833.54
5339.2	2068.2
4219.1	682.55
5761.5	347.02
459.99	1287.3
905.9	573.94
781.85	1899.1
5931.6	1966.5
4279.8	3062.8
5599.5	217.38
843.54	2075.4
1014.7	1956.8
5095.3	1874.3
5306.8	1093.4
6986.6	2293.1
1370.1	2896
2134.5	784.35
4635.4	1616.8
5116.6	795.01
1894.7	1098.8
6128	1470
2161.3	241.17
4414.7	692.57
4463.1	787.7
132.8	1648.3
1661.3	95.745
4868	100.9
1368.1	2022.5
5417.4	2061.8
397.06	2200.1
131.79	2530.2
4512.4	915.55
2911.2	556.43
1268.5	2125.8
1188	1306.3
6227.9	1171.4
3662	1304.8
898.39	2227.4
143.01	2342.5
1430.6	1887.8
5016.4	644.12
1815.5	240.68
1415.1	434.93
125.69	2764.9
2654.3	21.064
2107.2	356.16
1795.2	2086.6
4516.7	753.26
735.91	2103.2
4700.2	380.07
4719.3	949.59
2969.6	935.69
6917.5	1251.9
2616.1	988.21
678.72	2377.5
482.4	1977.9
4081.3	810.24
2039.2	1065
4395.5	679.72
1043.3	528.68
5544.9	711.93
6903.4	850.99
5945.4	1060.2
5787.3	266.62
3201.8	3254.2
1633.8	1210.2
454.11	2131.9
1708.6	2889.8
5337	1898
1355.1	1257.4
2843.9	1758.9
1637.4	2018.3
4240	804.86
651.98	1954.8
6838.9	3448.8
5061.9	637.43
1583.9	2089.6
1187.4	1182
3937.5	82.082
1365.8	1639.9
6970	2079.8
5696	1303
60.289	1856.1
3810.1	854.98
1837.3	2645.5
504.55	2206.1
5258.4	185.33
330.17	2231.9
5578	929.37
5972.2	1071.2
6159	1165
4399.1	3047.8
223.68	1601.5
5682	288.27
4457.8	1495.4
1525.4	4171
433.96	1500.1
1710.8	379.41
6294	1224.5
2847	899.72
5759.5	1677.7
2591.3	1294.2
5320.8	2013.2
5004.5	1875.2
835.5	2100.7
5529.6	265.08
182.08	2572.6
6023	485.8
1382.3	1164.5
2017.7	255.62
608.78	2237
256.16	2281
3722.8	433.45
2403.6	1928.3
5448.2	134.99
2157.3	1023.4
5333.2	946.36
4327.3	750.4
5788.4	1006
3781.5	1609.9
5536.4	2065
806.51	2853.6
2123.5	783.93
6802.2	2115.8
1057.9	3105.8
2725.1	935.05
1764	451.93
6262.7	468.57
447.56	2054
2787.5	485.96
3010.1	4114.8
3821.3	1574.4
2144.8	143.38
5323.4	2009.2
4234.9	804.1
832.53	1156.7
3858.4	3255.4
5919.6	464.4
1175.4	381.07
2910.8	328.61
5009.6	44.217
1690	2888.6
3002.3	2132.9
3466	2972.4
3798.5	786.96
1294.8	507.19
775.77	2300.6
6564.5	991.83
5112.9	147.89
4829.3	83.943
3419	1372.7
6674.5	2077
5877.2	2889.6
5080.2	195.54
5825.7	996.85
1578.6	946.8
3048.2	1893.6
5705.7	929.24
5686.2	365.97
322.46	2273.2
2797.1	1994.5
3861.7	782.5
3582.6	65.657
5118.8	799.72
2814.8	1790.7
1857.4	1689
4558.5	918.74
6113.2	1319.3
5006.2	729.64
264.24	2617
6498.5	2047.8
6567	1810.6
2734.2	756.52
2170.5	1666.8
1455.1	2651.9
2145.4	177.89
3512.8	200.23
5959.1	573.44
4222.7	301.2
6174.4	532.42
1442.5	2172.6
3647.7	399.78
2895.4	3131.7
1254.6	1364.3
1660.9	2033.5
5714	928.95
6761.7	593.93
4680.1	939.12
6442.2	1246.1
919.63	681.28
5203.9	204.03
2075.3	1834
1510.3	1956.4
1433.9	1904.1
6237	613.47
3764.2	1800.2
3270.7	4025.6
2603.2	1204.8
2742.4	3208.9
2794.8	1351.2
4272.2	959.6
4186.1	1087.2
6681.4	2478.5
2675.3	1205.3
3668.7	702.79
6057.7	490.55
5926.2	554.7
599.67	1464.5
853.87	717.27
450.42	2063
521.1	2105.8
2768.6	1766.5
499.63	2249.3
6667.5	893.82
3051.4	38.938
5031	825.36
1315.9	2592.3
2657.4	1770.7
442.88	3538.7
1022.9	1340.1
5058.8	957.45
934.4	2114.7
5656	1172
