3349.6	2706.9
3003.4	2574.7
1363.5	1264.3
2233.7	1078.2
1179.9	1284.8
3054.2	873.72
2644.9	1004
2229.9	1033.7
769.42	2923.5
1360.7	1228.5
686.71	2722.1
1182.5	1315.3
2318	319.59
1242.3	660.95
845.07	1399.7
1640.6	1067.6
1701.2	1073.4
2560.5	1000.9
2508.6	926.44
3058	75.788
3803.4	2980.7
5132.5	1844.6
3835	973.62
2550.5	987.61
654.76	1379.3
2091.2	254.28
1359.4	1232
4305.9	1797.3
2297.5	2047.2
2979.4	60.954
1630.5	1159.7
1368.8	1144.1
6234.3	2123.6
1378.7	3001.8
5952.6	1898.4
2238.6	1066.6
1188.8	1199.5
1591.5	282.88
2968.5	953.2
270.52	1217.7
743.96	1455.7
1389.1	366.16
146.4	1315.2
1849.1	1062.6
1092.6	2120.1
1640.7	1166.4
4158.1	2566.3
405.21	1527.5
52.038	1782.5
3587.2	3176.3
6245.2	2126.9
693.68	1458.4
4963.4	907.12
960.07	1228.1
1707.6	740.58
1821.5	3694.3
5694.1	1943.9
3087.1	745.85
6418.7	1014.9
1185.5	1291.8
1600.8	1091.8
1402.5	1150.6
1295.5	408.76
1126.3	1817.5
2563.7	883.53
2046.2	634.11
3574.6	2978.8
2064.6	627.24
2314.4	552.91
1139.2	921.55
4339.9	1963.9
6617.3	2908.6
968.76	575.31
3743.3	470.7
880.1	1291.6
897.78	2528.1
1141.3	2282.8
1158.9	1073.2
2227.9	934.08
1521.1	797.51
3443.3	2009.2
241.13	2055.1
3358.1	3058.9
1739.6	1000.3
2333.2	101.48
6742.9	558.06
5988	2095
2281.3	585.56
1631.4	345.49
520.27	1548.9
723.74	2495.2
5457.3	1870.6
6707.5	771.31
774.65	1463.9
1359.8	1247.3
51.599	2452.9
1600.1	1094.7
2238.9	1045.1
687.38	1438.8
606.79	1299.4
588.35	832.86
1409.1	1143.8
848.43	1407.9
694.69	1473.8
2217.7	977.76
6743.5	3021.6
2165.2	382.72
5979.1	2093.8
5785	2076.4
411.21	1299.6
6926.7	1696
2283.5	2156.4
5782.8	2078.1
957.34	1239
5077.4	2750
847.58	1420.7
1710.9	740.01
417.42	1404.4
2610.8	1933.8
2541.8	883.61
1492	183.27
5842.8	2419.5
961.06	2418.7
468.23	1480.6
431.02	1543.3
1745.3	1944.9
6776.5	3351.9
3834.5	3232.2
5383.3	2897.5
4183.9	3279.1
466.88	1268.7
7324.6	2415.7
2955.5	484.76
1024.1	1239.6
473.8	1537.4
626.75	1432.7
4715.4	1862.1
430.77	1524.3
399.5	1599.6
5944.2	1889.9
7043.4	1988.5
4225.3	464.99
890.05	1326.5
3048	2586.5
6927.8	2874.1
3635.8	1719.6
599.93	841.16
125.65	1723.5
3461.4	2584.5
3743.8	451.16
2519.6	839.62
7297.3	1662.1
6158.5	1912.7
2051.8	629.49
248.85	2623.2
2465.3	67.812
65.072	1721.4
5775.4	2061.4
2527.1	1990.9
1073.8	3284.8
249.27	1389.9
977.66	1228.3
2271.5	114.99
2533.1	953.52
52.681	2498.1
2317.6	2661.8
4727.6	635.11
2223.3	1059.8
4072	1684.5
1642	1156.6
2862	117.87
2987.3	500.49
465.88	1461.9
2262.2	1969.8
2257.2	588.55
2312.9	2128.6
5975.9	2091.1
5814.4	2388.2
836.97	1409.6
1225.9	1110.2
1327	2101.2
60.684	2075.6
698.64	1385.7
6654.3	1322.7
54.13	2544.2
2987	481.68
3508.4	3156.2
700.52	2103.7
6392.8	2837.8
2540.1	881.13
130.68	2090.7
3228.4	2562.7
6158.8	2092.2
3269.1	75.528
1361.5	1142.1
317.9	2172.9
2230.6	925.13
4453	3217.4
2734.7	139.41
2595.5	111.17
284.67	2218.1
3243.3	2548.4
2676.6	2913.9
3692.5	1800.6
1593.6	217.03
185.11	1656.4
5954	1952.3
264.97	2183.4
102.05	1208
509.99	823.19
649.4	807.57
2321.9	2764.1
2779.8	207.01
6515.6	2899.9
6723.4	2588.8
3231	2536.9
1862.3	1096.1
6725.6	2469.2
445.98	1462.5
100.66	2247
1530.2	385.29
6841	1348
408	1426.6
318.03	1575.1
855.88	1179
1129.5	1753.1
5650.5	460.97
662.68	1961.7
138.28	1680.5
668	1342.7
1220.1	1224.3
105.33	1152.1
2147.5	265.23
7222	2312.6
1303	3195.2
2257.3	1976
6418.7	787.57
4600	1603.8
5558.9	2820.8
3843	3001.5
3153.9	2033.2
627.12	774.79
857.33	1178.7
1090	2356.3
6169.1	2091.2
4212.2	829.34
6788.5	2879.5
325.09	953.43
7194.2	1168
3621	2990.8
6499.2	1018.6
882.68	1241.9
7167	1209.3
260.89	1215.1
734.93	2427.9
1824.1	967.95
2490.8	185.92
4909	1869.8
473.88	1480.5
7345.1	1705.2
1763.7	1702.4
466.5	3569.8
2556.4	948.06
2978.7	502.58
3834.9	1836.5
2142.5	1292.9
5597.5	533.86
1223.2	1190.9
788.23	1913.2
2983.9	908.64
2029.7	625.63
59.117	2254.7
3362.4	834.92
2090.5	1756.4
2869	107.88
2259	121.23
3193.7	34.125
1193.3	1175.7
3464.8	1667.3
2518.9	2683.2
2504.3	3009.2
2624.6	980.06
2069.2	613.32
1172.2	1278.1
5988	2079.9
2569.5	875.36
402.87	1285.9
6928.2	1669.2
6898.4	1411.2
698.28	1427.9
3038.8	82.71
5520.6	520.06
3275.9	94.559
3374.5	870.08
2652.7	776.33
3186.3	3040.6
62.34	2090.7
1585	1193.6
1195.7	1190.3
4813.8	3340.7
5115.9	1850.1
3163	3186.9
2368.7	211.95
5011.6	162.87
1357.8	2009.6
5111.3	1263.3
105.22	2098.2
5183.8	607.97
1596.2	2018
2997.9	484.8
451.99	3548.8
1714.2	173.41
1207.9	393.51
6109.3	1877.3
1225.7	560.66
3347.3	4255
3833.2	3180.7
5634.1	2058.5
3287.1	1589.8
6775.1	1946.3
687.96	1456
2767	462.44
819.82	1429.1
2253.5	232.56
1468.3	196.04
5965.5	2058
6983.1	1315.2
1468.5	3823.1
4736.1	937.79
1495.6	155.33
2817.2	1651.4
2191.7	2107.2
56.149	2352.6
5619.2	2058.3
163.83	1579
2486.4	64.405
2065.6	54.059
839.62	1395.8
1132.8	2951.6
1114.7	2922.4
2727.9	127.65
4203.9	1691.4
4707.9	3177.2
6515.9	542.81
428.33	2164.7
1965.5	87.753
2049.2	298.98
6418.3	2033.8
1859.2	930.17
1462.4	2746.3
2366.7	116.2
6983	1098.3
7321.1	1675.2
7005.1	764.42
6051.9	2103.9
1634.6	1173
2020.9	3797.9
55.37	2446.8
286.28	1215.6
1647.7	1177.9
1185.7	1283.1
2206.5	2184.5
5436	2008.1
4089.3	3089.4
625.64	2146
45.78	2308.6
2465.1	869.4
1331.6	630.72
2066.8	54.77
2630	1191
1561	373.08
3697.3	1772.7
2094.6	242.98
6537.4	2171.1
189.69	2928
6947.9	1079.2
1549.8	362.83
2279.9	863.85
482.47	1497.3
3705	3251.9
4706.2	50.979
43.985	2447.2
694.71	1810.7
3595	185.92
3265.1	2335.4
1972.3	110.7
7290	1618.5
2475.4	811.95
2274.1	1000.2
2350.8	219.25
2134.5	267.67
4284.8	1845.2
1400.5	1718.6
3241.4	1941.8
1168.9	1293.2
1026.1	1333.7
511.13	1678.2
2816.1	687.04
4834	1295.4
2124.3	796.05
5324.7	2894.6
1282.7	351.49
3446.2	729
3797.1	4226.5
1260.8	1831.8
5554.9	2673.4
85.533	2613.4
6339.8	771.82
6999.9	1573.4
4954.8	1867.5
944.2	1237.1
854.83	1366.7
408.48	1511.8
714.57	1408.8
2112.5	789.46
5958.7	2080
1791.8	432.85
4349.8	1754.5
6716.4	2596.4
6842.1	1350.4
7055.7	1743.8
3914.4	757.05
2556.3	949.71
853.24	1415.5
2233.6	1067.7
2554.5	861.01
485.13	1469.7
5635.7	2054.2
2906.6	1874.3
417.78	1266.5
2289.2	2051.2
2957.1	964.27
296.09	2947.3
2553	139.96
2021.8	616.19
2257	183.33
429.29	1607.4
3666.5	1000.2
3278.8	1831.8
1554.7	2053.1
7089.8	3039
6884	1232.1
2808.3	2965.2
2343.5	288.26
6825.4	2767.9
5064.6	1658.7
2261.8	100.6
724.46	1579.8
4141.2	1613.1
1362.1	1215
410.8	1605.1
4542.5	2017.2
604.63	1391.8
3008.1	907.64
1088.5	2513.6
6400	2106.5
3284.3	4280.9
2275.7	831.55
1895.4	2045.8
4348.1	1996.5
1800.5	1009.1
1114.4	1496
2559.8	971.17
2551.4	139.28
1701.1	1010.2
2257.1	203.16
4025.5	37.912
1451.4	2876.3
7199.7	1140.6
865.06	1275.3
7286.9	1821.4
5580.5	480.26
1637.3	1140
4457.9	3048.2
1354.3	1241.8
712.73	2006.6
3285.1	60.901
2095.3	2281.5
1324.9	419.57
1081.2	2240.8
2483.9	873.43
5639.6	2044
5925.6	1942
2179.3	851.85
235.38	1403.3
2365	221.98
3802.3	3003.6
1602.9	236.25
599.26	1414.5
2478	816.1
6899.9	1518.9
899.25	1235.2
2475.3	199.29
2329.8	177.67
3970.2	1990.2
760.8	648.83
2015.2	1157.2
1001.3	1303.9
313.84	1615.7
5582.9	1721.7
440.77	2057.3
5436.1	2009.8
2718.7	60.2
5554.9	1914.3
1280.5	2200.2
1500.3	387.04
6118	2065.1
1208.5	1101.7
5942	2089
2491.4	170.5
2894.9	1169
638.59	1464
3624.5	1574.6
851.51	1196.5
3487.3	1002.9
1105.2	441.11
1351.9	1241.7
4700.2	3367.1
1865.9	1115.3
2561.4	971.44
671.53	1520.6
2557.6	145.89
367.86	1954.8
2546.8	137.04
2126.3	2018.3
2291.9	1029.4
1302.8	706.64
2222.8	1049.7
772.39	642.91
147.12	1713.2
967.23	524.78
6954.5	2098.5
844.82	1195.4
2163	1646.4
2749.3	118.14
1676	93.219
407.49	1516.3
6152	2068.8
823.78	1395.2
1883.3	1062.6
440.67	2057.6
875.01	1366.2
135.64	1685.8
935.9	1877.7
2093.3	69.735
1835.5	246.97
2959	862.87
6348.6	787.59
601.8	1312.9
404.64	1914.8
4524.5	2018.1
838.13	601.33
1271	1093.4
1182.8	1772.8
7020.8	2916.1
2174.6	1043.3
4711.5	147.5
895	1237.4
4510.3	447.41
6011.6	1984.9
605.15	1308.9
1498.2	543.24
2339.4	290.64
2991.2	810.29
4967.9	1858.1
1583	941.84
1553.2	254.02
7115.9	1066.5
6752	2019.5
7337.1	2573.2
1183.9	1119.2
1422.7	372.7
4092	3113
1723.3	363.6
5923.5	1944.8
2313.6	2704
130.39	2128.6
476.9	1071.6
7265.9	1254.1
7021.8	1981.5
538.84	3016
1300.2	2198.2
6194.3	1487.2
1196	1180.8
1375.2	1135.7
3394.9	3131.3
4945.1	1879.8
355.75	3035.1
427.72	1566.1
6475.2	2159.2
6723	1700.7
7154.7	1199.2
568.1	2930.8
6827.1	2439.5
587.61	3565.8
2833.1	691.61
6716.8	1741.2
827.44	1391.6
409.68	1565
875.86	1368.4
5699.9	1939.9
2531.5	1004.8
1252.1	892.4
5485.5	1889.1
2311.3	2969.4
1957.8	1477.1
43.471	2489.5
1028.8	2091.7
482.05	1475.8
5525.6	1911.4
2862.2	17.582
5441.8	285.07
1554	1722
4176	1587.1
1666.4	96.948
2959.1	479.64
1295.7	2677.7
6517.9	2812.9
854.61	1190.3
1648.1	1126.7
2755.1	3180.5
6805.9	787.19
593.64	1399.1
5898.5	1850.6
993.02	781.9
6996.7	2119.1
6581	2155.4
4661.6	2987.8
2962.3	904.66
2253	916.76
3510.7	2757.6
4826.7	1973.7
6082.9	2051.2
5032.1	1844.7
1858	1028.9
6600.7	1308.6
1307.2	517.48
5482.9	2371.4
2285.1	1015.9
2141.8	1967.4
1864	1115.8
6722	651.61
1553.9	421.83
276.63	2016.6
2818.6	673.85
2369.1	192.72
1104.8	523.86
6083.1	627.15
2518.6	864.41
5803.6	2029.3
3376.9	3238.3
4642.8	1971.1
699.17	1435.2
855.55	1376.5
834.39	1403.1
5607.4	2850.3
1815.6	2156.8
7055.4	2942.3
2712.4	1596.8
6499.6	2035.1
295.48	2055.9
7051.5	1998.3
3144	2644.5
867.04	1008.9
2972.1	2113.7
663.28	1355.2
608.37	2179.4
2868.3	713.33
4677.4	1957.8
3880.1	1936.5
879.24	1371.5
621.71	1381.9
3174.2	3318.8
2222.7	1079.1
5686	697.75
3839.4	3199.1
2317.3	2678.9
4140.9	2672.1
1438.7	720.82
2340.7	308.31
2569.6	1889.1
68.801	2198
2719.4	526.13
187.67	1705.6
5402	2738.9
477	1806.4
1692	747.26
1745.4	345.25
1371.4	1111.8
3567.5	2360.1
56.997	2460.8
5168.5	827.36
6679.7	2529.2
1687.7	1152.3
2224.6	990.35
6605.8	2178.6
2114.6	144.81
1847.4	1737.1
1923.2	325.9
7224.1	2581.2
4623	2954.7
5715.9	363.13
453.28	3102.2
2876.4	1677.2
4776.8	1743.4
867.29	1860.9
3020.1	809.15
5582.9	1719.8
1710.5	287.94
1711.6	339.93
7219.9	1440.8
3029.5	935.26
1331.9	1766.3
3353.3	4265.8
1176.3	1275.7
57.456	2506.1
5143.3	1659.5
1851.4	338.05
473.58	1564.4
1517.6	3767.6
186.13	1242.8
2257.4	225.52
2145.3	222.72
4815.7	2015.4
2363.3	229.73
1299.6	451.65
1226	1264.4
2250.1	1017.3
6021.9	2108.9
401.38	1623.3
298.98	2048.8
6684.1	705.31
3154	3314.9
1900	1007.2
4726.7	116.11
3231.2	2495.3
2752.4	111.37
585.99	1028.3
2682.4	94.463
2988.3	925.19
6472.7	2043
7049.5	1763.3
7185.7	2638.7
7321.8	2082.1
1689.6	752.66
161.62	3405.6
531.15	1997.6
2822.2	673.03
6596.6	2167.3
3565.5	2452.5
78.732	2536.6
1896.3	964.94
2201.7	848.72
6978.5	1712
5049.3	538.81
1669.2	1027.8
2257.4	838.17
96.292	1772.1
3850.2	3072.8
6593.9	795.84
2740.3	99.1
3609.3	657.43
2639.8	4516.7
3513.5	2656.3
3569.3	2443.8
51.086	1310.6
2157.9	797.03
58.998	2414.1
557.04	1924.1
599.67	1464.5
1857	274.9
1301.3	453.87
4215	3298.2
4200.8	3880.1
1115.8	2926.7
5949.8	2070.1
2467.1	1661.9
6008	2043
2709	240.97
3419.9	933.25
776.12	684.36
3375.2	1767.7
4023.7	3250.4
6316.5	392.62
3582.3	646.92
1428.4	421.56
2341.6	73.97
5969.2	2037.5
1735.5	311.87
1871	1093.5
2821.6	673.07
4177.2	70.82
769.49	2080.2
3613.7	646.27
5723.9	1439.5
3720.2	16.747
3244.7	3166.5
1188	1306.3
4349.1	2697.4
4567.6	1852.3
6008	2047.4
2279.7	131.69
480.7	1488.4
260.22	1088.6
2298	2531.1
3023.1	927.96
6402.2	2156.5
5657	2997.8
6995.2	1573.9
6906.8	1644.2
2823.7	2933
6812.9	2092.3
3826.8	41.097
5336	2047
5381.5	1699.4
2248.4	620.36
839.43	645.84
2509.1	881.25
67.964	2220.8
3573.7	651.38
5387.1	2017.3
2095.6	237.76
5912.6	2079.7
3317.8	1575.7
310.99	1519.8
1567.4	1791.5
5826.3	1919.9
1230.8	489.94
970.49	2057.6
6286.3	2113.6
5670.1	407.66
4225.5	195.37
2222	129.95
3284.2	3158.9
1735.5	335.78
4356.1	1838.5
2510.8	878.27
3384	1607.7
635.08	1336.8
1461.4	2884
6215.2	3058.7
6066.3	2040
3003.7	56.484
1335.5	457.01
409.89	1418.7
822.9	681.34
1301.8	2700.9
675.58	2810.1
863.89	668.77
823.14	1407.5
3122.3	70.414
1749.6	345.31
1402.4	319.63
6210.5	1635.6
557.33	3605
1160	1081
5009.9	838.75
7320.7	2091.8
3248.7	2494.4
3644.3	644.31
2237.9	1008.7
6156.8	1955
5812.1	2448.2
6559	4475.4
876.07	1356.9
1559	449.53
6784.7	771.25
2901.6	444.74
1626.4	2462.6
4465.6	1983.3
7295.4	2619.6
6437.9	418.83
726.43	765.37
27.47	2253.6
3606.8	661.28
2265.1	838.53
428.73	1497.2
2958.6	2014.9
97.211	1170
3632.2	2001.3
782.68	2926.2
326.15	1580.6
4884.2	1605.5
4742	901.96
253.92	1363.9
4732.7	1830.7
3348.7	954.36
1613.1	1232.4
3171.1	2438.4
4699.5	381.47
1624.4	116.39
2918.9	740.56
6540.6	2031.2
739.95	3097.6
255.41	2194.9
1910.6	2037.6
3641.6	3056.7
6355.7	1332.8
626.61	1497.7
1689.8	261.85
257.1	2174
577.69	1509
673.79	1366.2
1580	945.71
212.55	1667.2
6818.5	1937.5
7179.9	2746.3
3587.6	1367.1
3796.2	160.86
1411.8	1006.7
2272.9	852.06
4706.1	2947.4
1045.8	3224.4
4742.5	3100.2
3420	2011.4
6575.5	2168.9
869.41	1218
4760.9	2026
4049.5	3092.5
1624.4	955.11
2276	142.83
6446.7	2809.5
5766.4	1016.6
1166.1	1124.8
431.66	1448.1
3264.6	3185.8
3100	4862.2
313.56	1643.3
6417.3	417.6
6592.4	2150.7
3060.7	2139.7
2482.9	2773.1
3832.7	3308.2
4066.2	1607.7
845.46	629.41
4474.3	1008.2
3499.4	2662.1
6766	704.82
3895.4	1592.8
6360.4	1844.8
279.32	1023.4
2663.5	783.44
5318.4	2009.2
6509.1	2167.9
2298.7	595.82
1369.5	3000.5
6180.9	2117.1
2131.3	460.38
5698.6	2875.2
208.16	1396.1
4038.7	37.783
1499.1	551.82
610.08	1404
1609.8	990.19
4714	2029
7012.5	1719
2649.3	27.253
34.834	2115.5
6901.1	1682.1
2204	2609.7
1764.3	1721.2
701.92	1504.8
2162.2	231.33
3342.9	2998.7
6145.7	2127.3
137.07	1717.9
4667.7	2020.6
6372.9	1224.9
1471.8	225.51
1726.4	492.65
1378.1	3024.5
2211.3	910.41
1633.8	1210.2
2507.3	862.95
5959.1	573.44
865.01	612.54
1043.3	528.68
4410.9	638.13
4834.8	1335.9
3780.9	1600.8
67.208	2289.5
5074.5	1225.8
1713.1	198.47
476.02	1530.2
2229.3	395.79
3376.9	3239.2
6770.4	1969.7
2799.7	3186.4
2788.8	3130.7
1333.5	456.53
1148.5	2875
1823.3	3774.8
5235.1	864.56
5387.7	2759
1630.4	1976
2835.3	107.22
1637	338.27
2209.8	1938.6
4012.7	1849.1
3230.5	3266.7
1259.8	3028
5194.9	1871.6
6219.5	1864.6
263.67	2232.4
6382.1	2023
2893.4	906.98
4711.5	942.85
2205.5	1050.8
562.41	708.48
5364.3	2070.1
2166.8	1923.3
3366.8	3129.7
2030.1	303.05
1196.5	1369
4062.6	3613.9
6967.1	1683.6
1693.3	947.58
2481.1	24.274
3841.5	4204
2645.4	2653.7
1639	334.97
4591.4	1804.9
2069.1	150.83
6651.5	2072
6132.2	526.41
1355.1	1257.4
2332.9	900.35
673.33	727.56
1345.7	597.5
72.138	2079.1
5220	1855.5
4277	3042.4
7267.2	1788.7
3319.2	3179.5
4017.2	3178.6
1677.8	766.65
1152.4	547.33
413.53	1500
2839.2	658.57
6808.9	3338.2
6660.9	688.83
291.74	3381.6
7184.8	2716.9
4870.2	149.26
841.99	1191.6
1764	451.93
1671.1	384.8
3613.1	1982.7
707.98	1393.2
3901.2	733.61
1582.5	393.67
2761.2	2088.2
2629.9	103.11
714.05	1356.1
5845.9	1997.3
7304.1	1614.8
3523.3	2013.2
908.88	3040.8
2261.1	243.54
2724.4	911.45
4158.1	2736.8
3008.3	757.84
138.13	1723
327.03	2388.6
1620.9	2043.6
2423.5	79.049
1220	393.15
1156.6	1082.1
291.73	2741.6
3137.4	1604.9
959.75	1342.5
2387.7	2297.5
2651.6	1926.8
41.615	1781.4
1645	2453.2
944.08	1848.8
1475.9	263.35
4223.1	170.7
3031.3	161.17
2819.6	1599.8
6525.6	2036.7
1189	1414
1415.5	1769.9
606.41	3582.3
6964.7	2889
6529.5	2043.9
3412.2	2375.4
1654	1024.2
774.34	829.89
1837.4	2578
6868.7	1670.5
2095.3	262.72
3351.2	23.206
1727.2	489.52
3074.3	80.645
2148.5	271.64
1927.8	315.03
2162.4	765.96
2337.1	2297.9
88.352	1762.9
3529.6	1840.5
1424.8	1788.4
4629.7	784.7
3057.5	764.28
5597.5	1940.8
1844.7	2302.7
904.74	2089.7
2620.6	2110.2
5796.1	2086.7
1569.3	985.05
4384.2	914.97
6086.9	2105.7
2648.4	1211.3
2685.1	494.86
2399.3	74.773
128.8	2779.8
2705.3	2091.9
423.15	1423.6
453.21	1960.9
1710.8	379.41
6537.5	951.33
4571.7	1995
1130.3	3155.8
6733.1	658.73
1550.8	2881.2
1187.4	1182
1175.4	381.07
3346.5	4232.4
3644.9	3050
38.98	2314.2
6725.6	677.86
4289.8	1613.8
969.8	687.84
1275.4	2674.3
1065.8	2576.9
2900.2	1175.1
1970.3	851.73
6534	2905.8
979.39	1400.6
586.19	3113.1
1204	1206.5
1348.4	509.67
2070.8	272.6
717.25	1356.8
2483.4	1864.7
2902.7	2737.5
3859.7	821.13
5405.2	2004.1
2650.4	1615.8
203.86	2757.1
5761.6	1027.1
1522.3	368.12
2077.4	2321
2827	92.116
1987.8	178.8
414.85	1533.6
1726.5	396.4
3395.7	2354.2
2253.1	227.45
3321.9	2965.8
1636.1	330.15
2562.4	2727.7
635.17	1083.7
1287.2	448.39
4681.8	2029.9
6907.7	1689.2
6252.6	591.18
3325.3	1917.9
2217.3	663.88
547.68	2114.3
6110.5	2114.1
3323.7	748.71
6180	2927.9
2053.4	296.75
247.23	2176.1
1252.3	765.58
5751	727.75
6809.1	3340.2
1447.8	1035.2
1018.7	467.56
4490	1874
6923.4	870.81
319.36	2943.7
2349.2	2277.4
3761.7	720.98
3971.6	3179.8
3030.5	2982.1
5358.7	2049.5
2152.7	434.46
835.77	2087.6
2157.3	1023.4
6625.7	1406.1
664.57	3165.6
1738.2	398.36
4253.5	2027.3
7035.2	2852.9
4158.2	2734.9
5809	2058.1
1894.7	1098.8
2813	904.55
2897.2	666.06
1823.2	1686.3
309.91	1037.4
20.819	1791.9
3973.8	3091.3
602.72	2488.1
1165.5	1063.3
1352.9	926.82
3810.1	854.98
5521.3	964.11
4243.2	431.86
2232	1098.8
2961.6	1928.7
2367.9	219.49
3606.7	3411.6
7062.5	1990.3
2565.1	80.124
4453.8	1955
6145.2	1809.6
579.6	2105.6
4457.8	194.68
4345	2405.1
2198.2	2322.3
2335.4	363.46
5203.9	204.03
6173.1	853.65
6315.2	388.94
1166.1	1316.3
6458.3	2602.6
6162.6	2882.6
4158.3	2544.7
899.89	556.95
2154.2	2301
3677.3	210.33
4042.4	3151.2
2159.7	660.41
1039.7	2852.2
4045.9	3186.6
1961	111.27
3091.9	2139.2
862.19	1289.4
2907.5	3159.7
1745.8	3824
188.36	3212.9
2202.8	731.35
2132.3	907.4
1938.1	329.05
2186.2	728.22
478.86	771.97
1041.9	2005.2
2352.5	78.46
4478.8	446.32
2641.3	56.145
4246.3	1603.8
1658.9	1073.9
2893	905.89
995.88	2859.1
2520.6	1891.5
6736.2	2978.5
43.313	2529.2
435.34	2251
5359.4	2015.3
1451	443.42
2859.6	3138.5
1849.5	145.64
6536.5	726.15
317.43	1869.3
2833.6	764.32
4996	1647.1
3590.3	657.37
5597.6	1937.4
414.28	2806.1
4173.7	2014.1
6385.4	3052.2
2828	121.95
4089.3	91.396
4682.4	1866.5
3036.4	2596.6
6531	354.07
6048.1	3073.2
6531.6	3020.5
1744.1	370.35
3599.6	666.3
5877.2	2889.6
1404.2	3342
5802.5	2094.8
3195.4	2452.9
3438.9	1346.1
1078.6	1143.1
2665.6	2863.3
6282.8	2108.8
6815.6	1927.7
2211.8	110.6
3453	1314.3
402.3	1426.2
3074.3	1960.6
1065.7	1150.2
6765.3	2000.4
4912.6	2292.2
2911.2	556.43
4063.6	25.706
2269.3	2454.5
6333.2	1376.5
617.56	3569.9
4511.4	913.44
855.96	1163.1
4041.4	3251.9
4571	966.37
3672.4	1254.9
1001.5	1238.9
3148.8	2936.5
528.67	960.28
5655.1	1492.1
673.38	729.74
5758.4	1137.5
7206	2950.3
1230.8	482.75
