2298.3	2546.4
2431.4	2848
1856.3	2898.6
3005.2	2319.3
2910.9	2320
3018.5	2320
695.63	2303
700.16	2305.8
2740.5	2320.3
695.26	2302.7
2495.6	2555.5
2036.8	2604.4
2727.2	2320.5
1690.6	2438
1877.4	2822.8
2741.1	2291.2
2924.6	2320
1374.4	2428.8
3004.8	2305.5
2740.3	2305.9
1844.2	2839.6
2917.9	2298.6
2925.4	2290.4
3019.4	2290.2
2924.6	2305.3
2623.6	2906.6
2823.7	2294.2
1877.5	2825.5
1304.4	2427.3
1886.2	2822.2
1866.2	2216.2
1939	2914.7
1698	2423.4
1439.4	2336.3
1846.7	2893.2
3018.5	2305.5
3413.6	1372.3
2824.4	2294.4
1846.6	2892.8
1409.4	2472.9
1806.2	2893
1292.5	2509.5
2106.1	2385.1
1428.2	2204.6
2420.3	2542.8
2421.3	2543
2135.3	2261.5
1044.8	2519.4
1394.9	2117.8
2412.3	2542.2
2917.8	2311.1
2013.4	2098.5
2412.5	2542.3
1836	2442.5
2418.9	2870.4
395.32	2452.3
2876.5	2462.3
2733.8	2311.8
2380.6	2583.8
3032.8	2135.5
178.04	2858.1
2894.6	2829.2
1689.9	2457.3
482.06	2444.6
1897.2	2903.7
481.43	2444.9
3003.7	2381.7
2851	2494.3
2468.8	2885.9
2378	2960.2
1687.9	2458.5
1693.6	2447.6
1688.8	2343.5
1182.6	2630.3
2468.8	2885.8
356.3	1972.1
3031.8	2576.6
1897	2907.8
1373	2442.6
2395.6	2873.9
4060	2366.9
116.26	2394.8
2733.5	2318.5
3412.3	1322.4
573.8	2445.5
3015.8	2758.3
4062	2328.7
270.79	2449.9
170.43	2635.7
2901.5	2952.6
1347	2414.7
3983.9	968.45
4062.3	2328.8
1601.1	2281.6
605.72	2653.6
1535	2088.3
1168.6	2371.7
1601.5	2281.3
714.61	2312.7
112.82	2964.4
560.55	2665.5
1868.4	1847
4218	2471
1894.3	1779
1047.9	2648.3
1819.4	2893.7
1778	2329.4
2925.8	2413.7
2414.5	2908.4
1036.2	1815.7
1942.5	1822.6
1028	2450.3
60.475	2712.4
1894.7	1780.6
335.79	2811.8
931.12	2877.2
2394.2	2297.1
2908.3	2412.7
112.09	2965.3
2223.5	2041.2
2083.8	2733.2
1808.4	2035.6
2084.9	2733.7
3966.7	877.67
528.18	2664.9
3004.6	2550.1
294.47	1967.8
3912.9	2283.4
2559.5	2395.1
4225.6	1901.4
3208.4	977.36
561.02	2665.7
4015.4	2739.2
2931.8	2299
1896.6	1739.5
1193.3	2696.9
733.17	2270.2
1572.7	1891.8
2997.9	2298.8
2904.1	2298.9
2933.9	2298.2
3025.9	2298.9
2720.6	2299.8
1727.6	2251.9
1973.5	2085.6
1147.7	2672.7
529.47	2662.7
410.55	1809.5
2749.8	2298.8
392.86	2765.5
2902.7	2824.1
1890.2	2564.5
399.47	1729.2
925.89	2874.8
2633	2664.1
3365.3	1738.7
1896.9	1742.4
1625.1	2366.8
1315.6	2578.5
2689.2	2436.6
977.51	1971.3
2929.9	2963.4
307.87	2140.2
2917.8	2326
2995.9	2298.1
2321.4	2535.2
27.452	2717.3
733.48	2270.2
2844.6	2305.7
63.468	1858.5
2935.5	2299.9
3981.5	2177.8
100.23	1788.6
1138.2	2681.9
1502	2647.8
3892.4	2395.7
4195.6	205.28
2900.6	2301.1
2931	2312.2
1798.2	2256.5
907.83	1837.7
369.24	2242.5
907.58	1836.8
3818.3	1553.9
1715	2438.1
1896	1753.6
2917.5	2421.3
3678.8	2209.2
1615.8	2479.5
853.85	2506
207.18	2974.3
3010.5	2325.3
2712.6	2301.7
3871.1	1589.8
1504.1	2649.1
3002.3	2398
1845	2885.2
185.72	1847.6
4053.1	1748.4
1113.6	2061.8
137.64	2453.2
3397.5	1406.1
316.35	1967.1
1703.6	2437.3
2044.6	1873
710.04	1717.1
936.13	2645.2
2804.2	2301
2994.2	2298.5
1698.8	2436
1352.9	2057.3
2302.6	2533.9
2896.5	2300.3
3929.9	1207.8
3810.7	2625.8
2460.8	2523.8
2918.6	2305.2
1221.7	2709.4
2734.2	2305.9
873.17	1605.4
2725.9	2843.3
898.3	1981.5
734.32	1697.2
1566.3	2467.7
1169.2	2415.3
1829.2	1866.1
2088.4	2550.7
4038.5	2315.2
3019.4	2398.4
2038.5	1872.5
741.06	1837.2
1717.7	1890.6
3406.5	1971.3
3421.2	1872.6
2752.6	2305
2341	2487.9
2436.4	2445.9
4179.5	1359.3
2308	2538.8
4126.6	1779
3936.9	2203.6
1884.9	1739.7
3401.3	2222.3
116.94	2088.6
1668.7	2530.2
2427.3	2536.5
2679.8	2440.6
1858.8	1769.5
2522.7	2390.6
708.06	1566.5
2196.5	2664.3
3937.9	2203.4
3013.3	2305
2321.7	2533.4
1511.9	1857.9
3785	1929.7
2173.1	1970.1
1866.6	1754
2549.9	2579.1
494.79	2329.4
848.15	2601.4
743.19	1943.2
836.26	2412.5
1989.3	2253.3
3871.3	1591.1
3855.8	2600.9
484.21	2664
3351.6	1821.2
355.9	1719.7
1753	2039.1
79.746	1783
2331.8	2125.3
1120	1779
1602.4	2054
3345	2209.8
1961.2	2938.9
1874.6	1760.4
771.92	1936.3
3988.2	1555.2
4314.1	2853.1
2045	1876.5
2318.4	2293.1
4118.1	1360.9
255.88	1959.7
2900.9	2308
1560.2	1969.6
1847.4	1775.2
2296	2414.2
4163.4	1966
1357.4	2692
2857.5	2606.6
1843.9	1763.4
1172.8	1937.9
4318.3	1220.8
2015.3	1876.6
1123.5	2635.6
2901.3	2720.2
2055.3	1869.8
1828.5	2027.4
1544.6	2265.9
2573.1	2524.7
1926.6	1782.6
2572.9	2524.7
898.13	2070.8
1422.2	2409.5
133.53	2333
215.15	2851
323.8	1935.6
357.31	2878.6
726.51	1891.2
924.5	2645.4
1585.6	2321.1
713.5	1626.3
383.39	2781
3710.6	2352
2869.9	2314.8
2856.8	2553.9
3836.6	1921.5
317.31	2281.1
3905.1	1936.7
2288.8	2111.8
1163.9	2069.4
1895.2	2595.3
1963.2	1834.4
2905.5	2721.5
1019.2	1793.6
2187.7	1968.9
3863.2	1340
4310.3	1891.3
47.337	1840.5
415.73	2981.1
3912.2	2746.4
3364.2	2392.1
740.01	1590.2
1296.8	2249.3
52.856	2655.2
1781	1951
437.28	2705.5
1906.2	2830.2
3706.1	1915.7
404.99	2815.6
1289.1	1842.9
1181.8	2645.1
2400.4	2491.3
3756.2	1671.7
928.2	2752.6
3760	2807.6
2917.3	2374.2
1756.4	1778.1
833.03	2144.8
1207.9	2416.1
895.51	1987.8
2003.1	1911.6
2841.8	2739.6
4199.7	742.12
1393.5	2278
3099	2160.9
177.94	1736.4
1118.1	2220.4
3912	1768.5
1131.6	2966.4
1913	1763.9
1531.4	2252.3
1494.5	2044
1603.6	2185.2
4067.3	1751.6
160.24	1983.1
2014.2	1872.7
3706.9	1913.3
53.648	1885.2
3178.6	2425
2742.9	2439.9
3413.7	2382.4
221.34	1585.3
1884.9	2809.4
3011.6	2374.1
4303.6	2207.4
1688	2495.2
4179.1	2032.6
2078.4	2615.6
689.26	2904.2
3243.1	976.89
1917.1	2932.2
928.71	2502.2
1912.8	2795.9
184.86	2618.5
3986.9	1322.4
3374.6	2463.9
1087	1897.1
4271.7	2874.4
2305.7	1969.2
4148.3	313.05
2193.8	2724
4122.4	2689.3
1339.5	2142.8
1072.8	1958.7
1456.8	1715.6
1295	2429.7
4297.2	814.6
2733.5	2374.3
1884.7	2811.8
4069.2	2544.6
4056.9	560.74
3993.8	2158.5
821.61	2195.1
1020.3	2057.6
848	2125.8
1690.9	2380.5
3635.3	2316.4
2993	1858.3
827.18	2918.2
1509.6	1962.2
2461	2851
1884.3	2809.8
2758.3	2361.2
925.15	2645
1496	1806.1
1452.9	2908.8
3480.9	1919.3
887.52	2631.4
591.5	1776
1681.1	1708.1
2854.1	2287.7
3896.6	1217.1
4030.6	2193.2
4325.7	433.67
1081.6	2967.8
4059.8	1663
2884.9	2286.5
2792.7	2286.5
1452.7	2908.8
150.17	2036.8
4326.3	1672.6
3467.4	1885.8
1833.2	1799.7
2149.8	2922.8
3392	2383.1
2197.1	2918.3
3870.6	1751.1
1584.9	2614.2
2854	2285.1
3705.4	1918
1037.1	2395.4
932.76	2275.8
2684.7	2513.8
4326.5	1672.5
1299.7	2713.5
2947.7	2284.7
4111	2624.3
3471.8	1888.8
3221.7	2338.4
1091.8	2413.7
1230.8	2839.5
4326.5	1674.9
2761.8	2286.2
1514	2046.5
3204.3	2921.3
1472.3	1923.9
1242.9	1653.3
3696.1	2450.7
2336.1	2643.7
2948.1	2287.5
1408.5	2292.8
2235.2	2635.3
604.52	1862.7
2152.3	2373.7
2722.7	2773.8
2980.3	2284.2
4053.3	1151.9
2853.9	2286.4
