7127.5	2749.1
3946.9	1005.7
5456.5	2154.9
7147.7	1662.8
2080	1165.4
1860.5	1178.1
1615.3	1591.9
2201.3	2220.7
5683.6	1067.8
4745.7	3155.2
551.72	788.34
2845.5	797.83
6827.2	3103.1
4433.5	1798.6
1511.4	431.24
183.94	1087.1
6929.8	3102
79.981	1146.1
4805.3	3128.2
2131.3	1647.9
3393.6	3234.2
1802.1	583.14
3819.2	757.64
6311.5	2674.3
2659	1089.9
4498.3	926.2
5991.5	1181.6
215.7	1597.3
3256.5	2963.9
4640.1	2733.6
5227.2	293.09
5783.6	1747.8
7050.6	2143.2
4386.1	1528.3
3412.4	315.01
498.8	1848.8
2226.2	175.76
5775.3	366.02
161.96	1422.1
6103.3	2678.9
3656.6	1891.3
2785.2	1061.8
7236.9	3514.4
271.73	1617.3
2263.7	2376.4
5748.4	2329
443.71	1229.7
4174.2	1589.5
162.57	1515.9
1703.2	1660.6
6266.1	3222.7
4840.1	2668.3
5422.2	2928.8
2251	758.9
264.49	1579.7
156.7	1113
104.51	1648.8
3649.8	22.401
6651.1	1980.2
2639	1911.6
4235.1	2013.5
6230.7	2203.1
1401.2	1353.7
3558.7	993.85
5344.5	3135.9
230.7	1059.4
4304	2211.2
5554.5	1943
3072.2	1537.2
3372.4	2283.5
503.43	1211.7
5397.1	1852.4
6129.7	3352.1
5476.8	2470.6
6104.1	2521.3
7015.7	1050.5
4589	1130.5
4401.3	2018
4134.5	1575.5
202.14	1085.2
4623.7	2101.7
287.76	1329.8
5605.7	2345
3562.9	2061.7
3569.7	1535.4
6477.6	2120.4
4756.1	372.37
34.84	1718.8
85.095	1722.7
323.93	2018.8
3778.7	619.59
6788.5	2872.6
1181.1	3671.8
2339.1	449.56
3651.5	1901.4
972.18	3693.9
2366.2	2506.4
141.59	1696.1
6618.8	1983.1
67.43	2136.5
1403.6	51.746
2094.7	2160.8
201.01	1630.6
132.31	1653.5
4664.2	3570
4720	22.711
1366.6	3566.8
123.65	1158
4305.8	2774.6
4959.3	1661.6
98.204	1180.3
297.55	1571.1
194.41	1597.5
3892.3	1902.9
4247.4	513.89
262.92	1032.2
4844.3	3202.5
3874.9	23.518
341.72	1554.6
286	1322.8
4304.3	2383.4
7183.1	2435.3
3784.9	734.24
493.85	1203.2
3916.4	891.82
993.34	3704.5
2490.4	1926.7
3572	897.87
3819.8	586.36
2092.6	2274.5
50.426	2151.9
5999.5	3386.4
1948.7	780.91
3559	1019.4
576.88	4536.2
6225.1	2244.3
1704.1	1649.6
165.25	1629
1148.3	3667.5
6025.5	731.07
5896.9	2614.9
2722.2	82.422
4618.5	2106.6
4283	982.62
4736.6	1737.8
3643.6	1879.1
3810.1	608.92
1425.8	977.55
257.1	1577.1
2326.5	157.18
1167.1	3685.8
1192.1	3521.9
4634.2	354.05
5967.2	3384.7
3522	982.46
2039.8	2333.2
1158.8	3687.2
2253.2	2449.2
4766	1267.8
62.332	1715.9
2096.5	2271.4
89.691	1246.2
6045	1686.6
60.033	1690.2
1266.4	3162.6
2221.5	1047
1158.1	3671.5
5049.9	2000
7146	2597.6
339.33	1515.9
3903.4	1065.3
1946	2688.8
5061.7	3027.7
4028.8	362.08
14.523	1273.4
4793.7	1379.3
291.24	1493.7
2503.1	712.11
6892.1	2866.4
5177.5	3069.2
3386.1	961.47
3729.6	2059.8
4606.1	187.91
1225.2	1340.1
3778.1	1043
4344.9	627.35
440.06	1361.4
413.72	1579.9
2644.9	2220.8
6836	2520.4
5369.8	55.919
512.65	991.63
1072.1	3732.4
2839.2	747
662.81	1840.3
2873.1	726.22
3941.3	993.16
7213.3	2168.8
6836.8	2386.4
82.542	2136.8
336.82	2016.4
179.11	1591.9
5217.9	922.45
5856	1064
3474.1	2071.6
6183.9	1198.3
884.17	1486
5501.3	3095.5
2671.7	32.46
3778.5	601.21
4260.9	804.95
3842.6	354.96
3613	990.02
5794.2	1722.6
4313.6	2405.1
3515.9	2355.2
6649.3	2998.6
3944	1033.5
5330.1	2442.5
2159.4	2395.4
6090.2	3093.6
5692	972.4
5322.5	3064.8
1634.5	1206.7
3825.2	1066.1
169.59	996.65
6895.4	2038.5
1427.1	3554.1
4840.5	961.39
1182.2	1810.6
5467	2459
6892.5	1182.7
7262.8	1086.9
3720.1	620.18
6576.9	2981.6
3494	1818
4500.1	337.33
6267.7	1850.3
2887.3	2008.3
335.65	1302.6
1531	1001.2
3446.8	3077.4
5994.6	1716.5
4291.7	2788.8
1467.9	1187.3
279.19	1522.7
4831.9	1558.7
6268.8	3140.6
3763.4	680.01
142.77	1987.8
127.2	1305
3083.6	381.66
3801.9	586.03
6288.9	3415.7
7199.5	1388.8
4616	1325.7
6698.8	2289.5
3755.3	585.5
3746.7	595.88
148.02	1700.7
652.88	582.72
4137.1	1824.3
6066.8	3120.8
1094.5	3692.7
7001.5	2115.1
3320	2283.7
398.54	1675.4
295.52	1618.1
3530.8	2356.3
335.52	1299.2
3144.9	640.52
4635.7	2709.7
6929.3	2369.5
2754.6	2345.5
89.123	1161.8
6162.3	2903
3998.6	1037.9
1150.3	3687.5
5842.4	2681.7
2765.4	1083.8
5197.7	2407
6398.6	753
277.05	1978.7
59.846	1135.7
5785.9	2239.1
1381.5	2498.2
5276.9	3066.6
165.56	1091.3
3577.7	4179.8
4269.8	1280.9
6928.3	2437.2
5740.3	96.156
5106.1	2442.5
5871.7	2887.1
4109.9	365.77
7089.5	2858.1
3118.7	2969.2
1506.4	896.76
3780.6	1448.1
7000.4	1955.4
1501.8	2227.5
6753.4	1113.2
2624.1	1924.9
6407.5	1415
4194.5	49.72
382.04	3143.3
6219.6	3285.6
3882.4	341.07
3756	602.44
6467.1	1913
2786.8	749.82
2476.2	26.654
7343.6	2309.6
460.21	810.48
3537.6	1025.6
3473.6	28.558
5645.1	3379.8
1611.6	110.79
1568.2	931.48
776.49	821.54
3961.2	1804.3
3555.3	2067.3
3660.9	337.99
1648.1	143.27
3699.8	344.27
4157.7	924.78
141.86	1705.3
1424.9	1707.9
3228.4	3305.2
1215.5	3517.3
795.82	2387
84.517	1483.3
1500	2226.6
3800.8	604.32
96.462	1141.7
446.72	1199
111.13	2195.1
89.03	2028.9
6700.4	2285.9
6313.3	973.6
1601.4	1219.5
6299.3	621.86
184.54	1684.6
4526.2	1542
6471	3540.5
1747.1	337.56
1784.5	3236.2
1152	3707.6
3095.7	2086.7
359.08	3103.9
198.36	1649.2
4912.7	1621
1788.5	1216.7
98.353	1059.4
3778.4	98.689
1350.9	935.39
923.6	2570.2
5941.2	2417
3329.3	2126.7
5955	3362.1
3697.2	66.744
2417.9	1584
799.12	3130.8
450.11	949.63
275.09	1607.1
4415.3	2973.4
3847	4201.3
449.81	1348.8
3683.2	2047.6
6278.2	2591.3
69.637	2205.9
5791.3	2949.7
7098.8	1100.5
5451.9	2857.8
93.928	1684
2164.3	2414.8
2102.6	44.866
4184.7	3068.9
3927.4	302.83
1547.1	653.69
2267.8	1079.8
716.04	1259
1956.3	526.48
2339.4	1065.6
6733.4	1422.6
3534.9	2062.8
319.49	1043.2
25.529	2615.3
3792.4	626.94
6462.1	2602.3
1780.3	2661.6
5426.1	2303.4
3333.2	943.03
1653	309.9
325.36	3267.3
1951.5	891.97
4751.5	1568.1
7056.4	1299.3
2635	2604.1
448.25	1352.6
6173.2	574.94
227.02	1976.3
3445.3	2345.3
4311.8	3592.8
2358.3	1073.3
2267.1	495.47
3583.3	2053.4
115.19	1140
44.74	1683.6
4300.5	1793.1
2215.3	1820.8
3072.1	378.55
1674.3	3848.1
1823.8	133.11
7128.7	3095.7
7219.8	1627.1
2042.6	160.85
4725.2	1347.1
332.59	1039.1
1900.1	108.15
448.37	1353.2
3957.9	925.51
4399.3	1796.8
4449.1	115.61
3949.9	895.77
4128.2	2091.7
2438.8	998.78
6847.4	4086.5
1501.1	2250.6
1667.3	299.68
4803.9	1691.5
3559.8	331.73
6035.6	2072.8
6781.7	769.24
6281.7	2422.3
1148	367.21
6414	1950.6
2941.9	1030.9
4090.2	1514.3
85.571	1207.9
2090.5	547.02
3945.3	997.65
5385.4	1846
6234.3	764.46
6135.1	271.65
44.384	1734.1
3611.1	961.31
1341.8	159.06
3779.3	634.14
3376.1	2869.7
6403.8	1415.5
4686.7	200.63
977.5	1068.7
3461.2	2846.8
2602	1546
1411.3	2116.5
3713.7	4205.4
6929.2	2451
7020.1	1129.4
7327.7	2052.5
2796.7	674.89
1229.2	2150.9
3435.4	314.81
1103	297.3
282.55	2095.5
120.8	1182.9
5411.6	2147.6
3655.5	1011.4
2812.3	2303.3
2809	731.62
2235.8	2176.9
108.78	2185
1913.3	101.76
1754.9	193.33
3903.6	964.87
2818.6	745.93
1625.4	1214
25.019	265.59
5338.8	3156.8
757.1	1434.2
4036	2096.1
6884.4	2084.1
2545.5	1083.5
2050.3	1279
7160.4	2840.7
2795.2	402.04
430.48	1239.3
4711.9	3510.6
3089.9	374.62
4245	678.26
3759	19.998
3347	1020
2405.8	1555
3891.8	343.85
210.39	2001.2
1280.1	3157.6
110.64	1186.9
1875.3	140.18
6414.3	1627.6
276.68	1599.4
44.319	1725.9
4097.6	3006.6
6480.4	2577.3
347.65	1523.4
674.12	1105.9
133.99	1687.5
6244	3293.7
5843.2	2531.8
1136.4	1736.3
3779.7	628.79
544.29	2797.2
3483.6	1880.4
6571.1	1944.8
477.68	932.64
3948.4	572.68
6258.4	1760.1
6374.9	3546
2278.3	1050.2
289.36	1441.3
62.069	280.18
3915.4	1810.4
3515.9	1026.1
1386.2	1939.9
7002.4	2122.3
6495.3	3560.8
252.26	1510.8
1252	564.75
58.741	1727.6
2805.4	658.63
6598.3	593.35
6191.3	2882.2
4392.6	1885.8
6737.7	4346.2
1389.7	2592.2
976.57	1392.2
1950.6	2681
266.74	1108
384.46	3140
1694.8	342.33
5792.5	2250.4
968.86	2830.5
1156.7	1857.4
1541	3518.2
1328.4	2197.2
3891.8	349.34
3347.5	960.8
3727	4573.2
3956.5	910.19
364.72	1688.9
3607.8	2205.9
74.865	1280.4
4129.3	4047
203.94	2107.8
3354.8	2560.5
6789.9	777.82
4108.7	3026.7
1902.6	245.42
3913.4	958.91
3586.7	588.33
6121.8	1976
1098.2	3060.6
6787.4	1893.2
3558.1	2277.1
5759	3120.3
162.85	1528
4676.3	1333.4
3664.9	594.63
6466.8	4124.2
3928.8	1761.4
6003.6	2339.7
20.389	1553.9
2839.9	2702.5
2497.5	1545.8
3630.2	977.83
3396.6	3288.3
3915.9	595.48
6469.5	1959.4
6685.1	3001.1
1920.4	3965.8
3495.2	4546.7
6856.3	1019.6
3039.8	643.81
145.84	1663.7
4150.3	1914.4
877.36	2058.2
4915.9	3644
3632	971.6
3963.2	354.46
7346.1	2386.9
5795.4	2255.8
261.17	1989.6
62.542	1477.3
3464.9	1762.6
283.51	1446.9
958.68	916.97
810.53	2616.3
3837.4	78.894
6307.5	2185.8
2335.5	1824.3
1490	1694.9
536.23	2018.9
3166.3	1516.7
2294.3	2939.6
3983.3	1763.2
3536.3	3588
165.2	1083.2
3639.6	1911.1
2292	107.44
3761.9	1001.2
6238.9	284.05
763.52	600.35
5810.4	2674.8
1328.9	2298.7
1647.6	3903.5
2610.3	107.12
288.54	1304.1
3622.2	1025.8
3505	706.63
5374	841.88
2800.5	2257.1
94.953	1278.3
3535.6	3588.5
2868	376.31
86.418	1491.1
601.38	871.93
287.15	1302.6
7103.9	1764.2
305.66	1941.6
769.83	3563.5
2895.4	1527.4
6021.3	250.7
3777.9	641.92
1561.1	642.83
4008.8	315.26
3668.8	327.13
151.91	1787.8
5816.8	2334
5316.1	480.95
2913.3	1915.9
6347.1	334.29
3229.8	3234.9
3987.5	4178.7
7103.1	1304.7
4935.1	1818.7
6620.1	2439
61.178	1579.8
1673.7	1665
3997.3	601.85
3947.3	598.45
261.13	1615.5
6445.5	1906.5
4781.3	3010.4
3984.8	997.51
96.25	1717.6
1469.4	1607.4
4906.4	1445.4
823.1	987.36
2904.8	1921.6
98.315	1717.5
1850.3	3995.5
1269.4	1713
3929.6	596.19
6213.3	2849.7
3603.3	357
970.67	3139.8
81.802	1730.5
3226.9	3202.4
5245.3	926.7
3412.5	923.97
4177.3	1803
6812.8	792.9
951.54	1074.9
2743.6	379.07
4719.4	1393.4
3692.1	3104.2
4121.1	3044.7
3831.8	1020.7
1705.4	1853.8
2233.1	2310.5
4904.6	1710.1
1364.3	1564.7
3502.4	3431.7
4893.2	2313.4
3573.9	1500.7
4303	1473.2
4306.2	1185.7
6580.3	2370
1593.3	1190.5
1160.9	2643.9
364.83	3146.7
5959	1044.6
197.61	1681.7
5093	3418
6436.1	2879.8
2727.7	2957.9
1938.5	1879.2
3489.2	1794.1
3420.9	1763.2
2908.3	2252.2
4674.5	1351.2
772.41	1919.2
5843.5	3347.9
240.91	1210
4124	2078.7
1760.4	3759.6
181.26	1665.5
3565.9	1910.5
1562.6	640.99
7345.7	2450.9
3858.7	2216
695.63	906.11
2061.8	3724.8
2319.9	1571.6
70.63	1731.8
85.106	2042.6
1845.9	1626.6
573.82	1577.9
2207.5	493.93
3622.8	1523.1
3094.1	376.75
4514.6	338.91
3697	804.75
1305.2	1049.2
1463	1937.3
3727.8	2976
1566.5	17.886
3840.8	1026.1
2972.6	365.74
3757	550.04
6282.5	2363.6
6194.6	2129.8
552.23	905.92
5027.6	2939.9
3463.4	666.31
7127.3	1032.6
2071.4	1144.8
30.125	3042.6
6410.2	3334.5
1919.1	804.29
4543.3	2088
3782.8	4127.6
707.67	542.81
3873.1	114.85
2901.7	3951.8
4115.1	312.65
2854.5	1486.9
503.6	765.06
266.91	1498.5
3908.3	998.05
5187.4	1614.4
2057.1	1320.6
2577.9	712.31
3731.8	1760.4
5453.4	2666.8
859.41	1967.4
3895.8	1013.4
5911.2	3351.7
3484.7	3229.6
6698.7	2032
2624	1546.6
4757.2	2975.8
1696.2	1685.8
6549.5	1697
4666.8	1727.1
2356.4	1784.1
6898.7	2115
5705.2	62.319
3664.4	308.81
766.27	2196.8
355.34	3117.9
249.1	2120.7
4209	4560.3
5986	2269.4
2268.8	3843.5
390.87	883.14
7217.7	2139.2
2695.5	1052
3507.6	1531.3
2514.3	724.77
5748.9	320.98
4209.2	952.4
6260	1997
1720.1	3927.5
2483.6	1786.6
5484.9	1742
1514.1	2865.9
817.44	1741
4305.6	1682.6
3495.6	3402.7
757.48	603.86
3647	2059.5
2049.9	1834.2
1813.5	1875.3
4791.3	3395.2
5779.3	2455.2
2420.4	1798.7
1646.9	1892.8
3495.1	516.68
5190.5	2234.8
1549.6	679.51
1525.8	1598.2
5582.4	2725.9
2926.7	170.86
1354.3	1825.7
4545.2	653.21
3813.5	1452.2
4130	4268.8
1740.2	1874.5
625.81	1847.8
5249.7	925.1
3056.4	2092.9
4789.2	3396.8
163.97	1396.4
246.27	1064.1
3801.2	578.73
3851.3	1468.6
1294	2060.5
4048.8	356.41
61.8	1675.5
4075.1	2301.7
6169	224.33
4686.7	2956.3
4779	753.88
6971.7	1138.8
7272	2907.1
2567	675.21
47.108	2780.5
6244.8	370.57
1298.8	1264.2
5477.3	3158.2
6095.5	2667.1
6154.3	3372.2
6020	2998.6
5209.8	1615.9
5646.8	1704.6
192.1	973.96
1939.6	1312.7
5672.7	1558.7
3743.7	2267.7
49.999	1702.3
4505.3	1972.6
376.07	1450.3
4565.9	231.14
2964	1899
1710.4	3824.9
432.46	918.37
4923	810.91
4269.6	811.66
1468.2	3370.4
4346.3	3187
103.52	1647.1
1941.1	1497.6
3821.6	1027
4183.8	1481.5
4137.7	2819
1105.2	3228.9
4210.8	2778.6
4014.7	599.34
1402.3	1912.4
6674.3	1861.4
271.9	1719.7
4741	2980.1
355.57	1118.8
7341.3	3084
5184.8	149.31
4506	1877.1
148.32	1196.8
6433.2	2054
7050.4	1435.7
554.92	897.99
1630.8	1886.8
7072.4	2388.8
420.35	1815.9
6152.5	1210.6
3321.1	2740.8
3793.5	607.9
1554.3	3319.8
2605.8	1062.6
3598.8	2231.7
3683	4428
5313.1	428.44
2806.9	2634.7
2108.3	282.79
3438.7	928.01
4617.7	2650.1
4834.5	2718.7
3442.8	577.97
781.48	1916.1
2935	1768.3
6057.9	300.27
2936.4	559.25
384.03	2543.2
3457.5	1774.5
3681.9	1001.3
6557.5	3525.4
284.01	1706.4
496.53	834.69
4818.5	400.92
5245	1847.4
5292.8	2369.1
3441.2	509.07
7058.7	2103.2
341.19	978.33
4053.2	583.41
3374.2	3047.3
699.9	1984.9
1917.5	549.03
5572.8	2123.6
4357.6	3191.8
446.3	746.05
96.007	1647.9
3911.6	745.17
3511.2	305.05
3735.9	567.68
2714.7	784.44
35.848	1687.4
3414.1	265.05
5821.3	1771.7
3857.8	996.81
6482.4	1939.6
4767.8	3429.6
49.05	2169.1
7271.8	2035.6
1892.8	1869.7
3805.9	570.65
61.587	1600.4
4657.5	634.73
2036.1	1573.6
163.73	1393.7
515.82	1692.9
47.92	1200.2
3764.2	606.98
3143.3	2125.2
5676.1	1575.4
1749.7	1225
6592.6	2619.6
4368.4	3187.3
2155.8	505.79
2456.7	2955.2
2845.2	4201.1
240.9	1345.4
2106	1870.8
5199	3341.7
7271.6	2299.5
4027	3914.9
