5415.1	1285.7
6068.3	2410.9
4992.1	1035.2
1745.6	2962.1
5671.8	1150
723.24	2399.2
5402.2	409.22
2153.6	1222.9
2458.5	835.14
2190.7	2206.5
4183.8	930.91
5480.7	2389.8
6229.7	2736.3
6654.6	2846.8
6123.9	1445.9
843.96	2423
5874.6	2041.3
2357.4	1954.5
4782.9	138.08
5333.3	1116.8
5624.4	220.21
2177.7	2343
1460.3	1984.9
6436.1	1403.4
4572.7	993.56
4128.6	2019.9
6206.2	1159.1
5127.8	2038.9
2194.7	2343
6614.9	2253.8
4882.7	1735.4
3936.2	1686.4
6173.5	1165.3
3014.3	2196.5
5305.5	662.75
6655.4	1385.4
5948.6	1158
6550.9	682.81
1582.2	2008.8
4581.7	530.07
1513.5	1039.7
4156.6	811.58
6736.6	1187.9
5306.2	646.06
5912.5	580.02
6121.6	2416.3
7136.3	1728.6
1482.7	1974.9
4596.7	513.06
209.76	2566
5503.4	698.56
5335.4	977.48
5929.7	1824
2305.8	2197.4
2671.3	1994.8
1635.4	1982
5290.7	660.32
4549.6	501.85
4016.9	1923.5
7101.2	1633.9
7020.2	2335.5
4782.2	1727.6
6012.4	851.87
5528.7	2349
1821.4	2912.4
1436	2936.5
6116.9	2297.5
2791.3	1928.4
1668.3	1996.9
6580.3	2134.3
5808.6	2472.4
5641.7	2046.2
2122.5	890.55
5497.8	1298.6
6713.9	1450.6
2427.3	1680
6577.8	716.84
3922.7	1943.3
4563.4	508.64
6048	1867.3
5665.7	1808.9
5473.4	2788
5762.3	1800.8
6170.9	2092.7
1474	1974.8
3934.3	624.1
5141.2	1987.4
1481.2	1784.3
945.55	2669.9
4569	827.51
5010.8	2064.3
5483.5	880.91
3744.3	2005.5
3789.2	201.74
6212.7	2079.8
4817	2025.2
5971.9	1844.6
2315.5	1972.9
3673.5	1654.4
4394.4	2132.5
5952	2382.2
137.84	2420.1
7096.8	1409.7
4323.4	1945.5
1732.8	1974.3
5917.9	1228.2
5935.1	1168
3746.3	457.89
3612	2632.4
6652.2	2939.5
5929.7	1797.8
5878.9	807.14
4313.3	1981.9
4144.9	762.72
5945.6	2129.3
5500.8	168.78
6660.5	2719.4
6540	2199.1
5863.6	2197.7
2276.8	2729.9
153.03	2421.1
1552.9	1942
2392.8	1896.2
7181.5	1734.6
7289.4	2305.3
5786.8	2471.4
1799.4	2372.2
1953.6	1723
7021.8	2451.4
2715.5	1671
6491.9	1573.6
5115.9	2262.9
5118.3	1987.6
2926.1	1882.5
1567.9	1968.7
5973.4	1835
3384.5	1858.5
5750.5	1805.4
1103.9	1324.3
1349.7	2004.7
4771.6	1216.8
238.07	2425.5
2868.7	1973.8
6575.7	2449.2
6110.5	2036
6110.5	2072.6
6290.4	2087.5
5921.8	1244.6
6303.6	2394.5
5456	2039.4
1473.7	1050.6
1429.7	2975
5613.9	2038.5
3725.9	1928.4
3894.7	1686.6
2179.1	1087.8
1636	1945.1
6818.7	2364.3
3951.4	1687.1
6181.7	2125.6
5399.7	1963.2
5239.1	1033.2
3636.2	1658.8
1855.7	2142.5
6490.7	1049
4570.9	2007.7
5455.3	2020.2
5240.2	1994.9
7010.8	1191.7
1621.9	1983.5
7117.8	1718.8
5465	2300.8
5325.6	1041.4
4596.2	130.32
5662.5	1152.5
4149.9	1950.8
4681.1	2166.8
2865	114.45
4473.5	917.01
1839.7	2384.3
4517.7	788.99
6380	657.74
4294.9	925.71
5117	1988.4
5728.9	1033.2
5461.2	1558.9
3061.2	1877.2
4902.1	1074.7
6748	1183
5139.7	132.92
7169	2242.2
1264.3	2026.6
5801.4	547.75
5500.4	711.02
210.01	2348.6
2041.1	1921.3
6249.4	2158.1
4715.6	1724
5342.7	1099.4
7259.1	2243.3
5143.3	2036.4
1485.5	2030.1
5507.8	2011.5
7118.7	1653.9
5640	1099.1
5731.6	2054.1
1459.1	2307.1
6348	2619.7
6143	2089.7
5266.4	268.14
2940.9	1690.6
6119.3	2425.7
226.38	2209.1
5343.3	930.07
6074.8	1873.2
6532.6	2303.7
7322	1792.9
6490.8	1064.1
6564.1	2186.4
618.87	2795
3106	64.199
6379.7	2348.9
5006.3	1725.6
5843.2	1166.8
3834.7	19.102
7058.3	1055
2104	888.71
1669.8	2307.7
7326.1	2276.7
7177.3	2263.2
1438.7	1963.4
5779.9	1305.1
6116.9	1939.6
6566.7	2191
7010.6	2073.4
5921.9	569.91
7086.6	1067.5
7075.4	2223
7228	2273.9
5920.6	1086.6
1816.1	260.85
5567.1	1870.2
1964.5	1725
5855	815.1
5075.3	1008.8
4947.6	1810.7
5314.2	960.76
6990.4	2064.1
6139.9	2096.7
6814.8	843.26
5918	600.56
6852.5	1549.2
2317.2	1695.8
6043.3	2220.1
1843.3	2377.9
2797.4	1892.5
986.85	2831.8
867.14	1979.4
2445.8	1693.2
1595.9	2034.1
1567.6	1157.2
5718.1	2460.6
6504.9	1571.5
5310.6	651.46
142.22	2388.1
2289.4	2401.8
5129.2	1985.8
4151.8	1967.1
3924.3	1759.5
4911.7	136.44
5860.9	2536.3
7099.2	953.25
1730.7	2017
211.55	2801.4
6577	2195.2
1829.4	2739.6
2153.2	2922.4
5840.5	1830.2
6085.4	1939.6
7158	2352.8
6605.6	2189.4
4369.9	1881.2
6252.9	619.44
2153	2919.7
491.37	75.422
6889.1	2230.5
6872.2	2356.8
7048	2251.1
6140.5	2117.2
5478	2278.8
6198.5	1950.6
6645.1	1145.1
6180	1825.2
4024.3	80.662
5721.8	2272.3
5257.9	1999.9
6126.3	2381
4989.3	204.6
5083.9	227.79
6145.9	1236.4
5963.9	1252.2
2836.2	2206.2
2206.4	2926.6
5681.4	2028.1
6548.3	629.4
309.82	2164
1548.1	2127.6
5624.2	2040.9
6843.7	2441.6
6861.2	2209.3
5634.9	1090.1
6746.7	1215.4
6543.1	2019.3
997.83	2738.8
6117.9	1275.4
4075.5	985.76
5898.1	435.04
1504.4	1939.5
2289	1897.3
732.19	1816.9
7170.9	2280.3
5330.3	2018.9
4975.9	91.795
5720	2213.9
5293.7	1043.4
1860.9	1934.5
1848.2	2341
3973.3	1974.7
5856.1	1937.5
6901.6	2212.9
6821.8	2542
5550.9	2076.5
5940.4	1231
5913.3	1182.2
4400.4	3785.9
7335.4	1729.1
5499.5	1862
6030.2	2065.3
5800.1	2114
6140.4	2107.4
5816.8	1745.6
1837.4	1089.6
1614.3	1953.4
3690.6	791.07
6994.5	975.72
5961.3	2137
961.67	3407.1
5657.3	1135.6
6617.5	2039.7
5862.6	1818.2
5663.7	4252.1
5009.5	2446.3
6381.2	1037.5
5274.4	218.8
4996.1	211.38
4532.1	2008
1939.6	1986
5482.6	2769.3
1846.2	2161.5
2270.5	2496.7
5892.3	2294.7
5265.3	885.78
899.32	2434.4
6307.5	3283.3
7257.6	2347.6
697.72	1828.7
7235.1	2375.7
7071.3	2257.8
7243.4	2343.9
5098.4	230.98
6326.9	3046
7045.6	2222
2042.1	1898
4814.3	84.119
7150.4	1296.1
6063.8	2241.5
6394.5	798.85
6662.5	2554.5
4042.2	1453.2
6889.3	2034.9
5324	971.07
3815.4	1952.7
6840.2	1556.8
93.392	2195.4
5264.4	2002.2
6902.6	2483.6
495.16	2006.6
6532.3	2448.9
7075.9	2093.9
5459.3	1682.4
4173	937.54
7042.3	2223.8
6640.6	1114.8
3809.4	1946
5795	552.69
5927.5	1077.1
6482.1	2177
5640.4	287.53
5738	2066.4
2263.7	1967.3
5320.1	669.95
5737.4	1074.5
2037.3	1899.5
5961.5	1227.1
6137.5	2370.9
80.179	2350.8
1819.6	2445.1
2242.2	2928
111.83	2804.1
5279.7	2040.7
6661.3	2213.5
6192.3	1199.3
6749.3	2132.7
6873.5	1079.2
3932.3	2086.2
4874.4	2121
4994.7	155.82
6025.9	500
1510.3	2063.7
3825	1152.6
5228.2	1953.9
1591.8	2010.3
6458.9	2389.3
1871.8	1995.9
1537.8	2945.9
6798.3	2387.2
354.69	16.224
6637.2	2040.7
2824.3	2229.6
5570.9	402.77
4981.7	219.89
3917	1654.1
6234	2748.5
2010.1	2425.4
6135.5	2397.2
1964.9	2001.3
6347.4	4072
282.59	2433.4
6594.7	2149.7
1667.7	2123.2
1518.2	2459.7
4099.4	2739.8
5699.2	276.65
2455.7	2911.1
6239.5	2462.8
3933.3	676.08
5338.8	933.97
2460.7	1979.4
5586.8	456.16
6781.2	1968
2124.9	2911.7
5467.8	131.08
254.39	2374.4
4345	1988.9
5475.1	2405.3
4687.7	2327.4
4103	1931.8
5863.2	2722.3
5335	1068.8
6864.4	1239.8
7237.5	1763.8
7033.7	2082.5
6522	708.92
2593.9	1872.5
7204.2	1785.5
6195.2	349.54
6508.8	754.83
5513	2046.8
4561.4	823.47
5264.3	1046.6
6171.2	2268.8
5827.9	2076.4
6993.6	2254.4
80.752	2860.4
1579	1980.5
6637.6	2144
4811.2	1684.6
5787.7	2116.9
6412.2	3195.8
5258.2	271.35
5095.2	189.97
3332.5	1981.2
1109.4	2457.1
6554.4	2204.9
1829.2	2675.5
5680.1	1166.4
6552.5	2441.8
96.691	2199.5
6828.3	2343.7
5707.1	2373.5
354.5	2071
1663.5	1945.9
923.88	2723.8
3091.6	1394.6
5261.3	1038.8
7043.8	1025.5
5886.2	1181.9
6199.3	1202.4
4347	77.91
2603.5	2902
1328.1	2027.2
570.28	1770.9
1979.7	1037.9
6564.4	712.13
5613.7	1136.9
5548.1	339.09
5693.3	863.66
6111.9	2096.5
5779.3	1314.5
395.87	1973.9
5802	2102.3
4844.5	2330.4
5708.6	1717.8
5327.8	2062.4
5264.9	875.66
6507.7	2162
6327.7	3160.5
3797.2	475.43
7003.7	2235.4
3154.6	1552.3
3783	2104.1
4909.8	148.79
4055.6	1933.1
5095.1	215.09
1703.1	1841.7
635.95	2974.7
3732	1995.2
5709.9	2485.4
2898.4	941.72
5446.8	2013
5127.1	2001.6
6841.6	1547.9
520.3	3105.3
7339.5	1832.8
6212.5	1819.3
4593.1	863.85
2095.8	1977.8
5017.7	2078.5
5937.5	1270.3
6896.1	2429
6151.3	1213.4
5715.9	1737.2
1870.3	2864.7
2075.8	1990.1
5698.8	1747.9
4977.3	151.74
6185.4	1230.9
4039.7	480.11
7073	953.19
5296.3	239.8
721.69	2764.8
6868.6	2425.6
6881.3	1290.7
769.27	2400.4
4853.9	1645.4
5938.8	1237.4
6829	2404.3
6465.6	3159.9
5543.8	334.22
5497.6	227.56
6182	1229.7
6930	3214.1
3903.7	1911.4
6907.7	2388
6185.8	312.75
3930.5	1976.7
5088.5	242.09
104.93	1928.7
6188.9	2425.6
5938.9	2121.4
1333	2057.6
971.78	2549.2
6804.5	2406.6
6476	1082.4
7096.7	1668.4
6115.6	2746.9
5153.1	166.7
6419.8	1299
1826.7	1259
7008.7	2117.7
5637.7	1713.1
289.99	2168.2
6556.7	2276.7
6613.7	1411.9
4493.7	93.375
7296.3	1226.3
5308	249.34
7244	2510.2
2297.4	2150.1
1278.4	2010.2
1147.2	2191.9
5305	987.52
2177.4	2257.5
5383.7	315.16
5249.4	2474.3
6055.6	1813.4
2053.6	1989.1
5545.3	2037.2
2958.4	2729.4
4730.4	2133.9
1470.2	2939.7
7075.1	1195.1
5703.3	401.02
2482.9	414.37
6176.1	307.71
5716.8	2103.8
2831.5	4169.1
2100.1	1963.6
4749.4	2024.2
4549.5	524.07
5448.1	2046.7
7330.1	2497
7062.4	2671.2
5749.6	318.38
6855.7	2440.4
2138.8	2681.8
5792.9	2649.3
2235.1	3053.9
5025.2	2319.6
6735	2192.6
351.02	2190.6
5593.3	1299.1
960.63	2867.8
5911.7	1096.9
204.04	2096
6242	2491.5
5984.2	1796
7193.7	1126.4
1409.5	1971.1
6580.3	2202.8
793.54	2452.8
6881.5	2687.8
5267.1	263.85
22.828	1824.4
6899.1	1514.2
5795.4	2565
5405.6	1688.9
5362.5	2178.3
5350.8	1684
4357.9	2678.8
6547.5	2399.8
5508.3	2026.3
6520.1	778.46
3897.5	1107.4
5612.6	4326.5
3263.8	1575.5
5699.5	800.05
2030.9	2488.1
6807.6	2410.7
4434.8	1967.2
4805.9	2007.2
6027.5	508.21
4456.7	2935
7012.7	2120.2
6469.7	605.48
5380.2	178.87
6150.7	1171.5
4750.9	96.731
1859.9	2855.9
6807.7	1958.5
6535.7	2211.4
1279	1984
1266.4	2228.5
1960.2	291.06
1464.4	1993.1
2143.5	1954.3
5657.9	2071.7
6270.4	1849.1
5711.3	320.72
6721.1	1543.8
6143.8	1172.3
6868.1	2697.3
3049.5	2512.5
7269.8	2234.9
948.03	2805.6
2364.1	2006.7
6830	2424
5318.8	1113.5
5249	2561.9
2509	1871.1
7001.9	2416.6
1272.5	526.01
1917.9	2207.2
6893.8	2505
5377.4	431.78
7288.1	1526.8
1579.2	1807.5
2021.2	872.89
3446.7	1601.8
6684.9	2854.5
6930.2	3102.9
1682.5	2323.5
5744.6	2040.4
2153.6	352.26
6940	1647.3
1631.5	908.81
6915	2247.9
4546.9	291.97
6953.2	1607.8
1915.8	2880.7
6466.9	727.72
1581.3	1813.8
4642.7	1981.1
4785.3	1814.4
6830	861.33
4989.5	1659.1
6840	2544.6
784.02	2412.9
2097.6	1933.3
6021.3	1023.4
3968.1	1599.2
5255	3120.3
5870.3	2650.7
6612.8	1478.3
6072.7	1947.8
3916.1	420.33
2552.4	2949.6
6021.5	1020.8
251.51	2642
5743.2	2634.7
6156.1	1958.9
1490.9	2950.4
3144.7	2366.3
2824.5	1592.9
2186.2	2439.9
5364.5	2279.9
1877.7	1732.1
2197.6	2222.2
3415.9	4120.8
7077.1	1605.3
5709.5	2213.4
6620.6	2424.9
5363.3	2477
4600.4	849.11
2637.8	2931.6
3754.7	2101.2
5672.3	1895.1
1728.3	1915.1
5568.3	2330.2
5654.2	1039.6
6181.9	2093.8
6540.1	2177.4
4910.9	1757.6
6015	505.68
7004.2	2485.8
128.62	1733
6202.2	629.95
5364.2	2285.7
1706.4	1918
3062	316.95
6642.5	1947.3
1569.5	2634
733.17	2409.3
5533.6	341.39
4891.1	2365.1
6974.9	3050.1
5479.9	131.35
4004.5	1147
7171.4	1680.7
6462.9	722.56
1262.1	2810.4
4711.3	1265.7
1523.4	2688.1
5818.4	590.01
4048	379.13
5793	2570.7
955.24	2102
5126.6	2003.6
2220.4	2886.2
6923.9	1549.6
6248.7	2072.8
6950.3	1604.7
7039.8	1666.3
7194.8	2093.8
5591.2	416.38
1245.1	3671.8
1145.7	2977.7
5269.6	2544
7003	2502.3
5209.6	102.47
2141.5	2890.7
1616.2	2831.3
6560.1	1306.9
736.14	1807.4
4461.9	1679.7
6344.1	1333
4675.2	2071
6912.9	965.37
5336.5	3170.6
1441.8	1734.7
6344.2	3004.4
6614.6	2716.3
7326.4	2667.9
6237.9	2555
1328.5	1762.9
2612.3	2934.5
1665.9	2832.9
4585.8	1006.3
3584.8	1652.6
5517.9	2561
6403.1	696.38
7113.3	1690.2
1616.9	2833.7
7274	1795
1264.2	1980.1
1414.5	625.83
6866.1	2091.3
4888.8	1779.7
6929.8	1265.7
468.62	2550.4
4542.4	147.39
2894.2	110.1
4685.2	369.57
3608	2316.2
6235	2481.9
6362.9	2952.7
6869.3	2466.6
3763.7	52.21
2247.6	2349.6
1134.5	1473.2
3884.7	2787.4
6125.9	2396.5
5518.5	1716.7
4191.2	1938.8
2235.9	2678
2416.1	3165.8
1115.3	2297.8
5231.4	313.11
2040.3	799.94
5618.8	1148.6
7169.5	2295.1
6825.1	2081.9
1111.9	1537.2
7003.1	2538.2
6286.6	728.51
956.94	1716.2
6138	1310.1
7305.4	2969.1
3137.9	1145.5
5804.9	1244.1
5390.4	860.74
7331.2	2468.3
4574.5	3400.6
4263.3	2217.3
5624	1731.1
241.22	4692.1
5250.2	2159.2
6260.8	2225.7
7182.6	2331.6
1172.1	2721
6696.1	2835.1
6741	3726.5
3766.1	2936.8
6660.2	723.47
7156.4	1476.2
6548.4	2260.7
5727.6	231.32
1142.8	3049.7
5510.2	1860.4
3059.4	2524
2169.9	2716.2
