6502.9	2779.4
6167.1	2738.5
7328.1	2159.3
6163.6	897.75
6171.1	2197.6
5706.6	1879.3
7328.1	2159.3
6168.3	917.72
6203.2	2843
6189.7	2253.6
6231.2	2840.8
6161.2	2196.4
5184.6	2793
6189.2	2160.6
7320.6	2170.7
6231.2	2840.8
7252.2	2714.2
6171.3	2244.7
6189.2	2160.6
6183.9	2911.1
6168.3	917.72
6177.3	2688.8
7323	2276.7
5862.6	115.24
6284.1	2017.3
6132.1	2180
7320.3	2140.7
6293.5	2004.5
6166.8	2196.9
5700.3	533.93
6358.8	1709.4
7323	2276.7
6324.4	1970
6259	1274.8
6259	1274.8
6155.4	2220.5
6284.1	2017.3
6140.9	2155.5
5384.1	2764.9
6393.5	2225.4
6172.6	2769.1
6168.3	917.72
6284.2	2483.2
5837.8	2116.6
6132.8	2171.7
6369.3	1852.4
6224.1	1777.7
6165.3	2729.2
7278.1	2278.7
6315.1	2251.7
5374.4	2619.1
6393.5	2225.4
6315.1	2251.7
6286.4	2068.1
7332.8	995.81
7320.3	2140.7
6168.3	917.72
6286	2259.5
6283.1	2115.3
6291	2178.6
6298.7	2016.6
6178.4	2670.1
6291	2178.6
6034	1933.3
6286.4	2068.1
6277.7	2199.5
7135.6	2342.3
5670.6	2363.8
5670.6	2363.8
7115.3	1175.2
6291	2178.6
5090.2	2762.6
5607.7	960.75
6285.5	2188.4
6189.9	2842.2
6404.8	2333.3
7147.1	2349.6
5153	2044.3
6180.3	2633.1
7133.3	2340.9
6353.4	1702.6
7147.1	2349.6
6373.5	1829.3
5127.4	2331.3
6286.4	2068.1
5607.7	960.75
5538	931.83
6279.7	1543.9
6209.5	2009.5
6284.2	2483.2
6212.1	2207.9
6263.8	2616.1
6645.2	935.85
6156.8	2240.2
6163.9	2148.4
6289.5	2435.8
7232.1	643.09
6645.2	935.85
5651.8	2408.5
6286.8	1670.8
6290.7	2588
6224.1	1777.7
6331.4	2381.1
6277.8	2465.8
5754.7	2358.9
6168.8	2671
6289.5	2435.8
6259.2	2632.3
6218.4	2017.8
6034.7	954.85
6149	2192.6
6177	2125.8
6257.5	2659.2
5119.6	953.75
6348.2	2357.3
6143.9	2929.6
6162.7	1898.7
6277.8	2488
6283.1	2115.3
5677.1	2382.7
6153.7	2189.4
6321.9	2466.2
6214.3	1133
6143.9	2929.6
5224.6	2751.4
6225.4	1227.2
5146.6	2903
5717.8	1855.1
6281.1	1622.3
5409.4	1502.9
6324.3	2026.8
5943.7	1847.2
6140.5	2178
7309.7	2527.1
5671.7	1815.3
6336.7	1842.8
6324.2	1985.1
6331	2452.9
6051.8	1898.6
6370.5	2295.3
6285	2030.9
6177	2125.8
5677.1	2382.7
5954.9	2749.7
5679.2	2327.2
6140.5	2178
5919.8	2691.1
6207.5	1741.8
6285.4	2480.3
6372.2	1839.7
7078.5	1592.5
6057.6	1870.9
6845.3	2671.8
7278.1	2278.7
6377.9	1900.1
6504.3	2343.8
5182.3	2775.9
6177	2831.4
5407.8	2449.3
6223.6	1732
6280	1998.6
5143.9	2933.9
6178.5	1059.9
7130	2181.9
5143.9	2945.8
6224.1	1777.7
5162.6	2595.8
6295.4	1482.5
6190.4	2640.7
6152.1	2177.8
5474.8	2838.6
6285.4	2480.3
7130	2181.9
6149.9	1028.5
6320	2360.1
6285.9	2282.3
6158.8	2722.8
6323.4	2312.3
6141.6	915.65
6295.4	1482.5
5135.7	2770.7
5690.7	1869.7
6977.6	2340.2
6224.1	1777.7
6331.3	2398.1
7343.3	1357.5
7253.3	1506.7
6285.8	2006.9
6168.5	1919.7
7116.1	2517.7
7116.1	2517.7
6147.2	2179
6182.2	2796
7116.1	2517.7
6106.2	2251.2
6265.9	2642.9
6156.2	2183.9
6149.9	1028.5
6189.3	2638.2
7234.2	2565.7
7116.1	2517.7
7234.2	2565.7
7206	2653
7177.4	2895.4
5950.3	2833
6285.9	2282.3
6669.7	2707.1
6292.8	2014.3
6428.2	2562.1
6158.8	2722.8
6220.4	1188.7
5324.4	2033.3
6316.1	1654.9
6292.9	2197.9
6279.9	2377.5
6178.7	2142.8
5230	1804.7
6107	2170.4
6316.1	1654.9
6298.2	1954.6
6221.1	1722.1
7116.1	2358.6
5765.2	2708.9
5950.3	2833
6288.1	2248.1
6149.9	1028.5
5180.5	1797.4
6347.1	2110.4
5684.9	2830.5
6392.6	2383.3
6279.9	2377.5
5756.7	175.94
7257.6	2520
6284.6	2894
6973.5	2350.9
5756.7	175.94
6279.9	2377.5
6234.4	2775.9
6220.8	2266
6534	1664.9
6947.4	1257
6516	2337.8
5338.6	2750.2
5756.7	175.94
7256.3	2620.5
7304.9	2904.4
5338.6	2750.2
5902.8	1897.3
6595.9	2332.3
6947.4	1257
6790.6	2074.5
5756.7	175.94
6149.9	2139.3
7035.7	2303.9
5324.4	2033.3
7029.7	512.63
6302	2220.2
6536.5	2331.8
6297.2	2442.6
6297.1	2073.8
6211.7	2988.1
5455.3	1776.7
7152.8	1847.8
6947.4	1257
6465.6	1937.5
5756.7	175.94
6284.5	1507.1
6285.8	2006.9
6868.2	1349.8
6280.4	2322.9
5879	2449.1
5109.9	1580.8
6465.6	1937.5
6147	2137.3
6297.2	2442.6
7075.1	1665.2
6465.6	1937.5
6289.5	1985.7
6669.7	2707.1
7234.2	2565.7
5455.3	1776.7
5455.3	1776.7
7185.2	880.87
6263.8	1729.5
6380	1858.8
6325.2	2919.1
7155.5	2266.2
7035.7	2303.9
7273.7	2184
6947.4	1257
6188.4	2801
5639.6	993.82
7035.7	2303.9
6303.2	2334.7
6992.8	2122
6465.6	1937.5
5972.5	2961.4
5455.3	1776.7
5105.4	2548
6381.5	2580.4
5598.7	2885.2
7035.7	2303.9
6298.2	1954.6
6177.6	2153.3
5290.1	2735.4
5593.5	2874.3
6280	2354.7
5331.5	1581.9
5976.5	2092.1
5455.3	1776.7
6483.6	1921.3
5109.9	1580.8
6236.4	924.14
6325.2	2919.1
6332.7	2326.3
6180.7	2192.5
6280	2354.7
7126.7	2525.4
5133.7	965.04
7170.9	832.13
6279.3	2409.2
