6462.3	4691.8
4334.7	1069.5
1482.4	3617.5
7118.4	1652
4151.1	1094.6
330.6	1444.3
5987.6	1662.3
864.39	1879.1
6328.1	1161.8
5777	399.82
584.48	817.33
4203.2	820.89
2065.6	2895.6
1174.4	1999.3
832.31	1426.2
382.77	969.52
437.57	2525.6
224.62	1060.9
3546.6	1734.8
3393.9	1007.6
5113.3	1589.9
7306.1	256.53
2724.7	2512.2
6856.5	957.5
2831.9	3751.1
3620.4	2541.8
7093.2	1632.6
260.22	1604.7
169.52	2861.7
5058.1	2955.5
5400.8	260.91
3430.3	300.22
4938.5	788.65
479.58	1247.7
6626.5	2533.6
3480.9	1811
2490.1	256.33
6462.2	1106.2
207.17	1431.2
7154.1	2643.4
6965.8	2172.6
4162.2	1079.2
1379.7	3975.4
191.72	1690.4
3229.8	1945.8
474.88	2165.4
327.69	1345.5
3274.4	1610.3
209.03	1524
6469.4	1835.7
7197.6	1580.9
4530.3	1709.2
5272.4	3988.2
6700.8	1275.6
462.84	1507.3
177.03	1150.3
263.35	1584.3
3939.9	187.97
959.93	2744.9
6707.4	2129.4
2982	175.95
2451.4	2974.2
5624.5	1300.3
3967.5	1046.3
3125.5	1823.3
193.79	1148.9
3378.2	1301.7
7302.1	2224.9
6491.6	1838.3
6912.5	2347
4971.6	152.77
7215.4	3264.6
1259.1	3632.2
1716.3	3052.6
6902.8	2608.2
6970.9	1003.2
3534.6	2036
5369.6	2246.7
5966.4	1768.9
168.37	1172.7
2460.2	950.45
672.24	1136.5
7311.2	2437.7
6927	2277.7
3356.8	2257.7
7105.4	2113.8
2379.8	391.18
183.79	1659.2
242.29	1660.9
1539.7	2409.2
4162.3	680.42
1985.5	1880
1496.9	4070.9
1180	590.07
1858.6	1788.7
1453.5	4068.3
3368.4	76.223
189.51	1698
6564.5	2506.2
1076.4	2747.3
970.48	1313
7343.7	240.93
246.07	1636
456.43	1504.9
2013.1	2941.9
6666.8	853.63
3444.3	3890.1
274.37	1076.4
5402.1	1143.2
7201.4	2075.3
246.01	1101
339.32	1577.1
238.11	1602.3
6979	1026.7
3412.9	409.61
522.3	878.46
3355.9	2105.8
3102.5	1769.2
381.99	1562.1
326.83	1337.9
6484	2132
6356	1047.9
4171.4	796.09
3157.4	438.59
4303.9	966.55
1265.5	4077.8
3377.4	1292.3
3972	955.29
4207.6	652.74
6653.4	2695.6
1434.5	1905.1
6142.8	2277
3793.5	1908.1
3967.7	1070.2
5435.1	3437.2
1593.3	253.68
5362.7	1526.5
339.21	1559.6
1462.1	4063.1
7224.4	1391.7
3435.7	27.904
1345.6	444.95
3232.1	877.55
5425.6	1330.7
3209.1	432.23
6960.6	2163.7
4197.5	671.73
4964.1	776.61
455.02	1504.3
7306.3	305.78
1483.2	4083.7
1160.3	3245.2
7072.7	2199.8
201.66	2594.3
3932.8	1040
6480.3	2399.1
1473.3	4084.9
4951.3	1139.7
5689	2702
973.37	1300.1
5578.4	2757.6
234.75	1174
3322.7	14.128
211.2	1630.5
1374.2	468.21
6426.2	1386.2
1474.7	4067.6
6499.1	2268.8
7110.6	2759.3
380.14	1525.4
4297.2	1134.6
1949.4	2969
1225.8	867.86
3935.5	430.72
100.79	1243.7
7118.9	2521.6
493.42	1413.5
5807.7	3762.8
2089.6	1945.3
1715.2	3092.9
6074.4	1301.5
6993	2275
5121.8	225.23
6054.4	3430.9
4173.7	1100.9
3587.2	1109.6
478.16	1372.1
1919.9	408.08
517.07	2832.2
3077.8	2390.7
7085.1	2168.6
389.02	1129.4
1309.6	4118.4
4202.5	772.5
937.26	2071.3
4224.7	750.2
4328.6	1057
7183.8	2190.2
5270.1	3984.6
6578.9	3074.1
1226.5	2432.8
356.13	1518.6
1879.5	2933.4
2532.4	929.55
391.81	1996.8
390.81	2041.8
6627.8	1823.1
6869.1	2285.5
5238.2	98.837
4165.9	664.18
3183	74.287
4528.2	467.97
4011.4	1045.7
3229.5	2954.6
5329.4	758.65
3061.9	2448.5
1056.6	3346.7
4333.1	1096.4
7263.2	2490.2
5852.4	396.18
1828.1	2990.5
1941.6	3002.7
6947.8	1411
4421.6	732.71
4219.6	1140.1
36.214	1200.5
111.61	2721.1
3717.9	3618.2
3442.4	37.343
5642	1756.9
1039.3	2949.7
7185.4	1367.4
7237.4	3644.7
5600.5	880.05
1180.9	4123.7
3712.6	1807.6
1230.5	1752.7
7213	2091.9
2777.4	893.87
374.14	1320.3
5451.7	929.92
1954.2	2958.3
1000.2	1795.5
3336.2	43.424
7081.1	2771.6
691.73	1340.6
4601.6	1529
2540.1	4031.3
4153	740.35
3576.7	1022.4
591.55	1008.2
4298.2	448.43
4190.1	649.8
409.82	1761.4
7311.8	1467.8
3872.7	779.52
5274.2	3990.9
4137.8	650.12
4134.5	658.06
319.19	1637
5391.7	1157.8
1958.6	265.03
2541.1	2926
3606	2555.7
4370.9	1064.8
153.2	2783.5
1230.5	1412.6
336.19	1624.3
3062	2537.8
540.61	1213.6
6710.5	1278.7
3212.5	1640.4
7210.8	2413.2
1544.4	2846.3
235.26	1077.8
5740.8	1249.5
463.74	2062.1
1463.2	4083.7
32.132	2105.9
4036.6	1038.3
6797.5	2165.3
5189.7	1537.3
1923.1	1664.5
201.74	1051.7
3878.5	942.83
6005.5	2538.1
2693.6	3196.1
159.68	1155.2
372.85	3468.1
5084.9	1388.1
7209	2472.6
6915.8	773.46
5472.7	1141.6
1829.7	892.92
4067.3	434.77
5926.1	3421.5
6683.6	754.9
5802.1	897.63
4733.3	434.93
1211.9	1765.6
6093.3	2297.2
7075.3	1301.7
6697.7	2137.3
1142.4	840.25
1319	3346.9
1010.3	404.55
74.167	1409.9
5788.3	177.5
4143.9	664.43
1041	1216.9
4150.7	764.61
5787.7	283.6
7348.3	2337.4
740.22	660.55
3948.1	1076.2
6907.4	2432.5
3369.5	2652.8
4713.4	1351.6
7043.5	2009.5
2498.8	3467.4
3649.7	1791.2
2732.1	1573.9
4608.7	460.64
6810.8	1558.5
4742.4	485.11
6422.2	1374.5
190.18	1707.2
6281.7	4184.3
6927.9	2828.9
1682.9	3733.4
704.39	1912.5
237.5	1411.3
6094.9	2298.4
4187.1	667.62
243.6	1058.1
1249	828.08
771.57	2090.9
1167.2	1763.5
7210.2	2358
1201	661.29
6022	1307.2
5968.5	471.6
359.94	1622.2
6356.3	1348.1
3816	132.56
6498.3	649.62
5861	3345.8
1462.7	4103.6
336.84	2831.1
2750.3	4199.9
244.26	1652.9
5419.8	2535.6
3837	1048
274.53	2615.5
5468.8	376.21
455.2	2905.1
5392.4	2637.7
1203	518.32
5394.8	1221.2
137.87	2498.3
133.7	2486.3
6431.3	1831.1
5655.3	3511.7
448.16	1004.9
473.74	1534.2
2475.8	2003.9
5979.4	1730
687.96	1255.2
2731.8	3663.3
7210.1	2470.1
540.37	2130.1
1202.7	304.94
771.65	1978.6
3059.6	2614.5
252.7	1621.9
6125.7	2314.2
5857.8	259.83
775.7	996.76
179.61	2502.6
1078.8	1144.8
2830.8	44.375
6855.5	671.84
1677.5	672.92
229.34	1181.1
7041.4	2282.5
7328.5	2428.3
327.05	1092.9
527.05	2665.6
4182.6	689.37
3559	53.738
5704.5	2689.2
75.218	2376.3
5757.2	3736
1934.9	367.47
1475.2	2979.3
4692.7	808.5
4096.4	422
7018.3	1265
2248.8	2333.5
485.68	1363.1
1110.8	1009.3
1211.9	1736.8
4167.1	1529.9
5815.4	1773.5
6037.3	1310.1
4217.3	434.71
3170.7	879.44
264.94	1056.5
194.46	1622.4
17.612	3262.9
553.99	1813.4
4131.4	433.57
1269.5	3367.3
6690.6	687.31
4841.3	1794
2957.7	3265.1
5886.6	364.93
6266.6	2168.1
340.81	1089
5766.2	220.19
486.03	1363.6
4345.1	1004.6
1906.7	264.4
6575.4	1509.9
4337	973.67
4179.3	1534.1
5567	251.11
5321.1	4687.6
6094.2	2274.7
617.66	959.77
465.34	2685.8
4365.8	430.77
6497.9	2355.6
6554.4	2461.8
7209.9	2415.7
5380.6	88.794
634.95	1845.8
4015.4	1075.2
2524.1	2003.8
230.46	1122.3
4503.8	469.48
4333	1061.9
6720.2	2137.9
1163.8	828.61
5663.7	1017.7
318.87	1604.8
4010.2	1012.8
1077.2	2877.6
4168.1	696.06
850.61	2784.9
1092.7	1023.9
6677.8	2666.2
1468.9	531.11
1640.4	2939.1
2303.4	727.11
6032.2	2156.8
2243	3985.1
91.871	2499.8
6975.9	1085.3
7195	2027.1
4168	691.24
5821	2161.6
3415.9	345.64
5643.7	1321.5
1014.5	1973.8
272.68	1102.1
2712.6	1559.9
4233.8	1074
5741.5	1287.1
4740.7	793.07
543.78	1499.1
3668.2	3687.8
6501.5	570.69
6203.4	449.34
4287.7	1026.4
4183.8	765.61
7116.5	2271.2
918.38	1202.6
6584.8	2850.8
5356.5	1000.7
3059.4	2661.8
6174.8	1764.9
3569.7	952.04
1055.9	3073.4
777.97	2690.2
4423.6	447.17
317.71	1354.5
1944.1	3276.5
4510.4	462.15
212.96	2604.9
2972.4	730.7
3738.3	1014.5
6492.1	1813.6
4526.4	454.75
1319.5	1757.7
6902.5	710.59
259.25	1108.5
6275.8	471.25
985.36	1649.9
475.33	1526
14.774	1780.4
1963.7	3148.8
3798.5	3774.7
800.42	1341.9
7086.8	1915.9
182.2	1689.3
852.49	1741
75.641	2650.1
5975	1716.2
4168.3	691.69
4872.6	1049.7
2082.7	3071.3
272.27	3697.5
2308.9	153.99
4559.5	667.66
1404	1718.6
934.05	3393.9
5991.2	1272.5
331.96	1451.9
7066.2	2117.2
3663.3	1799.3
3932.6	1074
6130.2	1991.7
4364.8	1067.5
1756	3384.9
296.54	1519.4
4273.7	1310.5
209.48	1671.9
4166.2	621.98
636.55	862.72
2265.1	1619.5
3533.6	2175.6
5375.3	4471.3
3528.1	2641.7
3781.5	1017.3
6520.9	2995.5
1002.9	667.07
451.72	799.16
5608	332.72
5115.1	1379.5
6005	2231.8
5629.4	1805.6
474.55	919.67
6246.4	2537.3
4621.8	472.5
4922.5	243.28
7048.7	3232.8
4902.6	1047
1135.1	1438.1
2734.8	2236.9
219.65	1208
5022.7	61.808
2305.7	1818.3
3018.5	3651.1
6553	2474.5
2028.6	3157.3
5690.3	340.15
4296.6	1022
4903.7	732.09
7286.2	2207.7
5798.4	3843.3
7257.9	2050.2
3135.5	987.68
5334.6	754.97
210.05	1536.3
3105.7	216.86
4250.2	673.8
5926.8	4631.8
7158.4	2369.1
4947	3653.9
2662.2	125.17
2244.9	594.45
1415	3318.7
4028	1033.6
3251.4	4235.5
3917.4	658
7296.1	1120.2
4015.1	988.01
2266.6	3986
5234.6	2120.6
289.34	2138.2
2863.9	1587.3
317.3	1596
7099.9	2373.5
6633.5	3097.7
2891.4	2857.7
4030.3	1027.7
4131	433.33
7208.2	2527.6
6803.4	2469.6
2462.7	794.06
111.14	1483.4
5584.8	1665.6
325.7	1458.2
483.51	1219.9
5095.6	2701.7
3715	917.47
3425.1	157.37
6482.7	2018.1
6072.8	1757.6
2634.1	1822.5
3428.6	1535.7
2419.2	2245.1
4815.2	657.93
790.71	1335.5
184.47	1122.6
3890	577.63
3229	117.78
4070.5	1059.8
6972.9	1080.4
309.19	2633.9
2820	886.89
6658	2533.2
6905.8	2459.6
6275.9	546.93
212.2	1404.2
4190.9	1085
1693.9	329.56
1531.3	2047.3
4207	1056.4
238.76	1205.4
3576	65.542
4132.2	411.93
239.67	1419.2
6737.8	3032
331.64	1315.6
1909.6	311.35
2131.2	2902.1
62.522	2905.3
569.57	1849.2
863.52	3611
4166.6	704.17
1752.3	645.57
969.51	441.94
4053.8	408.63
202.46	1783.4
3348.7	2268.8
258.71	1882.3
7282.9	2523.9
2421.2	798.28
3251.2	4237.5
6638.1	2846.2
7068.1	1269
777.02	2037.6
2328.2	3204
28.742	1646.5
6201.4	1779.2
7119	2489.9
4329.8	648.05
457.82	1543.4
988.69	1632.6
1866.9	2971.2
4936.8	1114.7
809.02	1403.6
3265.3	2955.8
7168.7	1949.3
677.12	1101.3
6640.3	2133
813.97	1402.8
7009.7	2878.3
5639.3	1666.9
4071.9	662.91
2040.3	3185
3988.6	435.25
5177.6	3969.8
239.07	1669.7
6896.7	2615.1
1755.5	2919.3
3898.5	977.57
4351.7	745.86
1020	1426
7311.6	311.61
4076.5	394.42
4802.3	191.47
3040.8	3089.5
1858.7	3042.5
4094.9	1076.8
590.55	2140.7
6978.9	2166.6
2707.2	3200.2
6218.1	1638
2672.8	1784.4
4027.3	1150
32.553	2950.1
6335.5	568.12
1051	2103.2
5851.3	436.77
6024.1	1279.2
2962.9	1985.7
3073.8	2902.9
6753.9	2265.6
380.95	1615.4
1737.6	3552.3
5634.3	865.13
809.52	2015.6
5256.7	1861
3647.9	1782.8
1274.8	2074.1
14.103	2251
6983.1	3044
5170	1749.9
2501.4	1838.2
418.77	1129
1016.5	1789.3
6935.6	721
227.88	1669.4
6804.3	2152.8
1789.8	503.86
91.667	2409.6
2482.6	1823.8
7125.6	2237.3
4500	809.54
3000.7	63.961
226.68	1673.5
1597.5	1709.1
550.14	1846
5390.6	1495.3
4052.4	412.83
4222.4	1063.7
4611.9	473.63
1740.9	1670.9
4089.4	863.02
5769	3771.7
6088.3	1992.1
2021	2966.3
157.05	1065
4216.8	1086.2
3979	405.33
4728.7	668.62
4921	401.3
3736.7	1019
547.28	962.04
3603.8	2004.6
5424.2	866.21
6901.8	2694.3
2574.7	3045.4
3298.7	3101.2
1243.7	2833.3
731.32	1987.8
3827.3	1077.4
1732.6	1774.4
6786	953.46
133.12	2171
7102.9	2396.4
6145.9	1744.8
4717.9	1540.3
741.28	647.56
309.04	1508.8
4239.8	1058.5
3553.7	317.96
5594	1434.2
2126	1631.4
2484.1	3689.4
5103.3	1271.4
5484.6	1863.4
4057.6	1067.6
2481	1866.8
1843	1064.1
1679.6	1683.4
1428.8	3007.3
802.39	2763.6
2436.6	864.88
1233.3	1956.2
758.87	1872
3349.5	1204.7
3287.2	1819.9
498.13	2030.9
3358.8	1453.6
4985.5	2119.7
2730.4	4203.2
756.92	2121.9
1991.1	3921.6
5441.2	879.24
1863.5	482.96
754.54	670.89
7200.9	2034.2
4672.3	1092.9
1472.6	2737.7
7281.8	2331.1
5932.8	408.09
2345.9	759.32
7226.7	2194.1
5714.2	1662
3358.4	2722.3
840.76	2914.1
6111.5	2884.4
5550	1701.6
181.1	2516.2
3038.4	3076.6
6735.2	718.63
1620	2927.8
4172	1063
5300.7	1847.4
1603.9	1996.4
1475.3	4146.5
258.81	1963.9
580.47	2885.2
4495.5	1005.8
1273.3	947.05
6028	1277.2
3688.6	987.57
365.18	2371.8
7024.5	1603.2
5888.2	1837.6
3430	3612.9
4702.4	1141
1594.3	382.45
5656.3	1909
1540.8	1702
4439.1	1548.4
2250.1	2007.2
590.48	2154
332.07	1318.5
354.42	1026.9
2263.5	1853.1
4740.2	1546.8
5891.8	2075.8
4006.2	424.98
503.19	1453.1
873.92	2600.9
7332.8	227.73
1479.7	1930.7
2607.2	2972
7040.4	1577.8
749.26	2535.8
4954.9	746.13
67.454	2773.6
935.99	2876.9
5828.4	284.09
6910	2721.4
3067	2701.3
6203	1757.6
101.28	2274.3
7093	855.47
6685.9	1528.7
1413.5	1726.5
7307.8	2543.4
1144.6	2087.8
7091.4	2518.6
200.29	1641.9
3358.5	1453.2
2297.9	851.26
3246.4	2961.4
4047.7	591.71
6003.9	355.94
510.4	908.02
1824.1	630.15
1240	3072.9
5815.3	3449.2
1230	3071.1
151.66	1652.5
2583.8	3390.7
6249.4	1562
2561	111.23
823.62	2525.7
973.84	3322.2
5363.7	983.68
4439.5	685.45
5639.6	1906.7
1420.7	1713
469.47	1653.2
2974.4	1548
1261.3	482.95
1465.2	2775.6
2866.1	2402.9
1162.3	2282
1473.6	422.3
6179.2	1587.9
1891.4	315.41
621.17	905.03
5902.8	1938.3
203.31	2596
4087	593.61
3900.2	1494.9
3154.5	708.14
4181.3	670.21
3844.3	3952.2
1039.4	2072.9
1877.9	1883.4
7113.8	1763.7
3202.6	2943
5209.9	1097.8
1183.2	1425.3
3529.1	36.827
3952.3	2681.4
4548.1	1781.1
3893	640.19
5182.2	1753.4
2798.2	1990.7
7149.4	3764.5
4533.1	1008.8
5681.7	1652.9
1411.5	3329.2
4071.5	1059.2
2555.8	1835.2
330.25	1705.5
574.35	829.78
3596.3	326.2
1441.8	3188.5
3831.9	1319.3
6180.1	1587.6
7278.9	2181.4
631.71	812.4
4428.1	667.62
1545.5	3009.1
1586.4	2013.6
3091.7	2952.3
2389.2	800.28
3361	1146.8
2219.2	823.03
394.05	1503.3
4823.4	848.66
3101.9	2959.1
4692.2	678.76
4070.2	791.18
183.31	1626.7
3869	303.88
7098.4	2563.7
4090.9	1053
1590.1	360.92
1085.8	2083
1425.3	1940.3
3193.6	705.4
5301.1	1849.9
2068.4	3132.9
28.696	1663.7
3362.5	3620.9
2030.4	1064.8
331.58	1316.4
6889	902.99
163.5	1147.6
4154	669.08
3006.9	678.82
3124.9	2947.4
144.98	2666.9
7174.1	2767.8
7326.3	2781.8
4593.3	453.76
3223.3	2948.3
2277.5	3984.4
5828.9	1692.5
2945.2	302.23
594.42	2056.7
6636.8	394.22
530.24	3035.2
