4030.8	2386.3
4048.5	2401
3560.5	335.53
2978.8	177
1758.4	2877.3
2421.1	1030
2848.4	970.64
2494.5	905.14
2848.5	970.34
2417.3	985.48
2419.1	985.43
1968.3	2966.2
1778.1	1102.7
211.61	2707.8
3200	960.94
2053.8	1070.2
2490.1	256.33
1713.2	1154.2
2702.6	876.3
2755.5	959.75
2704.8	878.23
1607.8	258.54
979.35	1949.6
3200	961.26
2745.6	946.21
1466.5	2505.9
1404.6	346.15
3191.3	914.87
1493.2	1176.8
688.26	2000.8
3388.9	1558.9
2660.9	73.185
1775.9	1107.4
2881.9	58.929
1975.3	2009.9
3201.3	913.33
1581.8	1837.5
2427.2	1017.9
1500.9	303.86
3187.2	918.2
1957.9	265.22
1606.1	258.66
1812.6	2865.7
3387.8	1558.1
1279.1	1173.5
1844.5	984.8
1716.7	216.6
2724.7	2512.2
1912.5	1765.5
3242.4	2025.6
2393	915.42
926.48	1299.2
1830.3	176.45
639.99	1498.3
3274.4	1610.3
2094.9	959.51
2234.3	564.1
1500.4	303.51
608.31	2762.6
2758.7	837.28
1235.7	875.68
2981.5	1791.5
3191.6	947.91
1678.3	713.67
3045.9	2788.4
2882.9	481.37
1541.8	1087.3
2492.5	492.55
1366.6	2934.9
1715.6	216.95
1367	2935.5
2452.5	544.57
1348.6	1113.1
2089.4	94.815
2193	112.24
1158.5	1998.3
3187.4	802.07
2057.8	944.96
2047.8	1077
2454.2	543.54
2060.8	147.06
2434.6	879.47
2242.6	2973.7
1556.7	2035.7
1592.7	392.45
1382.6	819.33
1956.2	133.62
1236.3	875.52
3182.3	440.59
2902.2	480.4
1146.8	1922.7
1294.5	2039.4
3583	321.35
1892.8	950.48
1558.1	2037.3
3202.1	926.52
1766.6	1050
1005.3	2728.8
1547.6	2036.7
1363.1	2051.4
2432.9	987.74
1361.3	2054
1207.2	382.61
209.03	1524
455.2	2905.1
2737	837.55
1503.2	1173.6
462.17	2839.5
3536.6	345.47
2133.7	129.29
2057.6	944.34
1836	669.2
2440.2	526.16
998.56	2712.6
3182.3	439.32
3422.6	215.21
3270.9	1980.9
835.71	2006.2
3177.1	440.43
2004.4	194.83
4199.5	824.27
3172.4	438.87
2715.9	789.81
3081.5	2280.9
3125.3	970.54
2476.2	39.925
1613.6	2906.1
1239.4	871.75
180.46	1712.9
2049.4	144.98
2469.3	522.08
1765.9	1999
2182.7	109.27
601.54	2744.7
2757.4	948.52
1319	2029.9
2135.4	156.98
2003.6	165.15
2727.2	905.55
3393.9	1007.6
2408.9	1011.9
3082	2176.4
2382	975.49
2470	542.29
3236.5	1869
1366.7	823.17
3077.3	2412.3
1544.6	2034.9
2107.4	919.67
1723.3	874.03
1585.7	311.23
2352.4	1046.8
3383.4	1006
3123.9	969.31
2354.3	1047.6
3398.3	743.19
3420.9	299.81
2333.5	136.09
3420.4	299.57
3410.5	505.08
416.47	2795.7
2469.9	521.57
447.54	2688.3
2918.8	86.435
2038.3	945.86
1649.3	317.82
1352.4	2040.8
2416	870.52
2551.6	136.11
2425.1	111.85
3079.1	2534.8
1759.2	245.82
1727.1	1166.5
3079.2	2306.1
2029.1	1012.3
1725.4	1164.9
3082.5	2317.4
1590.9	1888.8
2380	972.91
2959.3	154.75
1591.5	1887.2
3081.5	2381.8
1234.4	889.23
2048.4	144.36
3082.9	2425.5
3048.3	70.433
1767.9	423.22
2332	1573
2937.8	82.129
1746	1093.6
1009.4	743.86
1254.6	1290.7
1834.5	1812.4
4156.3	425.85
84.73	2744.5
2067	140.62
3271.8	2296.6
2801.4	90.007
3225.7	1952.5
1775.8	1995.6
194.11	2563.1
3583.8	1313.1
1775	2861.5
2439.7	788.63
145.16	2796.4
275.66	2616.8
784.32	1950.1
2312.3	740.62
1553.5	1156
4328.6	1057
2025.3	906.61
1862.6	630
2070.1	29.513
2752.1	903.29
1352.9	1914.3
600.08	2047.8
1452.9	573.15
3061.1	57.455
429.99	1975.5
2331.7	2917
3202.4	870.29
1281.6	1241.7
1225.8	867.86
1926.8	168.08
2102.5	85.197
3059.6	2614.5
2530.5	927.47
1938.6	181.2
2228.4	519.46
1863.3	630.44
2122.6	137.22
1965.1	64.209
1972.5	124.89
1730.9	1773.1
1827.3	111.36
2427.5	944.45
3229.5	2954.6
1827.5	950.33
2054.5	126.15
1680.5	699.95
1556.3	2019.3
969.42	2112.1
1183.5	2921.2
2811.3	75.044
2920.7	61.016
1713.1	153.76
368.47	1987.8
1953.7	67.641
2558.8	149.91
2845.5	732.87
2102.9	243.02
3064.4	55.577
969.3	1957.6
1037.8	1945.9
334.35	2805.3
1787.4	1068.1
3401.6	635.88
1941.4	69.461
2441.1	164.99
3358.5	1488.4
1362.2	2036.2
2480.8	824.8
2188.9	90.616
1604.4	198.39
365.47	1324
2045.9	1031.2
2913	463.55
1838.8	108.05
3877.1	1018.8
1721.3	150.19
3271	2403.6
1977.5	936.23
2311.1	740.04
1732.7	1770.6
1818.8	911.46
1336.9	1046.8
2844.5	731.41
1321.6	2046.5
2658.9	1582.1
4149.7	698.58
3182.2	387.39
1002.4	667.66
194.1	2562.4
738.31	1104.3
2241.6	548.79
1999.6	272.62
1364.1	2034.4
1534.8	2001.5
1335.1	1045.7
977.49	1181.6
1362.2	2882
2361.6	992.33
2673.4	765.74
2722.1	1801.2
3880.7	111
2400.3	142.01
1324.3	2046.3
2200.5	105.34
1795.4	1126.8
1581.8	400.95
1334.2	1045.6
1940.6	68.887
3099.3	1816.1
3076.5	69.337
2197.2	562.54
2778	892.28
1825.1	1792
1905.7	317.57
354.66	2782.6
2659.7	125.8
2416.9	145.58
3098.7	1815.9
1765.6	1116.7
3064.9	2297.4
2513.7	225.53
2285	1851
1525.1	1121.6
1203.4	2960.1
1018.8	2063.2
355.32	2782.4
3199.9	925.94
1798.5	206.56
2425.8	85.228
137.87	2498.3
1027	2055.5
797.94	784.68
76.543	2220.1
1816.5	112.72
2149.2	835.7
732.28	2837.5
2393.4	136.18
2116	1033.5
2475.8	2003.9
1559.7	2021.7
2401.1	1001.4
1064.5	607.63
179.86	2518.9
2464.1	811.23
2663.2	816.42
1126	2050.8
3354	1557.7
3071.9	186.64
1734.7	1133.5
1983.3	881.5
2461.8	952.88
2422.4	172.84
1994.9	278.92
1166.6	619.97
2091.7	157.43
2117.5	1034
1261.8	1259.6
3014.7	646.23
3370	1191.9
2285.4	1850.7
2056.2	1030.4
1388.4	292.82
976.42	510.62
2732.7	962
1108.5	1250.1
2360.8	992.94
2062	126.39
2137.2	136.86
3353.8	1556.9
3874.1	2527.4
2998.9	2342.3
2290.8	731.14
2777.4	893.87
1009	2803.6
3063.1	2508.7
2040.9	875.27
4016.4	1066.4
2041.4	876.27
2380.8	2921.2
2753	904.44
1766.6	1116.9
2176.4	125.34
2391.8	134.35
2427.6	944.92
2419.6	1020
2050.2	925.37
1328.7	2045.2
3878.5	942.83
1273.3	1983.2
3212.7	897.98
3175.7	929.76
2889	49.256
273.03	1978.1
2555.3	86.783
1992.5	174.29
3110.2	1547.1
422.11	1017.8
3935.5	430.72
855.78	2001.2
679.88	1887.6
1700.1	154.78
3875.3	2527.8
821.08	763.81
252.1	2673.1
1095.2	1267.4
1039.3	2949.7
2451.6	798.25
2465	777.73
1591.9	200.25
2475.4	469.13
2753.6	929.88
1550.5	428.66
279.99	1148.9
2887.4	48.471
2106.3	214.17
2489.3	112.84
2437.1	1998.5
89.591	1678
2468.2	475.11
1782.4	1087.3
1554.7	1888.6
2658	128.85
284.7	1970.5
3079.8	41.49
2688.8	836.06
2730.7	962.33
2678.7	823.19
4014.4	1066.2
2731.4	962.33
1924.7	2028.3
1555.8	1887.1
2678.2	127.49
1449.5	1023.9
91.825	2317.3
1760.9	1117.4
2112.6	250.69
2093.9	260.44
1268.1	1933.8
2187.9	182.73
2085.4	2010
805.41	1365.5
2517.9	1610.4
1699.3	154.04
1115.6	2043.9
1267.5	1934.3
1710.9	1976.5
1510.7	2037.7
630.42	1520.5
3866.2	170.29
493.81	1518.8
2873.7	451.89
3524.5	2526
2755.6	930.64
2479.5	980.75
2893.9	54.899
2389.4	134.6
1370.4	1731.8
3206.2	1795.7
2478.3	979.77
2408.6	1001.6
152.87	1715.2
3552.1	1757.1
2932.6	23.566
2353.1	1597.9
3270.3	614.42
257.07	1884
2232.2	839.15
2030.4	1064.8
3521.5	2154.9
1710.9	1673.7
1334.3	1199.1
1723.9	882.29
2099.4	42.932
3177.7	827.24
2472.2	967.8
2531.7	2930.9
3524.6	2526.3
2510.7	247.1
1364.8	841.11
845.44	590.19
3534.5	2160.9
1641	1912
2510.8	227.47
2434	850.79
1729	862.54
1539.6	2434.8
3406.4	1702.4
2405.6	76.737
1551	1890.8
3878.2	2158.7
4323.1	402.23
858.29	584.44
3785.8	99.514
3348.9	1915.3
1309.8	1125.5
2561.2	120.42
293.07	2206.3
1024.8	2081.2
2315.7	2004.8
1456.5	2024.3
2672.8	1784.4
3031.4	652.07
3437.6	1588.2
781.67	2682.9
2482.6	455.35
3093.1	789.6
36.062	2680
2726.4	962.92
2305.7	1818.3
2489.7	988.81
1244	1939.1
2403.8	74.616
3099.5	1149.5
2644.5	83.891
2651.1	1576.4
2180.5	197.44
2443.8	521.68
2943.5	2397.4
2092.4	143.46
516.01	958.13
417.66	1141.6
1518.2	1086.6
3882.8	2159.4
3063.5	28.038
2584.9	1969.6
2675	136.18
157.18	1831
1639.3	1823
3180.2	866.28
1517.7	1086.5
970.87	1315
3237.1	714.65
1469.3	1017.1
1385.4	2869.4
1829	1086.2
1249.5	2891.3
2584.7	1969
1841.4	1098.2
2303.4	727.11
781.92	2683.7
3544.4	2640.8
1447	1998.4
2065.7	119.37
3099.4	1153.6
2901.9	2868.7
2969.5	1558.8
4044.2	1501.1
2438.7	956.75
1249.9	2891.8
610.84	1545.3
429.11	2535.2
3160.8	434.42
1819	284.85
2438.4	175.54
1902.8	325.38
1629.2	1785.4
2859.2	1568.6
882.54	2050.2
2609	1918.1
2409	1029.7
2859.1	1568.2
1874.8	2594.4
914.9	1373.6
1802.9	1012.9
1248.9	881.29
1579.9	2052.4
2450.2	133.71
2676.2	824.64
2433.8	549.84
3027.2	634.29
1638	361.46
1348.9	1222.2
1136.2	684.55
2409.7	942.21
2739.3	1990.9
2457.4	1994.4
1802.3	1013
2459.8	849.12
2326.3	132.02
1318.2	1752.2
2078.6	993.78
429.67	2535.3
2567.4	117.6
965.84	1222
1337	390.35
663.62	2139.6
1710.4	1965.3
1767.9	914.2
1674.1	650.56
1635.4	360.39
4279.9	216.39
2008.2	235.86
2435.5	183.38
2437.4	967.45
2460.2	848.85
1527.5	308.78
2313.1	726.63
2317.9	727.32
2020.2	2968.5
1550.4	1903.9
2988.6	31.966
1557.8	2367.2
3099.6	702.58
2329.9	876.51
2695.1	57.808
3207.7	891.92
1924.7	392.88
2985.2	657.51
2311.2	875.48
1816.6	973.12
2305.9	725.51
3150.5	462.15
2626.6	1982
2918.2	2411.5
1633	391.99
1325.2	1109.8
1828	908.04
527.05	2665.6
1769.3	2918.3
1906.7	264.4
3020.1	659.87
2646.8	1812.2
1747.9	873.3
2701.9	936.13
2335.1	741.1
1774.1	1062.2
3220.7	63.814
3077.6	1535.7
1318.6	1755.1
4034.9	1510.7
1664	1970.1
804.12	2928.1
2891.6	176.09
3199.9	1561.3
1086.2	2084.9
2105.4	1036.2
936.03	1802.5
2493.2	803.58
2042.2	880.79
3050.7	643.43
2284.4	745.13
1390.7	785.78
1154.1	579.21
3869.9	2644
2345	44.337
1618.7	1971.5
3053.9	652.8
3020.2	633.18
3369.1	22.847
362.22	2546.4
3024.3	648.62
643.25	2142.7
532.7	1229.9
4198.3	794.32
2370.8	128.13
2833.9	2666.1
1144.1	2668.8
1766.9	259.74
3072.4	1535.8
2901.9	156.14
1962.8	272.14
2199.7	81.168
3344.1	1510.8
3071.3	34.088
1085.8	2083
2704.4	833.66
1861.5	1967
2275	751.5
2383.7	1829.4
2395.1	130.33
1492.1	2033.3
1552.7	423.07
2021.6	1827.4
271.22	2216.3
2561.5	99.583
1805.2	970.55
1949.1	176.12
3833.5	1318.6
1689.7	1009.8
1720.5	359.83
2701.7	89.497
2706.1	829.74
3869.3	2643.3
3695.7	2323.1
3523.2	345.36
2393.8	159.04
2118.2	1936.7
2221.4	165.23
1431	349.22
2587.6	1807.2
1298.6	530.38
2017.9	243.93
342.4	2365.1
2427.5	140.87
1641.6	361.93
1042.9	655.12
1257.5	1014.1
2003.5	265.16
3051.2	644
2425.8	959.17
1828.1	905.21
1064.3	1951.8
677.11	1422
2009.5	187.65
1827.7	1839.7
2606.2	1961.9
1837.9	1678.5
3575.5	1317.9
2026.6	925.33
731.75	2107.8
1806.7	1960.9
1081.7	517.23
2911	1951.9
3017.7	663.98
3102.2	245.21
1836.2	907.68
2219.9	1598.5
2700.2	910.84
554.54	1174.3
3472	1538
3356.1	1194.9
3285.9	871.43
825.44	1982.2
2747.9	966.3
2125.1	115.31
3126.4	706.95
2912.5	1952
1318.8	1107.7
2586.4	1805.3
3605.1	2033.9
2863.3	2661.5
3344.5	2401.1
3184.7	821.46
726.71	2831
295	2171.5
1539.1	2393.6
2115.4	221.89
3252.1	153.22
2602.7	1960.7
215.02	2585.3
1982.3	365.69
3065.2	2254.9
1902.9	298.14
1791.4	1739.4
2903.1	1978.8
3120.1	409.17
2428.2	77.384
2048.7	1079.1
1714.3	2029.7
939.21	1313.8
1598.3	400.65
1896	292.2
3007.7	2116.2
3024.8	2747.8
2992	649.63
2604.4	1960.5
1653.3	2045.6
2244.9	594.45
4227.1	1087.4
3797.5	2041.8
3797.6	2041.9
411.39	2688.2
134.72	2557.7
2169	828.16
1508.5	2654.8
3031.9	1461.4
3241.2	1806.2
3629.3	1913.6
4042.4	1081.6
1830.1	694.35
1153.9	2079.3
2097.4	2975.2
2524.3	2001
2484.1	533.54
2537.2	1999.2
1593.1	2034.2
1471.5	454.63
2027.6	924.9
2528.1	94.009
810.96	2124.5
1480	1099.3
1791.5	1739.2
2205.9	92.816
2228.1	218.3
384.95	2151.4
1031.9	2360.1
1653.5	365.79
2219.7	1824.2
2093	2971.9
1943.4	2028.1
1642.5	2032.9
1288.4	1218.4
627.73	2144.6
3596.3	326.2
3941.2	387.89
2397.7	857.03
1810.5	326.36
2701.8	813.47
2451.1	843.69
2301.4	699
1883.7	2585.1
1231.7	2409.3
2672	826.88
3392.7	2731.2
1216.9	2420.5
2328.1	797.92
2400.7	856.11
155.39	2167.3
1055.7	2058
2335.7	1847.8
2567.2	225.98
2334.8	793.61
3590.9	675.33
2338	27.256
2420.5	1046.4
1584.7	2397
3274.3	866.44
2390.5	999.77
726.5	2830.8
2914.1	165.75
251.28	2139.6
2785.3	1982.3
2359.2	711.31
2393.5	157.78
1917.9	248.1
2684.4	89.814
1948.5	164.75
2372.1	117.99
1658.9	308.05
1297.9	1921.6
1100.3	694.37
1125.6	1929.3
2637.7	75.713
1258.3	1242.4
4121.4	382.05
2326.6	710.5
1800.5	323.94
3402.6	596.91
1989.5	2883.8
1598	300.34
1398.8	825.92
2067.4	968.92
1676	632.16
256.52	2343.4
2447.8	120.43
134.85	2557.6
1539.3	2386.5
2281.2	2258.2
1405.3	2884.6
2643.6	67.07
302.92	2475.4
1289.7	2437.8
3905.3	1782.3
1494.6	1958
893.04	718.72
1806.8	2027.2
1814	345.46
1490.9	514.06
2156.3	969.21
924.95	1611.6
1814.6	342.38
3598.3	437.48
469.06	1933.9
72.049	1676.3
3059	2769.9
1656.2	282.78
1721.2	888.51
186.93	2287.1
1432.4	387.21
624.64	2103.1
1898.8	297.49
2523.5	1817.5
2140.2	149.86
1788.4	318.31
2030.2	2367.1
1466.1	2038.8
1598.5	399.63
21.353	1669.7
3353.7	1167.9
3225.6	614.87
2897.8	64.319
4334.1	1837.2
2441.3	173.21
3064.2	621.62
2033.7	2968.2
1787.1	318.9
1997.2	267.02
542.79	1498.4
2589.8	1955.5
1838.4	929.44
2149.8	982.09
678.72	1213
3006.8	886.7
3928.5	1079.6
2258.4	78.117
3369	917.23
141.2	2277.8
3901.4	1514
2746.3	817.65
2502.2	1865.9
1778.1	321.8
2290.3	675.61
594.42	2056.7
1570.8	2042.1
1641.8	405.39
2066.7	959.83
2511.2	13.521
1068.5	2087
2139.9	796.47
2045.5	2889.2
1396.8	329.97
603.27	869.76
875	1572.4
1930.4	2859.9
2400	955.31
3401	424
3585.9	758.76
1707.6	247.97
1079.9	2044.4
574.29	2110
374.04	2158.2
224.13	2029.9
1465.9	533.4
2389.1	789.43
4299.3	1090.7
1925.2	1877.9
3801.4	1922.4
2373.3	604.32
1495.3	1543.1
1770.3	266.01
1558.1	437.74
1917.7	247.34
2452.2	489.07
3400.3	424.18
1479.7	1930.7
2873.7	722.27
1891.9	2754.8
1492.1	2031.7
3154.5	708.14
1834	301.9
1714.2	1097.9
2197	973.62
1881.8	2796.3
2376.6	934.31
2375	717.82
644.98	2149.5
3781.6	2254
3178.5	839.18
1139.4	2076.7
3329.9	2177.9
682.02	2042.9
2988.4	651.3
1116.4	2081.2
943.34	654.03
2744.2	15.963
3225.4	615.01
3926.9	1081.3
3106	237.75
4060.9	387.16
175.62	2833.7
2407.3	2489.5
1457.1	556.58
1176.9	1088.7
3339.3	1484
2333.5	597.35
578.64	2161.8
773.54	994.46
690.1	1352.8
3927.3	1084.8
2537.4	1835.3
1073.7	2294
1587.4	942.62
1268.8	948.76
948.08	1201.3
2882.8	1918.1
2421.3	2244.6
2217.7	225.85
2279.1	743.84
2356.2	49.831
2426.9	528.99
2519.1	94.799
1237.3	2826.7
586.16	1824.8
1319	1151.7
3057.7	869.89
2984.2	252.85
2495.4	103.62
1431.1	2886.4
4302.2	1061.9
1221.2	1086.7
2034.2	878.39
1278.5	2414
3005.8	2381.3
2550	104.99
3592.9	595.13
2999.5	663.41
1144.6	2087.8
2195.6	1632.2
92.131	2041.2
2107.7	243.8
1804.5	2005.4
2195	974.16
1589.7	946.86
699.91	2148.3
1132.5	1938
1226.5	2432.8
1391.8	2277.6
3094.3	508
2844.8	38.01
1472.6	2737.7
4123.1	39.445
567.62	1901.4
2383.6	2315
3878.8	416.61
777.02	2037.6
1675.7	1890.6
1058.5	2095.5
