1279.8	2704.7
3129.9	2796.2
2319	1931.9
1454.7	2140.1
1098.1	1916.7
4984	568.98
1446.9	2197.4
1270.5	2662.1
1329.4	2822.6
1472.1	2198
1172.5	998.65
6367.6	2914.9
4016.1	2840.8
4031.4	1991
1358.4	2826.4
1443.3	2140.3
3623.4	2592.7
3037.5	1713.4
2311.7	1938.3
1268.6	2497.8
1451.5	2190.4
1377.8	2882.9
1573.4	894.53
29.482	2516.7
6514.7	3069.5
104.48	2125.8
1284.4	2653.9
1570.9	895.65
447.11	1376.1
5090.3	1913.7
977.51	1437.4
1413.9	2127.4
1424.7	2099.7
592.02	1297.6
524.9	939.11
5100.8	1895.9
214.01	1579.3
4074.4	2352.6
861.93	1143.2
38.347	1512.2
1194.5	2033.9
5192.1	1475.1
862.74	2071.5
5193.6	1500.9
36.297	1513.1
1345	1959.7
2839.9	2594.6
25.137	2507.9
4256.5	2128.1
5530	2645.2
4500	2674.3
1256.8	1020.8
6599.5	1823.7
2950.8	1237.2
915.53	2322.8
1441.6	2165.2
905.12	2705.4
7246.3	2238.1
1083.6	1155.7
5162.9	2525.6
6812.2	2800
1166.1	2099.2
1414.4	2118.7
1163.8	2094.9
6985.9	2967.7
551.97	2460.2
5204.6	1685.7
1197.3	1044.4
1274.5	2634.7
5220.4	2181
6221.2	86.278
269.89	2395.5
5064.6	1066.9
3469.5	2535.7
629.49	1271.3
796.05	1282.2
914.31	2480.4
1284.3	2134.4
66.956	2046.1
263.15	2441.4
1583.4	1543.4
7273.4	1544
599.76	1294.9
813.82	704.19
5153.3	2172.1
5092	1979.9
2231.8	1424.5
5085	2232.4
4063.8	1985.9
1217.7	998
5120.6	2224.5
462.12	2167.4
315.21	2063.8
589.78	1291.5
5083.5	2042
261.2	1165.9
5110.6	1910.8
7293.3	2243.8
1283.8	2634.3
6065.1	2289.4
5781.9	20.651
1341.7	1893.6
1430.2	2191
5152.3	2150.8
4468.1	2009.6
7076.9	2195.3
1397.1	637.24
5077.5	2153.5
6721.8	2773.9
657.05	2415.3
4363.5	1833.4
583.16	1108.2
1543.4	2218.6
429.38	1461.8
328.89	1494.4
6665.1	1587.9
6722.5	1700
6973.6	790.07
409.02	2273.5
159.54	2275.8
5128.5	1951.8
197.35	2096.8
1265.5	2330.8
2381.7	1887.2
5092.1	2392
4367.4	2306.2
5081.8	1941.5
5094.7	2125.1
1051.4	797.26
468.93	1375.1
510.07	2183.8
634.05	1265.9
658.52	2324.3
931.7	2114.4
5025.2	585.22
191.72	1396.1
649.74	1247.2
2986.6	2874.8
1098.3	2596.4
474.86	1171.4
5090.3	1178.2
5138.3	2059.2
1844.5	2960.9
1251.5	1903.6
805.61	1322
706.46	1778.6
5138.9	2056.4
399.86	2270.9
5211.2	1654.8
4462.8	1736.1
5185.7	1490.4
937.94	2369.4
636.33	664.16
6821.6	2148.1
895.4	1178.3
7171.2	2698.3
7215.1	2654.9
568.27	2703.3
4719.3	1833.9
1116.9	2487.8
6564	1537.8
5240.8	2235.5
656.76	1299.3
438.11	2032.6
5201.6	1566.9
5079.2	2527.2
91.628	2123.5
243.45	2457.3
1189.1	760.14
684.03	2715.7
4116.6	1731.7
3389.7	1960.3
1454.6	2117
1226.4	366.68
657.63	2485.6
2916	2847.6
4910.3	1726
76.365	2271.8
5113.5	1362.8
4321.3	1716.7
4636.3	2391.4
657.04	2484.4
659.77	2387.7
286	2388.1
1349.9	1306.3
3147	2679.1
5089.8	2464.1
1096.8	2077.1
558.45	1785.7
1354.5	1603.7
1372.5	2588.4
1367.7	2633.6
468.34	2264.5
1274.7	2635.1
1524.1	878.76
4621.3	2284.3
1366.4	2604.5
6830.9	2310.1
122.81	2458.8
588.85	1587.7
5142.7	1929
6977.6	2990.6
158.63	2263.6
878.6	464.34
4447.3	2335.7
1530.6	1932.4
105.07	1220.1
842.37	2102.6
577.42	2142.6
1120.6	2137.4
43.602	1647.4
658.87	2490.7
1210.6	1141.1
544.45	1939.5
7224.9	725.9
1115.1	2397.2
1093.1	1153.6
662.22	2357.1
328.65	1477.5
1430.8	2138.5
6891.5	3099.8
4366.7	2062.9
5161.7	2359.3
4640.4	1842.2
1228.5	2698.6
663.38	2428.1
1436.2	2133.1
1460.3	1837.4
550.74	2035
1431.3	2207.3
907.05	2748.4
5301.6	2323.3
418.17	853.27
570.97	1936.5
4892.8	2761.1
6571	170.35
5227.9	1776.3
647.97	1198.2
977.46	2258.7
419.02	1430.1
6951.8	450.74
780.5	2442.7
5068.4	917.34
5072.5	2503
1455.2	2094.3
746.66	588.41
157.22	2296
269	2446.6
1093.8	1895.5
498.65	1878.9
7139.5	1153
1885.8	62.078
1533.1	2304.3
760.67	1355.5
4268.3	2600.2
6908.9	2321.9
5140.8	1924.8
5154	2187.6
1282.8	2693.3
5144	2488.9
7215.2	2846.7
800.22	2262.2
941.79	2930.2
1777.1	1227.9
1462.9	1041.1
5090	1931.6
73.787	2302.3
5133.1	1706
5209.6	1667.2
1407.6	655.48
1467.5	2138.1
5191	2276.2
1317.8	2730.2
5686.2	2870.5
1477	2063.2
4505.2	2324
622.35	1993.2
5120.6	2360.6
4592.1	1464.9
127.64	1086.4
1211.3	1017.1
570.84	2213.1
418.11	2159.8
4605.9	1684.1
887.01	1163.8
4411	2621.9
7220.6	1482.8
1960.1	1122.3
535.83	829.9
973.73	1705
581.44	2200.5
199.8	2094.3
1423.8	2122.6
3236.5	2866.1
661.02	1201.8
31.123	2357.8
6792.1	2671.5
554.15	2439.7
3452.3	2350.4
1087.2	1914.8
669.69	2170.3
4992.6	1705.7
6081.8	3287.4
1529.6	2495.8
838.36	1260.7
3948.1	2427.6
570.34	2272.1
6731.8	2267.9
1533.2	1930.6
1500.5	2878.4
713.67	1781.9
2691.3	747.08
6859.1	738.84
1933.1	1559.3
6664.1	522.8
5324.1	2335.5
3889.2	2215.7
939.26	891.95
1274.2	2079.5
967.61	520.66
3069	1492.6
6193.5	69.817
1287	1119.3
6001.7	1279.4
6178	1049
7315.8	2361.7
1771.9	108.87
5084.9	1992.1
6783.6	1595.2
5187.4	2218.9
572.37	1994.8
1513.2	2823.7
1219.8	1667.4
230.7	2613.1
4598	1084.3
6738.8	2608.7
7027.1	2980
5952.7	2308
7155.8	2434.6
1112.6	2520.8
1293.6	2606.6
6679.3	919.61
126.15	2108.1
7217.1	2719.5
1880.6	3174
659.06	2116.9
6684.7	2188.8
5168.4	1607.2
573.19	1372
7109.5	2637.9
5130.2	2364.9
7243.9	2890.8
323.19	2272.3
577.42	2265.5
5081.2	2523.5
1195.9	2025.7
81.577	2265.7
6725.8	660.09
697.86	1022.1
1553.3	2590.2
4215.1	1580.7
1266.9	1316.2
7301.2	2307.3
433.5	913.8
6103.2	3288.1
5856.3	2292.7
4044.8	2842.6
7195.1	1585
1476.9	237.67
1382.6	2206.6
4594.4	1810.9
6952.9	410.89
5912	1136.3
1490.2	1584.4
3977.2	2158.4
5377	2698.6
5086.9	2261.6
1372.4	2686.7
3437.9	2254.2
2234.4	1474.9
5050.4	846.2
328.3	2178.4
4434.9	1447.9
5088.7	1879.8
1429.7	2124.5
7178.5	2200.1
4419.4	1844
5145.4	2413.3
5811.7	2311.6
1134.3	2240.2
1375.1	2617
2971.7	2869.8
1439.1	2127.7
1363.8	1618
6321.1	334.99
5214.8	2338.3
7134.6	2207.1
4628	1836.4
6017.6	2590
608.34	2123.9
1367.1	2926.3
6984.9	1289.4
1488.2	231.21
1232.4	2778.1
5447.6	3219
660.55	1061.3
645.11	2723.7
5214.3	2167.1
330.13	2180.2
1270.5	2687.7
1124.7	1855.4
6711.4	430.55
4594.7	1535
1474.5	2206.6
187.75	1586
5083.7	2603.8
1588.7	1763.2
5064.7	1593.8
1469.7	2077.6
6068.9	2603.9
6083.4	455.85
6393.5	3244.8
6084.1	3005.7
1461.6	1087.2
6013.9	1269.6
4171.1	2358.6
6851.3	1886.8
898.33	2275.1
971.28	1883.9
748.76	507.05
990.89	1870.9
484.91	1446.6
4995.3	695.31
1887.7	2951.7
4158.5	2065.3
1320.9	221.03
7132.9	842.16
1104.1	2857.2
666.37	1303.1
928.36	2489.5
2715.2	763.81
706.07	1943.3
6802.7	1713
4143.5	1991.6
5090.2	1022.3
5117.9	1865.7
1711.4	132.64
6315.7	2611.2
5122.5	1974.7
485.34	1406.7
1595.1	183.66
4364.5	2351.7
6555.9	2939.6
2291.2	2244.4
2912.9	1461.9
7020.5	2925.5
1509.9	2204
5068.5	2164.8
1354.8	2757.8
1228.2	2053.4
5147	2513.3
424.32	1873.6
654.38	1215.9
73.921	2206.2
1129.2	2500
5415.9	2315
909.5	1227.1
5352.1	1392.1
5333.1	2327.1
1804.6	97.257
239.76	1935.5
1344	922.63
1165.4	2048.6
5296.2	2926.3
6728.7	2651.8
4825	1644
1124.4	2499.4
1223.3	1891.1
790.67	679.97
5870.5	429.52
932.85	1428.7
6181.6	66.023
4884.1	2308.9
1384.8	2677.5
690.21	713.16
702.39	2404.2
616.84	2665.8
1436.2	2081.4
1338.6	306.87
4447.9	1590.8
2266	802.52
4718.1	1821.1
1427	2862.3
1249.1	1845.1
5091.6	1899.7
6854.7	2016.1
4615.5	1060.1
4820.3	2745.3
1501.6	227.63
1448.1	2147.6
702.7	1933.9
7085.3	2155
461.23	1367.3
1277.9	2806.7
6029.1	2611.6
4656.7	1559.7
3880.2	2884.6
1573.1	1877.9
5105.9	1986.7
6490.3	1142.6
922.75	2417.2
98.251	2098.1
4730.9	1112.2
5163.1	2422.2
7023.2	3124.9
5417.1	2311.3
3999.9	2229.1
682.03	2111.2
5196.1	2346.2
5136.9	2425
369.94	892.86
5966	2289
1357.8	2750.8
7101.9	1085.8
2948.8	1508.2
5075.7	1894.4
7213.6	777.01
1146.6	1864.8
2096.7	686.13
6295	2222.5
2713.6	2540.9
646.71	746.65
7290.3	1273.1
1217	1098.5
4317.7	1845.1
6880.3	911.32
5100.5	2473.7
80.492	1505.4
136.77	2508.4
593.22	1315.4
1815.4	1211.2
6436.1	106.96
6477.4	184.84
1888.5	2955.3
844.01	486.57
7019.9	2277.6
1127	2513.7
3959.9	2097.7
6612.1	2261
1299.5	1844.3
5093.3	1870.6
2236.9	1455.9
6031.8	2608.2
1184.8	1838.2
6983.6	2243.2
6593	1154.8
2843.1	2891.5
1392.3	2221.4
5276.9	2339
6602.5	1108.6
5954.1	1076.8
1207.9	1108.3
5793.2	2570.2
6044.7	2571.1
6269.8	2299.9
3316.9	2657.6
1142.8	2565.2
942.5	2942.1
1325.7	2044.7
5141.3	2090.7
5110.1	2331.3
720.68	1941.7
1360.7	2735.8
1468.5	1821
420.83	878.17
5359.1	2716.1
1770.7	2520.5
665.96	1940.1
283.13	1509.8
4816.7	1933.5
7092.1	700.3
893.54	1899
1271.1	1633.2
5849.4	2164.8
548.52	1447.2
4669.7	1600.2
6015.5	2295.1
7219.1	1256
1283	1294.9
5911	2237.4
7069.9	2354.8
1598.3	574.52
4306.9	3772.4
712.09	1220.1
5356.2	2697.8
1466.1	2090.4
4146.1	2055.7
4461.9	2077.9
5528.1	979.91
5346.4	2738.6
6452.4	1456.3
6595	1679.8
5002.7	2695.4
2553.8	1497.3
315.12	2279.8
4372.5	2421.2
719.88	835.7
5084.3	2409.2
2225.2	1428.7
4081	3362.8
5906.1	1631.8
3589.6	3846
4316.2	1893.7
4242.3	2642.6
5065.7	1097.3
6611.2	2208.8
3447.1	2173.1
702.82	1945.6
6309.3	2229.3
1082.5	2242.2
908.47	2243.5
889.75	1240.2
6583.3	2281.9
7170.7	790.85
667.08	729.46
7060.8	437.87
6445.4	2281.7
1463.4	2134
5022.9	552.32
3974	2295.6
1404.7	1901.7
3301.5	2775
6687.9	2808.5
4611.6	2179.8
4346.8	2088
2503.2	1482.6
3705.2	3686.7
7149.9	2747.2
4565.1	1876.4
6827	1618.2
1526.5	424.95
5532.8	423.62
3007.5	1675.5
6037.2	2070.9
7006.5	1723.1
1385.3	2642.7
734.23	4783.1
5074.3	2430.8
5113.8	2037.9
5095.8	2472.8
5883.5	2308.4
2085.7	681.66
7114.1	1096.1
6750.8	1674.6
1067	1182.5
6268.7	541.4
1039	2493.6
7231.8	2752.5
1237.7	2762.2
5089.2	2354
3178.6	733.15
5172.4	2308.8
5125.9	1555.9
4045.5	2307.9
723.94	1942.9
7244	1184.4
5055.9	1223.7
4622.9	2729.5
5206.9	1761
7016.8	2990.8
6089.8	2622.7
243.29	1019.4
7139.4	2419.2
5109.3	2554.7
4290.7	2995.6
6958.5	2373.7
4272.4	2631.5
1539.1	911.07
7075.6	288.61
6351.5	680.47
5891.2	2585.8
2875	3093
891.45	2846.7
6367.2	1334.9
1263	1843.3
7066.9	2734.7
5129.7	1138
869.71	608.07
1534.4	2037.8
6267.1	3103.4
1213.8	2777.7
3055.9	1611.8
2705.6	2732.3
5398.5	2350.3
5104.9	2244.1
3166.3	1499.3
1307.6	1903.2
98.354	1645.1
4915.2	1862
3500.9	4743.8
6974.3	2731.6
1648.5	2764.9
1373.2	1811.9
2947.9	3045.5
4133.2	3150.2
751.33	1970.1
3427.7	2200.6
1200.2	1836
5689.2	893.77
1690.3	2789.3
4662.3	2527.6
5097.1	1882.1
3689.5	4388.3
6327.4	2865.2
1413.8	1793.2
1156.3	276.85
2119.9	2929.7
668.74	2037.6
6837.5	1946.2
4431.9	1921.6
652.54	2404.9
5592.8	99.052
2954.3	2902.7
6628.1	2572.4
6861.3	558.15
6953.5	221.08
3259.4	2867
3877.5	2541.3
5127.2	1313.4
4599.9	2682
4489.2	1239.8
5913.7	2602.7
3952.7	2287.6
6296.7	2996.2
1245.7	1865.7
1796.1	4086.4
1416	1803.9
2256.8	809.7
5646.7	2615.9
7021.1	2931.8
5154.1	1875.4
6766.7	1506.4
6308.2	2978.2
446.69	1995
5207.8	2344.1
5121.4	2131.9
5331	2533
5068.8	1494.2
2314.8	827.09
600.39	1946.9
6135.8	2135.4
1197.5	2604.1
1225.3	1484.2
7250.2	2885.3
6671.7	1112.2
5309	1774.6
2107	288.88
5410.7	843.01
1470.2	1794.4
3437.2	4752.3
5272.3	2315.1
2521	3212.9
1006.4	642.89
6490.6	2155
6745	1594.7
837.7	1154.6
4592.3	2181.3
4893.4	3282.7
3201.8	4612.9
6281.1	1388.7
4297.6	2560.1
269.03	2074.1
5331.1	2534.6
4498.6	1501.6
229.75	2050.7
3822.1	2387.2
1044.1	1998.7
1389	2985.1
4113.1	3119.8
460.14	1860.5
5043.4	647.91
1238.6	2049.3
839.91	676.67
6737.2	1948.8
6417.7	902.78
2807	3107.9
1329.1	400.11
6105	2319.3
489.31	715.74
1105	1026.4
1313.3	2976.8
5047.8	2170.2
1462.8	2112.6
1719.6	907.94
1143.6	2058.3
6387.8	2859.3
3305.4	1782.4
4739.8	2607.6
202.95	2639.3
1469.6	1591.8
1341.8	1629.7
137.6	2081.2
651.46	2243.3
5952.5	2836.8
1299.9	2030.6
6438.1	385.53
2156.7	1120
7105.8	1385.1
1628.3	2751.2
581.36	2277.4
315.3	2030.8
6429.1	721.81
5161.2	1535.9
5396.4	2321.4
4717.5	1930.1
5845.8	943.89
6893.9	400.63
6073.8	2180.5
1101.8	373.33
2107.1	2577.9
5517.2	2943.8
4170.7	2236.5
2170.3	2665
2413.2	1934.2
688.56	2334
728.67	2697.2
5111.6	2255
131.07	1669.3
1600.2	805.07
4033.6	2126.5
822.68	822.72
6812.1	862.01
5140.9	1487.6
3909.9	2325.5
582.02	860.85
5283	363.37
5103.9	2305.8
5023.4	2053.4
2970.1	1564.6
6828.7	2283.5
3953.7	2910.5
1696	2804
320.4	2371.2
6756.4	2759.9
6126.9	986.52
6927.1	2359.9
1626.7	404.95
1323.5	2605.9
1286.3	2686.5
4180.9	1770.5
4381.5	1721
2297.4	2253.2
1319.7	212.78
7076	2383.8
1200.5	748.07
3591.8	2554.5
6183.4	2293.2
4653.8	1517.2
6946.1	213.67
5516.7	653.94
6546	1400.9
971.83	1621.2
6498.9	440.15
1460.9	1948.1
6931.9	724.42
7059	3115.2
579.65	2282.5
4283.9	2600.7
1030.7	2373.3
1132.7	1839.8
2461.5	4779.1
5938.1	1201.6
5131.3	2613.6
1718.1	225.07
5702.3	2494.1
5870	2891
511.58	2305.1
4910.5	1663.9
4703.4	1975
2604.4	2813.9
4585.3	1521.1
1525.8	1649.2
6965.1	1022.8
5621.2	206.6
5646.7	4896.5
1755.7	2787.6
1472.9	2816.1
2834.9	2331
5935.9	2244.8
4980.7	655.6
5902.2	1966
3896.6	2706.9
6886.8	207.43
5057.2	624.4
6982.6	405.32
1250.8	287.64
4582.8	1613.5
6926.2	2796.8
533.2	1700.2
4647.9	1149.4
989.04	2492.5
5648.6	994.8
1332.1	2234.3
5940.7	2597.7
6805.3	2267.6
6062.9	2032.1
6390.5	793.67
5140	1381.8
744	2059.9
5360.8	2527.6
6397.7	2273.8
5735.2	1365.6
6002.7	2287.6
1330.9	1677.4
4382.8	2143.8
6480	4517.3
532.25	783.88
1159.2	2162.5
6952.2	2859.5
5011.1	1612
3674.6	2224.2
6167.1	2165.2
814.09	2349.6
2882	1451.1
6704.8	663.9
989.48	1916.3
6395.7	792.69
6535	3019.8
1535.9	2039.9
7252.4	1886.3
422.19	2824.1
1185.2	277.68
6508.2	2632.3
470.13	2174
882.73	1699.8
1288.2	1821.9
980.56	340.87
5164.8	3462.6
4598	2102.1
343.92	1276
3163.1	1744.8
1347.8	2144.5
2248.8	1676.8
1223.8	2768.9
1331.1	925.18
1884.5	2544.7
1001.1	1932.1
5074.7	2362.3
7203	931.25
7214.5	2642.9
4718.7	1492.2
4984.3	1870
6063.5	2245.7
664.34	2123.1
7191.3	2339.4
3567.5	4004.1
4371.7	1427.4
4564.8	3286.4
674.42	1952.8
1395.6	2427.8
6504.2	819.6
3717.3	3989.9
4924.8	1034.1
