4277.7	1883.2
6129.7	1924.4
4885.8	1694.3
4032.3	2172
2047.2	2610.5
5948.8	1061.5
2819.1	2400.1
5948.8	1061.5
5275.5	2202.6
5039.8	969.69
6045.7	2039.7
3040.5	2619.7
5144.8	1934.6
5378.4	943.16
5169.6	1967.9
6046.9	2040.6
2298.3	2546.4
5213.5	1926.6
6045.7	2039.7
5213.5	1926.6
6019.5	2091.9
6019.5	2091.9
4515.8	992.42
5629	2152.4
2799.8	2561.3
5213.5	1926.6
5316.4	1724
4551.5	1762.5
5721.1	2147.9
5276.6	1717.6
5192.4	1707.5
5316.4	1724
5385.7	1979.1
5007.6	522.22
5033.7	815.73
5369.7	932.72
5213.5	1926.6
5007.6	522.22
5240.8	2333.1
5253.6	1920.2
7228.6	2479.4
5046.7	930.44
5488.6	1997.5
3417	2368
5488.6	1997.5
5255.2	1705.3
5437	1959.5
5317.7	1022.3
5363.4	1941.8
6019.5	2091.9
5399.4	293.08
5773.2	1708.7
5799.7	1997.7
5823.6	2171.8
6266.4	2060.7
5477.3	1982.6
5416.8	1966.4
6266.4	2060.7
5027.3	1920.7
2271.7	2216.6
5033.7	815.73
6054	1811.7
2298.3	2546.4
6038.5	2030.4
5300.2	1955.9
5048.4	911.4
5555.1	2015.5
5050.2	1922.8
5243.3	1917.7
5817.2	910.75
5048.4	911.4
5255.2	1705.3
5817.4	1787
2222.5	2220.2
4890.6	2086
3054.5	2145.9
6065.1	1823
6598	2166.7
6738.9	2134.1
5209.5	1207.2
5643.4	2593.6
4890.6	2086
5169.6	1967.9
3415.3	1785.1
5643.4	2593.6
4780.1	2490.2
3882.2	1485.8
5065.9	1923.8
5734.1	1989.4
5548.7	2225.7
6291.7	2264.5
4978.1	521.7
5069.5	958.33
2019.4	1916.4
5454.5	1920.5
6078	2034.1
5033.6	2396.9
5925	1867
5057.2	1958.8
3348.2	2296.6
5454.5	1920.5
5427	1921.4
5373.9	889.23
5555.1	2015.5
5055.6	817.01
5834.3	1338.1
4719.5	2273.3
5465.5	2032.5
5033.6	2396.9
5453.6	1977.9
4719.5	2273.3
5384.8	1735
5226.4	2091.3
6220.8	2070.5
5354.9	1899.7
6080.5	1996
4890.6	2086
6065.1	1823
5660.1	2704.1
5036.2	1927
5466.8	2031.8
5055.6	817.01
4898.7	1930.5
6197.4	1846.5
5069.5	958.33
5370.4	1930.4
5367.6	1932.4
5072.2	1957.7
7108.6	2358.1
3971.7	1592.6
5146.3	1936.8
5139.3	1686
5571.9	1976.1
5057.3	1889.7
5621.3	2436
5917.4	2038.2
5320.1	1957
5038.1	1934.9
4301.6	2547.9
5286.9	2497.9
4077.6	1377.2
5307.9	2531.2
5288.1	1720
3401.6	2015.5
5811.5	919.82
6018.4	1755.6
5300.2	1955.9
5144.8	1934.6
3726.9	2120.8
5288.1	1720
6229.7	2072.4
5413.5	1994.1
5600.7	1072.5
5454.5	1920.5
5203.3	1708.4
5226.4	2091.3
5602	1070.5
5624	2480
5876.8	2642.4
3456.7	2498.4
5500.2	1014.8
5050.2	1922.8
5600.7	1072.5
5455.6	1973.2
5147.1	1939.5
5700.7	463.14
4914.8	137.66
6454.4	1361.6
3950.9	2284.3
5163.2	1703.5
5573.7	1006.2
5423.7	1958
4745.8	2399.8
5894.9	2243.6
6841.1	2451
6176.4	2057.4
4888.5	1935.8
5185.7	1901.3
4103.6	1021.4
5095.6	2505.4
5068.8	1924.7
5918.7	2098.5
5600.7	1072.5
5622.6	2608
5643.4	2593.6
4132.3	2361.7
5112.4	197.49
4941.5	224.93
6197.4	1846.5
4920	143.38
5185.7	1901.3
6065.1	1823
6454.4	1361.6
5192.1	1897.3
5719.7	1761.5
6253.6	1457.8
4898.7	1930.5
2204.2	2175.4
5346.8	1912
5621.3	2436
4554	1796.5
5110	1701.5
5209.7	2091
2059.8	2123.9
5587.9	1969
2092.6	2958.9
5147.1	1939.5
5842.2	1971.6
5621.3	2436
5718.5	1122.9
5850.5	1803.7
5209.7	2091
2974.8	2921.2
5110	1701.5
5972.6	2517.4
5310.7	2049.8
6419	1916.5
5850.5	1803.7
5110	1701.5
5195.1	1668.9
5625.3	2210.3
5112.4	197.49
5624.5	698.66
4621.5	84.838
5055.6	817.01
2057.7	1880.3
3098.4	2195.4
5187.2	1965.7
5264.6	1718.4
5068.8	1924.7
5288.6	2291.8
5607.3	1926.1
4568.6	20.342
5057.3	1889.7
5621.3	2436
4865.1	1907.1
5192.1	1897.3
4451.3	1724
5588	1939.4
5850.5	1803.7
5624.8	2297.9
4920	143.38
5586	1937.2
5624.8	2297.9
4885.2	1937.8
5485.7	1204.6
5720.4	1761.3
5588	1939.4
5588	1939.4
6607.3	2363.1
5102.2	1544.1
5169.4	2915.1
5110	1701.5
4885.2	1937.8
5624.8	2297.9
4830.4	1905
4902.3	87.953
6738.8	2191.2
6284.1	2037
4941.5	224.93
5264.6	1718.4
5398.9	2010.1
7182.9	2321.3
5901	1362.6
6921.4	2218.9
5185.7	1901.3
6841.1	2451
5912.6	1985.1
5459.6	1991.4
4222.9	2059.3
5624.8	2297.9
4056.9	2138.9
7236	2482.2
5542.8	2013.4
6512.3	783.31
5588.1	1941.9
6041	1984.4
5055.6	817.01
5459.8	884.05
5626.7	2771.6
5075.9	1928.1
5911.9	2888.5
5911.9	2888.5
7344.1	2506.1
5394.6	1919.3
5090.2	2333.4
4160.9	2683.2
6148	1169.6
5071.7	1925.9
4729.2	2510.3
5158.4	1947.2
5305.8	90.507
5098.2	163.7
5615.6	2275.1
5913.6	2885.1
3722.6	1869.2
2324.6	2545.8
2256	2419.7
5249.2	1989.3
6121.6	1224.9
5249.2	1989.3
2240.5	2025.2
5939.2	2890.9
4885.2	1937.8
5055.3	1978.1
5876.4	2317.2
5871.7	1967.6
7337.8	2417.3
5249.2	1989.3
2375.9	2244.3
6313	2025.9
6841.1	2451
5502.3	1047.1
2799.8	2561.3
5939.2	2890.9
5249.2	1989.3
5921	1979.6
7327.2	2917.6
5087.9	2472.3
5579.7	346.48
6590.6	2133.4
6067.5	2066
6590.6	2133.4
6045.1	2216.4
5876.4	2317.2
6137	480.47
5185.7	1901.3
5778.1	1938.7
4677.9	2969.5
5584.8	1940.7
6902.6	2162.2
5880.8	2525
6841.1	2451
5202.1	1954.1
6841.1	2451
5608.5	298.17
5876.4	2317.2
4733.6	2610
5620.1	2200
5338.5	1984.8
5888	2138.7
5253.8	1994.6
6424.1	2093.9
2032.7	1969
5285.5	1905.3
5927.4	1148.3
6170.5	2863.3
3400.9	1356.2
5153.3	2265.1
5594.7	1618.9
5897.9	1966.5
3215.9	2324.4
6041	1984.4
5584.8	1940.7
5109.9	1864.7
2190.3	2505.3
5053.3	1884.4
4634.7	2132.1
5011.9	2917.8
5882.7	2322.7
5224.6	592.15
5953.8	1794
5011.9	2917.8
5347.8	2097.5
2357.6	2075.8
5459.6	1991.4
2342.9	2578.6
5997.1	2010
6220.8	2070.5
3729.5	1899.5
5284	2583.3
5224.6	592.15
4581.4	2898.9
5058.1	1917.1
6407.9	1220
5043.4	979.99
5043.4	979.99
5224.6	592.15
5485.7	1204.6
5053.3	1884.4
5486	1148.8
5583.9	2013.6
5923.9	2029.3
5206.8	1960.8
5915.9	1837.1
6363.5	1823.9
5100.6	168.06
5583.4	1922.5
5159	2937.6
5031.1	976.03
6027.6	413.94
6027.6	413.94
6190.9	1485.8
6440.6	2469
5633.2	719.15
5091.7	2421.6
5300.4	2478.8
3189.1	2662.3
5992	2040.8
2105.5	2451
5419.4	1958.6
3391.7	2384.7
2097.8	2270.6
3378.7	2330.2
6100.4	2071.7
6086.3	2059.1
5897.9	1966.5
3874.4	2089.6
5354.3	2096.6
5318	2087.2
5783.7	1962.9
4527.8	2877.7
3896	2155.3
4185.4	658.7
6123.7	2840.2
5583.9	2013.6
5318	2087.2
5555.1	1338.2
5989.9	2042.8
5458.5	1988.2
5583.9	2013.6
5906	499.31
3008.6	2926.3
5318	2087.2
6129.4	1921
4980.4	1934.2
5392.3	1983.8
5583.9	2013.6
5058.1	1917.1
6270.9	2392.9
5091.7	2421.6
5675.3	618.49
5145	1859.6
5091.7	2421.6
2105.5	2451
5278.7	2258.7
5493.1	1927.6
5874.3	2378.9
5494.6	2304.8
6433.1	2484
5282.3	2332.8
7006.4	2419.1
6267.4	2077
7194.4	2369.2
4978.5	1978.3
4096.1	1481.8
6123.7	2840.2
6561.8	2133.2
5166.3	188.22
5128.6	97.246
5929	2882.9
4122.3	1768.4
5198.5	782.84
5019.3	2401.7
2664.7	2845.9
4447.7	2876.6
6100.4	2071.7
5894.2	2881.6
5219.8	599.3
5221.4	1667
5169.7	1926.4
6300.1	2071
5342	2304.5
5219.8	599.3
2462.9	2496.2
5307.9	2531.2
5859.1	1955.5
5874.3	2378.9
5031.1	976.03
5978.4	2919.4
6072.4	2000.4
5541.6	1887.9
4774.2	2619.2
4774.2	2619.2
3051	2596.4
4978.5	1978.3
5812.1	2327.7
5923.1	2006.2
5389.6	2895.8
5744.1	2055.6
5373.9	1946.8
4964.6	1980.4
7109.7	2452.4
4606.8	91.067
6032	2057.5
3418.9	1876.2
4914.7	157.84
4975.1	483.48
5982.7	1762.8
5435.9	1940.9
5300.4	2478.8
6349.1	2023.3
5314.6	1695.4
6394.9	1849.6
5493.1	1927.6
4186.1	2840.4
5166.3	188.22
5920.9	2861.3
2147.5	1746.2
5312.3	1199.3
4914.7	157.84
6864.6	2834.2
7150.9	2238.8
5874.3	2378.9
3914.1	1769.1
6267.4	2077
6238.5	2030.5
5175.8	1964
5819.1	2442.1
6364.8	1294.1
5491.3	1655.6
3756.5	2320
6364.8	1294.1
5633.2	719.15
2088.3	1928.2
7109.7	2452.4
6021.4	1993.9
5905.7	2155.2
4964.6	1980.4
5383.9	1952.3
5312.3	1199.3
5224.1	1888
2447.3	2874.7
5927.4	1148.3
3053.3	1843.4
6454.4	2144.6
3890.6	2590.8
5312.3	1199.3
5810.1	2052.7
5347.8	2097.5
6015.2	1990.7
6621	2149.3
6638.1	2233
5098.2	163.7
5876	2030.5
6364.8	1294.1
5198.3	786.77
6621	2149.3
2294.5	2122.1
5890.9	458.88
6389.8	2047.3
5935.5	2665.9
4179.5	1359.3
5276.5	2261.8
5852.7	2038.4
5050.1	821.14
4827.2	1601.3
2240.7	2135.9
5234.1	1329
5224.6	592.15
6230	1790.2
5033.3	957.22
5251.6	2541.4
6197.2	2815.5
2485.3	2550.3
5987.7	1949
6414.3	2578.3
5083	2433
5812.1	2327.7
4819.9	1925.6
5887.8	2291.1
5874.3	2378.9
2380.8	2371
5310.1	1986.6
4964.6	1980.4
5288	1917
4830.9	1925.3
2038.9	2089.8
2380.2	2508.1
5224.6	592.15
6721.8	2564.3
5210	1981.4
4548.3	2714.7
5394.5	1966.1
5019.3	2401.7
5517.6	2898.5
6275.8	1842.8
2100.4	2246.7
6273.5	2629
5168.4	745.43
2969.1	2980.2
3051	2596.4
2329.5	2166.1
5276.6	2239.4
3408.2	1312.3
6084.9	1837.4
5927.4	1148.3
6442.5	1061.1
5019.3	2401.7
5886.2	2290
6042.7	2463.1
7228.6	2479.4
6138.9	2030
5168.4	1935.2
3984.8	2118
4892.7	110.89
2323.3	2090.1
5175.8	1973.5
5224.1	1888
2185	2619.4
6152.7	2119.4
3042.6	2744.1
2499.8	2867.1
2635.4	2405.3
3325.7	2141.4
2763.7	2608.5
5359.3	1929.1
5601.6	463.83
5559.9	2596.1
4909	2188.4
5984	2853.1
3971.4	1762.6
5882.7	2019
2269.2	2279.1
7236	2482.2
5210	1981.4
6455.8	614.21
5521.9	2058.7
4892.3	221.05
5019.3	2401.7
6913.1	1983.3
2122.4	2220.8
6683.2	2107.1
5225	1968.9
5440.9	1043.9
4751.9	2851.6
4907.3	2502
5168.4	745.43
4827.2	1601.3
4376.7	2098
2145.1	2501.2
5145	2106.8
5285.9	2218.9
5019.3	2401.7
6364.8	1294.1
6782.4	2172.1
5019.3	2401.7
6632.1	2069
4907.3	2502
4906.7	2298.8
5024.5	552.29
4907.3	2502
5150.3	1899.4
5482.5	1137.7
6514	2511.2
4907.2	2498.6
5172.3	2967.5
4132.3	2361.7
4906.6	2300.2
6325	2074
2142.6	2245.1
2147.5	1746.2
5019.3	2401.7
6349.3	2146.1
5560.1	2600.5
5843.8	1860.7
5544.2	1926.8
5083.8	2912.6
6670.1	2104.5
2023.7	2370.4
3325.7	2141.4
5938.5	2859.4
4656.5	2411.5
5938.5	2859.4
6514	2511.2
4740.3	1834.2
2270.3	1967
5853.7	2321.3
5387.6	1071.1
5168.6	1938.4
2342.2	2222.8
6514	2511.2
2228.2	2083.8
4740.3	1834.2
5864.8	2511.6
4944.6	1880.2
5389.6	2895.8
2018.9	2125.2
2462.8	2322.7
5018.2	2201
5020	1871.2
5098.2	163.7
6313.7	2086.3
4914.7	157.84
5897.9	1966.5
5019.3	2401.7
5838.3	2375.6
6032	2057.5
6514	2511.2
6442.5	1061.1
5356.5	2107.5
3822.5	2671.5
5019.3	2401.7
6632.1	2069
5700.7	617.19
5194.2	2654.5
7059.3	2008.1
4740.3	1834.2
5716.7	2464.7
4906.7	2298.8
5266	2695.2
6325	2074
5018.1	2203.2
6052.3	2085
5945.3	1732.2
2393	2458.9
5278.7	2258.7
5716.7	2464.7
5019.3	2401.7
5973.5	2845.3
3764.8	2320.2
4067.7	2546.7
2187.1	2020.5
6052.3	2085
5915.4	1997.3
5853.1	2523.7
5019.3	2401.7
5973.5	2845.3
7063.6	2296.9
5019.3	2401.7
4376.7	2098
5413.2	1199
4906.7	2298.8
6492.7	1875.6
5891.6	2592.6
5489.9	2394.1
4754.9	2816.5
2080.3	1932.7
6338	418.03
5276.5	2261.8
5559.9	2596.1
3764.8	2320.2
5145	2106.8
5560.1	2600.5
4903.9	2093.9
6177.2	2851.4
5932.6	2049.8
5945.3	1732.2
6138.9	2030
2092.6	2958.9
2111.1	2227.9
5319.3	2730.7
2092.6	2958.9
4795.3	1706.3
4926.6	1862.1
5393.1	1961.9
3652.2	2390.7
6419	1853.7
5875.3	1990.5
5705	2548
5621.8	2696
5278.7	2258.7
6501.7	2116
5759.2	2883.8
5973.5	2845.3
5145	2106.8
6267.4	2077
6605.2	2771.8
4827.2	1601.3
2092.6	2958.9
2210.1	2926.8
5288	1917
5409.2	1125.6
4336.6	1954.8
5894.8	2430
3554.8	2035.8
3762	1780.7
5815.1	1329.9
5214.2	1728.2
5219.8	599.3
5276.5	2261.8
6670.1	2104.5
2092.6	2958.9
2394.6	2350.2
4719.7	1805
5859.1	1729.5
6220.4	2838.8
4740.3	1834.2
3640.9	2858.4
5945.9	2034.4
6774	2323.8
3493.5	1967.1
4053.9	1128.2
2993.5	2577.1
2092.6	2958.9
2376.7	2031.9
5919.3	2672.8
5622.8	2007.9
6152.7	2119.4
2295.1	2222.7
2152.3	2373.7
2314	2345.6
5168.2	2725.1
3955.6	2110.7
7262	310.13
6138.9	2030
4973.1	928.5
5278.7	2258.7
4941.2	2925.9
5735.8	2878
5793.8	2871.4
5019.3	2401.7
5534.5	2878.3
2092.6	2958.9
6270.8	2235.9
5182.3	2818.8
4901.6	1878.5
6670.1	2104.5
5112.3	959.71
5886.2	2290
5466.8	1523.5
4749.4	2881.9
5938.5	2859.4
6559.6	2567.7
5270.4	2460.9
5020	1871.2
5907.7	2860.7
5740.2	601.11
6644.6	2665.4
4189.2	2799.5
6052.3	2085
6632.7	2767.9
5557.8	1952.1
7123.9	1057.9
5175.8	1964
5176.1	1976.8
5891.6	2592.6
3955.6	2110.7
5913.9	1995
5214.2	1728.2
5786	2878.2
7286.7	354.18
5759.2	2883.8
4827.2	1601.3
5330.9	194.62
5724.9	910.21
6632.7	2767.9
5356.9	2304.4
3405	998.51
5735.8	2878
2036.8	2191.3
5938.5	2859.4
6138.9	2027.6
5218.6	1881.8
3467.4	1885.8
2092.6	2958.9
5239.1	2685.9
5285.9	2218.9
4745.4	2064.2
5826.7	1720.7
3717.3	2566.1
5679.8	1729
3530.7	2855.2
2188.3	1812.5
4833.8	1935.7
5367.9	2681.9
2210.1	2926.8
5023.7	2297
2092.6	2958.9
2985.5	2563.2
5246.9	2337.5
7126.6	2947
5812.1	2327.7
3480	1949.5
6041	1984.4
6639.8	2671.6
6138.9	2027.6
5168.4	745.43
5597	2007.9
5504.3	1183
7224.6	1812.2
5935.5	2665.9
5085.7	2987.9
6501.7	2116
5112.3	959.71
6492	1247.3
5128.9	2533.1
6738.1	2381.2
5740.1	1392.1
5319.3	2730.7
4740.3	1834.2
4219.3	2084.7
6080	1987
2259.1	2286.1
3472.1	2188.3
3971.4	1762.6
2174.5	2647.3
3643.9	2879.5
6163.1	2053.8
4067.7	2546.7
5112.3	959.71
5560.4	2603.3
4827.2	1601.3
5329.7	1039.3
6772.6	2517.7
6501.7	2116
5329.7	1039.3
6559.6	2567.7
5843.8	1860.7
5278.7	2258.7
6089	1786.7
4067.7	2546.7
6652.6	2678.5
5245	2849.1
5918.7	2098.5
7244.6	1262.6
5963.3	2505.6
5285.9	2218.9
