4210.2	1235.3
6738.2	2885.7
373.37	2262.8
232.47	2277.8
929.23	3490.9
4301.1	1889.8
5247.6	1028.7
5256.8	1058.4
2849	845.02
4843	1000.2
4994	257.03
2304.9	1845.7
6295.6	2594.2
1365.2	1238.9
2490.6	81.313
4496.3	823.44
5540.8	1073.2
3179.6	910.4
2428	993.09
1898.6	422.69
1588.3	1138.6
2077.5	89.623
3652.8	807.55
798.73	3239.4
1890.8	1072
1893.5	1066.3
2920	863.27
6427.9	2213.6
3096.6	3338.2
5247.3	920.55
3651.1	893.84
289.83	1661.9
1592.2	1175.3
4561.4	857.22
1361.2	1207
217.14	3256
6300.7	1195.2
1587.8	1142.4
5252.5	1017.2
3958.8	821.69
6762.8	1459.8
1709.9	2337.5
4807.7	83.028
3199.6	1856.4
812.09	1393.5
6038.7	563.5
1499.9	430.96
6059.3	1116.2
3180.1	828.15
4505.4	920.01
2384.6	942.11
4516	926.06
2877.2	61.178
3226.5	837.34
5342	4111.6
6466.9	1255.2
4453.8	838.8
4464.9	34.472
1936.9	1033.4
2684.8	2934.3
2480.1	909.45
6065	1238.5
6393.5	2025.2
3380.2	2184.6
777.72	1072.4
5733.5	1351.9
5815.3	371.92
3169.8	916.84
135.65	2860.5
2358.8	2918.9
5527.7	980.08
2833.9	945.37
7165	2125
5202.3	930.23
4489.2	816.21
1703.5	2694.5
1948.9	651.28
6327.1	2048
3217.6	1850.5
691.74	1372.9
1657.3	1771.2
2485.2	3058.1
243.69	2270.1
6390.4	956.01
6308.8	1314.8
3188.3	944.17
2856.9	837.4
1021.3	1264.5
5560.8	1004.9
1043.5	976.34
6740	2141.1
938.74	588.97
2867.9	214.4
5819.8	2018.6
6267	1163.2
6405.4	632.03
2436.3	1022.3
6224.2	1509.2
1902.1	1078.2
6701.6	1094
210.48	1439.9
7242	2146.5
4034.9	926.46
4029.8	903.51
193.88	2187.5
2802.3	866.06
4054.7	835.64
2831.7	833.4
5380.6	91.923
2845.3	971.49
6488.5	1285.8
5843.2	1790.1
1297.4	469.02
1388	2019.3
6016.3	1081.9
6642.9	1421.7
7098.7	2199.2
932.51	1029.1
5993	796.72
2841.6	482.19
511.43	1488.2
5248.3	1044.4
6321.9	1242.7
728.48	1387
5106.4	557.02
1961.4	633.64
4846.6	854.21
3167.2	822.52
486.12	1259.8
5814.8	2084.9
684.96	1141.2
5786.8	272.38
1598.6	1992.3
2547.3	1940.2
6390.9	1195.6
6549.3	1406.7
590.01	3481.9
6142.3	836.27
6090	1143
285.6	1501.4
5977.2	758.5
1303.4	851.66
1572.4	1098.7
500.86	2135.5
319.26	1625.8
2500.2	1171.8
1199.3	1839
284.54	1498
6346.5	480.15
3215.1	1836.1
1883.4	1015.5
4109.9	926.37
5669.9	228.47
3625.9	1919.6
1792	1983.4
332.46	1353.7
1029.3	969.18
1363.5	2490.9
209.44	1447.6
2346.6	1957.1
2440.9	995.11
6305.8	1289.5
1882	1013.2
4814	470.74
3676.3	1580.4
4505.3	953.61
6504.4	1286.1
3666.2	793.55
264.82	1607
1592	1781.1
2854.8	943.7
6813	2056.1
6757.9	3161.9
783.66	1913
510.21	2620.4
6067.6	1112.1
1598.7	1138.6
275.93	1587.6
3263.6	2546.6
333.09	1361.2
2860.6	498.18
5944.6	368.62
6219.3	2548
5440	1014.3
4806.3	461.94
6256.3	2048.8
3094.8	1942.4
1143.4	1283.4
1048.7	2060.7
5478.2	1959.9
4887.8	1603.7
303.38	2119.8
1993.6	394.54
6255	2049
1172.7	2562.3
352.99	1108.2
1957.2	634.78
954.26	2057.3
2100.5	1912.8
3229	1864
819.71	1910.5
5258.6	917.18
3231	897.58
6463.7	558.7
4401.1	419.04
3170.4	824.05
3639	896.95
3183	870.16
4084.6	2776
6216.4	428.01
6177	2055.2
5687.8	681.36
1956.1	414.81
2657.7	1906.3
6479.5	1293.6
1899.8	1076.7
6284.9	2494.7
100.8	2223.2
581.97	2630.6
5246.7	1941.2
4104.4	1922.4
5928.6	2033.4
4331.2	144.93
6156.2	845.17
2875.7	479.18
2868.3	64.462
840.94	2412.9
1604.8	1041.3
1818.3	1672.6
342.19	2174.9
1751.1	707.63
3261.7	2544.7
2016.1	373.74
6247.4	2018.6
2113.8	2494.6
5329.9	1640.2
3346.2	2481.1
7242.6	2871.7
2572.9	1971.2
113.35	2220.9
5527.3	1073
5779.1	266.93
6279.7	1248.2
784.97	1916.9
1963.2	649.2
1137.6	1846.7
155.03	1821.1
3826.7	1853.6
3650.8	854.59
3444.9	1855.1
393.95	2592.4
4407.9	435.02
6158.5	859.27
1625.1	2074.5
3148.7	871.48
1904.2	1068.3
747.9	2112.1
6652.7	693.25
2847.3	899
4885	943.11
1729.1	2206.6
1400.2	2100.7
570.92	2100.2
389.9	2143.4
3181.5	867.14
2488.4	1974.9
1623.9	1112.2
3275.3	446.34
5529.2	1680.7
6168.6	1989.4
963.31	1347.5
1497.6	1989.9
263.04	1249.4
2606	515.22
1065.9	2065.2
4914.8	1053.6
1711	3022.1
5243	1018.2
266.8	2442.3
114.44	2199.5
2466.6	924.83
2511	1034.2
5797.2	273.23
1977.9	625.02
6226.1	2037.3
5478.3	626.52
2417	243.68
3401.5	1731.9
4869.4	1886.3
243.72	2176.5
1907.7	1967.3
3263	1972.8
1068	2050.6
4406.9	2578.8
4821.1	848.64
1355.5	2241.3
5302.7	1636.1
1354.4	2241.2
1620.2	1090.3
1624.6	600.49
4498.8	879.05
1657.6	1830.3
865.07	2198.3
3186.3	1923.6
1137.5	1847.7
529.83	1437.8
3668	930.76
5081	1769.2
1370.8	2228
5088.8	532.24
475.33	1507.4
7099.2	3028.5
6373.3	1881.3
2146.1	2903.5
3179.2	1652.9
2434.7	870.06
2768.3	1943.9
3532.5	2958.1
5584.8	385.47
3110.4	2856.2
760.26	2074.6
924.35	636.46
3344.7	138.45
7274.5	2418
5769.2	2983.3
367.7	2199.4
3568.8	403.82
2581.8	1684.9
2571.3	1977.2
4891.5	58.91
4827.2	511.29
4835.1	915.62
4381.2	1615.2
317.1	1633.3
5169.2	2244
5678.4	2012.9
6521.5	616.33
4592.1	887.26
4828.7	511.38
2618.8	1688.8
6049.8	551.76
6810.5	2436.4
1729.1	2412.3
4377.3	1970.8
2847.6	812.18
1146	2118.1
5818.5	2544.5
4292.5	19.533
5790.9	2633.7
2562.4	156.79
5257.3	1987.5
6228.5	495.19
1401.8	602.32
255.81	2042.7
5789.8	252.32
573.63	1430
6235.6	1856.1
5533.8	958.66
3490.6	2468.2
1195.1	2078.8
1732.5	1823.8
4801.4	242.23
4027.9	765.55
906.92	1599
2659.1	22.032
1354	2491.2
1434.2	819.09
4814.7	86.132
314.8	1593.7
163.59	1597.3
4826.3	2997.9
2357	1965
142.18	1651.2
6063.4	1228.3
2543.1	1931.9
1272.2	1424.9
1496.5	358.61
4429.4	1903.1
4060.7	852.55
1369.5	2561.2
3997.7	1632.6
178.5	2261.7
1573.2	1935.5
3493.7	1964.5
1649.3	1119.2
1184.9	2082.4
1359.2	1928.1
1524.4	1944.4
1487.3	1779.7
7162.8	2240.6
6422.9	470.75
3346.1	139.93
2755	1886.2
6469.3	1346.4
5749.5	153.1
5221.4	961.27
7068.3	2739.3
2370.9	1897
5710	2496
1884.7	1030.7
2447.3	1996.4
6351	1195.8
1218.6	2182
695.78	2684.7
4859.1	146.03
6463.5	1107.1
2321.3	824.99
1136.5	577.76
282.69	1674.5
404.4	2250.3
2435	1934.4
4262.5	2379.5
2411.6	960.99
336.79	905.55
5756.7	1977.9
5677	2629.8
5786.8	1960.7
4496.8	792.76
1494.3	2060.7
1692.6	1825.6
5420.8	1639
4187.6	1970.9
5932.4	2213.9
813.15	3033.9
1033.2	1288.4
1238.7	2032.9
2128.8	249.07
2459.7	1695.8
4756.7	757.19
2569.4	1981.4
675.64	1127
3225.4	2839.8
2318.9	1970.9
6410	716.46
903.74	1875.8
4546.4	3218.8
2431.3	1772.6
6461.5	1247.4
1581.5	1106.9
5717.9	2644.4
2902.3	1945.4
613.61	911.47
5316.1	987.44
5704.2	1957.6
1373	2224
266.04	2280.6
1125.1	1906.9
1228.9	2188.9
1492.4	2059.4
3264.2	1733.4
1585.3	2028.2
2316.5	1939.4
4480.7	35.039
335.87	920.96
1098.6	739.62
2687.4	694.87
4960.5	1128
3651.9	766.98
6464.4	1354.1
264.2	1620.7
1903.3	1032.6
5706.6	677.46
2604.5	1763.3
4513	955.18
3035.7	37.504
1523.4	2005
1431.2	1713.7
1918.8	3535.3
1851.7	1071.6
1842	3543.1
5871.7	1973.7
1357.2	313.15
5442.3	1012.5
3907.1	54.594
3578.2	1980.9
3229.7	1730
6049.7	1979.8
5466.5	133.37
6066.4	1219.7
5124.3	1600.3
4906.7	963.61
4877.2	1034.9
5706	1956.4
6026	1161.4
938.93	3128.3
2551.4	1263.5
5258.9	905.82
1064	2104.8
6217.3	1848.6
2553.6	1758.3
5474.8	642.5
6435.1	1162.6
1148.4	1902.4
507.65	2281.6
5971.7	241.72
5996	1144
2112.2	2671.5
5493.7	1026.6
4932.3	101.71
552.96	2112.6
1085.8	2044
4413.3	709.26
3773	1906.2
2427.4	1659.4
6642.8	1981.5
2354.1	192.83
4855.6	949.02
163.61	2322.4
4305.3	2326.4
1861	395.46
6955.3	2202
3327.6	2588
401.91	2286.8
2602	1980.6
5463.9	258.5
1660.7	3289.9
5548.8	1067.2
3495.6	1962.7
2876.8	3496.3
5822.7	2454.6
6264.4	379.76
4569.9	1891.3
6474.2	1353.5
5464.7	2008
83.861	1870.4
1375.8	2173.8
383.31	1325
5222.1	1901.8
6232.4	2100
1733.2	2239
1729.1	370.81
1634	418.3
400.13	3296.4
1113.5	2072.3
5501.4	65.716
3800	1903.4
1716.6	374.32
1126.8	1853.5
1089.6	1840
551.79	2147.5
378.78	1994.6
179.64	2326.3
5771.6	158.44
6228.2	2068.6
1267.8	1818.8
5831.6	2490.3
5314.5	985.73
2598.3	1984.7
3277.2	944.47
981.4	1249.7
1372.2	2510.8
5978.9	408.83
5086.8	4004.6
1749.3	215.85
1023.7	2015.9
2713.4	138.33
778.25	2121
552.35	2147
7174.1	1691.8
548.74	2122.9
1685	1949.5
2828.8	933.91
4606.3	727.59
4099.4	1911.2
837.75	2650
1693.4	462.3
3778.2	1904
5991.4	249.06
2920.2	1878.9
1173	1899.9
373.57	3671.4
2509.2	1266.4
701.62	710.54
3184.4	917.48
5248.5	999.26
6991.7	2087.9
6252.9	1260.2
3117.6	757.21
5867	1072.1
5989	2055.4
753.56	2143.8
2390.2	1686.3
506.4	2339.5
1422.1	1156.1
6444.9	1204.5
4486.1	1646.2
2083	2052.6
3373.7	1996
2857.6	776.08
965.99	1334.8
3858.7	2089.2
4082.9	128.64
659.95	3073.9
2707.1	102.58
3350.7	29.58
2704.6	699.76
4848.8	993.28
5850.9	1973.6
2341.9	2698
7043.5	1126.7
667	2210.4
5888.5	208.08
2514.7	2626.6
1372.2	1206.8
2697	120.44
813.46	893.57
2134.2	2024.4
1190	1257.2
4771.5	71.31
5920.7	983.8
6930	2103.8
1370.3	2170.4
4735	3428.8
7056.4	1596
517	2166.2
5822.3	1092.5
5745.2	2915.9
2949.6	79.275
1577.4	1070.9
4845.8	843.5
7213.4	2157.9
2840.3	823.54
6414.6	640.57
867.97	2219.8
3169.4	789.79
392.45	2171.6
3110.2	742.11
506.84	2241
356.32	2581
1753.7	2174.7
2964.9	81.558
4839.5	1958.5
1254.2	361.41
6351	1145.8
2357.8	183.01
2616.7	2286.9
1091.9	2091.7
5960.7	402.41
6398	2046.1
6421.6	1200.4
2231.3	1999.3
2338.2	194.19
6173.8	1066.7
6551.3	2705.5
6639.9	2414.6
6317.1	1276.4
6013.8	2042.3
3496.8	56.726
1444.4	1706.1
2122.5	1691.8
2859.8	818.9
1138.2	2094
3170.8	813.75
3840.3	2090.5
2429.5	1024.2
3259.2	1867
272.86	1654.4
5297.2	910.14
1721.7	2035.9
2397.1	2098
1612	2116.6
95.722	2360.4
1611.9	2116.7
1806.4	1341.9
1833	1164.5
809.56	1958.5
5415.3	1446.2
5549.5	2022.6
2122.2	2846.3
4226.1	630.57
4329.4	2972.6
2837	487.27
737.73	2400.2
1469.8	576.26
5779.2	263.79
3184.5	784.61
1100.6	2091.3
589.22	2403
1355	470.28
1444	2001.8
4636	1949.9
2897.6	777.32
148.15	1694.2
2417.8	1762.9
6537.6	2634.7
590.95	2422
2836.7	821.11
2700.8	696.57
7134	2007.4
810.45	1962.2
1591.9	1123.1
1775.2	1531.4
6667.6	1037.5
1147.6	2079.2
2860.4	735.26
4022.8	726.88
3513.8	68.339
6307.7	1267
6601.7	1841.7
5920.3	1058.1
1062.6	2193.8
1502.8	2396.6
1215.5	2091.3
1667.1	176.83
6422.3	1165.1
1544.9	425.76
591.11	2423.2
1558.4	1784.2
1719.1	182.13
6185.4	2074.9
2517.6	1191.4
870.54	2138.7
5810.3	2635.6
2662.5	2306.5
5481.9	150.97
7304.2	2168.1
2837.1	72.016
5241.7	904.36
7253.7	2526.2
6231.4	2073.9
3985.7	713.93
2330.8	2922
6672.6	958.89
420.7	1144.8
4054.7	910.5
5365.9	42.34
6036.4	434.54
2841.7	735.27
3708.1	710.39
105.67	2635.4
2347.7	811.44
5884.5	1042
1142.6	1838.5
6088.2	289.97
3504.9	21.777
4052.8	848.81
4850.7	970.03
2571.2	163.37
1385.4	376.36
4492.1	1881
6082.8	1215.9
567.16	1424
549.93	2125.6
4319.3	2277.9
6362.3	514.08
1347.4	514.82
176.66	2370.9
6541.9	1819.4
4849.7	742.5
5123.3	1895
2132.9	2611
4698.4	92.821
1378.3	1097.9
1503.2	2302.8
1815.7	1180.2
159.11	1722
2457.1	1539.5
2802.8	1587.9
4542	789.33
94.732	2358
5839.1	1127.2
2433.5	1943.2
6085.1	959.18
3325.5	2065.8
6252.7	371.6
3241.8	1407.6
6570.7	2634
6488	2334.7
486.4	3652.8
1617.7	2635.8
5238.1	463.85
5079.1	1620.5
2390.3	2009.2
833.1	1368.5
1528.5	2653.5
2303.7	160.9
2917.9	1879.8
773.88	1965.5
2329.7	928.27
7222.2	2876
6953.1	2187
93.074	2463.9
4252.5	628.95
1973.6	149.18
1075	1866.7
4918.4	2165.9
3372	32.135
2511.7	1174.3
6077.5	958.69
5069.5	1022
6833.4	1834.1
3131.8	920.34
2560.5	1681
6766.2	1491
406.32	2277.7
4943.1	2619
2462.7	1878.6
1829.5	1167.2
6285.5	1199.1
1689.3	2350.1
1386.1	380.03
6722.7	2142.8
6945.4	1444.6
5823.5	2031.1
4780.6	957.78
5622.6	131.33
1632.5	1977.6
337.33	1332.2
5470.4	591.97
3329.5	1740.4
300.16	1316.6
5738.4	175.26
2686.8	262.62
1998.7	1937
2647.7	1950.4
5241.3	1977.6
4395.2	710.49
6062.1	1187.9
2694	2001.6
4483.3	41.645
5550.8	1077.2
3625.4	848.03
3130.2	924.68
1881.2	1081.5
704.06	1316.4
5592.2	267.63
6285.5	2375.3
6270.7	2021.7
4767.4	821.6
494.17	3642.4
5634.6	227.93
4272.2	698.75
88.875	2474.1
102.6	2570.6
3408	634.93
1768.2	1624.5
3281.2	2290.1
1118.8	1841.5
3228.7	86.132
6723.8	3119.5
1446.8	2001.7
7019.1	2987.3
5325.4	867.25
5079	1032.2
1774	2040.6
7011.8	1049.6
2382.8	1004.8
6714.9	2136.1
5215.7	2032.8
6508.5	517.67
2370.4	1962.4
3091.2	723.8
6544.9	2844.8
4867.8	477.98
5888.4	259.9
2852.5	62.127
5615.3	830.06
6554.9	2951.2
2373.5	2122.2
5993.6	1977.2
5071.5	553.76
3190.3	1843.7
5247	214.55
501.26	3646.1
5402.2	3415
861.92	2206.1
4962.4	701.13
2312	1979.5
4031.3	786.49
5407.8	1629.8
6221.7	1082.8
5887	2426.1
2855.5	922.87
5898.5	3255.8
1320	1787.9
1345.8	311.15
6469.5	1119.2
4250.3	615.78
6040.9	2020.3
1580.8	1152.8
1719.7	2140.3
4013.7	878.11
3259.9	1541.9
381.22	1477.9
6511.9	521.1
5258.7	1037.2
3522.3	2949.8
2341	1912.2
1199.5	2670.9
7192.7	2813.3
4596.6	71.888
6475.3	1125.1
2827.4	500.04
2340.1	195.69
2855.2	820.68
2943.1	14.431
2419.3	1662.1
348.44	1129.5
3772.3	864.52
6764.4	2350
2363.5	804.63
3251.5	2761.9
2827	501.12
359.81	2122.6
4220.4	679.28
5992.9	1057.6
2822	94.544
6196.1	1074.5
5228.1	929.87
6765	2844.9
1425.6	2038
488.35	1558.7
2430.4	2941.2
5681.5	3054.5
182.98	2230
6527.5	1893.2
5811.9	2014
2032.3	258.33
5679.7	1971.3
2131.5	2282.1
611.63	904.9
222.13	2087.2
6461.4	1303.8
6580.8	3154.6
2234.7	20.729
6204.3	2017
5719.3	1999.9
2840.5	86.946
772.97	1966.1
1754.3	362.23
1179.8	422.05
2064.4	26.953
2725.1	1211.1
2308.4	1933.8
258.53	2290.2
2512.2	2942.2
2518	1932.4
3451.9	2513.3
823.89	875.43
1202.7	2042.3
5034.3	1175.6
2506.9	216.36
3085.6	776.36
5741.3	2920.9
6095.6	980.35
2517.8	1195.2
2890.6	913.81
563.36	2012.3
7265.3	2059.1
5454.2	909.27
4070.5	23.743
845.74	1951.1
515.64	3645.5
1428.8	1484.6
4852.5	749.82
1055.4	2550
1664.3	2031.8
846.14	1953.7
1298.2	800.35
5821.7	2546.8
1910.9	1038.1
5230.6	787.9
1335	1936.5
5792.4	2616.7
2824.1	92.226
818.92	1370
5502.5	655.88
6436.8	1303
872.17	2141.5
3702	906.19
3645	726.84
4486.5	791.79
332.91	1074.4
227.22	2404.1
406.83	2040.2
5359.9	47.939
3239.3	2471.2
231.38	3325.4
398.67	2043.7
3463.7	612.84
5507.8	983.46
1329.5	1437.5
6483.2	1123.6
2679.3	435.57
2529.1	2004.7
5678.5	1458.9
5142.1	4363
306.38	2305.7
6510.6	516.27
6618.9	1350.3
5928.3	2460
4259.7	24.216
2695.1	707.37
6451.9	1259.1
1413	1194.1
6483.9	1124.1
5360.1	841.3
6219.3	2609.6
5197.7	291.35
6829	2896.8
295.69	2525.4
2529	2006.8
338.5	2569.2
944.79	1021.3
3716.2	915.97
829.82	1890.7
5692.8	935.9
6026.3	778.68
1528.7	2681
5636	847.26
384.95	2055.1
6068.4	2515.8
2784.9	82.291
5996.5	1979.1
7010.2	1047.4
3467.3	2763.6
1583.1	1152.4
5118.2	555.22
201.29	2019.2
6050.2	1757.3
2528.9	2013.6
1409.1	2574.3
6333.5	441.8
1120.9	1271.8
575.84	2009.9
3306.3	17.879
1840.4	339.29
6428.8	1190
5558.5	1088.7
550.28	2011.3
6333.6	869.03
503.56	2167.2
5643.7	853.13
3354	1947.6
6557.8	2112.9
575.66	2617.4
982.42	1302.7
2900.1	937.68
1033.8	646.12
1376.7	1177.9
342.64	2516.5
502.81	2330
7339	2629.8
6845.4	1879.1
2589.2	1769.1
5539.8	1064.7
2353.5	1630.9
4811.8	750.6
6451.8	1259.2
2693.9	680.88
2238.3	2033.9
5421.1	372.56
3447.1	626.72
2681.5	2189.3
5969.2	2020.4
4158.7	2951.3
134.46	2155.2
4953.8	2129
2822.8	956.43
5609.9	829.49
1057.7	2205.1
1405.3	1552
2466.1	1606.4
1042.8	2085.8
5728.1	234.05
211.12	2002.5
1006.8	1303.9
6084.2	1034.9
2220.3	190.67
506.6	2354.5
1105.5	2084.3
2719.3	687.62
1812.8	140.06
1579.9	1153.5
3191.8	1854.1
2653.8	1943.5
4001.8	786.16
5221.7	2301.7
5761.5	2927.8
981.03	1310.9
6418	568.1
1783.3	2027.9
1193	1997.6
3052.2	46.161
407.57	2321.9
2552.7	1870.1
1066.5	2345.3
806.65	1405.1
823.6	2123.6
6275.8	1441
6459.7	2075.1
2904.3	1853.6
471.61	1268.8
2069.4	219.95
1943	1042.9
318.13	1654.2
2022.6	1662.9
953.33	1329.1
1193.1	548.25
7009.6	2740.8
2366.7	2578
1012.3	594.04
2706.2	151.86
1762.3	364.65
6024.3	1174.1
4250.1	631
2687.8	1766.4
1842.9	1121.5
5124.4	1451.2
7096.6	1618.2
3155.2	807.18
4017.4	756.68
244.3	1672.9
3230.1	2795.4
6014.7	1194
6873	1011.8
4030.7	886.2
4279.1	644.78
5383.3	263.44
218.55	2253.3
1673.8	1653.6
6549.8	2467
6292.2	1620.6
3101.7	1952.1
3436.4	1148.9
335.09	2260.4
1046.9	2025.7
4853.2	732.98
5532.6	1047.1
3540.2	3220.9
405.3	3643.1
3362.4	29.679
3226.7	1561.5
1059.3	2199.5
2913.8	946.86
1995.9	1661.5
5198.7	80.745
322.11	3337.4
5682.6	1941.5
6074.3	1216
5543.6	1066.1
1505.3	435.98
382.44	2232.7
1286.6	552.67
5943.2	452.47
6594.4	1629.8
1769.6	1940.4
5256.7	3520.3
5000.8	765.42
4368.2	1903.5
3191.1	902.97
2125.5	3062.2
2812	450.11
6160	2014.2
4549.9	913.52
746.04	2353.6
3357	2664.8
6793.3	2524.7
6185.9	2560.3
1600.3	1999.2
3051.9	35.393
5403.1	121.48
1356.6	2832
1719.7	2159.8
5177.9	1917.8
2094	1971.7
4061.4	1967.3
2464.6	1774.5
2625.5	2953.8
2052.2	87.745
6735.2	2332
6008.4	802.27
1885.4	3215.9
970.19	666.49
795.73	2173.2
1009.9	1307.3
1045.7	937.59
6491	2358
4987.5	721.75
337.93	1140.8
1299.6	1098.8
858.94	661.13
1526.2	163.26
3432.5	670.66
5878.9	1142.2
1175.2	564.85
4938.2	732.11
178.78	2373.8
2027.7	362.83
5812	360.77
3897.2	52.62
7006	2214.2
5519.6	1042.9
949.25	1344.9
1868.3	3414.7
3100.1	50.872
2231.6	192.02
6054.1	1185.8
7075.7	1481
5941.7	451.31
3416.7	629.69
2660.7	1601.2
2364.7	2573.5
773.98	1910.5
2362.7	2619
1434.4	2361.9
741.78	2282.9
486.05	1213.5
1066.2	2426.1
1683.7	1974.5
6018.3	1187.7
964.32	600.52
744.73	2409.6
2851.7	917.5
403.12	2043.7
6676.4	2336.1
6256.4	2071.9
2860.1	909.78
1209.8	588.66
3169.8	2140.6
5504	872.76
214.65	2523.7
4206.5	623.86
5848.6	370.68
2639.4	1770.1
1614	2107.7
6955.8	2201.3
3083.4	1591
3385.8	634.52
1724.2	2696.7
1469.5	571.99
6546.7	1622
5925	405.3
3649.8	904.95
1842	318.12
6684.7	2664.4
5005.1	794.13
829.06	2181.6
7049	2184.2
1509.8	966.66
1413.6	1458.2
6034.6	1078.7
6011.6	1196.6
1421.4	1960.2
359.47	1619.6
5504.9	1962.6
1610.8	1047.7
2632.3	1230.6
4425.4	688.39
1137.6	1906.5
1093	1777.1
2705.5	1747.8
2084.8	52.072
232.82	1155.5
981.35	669.85
6313.6	1307.2
2759.4	3497.6
1065.1	2332
5766.9	900.27
4091.1	1559.8
1454.6	580.83
1204.7	1807.8
5630.1	144.21
3179.8	923.14
5590.9	811.64
5680.9	1996.1
2847	826.05
5861.2	247
203.61	2157.9
3496.2	707.83
1206.9	541.27
2749.4	1855.3
4464.3	3217.7
4268.9	2760.8
591.15	1032.4
1517	2486.3
6291.8	2446
2771.2	1866.8
296.28	1290.4
5955.8	555.6
2772.7	245.93
5779.6	249.29
1021.2	520.26
244.39	1412.9
6257.2	2343.1
4531.4	1962.6
4024	126.23
6319.6	2037.6
550.48	1236.2
2621.2	1776.2
4865.9	1874
406.43	3654.4
6143.3	851.56
469.23	2231.9
2583.2	133.28
7344.7	2255
6137.7	1955.7
5395.5	874.67
3381	387.12
136.11	2859.7
1299.7	788.04
1129.3	524.75
1759.4	2140
368.37	2351.8
4797.4	931.47
4359.9	465.35
789.85	780
1469.1	1242.6
5914	394.84
2466.6	1452.4
1832.4	333.05
6256.7	478.67
3844.2	1575.6
219.95	2111.1
2916.7	738.29
4683.2	1943
7073	2199.1
6425.9	1325.1
3076.4	767.35
6229.9	2061.2
5204.3	1975.9
1849.1	325.05
6708.1	2418.8
6233.9	455.65
2527.1	1259.7
3257.9	2962.3
6358.6	1289
2711.9	1920.1
1715.8	2428.5
297.6	2162.7
5895.7	1978.8
1636.6	1924.5
1837.1	1160.6
5389	1165.3
3311.1	2752.5
256.59	2370.1
3248.6	71.295
316.12	2168.8
4238.1	640.72
498.43	2370.8
1835.2	2292.5
2858.2	910.13
6132	444.15
5793.2	361.31
6756.6	1445.5
6947.1	2065.9
5899.8	280.12
5691.8	2386.3
892.54	1833.6
1007.6	2087.6
6143.4	1504.9
5780.6	396.26
2378.8	2025.1
6763.2	2154
3414	676.85
4016	838.34
4507	786.16
4800.1	924.06
4903.5	129.25
4004.2	808.37
3840.1	1574.1
2818.8	516.58
3165.6	954.53
4574.2	804.83
386.61	1296.8
4107.7	944.13
5027.4	735.73
202.39	1453.8
1833.6	1737.5
4940.7	2598.2
4291.9	404.1
6313.8	1714.1
521.22	2230.2
1057.9	628.39
3637.4	770.82
384.18	2226.7
2489.1	82.894
5755.4	2021.3
4059.9	60.269
5558.6	2912.7
1590.7	351.68
5794.4	1962.8
3493.4	648.15
107.94	2265.2
1061.2	2418
258.41	2980.9
3076.1	1587.2
2360.8	2518.6
2909.2	163.11
6017.7	464.56
1501.2	420.69
5944.1	392.02
5480.3	109.69
3248.6	3477.8
6309.1	2990.8
3215.4	1905
1737.7	2464.3
6698.3	1103.2
135.17	1737.5
1550.1	3401.1
4657	1928
6498.7	1349.1
2849.1	936.88
3640.1	1553.3
1174.8	1976.9
188.37	2244.5
4929	633.16
4239.6	644.64
4904.6	688.51
693.18	873.94
2846.7	469.27
5937.6	357.96
1104.6	464.96
5046.3	1663.9
2032.1	161.12
153.34	2362.6
402.44	2423.5
6323.7	2674.1
4214.9	554.41
835.26	756.41
1642.2	1846.5
6651.6	1416.1
4303	674.58
4239.1	638.54
6984.5	2116.3
2531.8	1774.9
6380.5	2039.4
4976.8	748.02
2135.9	2917.3
6477.3	1171
1294.3	511.45
5109	1667.6
1537.1	422.21
2147	147.95
3607.3	1837.6
4916.9	681.99
5950	446.82
6403.3	588.24
4878.7	2486.4
5783.5	1970.7
448.42	1982.3
516.32	2240
755.68	2203.7
6118.5	1042.3
4259.3	644.58
3233.2	2276.7
5783.9	1968.4
3380.9	17.184
1360.1	1197.3
5349.4	3090.3
2488.1	2936.1
5507.3	984.1
143.69	2209.3
5237.7	3239.7
1227.7	2151.3
2818.5	738.03
4941.7	2631.9
842.81	2101.9
5025.3	43.23
6554.6	2634.5
6625	848.56
3531.4	1729
6311.3	531.37
3743	1895.1
6684.1	648.17
4239.3	613.79
334.35	2257.5
1652.4	1844
2640.5	1760.9
4362.7	1911.3
2520.4	2949.8
257.59	1613.3
943.89	579.19
6086.5	2513.2
3189.9	774.2
1361.9	1127.6
6035.9	2072.9
2937.8	185.25
1880.8	1074.7
1536.1	438.65
3940.9	711.4
7138.5	1333
477.94	2132.5
4959.9	2187.2
1592.5	1691.9
3179.9	857.95
4961.1	677.04
5803.7	2895.7
1197.1	564.68
5390.1	1076
6035.3	3583.6
3073.4	766.39
3466.9	1838.3
356.64	2974.9
2083.1	46.583
1337.2	2502
1542.7	494.16
6622.2	1442.3
6622.1	761.13
7103.7	1546.2
2075.4	58.817
4049.4	1541.5
3710	696.25
5406.1	105.12
6767.6	2245.4
362	1139
5858.7	1718.8
3971.8	1928.8
855.96	1952.2
4056	688.77
306.81	2656.2
6745.6	761.12
6075.8	2884.8
4373.6	32.067
376.85	3635.5
2491.8	2507.4
3846.3	1577.5
4796.5	737.59
4204.3	2325.2
3440.7	641.66
3246.9	1292.6
5839.6	1019.5
3648.2	141.03
3450	623.95
3331.6	1742
4412.3	863.37
964.62	604.5
5691.3	2461.5
3432.6	680.87
5212.6	880.29
6022.5	489.35
725.41	1883.4
2435.7	1942.1
5185.9	3318
4308.2	660.94
6775.2	2153.4
4993.7	1938.8
2568.7	1779.5
6174.4	556.89
1783	1679.6
3194.6	788.78
5374.9	50.137
2110	2660.3
1911.4	605.98
3747.3	695.26
2369	1935.9
96.696	2581.8
3504.5	714.35
1398.1	417.59
3554.2	2287.1
4457.2	1907.4
926.19	2051.1
4231.7	550.75
942	2033.9
6545.5	2855.2
3371.1	1719.8
4682.5	28.057
4038	878.78
5260.5	1008.4
1545.7	866.14
6863.6	2951.1
302.56	1303.4
6844.2	1863.1
2339.3	2709
689.74	1109
3201.5	3214.1
6520.9	2413.3
5141.4	1037.7
5221.6	3294
3422.5	1099.6
3415.4	2779.3
4807	78.027
6303.5	2457.9
1402.9	1465.3
1090	1921
1783.4	195.48
2451.1	1787.4
4379.6	1933.6
1820.9	622.3
346.23	2302.6
576.15	2990.9
4997.8	475.11
6162.8	512.65
2614.8	1738.3
5156.6	790.36
4318.9	3130
5133.4	2101.6
2787.7	453.85
6506.3	2339.5
1554	2035.8
688.53	1415.8
1700.2	1839
5387	56.979
4966.1	752.11
2279.2	1630.6
3275.8	1742.9
5847.8	414.09
542.22	1218.9
1318.6	617.16
1935.9	206.02
3593	683.17
2773.9	30.918
477.09	3640.8
3517.9	1842.8
66.387	2206.3
322.29	1505.2
1923.7	290.08
1167.9	1230.9
6241.9	431.72
3889.2	1900
824.53	2097.5
6236.3	396.33
5711.1	2675.9
1328.4	1848.4
780.63	1054.5
5328.5	154.17
577.36	3052.8
2723.4	2930.8
6095.9	976.55
1031.6	1861.2
5229.2	889.65
1881	1147.8
6443.2	1146.3
4435	912.71
642.14	816.91
6967.7	988.39
5007	643.72
4458.5	780.07
2499.3	1754.9
4624.1	63.853
6289.9	647.34
1888.2	1972.8
802.65	1965.1
1302.9	460.83
1119.8	1903.4
2364.9	2511.8
2801	261.23
1417.7	448.46
1041.3	2804.9
3482.4	3143.9
393.81	3641.7
5930.5	2665.4
2508.3	1738
2069.9	72.704
5352.3	2457.4
271.71	1660.9
4015.5	935.88
1186.1	416.74
964.63	687.93
5503.8	91.091
996.77	2026.1
5974.9	2072.8
3861.9	2952.9
5484.1	254.89
2623.6	2296.7
1038.4	1244.6
1889	533.08
5991.3	757.69
5792.8	2889.2
4055.5	635.9
5940.8	362.73
535.04	1246.3
1265.6	369.14
910.43	1852.9
6509.3	2130.2
122.49	2631.5
5119	27.827
6761.5	2132.6
1138.1	1914
6848.9	2788.5
6267.6	1275.6
1772.9	1578.2
5773.2	2928.6
2696.5	681.04
1813.4	1664.9
4991.5	726.08
1154.1	1272
6411.8	1844.7
2584.5	137.67
4260.7	641.31
4917.6	797.58
146.18	1659.3
6051.9	2029.4
4926.1	68.092
5790.8	1984.3
3511.3	2755.4
1473.4	2047.4
5351.2	2583.6
4395.6	864.71
2790.4	558.32
739.55	2153.7
1370.3	1230.2
4323.2	865.78
5075.5	3433.3
216.32	2268.1
1425.8	2415.7
1574	1843.1
4902.4	570.92
1447.7	369.17
1111	565.96
770.47	2741
2066.8	129.64
1819.8	413
4960	2043.2
5098.1	786.54
1765.3	1955
5273.6	3235.8
6483.9	2753.6
2833.5	926.65
6977.8	1222
5343.8	2981.2
793.14	2343.8
2586.5	1649.4
3897.9	771.33
1219.1	1245.2
4239.5	627.35
1374.9	1110.3
5459.2	634.27
6872.4	3203.3
6329.3	1135.5
5621.7	149.75
4178.7	3121
1893.7	1122.3
1680.1	1692.1
1752.7	2860.8
3475.7	147.72
1584.2	1169.1
2648.2	1749.2
3872.7	1908.1
4066.6	756.58
1098.5	1844.6
3497.5	1940.8
4961.8	565.19
6010.2	2096.2
1367.4	1101
3605.7	51.807
4148.6	2756.4
3528.9	2954.5
4872.1	1974
257.19	1391.1
2825	869.01
6348.6	2398.5
3581.3	2003.2
5318.2	152.89
409.18	2190.3
5480.1	851.51
6351.8	1145.8
6117.2	1094.1
5268.8	942.79
356.89	1541.4
5366.4	132.09
219.5	1035
888.93	1407.7
348.21	1544.5
2312.5	175.89
6609.8	1295.3
4090.5	839.54
1815.8	1711
301.08	2797.3
2617.5	1613.3
5889.7	3142.8
960.65	2032.7
5598.2	235.91
2069.5	2636.9
5990.3	415.39
1611.8	1071.8
5313.2	194.64
743.58	2199.5
506.28	2221.3
5072.2	517.01
1984.1	1921.4
5378.5	61.268
1826.7	1059.6
5826.5	1011.9
4972.4	780.98
3338.1	2290.7
4330.9	1925.6
3215.2	2207.5
1993.9	3749.7
2689.5	681.22
6381.1	801.66
6517.6	2698
4190.7	863.69
2009.8	359.25
6240.3	395.2
363.29	2049.9
4264.1	556.22
4234.3	3234.6
3714.7	1618.7
2148.2	119.7
7039.4	2220.9
4063	755.07
6113.2	2014.1
3444	2284.8
5780.5	358.63
1049.5	447.23
1620.4	2366.1
6156.8	387.78
6769.5	608.49
3242.8	1365.3
1168	2312.3
3611.3	754.95
1457.5	420.28
5960.8	2172
5185.6	2949.9
4874.1	50.183
4889	50.644
605.41	2719.3
4411.7	2577.3
2751.4	3906.7
5920.1	406.79
5753.4	925.91
2689.8	712.54
872.84	2033.5
5623.3	855.14
5638.8	297.81
402.15	2232.5
1196	2062.9
2519.4	4366.7
280.08	2488.9
4995.3	733.06
2620.2	1778.2
4963.6	1608.5
4452.4	867.38
6062.3	1251.7
1588.6	1602.4
752.08	2625.8
2637.8	347.71
3410.5	399.22
3331.4	683.65
4964	1619.6
1300	2612
2796.6	32.227
3068.9	1875.7
5913.2	497.05
5120.9	3259.8
6481.5	630
3626.1	379.34
3507.9	1091.6
6681.4	2933.4
1777.1	2869.9
2711.7	638.54
5634.1	855.57
6565.1	1765.1
2761.7	946.58
6967.7	1432.9
1382.2	435.63
4633	51.135
1736	1834.8
3852.6	1813.7
5716.1	1854.8
3831.9	28.732
4156.9	894.03
173.11	2316.7
1016.3	2109
5576.1	3204.7
3313.1	42.324
4098.9	915.89
4017.5	1327.9
4118.3	1910.5
968.88	961.3
5057.9	773.85
5931.2	378.19
5880.6	481.63
695.96	1405.2
963.13	649.35
557.77	2017
1633.1	796.91
2477.6	1761
1232.8	2151.6
2091	2493.5
3489.4	2943.9
4895.4	758.48
5879.2	2557.4
2565.7	1756.6
327.24	3629.4
1650.4	1129.3
4918.2	890.56
1103.1	2069.7
6087.6	1230.5
