3272.5	2234.4
3263.7	2232.7
62.59	2724
4146.2	2244.9
4145.1	2245.1
2934.6	2233.5
2209.7	2552.3
998.18	1278.3
3148.3	2234.5
2610.8	885.99
3920.4	580.34
2840.2	881.56
2397.4	2566
4322.8	1161.4
4192.1	745.21
1316	2291.2
760.95	2711.1
2654.3	360.33
760.47	2711.6
4192.3	745.52
2725.3	2232.8
761.76	2710.7
1989.7	475.65
3244.5	1862.8
3398.5	284.6
1990	475.4
746.05	2517.7
908.07	2102.4
981.62	2372.6
407.57	2700.2
982.23	2293.2
294.02	2381.4
973.89	2439.2
309.97	2630.6
983.87	2377.1
985.97	2534.8
773.01	2141.6
981.64	2292.3
1973.9	475.17
1453.5	686.5
1744.9	851.92
775.58	2067.6
973.52	2282
2202.8	2636.7
209.42	2132.1
1455.2	685.37
1578.4	1089.8
2013.7	1570.6
2711.1	633.75
3331.6	744.18
779.27	969.75
774.27	994.66
975.62	2203.8
1203.3	790.15
1840.3	960.07
1208.7	2174.8
1818.1	2017.7
4221	1416.1
573.5	1442.1
426.18	2128.5
3926.8	135.45
4079.4	2191.8
762.72	2570.1
1445.5	657.42
2579.9	1630.3
73.453	2040.6
1203.3	790.57
1780.6	1567
2475.4	1993
770.43	2446.9
3200.3	751.7
1838	958.75
1575.7	1031.9
3207.3	745.87
1134.3	1173.9
2807.4	2186.3
2583.5	856.38
35.672	2532.7
1574.5	1033.6
1886.9	2006.6
3079.5	758.18
220.51	2593.4
2426.6	835.38
1064.1	849.96
2477	2007
974.87	1263.9
1885	2006.9
163.18	2333.9
2478.5	2005.6
1560.3	2536.8
2470.8	2246.9
939.3	1248.4
2668.5	2601.7
1187.2	495.51
321.87	2145.5
759.2	2769.1
4297.8	1988.2
1419.2	940.76
1280	1054
4162	719.16
227.5	897.24
1298.7	1913.5
443.93	1170.3
841.65	2227
2436.4	826.39
1284.1	1907.8
629.23	1080.5
4294.3	1986.9
1344.1	2152.6
1566.3	2049.5
1550.9	2346.7
889.19	657.3
1632.6	926.75
1889.3	987.01
3413.5	228.91
1760.2	978.81
261.19	2104.1
1305.8	2381.3
2444.3	819.16
3410.6	220.23
1570	2045.9
2255.5	2203.7
1399.2	2545.3
321.59	2143.4
1392.9	2443.9
1238.4	259.58
3618.4	202.32
1238.4	261.97
1303	2156.6
2467.1	1510
1313.3	2155.6
1344	1924
3508.6	200.85
1457.9	2961.9
709.73	1994.1
231.6	2238.7
1471	629.85
1400.3	2167.3
3624.9	197.67
156.38	2300.9
1572.4	2043.9
2304.5	89.809
1574.6	2042.2
835.22	2342
1225	2101.3
3393.1	788.01
3023.5	648.95
1226.1	2102.2
1341.9	1921.9
1017.3	1443.5
41.322	2474.3
1648.6	2837.2
2484.9	2957.1
46.218	2400
599.12	1836.8
1264.9	1127.5
1851.9	1992
2301.6	91.732
2111.3	1831.6
1153.4	301.29
1356.5	2151.9
4304.1	1729.9
1223.3	1679.3
227.82	2324.3
1193.6	2630.3
1193.5	2628.9
3930.2	270.22
1177.2	1881.3
1750.5	2809.4
3159.4	667.35
3554.6	814.76
1215.6	2349.4
2964.5	259.44
3000.4	628.87
3453.8	2196.1
1054.1	850.89
1702.8	1786.8
1529.1	1075.4
1183.7	2100.7
2742.5	1914.3
1913.8	2004.9
2738.1	1171.1
1119	496.38
1632.1	1877.2
526.93	803.1
2846.2	922.31
409.16	2049
1356.7	301.99
2574.9	1080.8
2004	1820
1914.8	2004.5
2369.8	2842.8
1363.4	1881.3
3098	1875.9
2450.1	745.58
1390.7	2607.7
1916.2	2002.8
1743.6	2944.3
1910.3	2732.2
4180.3	2647.6
1997.2	1542.1
3536.2	1047.8
1263.6	350.08
808.83	607.05
1328.5	1677.5
281.08	2114.8
1756.6	1593.9
68.953	2297.6
1291.8	2380
920.2	539.08
981.19	502.96
2331.8	2277.5
3435.9	1475.1
3218.5	593.92
828.71	928.73
1652.9	1829.8
74.173	1620.7
1958	1859.8
2196.7	2477.1
3317.7	2254.6
3384.4	788.01
2197.2	2478.9
1600	1903.2
2086.4	1846.2
618.37	737.02
1286	2383.6
799.31	1303.7
1285.7	2383.3
2248.8	372.7
863.83	572.82
971.25	508.98
3957.1	805.3
2499.1	1720.4
1913.5	2002.5
1308.3	2279.2
3256.1	1736.2
906.66	2058.5
2796.4	1739.3
1413.1	1906.5
2437.2	699.05
1393.2	2606.1
1606.3	1835.5
43.124	2010.1
1557.3	1830.6
4235.2	746.31
441.53	1476.6
1968.7	2757.9
3271.4	602.15
3097.7	1875.9
3721.9	1449.5
662.99	705.23
2251.3	369.78
1216	2265.1
1455	1855.2
3931.9	1432.9
3487.3	198.72
3560.2	1681.9
1307.3	1873.5
285.17	1921.5
4300	751.8
3353	2784.9
1467.5	1823.9
1308.8	2279.6
839.87	2127.2
2921.7	1720.8
4062.4	597.49
3039.5	628.54
1461.9	1817.3
2640.2	327.95
2826.2	1706.9
4062	596.6
1292.1	2421.6
481.24	935.38
2512.5	1705.8
1215.4	774.65
624.67	2715.1
3927.9	1707.9
4033	1468.7
309.45	2232.2
1681.7	1825.8
851.86	2381.8
4274.8	1692.8
4186.5	1971.3
1316	2038.6
852.35	2383.5
1664.1	1872
2634.8	1953.3
1143.2	1941.2
946.57	1190.7
2632.3	1712.3
343.58	2063.1
1988.2	1808.9
646.49	2026.7
2214.4	1811.8
892.69	915.23
3970.7	1580.7
744.72	2708.7
1875.2	2020.3
640.46	2010
605.53	2548.4
2701.3	1981.7
3380.1	788.69
2192.9	1765.9
3980.3	2983.2
1120.4	2755.9
1310.1	2283.7
3514.9	1723.8
3374.4	2244.8
397.42	894.97
1938.1	1789.8
4256	1739.1
3580.7	2485.2
1719.1	376.21
2288.5	1511.8
1294.5	1875.5
2890.8	856.43
2638.5	1943.5
2012.2	781.01
2197.8	2763.9
674.46	1312.3
2989.6	1701.1
271.47	2005
1314.9	1051.6
157.89	2286.4
1146.6	1866.1
920.38	2736.7
2639.1	1938.5
1353.4	1929
1342.1	1835.2
1229	1899.7
1282.2	2396.4
257.14	2113.6
3109	1714.2
2550.9	2244.4
2807.7	1854.9
1459.5	1859.2
2563.5	2555.7
2976.1	1869.7
645.15	2027.6
1102	2519.1
383.19	2364.9
2649.2	1971.6
1358.8	2609.9
1457.4	1857
393.17	1908.3
1295.7	2594
2972	1734.4
1723.8	1819.7
3210.7	1840.4
1986	789.6
3965	938.33
1111.4	2435.6
633.21	2628.2
3585.9	732.41
3545.8	1667.9
960.45	1987.2
1229.7	1888.1
