3045.9	209.46
1705.9	1303.8
2865.3	2330.8
7259.4	1794.5
3190.8	1124.8
4017.1	189.64
287.97	2531.2
4158.1	952.76
3086.1	2471.3
785.97	1734.5
4992.1	1035.2
3289.6	821.68
5925.7	1217.5
2463	985.27
2089.4	1046.6
2253.1	2907.9
2084.8	1045.6
3699	957.92
2080.2	1051.8
5923.1	1254.1
4172.1	924.53
5312.4	260.17
2827.9	944.77
3358.6	844.58
2034.1	2886.4
4172.9	924.54
3287.2	921.07
2366.2	310.83
6432.3	1327.9
7136.3	1728.6
6174.1	1294.2
5001.9	1066.3
1812.5	470.74
3981.9	1353.1
2822.1	945.47
6089.9	2071.8
4596.9	266.74
4385.2	3342.4
6168	1207.4
5864.4	313.62
3084.9	2563.9
1635.4	1982
2880.6	1939.8
4183.8	930.91
3275.2	924.38
6845.7	1568.4
6821.1	1498.8
2153.6	1222.9
2540.1	910.26
1953.6	1723
4700.2	2367.6
2285.2	2133.6
1051.9	1449.3
3784.6	2140.3
2392.8	1896.2
1460.3	1984.9
6614.3	720.14
4109.6	1937.3
5912.5	580.02
1788.8	968.55
2001.7	276.48
1522.9	465.98
1997.3	1972.6
1515.2	1190.6
1399	2014.8
1893.7	648.12
2015.1	2722.6
2265.5	1216.6
5664.9	1162.9
3108.6	2357.3
1511.2	1180.5
1586.9	1176.4
5013.2	1932.3
4059.3	1924.7
4814.9	543.45
2238.1	562.63
3685.5	1871.7
5698.4	1106.7
6718.4	1512.4
4573.2	993.8
6654.6	2846.8
1484.2	2006.9
2157.8	1223.9
4954.6	1975.2
4831	2376.8
1686.5	715.67
3287.9	951.34
2473.7	998.26
2154	1232.3
2951.4	508.26
5480.7	2389.8
2962.1	487.19
4583.5	530.96
7013.1	1592.2
4037.1	460.31
1844	2015.5
1408.7	2676.8
7162.6	1675.4
3009.5	1689
2807	2749.3
6460.3	1351.6
3868.8	1910.4
3230.5	484.4
2033.8	2026.5
5365.2	1007.3
4173.3	961.19
3300.1	814.02
1474	1974.8
1513.5	1039.7
6733.9	1467.9
6924.7	1414.8
5274.5	635.01
5473.8	2199.1
7272.9	1727.1
1582.2	2008.8
1856.9	698.58
6116.9	2297.5
2504.5	943.65
1863.3	682.68
5686.1	2019.6
1554.9	1086.7
6200	2114.6
4537.6	3272.6
4596.7	513.06
5956.6	2062.5
5086.7	1720.5
4579.6	994.43
1660.3	707.28
3293.4	951.33
2308.9	2130.9
3725.4	853.33
3277.4	923.78
7161.8	2115.5
4702.7	1712.2
6616.1	1438.8
2938.5	494.63
6192.4	2073.7
4392.4	1889.4
1865.9	682.43
1868.1	696.63
5865.1	817.03
5941.7	427.31
1790.3	3030.1
1477.4	1984
6206.2	1159.1
3178.4	1998.5
2294.6	2585.6
2701.3	1855.5
6026.3	860.02
1482.7	1974.9
7114.7	1654.9
1773	1056.3
7116.3	1717.8
5335.4	977.48
1747.8	2306.5
2987.2	2337.1
1311.9	3692.1
5276.5	618.11
3038.9	2357.7
3257.9	391.55
1778.5	443.76
5570.9	361.31
4993.7	1052.8
4313.3	1981.9
2232.9	604.84
2975.1	2341.9
6110.5	2072.6
1527.4	2467.4
7248.9	2352.3
4974.6	1984.4
1923.1	423.79
6464.8	1437.3
7158.9	1656
6441	2433.6
6569.7	1361
7061.9	3012.1
1732.8	1974.3
1856.4	683.44
4094.6	437.8
1653.2	896.4
5610	3962.5
6577.8	716.84
4160.4	927.64
2117.9	994.66
4016.9	1923.5
6580.3	2134.3
6604.1	1482.9
2475.7	987.97
3755.9	427.24
1126	2830.3
6371.2	591.68
1666.8	712.52
6099.9	2045.5
4342.8	1902.2
2902.8	2306
6183.2	2073.1
1198.1	2544
5880.1	2211
7101.2	1633.9
5467.7	1785.1
4359.4	1886.4
5504.5	1308
6969.3	969.9
1624.1	1322.2
5345.9	1025
2286	2688.4
5610.8	3961.9
5581.5	2574.4
4130.1	2020.8
6041	2098.7
4581.3	855.12
4011.6	1912
4607.6	142.75
7241.1	1734.9
6512.3	676.15
4103.3	2782
2490.4	565.42
4332.4	93.278
3042.3	1132
6596.3	3756.5
2095.9	1047.2
3789.2	201.74
3922.7	1943.3
3748.9	2318.1
1625.7	1322.8
4996.1	1052.8
2208.5	2332.9
5652.5	2023.3
5897.7	2707.8
3700.1	869.77
6985.6	996.28
1937.3	2401.4
1843.5	691.03
6245.4	2111.2
4763.1	296.86
5920.3	610.38
2823.2	969.46
1643.4	1315.7
4729.8	1722.9
5877.1	2647.1
7096.8	1409.7
1590	1840.1
4582.8	974.97
2724.2	1952.7
1834	2566.7
1401.1	1787.2
5843	1786.3
5508.8	712.14
6670.9	2215.9
6029.6	875.71
6352	1339.9
1512.1	1788.8
1485.5	2030.1
6683.1	1464.7
6537.1	2730.4
2395.5	30.44
1675.1	4526
5291.5	643.2
1547.3	2216.9
4436.5	1946.2
3116.8	1336.2
3103.8	89.001
3369.7	729.26
3249.5	483.54
6056.6	2090.7
6710.3	1303.6
2017	1976.7
6186.3	1886.3
3730.5	1941.3
6158.5	2208.7
2471.3	948.59
6862.4	1472.6
2885.4	1980.1
1878.1	658.78
3179.1	1998.7
1345.9	2040.6
6714.2	1521.4
4177.5	961.58
7086.6	1067.5
2875.6	1981.5
1332.9	2391.1
4147.7	1956.3
1847.6	2239.3
3084.5	1472.3
4679.4	1006.1
6516.1	666.31
6723.6	1473.5
6258.3	2126.9
5471	2265.3
3693.1	67.474
2363.1	3344.5
4653.5	1958.6
1422.5	2140.3
6157.1	2208.2
6711.3	1517
6773.9	2001.1
6906.5	1562.2
1340.2	2227.3
4123.7	914.17
4200.6	1666.5
5606.9	1976.4
3309.6	1926.4
2518.1	407.15
5881	2560.3
6936.9	1608.2
1273.4	2309.7
6293.4	2170.2
1621.4	327.51
1401.8	2142.7
2617.2	159.38
3832.3	1996.2
4135.5	884.33
6047.2	2039.7
2629.3	1953.6
1453	2049.8
1574.7	1777.5
1821.8	2922
5063.5	1950.2
2189.4	1983.4
3725.9	1928.4
4639.1	1959.3
3744.3	2005.5
1529.9	1997.6
3978	1893.6
5026.2	1929.1
2277.1	2914
3012.9	1396.1
2800.2	905.7
7152.5	1078.1
3400.4	782.25
4634.7	1622
1507.9	2000
280.78	2861.1
6607.3	1983.1
4112.2	2327.8
6464.1	2079.9
1559	1782.5
7322	1793.1
5074	174.18
3421	79.191
6145.3	1234.9
4418.4	1946.4
3725.6	1954.6
6544.4	2155.9
1838.5	2593.4
2777.3	1854.9
5104.7	1729.3
4294.5	1899.9
7294.6	1799.2
6223.4	2754.5
1068.1	1641
3014.3	2196.5
4021.1	1911.6
7078.4	1627.2
4167.7	960.98
6156.9	1884.5
5948.4	2214.3
1548.1	2127.6
1909	431.8
4076.1	989.2
1878	1990.9
3397.1	1924.4
1417.5	2020.6
4066.6	2158.2
6262.7	2123.6
5010.8	2064.3
4922.5	2042.7
7240.1	1161.5
1420	2003.6
6540	2199.1
5858.4	2108
4197.2	92.659
1648.2	1993
3101	1980
5859.9	815.73
4180.8	962.03
2620.6	1868.6
1779.8	962.79
6040.1	2078.1
3810.5	1202.8
6327.7	3160.5
4592	101.28
2844.6	949.55
3726.7	1952.1
3287.7	879.85
4032.4	210.54
2105.1	1693.1
5009.4	2064.9
3416.8	72.79
2969.7	987.85
861.33	2414.3
6983.7	2057.5
1834.2	530.59
5635.7	216.75
3421.7	78.872
2912.4	1872.5
6302.2	616.31
4122.1	2122.1
3418.7	74.057
4440.5	1948.1
5240.6	382.82
1143.5	3130.1
5867.6	2285.9
5526.7	1802
1832.3	528.79
6365.4	2546.7
5855	815.1
3262.9	1650.4
6378.5	577.02
5325.6	1041.4
1664.7	724.71
5555	303.97
1005.4	3278.4
1147.6	3730.2
5864.9	2458.2
2054.6	1713.6
5866.2	2284.4
4471.5	919.59
2073	1015.6
1848.2	2241.6
4439	1947.1
3293.5	1877.1
1418.5	2001.3
3693.7	945.89
5483.4	2178.5
3391.6	887.88
1649.1	1991.4
1504.2	1190.8
4040.2	2380.9
6117.9	1275.4
6542.9	2018.7
6851.9	1550.4
6207.1	2091.4
3790.5	156.47
3677.9	1878.2
2345.6	1703.3
5456	2039.4
1116.4	2408.4
4831.6	1460.7
6439.4	1182.1
6964.6	3039.7
5856.1	1937.5
6550.5	1967.3
1644.6	1998
3293.7	962.33
4390.9	1898
1607.3	1772.2
6634.5	2873
5816.8	1745.6
4687.9	2156.4
2583	130.14
6181.2	1266.3
4904.9	2035.2
4568.3	919.05
3261.9	165.35
2350	288.92
7022.7	2079.6
4741.8	1971.9
5487.5	1797.6
2630.1	162.64
1577.5	2043.1
6648.3	1974.7
5257.9	1999.9
5454	2018.4
2167.2	1075.1
5076	173.58
6775.6	1565.1
7224.4	1493.8
3082.6	2566.2
7086.9	1612.4
1413.2	2300.4
5241.4	1028.9
5399.7	1963.2
4637.9	1715.7
3144.4	2292
1610.1	331.18
4132.8	2156.6
5862.6	1818.2
5755.9	258.24
2636.5	1884.6
2693.3	120.49
1530.4	2009.1
6148.7	2169
3027.4	185.06
3305	952.06
4070.2	1923.1
2178.1	1978.8
4050.1	2286
3908.2	1959.2
31.03	2405.1
3816.9	3538.7
1463	2048.4
4322.5	106.24
4063.3	1992.8
1561.2	2291.8
5004.5	1045.1
1650.7	2008.3
5266.4	268.14
5843.2	1166.8
4952.4	1938.5
3776.9	908.48
4024.1	22.636
3058	1879.1
4774.8	2593.4
1533.4	2295.4
4839.6	2372.7
7075.9	2093.9
1567.6	1157.2
4565.4	1694.7
6429.6	1306.6
4850.2	176.26
6565.5	728.46
6955.2	2182.2
4416.4	1986.6
5357.7	1760.3
3211.5	918.84
2828.4	1672.5
4825.2	1801.8
6541.9	2162.9
7056.4	2802
3732.6	870.24
3088	1980.8
3727.7	1949.4
5488.4	1794.9
1542.8	1780.9
3185.2	1915.5
4377.5	1916
2618.9	142.49
5921.9	569.91
2530.2	968.95
1582.5	2274.7
132.08	2118.9
5449.8	1765.6
4006.1	1761.2
6861.4	1471.8
2760.9	782.92
3285	1643.6
4413.9	1984.9
2046.4	2115.5
1857	2529.2
5118.3	1987.6
6887.1	2030.6
1857.6	2352.9
2276.8	2729.9
1487	2034.3
7237	1686.6
3972.8	1972.3
3025.6	183.34
238.4	2490.8
6081	2040.5
358.04	2206.1
6649.5	2197.3
3715.5	797.37
6617.8	2036.1
4442.6	1912.7
3948.4	1759.7
2908.8	1754.1
3893.1	1754.1
6603.2	1953.9
2994.3	1754.7
1673.7	288.15
3636.7	1887.6
7279.3	2100.9
2904.9	934
4830.6	1797.7
1666.5	310.1
3694.9	69.003
7073.4	2872.9
3712.4	1692.9
6857.3	1503
1911.1	1750.3
6901.2	2624.9
3981.9	1760.9
6350.4	2488.4
1630.8	1737.6
6053.2	1713
4645.6	2003.3
6116.9	1939.6
1127.9	3715.3
4152	1693.3
1466.4	1853.4
5860.9	2536.3
5997.1	1439.1
4095.2	919.49
3061.2	1858.5
5446.8	1769.9
6417.6	547.37
5928.1	2076.9
3684.3	1893.8
4135	1561.1
5731.6	2054.1
365.5	3012.6
4431.8	1897.1
1761.2	984.72
675.04	2270.9
6087.3	2133.3
1497.8	2013.9
1144.3	3708.1
2116.2	160.21
3892.6	1985.5
2047.1	1722.3
5754.5	210.47
1869	2177.2
5575.7	1806.4
2499.3	4231.6
5975.8	2102.7
3363.8	4182.8
7067.4	2837.2
3728.4	1948.2
4017.9	1377.3
6617.5	2039.7
3049.8	48.192
2158.5	1032
7301.2	1739
4838.1	181.58
2304.7	2421.7
4906.7	2029.7
4644.7	972.21
3687.7	796.55
5455.3	2020.2
593.75	3091.9
4589.4	143.83
5844.7	2249.4
7327.2	1573.6
5861.3	2496.6
4157.7	1714.7
4375.4	1918.4
2420.5	1867.1
3405.6	59.677
6967.3	2054
1062.2	2446.6
1325.5	2044
3272.3	911.5
4091.9	921.2
2139.1	1795.1
2022.4	2583.6
5369.4	3036.8
3249.6	68.711
5676.3	2092.8
5640	1099.1
6617.9	2036.5
5772.4	1786
2728.7	133.42
1458.8	2192.6
2294.1	2210.8
5250.1	1982.2
3299.6	4207.1
6349.9	507.93
7010.8	1191.7
6852.5	1549.2
4146.7	1546.5
6782.6	1675.7
3669.1	1874.2
5860.1	419.08
3973.3	1974.7
2407.6	991.05
5549.3	2048.9
4694.5	1792.4
5944.1	2115.4
3178.5	2010
4573.2	1631.7
3106	64.199
1163.1	2311.9
3402.8	1926.7
1565.7	1155.1
5816.2	1567.9
2306.4	2423.8
5941.3	2054.4
4512.2	67.61
6022.2	2070.7
4980.6	1943.8
1510.3	2063.7
2450.9	981.58
6829.2	1543.1
1991	1030.4
1884	655.67
4897.3	1806.2
2583.6	1945.9
5862.5	2276.2
2863.3	1772.9
4919.9	1219.1
5640.8	641.07
3965.2	1945.3
5861.4	2451.1
5724.8	2056.9
5385.6	1084.8
684.13	2409.2
3821.9	51.72
1134.7	3687.6
2154.4	1029.2
1437.4	1801.9
4885.4	2573.1
1692.9	299.23
2481.2	1017.4
6424.8	551.39
6085.4	2130.7
1473.2	2038.3
2958.1	127.7
4801.7	525.15
5472.2	2087.9
4301.5	1904.5
3217.5	484.83
3972.1	1960.9
3768.7	396.23
4473.4	58.562
5509.9	2042.6
6859.6	1512.8
5533.8	257.61
5617.8	1970.8
5063.1	2015.7
3121.7	2671.6
4718.8	29.042
666.12	2596.2
2132.1	2485.9
5735	2049.2
4034.1	220.4
6077.6	542.97
6350	1871.4
4412.2	1949.9
3067.4	2339.3
2023.4	2402.3
6110.5	2036
5606.5	1874.6
308.22	2021.3
4975.3	117.73
5002	2164.4
1903.5	325.97
3815.6	1760.5
2541	123.17
5845.8	2337
6010.9	2122.6
5514.2	675.45
5430.8	1385.2
2267.5	542.43
2131.3	1980.9
4150.9	1964.1
4020.7	83.942
3912.6	1943.9
1498	2003.1
2016.2	2385.5
6824.9	2029.5
1884.5	626.88
4198.6	826.58
2193.2	256.9
3689.2	897.06
3698	49.954
7143.3	2057
6234.3	2651.5
6637.6	2144
5351	1945.2
298.2	1978.5
1415	2214
2955.4	1445.7
5458.8	2217.6
7087.7	935.14
4715.6	1724
5585.1	2394.8
6730.7	3374.8
6896.7	2243
5963.9	1252.2
6443	1401.3
6315	2435.9
4061.8	1761.4
6394.5	798.85
3500.3	55.587
5505.6	2007.2
4856	181.6
4897	1800.9
4382.2	1900.9
893.88	2326.4
6380.5	629.37
5705.3	777.74
4445.7	1950.3
6471.9	1022
5507.8	2011.5
4115.7	1900.8
3957.9	1653.3
6665.3	2632.3
7103	1691.7
5679	2058.6
2269.9	180.24
3753.4	1887.8
6751.7	1196.9
5722.8	1841.2
5779.9	1305.1
5450.4	2074.5
1908.6	335.76
6251.1	458.11
6709.7	1528
5676.9	1885
2826.7	2390.9
7159.9	1838.5
7258.2	2542.6
5901.8	2530.9
2282.8	1680.7
1584.2	433.96
1336.5	2036.7
3361.7	1928.8
6238.2	2303.4
6051.6	2313.4
5661.9	1114.6
3960	1978.3
3811.9	1167.9
5818.6	1567.5
2425.6	146.1
4039.5	58.409
901.6	2468.4
6637.2	2040.7
6027.7	1492.6
1987.3	285.2
6838.2	1482.9
2004.8	204.83
4714.3	1722.5
2306.1	2288.9
6198.3	1897.2
5445.6	1691
6024.7	1009.2
5861.1	2274.5
2021.8	2143.7
6058.5	1868.7
1847.5	257.94
5720	2213.9
1536.3	1122.5
4989.3	204.6
2017.6	2390.1
6709.3	2178.9
3824.2	50.72
6100.3	2397.2
6581	2028.6
6198.5	1950.6
4925.5	2038.4
584.94	2989.7
7011.3	2379.1
3703.8	918.25
6774.3	2110
1893.5	543.36
5801.4	547.75
1494.3	1103.1
6602.9	2186
6851.6	1492.6
1689.1	2057.8
6157.8	2086
6433	1284.1
1784.2	1990.9
7104.8	1699.8
4839.4	1982.3
4065.7	1953.8
6842.3	1487.3
1941.5	2037.6
6088	2040.7
4027.2	2257.3
5275.3	617.01
5478	2278.8
7335.4	1729.1
5638.9	168.13
3705	74.869
5234.1	1996.9
1846.2	2161.5
3124.3	1914.9
4142.2	2170.8
4113.2	2014.4
2231.6	2073.8
2877.5	768.29
6635.9	2040.3
1756.9	1942.7
1130.6	3732.4
1771.7	1120.1
1659.9	1688
6847.4	1964.7
4378.7	59.394
3828.7	2252.3
6123.9	1872.6
5679.8	1881.2
7152.1	1486.2
7061.9	2131.2
6612.7	1465.1
6495.1	672.95
5863.1	2567.6
5683	1148.1
3021.9	1753.3
3752.8	1554.1
2206.6	2480.4
6179.5	2218
3917.1	1976.7
5265.6	2039.4
5022.7	2065.5
7084.3	1166.5
2266.5	2235
5228.2	340.33
1834.2	2307.1
6740.8	752.75
3861	3518.3
6097.4	2136.4
1658.3	2011.6
1547.5	2026.1
3926.3	1934.8
4449.3	1909.3
2101.8	556.02
3685	1895.3
7330.8	2376.8
3037.8	1957.6
3687.4	935.96
4128.4	1020.6
6224.9	2135
1615.3	2576.3
6729.3	1162.8
1871.8	1995.9
4315.5	1951.5
1832.8	320.92
2890.7	2302.2
1478	1070.3
2820	2487.2
4580.6	2566.8
6600.9	1455
3180.2	69.018
4453.1	1955.6
3876.5	1903.9
2483.3	864.48
1237.1	2801.7
6051.9	2545.8
4353.7	1963.3
3249.2	726.75
7215.4	2355.3
5577.6	1868.3
1138	3724.9
3951.3	1936
2470.8	172.98
4970.2	2031.8
938.79	3394.7
3676.2	50.021
2878.7	2177
5463.3	1850.7
6573.6	2431.2
2538.5	2915.9
2552.6	269.06
2274.2	2910
6548.3	629.4
4462	116.17
2022.6	2199.7
6066.5	2069.4
3210.8	945.11
3140.3	2304.9
1591.7	252.36
5531.4	2135.8
3817.7	3537.3
6418.2	546.64
6561.6	635.41
6253.3	2085.4
4888.8	2346.8
6446.5	1200.7
3501.5	4137.3
5707.5	3126.2
1469.1	1795
4070.6	1656.2
2627.7	171.91
6537.3	2601.6
2638.6	1956.1
303.19	2340.3
540.23	2172.1
3797.2	475.43
6491.3	3407.1
6501.8	3393.2
2020.7	2194.5
7329.9	2373.7
4114.5	2263.2
1204.9	2162.1
3684.4	904.03
2475.3	575.08
2148.3	2089.5
1510.7	1987.9
5981	2205.6
1788.8	1929
5953.2	2344.8
2256.9	1209.7
1119.4	1945.5
465.51	2458.4
1415	2473.4
45.348	2172.9
2036.5	2120.3
6537.6	2208.6
5586.8	456.16
6835.1	1961.3
6985.9	2893.5
1722.7	1875.5
5241.1	1961.3
1437.5	2144
6551.8	2200.5
2013.5	2506
5720.5	2364.8
3285.5	4206.2
1396.6	2027.9
697.16	2480.2
2025	2137.3
6724.5	1522.1
1090.3	2799.9
2720.8	1922.1
4839.8	2003.4
6212.5	2936.1
2145	1986.8
5654.9	1875.7
5680.1	1166.4
3272.9	1915.5
6858.7	2015.6
3904.2	1972.2
5722	2453.8
5521.8	298.84
1460	1850.6
4340.9	41.471
2120.1	984.98
6191.9	2136.4
2727.4	1893.7
5215.9	2629.4
6252.1	2121.8
1611.1	1763.6
6584.9	2188.4
7237.5	1763.8
6616.1	2151.4
1511	2102.1
4748.2	2371.2
5988.2	2072.9
3788	2256.3
2027.2	266.84
6875.4	2087.7
7086.5	3190
7103	1066.6
1801.5	354.42
239.03	117.73
6024.1	2069.6
7331.2	2377.7
3904.8	1969.8
2981	2013.9
6840.2	1556.8
6820.6	1740.9
2000.8	2444.9
4007.1	3758.8
2981.9	1866.1
3157.9	2178.1
3975.1	44.92
6201.1	2091.9
190.82	2573.8
1739.3	1116.5
3854.8	1636.8
282.59	2433.4
1684.3	2050.1
4428.8	1958.1
5471.5	1354.5
1719.9	404.1
7030.3	1580.6
7292	2662
1667.5	373.38
5642.1	2170.4
4453.9	1906.2
4918.2	2128.5
4994.7	155.82
6165.4	2820
6902.4	2362.5
4051.1	2369.5
3011.4	1656.2
6793.9	1726.1
5423.6	1358.2
4423.6	1995.3
4834.3	131.58
5318.8	1113.5
1854.3	284.5
7196.7	2287.8
207.09	2906.4
4921.1	2043.2
1805.4	2752.6
1371	2001.4
4780.4	1699.9
1230.1	2008.1
7226.5	1175.6
7073.1	1135.4
2523.9	986.27
2501.2	946.61
1687.8	667.11
6985.9	1067.5
2276.4	56.644
6544	799.52
5015.1	2237.4
4093.4	483.62
6907.6	2573.5
2678	1858.2
1798.8	377.09
6442.6	1195.3
1685.5	746.97
6104.5	2191.3
3202.2	69.729
3718.6	1959
5031.9	2074.5
4876.9	2120.1
1494	2922.7
3917	1654.1
6794.9	1740.7
5457.5	2098.6
3418.3	46.8
3695.2	1591.7
5331.1	251.81
5636.7	2174.5
5577.2	2372.3
2060.6	1639.8
4787.3	1805.1
3059.1	1757.7
4894.6	2023.3
1109.4	2457.1
2439.1	1050.1
4999.1	2147.9
2177.4	2257.5
6652.7	2150
5065.3	101.47
6961.5	2237.5
6711.7	1312.9
3797.6	1638.3
3298.6	797.27
1872.8	1208.2
2018.8	2318.3
2542.7	2912.9
2113.9	3373.7
1721	404.78
6395.8	702.08
5544.6	2162.2
5348.7	1082.8
5339.8	2055.2
5467.8	131.08
2497.5	1863.7
2284.1	1221.4
3589.8	2677.5
5606.1	2108.9
1317	3698.7
6213.5	2107.7
2000.5	2261.1
5946.8	2180.1
2992.3	4185.9
5348	1958.4
1502.3	1701.5
6520.1	778.46
3729.2	1572
1135.4	3727.1
4151.8	1967.1
7156.8	2436.1
4072.3	384.68
4462.9	2787.5
7202.2	1764.2
5363.3	282.42
7194.2	2090.4
1510	1027.1
4472.3	87.785
6798.6	1703.1
6635.4	1362.2
1407.9	2287.8
1469.6	2638.8
2017	2323.2
5282.8	2042.1
6903.8	2419.3
3502.7	54.432
5348.9	1972.6
3400	55.201
2477.7	853.54
3512.7	49.274
2117.8	1901.7
7281.5	1142
4776.1	126.61
6310.8	589.85
5621.8	1453.3
6241.7	2457.7
1583.8	449.3
6145.9	1236.4
4006.9	1921
5739.4	2515.2
7170	1615.7
4996.1	211.38
2456.9	170.36
5017.7	2279.7
4858.8	2339.9
4143.7	879.58
5565.6	1783.1
6908	1504
2173.2	2327.1
3870.1	1917.5
1470.3	642.21
2423.6	372.17
6522	708.92
6660.1	2621
5258.2	229.07
6707.8	809.77
5804.9	1244.1
2933.2	1232.1
1903.7	1753.7
5940.4	1231
7171.1	2264.3
1569	1339.6
1191.7	3715.9
5306.1	249.94
1483.9	1853.9
6926	1423.4
4707.1	1302.4
4864.5	2121.4
2931.7	468.97
7184.3	2954.2
1877.7	1732.1
2825.7	1995.7
4032.8	495.17
458.13	2485.8
6725.7	1554.5
3854.9	1634.2
6671.5	1468
7105.6	1710.3
2865.7	1596.8
4717	129.56
316.7	2200.7
1511.5	2096.7
6532.8	3267.9
5796.5	2188.4
2138.8	2681.8
1530.2	1085.9
2477.9	868.37
6589.5	734.63
4802.1	2942.8
7331.5	2402
1528.3	1081.3
4305.7	2892
6670.3	1469.9
3562.2	1878.1
2078	1656.6
2186.3	2099.4
5525.8	1960.7
1499.1	1183.2
2544.9	961.12
6747	3222.8
4159.4	1940.2
6246.3	2450.8
6239.5	2379.3
3567.3	1860.9
1269.3	2156.7
6237.4	2465.5
6101.8	2910.7
6936.8	1635.8
4174.6	918.48
3168.6	2282.1
3809.4	1946
2272.4	192.82
1098.2	2460
4504.1	2426
1405.7	2331.5
3938.2	2024.9
3877.4	2355.8
4015.3	2072.1
6013.3	869.03
937.16	2645.4
2544.8	955.01
1904.7	343.45
3989.4	1946.3
3211.5	1887.2
3815.9	1954.2
5248.7	2043.6
6410.1	1885.2
6806.6	1695.2
4865.2	2115.7
3084.4	1876.4
6845.4	2163.7
1503.5	2961.5
3939.2	2024.1
6239.5	2462.8
4991.4	187.19
2618	140.19
5703.3	401.02
6532.2	1752.3
5242	2049.2
4352.7	1907.4
6681.2	1503.7
4146.2	854.54
4688.3	1675
2146.2	2263.2
4601.9	536.81
2562.6	842.08
4587.5	89.301
558	2169.5
4136.8	2120.4
613.37	2136.9
5484.4	892.17
2435.3	333.02
2354.5	1595.2
1108.9	2459.9
1514.9	1808.1
6940.7	1646.3
6713.3	1315.4
1585.6	389.47
5480.2	1955
2112.6	1969.6
6486.4	1567.9
5456.1	224.84
1845.5	703.55
6446.3	3168.6
2452.2	131.48
1688.6	662.2
2573.8	872.41
2092.2	1652.1
7032.6	1647.6
5592.7	1988
1899	331.79
2888.4	1871.9
4989.5	188.64
6878.2	2825.9
4206.3	1607.9
753.48	2444.6
2841.6	1746
4981.7	219.89
2014.9	2418.2
2507.6	962.61
5756.9	1998.1
6588.7	729.21
1692.2	2058.8
6537.9	2718.6
6721.1	1543.8
6192.4	2091.5
2017.4	2675.8
5612.7	2756.1
1433.6	1999.3
3175.2	2271.8
5235.3	363.24
7156.4	1476.2
5819.2	1567.5
6360.7	2902.8
7109.7	2775.8
3598.6	4098.5
1934.2	412.75
4568.6	2939.4
623.57	2789.2
3394.4	54.966
2971.5	2062.9
6469.9	1207.3
2069	2307.6
6239.2	495.03
6688.9	1489.9
3432.6	1941.2
4227.6	1615.9
6288.6	2019.6
2112	1652
6814.6	1749.1
6124.6	1818.9
6904.1	1103.9
6453.1	2338.3
1323.4	2470.5
1628.5	340.98
4654	2008.9
4574.4	2638.7
1373	2003.3
1570.6	235.57
7185.5	2064.3
6600.6	2112.8
1942.2	282.21
5912.2	1200.7
1444.2	2489.3
1621.5	1523.6
6239.5	2322.4
1075.7	3730.6
4825.9	2130.1
2274.9	613.85
3343.9	913.56
7064.5	2853.5
6625.3	749.91
3942.6	402.27
1855.4	1273.2
7057.6	2211.9
3227.6	1591.1
1528.4	1082.7
6085.3	2049.2
5563.3	2067.7
4208.2	1653.7
4158.6	910.92
7283.6	1142.9
5629.2	2064.1
5683.5	1991.3
5490.6	2104.6
1496.7	1183.3
4449.2	1670.1
5486.5	717.18
3471.8	1849.3
5666.5	2945.4
6420.4	1255.5
5017.7	2078.5
5916.7	1746.1
6806.4	2368.3
4601.9	1975.5
7326	1747.1
7274	1795
1804.5	656.45
5981.1	1797.5
1262.2	2315.1
5600.2	1992.2
7264.4	1388.5
1700	2843.8
5710	2484.5
2461.5	538.43
6607.1	2021.8
6512.3	701.12
2046.7	2134.3
2298.7	2700.3
5269.2	897.1
5675.1	1144.9
3255.6	882.96
5669.9	1975.7
1630.5	339.54
4722.6	1903.7
2114.6	1627.3
6902	1453.8
2922.5	2689.4
6361.1	2720.2
418.98	2433.3
3489	44.799
3763.1	1931
6266.8	2069.4
5004.1	1045.5
3105.9	1961.2
2273.9	2180
5568.4	2255.3
5517.4	353.3
5708.6	424.02
6562.8	824.14
6680.2	2520.8
4794.2	1639.7
4593.1	863.85
6170.9	1317.4
4111.5	440.95
6032.3	2043.1
4557.1	1001.6
6121	2075.9
4911.9	1814.3
3951.4	2073
3770.9	1858.8
1322.4	2054.3
3490.9	79.297
3775	1860.5
5657.2	1973.4
5321.1	1962.2
1264.2	1980.1
3297.9	909.9
6823.6	2162.9
4053.2	1026.1
3934.7	2134.9
2094.4	1786
6787.3	1687.2
3935	2938.7
6848.2	1894.2
6812.9	1751.5
6668.1	2542.3
3748.7	2303.4
2992.9	516.81
4297	1958.7
6079.3	2113.6
6251.6	2132
5228.3	1699
6240.4	2324.2
2559	4198.8
1923.8	2587.4
2364.1	2006.7
2507.1	534.51
1880.5	213.49
6237.9	2555
1699	2004.8
2047.7	2128.1
4029.4	409.73
6012.9	788.3
6189.9	2904.8
1321.5	2560
6841.6	1547.9
7227.9	1715.7
4859	565.93
6030.2	2065.3
3388.4	52.676
5795.8	2424.4
6239.3	2065.2
3085	885.41
1487.2	1818.1
1721.4	1287.2
5879.9	1769.5
5795.5	2334.4
4847.9	135.02
5937.1	419.79
1575.6	1798.1
1543.9	1801.4
2055.3	941.94
1565.4	1168.9
4493.7	93.375
2843.9	938.34
3048.9	1852.1
4956.7	175.61
3295.9	894.14
5713.8	2383.2
4744.5	1986.2
3804.3	2374.9
4963.1	1819.2
6520.9	699.68
1550.7	1405
2997	2351.1
6394.7	1390.9
5203.6	318.86
5851.2	389.78
6346.9	1863.3
1899.6	557.85
4043.6	2358.7
2196.5	305.28
1262.1	2317.5
4112.4	2425
5034	2076.4
1310.2	3737.8
2550.7	121.01
1817.8	534.89
7158.7	1489.2
2636.8	134.95
3123.3	2749.8
6723.9	2191.1
4177.6	949.45
4521.6	2013.9
1802.5	3032.1
6649.5	776.14
4987.4	1832.9
4424	1967.3
1631.5	908.81
1707.4	2851.6
6577.5	2870.6
5226.5	1703.5
2100.1	1963.6
6811.1	729.83
6461.9	1413.6
1605.9	1837
4082.4	2802.9
4380.5	54.065
1587.1	428.67
3238.6	1576.2
1310	3684.8
5519	1305.8
5255	3120.3
3628.9	1928
2110.3	1807.9
5683.8	1158.2
5127.1	2164.4
1577.2	1854.4
5155.9	2004.3
1557.8	1957.2
1799.6	370.92
4980.9	1662.8
3176.4	2333.3
4212.5	1604.5
2258.6	39.175
1120.4	1440.2
5796.9	2515.1
1828.6	549.45
3110.4	1219
2207	1796.9
2990.2	1490.1
747.85	2538.8
3936	2054.9
6227	542.41
1131.6	2173.6
6443.6	1206.4
5690.5	1877.1
5368.9	156.51
5286.8	2044.5
6898.4	2162.1
5856.8	1960.5
1757.9	1140.9
4324.2	1879
3821	40.9
2275.2	340.55
6582.7	2257.9
6234	2748.5
6931.9	1597.6
6539.1	722.91
6863	1994
4695.8	1909.8
5093.7	242.18
5410.1	2903
3618.5	1593.2
6208.3	2058.4
1915.5	409.19
4677.1	106.73
7211.9	1792.3
2896.7	1762.9
5544.4	2007.1
5886.2	1181.9
3006.2	1763.3
5050.1	2903.6
1741.8	1115
3818.8	41.496
4059.7	1984.4
694.02	2464.7
6647.3	2166
4745.8	1983.5
4479.9	2697.5
6044.7	2103.2
6895.4	1496.2
4874.4	2121
4910.3	1818.9
2212.8	2897
2038.2	1919.4
4951.8	1798
1702.2	2854.4
3266.5	825.97
5997.1	1501.7
3721.8	61.312
7325.2	1555.8
3958.5	43.999
5782.9	513.27
409.31	2415.3
6662.9	796.01
5980.7	1351.1
5997.3	2000.1
1585.9	246.19
4986.7	1704.6
2527.2	4303.3
1700.8	1981.8
4458.9	1678
4384.2	1883
2460.9	164.39
6906.6	2589
3285.1	1835.5
5735.6	2060
1659.8	889.5
2979.5	1761
1732.6	671.94
6506.2	2160.3
7039.8	1666.3
2485.6	165.15
6437.2	1368.1
6184.5	1908.1
5026.2	18.002
4495.7	836.9
6042.9	1804.1
1784.7	2610.4
7126.9	1344.3
4182.2	912.01
3938.1	1987.8
5829	3106.6
4042.7	2320.7
7023.3	1613.1
2654.4	140.54
7327.2	2761.6
1881.1	1880.9
5575.8	2456.8
1269.4	2157.5
2147.3	1803
5010.7	2304.2
2109	1646.8
3277.2	86.226
6106.2	2049.8
4785.2	1807.1
2355.5	1850.6
3076.3	2003.3
6231.9	2987.4
6832.3	2127.7
2300	1781.8
4813.7	2711.2
1805.1	348.28
2197.9	2243
4946	1832.6
5490	1879.9
5619.8	2688.5
1581	1823.7
6958.3	935.53
5678	2040.3
3265.5	492.59
2000.3	1674.1
2838	2634.2
6546.4	675.03
5764.9	2906.9
3472	77.439
6500.2	2141
4901.3	1794.2
3256	1928.2
2213.8	1625.3
6824.4	1061.2
6117.5	2331
7110.7	987.96
1727.6	389.09
3861.9	1565.8
2877.4	92.961
3937.3	1922.6
2840.1	2321.1
1275.1	2084.8
1421.4	2327.6
4512.4	77.915
6377.1	651.69
1362.9	1973.7
5862.4	4006.8
5498.4	2175.7
4434.8	1967.2
6177.2	1931.1
3292.2	808.14
7004.1	885.37
6902.3	2558.3
5198.8	48.157
1538.1	1115.2
3525.2	2934.1
4946.9	1501.8
4967.2	1820.8
2606.7	244.63
4748.1	2569.8
1860.4	268.52
6156.3	1905
5608.1	2101.4
6901.1	1513.1
6749	3041.6
4901.9	19.216
2037.2	2142.3
625.23	2925.7
6227.9	2641.8
6647.6	615.06
4001.6	2109.6
4461.9	1679.7
6741.5	1951.1
2088.9	1810.7
4540.2	296.56
5567.7	1950.4
5074.7	204.83
6554.3	2709.6
4894.3	1827.8
4384.6	1892.1
2904	2285.1
1219.8	2864.7
6574.1	735.77
1601.2	344.39
5045.8	165.86
5345	1939.7
718.51	2485.4
2014.7	171.77
6024.8	1644.1
7108	1057.7
2260.6	1785.9
4989.8	165.71
5458	1363.2
2431.1	2919.5
4890.9	2912.8
4581.4	92.522
5477.2	3073.1
6179.1	1321.5
7333.7	2973.1
2966.8	2076
5730	1754.8
5357.3	535.73
1599.8	249.71
4103.3	1648.9
5499.4	346.91
5440.8	2931.5
4931.8	1823.9
1495.8	1183.9
2020.4	2896.9
2453.6	2900.6
6809.3	1730
3184.9	2023.1
4584.8	104.87
6578.3	1490.7
6696.1	2835.1
2664.6	1884.6
3991.6	877.43
5267.1	263.85
7286.3	1144.5
2124.9	2911.7
2592.8	855.41
980.33	2866
7248.7	2903.5
5629.9	3978.2
2832.2	2092.7
4881.6	1475.6
3119.7	2093.5
4614.3	33.65
3819.4	1973.8
6055.3	2793.2
6584.6	2860.4
6839.4	1546.4
5368.2	1996.4
3860.5	2326.9
555.21	2169.8
649.67	2744.8
7227.2	1167.2
4502.3	1943.2
4084.7	886.98
5651.8	988.12
3652.9	41.552
6566.2	2321.8
6520.3	1696.3
2291	323.87
5861.6	1783.3
5550.9	1737.2
2147.8	1801.5
1564.4	1166.5
4713.2	2462.6
4779.4	1815.4
6830	861.33
2544.8	253.02
3853.8	2799.8
1335.9	2912.1
1518.2	1723.5
4839	292.56
1596.3	1855.8
1509.2	2030.9
109.2	2391.9
4942.1	3165.6
5870.3	2650.7
1335.5	1751.7
6930.8	1588.8
3763.7	52.21
3270.6	27.8
6353.3	575.96
2104.5	1802.6
6224.4	2885
5517.2	2802.6
5937.1	416.67
6037.4	2014.2
2020.3	2037.1
4841.9	1303.9
4693.1	938.91
3843.5	2012.3
1248.8	2801
5603.4	2153.6
1771.1	1965.6
2053.6	1989.1
3333.5	1590.2
5682.6	1999.2
4058.1	2332.1
2996.3	2513.9
3258.4	1564.7
4022.1	1759.6
1542.5	1846.3
4914.3	1650.4
3981.7	1970.3
3894.4	1651.9
4132.7	2192.1
3883.8	2638.6
4044.7	36.287
6072.7	1947.8
4055.2	2396.3
6503.1	2138.8
480.11	102.17
2635.6	2912.5
2681.3	3176.7
5932	2349.6
6156.1	1958.9
3162.3	2428.6
7137.4	3135.6
1485.5	1995.8
1323.6	1787.3
259.77	121.16
2157	1046.6
2053.3	1991.8
6565.8	3631.8
5607.1	1140.6
5534.7	1725.6
5625.9	1877.1
2869.1	909.32
1582.9	428.66
6552.8	2011.6
6377.7	647.03
2767.2	121.04
6442.6	1246.9
4419.6	4452.8
4723.8	2666.2
2171.5	1203.7
4775.4	1906.3
4287.9	2625.2
1949.5	363.94
892.65	2846.4
956.97	2869.4
1863.3	2857.8
4541.3	72.607
7152.6	3134.8
2198.5	2886.7
3089.7	3386.1
5270.9	2010.2
6956.3	2245
1603.8	2424.8
6993.5	1523.2
2980.6	1753.1
6284.7	2090.1
1564.8	1859.1
4079.4	3334
5227	1714.5
2264.7	2101.9
4653.3	2545.6
4837.5	1792.7
2641.9	3177.3
5945.6	1246.7
6946.4	916.99
1260.9	2556.9
1579.7	3710.7
1190.2	2550
6623.1	2691.1
2199.5	2242.7
4737.7	2538.1
3747	2235.8
2994.1	82.115
2894.2	110.1
5388	1294.2
4720.9	2715.9
3099.2	1847.3
1109.6	2383.4
6671.5	2333.6
4653.5	2011.4
3041.9	487.38
1056.2	2361.4
1492.1	2147
3761	22.904
5243.3	1946
2895.3	945.14
5057.4	2006.9
1841.6	927.73
4989.8	138.84
6228.8	2489.1
4050.2	2780.7
7125.7	1224.7
2293.2	2562.1
4937.4	2064.3
2181.9	1190.8
5209.6	102.47
6316.2	786.86
3888.3	1858.5
5910	2287.4
4722.6	101.58
6526.7	2114.2
5780.3	2973.5
5390.4	860.74
1945.1	1302.3
2231.1	1643.4
5493.8	1776.1
4059.2	1957.5
6100.6	2721
4909.2	1984.8
1529.4	1054.9
6709.9	988.51
2570.2	4208.3
2938	985.66
1321.6	2562.8
1247.7	2396.8
1526.5	2919
5914.8	1166.9
1602.2	334.9
5774.5	443.97
5378	303.14
3964.1	1905.5
4711.9	815.56
3751	2416.1
2124.3	217.76
4166.2	2960
4949.5	2359.3
2886.1	2146.2
3965.2	1757.8
3723.8	928.7
5273.5	185.56
4891.6	843.43
4862.4	2051.7
5497.4	2887.1
3213.6	972.17
902.38	2835.8
1592.5	2943.1
3746.8	2635.6
5634.8	1891
2026.1	2604.1
4040.8	1219.7
3241.8	456.01
1115.8	1466.8
1323.1	2479.8
5199.7	63.081
2165.2	2596.8
2097.5	934.28
7269.5	1300.6
6620.1	2699.5
4789.8	1988
5575.8	2431.2
235.37	2920.8
4041.3	1966.9
1800.9	3100.3
3719.9	909.88
2381.9	975.56
5500.4	2787.1
2177.3	1199.6
2274.7	1761.3
6240.4	2402.6
2292.1	2182.3
877.44	2726.1
4597.2	529.34
5938.4	416
5593.1	1772.9
2316.3	2305.7
4920.7	1749.4
5433.2	635.95
1413.5	2562.4
1161.5	2005
6785.1	1848.9
4794.6	1641.7
1683.2	934.08
3969.7	2812.3
1032.5	2879.5
1424.5	2243.3
1545.7	2265.7
7188.6	1741.3
2231.9	2899.1
4943.8	1631.6
6204.9	2745.1
4767.9	142.46
2167.6	1008.9
3928.7	2282.9
3851.6	2105.9
5278	3163.2
6700.6	647.76
5251.9	354.76
2211.9	1221.7
2084.7	191.41
2757	1886.7
1882.2	2860
4779.7	818.56
4595.6	850.32
6100.2	2777.1
5662.9	1877.9
4838.1	2292.7
5020.1	1662.8
6150.1	2748
2149.7	2901.1
3146.3	1590.1
7138.5	2832.9
7087.6	1498.2
6046.3	2799.7
3749	2412.9
5943.4	2032
4862.7	571.08
5585.2	2472.8
3961.3	1583
1683	2016.3
5791.4	534.93
6163	1858.5
6024.9	830.44
4835.6	1818.1
5708.2	2489.6
7067.1	2898.7
5178.6	1903
3853.5	2778.4
6135.5	2067.1
6636.1	3047.2
1894	337.13
3960.7	2966
5936.9	412.41
4510.1	1950
1652.4	1306.8
5322	111.62
4475.5	1898.6
6807.1	812.3
5583	2081.9
483.81	2595.5
1681.9	2843.5
4077.5	1771.3
6546.9	722.93
3939.1	2011.7
5879.3	476.99
3939.6	2015.1
923.01	2805
2221.1	2359
2074.3	243.41
811.01	2622
4732.2	1634.2
6354.8	2847.5
3749.5	2231.6
5373.2	246.98
5326.2	681.9
6641.5	2715.7
1362.4	1969.4
7017	1655
2244.6	946.45
5515.2	1113.1
6738.1	2005.9
3023.2	2096.1
5659.4	1839.1
