5436.3 2507.7
5717.7 2233.8
5604.3 2294.2
  5256 2177.8
5137.7   2202
5756.9 1995.9
6269.4 2197.8
5114.4 1930.6
5456.6 2317.9
5354.8   2339
5257.2 2526.2
5440.8 2332.3
  5395 2378.5
5936.8 1713.4
5115.3 2352.2
4763.4 1550.3
5539.6 2192.4
5314.1 2323.9
5829.6   1916
5683.2 2351.1
6426.9 1052.5
6031.9 2213.9
  5217 2506.8
5016.6 2125.6
5045.5 2347.9
5076.8 2369.1
5354.5 2348.5
4378.8 2439.1
5718.6 2208.7
4575.9 1951.3
4573.1 1481.7
5218.2 2406.9
5452.5 2440.7
5331.3 2448.7
5422.1 2415.7
5604.6 2237.1
4694.7 2473.6
5192.4 2262.3
5616.8   2338
  5136 2667.7
4698.4 2044.3
5141.2   2401
5573.8 2220.1
5416.1   2405
5019.2 1861.5
5334.4 2373.4
4310.9 2278.8
4310.9 2278.8
5180.5 2306.6
4893.3 1792.4
5666.4 2119.6
4883.5 2335.7
4579.8 2002.1
5230.5 2413.6
5005.2 2134.9
  5424 2431.4
5321.6 2441.7
5163.9 2294.8
5017.8 1954.4
5005.5   2396
