4479.22 2322.46
4659.42 2236.21
5045.41 2045.35
5228.72 2338.68
4655.04  2484.7
3805.08 1388.66
4915.69 2411.87
 5015.6 2000.11
4482.01 2261.24
4867.57  2326.5
4659.06 2380.73
4575.51 2358.61
3838.86 1282.06
4575.51 2358.61
 4778.3 2363.65
4974.96 2118.18
4483.85 2318.78
4456.06 2183.61
4535.79 2304.93
4581.86 2439.27
4459.49 2320.18
4908.16 2183.92
4594.28 2391.52
4581.86 2439.27
4524.39 2482.05
4868.18 2413.74
4648.96 2401.76
4451.59 2173.38
4244.19 1772.69
4262.53 1739.15
5336.82 1758.13
4587.69 2393.85
4009.69 2369.79
5357.91 1754.34
4587.69 2393.85
4670.02 2379.04
4559.57 2339.47
4136.78    1935
4135.63  1930.5
4599.29 2391.78
4427.92 2121.02
4821.57 2268.96
   4534 2494.01
 4669.2 2235.41
4658.72 2387.24
4626.47 2413.23
4453.58 2205.27
4798.77 2405.06
4135.63  1930.5
4868.81    2387
 4838.5 2317.88
4527.21 2484.28
4449.03  2418.4
5085.87  1993.4
4279.53 2315.82
4600.38 2391.55
5137.36 2090.12
4443.89 2423.76
4563.66 2342.49
5127.03 2147.17
4547.26  2314.7
4148.26 1917.06
 4443.8 2400.76
4254.74 1975.53
 4732.1 2306.86
4148.26 1917.06
4594.65 2402.54
4572.03 2383.89
 4478.4 2350.69
4409.12 2126.79
4973.86 2130.97
5078.59 2313.68
4838.26 2395.35
4586.14 2372.11
5065.55 2248.97
4664.46 2378.41
5314.75 1674.38
4422.93 2238.81
4282.26 2310.03
4496.26 2500.88
4312.49 2087.08
4999.71 2018.45
4869.42  2316.5
5379.51 2294.54
4258.07 2582.99
4565.75 2385.13
4422.93 2238.81
4507.85 2483.36
5137.84 2252.62
4405.69 2292.72
5048.91 2081.04
5089.47 1919.64
4242.66 1796.34
4516.46 2501.98
4439.92 2393.72
4386.23 2281.42
4589.04 2382.05
4400.93 2398.93
4557.92 2509.66
4449.68 2199.83
4419.92 2409.97
4599 2397
4029.33 2447.55
4625.95 2410.53
4854.41 2195.69
4474.89  2332.1
4868.91 2311.77
4505.21 2441.74
 4134.1 1943.96
4405.27  2282.1
4525.1 2489.4
4030.42 2447.05
4847.95 2217.42
4874.93 2332.55
4029.33 2447.55
4137.83 2198.08
4517.43    2488
4787.18 2388.54
3775.79  2370.5
4155.34  1905.1
4552.86 2478.45
 4096.3 1741.32
5332.28 1744.21
4666.69 2289.22
4546.07 2487.21
5068.95 1944.09
4481.31 2267.08
4574.64 2380.46
4139.18 2181.66
4661.49 2402.51
5323.48 1720.29
4508.62 2429.55
4666.33 2447.49
 4582.9 2452.01
4245.09  2166.8
3999.49 2151.67
 4598.8 2401.78
4565.75 2371.48
4488.76 2281.03
   3998 2119.87
4372.48 2282.17
4372.48 2282.17
4386.67 2188.57
4395.29 2142.73
5057.22 2260.13
5093.78 1920.03
4645.07 2433.67
4438.23 2382.09
 4551.1 2320.06
4661.52 2400.95
4779.57 2330.94
4569.68 2439.48
4197.99 2464.98
 4492.4 2284.22
4493.25 2351.84
4787.18 2388.54
4457.79 2569.09
5323.92 1673.38
4203.49 2244.37
3900.26 1542.95
4642.86  2404.1
4458.06  2380.9
 4417.4 2227.98
4599.38 2431.09
4459.72 2426.65
4595.25 2445.09
 4756.8 2321.87
4447.28 2428.16
4315.5 2413.2
4249.61  1757.5
 4383.4 2348.42
4303.54 2112.96
4394.88 2138.65
4390.81 2341.02
4640.94 2427.77
4549.65 2326.17
4431.22 2268.65
4394.88 2138.65
4585.24  2410.8
 4884.1 2285.16
4477.8 2426.6
3994.67 2367.62
4767.38 2382.52
4299.07 2080.78
4527.16 2331.05
4321.52 2105.13
4423.47 2269.29
3994.67 2367.62
 4543.6 2467.39
5022.48  2241.1
4450.19 2408.69
4918.41 2178.41
4643.87 2438.11
4838.18  2338.1
4485.16 2375.83
4546.41  2431.9
4321.52 2105.13
4769.13 2365.95
4483.22 2453.64
4705.61 2398.51
4451.91 2333.45
4640.08 2415.43
 4548.7 2322.97
4563.11  2396.4
4830.34 2261.19
4540.76 2480.02
 3967.1 1678.67
4634.69 2413.04
4372.57 2299.36
4570.35 2439.04
4468.64 2426.55
4947.61  2368.1
4304.95 2393.53
3990.63 1960.45
4395.21 2605.73
4139.08 2224.42
4516.35 2463.71
4304.95 2393.53
4589.74 2436.83
4513.69 2451.58
4714.78 1838.89
 4287.2 2103.83
4516.53 2433.12
4315.02 2423.87
4494.59 2418.55
4533.21 2505.81
4379.18 2286.59
 4563.9 2427.02
4603.83 2437.27
4646.36 2442.37
4139.53 1919.31
4325.65 2405.99
4431.02 2226.92
4468.26 2372.61
 4576.4 2448.19
4474.75 2369.66
4391.06 2189.39
4656.26 2416.63
4833.47 2266.54
4547.75 2323.81
 4648.5 2463.48
4678.35 2240.31
4515.18 2451.47
4376.55 2424.47
4559.75  2448.6
4127.54 1745.96
4494.22 2371.81
4642.53 2420.56
3875.74 2291.69
 4477.8 2267.59
4078.04 1918.08
