5370.9 2183.9
4682.8   1102
5366.9   2183
  4669 1206.1
5291.1 1893.2
5083.8 1719.3
5370.4 2078.9
  5373 2191.3
6056.7 2346.4
  5622 2273.4
5502.6 2233.8
5358.6 2187.9
5324.2 2020.9
5462.3   2157
5376.5 2178.3
5333.8 1963.6
5383.8 2188.3
5343.3 2178.9
5532.1 2290.9
5834.3 2348.2
5607.9 2310.5
5071.6 1394.5
5385.4 2190.7
5522.2 2293.9
5638.4 2269.9
5501.4 2279.9
5480.8 2202.8
  5539 2291.3
5292.7 1867.7
5621.6 2285.3
5171.5 2194.1
5387.7 2101.4
  5577 2330.3
5335.9 2343.1
5096.1 1720.9
5271.5 1831.5
4366.5 2261.2
5262.7 1854.5
5161.7 2213.5
  5328 2352.1
5462.7 2160.2
5486.9 2208.3
  5087 1710.3
5532.2 2311.3
5370.7 2229.8
5174.1 2197.8
5272.4 1887.2
5116.3 2182.2
5328.6 2315.4
5164.2 2205.8
5419.9 2352.2
  5557 2294.6
4837.9 1508.6
5280.7 2149.8
5845.7 2382.2
  3383 137.42
5053.2 1466.9
5471.1 2223.2
5324.1   2305
5255.4 2132.9
5523.1 2274.1
5296.4 1913.8
5274.7 2313.4
5325.5 1986.9
5297.3   2330
5538.7 2300.4
4918.5 1443.7
5070.4 1384.9
  5366 2200.5
5407.2 2380.4
4986 1263
5279.3 2134.2
3420.3 964.69
3468.9  184.6
3913.1  642.6
5038.9 2085.2
4724.2 1616.8
5272.6 2172.7
  5249 2160.8
5471.4 2440.2
4939.8 2025.6
5503.3 2271.9
5596.7 2316.2
5369.1 2088.8
5317.4 2317.8
3230.7 871.09
5625.1 2311.8
5338.2   2330
5310.4 2274.6
4962.7 1231.7
5202.4 2175.5
5376.2 2236.1
  3880 616.82
5490.8 2254.9
  5381 2112.3
5236.7 2133.4
3607.2 576.01
  5249 1984.1
5254.7 1910.3
5412.1 2359.2
5602.9 2366.3
3531.9 169.31
5467.6 2169.6
5625.1   2309
5603.3 2367.3
3354.4 883.97
3263.4 356.15
5319.2 2331.9
5469.2 2222.2
5281.8 2093.9
5496.1 2375.8
3110.1 570.63
3072.5 148.93
3536.8 394.31
  5390 2230.9
  3934 1623.1
3514.3 229.49
4750.9 1329.9
  3467 735.57
5599.5 2314.5
5343.1 2281.2
5288.2 2038.4
5539.4 2361.9
4939.2 2055.4
5253.6 1904.9
3003.8 488.69
5347.1 2355.6
3704.1 933.93
3268.1 247.94
3889.1 745.82
5331.7 2358.8
5151.2 1801.8
3535.7 316.79
3874.4  543.8
  5469 2393.3
2908.5 45.656
4126.7 1015.4
5263.7 2224.8
  5597 2356.1
2979.4 527.38
4245.5 768.71
5308.8 2103.1
3097.3 597.15
4076.7 629.85
3184.2 229.47
3944.9 1048.1
3152  332
3702.1 885.43
5518.2 2326.1
3115.2 632.92
5371.2 2355.8
3577.9 242.13
  5528 2321.2
3603.5 510.27
3318.9 362.35
3519.1 570.88
3163.6 181.62
3507.1 375.26
  7291 2321.3
3487.4 396.03
3943.1 502.27
3528.6 157.51
5435.8 2192.6
3086.3   1135
3685.6 467.49
3101.4 592.53
5455.1 2168.9
3368.1 240.73
3535.5 493.31
3602.9 289.05
3622.6 249.43
  4622 1110.8
3289.3 226.14
5333.8 2203.3
3528.1 155.32
5334.3 2326.3
3139.4 48.582
3556.2 159.47
5380.7 2272.4
3597.8 868.09
5464 2363
3972.1 1279.3
3434.9 286.38
3933.4 933.37
3031.3 516.26
3140.7 839.31
5381.4 2400.8
3536.5 506.85
3396.6 736.12
3283.7 643.32
3425.9 97.436
3528.4 1278.2
  4416 891.31
  4931 2014.1
3140.6 75.465
  5596 2333.9
5511.6 2421.6
3951.1  886.3
5418.3 2407.7
3918.4 665.31
3890.1 466.88
5464.5 2175.1
2911.9  53.81
  5487 2303.7
3526.2 337.99
5588.4 2329.1
3640.6 549.77
5238.7 2159.3
3517.5 680.85
3039.3 480.49
3940.9   1088
5358.5 2355.6
3364.9 734.84
3067.3 114.05
4061.7 751.11
3501.1 328.78
3902.1 501.01
4536.9 1597.2
5069.8 1474.8
4929.1 2080.1
3589.3 903.45
5419.4 2395.9
5362.2   2231
5040.9 2117.4
3939.8   1092
5090.3   2190
5422.7 2417.7
5519.1 2422.7
4113.7   1068
3167.2 187.73
3912.9 1177.2
  3585 867.25
3392.1 784.53
2996.4 103.77
  3526 337.45
5195.4 2313.8
3053.3  165.5
  3141 129.26
3057.6 797.44
5423.1 2365.9
3879.9 849.72
5393.5 2342.4
3966.6 1265.9
3557.1 101.96
5487.9 2354.6
4678.5 1657.5
5545.7 2371.5
5604.8 2381.7
5306.1 2038.1
3328.6 144.11
3848.3 596.16
5358.1 2266.8
4338.9 1664.5
3133.1 290.65
3135.6 112.82
3600.3 474.36
3615.7 240.65
5420.3 2375.8
3528.8  418.1
 3443 102.1
5365.9   2261
3376.9 737.97
3998.4 905.18
5618.2 2337.3
5556.9 2306.5
3424.7 1000.5
3963.4 1506.2
5434 2182
5257.1 2202.9
5481.8 2392.8
3639.4 1437.6
3114.1 595.64
3366.2 189.49
3521.7 436.27
 2852 130.3
3941.3 756.41
5392.1 2263.5
3968.2 1274.2
3390.6 122.42
3344.4 29.215
5598.9 2344.1
  3399 771.15
3576.2 238.38
3081.9 747.49
2804.2 337.76
4695.1 1407.2
3124.1 629.71
  5364 2089.2
4037.2 1093.1
5342.8 2208.6
3845.6 657.59
