1621.32 2787.28
1292.45 2865.91
615.371 3195.62
 1255.9 2460.41
 568.82 3251.56
1720.24  3140.6
2001.36 3336.93
1615.99 2916.45
922.534 2912.09
399.039  2607.3
844.879 2763.88
415.839 3547.14
1640.14  2781.8
1681.67 2984.81
1478.32 2825.36
1612.52 2794.43
1662.61 3056.65
1662.76 2792.07
1372.69 2661.68
1525.55 2472.18
 277.52 2746.12
411.037 3634.68
882.135 2611.55
2206.84  2629.5
293.211  3489.3
1451.46 2769.34
1361.48 2661.41
1715.36 3172.69
1507.94 2450.84
1275.66 2868.39
1224.06 2671.92
2186.81 2672.52
1591.02 2889.77
1300.22 2613.69
1438.47 2629.46
1679.38  2592.4
1984.32 3336.23
 1743.2 3215.99
1742.57 2560.11
1927.51 2742.82
1691.32 2581.38
1477.87 2821.39
2205.49 2655.53
909.725 2952.27
1373.17 2636.22
1623.65 2731.12
1747.42 3146.31
1689.66 2625.75
891.405 2635.52
352.953 3602.54
 1538.9 2473.75
1923.73 2752.06
1570.39 2443.31
1776.27 2392.81
1913.47 2824.67
1554.99 2470.18
 536.75 3267.52
1754.24 2824.38
609.567 3135.43
825.495 2553.27
 421.28 3080.17
2013.11 3656.64
80.9999  3131.9
1540.45 2438.62
1467.82 2743.53
 1696.1 2638.21
1790.31 2843.56
1714.27 3115.38
1769.02 2626.88
1464.78  2422.7
1677.06    3027
 1736.3 2607.43
2603.14 2313.21
1362.27 2650.03
2196.17 3668.82
2264.56  2529.9
453.91 2570.7
1976.32 3768.44
 2513.6 3836.13
855.065 3023.23
1629.53 2766.73
1572.03 2548.27
1755.48 2843.24
1522.61 2460.05
1380.76 2532.49
1800.98 2809.53
1472.57 2475.47
1379.14 2532.75
329.529 3505.75
607.179 3330.53
1418.51 2684.34
1267.02    2632
1618.63 2904.13
1706.35 2622.58
984.463 2644.14
1675.67  2608.3
1234.28 2534.91
1615.55 2723.64
1226.83  2536.1
1404.05 2527.84
1437.85    2705
1601.97 2875.88
1817.42 2841.99
 2674.7 3086.26
1775.62 3115.95
1564.16 2574.25
1257.88 2568.99
2093.41 2901.36
1470.65 2809.97
1257.23 2567.73
  1704 2605.6
  442.5 2692.87
1432.75 2555.24
2069.19 2503.69
1594.31 2730.56
2246.72 3148.08
1262.28 2634.23
2013.71 3035.18
 1362.7 2573.27
1776.75 3122.55
1662.85 2577.48
1375.13 2543.37
1685.92 2573.35
1877.88 2587.18
1782.35 2733.03
1267.55 2581.72
2226.38 2675.64
1396.25 2617.39
1626.55 2577.66
1380.27 2623.75
1488.96 2441.36
1521.84 2779.76
2228.97 2632.08
1490.35 2810.15
1121.13 2643.63
1681.42 2612.69
1610.02 2679.47
1483.43 2570.51
4559.23 2427.54
999.653 2705.85
765.127 3026.54
1611.7 2523.1
1227.84 2519.92
1781.16 2638.68
1408.45 2498.66
1555.25 2515.04
 2193.5 2679.35
1475.86 2802.96
1445.61 2644.32
1494.29 2474.81
2566.66 3854.81
 1815.8 2810.85
1645.72 2577.68
2236.17  2890.5
2156.29  2661.9
1553.44 2529.48
2241.61 3950.22
1548.54 2502.84
1396.38 2497.35
 1547.3 2566.24
1882.05 2627.02
1879.67 2569.95
1592.37  2594.4
1509.15  2431.2
1445.44 2581.33
2529.01 3376.45
1352.61 2561.41
1254.97 2549.61
1098.25 2629.07
1709.96 2962.29
1644.07 2685.54
1551.78 2554.08
1632.09 2692.87
1231.47 2605.95
2057.05  2495.8
1791.09 2759.14
   1811 2577.35
1455.75 2534.02
1592.33 2690.73
1932.99 2981.67
 1264.1 2596.88
2390.38 2504.19
1417.95 2535.55
1664.87 2755.82
