 4226.1 2227.29
4345.85 2458.25
4411.47 2487.92
4651.71 2450.33
4789.86 2398.94
4355.57 2404.17
4790.75 2385.98
4794.35 2404.47
6724.08 2094.87
4746.09  2404.6
6724.08 2094.87
4697.82 2412.29
4187.17 2164.15
6724.08 2094.87
4359.41 2462.22
4281.08 2326.34
4918.43 1944.12
4378.23 2410.41
4619.26 2420.93
4341.37 2411.93
5268.51 1978.74
4412.05 2416.71
4378.23 2410.41
 4255.5 2301.84
5169.15 2247.95
4148.35  2421.8
4676.57 2311.37
4250.59 2353.47
4692.15 2304.01
4339.79 2446.09
4250.59 2353.47
4566.16 2285.18
5440.74 2276.95
4244.35 2298.51
5367.05 2231.36
4402.04 2417.42
4271.99 2487.76
4503.21 2451.61
 4377.8 2427.71
5457.54  1872.2
5476.46  2313.9
4137.22 2312.97
4339.79 2446.09
6639.33 1005.84
5452.07 2585.18
 6598.9 1028.42
4566.16 2285.18
4761.96 2092.03
   4660 2416.98
4349.64  2406.3
4244.35 2298.51
5296.22 2256.45
4212.52 2412.23
 4724.5 2410.97
4257.94 2353.33
5326.74 1718.62
 6598.9 1028.42
4313.72 2348.61
4229.36 2229.98
4805.43 2357.89
4073.67 2456.47
4280.04 2434.71
4303.91 2343.57
4258.16 2353.71
4249.07  2372.8
4061.62 2399.94
4225.84 2223.55
 5000.1 1997.11
4929.84 2367.27
   5134 1817.35
4397.54 2416.32
4198.52 2180.18
4787.94 2258.42
4404.45 2408.31
5741.72 2319.76
6463.75 2105.13
4346.61 2412.87
5741.72 2319.76
6513.72 2142.55
4346.48 2429.69
4346.24 2413.39
4212.52 2412.23
4603.99 2353.52
5601.07 2178.85
4304.41 2342.73
5469.33 2487.19
 5348.3 1681.69
4522.21 2417.29
5331.82 1683.09
5189.32 2142.21
4860.17 2164.64
4568.55 2359.16
5088.75 1836.43
4280.04 2434.71
5161.16  1777.4
4411.31 2420.24
4510.27 2405.37
4361.68 2459.29
4538.38 2418.66
4611.34 2255.93
4675.71 2159.27
5135.05 1774.98
4714.97 2287.16
4200.46 2188.59
4347.83 2435.84
 4566.6 2423.75
4683.14 2324.47
4333.97 2405.09
4376.74 2455.64
4634.69 2243.04
4241.88 2351.36
4196.04 2273.48
5861.93  2362.9
4491.88  2355.7
4627.74 2340.89
4329.11 2394.57
5468.92 2475.25
4167.66 2419.95
4941.55 2377.17
4799.46  2097.8
4291.63 2334.01
4167.66 2419.95
4634.86  2403.3
4396.17 2419.11
   4598 2242.34
4341.35 2474.19
4630.14  2208.6
4634.13 2395.99
4709.61 2295.66
4801.04 2133.16
4143.12 2417.28
4204.72 2173.71
 5435.7 1877.64
4241.57 2349.88
4323.48 2369.83
5321.84 2234.17
4151.22 2311.56
4254.51  2346.7
4166.61 2408.61
4715.06 2307.89
4491.88  2355.7
4681.16 2304.57
4619.63 2218.27
4529.36 2423.74
4697.02 2296.12
4333.97 2405.09
4529.36 2423.74
4681.16 2304.57
 4152.3 2302.88
4196.26  2365.9
4219.12 2233.19
4681.89 2194.03
4352.19 2419.43
 4638.8 2424.99
4202.8 2194.1
5481.78 2252.48
 5092.2 1904.25
4313.33 2350.24
4346.25 2397.94
4644.35 2435.97
4327.56 2372.42
4976.47  1933.1
4241.46 2349.15
4639.56 2399.71
4597.17 2240.94
 5325.2 2230.26
4259.37 2307.84
4744.41 2295.11
4148.87 2138.27
4165.16 2350.43
 4350.4 2454.74
4139.19 2303.76
4352.09 2411.28
4709.61 2295.66
4666.72 2311.74
4618.64 2403.19
4634.86  2403.3
4341.21 2456.63
5113.99  1720.2
4970.92 1970.64
6626.32 2261.39
4628.2 2208.6
5743.03 2412.44
4392.05 2551.24
5093.98 2276.34
4158.48 2406.43
   4871 2375.06
4349.87 2454.78
4353.64 2407.65
4666.72 2311.74
4412.37 2453.49
4150.53 2316.63
4640.65 2334.03
4842.56 2380.15
4697.11 2316.37
4178.89  2452.8
4775.01 2076.57
5616.97 1987.84
5880.28 2411.37
4773.56 2077.68
4413.28 2447.71
4388.78  2422.3
4226.05 2222.26
6851.89 1718.32
 4350.4 2454.74
4513.98 2403.41
4216.14 2336.15
4357.99 2411.31
6491.74 2131.14
5319.63 1675.28
5087.86 2267.88
4199.22 2434.54
4681.89 2194.03
4632.94 2241.46
4409.06 2404.14
4532.61 2413.33
4265.18 2311.91
4752.78 2086.93
4484.98 2350.82
4366.39  2412.8
5343.86  2229.6
4683.45 2313.25
6653.66 2247.93
4514.89 2522.85
4158.11 2312.23
5081.79  1749.1
4158.11 2312.23
5047.69 1877.34
4800.55 2126.77
4383.82 2420.08
4233.74 2348.74
4622.41 2209.88
4693.29 2297.68
 4247.3 2434.99
5518.25 2232.93
5181.94 1796.56
4960.15 1824.63
4775.01 2076.57
4626.15 2332.24
5576.05 2159.72
4357.66 2456.75
4623.09 2406.66
4535.44 2326.72
4792.82  2139.5
4391.93 2453.31
4512.02  2411.6
5074.51  2350.9
 4789.5 2088.07
4641.56 2260.72
4803.94 2265.68
5158.82 2141.47
4255.45 2306.33
4512.78 2413.15
4354.56 2411.24
5282.89  1512.1
4138.05 2318.74
4507.03 2386.49
4229.99 2434.69
5019.14 2085.34
4518.98 2402.21
5016.73 2029.43
4757.26 2363.01
4362.05 2455.33
4516.71 2407.56
4692.46 2146.67
4654.16 2391.25
4318.45 2397.94
4222.35 2312.28
5317.78 1716.13
4169.81 2185.76
5202.05 2247.13
