4189.42 2273.98
4284.26 2454.83
4338.37 2477.41
4495.17 2447.25
4291.51 2406.41
4577.92    2405
4559.32 2415.85
4164.05 2233.44
4296.06 2458.16
4229.08    2345
4312.02 2411.97
4207.73 2371.01
4199.79 2324.18
4408.88 2448.52
4783.31 2505.02
4556.04 2216.04
4514.42 2422.77
4286.07 2408.45
4776.35 2380.98
4182.31 2419.67
4775.84 2381.09
4255.44 2360.95
4585.43 2387.29
 4244.7 2481.16
4246.95 2356.63
4206.62 2386.54
 4189.5 2271.32
4329.23 2417.19
 4182.1 2419.64
4239.18  2478.1
4247.31 2355.86
4432.02 2419.51
4230.31 2435.69
4519.96 2240.78
4693.77 2101.87
4171.77 2248.18
4310.89 2452.36
4200.59 2369.36
4787.86 2456.81
4237.97 2351.17
4472.42 2293.29
4282.56 2467.42
4580.52 2243.23
4173.86 2234.81
4210.63 2365.42
4152.67 2418.58
4437.45 2424.94
 4272.6 2408.09
4438.09  2424.7
4170.23 2384.34
4288.71 2420.42
4137.05 2217.14
4288.47 2451.84
4288.47 2413.08
4489.42 2412.16
 4146.4 2416.97
 4287.6 2451.77
   4234 2477.02
4340.4 2450.3
4601.67  2402.8
4160.89 2451.49
4562.91 2207.08
4287.89 2451.77
4425.45 2407.77
4172.56 2437.28
4217.51 2335.61
5443.02  2339.8
4147.88 2348.42
4317.12 2420.52
 4490.9 2268.36
4205.95 2436.62
4252.34  2476.6
4294.64 2453.37
4492.16 2414.69
4441.84 2343.99
4422.54 2415.02
4573.02 2213.99
4583.62 2328.01
4133.66 2353.39
4193.33 2436.68
4298.11  2452.3
 4511.2 2404.04
4189.45 2342.52
4150.94 2249.75
4721.61 2344.87
