5114.9 1943.3
5339.7 2452.8
5448.3 2513.5
5728.6   2434
5855.8 2353.8
5353.3 2320.3
5856.1 2332.4
5858.6 2362.3
6399.8 2213.4
5828.7 2357.9
6305.7   2237
5790.6 2368.4
5047.8 1827.1
6511.9 2182.5
  5364 2461.9
  5215 2145.7
5871.5 1755.8
5395.3 2336.5
5719.8 2378.8
5329.2 2340.1
6043.6 1931.5
5452.3   2354
5394.4 2336.6
5169.9 2094.2
6035.2 2200.7
5016.8   2378
  5839 2135.4
5170.2   2216
5857.7 2122.2
5326.3 2423.8
5170.9   2215
5650.9   2109
6117.9 2265.6
5146.8   2084
6101.1 2210.8
5437.2 2354.6
5246.9 2508.3
5580.7 2436.5
  5395 2378.5
6145.7 1837.4
6137.6 2304.8
4992.7 2147.2
5329.7 2425.4
6947.4 714.07
  6129 2564.8
6937.8 722.28
5650.8 2108.4
5794.9 1876.7
5759.1 2373.2
5342.2 2325.6
5147.4 2082.9
  6079 2228.2
5115.3 2352.2
5812.1 2367.6
5183.2 2214.8
6129.5 1553.6
6937.7 723.71
  5274 2192.7
5122.5 1949.7
5866.1 2290.1
4971.1 2452.4
  5227 2398.5
5255.3 2179.9
5184.6 2216.8
  5169 2259.6
  4942 2348.4
5114.6   1936
5934.9 1849.9
5926.1 2322.4
5963.7 1711.3
5429.8 2351.4
5063.1 1849.8
5763.9 2193.5
5440.8 2332.3
6188.8 2325.7
6280.4 2224.7
5337.3 2343.6
6188.7 2325.5
6292.8 2249.1
5338.8 2384.4
5337.7 2342.5
5114.8 2352.1
  5699 2249.7
  6157 2191.7
  5256 2177.8
6135.7 2471.4
6079.7 1595.8
5621.1 2361.8
6122.7 1516.6
6036.4 2083.7
5906.7 1990.4
5661.9   2254
5941.8 1717.2
5224.2   2399
5970.1 1675.2
5453.7   2361
5602.3 2335.3
5367.3 2454.9
5643.7 2364.3
5695.7 2072.5
5744.2 1927.1
5959.6 1659.7
5884.1 2090.8
5069 1869
5341.4 2400.2
5665.3 2380.1
5849.3 2161.2
  5316 2325.3
5394.1 2446.1
5718.2 2056.4
5153.9 2210.7
5074.3 2047.4
6212.4 2367.3
5572.5 2227.4
5722.8 2231.2
5304.3   2301
6135.5 2457.8
5046.7 2373.3
5932.1 2336.9
5831.5 1894.1
5235.2 2163.8
5046.5 2373.4
5734.8 2346.4
5427.2 2358.2
5676.8   2046
5336.1 2487.4
5739.5 1942.2
5733.8 2333.7
  5806 2162.5
5838.1 1946.1
5007.6 2367.6
5071 1833
6138.7 1836.1
5153.7 2207.2
5293.8 2242.2
6083.3 2208.8
5016.8 2144.6
5176.2 2200.6
5045.5 2347.9
5911.3 2117.4
5570.6 2225.2
5843.8 2121.9
5703.9 1998.9
5630.8   2376
5863.1 2106.7
5314.1 2323.9
5631.9 2375.4
5844.2 2119.4
5016.6 2125.6
5085.1 2250.6
5102.4 1954.6
5825.2 1890.1
5348.2 2358.5
5739.4 2387.3
5073.9 1880.8
6134.5 2244.9
5957.9 1790.2
  5274 2196.3
5335.8 2306.8
5725.2 2408.6
5300.1 2247.9
5908.4   1761
5153.6   2205
5739.7 2340.9
5676.9 2043.1
6084.7 2205.4
  5178 2108.6
5921.3 2111.1
  4980 1776.6
5042.6 2226.3
5348.4 2444.6
4993.2 2126.6
5347.4 2338.4
5901.2 2090.4
  5828 2135.3
5718.2 2345.6
5734.2 2348.6
5331.3 2448.7
5931.5 1605.6
5909.4 1810.8
6692.4 2266.2
5707.4 1987.6
6193.4 2403.7
5422.2   2667
5999.3   2227
5030.4   2343
5909.4 2323.8
5346.6 2444.4
5349.5 2329.6
5827.5 2133.1
5452.5 2440.7
5016.6 2155.5
  5735 2220.9
5890.8 2328.4
5865.3 2148.2
5065.8   2443
5805.9 1854.5
6150.3 2025.3
6216.6 2404.7
5803.2 1857.4
5457.9 2426.5
5414.2 2365.6
5114.4 1930.6
6511.6 1938.9
5347.2 2444.4
  5609 2331.2
5111.9 2180.4
  5358 2338.6
6288.3 2240.9
6113 1505
5942.6 2238.3
5093.1 2402.3
5753.2 1992.3
  5715 2053.4
5449.9 2322.5
5635.2 2352.8
5188.2 2118.2
5785.7 1866.9
  5561 2213.3
5374.1 2342.3
6147.3 2186.5
  5848 2139.3
6697.8 2257.1
5544.6 2546.1
5029.5   2145
5916.9 1626.3
5028.7 2145.9
5926.8   1746
  5837 1936.2
5405.9 2359.9
5141.1 2205.3
5702.9 1987.9
5858.2   2109
5169.9 2401.1
6147.8 2229.2
5987.2 1702.1
5875.9 1621.8
5806.5 1854.2
5719.5 2216.8
6212.8 2146.7
5361.1 2448.8
5722.8 2352.1
5632.1   2169
5832.5 1954.1
  5419 2441.2
5604.2 2349.8
5990.2 2314.2
5820.2   1876
5728.7 2089.6
5857.4 2147.6
6020.7 2078.7
5169.2 2104.9
  5606 2352.4
5351.4 2338.5
6016.5 1391.3
4994.9 2158.6
5595.2 2295.3
5141.2   2401
5959.8 1964.6
5613.1 2332.1
5951.1 1894.5
5833.9 2292.8
5368.2 2445.9
5611.9 2340.1
  5761 1906.3
5753.1 2326.4
5287.9 2312.4
5125.6   2134
6122.6 1549.3
5020.3   1869
6048.6 2203.3
