5635.8 4717.4
5635.4 4716.9
5061.7 4677.4
4738.9 4657.2
4739.2 4656.8
4588.5 4830.8
5203.2 4790.6
4895.8 4866.4
5489.9 4696.6
5330.5 4803.6
5203.9 4684.6
4929.9 4778.3
5580.3 4715.9
5553.9 4716.5
5250.8 4666.7
5580.5 4715.4
4631.6 4813.3
4902.9 4670.6
4838.8 4666.3
5635.5 4700.4
4718.1 4639.2
4671.5 4650.7
4994.3 4678.6
  5181 4670.4
5344.9 4694.9
5553.3 4696.1
4997.4 4784.7
4958 4677
4632.5 4851.1
4831.4   4642
5071.7 4675.7
5206.5 4848.8
5104.4 4680.6
5282.7 4669.7
5132.3 4673.6
4679.4 4634.4
4976.5 4833.9
4675.8 4845.5
4999.8 4661.2
4958.2 4677.7
4968.2 4658.5
5247.1 4680.8
5452.3 4692.4
5113.6 4648.7
4999.4 4662.1
4995.8 4845.2
5104.7 4813.4
5524.2 4706.3
4629.5 4844.9
5551.9 4706.7
4820.1 4813.9
5694.8   4734
5308.3   4835
5107.1 4818.9
4609.3 4822.8
4770.1 4661.5
5107.8 4820.5
4600.5 4841.1
4827.6 4650.6
5280.5 4685.4
5100.5   4811
5851.3   4729
5452.4 4692.6
4826.6 4652.1
5301.1 4862.8
4818.9 4813.9
5289.3 4686.4
4598 4842
5517.6 4715.7
5145.1 4672.8
5451.6 4707.4
5220.3 4819.3
5451.2 4709.2
4642.9 4826.9
4891.6 4831.1
4585 4887
4894.7 4829.9
4899.1 4811.2
5146.2 4672.4
5029.5 4666.2
  5104 4837.9
4842.3 4642.2
4955.4 4662.6
4596.5 4843.1
4601.1 4631.1
4840.6 4641.1
4889.9 4833.1
4792.7 4810.5
5451.2 4707.1
4639.4 4811.9
5318.4 4851.1
5222.7 4816.9
  4748 4655.7
4789.9 4809.8
4801.2 4812.3
5002.9 4850.2
4998.7 4667.6
4808.4 4762.2
4591.2 4846.4
4616.5 4622.9
5100.2 4839.6
5216.1 4670.2
4825.1 4656.5
5006.8 4667.1
4767.9 4854.5
4885.2 4837.2
5213.5 4860.9
5130.2 4809.5
5669.8 4716.5
  4609 4838.4
  5099 4840.9
5453.8 4697.7
5127.6   4803
  5586 4706.6
5832.7 4726.8
5513.7 4692.9
  4651 4822.9
  4608 4837.9
4934.4 4668.1
5606.6 4711.9
5545.1 4701.2
4797.4 4664.5
5213.6 4681.2
5629.8 4709.1
4894.5 4802.5
5428.7   2640
5354.6 4691.4
4822.3 4663.7
4646.1 4643.3
4877.8 4842.5
4934.3 4669.4
5545.5 4712.4
5237.2 4684.8
5125.2 4839.9
5383.2 2640.2
5443.7   4694
4584.1 4848.8
  5089 4849.7
5233.9 4808.2
5509.5 4706.3
  5108 4653.9
4654.9   4849
4645.9 4850.1
5072.5 2226.4
5376.5 4698.2
4646.7   4850
4760.3 4855.6
5095.7 4668.5
5106.9 4661.3
4662.6   4847
5401.2 2596.3
6513.7 370.15
5449.8 2692.2
4940.5 4656.9
5082.9 4851.1
  5104 4652.9
  4773 4804.6
  5607 4722.6
4954.6 4654.6
  4657 4820.2
5357.2 4688.2
4767.3 4845.6
  4846 4645.2
4932.6 4675.1
4796.8 4660.5
5607.3 4725.2
4803.8 4795.9
7070.7 563.06
5170.2 2400.8
4628.7 4611.9
5094.9 4686.1
5527.9 4713.7
5561.5 4820.4
4865.5 4851.7
5526.2 4698.7
5454.5 4702.6
5563.7 4821.9
5575.1 4831.8
6601.2 267.37
5094.2 4687.6
5663.1 4727.9
5023.6 4833.1
5053.7 4656.8
5503.9 4707.9
5540.4 4698.7
5046.7 4784.2
4999.8 4670.9
5029.9 4632.7
5024.3 4834.8
5413.4 2645.6
5517.5 4806.7
5721.7 4739.6
5363.8 4686.1
5237.7 2456.6
5680.2 4764.8
5161.3 4759.7
5566.8 4707.2
5534.8 4692.1
5708.4 4695.5
5005.6 2259.4
5327.5 4691.3
5094.2 4689.5
4930.2 4682.1
4662.7 4849.7
5024.5 4835.7
5008.4   4656
5022.5 4823.2
4851.7 4647.3
5536.5 4719.6
5119.8 4690.1
5001.4 4881.7
5119.9 4686.4
4829.4 4844.2
4920.7 4651.6
5193.5 4657.1
  5120 4692.4
5905.5 2923.1
5566.8 4704.2
5683.1 4742.8
4592.9 4629.3
  4954 4646.2
4879.5 1734.3
5013.8 4861.7
5063.6 2209.9
5527.3   4696
4654.7   4661
5608.1   4744
4764.6 4635.6
5188.1 4689.8
5229.2   4661
5037.7 4679.3
5083.4   4824
5192.5 4672.8
5322.4 4688.7
5155.1 4735.7
4754.2 4651.7
5334.5 4664.1
4936.2 4798.8
5133.2 4645.2
5088.3 4664.2
5263.9   4698
5171.8 4628.4
5409.2 2644.8
5193.4 4651.6
4772.9 4646.1
  4723 4669.7
4501.2 1115.2
  5231 4656.9
5065.2 2063.4
5499.9   4715
5493.5 4709.6
4623.1 4655.4
4692.5   4660
4698.2 4627.1
4781.9 4607.8
5536.2 4726.9
4564.2 4639.7
6098.7   1334
5169.9   2386
4697 4657
4585.7 4879.4
5681.1 4786.5
