4539.52 2349.32
4341.74 2178.86
 4983.2 2237.26
4927.81 2263.25
4495.26 2393.45
4954.55 2251.31
4954.73  2251.3
 4838.9 2258.27
4909.98 2161.71
4371.59 2327.13
4371.47 2327.41
4570.62 2494.29
4750.91 2404.87
 4998.2 2046.13
4522.17 2400.94
4769.82 2300.33
4780.92 2323.28
4521.66 2401.04
4770.15 2328.54
4521.2 2421.9
4407.59 2299.05
4677.35 2371.76
4549.32 2409.55
4478.71 2402.78
4479.36 2403.68
4560.91 2408.72
4328.52 2426.41
4345.63 2182.14
 5038.2 2216.81
4328.31 2426.42
 6365.2 1701.09
4548.68 2409.41
4329.51 2402.97
4677.78 2371.74
4882.61 2280.04
4942.15 2260.55
4781.17  2322.8
4552.09 2398.59
4881.16 2372.75
5628.58 1918.49
 4544.1 2408.21
4326.96 2402.82
4560.08 2408.48
4821.01 2311.13
4484.39 2404.56
4370.1 2355.1
4446.06 2326.18
3827.65 2479.26
4863.49 2104.16
4532.63 2400.59
4488.34 2396.01
4484.83 2403.93
4439.24 2342.91
4298.91 2416.45
4375.88 2493.11
4983.91 2222.31
4567.11 2449.57
4802.38 2417.45
5017.44  2201.2
4959.32  2396.8
4729.37 2245.49
4361.23 2327.56
4813.29  2203.2
4814.09 2384.67
4707.32 2305.25
4192.37 2389.29
4207.09 2391.09
4857.02 2380.41
4298.86 2411.59
4687.05 2410.46
4420.04  2308.4
4708.04 2305.32
5058.69 2322.46
4273.98 2271.06
4549.85 2398.38
 4547.2 2475.67
4542.52 2411.57
4243.72 2337.85
4397.61 2499.42
4478.72 2477.96
4925.52 2270.67
4560.06 2412.96
4168.58 2472.62
4464.32 2381.78
4769.07  2397.1
4624.18 2462.93
4278.34  2332.4
4278.19 2332.27
4753.22 2338.58
4254.71 2269.68
   4772 2201.85
4499.12 2391.38
4307.27 2232.75
4275.54 2500.08
4307.48 2346.49
4390.78 2434.08
4981.03 2337.06
 4796.7 2393.18
 4811.3 2201.31
4349.57 2335.03
4986.55 2393.55
 4811.7 2201.92
4649.26  2345.8
4491.22 2402.03
4239.06 2270.65
4493.02 2397.65
4728.74 2246.88
4913.03 2276.92
4240.79 2338.02
4782.89 2397.64
   4774 2420.15
4814.06 2423.44
4561.34 2452.98
4730.06 2246.95
4238.95 2270.84
 4376.4 2323.52
 4368.2 2430.51
4501.67 2477.53
4474.92 2530.01
4533.95  2415.4
4476.06 2529.65
4445.62 2328.14
4884.98 2220.03
4305.89 2429.31
4983.14 2212.49
4338.17  2333.7
4262.45 2389.11
4466.94 2444.96
4330.93 2310.49
4370.16 2368.84
4562.39 2446.03
4936.63 2250.91
4534.28 2414.14
4972.61 2341.94
4377.22 2274.65
4221.16  2088.1
4880.18 2147.14
4507.89 2403.89
4918.89  2152.3
4851.74 2385.25
4675.84 2402.86
4986.91  2084.3
4296.58 2204.65
4814.18 2395.05
4886.63 2377.92
 4992.8 2217.65
4536.35 2415.81
4055.52 2473.44
4506.97 2403.42
4564.97 2428.78
4699.34 2404.98
4587.54 2426.89
4388.74 2281.49
4521.99  2419.1
4456.19 2383.55
4306.72  2468.6
4662.84  2383.3
4978.56 2211.81
4256.96  2332.6
4667.04 2381.31
4484.36 2385.91
4567.85 2426.32
4347.71 2430.13
4765.58 2337.43
4537.32 2414.49
 4494.1 2401.98
 4989.8 2227.58
5137.69 2179.13
4274.41 2128.05
4257.05 2333.05
4208.44 2241.51
4598.36 2407.92
4306.78 2468.55
4807.72 2206.07
4832.63 2414.21
 4310.5 2277.34
4668.59 2380.97
4684.25 2395.11
4084.95 2377.05
4488.46 2390.61
4493.67 2402.18
4305.09 2417.44
4055.06 2473.48
4495.39 2402.25
4321.47 2416.05
4561.97 2391.99
 4783.5 2209.39
4267.08 2269.47
4765.75 2337.06
4664.78 2386.52
4707.41 2308.47
4538.57 2440.29
5039.26 2324.58
4512.13 2403.01
4539.23 2451.07
4357.89 2430.44
4853.86 2291.87
4555.02 2396.84
4706.55 2405.08
5030.38 2333.23
4311.96 2355.03
5084.11 2024.71
4344.69 2185.69
4296.29 2397.48
 4472.3 2484.29
4806.22 2421.95
4484.08 2389.73
4304.15 2434.05
 4248.3 2411.48
4554.25 2452.99
4572.37 2391.37
4310.68 2358.54
4750.26 2414.91
4495.3   2411
4573.14 2438.58
4495.48 2407.03
4422.78 2511.81
4538.82 2441.31
 4303.5 2448.46
4260.6 2404.6
4558.57 2396.58
4503.77 2387.98
4974.75 2235.07
4191.08 2392.33
4303.02 2447.96
4315.87 2440.46
4440.75  2333.1
4810.34 2327.28
 5044.9 2240.05
4678.61 2330.49
4302.86 2447.37
4358.81 2376.03
4510.54  2408.7
4684.13 2307.84
4719.75 2304.29
4446.29 2336.43
4388.21 2377.52
4384.03 2289.14
4747.82 2409.49
4807.43 2403.96
4347.77 2430.18
4095.09 2386.81
4351.11 2528.76
4417.87 2536.77
4350.02  2271.3
4805.78 2236.83
4315.55 2440.78
4322.43 2280.96
5051.27 2231.65
4661.59    2413
5002.58  2235.1
4306.43 2235.09
4540.82 2453.39
4499.58 2443.43
4319.65 2216.81
4414.44 2512.62
4505.49 2399.71
4282.22 2449.76
4192.55 2059.66
 4810.5 2304.31
4510.06 2424.69
 4488.4 2417.29
4448.59 2335.17
4311.32 2435.74
4305.76 2359.66
 4509.1 2409.15
4968.51 2236.15
4315.57 2397.67
4246.88 2318.61
4539.68 2448.36
4507.28 2399.87
4501.99 2387.35
4718.01 2376.87
4194.95 2480.65
4323.24 2298.23
 4683.9 2379.73
5050.89 2233.45
4305.82 2278.42
4127.92 2493.45
4540.91 2443.33
4971.06 2112.66
4377.05 2388.47
4630.13 2323.43
4377.44 2388.74
4093.82 2383.69
4446.08 2431.59
4095.23 2387.16
 4388.7 2287.67
5053.57  2226.3
4243.49 2351.36
4382.31 2363.08
4864.22 2179.73
4279.65 2112.09
4322.45 2154.48
4534.68 2435.14
4364.58 2356.45
4908.21 2058.73
4311.27 2435.15
4768.45 2229.33
4441.29 2332.75
4388.38 2290.65
4389.34  2284.2
4300.03 2269.92
4439.84  2338.2
4699.79 2307.93
4975.27 2214.85
4528.62 2421.78
4821.01 2402.75
4802.94 2408.68
4389.53  2284.8
4256.69 2270.83
4309.01 2273.65
4387.93 2447.32
4243.64 2351.67
4311.97  2449.4
4445.53 2416.41
4777.07 2345.41
4256.62 2158.75
4416.57 2339.53
4784.15 2312.91
 4548.8 2451.35
4578.83  2264.5
4488.55 2425.11
4365.24 2354.99
4307.29 2273.68
4516.56 2448.17
4299.01 2400.54
4346.79 2381.29
4256.82 2372.19
4404.99  2302.7
4871.61 2283.14
4883.09  2140.4
4484.29 2394.07
4645.94 2383.86
4883.85 2139.72
4883.95  2139.6
4093.96 2368.67
4199.99 2069.05
4259.78 2353.14
4774.45 2397.99
4523.96 2444.88
5007.39 2344.03
4764.17 2426.96
4516.19 2447.31
 4566.2 2413.67
4093.62 2391.62
4311.97 2446.66
4923.72 2392.76
4552.45 2461.05
4673.15 2424.01
4475.25 2437.43
4471.96 2389.28
 4764.1 2468.63
4994.24 2221.71
4263.13  2262.7
4527.09 2428.92
4768.02 2305.62
4370.05 2341.53
4860.66  2186.9
4529.83 2416.27
4263.08 2262.56
 4549.4 2150.13
4645.03 2394.65
4237.36 2320.35
4173.98 2219.06
4645.04  2394.6
4554.54 2412.25
5194.97 2314.49
4421.71 2334.33
   4344 2433.65
5051.75 2132.28
4457.07 2441.92
4129.47  2489.3
4483.51 2409.96
4522.46 2444.07
4844.83  2307.5
4506.46 2439.91
4347.17 2338.94
4357.57 2422.37
4554.49 2415.02
4313.13 2438.33
4240.52 2091.05
4343.54 2383.93
4321.15 2407.19
4695.73 2304.94
4469.64 2436.22
4537.11 2420.49
   4456 2407.88
5028.41 2178.22
4977.94 2089.94
4875.33 2304.21
 5033.3 2082.27
4248.34 2150.04
4758.11 2417.49
4366.34 2388.23
4323.21 2149.33
4362.71 2426.25
 4518.2 2409.18
4554.39 2409.48
