5490.5 4696.6
6106.4 2321.9
5061.7 4677.4
4738.9 4657.2
5061.2 4677.7
4651.5 4633.4
5320.2 4675.9
4739.2 4656.8
5671.1 4733.1
4895.8 4866.4
4607.7 4622.7
6070.8   2299
  4908 4652.9
5580.3 4715.9
5203.9 4684.6
5580.5 4715.4
4929.9 4778.3
4718.1 4639.2
5344.5 4695.4
5699.6 4714.6
4902.9 4670.6
4671.3 4651.1
5635.5 4700.4
4994.3 4678.6
  5181 4670.4
5553.3 4696.1
4997.4 4784.7
5344.9 4694.9
5282.7 4669.7
4600.1   4648
5208.5   4664
4958 4677
5071.7 4675.7
5132.3 4673.6
4831.8 4643.8
4999.8 4661.2
5104.4 4680.6
4968.2 4658.5
5279.7   4687
5452.3 4692.4
4631.6 4813.3
5113.6 4648.7
6131.3 1958.1
4976.5 4833.9
5212.2   4829
4995.1   4678
5306.5 4856.5
5311.7 4675.2
5290.1 4675.1
5107.1 4818.9
5308.3   4835
4632.5 4851.1
5003.7 4677.7
  6065 2025.7
4675.8 4845.5
5524.2 4706.3
4820.1 4813.9
5107.8 4820.5
5304.5 4858.8
4826.6 4652.1
5851.3   4729
  5075 4674.7
5280.5 4685.4
5517.6 4715.7
5451.2 4709.2
5451.6 4707.4
4899.1 4811.2
5464.9 2458.6
5481.3 4696.5
4995.8 4845.2
5167.6 4671.3
4894.7 4829.9
4891.6 4831.1
5902.9 2149.5
  5104 4837.9
6182.5 1951.5
4629.5 4844.9
5384.8 4701.6
5210.5 4855.4
5606.4 4707.8
5451.2 4707.1
4889.9 4833.1
4840.6 4641.1
4842.3 4642.2
4609.3 4822.8
6182.6 1966.4
4792.7 4810.5
4600.5 4841.1
4616.5 4622.9
4993.8 4836.2
  4748 4655.7
4601.1 4631.1
4998.7 4667.6
4994.4 4839.6
5146.2 4672.4
5100.2 4839.6
5220.3 4819.3
4808.4 4762.2
5887.4 2174.4
4885.2 4837.2
6111.2 1976.2
4767.9 4854.5
4596.5 4843.1
4801.2 4812.3
5006.8 4667.1
6142.5 1815.6
5216.1 4670.2
5117.4 4819.1
5513.7 4706.6
5222.7 4816.9
5874.3 1803.7
  5241 4671.8
  4903 4827.4
4639.4 4811.9
4591.2 4846.4
4646.1 4643.3
6053.9 2005.8
5354.6 4691.4
5980.8 2265.8
5545.1 4701.2
4934.3 4669.4
4797.4 4664.5
  4609 4838.4
  5671 4716.7
5443.7   4694
5545.5 4712.4
4877.8 4842.5
5854.1 2198.8
5214.5 4682.4
5688.3   4707
  4651 4822.9
5509.5 4706.3
  5089 4849.7
4760.3 4855.6
5096.6 4670.5
5106.9 4661.3
4762.4 4656.6
4584.1 4848.8
  4846 4645.2
5884.4 1879.7
5095.7 4668.5
4619.9 4633.3
5357.2 4688.2
5606.7 4717.9
  6226 1402.9
4940.5 4656.9
  5104 4652.9
4646.7   4850
5096.6 4673.6
4803.8 4795.9
4767.3 4845.6
4954.6 4654.6
5094.9 4686.1
5493.8 2435.5
5527.9 4713.7
3536.7 2447.6
5907.8 2163.9
  5607 4722.6
6043.4 2026.9
4645.9 4850.1
3535.1 2441.6
6238.4 1970.8
5094.2 4687.6
5526.2 4698.7
5563.7 4821.9
4754.2 4651.7
5607.3 4725.2
5044.6   4682
5649.8 2306.5
5714.2 4722.7
5023.6 4833.1
  6279 1824.7
4664.4 4815.8
5111.1   4835
5829.9 2173.1
5363.8 4686.1
5094.2 4689.5
5024.3 4834.8
5838.6 2170.4
5327.5 4691.3
5534.8 4692.1
6295.7 1818.1
4920.7 4651.6
5566.8 4707.2
4930.2 4682.1
4759.9 4652.5
5013.8 4861.7
5823.4 2038.3
6153.3 2032.8
4662.7 4849.7
5038.1 4679.8
4734.3 4629.4
5527.3   4696
5029.9 4632.7
3517.7 2469.1
4663.7 4606.9
4654.7   4661
4703.8 2541.6
6158.6 1895.5
5001.4 4881.7
4764.6 4635.6
5083.4   4824
  5120 4692.4
4985.9   4666
5188.1 4689.8
6062.4 1983.9
5160.7 4781.3
4788.5 4648.2
5566.8 4704.2
5843.8 4812.3
4977.5 4801.8
6113.3 1915.5
6079.5 1985.6
5418.6 4656.9
5566.3 4726.5
4622.1 4637.3
5155.1 4735.7
5322.4 4688.7
5802.8 2180.9
5193.4 4651.6
5192.5 4672.8
5263.9   4698
5801.3   4686
5499.9   4715
4936.2 4798.8
5133.2 4645.2
  4993 4815.8
4996.1 4817.9
4772.9 4646.1
6069.2 2277.6
6100.2 1997.2
5163.4 4810.5
5094.3 4694.8
5681.1 4786.5
4751.7 4605.4
5493.5 4709.6
4995.9 4812.5
5035.8   4814
4571.5   4647
5683.1 4742.8
5035.2 4814.2
6216.6 1324.4
