5481.2 4711.8
6435.3 2249.8
  5052 4692.3
  4729 4672.6
5051.5 4692.8
4641.9 4648.7
5310.9 4690.9
4729.8 4671.9
5661.5 4748.1
4886.6 4880.8
4598.1 4637.9
6359.1 2217.2
4898.6 4668.2
5570.9 4730.9
5194.5 4699.8
5571.4 4730.6
4920.2 4793.8
4708.4 4654.7
5335.1 4710.4
5690.7 4730.7
4893.3 4685.8
4661.7 4666.2
5626.3 4714.5
4984.8 4693.6
5171.4 4685.7
  5544 4711.2
4988.1 4799.7
5335.5 4709.7
5273.2   4685
4590.4 4663.1
  5199 4679.2
4948.5 4692.1
5062.1 4690.9
5122.8 4688.7
4822.2   4658
4990.2 4676.5
  5095 4695.7
4958.7 4673.7
5270.2 4702.2
5443.1 4707.8
4622.2 4828.1
5104.1 4664.4
6126.5 1934.9
4967.3 4848.2
5202.8 4843.9
4985.6 4693.3
  5297 4871.5
5302.4 4690.4
5280.5 4690.3
  5098 4833.7
5298.8   4850
4622.9   4866
4994.2 4692.9
6055.5   2008
4666.9   4860
5514.8 4721.5
4810.6 4828.7
5098.6 4835.5
5294.9 4873.2
4817.4 4667.1
5842.3 4743.8
5065.3 4689.8
5271.4 4700.2
5508.2 4730.7
5441.8 4724.3
5442.3 4722.2
4889.6 4826.2
5422.3 2470.8
5471.8 4711.6
4986.4 4860.2
5158.1 4686.6
4885.5 4844.5
  4882 4846.4
5860.1   2157
5094.6 4852.6
6182.9 1923.7
4620.3 4859.5
5375.2 4717.3
5201.1 4870.5
  5597 4723.1
5441.9 4722.3
4880.9 4847.8
4831.2 4656.6
4832.8 4657.5
4599.9 4837.4
6129.8 1977.9
4783.4 4825.4
4590.9 4855.9
4607 4638
4984.5 4851.3
4738.3 4670.9
4591.7 4646.2
4989.2   4683
4985.3 4854.4
5136.8 4687.7
5090.8 4854.4
5211.1 4833.9
4799.1 4777.2
5805.7 2207.5
4875.7 4851.7
6155.4 1913.7
4758.8   4869
4587.2 4857.8
4791.8 4827.2
4997.3 4682.5
6192.5 1730.4
5206.6 4685.4
5108.6   4832
5504.3 4721.7
5213.1 4831.9
5961.2 1588.6
5231.7 4686.9
  4894 4842.3
  4630 4826.8
4581.8 4860.8
4636.5 4658.7
  6042 1988.4
5345.3 4706.5
6161.1 2183.6
5535.8 4716.2
4924.9 4684.5
4787.4 4679.8
4599.3 4853.2
5661.4 4731.7
5434.3 4709.1
5536.1 4727.5
4868.4 4857.3
5790.3 2218.6
5205.1 4697.6
5679.3 4721.8
4641.4 4837.4
5500.1 4721.6
  5080 4864.2
  4751 4870.2
  5087 4685.7
5097.1 4676.9
4752.9 4671.9
4574.8 4863.7
4836.5 4660.6
5987.7 1673.7
5086.4 4683.7
4610.4 4648.6
5347.7   4703
  5597 4733.1
  6714 385.88
4930.9 4672.2
5094.5 4668.4
4637.4 4864.8
5086.9 4688.7
4794.2 4810.2
4758.1   4860
4945.1   4670
5085.4 4701.4
5452.1 2446.7
5518.6 4728.7
2392.2 2461.8
5864 2170
5597.3 4737.6
  6031 2011.5
4636.4 4865.1
2390.4 2453.2
6813.1 1539.8
5084.8 4702.8
5516.8 4713.7
5554.2 4836.7
4744.9 4666.8
5597.4 4740.4
  5035 4696.7
5634.4   2299
5704.9 4738.7
5014.3 4848.1
6882.3 1241.1
  4655 4830.6
5101.9 4849.8
5893.8 2096.1
5354.1 4701.4
5084.8 4704.8
  5015 4849.7
5906.8 2090.7
5318.1 4706.4
5525.6 4707.3
6910.6 1228.3
4911.2 4667.3
5557.6 4721.3
4920.8 4697.5
4750.4   4668
5004.2 4876.2
5883.9 1927.7
6150.4 2009.7
4653.3 4864.6
5028.3 4694.4
4725.2 4644.4
  5518 4711.4
5022.4   4645
2375.8 2493.1
  4653 4622.8
4645.1   4676
4151.9 2607.9
6212.8   1818
4991.4 4895.9
4754.9 4650.9
5074.1 4838.9
5110.5 4707.5
4976.4 4680.7
5178.7   4705
6051.9 1965.4
  5151 4795.9
4779.4   4663
5557.2 4720.2
  5834 4826.2
  4968 4817.2
6156.9 1846.5
6116.6 1928.7
5409.1 4673.2
5557.1 4741.6
4612.3 4652.6
5145.4 4751.2
5312.9   4704
5855.4 2111.9
5183.7 4667.1
5182.9 4688.6
5254.4 4713.5
5792.3 4701.3
5491.3 4728.7
4926.7   4815
5123.5 4662.6
4983.2   4831
4985.9 4832.9
4762.8 4661.9
6357.2   2181
6050.7 2009.8
5154.1 4823.8
5085.2 4709.8
5671.4   4801
4742.1 4620.7
5484.3 4724.6
4986.5 4826.8
5026.1 4829.6
4561.2 4662.3
5673.4 4757.4
5025.5 4829.4
6649.8 301.63
