-1818.86  -4430.7
 -32.711 -3595.56
 1022.49 -3159.48
-31.6096 -3597.32
1292.29 -2986.9
-1017.22 -3980.82
 1020.74 -3157.12
-2859.09 -5108.09
294.922 -4346.7
507.852 -3302.6
 -2314.1 -4755.36
-566.401 -3835.23
-2315.97 -4754.76
 292.089 -3930.28
 1097.76 -3064.78
-2493.93  3651.75
-1154.29 -4128.75
 506.025 -3377.12
 1222.73 -3076.29
-2569.02 -4795.41
 196.657 -3517.58
-457.114 -3729.14
-2127.39 -4570.19
 48.9592 -4049.67
-1154.71 -4125.69
-852.722  -3885.6
 1425.49 -3009.65
-552.085 -3738.06
 319.579 -3467.72
-66.3717    -3602
-281.176 -3673.83
  756.41 -3180.27
198.959 -3443.6
-190.037  -3669.6
 307.042 -3393.85
-869.462 -3970.24
-1630.32 -4326.24
1201.98 -3782.7
-180.253 -3530.22
-10675.6  6419.09
 55.4963 -4279.44
-844.142  -4638.3
  194.32 -3517.12
-1307.84 -4994.92
-981.117 -3963.38
-891.182 -3925.38
  -407.3 -4397.58
-1270.24 -4864.78
 165.724 -3525.65
 1036.38 -3983.63
-2004.89 -4563.36
 614.636 -3977.04
-412.537 -4408.65
   -1302 -5001.12
-76.2077  -3600.9
-870.948 -3961.77
 -1993.4 -4603.01
   -1659 -4417.91
-1656.88 -4406.88
 355.274 -4058.77
-1773.44 -4409.04
-801.145  -4645.4
-30.6885 -4372.87
-408.565 -3714.05
 346.058 -4149.66
 355.564 -4155.26
-9713.47  6200.01
-425.123 -4498.86
  1179.1 -3936.56
-1341.72 -4242.69
-887.261 -4793.79
-2432.73 -4773.09
-1655.22  -4406.6
 357.528 -4161.28
 730.208 -3182.74
  724.43 -3188.25
 1260.14 -3808.44
 706.226 -3929.77
-10.8159 -4321.01
 996.554 -3160.14
 194.565 -3472.86
-18.2155 -4339.22
-331.136 -3688.74
-413.372 -4502.85
-860.085 -4595.05
 708.264 -3707.88
 370.268 -4175.37
 736.957 -4126.84
 1279.95 -3898.11
 677.226 -3948.19
 167.842 -3480.25
 -590.75 -3780.87
-445.463 -4405.33
 -1953.4 -4540.43
-864.697 -4587.08
-2402.23  3618.82
-412.471 -4511.48
  -690.7 -3827.81
319.843 -4148.9
 1179.83 -3783.37
 1299.95 -3024.96
 -1190.8 -4126.44
-2097.71 -4580.73
 405.526 -3405.65
 841.656 -3243.76
-2812.03  -5000.3
-1592.27 -4315.33
-2126.03 -4649.44
 387.978 -4195.91
-603.898  -3840.5
-1932.52 -4530.27
-387.761 -4541.13
760.768 -4124.4
 -147.76 -3609.92
11736.1 8309.84
-172.007 -3580.92
 952.414 -3177.38
 1311.66 -3916.66
-1116.38  2649.49
 710.048 -3205.53
-142.934 -3599.42
-1194.62 -4111.89
 399.664 -3355.72
-151.353 -3536.57
  1122.2 -3979.39
-10327.8  6455.11
-151.444 -3624.37
 749.255 -4079.12
 355.867 -3361.43
-163.321 -3684.45
-2040.61 -4615.26
 1124.96 -3979.96
-24.8856 -4486.44
-163.081 -3690.52
-1996.86  -4521.7
-2505.16 -5400.69
 20.9376 -3594.82
-3086.96 -5172.49
-114.818 -4347.26
-462.745  3058.36
 1101.03 -3825.04
-448.839 -4494.99
-165.821 -3700.38
 -119.79 -4357.15
-10406.6  6467.36
-2434.12     3601
-1074.87 -4076.17
-2025.87 -4504.13
 468.543 -3311.95
-2221.17 -4663.68
 404.352 -3461.44
 963.296 -3158.12
 1073.72 -3993.69
-1997.53 -4510.87
509.693 2987.65
 1280.51 -2887.48
 1262.34 -3105.29
 964.988 -3087.94
-324.218 -4388.31
-262.756  -3749.6
-1880.55  4130.18
240.203 -3446.9
-513.843 -3837.42
9669.62 7364.74
 1147.71 -2906.15
-2264.74   3685.6
-2216.43 -4656.02
-4244.46 -6263.85
 96.0646 -4114.18
-1406.61 -4066.49
 -2268.6 -4787.15
 1372.23 -2981.35
-457.965 -4025.14
-1048.72 -4053.99
-475.955 -3655.08
-504.943 -3760.85
-824.592 -4003.04
-3512.88 -5189.77
 242.858 -4047.74
-247.543 -3547.82
 931.875 -3142.53
 -610.29 -4435.36
-174.139 -3725.65
1835.94 3200.97
-3075.54 -5499.08
 1028.17 -2948.79
-1862.18 -4512.35
 17.0078 -4190.94
-130.632 -4263.35
 1506.51 -2985.87
 1356.65 -3049.41
-2955.45 -5204.69
-128.132 -4261.37
