4923.5 1541.6
5482.9 2215.7
4928.2 1539.9
5527.3 2456.8
4954.5 1606.1
5363.1 2424.3
6068.9 2336.9
5323.4 2481.8
  6657 1601.2
6721.5 1373.4
6138.7 2308.3
5127.5 2453.4
5988.7 2347.3
5444.8 2376.6
  5111 2453.3
5991.2 2387.3
5191.3 2378.6
6034.9 2033.2
4936.2 1551.6
5033.7 2801.1
5496.3   2326
4617.3 2876.5
5937.6 2116.6
6265.1 1184.9
  5368 2430.7
6022.1 1942.3
4527.3 2178.3
4901.7 2344.5
5492.8 2325.4
5153.2 2388.6
6658.7 1556.5
4820.9 1323.3
5543.6 2283.3
4773.3 1642.6
4767.2 2217.5
  6215 2213.7
5459.4 2326.1
5387.4 2317.8
6357.4 1246.8
5535.5 2483.8
4650.2 2259.9
  5317 2183.7
4766.4 2298.9
4842.1 2287.3
5392.4 2353.2
5510.7 2357.1
5405.8   2308
5968.1 2346.3
6004.6 2392.4
4751.7 2278.9
5896.5 1806.3
5377.2 2332.4
6703.9 1701.1
6024.1 1583.4
5103.2 2446.2
5420.4 2334.7
6219.5 2256.6
5088.7 2047.4
5332.5 2470.4
5500.3 2323.1
4811.7 2099.4
  4384 2246.9
4780.6 1650.5
5471.5 2362.8
4831.1 2083.5
  4384 2246.9
6271.6 2307.4
5471.9 2359.4
4774.4 2447.5
6139.4 2223.7
5361.4 2529.1
5461.5 2353.5
4826.2 2365.8
4785.5 2289.5
5757.5   2317
5325.9 2539.8
4802.4 1797.2
5429.1 2332.9
5051.4 2085.6
5393.7 2398.6
5758.3 2301.7
5484.4 2364.1
5511.8 2314.7
5360.8 2408.9
5398.8   2342
5398.4 2350.3
  5076 2182.1
6436.5   1193
6148.2 1643.4
5307.9 2471.7
5969.1 1844.8
5334.6 2464.6
4895.7 2483.1
5407.1 2424.5
5393.7 2398.6
4429.7   1892
5478.4 2424.8
5061.2 2195.6
5476.8 2435.8
5082.8 2234.2
5299.4 2392.5
5387.8 2306.4
5337.3 2425.8
  6726 1380.2
  6107 2038.1
6720.3   1642
5392.1 2384.6
  5426 2345.8
5061.2 2195.6
4817.6 1782.9
5094.8 2355.5
5425.1 2382.4
5693.5 2374.2
5052.7 2071.4
4893.2 2527.8
5384.3 2421.2
4718.6 1949.8
5386.2 2363.7
  5471 2387.2
5744.4 2279.9
4881.8 2399.4
4761.5 2498.3
4985.7 2046.4
4894.3 2530.1
4815.4 1613.9
  5094 2355.9
4973.2 2383.8
5506.6 2465.5
5514.1 2036.6
5468.1 2406.1
5466.9 2312.2
4802.4 1603.7
5078.7 2384.9
5467.4   2436
5337.3 2425.8
5437.2   2341
5500.8 2361.3
5458.6 2317.8
4802.4 1603.7
5568.9 2443.2
5463.9 2309.9
5328.5 2549.1
5538.7 2504.9
4795.1 1784.9
5458.9 2363.8
5352.8   2527
5436.3 2304.2
  6726 1380.2
  5447 2425.8
5805.9 2454.9
5452.6 2317.4
5519.2 2385.1
5834.8 2304.5
5354.7 2295.2
  5126 2427.5
5072.6 2414.8
5089.7   2430
5454.8 2391.6
5708.6 2339.7
5473.5 2372.7
5490.1 2428.7
4653.7 2274.6
6088.3 1496.6
4770.3 1785.3
5055.9 2358.2
5470.4 2433.6
5130.4 1953.2
5466.2 2313.6
4744.1 1835.3
5501.3   2356
  5399 2360.3
  5986 2490.1
4565.3 1912.2
6841.3 1051.2
6155.4 1608.8
5439.2 2346.9
