4346.06 1966.22
4693.49 2222.14
4684.38 2322.13
4346.06 1966.22
4348.99    1965
4699.98 2221.92
4740.83 2485.11
4740.83 2485.11
4773.28 2461.67
4713.78 2456.45
5141.26 1990.42
4361.65 2001.44
5080.08 2179.81
5695.67  1764.3
6036.12 1802.01
4559.08 2469.05
4598.78  2438.7
5166.01 2381.91
4218.12 1762.05
 4572.1 2470.01
5134.62 2391.61
 5084.5 2261.34
4711.11 2489.28
6128.19 1584.59
5985.87 1749.66
5173.71 2219.93
5235.43 2362.56
4345.02 1958.33
6077.62 2240.41
4446.17 2454.62
4016.42  1636.8
5090.28  2389.6
3997.79 2160.03
5209.95 2200.09
4655.25 2412.12
5458.02 1652.58
4656.64 2386.05
4435.96 2454.57
   4638 2502.25
6120.04 1605.66
5092.11 2414.03
4656.64 2386.05
4418.16 2251.06
4603.67 2388.92
4603.67 2388.92
4486.4 2414.7
5145.09 2192.96
4353.24  1971.3
 5030.1 2058.38
6032.56 1787.54
4878.02 2329.58
6032.56 1787.54
4392.32 2637.59
5036.24 2085.11
4692.18 2383.55
4606.84 2442.71
5099.81 2244.06
5050.61 2249.95
3929.78 1990.79
6032.56 1787.54
4602.09 2442.18
   5325 2345.84
5138.89 2136.02
4006.28  2168.9
5275.41 2146.01
4681.62  2394.8
5467.47 2236.97
5179.11 1962.34
4105.72 2316.47
4600.54 2389.18
4050.72 1539.83
4571.28 2450.84
6033.47 1786.03
5129.04 2335.99
4105.02 2320.17
4311.33 2398.38
4689.68 2383.26
3996.96 2140.34
4462.34 2420.21
5254.31 2320.22
4669.09 2386.19
4296.29 1844.14
4727.02 2358.97
4350.72 2314.59
5138.89 2136.02
5101.01 2342.87
5735.15 1884.98
4253.08 2029.64
4235.89 2334.05
4233.46 2366.95
5317.33  2299.5
4555.82    2278
4665.95 2384.02
4610.69 2388.11
5811.62 1857.53
  4491 2220.5
5323.06 2442.89
4616.03 2380.24
 4345.3 2027.39
5368.83 2081.32
 5975.3 2230.62
4573.01 2449.27
5092.45 2423.19
5595.79 1961.34
4719.78 2471.58
4171.01 2356.76
4680.55 2398.98
 4570.6 2307.86
4234.73 2375.78
5317.33  2299.5
4277.51 2369.26
 4345.3 2027.39
4374.64  2530.9
4619.12 2399.62
4472.17 2203.97
4702.21 2400.78
4628.79 2374.63
4295.41 2389.82
5101.94 2340.51
5071.46 2389.29
5320.73 2302.94
4712.92 2449.06
4295.41 2389.82
5618.26 1999.56
4325.94 2292.72
4618.78 2387.17
4555.68 2281.18
4888.47 2387.49
4599.64 2490.84
4328.68 2198.09
5216.12 2370.94
5323.87 2529.13
5104.96 2358.49
4258.89 2409.28
4709.67 2218.47
5104.45 2417.03
4613.06 2419.53
 5189.4 2205.34
4226.68 2365.66
4280.42 2376.64
7021.93 2084.08
4431.11 2467.98
4438.89 2174.43
4608.92 2388.35
4344.24 2021.17
4019.48  2173.2
4622.81 2488.37
4455.93 2185.67
4879.66 2360.44
4431.16 2450.83
4126.14 2673.84
5831.06 1897.76
4556.02 2487.92
4328.45  2195.6
 4292.2 2140.61
4638.59 2389.19
4670.36 2402.94
4017.25 2113.86
5320.56 2327.18
4427.36 2239.22
5142.89 2390.68
 4155.9 2321.86
 4953.5 2361.33
4578.16 2463.83
4889.86 2334.15
4879.66 2360.44
5542.86 2009.06
4695.08 2381.89
 4616.1 2496.28
4262.55 2272.44
3885.43 1927.32
4856.19 2352.32
  4563 2327.4
6038.42 1795.03
4623.78 2387.31
 5090.8 2351.47
4030.23 2351.98
4256.98 2033.73
4888.53 2341.38
4236.11 2395.91
4674.16 2404.28
4273.87 2263.82
5299.43 2111.03
4611.32 2367.53
4030.23 2351.98
5375.45 2358.78
4624.07 2429.87
4674.47 2402.39
4238.66 2451.66
 5238.6 2308.78
4597.8 2495.9
4667.16  2399.2
4739.42 2472.21
4267.99 2409.73
4245.49 2370.83
4623.3 2488.6
 4663.7 2400.13
4057.41 2060.45
4884.11 2362.33
5376.41 2055.34
 4613.2 2436.94
4611.32 2367.53
4655.22 2408.36
4655.22 2408.36
4104.25 2172.98
 4891.2 2374.96
4693.71 2474.11
6034.54 1810.98
4585.72 2478.59
5738.94 1749.65
4574.01 2501.52
4884.11 2362.33
5776.02 1834.56
4264.45 2112.96
4644.65 2388.11
4403.59 2260.57
5080.84 2419.38
4008.78 2202.77
4619.72 2424.52
4892.09 2366.01
4683.31  2404.9
4403.59 2260.57
5745.49 1946.09
4015.4 1914.4
4556.73 2292.29
4703.46 2377.05
4607.34 2397.14
4597.27  2430.3
4623.61 2393.41
4623.26 2397.98
4169.12 2327.36
4416.75 2311.45
4394.08 2323.56
5100.69 2441.55
4621.69 2426.16
5080.84 2419.38
6120.99 1564.36
4676.32 2435.35
4561.78  2464.5
4394.08 2323.56
4548.36 2298.84
5096.57 2077.77
4579.56 2460.68
4307.57 2469.99
4350.25 2255.26
4012.21 2122.53
4550.97 2277.09
5114.69 2090.06
4628.84 2438.69
4619.72 2424.52
6655.11 2079.06
4057.94 2171.68
4678.72 2438.67
4637.85  2384.4
4267.64 1792.73
 4407.5 2318.84
4677.56 2444.79
4510.97 2244.67
4009.98 2114.52
4420.13 2338.98
 4556.3 2421.64
4616.44 2373.97
 4475.2 2204.09
4016.89 2104.51
 4698.4 2381.11
 4581.4 2439.57
4056.89 2009.04
6133.76 1589.37
5215.22 2191.65
4618.69 2416.85
 4407.5 2318.84
4704.77 2517.46
5722.24 1745.11
4642.37 2395.26
4015.68 2080.11
5798.11 1536.72
4262.16 2344.63
 4407.5 2318.84
4420.13 2338.98
4579.07 2435.99
5625.87 1937.79
 4053.7 2209.66
4861.86 2335.69
4096.48 2055.13
4273.64 2104.75
4255.49 2114.94
4341.62 2040.95
4509.09 2244.81
 4426.3 2402.99
4112.75 2673.16
4107.39 1617.16
4049.68 2007.17
4352.03 2247.63
 5948.7 1741.37
4399.48 2272.26
4009.12 2076.82
4110.47 2210.17
4641.47 2415.45
4228.46 2483.63
4756.58 2332.87
4273.64 2104.75
4839.47  2408.9
4254.16 2107.23
4851.65 2400.73
4632.55 2366.85
 4404.7 2252.95
4861.86 2335.69
 4576.5 2430.14
4884.13 2294.53
4306.24 2493.06
4364.69 2252.04
4455.75  2195.1
5357.95 1982.83
 4613.2 2436.94
4652.78  2369.9
4213.07 2196.19
5971.27 1830.09
4470.86 2207.03
4432.31 2345.66
6001.46 2233.63
4056.5 2019.4
4020.19 1546.54
4895.07 2331.49
4614.79 2405.43
4673.63 2417.83
4881.24 2353.53
4299.62 2426.82
 4231.5 2477.57
4364.85 2241.16
4306.88 2494.25
5768.05 1881.23
3892.76 1916.35
4278.59 2012.04
4260.35  2367.6
4425.81  2403.2
5811.73 1511.36
4633.56 2371.02
4352.94 2418.43
4275.87    2358
5698.61  1777.5
4698.83  2461.3
4507.03 2254.09
4673.63 2417.83
4574.59 2377.79
4712.11 2219.99
4671.48 2428.33
4631.51 2370.01
4456.04 2186.97
6050.62  1821.3
4676.67 2378.79
4671.41 2376.22
4856.27 2250.74
4273.64 2104.75
 4380.2 2435.24
4574.59 2377.79
4260.35  2367.6
4111.18 2064.33
4271.44 2006.89
4416.29 2418.57
 4670.9 2444.91
4056.89 2009.04
 4581.4 2439.57
4650.22  2392.5
4695.06 2403.21
4262.38 2106.19
5246.29 2175.82
4332.29 2289.87
5745.49 1946.09
4227.96 2464.92
4665.48 2379.43
4057.34 1765.88
4560.48 2291.29
4271.44 2006.89
 5088.5 2399.71
5106.76 2200.46
4744.26 2448.79
4238.36 2385.05
4669.32 2374.98
4217.08 2087.43
4737.91 2343.38
 4575.8 2506.59
4722.19 2483.42
4244.18 1745.17
4556.46 2418.34
4245.59 1980.56
4260.65 2106.55
4429.89 2154.75
4665.25 2404.93
 4551.8 2454.76
4591.98 2494.71
5823.26 1854.08
   4650 2372.16
4656.56 2439.31
5187.99 2085.57
4276.86 2339.25
4451.29 2441.22
4929.84 2455.35
4661.26 2379.27
5099.75 2444.37
4708.14 2416.37
5092.42 2350.15
4884.13 2294.53
4955.37 2366.33
4275.41 2083.61
 5319.9 2292.33
4594.06 2368.23
4230.85 2398.21
4445.27 2440.92
4412.47 2434.33
4382.83 2336.99
4791.01 2404.68
4422.89  2442.3
4662.18 2420.36
 4434.8 2306.38
4909.94 2323.29
4266.85 2114.92
4851.73 2388.82
4590.13 2427.72
 4675.5 2409.76
4611.25 2377.13
4687.04 2440.81
5262.93 2064.44
5825.97  1846.7
4172.81 2364.19
4308.06 2490.03
 4247.8 1982.46
4447.26 2354.96
5613.95 1935.31
4246.47 2107.54
 4857.8 2279.65
4013.46 2031.07
 4638.4 2434.14
3991.46 2098.16
4713.32 2504.13
4402.55 2404.64
4714.75 2481.58
6128.46 1609.31
4259.27 2461.33
4355.05 2264.38
4673.03 2443.58
4456.04 2186.97
4488.49 2248.43
4670.9   2377
5080.44 2383.41
4791.01 2404.68
4673.39 2420.94
 4408.8 2343.13
4332.93 1976.94
4230.17 2135.08
4695.46 2400.25
4623.59 2403.47
4204.63 2505.68
4810.09  2414.3
4611.25 2377.13
5087.09 2476.81
4129.81  2179.7
4244.18 1745.17
4628.72 2433.64
5817.36 1469.78
4216.83 2367.68
3992.78 2106.69
5893.23 1737.28
4244.28  2109.1
4802.64 2258.03
4651.56 2395.75
5103.32 2406.62
4265.84 2427.03
