4238.55 2151.54
4460.64  2331.7
4458.24 2379.72
4238.45  2151.5
4240.63  2150.7
4464.37 2331.83
4510.96 2193.76
5200.53 1765.35
4498.72 2481.51
5103.46 2365.76
5134.53 2361.15
4498.96  2481.6
4534.26 2467.08
4483.66 2463.15
 4245.4 2169.19
   4823 2222.78
5407.75 1999.57
 5508.5 1979.58
4369.96 2472.44
4397.52 2449.92
4750.45 2419.31
4173.63 2047.89
4378.98 2473.01
 5584.9 1817.85
4750.08 2423.21
4827.12 2294.25
4480.77 2486.39
5452.33  1978.1
 5835.6 1677.36
4851.16 2283.32
4778.25 2410.16
4238.11 2146.95
 4299.5 2462.17
 4715.6 2421.97
4087.25 2309.17
4905.65 2255.85
 4441.4 2428.61
4992.56 1934.04
4442.28 2408.53
4292.33 2462.12
4429.22 2494.37
5824.86 1696.87
4717.18 2436.88
 4441.7 2408.54
4277.45 2327.49
4400.82 2411.02
4400.59 2411.06
5031.67 2328.95
4267.91 2534.19
4319.26 2434.24
4737.41 2308.86
4243.37 2154.84
 4680.1 2217.04
4604.58 2372.72
5567.66 1910.89
4324.44 2539.46
4685.98 2231.44
4471.14 2406.48
4404.09 2453.35
4867.98 2266.78
 4267.3 2534.22
4693.33 2335.46
4060.58 2225.95
5725.44 1866.98
4400.38 2452.56
4816.65 2403.27
 4826.6 2217.64
 4092.1 2314.03
4794.45 2291.32
4463.01 2415.43
5408.34  1970.1
4126.07 2386.14
4398.17 2411.32
4378.66  2459.9
4733.67 2391.28
4125.82 2387.58
4220.47 2427.72
4469.24 2406.28
4086.93 2298.96
4302.71 2438.37
5462.35 1950.45
4787.46 2386.98
4452.29 2408.25
4499.08 2387.41
4237.61 2372.01
4720.76 2394.44
 4189.3 2204.37
4181.55 2390.34
4181.05 2409.91
4814.25 2377.28
4365.19 2331.32
4450.2 2406.8
4405.77 2411.17
4319.88 2294.89
4816.65  2455.7
4409.93 2403.89
4234.86 2186.36
4854.21 2253.17
5004.43 2370.49
4381.09 2457.54
4743.05 2440.95
5176.13 2091.33
4487.95 2473.76
4153.54 2406.29
4461.89 2418.73
4375.56 2352.41
4180.51 2415.45
4813.85 2377.34
4208.02 2411.78
4297.81 2500.48
4134.44 2245.72
4412.61 2419.28
4309.29 2287.85
4479.05 2420.02
4420.26 2399.55
4211.24 2421.92
4733.18 2390.11
4705.63 2421.64
4815.28 2379.78
4482.75 2458.13
4210.85 2422.09
 4225.9 2359.59
4412.43 2409.53
4364.87 2333.58
 4613.4 2414.26
4138.29 2512.91
4402.63 2486.16
4226.42 2299.13
 4817.7 2502.49
4749.92 2397.31
4192.95 2434.25
4469.87 2329.98
4722.86 2438.75
4408.01 2435.97
4963.71 2226.17
4176.42 2409.34
4208.07 2415.46
4682.39 2218.35
5414.23 1956.87
4289.32 2471.13
4404.32 2410.57
4233.97 2181.95
5347.12 2090.86
4099.71  2315.9
4606.93 2394.74
4289.29 2459.76
5116.08 2125.19
4255.57 2535.89
4369.24 2484.64
4226.29 2297.77
4212.46 2271.14
4428.17 2411.31
4453.18 2421.79
4098.34  2285.6
4815.61 2392.54
4282.86 2318.28
4791.56 2417.71
4145.46  2386.4
 5114.6 2125.46
4659.99 2396.51
4382.72 2468.64
4613.05    2376
 4604.5 2395.59
4473.74 2404.95
4413.25 2489.76
4192.63 2351.29
4047.95 2201.33
4590.71  2389.1
4369.68 2367.98
5727.86 1875.35
4416.41 2409.74
4096.59 2407.99
 4191.5 2206.76
4611.17 2381.53
4181.62 2428.08
4456.46 2422.74
4199.43 2345.73
4803.7 2274.3
4405.78 2394.44
4096.54 2407.95
4835.51 2411.22
4416.65  2443.5
4456.83 2421.39
4183.65 2460.57
4781.16 2379.68
4401.21 2489.37
4450.82 2418.76
4502.63 2474.57
4515.39 2175.93
4197.11 2434.98
4187.86 2412.42
4419.23  2484.8
4447.04 2420.73
4115.87 2255.21
4609.44  2396.3
4962.47 2183.59
 4408.4 2449.06
4405.92 2395.59
 4441.6 2422.13
4441.97 2425.39
4139.35 2314.15
4614.88 2404.98
4469.23 2475.82
5722.75 1890.03
4389.84 2478.56
4385.55  2492.6
4610.48    2395
4196.51 2255.65
4432.86 2410.31
4535.41 2538.89
4267.22 2333.21
4294.05 2525.39
4092.37  2331.1
4413.54 2439.12
5171.83 2367.32
4615.17 2398.74
4463.96  2423.2
 4266.5 2333.32
4365.56 2341.76
4480.73 2400.67
4403.19 2417.93
 4395.7 2443.22
4416.16 2414.41
 4416.1 2418.35
4152.68 2390.01
4276.16 2367.11
4262.48 2375.16
4765.33 2453.37
4414.44  2440.8
4785.26 2433.56
5825.71 1660.13
4458.67 2447.78
4804.41 2172.33
4371.75 2469.12
4262.48 2375.07
 4359.4 2347.01
4832.77 2141.12
4384.98 2466.28
4218.05 2471.81
 4237.5 2333.37
5633.98 1939.01
4095.43 2289.95
4361.46 2330.49
4739.89  2231.5
4420.56 2449.39
4413.37 2439.04
5519.86 1995.11
4116.13 2313.69
4460.44  2449.4
4427.78 2407.44
4197.63 2056.96
4270.33 2372.12
4459.37  2454.2
4334.9   2312
 4094.2 2285.71
4278.75 2385.28
4365.49 2437.35
4410.09 2398.84
 4311.4 2287.53
4098.31 2280.85
4286.62 2544.41
4476.57 2404.32
 4384.8 2450.55
4115.66 2228.08
5841.17 1681.58
4908.82 2250.67
5521.17  1993.4
4412.34 2432.93
4270.75  2371.9
4726.66 2157.37
4473.31 2503.61
4431.15 2415.82
4097.72 2268.04
 4197.6 2397.02
4270.48 2372.42
4278.78 2386.13
4383.92 2449.06
5201.15 2072.86
4113.84 2333.99
4593.11 2376.69
4135.08 2251.34
4202.28 2250.85
4191.11 2256.74
4232.24 2194.67
 4333.4 2312.06
 4282.3 2427.68
 4130.2 1996.96
4112.74 2227.08
4238.76  2328.9
4266.54 2341.64
4093.67 2265.99
4143.16 2334.21
5433.19 1939.09
4430.43 2431.51
4179.41 2479.92
4519.24 2371.92
4577.58 2428.87
4190.14 2251.81
4583.46 2425.12
4423.49 2393.53
4268.42 2328.45
4595.17 2376.55
4381.28 2444.11
4609.94 2348.21
4217.08 2486.23
4246.85 2331.66
4299.32 2283.42
5273.71 1740.16
5589.28 1809.19
4883.57 2175.71
5138.04 2372.09
4408.68  2448.3
4438.67 2395.57
4169.87 2309.38
4285.42 2388.57
5013.54 2372.13
4115.23 2233.45
 4077.8 1949.82
5350.48 2022.74
4615.94  2374.6
4409.2 2424.1
4455.87 2433.43
4607.48 2389.68
4217.93 2445.64
4179.91 2476.06
4246.33 2324.46
4217.47 2487.03
4052.14  2196.1
4205.78 2194.41
4195.62 2410.71
4281.99 2427.94
5351.63 1752.35
4760.24 2199.94
5021.38 2324.12
4424.11  2396.5
4826.01 2398.15
4239.54 2439.05
4206.09 2404.52
5262.04  1950.7
4473.59  2466.6
4331.85  2318.7
4455.76 2433.16
4379.17 2406.39
4471.49  2331.1
4799.51 2181.44
4454.52 2441.47
4422.46 2395.91
4299.55 2278.55
5739.76 1899.25
4458.11 2402.68
4454.56 2400.85
4590.27 2315.05
4253.82 2449.74
4379.26 2404.37
4194.85 2410.76
4143.06 2255.71
4201.57 2191.39
4276.51 2438.16
4454.24  2454.3
4115.61 2228.08
4384.58 2450.64
4437.49 2413.69
4473.32 2422.07
4195.41 2251.16
4933.84 2238.81
5166.67 2364.98
4228.65 2357.61
4760.66 2199.65
4178.13 2469.41
4449.69  2403.4
4367.89 2340.97
4201.29 2191.24
4714.99 2428.41
4504.15 2457.73
4183.35 2420.79
 4452.7 2399.76
4939.65 2214.89
4160.62 2235.24
4504.51 2377.93
4387.15 2495.83
4489.23 2481.98
   4798 2182.72
4365.45 2434.69
4193.99 2251.53
4280.01 2254.79
4449.47 2423.21
 4365.1 2461.68
4397.38 2488.27
4437.18 2397.12
5589.81 1821.65
4442.43 2450.01
4891.18 2162.84
4205.51 2392.96
4296.14  2453.3
4618.75 2462.24
4446.18 2403.32
4764.41 2455.11
4480.62 2434.12
4716.21 2398.39
 4609.9 2346.22
4662.03 2398.97
4203.38 2237.34
4816.17  2373.7
5163.62 2365.52
4393.09  2396.3
4178.92 2428.64
4291.91 2452.54
4273.97 2448.72
 4255.2 2385.47
4543.8 2425.6
4279.92 2454.08
4447.05 2435.33
 4286.5 2361.45
4628.75 2368.41
4197.87 2257.09
4588.58 2413.89
4390.34 2442.23
4457.53 2427.09
 4405.5 2401.88
4467.02 2450.91
4949.17 2147.32
5354.88 2007.36
4154.74  2410.7
4218.47 2484.52
4293.28 2393.66
4185.91 2252.79
4590.06  2335.6
4096.43  2242.3
 5153.4 2342.17
4427.45 2446.04
4083.61 2277.07
4480.49  2496.2
 4267.6 2429.19
4965.99  2339.9
4484.69 2481.08
5832.75 1700.28
4197.11 2466.26
4240.89 2339.48
4455.71 2453.31
4299.67  2279.2
4319.11 2316.01
4453.95 2401.67
5271.36 1674.47
4779.05 2184.71
4710.29 2419.01
4543.79 2425.84
 4456.2 2436.08
4271.51 2388.23
4229.98 2157.94
4177.85 2270.94
 4473.6 2419.49
4416.32 2422.39
4167.46 2492.73
4558.21 2432.83
4405.77 2402.19
4715.19  2475.3
4150.92 2316.07
4419.89 2445.53
 4147.2 2405.38
4084.46 2281.41
5408.17 1924.89
 4848.1 2271.94
5872.27 1540.68
4810.54 2159.57
4185.13  2253.9
4549.93 2320.68
4438.49 2416.27
4722.55 2432.74
4196.68  2445.2
