4977.4 1748.8
4981.4 1747.3
5339.4 2332.9
5556.8 2470.9
  5481 2512.3
  5538 2480.1
  5885 2140.3
5455.9 2471.8
4994.1 1789.4
5803.4 2108.3
5257.9 2493.6
5307.5 2442.2
5897.8 2370.1
5850.6 2381.6
6516.9   2142
5914.8 2102.2
4975.7 1738.5
5948.4 2298.6
6397.4 1784.4
5125.7 2470.4
5385.5 2349.9
5384.3 2394.7
  5092 2009.8
5111.8 2470.3
5923.7 2363.3
5932.2 2358.9
5162.1 2094.9
5422.3 2470.8
5806.5 2416.8
5163.9 2405.7
5826.6 2157.3
5798.1 1867.2
5274.6 2494.7
4987.6   1757
6190.2 2322.8
4902.7 1584.6
5449.5 2367.2
5434.2 2346.2
5634.2   2340
5319.4   2450
5639.8 2332.1
  5081 2161.4
  5477 2306.3
4896 1948
5312.8 2448.2
5428.2 2368.6
5934.8 2351.4
5257.1 2213.1
4687.5 2108.9
5899.3 2128.8
5420.5 2365.8
4983.4 2370.2
4766.7 2285.8
5308.2 2354.7
5646.8 2275.5
5827.4 2324.1
4968.6 2388.5
  5431 2345.7
4674.8 2072.1
5131.8 2414.9
  4909 1589.2
5897.4 2317.8
5479.7 2305.3
5001.1   2257
5810.2   2330
5188.3 2119.1
5806.1 2172.5
4885.3 1860.5
5765.5 2029.4
4886.1 2298.1
4885.7 2345.1
5244.1 2171.4
5398.8 2346.2
5156.3 2084.3
5935.7 2455.4
4684.6 2035.1
5328.8 2338.3
5551.6 2482.9
4686.6 2071.4
5260.5 2502.2
5841.2 2425.4
5462.9 2495.2
5656.3 2361.8
5475.4 2322.6
5233.6 2166.2
  4827 2335.6
  5419 2373.1
5284.9 2305.9
5264.6   2220
4888.8   2299
4885.1 2358.5
5523.5 2508.3
4942.1 2350.3
5859.1 2381.6
  5930 2300.8
  5334 2373.1
5273.8 2240.2
5135.4 2067.1
5826.7 2321.7
5447.8 2376.4
5346.8 2328.9
5890.9 1843.3
5790.5 2385.3
4700.4 2060.6
5932.1 2304.8
5854.1 1786.9
  4949 2374.4
5333.4 2351.1
5243.7 2176.5
4496.4 2136.3
4793.8 2594.3
5295.3 2328.3
  4973 2084.8
4769.4 2327.8
5802.9 1854.6
5887.3 1839.2
5936.3 2548.2
  5301 2465.8
5324.6 2413.6
4911.2 2403.8
5427.5 2177.2
5451.4 2491.1
6496.6 1759.7
4876.8 2363.3
4917.5 2395.3
4675.5 2005.4
4875.9 2343.6
5645.3 2262.4
4992.9 2110.3
4942.3 2359.1
5849.7 2337.5
5284.1 2516.8
5319.1 2353.2
  5345 2351.5
4973.3 1816.2
5211.9 2170.1
5824.4 2459.6
5546.7 2597.2
5906.9 1894.7
4889.2 2464.8
5105.9 2464.8
5908.5 1682.1
  4974 2059.1
5543.6 2612.1
  5361 2355.6
5862.7   2444
4699.1 2040.9
5640.3 2234.4
5933.1 2330.1
5087.3 2134.5
4808.9 2287.2
5656.8 2286.5
5405.2 2379.8
4907.6 2205.4
5335.2 2532.2
5832.5 2435.8
5734.3 2332.9
5268.2 2303.9
5340.4 2351.7
5114.6 2168.6
4702.2 2338.2
4891.9   2467
4890.2 1866.3
5833.9 2468.5
5654.3 2298.1
5394.2   2377
5409.9 2381.9
4921.2 2192.5
4855.6 2156.1
4651.6 2296.3
5958.3 2367.7
5341.5 2427.8
5410.5 2378.9
5079.7 2260.8
5017.4 2271.9
  5889 2302.9
  5487 2496.8
4900.1 2351.3
5838.1 2394.2
5321.3 2316.9
5400.1 2372.8
5927.5 2367.8
5893.9 1901.2
4791.4 2112.8
5438.4 2342.6
5660.8 2347.9
5082.2 2296.5
5431.7   2500
4529.3   2548
5179.1 2391.3
5896.5 1852.6
  4835 2145.3
5293.8 2507.3
5051.7 2403.1
5369.1 2353.5
  4907 1980.2
  4825 1765.8
4689.8 2150.2
5896.6 2299.4
5422.6 2383.1
5057.7 2167.8
5563.2 2443.7
4853.7 2301.2
5245.6 2195.1
4734.9 1969.8
5858.4 2393.1
5053.7 2438.1
4913.4 1947.8
  5450 2333.7
5317.3 2369.8
5304.4   2427
6430.2   1798
5484.2   2459
5340.1 2362.2
5661.3 2334.9
5414.2 2457.5
5077.7 2247.6
4850.2 1653.4
4833.8 1971.6
5456.5 2561.2
  5340 2370.9
5047.3 2175.2
5849.1 1917.1
5250.7 2192.6
5894.6 1897.3
5234.7 2206.6
4963.3 2493.7
5626.6   2397
5237.2 2169.2
5928.4   2371
5348.4 2441.1
5259.6 2310.9
5863.7 2419.4
4739.3 2108.6
5180.9 2118.9
  5417 2441.3
5360.2 2346.9
5415.2   2452
  1282 188.24
5083.7 2290.2
5249.7 2413.3
5328.9 2326.9
4698.6 2029.5
5836.7   2327
4882.8 1810.7
5443.2 2341.6
5106.1 2057.9
4805.1 1513.9
5333.8 2403.9
5067.3 2258.5
5139.7 2066.8
5366.1 2365.8
5901.7 2452.3
4693.3   2051
4737.1 2158.7
5767.7   2047
4971.8 1844.7
4902.7 2409.2
4972.3 1847.4
  4874 1833.9
5127.4 2183.3
4724.8 1903.3
4686.9 1993.5
5365.4   2401
5475.6 2416.7
5511.6 2272.5
5605.3 2397.8
4893.2 1970.4
  5352 2315.6
5672.2 2143.4
5630.2 2286.7
5115.9   2056
4943.9 2203.3
5017.1 2162.7
5365.4 2366.7
5063.8 2171.7
5457.4 2380.3
4856.4 2103.9
  4731 1918.6
5396.9 2394.3
4878.5 1960.4
5649.2 2315.2
4963.1 2431.3
4993.6 2139.5
5015.5 2145.8
5460.5 2488.3
5282.3 2314.1
5888.9 1856.1
4917.9 1840.1
5481.3 2491.3
5353.4 2322.2
5248.2 2376.8
5093.9   2401
5843.6 2328.2
5007.1 2415.8
  5663 2306.2
5439.1 2479.5
5181.2 2139.8
4281.8 2648.1
5406.9 2423.6
4937.4 2332.9
5350.5 2320.8
4731.2   1906
5409.7 2405.5
5945.8 2341.6
5115.7 2044.8
4923.1 2445.5
5910.2 1775.4
4793.9 1974.2
4908.8 1832.6
5080.8 2414.1
5406.5 2452.2
5177.9 2181.7
5011 2264
5377.2 2361.2
5438.3 2380.8
4904.1 1969.5
5362.4 2436.4
5517.3 2545.3
4982.1 2222.5
  5843 1942.9
5397.8 2338.6
5803.4 2399.4
6052 2312
5040.9 2232.1
5869.1 1869.2
5489.6 2459.8
4836.8 2345.1
4890.8 2371.3
5250.6   2437
4864.3 2102.2
4520.1 2141.9
6406.1 2262.8
4892.2 2481.7
5249.6 2407.2
4901.2 1970.2
5402.7 2330.6
  5398 2382.8
5107.8 2313.5
5136.2 2182.3
4985.4 1765.3
  5127 2176.9
4918.7 1667.4
5386.3 2442.6
5667.4 2469.2
5409.1 2449.9
5391.8 2338.3
5869.3 2454.2
5804.2 2337.9
5729 2337
4922.4 1955.8
5405.2 2334.8
5298.6 2320.5
4919.8 1940.2
5450.4 2406.8
4881.6 2390.1
  5111 2447.9
5075.9 2438.9
5087.6 2451.5
5097.6   2235
4979.4 1857.5
5275.2   2348
4909.9 1983.6
  4693 1937.9
5621.7   2366
5394.1 2409.8
5411.8 2391.6
5428.1 2444.7
4829.7 2346.3
5409.6 2411.2
5112.4 2310.4
4901.7 1725.9
4690.6 1937.4
5360.4 2433.6
5457.4 2511.4
  4920 2480.6
6679.3 1664.2
5156.9 2132.5
  5104 2378.4
5417.1 2336.9
5069.6 2296.8
4961.3 1761.6
5438.7 2375.1
5340.6 2380.2
5803.8 2495.6
4816.5 2118.3
5575.1 2406.1
4813.3 2333.2
4667.8 2029.6
4668.4 2056.7
4756.8 1582.3
4946.5 2453.8
  5900 1873.9
  4883 1974.7
