4788.05 2009.77
 4758.6 2256.48
4997.18 2506.26
4764.89 2255.95
4748.69 2259.59
4782.82 2465.55
5780.98 2291.79
5364.42 2032.42
5364.42 2032.42
5081.36 2448.56
4554.09 2557.33
4399.08 2170.27
5533.48 2347.86
5530.16 2018.01
4711.96 2414.89
5415.02 1996.94
 4614.7 2481.28
5408.39 2117.02
5697.13 2324.49
5614.68 2326.73
4612.25 2462.42
4272.41 1718.64
5352.16 2382.77
5458.02 2357.45
4443.18 2078.11
4654.59 2387.37
4713.85 2385.28
4443.18 2078.11
4654.59 2387.37
4703.56 2457.51
4284.95 1736.29
4284.95 1736.29
4282.01  1736.4
5417.78 2362.48
4752.46 2383.58
5432.84 2298.86
4439.79 2077.63
4278.26 1744.42
5684.53 1807.42
4792.28 2354.44
 4687.3 2468.64
4439.79 2077.63
5387.08  2123.3
5274.38 1939.44
4600.05 2250.14
 4628.5 2333.59
 4092.8 1859.49
4741.21 2395.89
4087.52 1762.51
4799.43 1992.31
4355.22 2072.37
5816.32 2218.31
4192.14 2297.76
5490.06  2290.2
4619.65 2337.53
4193.23    2364
4097.66  2306.1
5027.47 2194.94
5311.14 1920.37
4487.25 2133.44
4348.02 2716.42
4796.96 2483.12
4516.63 2165.83
4789.62 2484.74
4749.77 2382.88
5387.08  2123.3
 4692.6 2457.93
4674.34 2517.71
4763.56 2402.92
5174.93  2733.4
4662.35  2385.6
4727.08 2384.87
4599.86 2253.32
5018.51 2469.68
4543.85 2192.41
4642.02 2369.26
4724.14 2383.57
4286.46  2250.9
5027.47 2194.94
5596.53 2356.53
4765.31 2395.33
5797.83 2525.63
4686.37 2473.76
4599.78 2249.96
4412.69 2465.34
5117.08 2529.87
4187.09 2366.59
4739.88 2400.34
5773.05 2367.67
 5145.3 2754.98
4752.73 2376.38
4774.73 2422.07
5031.33 2421.64
 4642.4 2508.11
5398.83 2088.94
5359.81 2107.03
 4672.4 2399.72
4623.37 2301.01
4397.11 2229.74
5633.13 2390.95
4642.02 2369.26
4328.44 2062.62
4683.14 2372.33
 4669.8 2378.42
4669.56 2466.98
4674.75 2461.59
5537.47 2397.37
5099.13 2460.74
5129.52  2278.5
4786.64 2409.07
4543.68 2192.95
5033.91 2436.89
4789.68  2365.3
4829.57 2370.65
4634.24 2352.57
5792.01 2366.81
4282.27 2324.71
4312.85 2151.72
4668.73  2506.3
4027.04 2335.32
4176.71 2375.95
4407.13 2164.41
4027.04 2335.32
4062.58 2269.69
 4762.7 2247.22
5596.53 2356.53
4615.81 2324.82
4384.37 2182.12
4672.43 2386.02
4649.43 2512.84
4567.31 2239.45
4499.81 2553.33
4414.46 2160.74
4078.93 1928.29
4631.49 2450.27
4176.71 2375.95
   4284 2109.45
4385.26 2183.67
4657.17 2499.85
4582.72 2378.93
4682.47 2433.62
4786.38 2431.93
 4972.5 2252.29
4385.26 2183.67
5524.47 2411.74
5015.36 2189.25
4856.08 2495.14
4545.75 2609.55
4874.02 2428.43
5375.42 2143.92
4032.43 2356.14
 4673.5 2386.73
 4693.3 2387.64
5619.61 2339.32
4357.98 2187.53
4595.37 2294.55
4616.98 2346.84
4664.03 2469.25
4357.98 2187.53
4047.84 2308.51
 4728.9 2404.88
4747.77 2493.23
4442.22 2087.85
4733.19  2406.6
5728.22 2011.81
4616.98 2346.84
4764.88 2383.79
4578.95 2422.47
4895.67 2215.65
4634.24 2352.57
4700.98 2387.13
4047.84 2308.51
4574.47 2499.97
4694.09 2388.47
5505.07 2336.05
4632.86 2518.53
5092.68 2450.94
4245.58 2067.76
4720.26 2402.53
4637.87 2457.91
5323.14 1939.21
5358.13 2431.32
4755.94 2501.09
4078.54 2264.84
4096.31 1353.56
5505.07 2336.05
5773.69 2262.23
4416.58 2475.27
5036.66 2426.67
5478.89 1939.23
4637.87 2457.91
4756.95 2486.89
4712.37 2410.29
4357.97 2394.91
4281.58 1826.58
 5357.4 2301.64
3972.73 2343.63
 4806.4 2404.54
4180.63 2335.84
5454.11 2410.76
4400.37 2303.57
5702.89 2373.23
 4737.1 2445.62
4400.37 2303.57
4286.23 2401.59
4748.67 2481.74
4554.42    2413
4986.08 2303.03
4677.66 2442.06
 4242.3 2060.64
4357.97 2394.91
4057.52 2274.36
4794.58 2245.73
5344.08 2305.88
 4604.5 2260.13
4590.54 2273.96
 4787.5 2438.79
4590.5   2269
5542.06 2496.94
4693.29 2383.11
4536.53 2191.45
4676.75 2398.24
4664.22 2360.28
5572.24  2248.1
4795.65 2429.13
4682.51 2444.57
4639.06 2359.97
4462.76 2117.18
5086.16 2462.61
5323.74 1947.62
5083.32 2465.91
 4283.8 2502.67
4417.26 2464.02
4248.19 2061.56
4679.73 2514.51
 4620.8 2372.67
4686.61 2364.99
5688.46 2378.45
6001.16 1115.81
4462.76 2117.18
5014.68 2314.97
4164.19 1975.59
4550.94 2249.66
4786.63 2429.29
 4665.1 2468.41
5620.97 2546.72
4019.99 2486.88
4629.08 2355.53
4812.21 2482.52
4617.95 2522.43
4664.22 2360.28
4271.63 1754.59
4446.54 2272.08
4259.16 2380.37
4686.61 2364.99
5748.32 2283.13
4686.61 2364.99
4722.37  2413.6
5531.87 2438.65
4687.64 2364.37
4697.94 2395.43
4285.09 2390.93
4731.57 2421.66
4086.08 1897.48
4812.21 2482.52
4242.55 1945.26
4384.11 2291.99
 4345.7 2430.17
4446.54 2272.08
5794.49 2612.42
4278.83 1855.23
4919.16 2322.34
4667.65 2405.23
4644.36 2361.62
4334.94 2392.75
4391.55 2314.92
4726.34 2389.74
5318.71 2064.34
4248.96 2207.77
5829.02  2479.3
4723.45 2390.44
4812.21 2482.52
4722.37  2413.6
4707.06 2392.31
5006.96 2354.03
4279.63 1858.13
4408.25 2385.72
4151.28 1722.62
 4131.2 1738.59
4307.95 2160.84
4623.66 2517.66
4728.16 2373.26
4723.17 2406.87
4723.71  2412.5
5736.57 2248.61
4513.98 2463.67
4988.07 2199.66
4729.84 2374.82
4670.27 2371.68
4671.88 2388.97
4737.12  2407.9
4530.38 2235.52
5221.59 1925.09
 4272.2 1920.97
5038.06    2276
 4123.8 2460.18
4279.63 1858.13
5247.24 1864.07
4623.71 2515.46
4885.74  1978.3
4727.97 2416.71
4620.39 2432.31
4114.27 1722.75
4032.95 2457.38
4739.62 2377.05
4121.45 1863.81
4121.45 1863.81
4316.38 2147.55
4719.41 2423.98
4710.69  2367.4
4771.24 2405.66
5584.58 2579.25
4608.75 2317.87
4786.99 2478.54
5022.02 2204.42
4259.64 2380.88
4736.41  2377.7
4166.41 1896.73
4076.78 2435.97
4679.92 2393.27
4351.67 2240.63
5110.43 2308.22
4123.09 2021.66
4729.84 2374.82
4383.94 2466.97
4077.47 1748.27
4707.04 2370.06
4764.56 2425.86
4443.17 2439.96
4328.95 2381.15
4833.36 2466.93
4712.97 2445.96
4890.59  2221.5
4733.95 2412.54
   4630 2359.16
4523.83 2190.41
4677.19 2404.49
4648.15  2387.5
4608.75 2317.87
5595.98 2321.97
5655.09 2536.66
4032.95 2457.38
4777.37 2384.49
4270.51 1764.21
 4113.3 1874.49
 4113.3 1874.49
4677.51 2467.36
5330.58 1938.66
4784.12 2427.41
4729.04 2433.69
4519.11 2185.77
3980.68 2297.62
5009.94 2354.67
4356.36 2284.99
4401.55 2715.72
4306.99  2144.4
4801.61 2236.89
4182.54 2378.71
4762.88 2464.17
4637.36 2430.21
4728.48 2446.42
4079.06 2422.08
3973.56 2300.25
4351.67 2240.63
4704.95 2449.78
4985.85 2209.37
4585.27 2429.84
4337.72  2396.5
5006.96 2354.03
4660.13 2451.69
4522.71 2194.22
4998.85 2338.86
4038.35 2325.37
4892.22 2416.97
4764.65 2374.93
4756.26 2402.25
4756.15 2398.66
4683.24 2441.38
5634.98 1603.96
4639.06 2514.71
4732.08 2413.04
4584.92 2370.66
4383.99 2427.68
5504.66 1946.78
4636.95 2355.39
 4896.4 2227.26
4187.92 2507.67
4550.48 2192.32
5336.39 1782.34
