559.251 -1781.2
 1651.56 -1427.41
 85.1541 -2009.97
 2066.66 -1772.19
 2030.63 -1253.94
-672.623  4070.91
-586.796  2719.28
 1413.78 -2051.12
-350.062 -2187.48
1902.07 -1297.3
 87.1365 -2009.24
-120.552 -2145.81
 1232.41 -1541.34
 1396.89 -1800.35
-198.905 -2174.69
757.326 -2049.9
-1190.14   2783.5
-566.827  2722.75
 1518.31 -1472.88
 481.741 -1863.26
 845.492 -1654.37
-95.6513 -2076.88
 905.818 -1653.83
 1320.55 -1548.82
 1398.94 -1522.84
 660.563 -1730.89
  1678.5 -1357.24
 1845.57 -1309.34
 2042.29 -1297.16
 1016.62 -1627.13
 904.385 -1652.66
 1972.01 -1852.84
 1075.42 -1627.09
  1319.3 -1503.51
 1388.32 -1476.68
 653.563 -1781.16
 1517.45 -1427.33
 738.874 -1738.75
 1076.17 -1542.11
 195.936 -1957.28
 973.873 -2035.43
 840.465 -1678.05
-811.142  2737.56
 701.256 -2177.95
-771.187  2724.14
     653 -1776.62
 443.873 -2288.85
 430.572 -2367.26
 1790.67 -1379.78
 964.628 -2054.22
 1609.36 -1840.41
 2029.96 -1758.01
 1319.14 -1547.89
 195.734 -1957.93
 1682.18 -1378.43
 1683.53 -1381.45
 2045.84 -1812.45
-21.4001 -2078.32
 709.773 -2348.47
 1410.59 -1490.22
 182.648 -2010.12
111.243   -2000
 1438.53 -1888.59
 987.603 -1633.46
 692.194 -2163.36
 957.362 -2113.38
1442.74   -1881
 434.159 -2378.75
-12.4915 -2102.32
 182.725 -2005.16
 1440.19 -1935.37
-199.701  2638.23
  2048.3 -1939.43
 679.189 -2264.46
  930.33 -1643.07
-3137.56  6120.72
 1976.23 -1740.21
 1661.21 -1819.25
985.507 -1633.3
 1667.93 -1814.85
-6362.56  8638.35
 1683.02 -1389.32
 438.405 -2391.28
1684.41 -1393.1
 400.339 -2357.54
 1454.27 -1476.85
-20.2479 -2080.23
 2100.15 -1212.57
  966.03 -2116.43
 1662.24 -1681.68
 686.911 -2151.68
 1674.71 -1810.16
 1432.17 -2056.61
-815.816  2643.47
 1694.44 -1934.77
 1456.41 -1952.47
-816.618  2593.05
 727.655 -2183.95
 822.571 -1678.65
 1266.07 -1982.39
 682.902 -2147.09
 967.365 -2119.89
 1096.33 -1576.29
-274.112 -2192.11
 1948.08 -1777.26
-7006.17  9451.23
 2026.11 -1802.18
 22.5369 -2022.89
-76.9979 -2084.17
-1060.8 2931.35
 2047.77 -1254.31
 1463.54 -1960.32
 1693.24 -1798.04
 1686.24 -1410.01
 396.635 -1901.51
  1453.5 -1487.33
 218.393 -1953.39
 905.714 -2139.22
-814.534   2871.1
 458.794 -1860.28
 1593.13 -1789.14
 1457.53 -1849.68
 -205.22 -2149.42
-824.285  2255.63
 1469.62 -1964.39
 760.105 -1739.18
 1085.47 -1552.33
 975.178 -2131.68
 2067.41 -1822.93
  961.13 -1639.32
1099.94 -1592.9
  983.88 -2139.89
329.332 2468.36
-3631.25  7048.87
-836.353  3711.07
-1181.4 2753.31
20.4211 -2062.8
  663.42 -2127.95
 1709.25 -1933.64
 1102.36 -1589.75
 1084.27 -1573.26
 408.122 -1885.78
 1585.86 -1765.49
 1936.33 -1775.87
 455.387 -1851.87
 1098.26 -1601.75
 1419.58 -1457.79
1094.97 -1547.6
 1088.78 -1580.72
-340.206  2583.05
-331.987  3082.58
  1700.4 -1906.84
 1652.68 -1778.99
 2092.73 -1184.07
 1636.39 -1382.81
-254.46 2627.45
-616.751  2870.31
-18.6385 -2054.41
 648.733 -1763.34
 936.063 -2108.94
 999.129 -2138.33
-306.298  2675.85
4333.33 6473.98
 1647.69 -1790.82
 1699.64 -1902.39
-40.4474 -2106.77
1474.46 2585.66
 184.055 -1943.54
4043.06  5337.8
-127.045  -2428.9
-938.362  2778.48
-292.315    -2239
-357.844  2682.87
  1148.7 -2035.73
 427.191 -1860.92
-302.497  2376.22
 1313.33 -1530.92
 1092.23 -1646.62
 1132.19 -1898.29
-375.656  2807.71
352.253 2464.85
357.562    2459
-434.394 -2309.07
-4790.07  5207.84
-72.2913 -2136.44
 1149.24 -2121.42
 627.574 -1773.54
-36.7862 -2042.28
 1571.56 -1939.38
1641.81 2833.61
 528.629 -1835.66
1165.02 -2176.1
-541.402  2731.43
 1987.31 -1205.07
206.963 2620.85
1035.57 -1655.7
 689.175 -1734.01
 1265.32 -1414.28
4312.35 6478.47
 2006.07 -1236.91
 1454.97 -1520.53
4007.56 6035.05
 1162.25 -2183.44
-614.811  2259.77
 1956.03 -1203.94
1491.87 -1430.8
  1320.7 -1395.34
-89.4038  3461.69
 2060.16 -1261.99
 1874.65 -1276.77
 1031.03 -1672.67
 873.761 -1716.64
 867.419 -1973.12
 886.487 -1623.41
 1223.84 -1580.21
-635.061 -2371.44
 875.702 -1671.62
-793.742   2706.5
 1017.04 -2051.77
 534.635 -1758.53
 1033.68 -1549.97
  890.59 -1607.28
 544.399 -1823.18
 2186.43 -1205.41
 1426.14 -1433.02
-303.476  3092.31
 1036.28 -1543.59
-403.111  2690.67
-147.318 -2128.23
-78.0987  3381.62
  1088.3 -1662.26
4469.57 207.968
 543.447 -1824.92
-93.841 3391.87
 1135.47 -1985.78
4139.03 6264.19
 611.611 -1777.83
  1077.7 -1514.63
 2166.45 -1189.74
-645.836  4071.19
1681.51 3198.06
-742.934   2739.6
 838.619 -2060.74
 63.4908 -2055.67
  438.21 -1821.61
-1373.63  2340.44
