5482.9 2215.7
5527.3 2456.8
5780.5 2434.6
5444.8 2376.6
6027.7 2343.4
5368.5 2333.7
5446.2 2329.5
  6007 2346.7
5496.3   2326
4901.7 2344.5
4842.1 2287.3
5216.6   2658
5543.6 2481.3
5535.5 2483.8
5737.1 2459.3
4965.9 2184.8
5415.6 2470.9
5292.9 2128.2
5114.7 2465.3
5819.1 2526.3
4893.1 2347.4
5480.4 2353.4
6512.2 2308.8
  5748 2402.4
5392.4 2353.2
5393.9 2460.9
5400.4 2453.2
5794.7 2448.2
5751.1 2420.3
4992.3 2055.8
4760.8 2320.1
5317.2 2241.5
5391.6 2330.5
5254.5 2120.4
4881.1   2359
5060.1 2081.4
5540.4 2402.9
5290.4 2197.7
5387.1 2464.7
5489.5 2497.7
  5275 2394.6
5644.1 2102.4
4785.5 2289.5
5420.4 2334.7
5790.1 2437.3
5909.9   2422
5983.3 1971.2
  5753 2408.3
  5040 2370.5
4725.2 2334.5
4898.6 2312.9
5082.7 2243.4
5489.7 2480.6
5740.4 2232.2
5400.9 2420.4
5040.4 2370.8
5299.5   2144
5282.9 2165.9
5541.8 2413.6
5419.2   2326
5216.5 2056.9
  6149 1642.9
5348.3 2293.7
5784.8 2450.4
5782.5 2454.1
5409.4   2296
5130.7 1968.1
  5540 2399.4
4761.5 2498.3
5345.9 2534.9
4953.1 2359.4
6129.2 2296.2
5458.3 2374.8
  5426 2345.8
4971.6 2370.3
5556.2 2479.6
5027.9   2419
6155.4 2569.1
5354.7 2295.2
5015.1 2368.4
4933.7 2136.7
6155.4 1608.8
5764.2 2301.3
4986.2 2066.9
5352.6 2528.1
  5460 2373.2
  5207 2460.2
5387.8 2306.4
5391.1 2335.3
4877.5 2465.2
5465.9 2379.4
5454.8 2391.6
5520.8 2361.5
6081.5 2552.9
5532.2 2474.9
5775.7 2094.8
5401.9 2342.4
5466.2 2313.6
5473.5 2372.7
  5337 2293.6
  5399 2360.3
5403.8 2461.4
5196.3 2052.5
5026.6 2161.4
5283.6 2405.8
5764.4 2301.2
4898.5 1867.2
  5202 2065.5
5511.8 2311.2
5070.3 2414.6
5344.9 2285.8
