5310.4 4679.5
4828.1 4670.7
  5480 4700.5
4577.9 4834.6
4640.4 4637.4
6237.1 1323.4
6498.6 2235.7
4885.3 4869.4
  5625 4703.9
4707.1 4643.3
5479.2 4700.6
5543.4 4720.5
5027.4 4669.9
4919.1 4782.3
5569.7 4719.8
5190.3 4798.3
6989.9 2151.4
6486.2 2231.9
4892.1 4674.5
5333.8 4699.4
5197.6   4668
5542.7 4700.3
5170.1 4674.5
4983.5 4682.6
4947.1   4681
5271.9 4673.7
4820.4 4645.9
4736.3 4643.1
4630.4 4655.5
5121.4 4677.7
5170.7 4674.2
4621.6 4854.7
5093.6 4684.6
4988.9 4665.2
4957.4 4662.4
5269 4691
4897.1 4656.9
5235.9 4686.3
5102.9 4652.9
5441.7 4696.4
5094.6 4817.5
5197.3   4676
6674.4 2210.7
5200.3 4833.6
  6653 2223.5
5269.9 4689.1
5297.7 4838.9
5293.7 4862.5
4759.2 4665.5
5096.6 4822.8
  4809 4817.6
4598.5 4826.6
4984.2 4682.2
5441.8 4696.7
4816.6 4654.7
4815.7 4655.8
4585.7 4847.1
5513.5 4710.5
5176.5   4890
4944.8 4669.8
5440.5 4713.3
5470.6 4700.5
4889.5 4817.5
5134.2 4676.8
  5206 4827.6
5093.4 4841.7
4888.2 4815.2
5290.7 4866.7
  5507 4719.8
5441.1 4711.4
4883.9 4833.7
6190.3 2320.9
4574.4 4890.9
5199.8 4859.2
5159.9 4673.5
6751.1 566.02
4628.7 4815.8
  4785 4815.2
5135.4 4676.4
4781.9 4814.4
6975.8 295.92
4814.9 4659.6
5287.4   4871
4814.1 4660.3
5307.5 4855.2
4924.2 4669.4
5512.8 4711.2
4605.5 4626.7
5089.5 4843.5
4797.6 4766.2
5209.7 4823.1
  4779 4813.5
4875.5   4874
6678.1 2302.9
4757.4 4858.4
4874.3 4841.2
6679.1 2351.6
5188.3 4838.6
5205.3 4674.2
4963.9 4831.4
5212.1 4820.6
5088.3 4844.8
5089.3   4668
5595.9   4716
4640.1 4826.1
6974.6 165.56
4597.3 4841.8
5503.1 4696.9
5534.5 4705.2
  6875 2006.5
4631.1   4639
  4870 4844.1
4770.6 4810.8
4811.6 4667.2
5365.6 4702.2
4923.4 4673.4
5433 4698
5114.5 4843.8
6668.5 2082.8
  5344 4695.4
4822.3   4798
4883.8 4806.3
5575.3 4710.7
6676.3 2678.6
4866.7 4846.5
5226.4 4688.8
5097.1   4658
5082.9 4849.8
4573.1 4852.5
5146.2 4675.8
5085.6 4674.6
5078.6 4853.5
  5865 2463.3
6537.7 718.64
6586.1   1297
6983.5 2182.8
  5499 4710.4
5222.7 4812.4
  4750 4859.2
  5085 4672.4
5095.7 4665.4
5362.4 4698.2
4828.6   4789
4647.2 4823.8
5346.3   4692
5085.7 4677.6
4943.7 4658.4
5093.3 4657.2
5092.4 4668.9
6293.5 2366.9
6154.6 2012.6
4756.5 4849.5
4793.2 4800.2
4612.2   4615
4840.3 4651.5
6227.2 2329.5
6516.4   2092
5515.6 4702.7
5273.1 4684.1
5103.8   4838
5071.5 4855.3
6269.6 2285.8
3378.1 168.84
4794.5 4803.7
4757.6 4847.5
5517.2 4717.6
5129.9 2360.1
5448.2 4690.2
  3511 627.91
5509.4 4812.2
6783.6 2164.8
5596.6 4729.7
6316.7   2276
5013.3   4837
5357.1 4692.1
6262.7 2546.9
4989 4675
5083.2 4693.5
5035.9   4788
6324.7 2165.4
5850.5 2466.2
5847.3 2471.3
5640.3 4734.1
7087.6 1289.5
5525.9 4723.5
5003.8 4865.8
5281.6 4685.3
5524.4 4696.2
4818.9 4848.1
4998.9 2139.6
  5317 4695.3
4990.4 4885.2
6472.7 2222.5
4669.5 4613.6
5851.8 2357.2
5109.2 4690.5
5258.7 4677.7
5021.6 4633.1
3390.2 167.11
4655.5 4628.8
4919.4 4686.2
3548.6 322.91
4991.1 4887.5
6509.9 2665.3
4686.1 4610.6
4909.8 4655.7
4999.7 4624.6
6068.8 1642.9
4623.9 4643.2
4723.7 4632.8
  5109 4696.3
5177.3   4694
5149.8 4784.5
5182.7   4661
5027.4 4683.7
5704.2 4728.2
5181.7 4677.2
6664.1   2242
  5073 4828.1
5323.9 4668.3
  5122 4651.1
5182.4 4655.5
5311.7 4692.7
  4558 4630.1
4942.9 4650.1
6195.5 1964.4
  5122 4648.8
6348.7 2269.2
5555.9 4712.9
6069.4 1707.1
5083.2 4698.8
3603.9 3754.5
  5312 4693.2
6076 1701
5025.4 4818.3
3476.1 235.85
  5288 4684.9
5104.9 4642.9
4570.7 4622.9
6225.8 1320.9
4963.3 1834.5
  6628 2209.5
5153.1 4810.9
  5483 4713.6
5357.9 4678.7
7127.8 2612.4
