4741.52  2496.5
5564.58 2374.39
4537.55 2297.37
3861.6 1372.3
4624.51 2079.51
4537.62 2297.27
5579.48 2370.12
4597.94 2505.31
4529.18 2299.94
3856.73 1365.33
6779.62 1030.14
6164.19 2320.15
5208.52 2122.65
5473.25 2323.86
4835.47 2450.67
7296.04 703.398
5496.75 2019.61
 3863.6 1378.82
4443.54 2445.66
4261.11 2456.45
 4952.2 2012.35
4521.21 2464.82
4088.13 2373.19
5192.78 2030.75
4625.59 2484.24
5503.33 1921.01
5499.96 1918.44
4497.52 2423.43
5006.09 1952.48
5429.23 2338.36
5006.57 1952.35
4185.53 2154.16
5315.14 2356.48
 4705.3 2472.71
5193.97 2029.98
5192.8 2116.9
4475.55    2464
6123.47    2603
4295.75 2176.02
5308.26 1951.71
4185.02 2154.33
5326.11 2083.67
4382.28 2281.11
5326.62 2356.28
3892.34 1607.72
3870.62 1389.09
5218.28 2313.04
3864.39 1388.53
6570.68 2637.67
4452.12 2509.39
6267.93 2445.01
4279.01  2159.4
3870.06 1388.74
5325.21  2070.8
4330.04 2418.48
4516.57 2406.11
4499.18 2399.96
5271.24 2362.02
4476.89    2466
5006.72 1954.56
4989.15 1962.93
4528.24 2461.36
4565.68 2375.11
4477.18 2459.91
 4531.6 2398.49
 4481.3 2457.53
4276.27 2159.06
4421.01 2362.57
6148.51 2251.87
4423.48 2359.87
4419.86 2323.74
4529.76 2464.17
4529.34 2397.95
5093.73  2161.7
5378.93 2278.04
5576.64 1780.62
4252.04 2463.29
4439.61 2497.13
6939.25 1918.64
5557.11 2346.05
6171.81 2255.15
5138.61 2069.81
4420.02 2324.06
4621.57 2493.54
4456.22 2400.37
5329.33 2282.72
4284.42 2171.02
4200.75 2136.94
5864.94 2289.93
5562.71 1658.24
4536.99 2293.87
 4540.9 2413.83
4252.14  2462.3
4148.08 2353.96
 5082.9 2105.35
4323.42 2312.52
4405.21 2296.21
4769.61  2463.5
4550.29 2429.03
4510.27  2399.6
   4398 2290.02
4377.26 2493.64
4769.83 2244.85
 4500.4 2480.35
4518.61 2481.43
4439.39 2387.53
4316.71 2435.98
 4569.1 2477.59
4520.12 2385.93
 9352.37 -1449.89
4601.94 2501.76
6638.96  2183.4
 9383.64 -1484.44
4779.15 2463.37
 4377.2 2493.82
6859.86 2141.14
4293.78 2171.59
 4509.1 2398.85
4628.02 2497.98
4113.75 2354.59
 4507.8 2398.58
5327.02 2091.47
 5279.8 2412.14
6581.4 2633.7
4284.73 2171.14
4438.31  2385.8
4473.56 2389.81
4518.88 2462.31
4424.28 2333.72
4378.54 2285.52
6812.28 1012.94
6876.77 450.344
 4889.2 2390.46
4113.66 2354.24
5511.36 2218.99
 5510.9 2219.42
 5582.2 2318.37
4464.53 2411.51
5067.45 2099.53
5504.25    2217
4618.59 2078.71
4123.51 2380.26
3868.78  2309.4
4182.33 2462.78
3922.16 2313.87
 4501.5 2479.54
4240.33 2279.21
4570.51 2455.46
5083.61 2371.67
5498.84 2227.09
4186.81 2148.54
4575.09 2422.23
4252.03 2454.69
4459.12 2435.29
5537.83 2266.44
4127.57 2406.94
4258.93 2463.62
4462.43 2394.67
4511.74 2415.46
4513.19 2457.49
4465.29 2413.07
4500.21  2480.3
4575.56  2421.1
4118.95  2384.1
5615.39 1960.08
5931.17 2338.07
 5210.8 1926.84
5280.17 2453.11
5139.75 1981.67
5297.61 1860.06
4285.45 2180.15
4498.28 2477.75
6802.38 514.828
5407.19 2335.41
5253.29 2268.07
5656.13 1504.95
3860.69 2129.93
4161.62 2220.03
4472.87  2438.3
4085.08 2379.13
5642.48 2288.37
4277.66 2167.43
4147.53 2184.82
4151.36 2189.17
3907.24 2156.79
4458.82 2434.29
5505.78 1799.09
4120.46 2272.39
5616.24 1960.52
4776.13 2432.31
4703.67 2417.26
5123.79  2065.1
5600.83 2384.52
4127.67 2406.85
3856.09 1383.72
6596.93 2165.11
4482.65 2402.55
4560.39 2423.64
4247.61  2468.1
5605.83 2371.53
5380.15 2252.86
5513.64 1804.16
4614.32 2487.32
4431.73 2505.33
 9399.43 -1442.79
5519.91 1806.85
5266.62 2275.27
4418.76 2369.93
4410.9 2340.6
4150.77 2405.74
5601.37 2400.35
4472.49 2400.51
4481.99 2401.89
4497.87 2419.78
 4504.5 2413.62
5496.88 2319.76
 5121.7 2064.14
4185.53 2145.89
5231.72  2411.8
4774.99 2431.43
4162.47 2164.59
4209.65 2432.54
 4317.1 2442.97
5784.79 1618.73
4772.55 2237.51
4521.85 2411.97
 4488.4 2401.47
4243.34 2276.44
4535.29 2480.54
4862.86 2336.81
4990.64 1956.43
4420.16 2318.09
4568.08 2288.46
 4197.1 2335.86
4818.53 2461.04
4557.38 2445.34
5384.25 2390.19
5618.23 1916.05
4337.25    2439
4541.95 2442.57
4457.29 2411.07
4991.24 1956.52
3879.43 2187.66
4127.72 2150.14
4665.98 2304.26
4458.06 2496.14
5267.84 2275.33
5119.36 2061.88
4290.06 2177.06
4492.38 2466.23
6107.65 2597.79
4561.07  2442.3
4560.13 2436.85
5279.19 2419.31
4505.12 2460.41
5129.83 2452.66
5831.04 2342.98
 4503.7 2483.54
 3868.2 1876.01
4700.47  2270.2
4518.57 2447.76
4252.26 2468.92
4427.67  2389.3
4334.04 2462.01
4098.86 2380.69
5129.43  2427.1
4427.37 2389.58
4397.37 2312.58
5285.73 2315.83
 3944.8 2046.81
4523.47 2417.36
4824.62 2458.89
5310.04 2386.97
3873.48 2139.64
4072.99 2384.18
4344.22 2286.08
4390.26 2306.96
5593.77 1923.79
5184.82 2018.41
5325.63 2419.97
5587.37 1966.67
4462.85 2389.34
4148.77 2384.13
3912.93 2316.17
   4482 2398.31
4505.92 2474.43
4471.26 2495.05
4468.16 2410.33
4473.74  2484.7
4510.94 2424.85
4479.37 2398.83
4513.95 2428.77
4248.87  2284.6
3846.41 1869.07
5209.22 2146.18
4494.21  2463.7
5508.85 2029.25
   4904 2529.92
4393.33 2298.77
4378.87 2338.46
3955.71 2189.57
4507.84  2474.3
 4114.3 2266.51
4442.19 2503.96
4353.08 2321.96
4433.19 2369.89
 4470.1 2406.16
5326.15 2440.82
5610.7 2467.9
5437.79 2341.93
5189.76 2340.37
4565.96 2452.58
4485.47 2408.63
6098.75  2419.8
4412.74 2344.18
5932.84 2435.96
5635.08 1530.53
 4845.3 2446.05
4424.12 2504.62
4470.82 2406.39
5098.32 2326.88
4608.34 2329.55
   4607 2329.55
4477.34 2383.49
4464.64 2490.75
4113.18 2274.96
4636.14 2497.83
 3866.5 2275.97
5201.61 2331.58
4428.73 2376.74
4541.91 2391.58
 4112.8 2274.93
4240.61 2419.12
 4735.2 2249.22
4674.21 2312.54
4181.64 2486.07
4565.58 2435.75
4511.21 2390.39
4174.21  2221.5
4128.74 2153.43
4322.91 2472.02
4773.97 2239.43
4348.31 2282.73
5386.65 1921.45
4509.64 2403.46
4512.62 2391.62
4516.14 2446.47
4967.05 2222.45
5515.93 1892.69
4117.55 2143.29
5535.63 2397.86
4356.25  2252.5
4185.08 2417.03
4743.99 2253.13
 4507.2 2404.02
4444.79 2485.28
4520.83 2393.35
5520.14  1808.5
4406.18 2364.86
4499.08 2446.61
4518.12 2393.88
4271.07    2170
4566.23 2369.81
4503.74 2430.62
3974.78 1987.48
4511.81 2438.31
5166.51 1913.96
 4171.7 2229.89
4558.23 2433.26
4197.76 2418.89
5483.81 1921.68
4429.47  2379.6
 4379.3 2435.48
4606.17 2328.64
5088.57 2196.92
4289.13 2440.52
4506.93 2417.05
4493.48 2405.56
3955.91 2042.74
4954.67 2018.45
4498.33 2448.05
5220.42 2379.69
4468.51 2415.27
5505.81 2053.58
5675.13 1516.47
4777.92 2459.06
 3978.5 1986.81
4197.26 2400.67
   4320 2453.07
4388.37 2322.92
3931.62 1668.55
4536.69 2400.79
5395.73 2408.84
3939.31 1973.28
4418.76 2394.48
4385.68 2398.77
4435.24  2376.6
4178.28 2466.63
3869.98 2091.76
3955.24 2055.56
4605.3 2506.5
4169.01 1887.27
4197.31 2400.67
4534.39 2412.11
4472.66 2426.27
4519.88 2393.66
4397.45 2331.18
3916.01  2026.7
4410.96 2371.28
4515.96 2421.53
4435.39 2435.65
4406.96 2305.18
4536.49 2389.69
5288.21 2463.54
4400.99 2334.45
4770.29 2459.11
4559.13 2421.36
4520.07 2246.75
4884.16 2479.02
3967.85 1650.72
4551.24 2291.46
4565.32 2462.59
4481.09 2443.17
 4227.1 2398.25
4480.92 2410.88
4632.51 2414.32
4534.67 2410.46
5413.97 1724.25
6192.04    2326
4556.26 2293.59
4523.22 2477.08
4157.35 2224.75
4524.01 2403.06
4611.76 2339.73
4259.27 2412.78
7261.99 81.0931
4496.6 2385.8
4546.26 2458.38
4235.06 2273.79
4103.22 2163.66
6947.69 1256.78
