3641.36 2455.44
3636.04 2401.44
3604.72 2460.37
3631.83 2400.13
3643.45 2399.79
3657.73 2405.89
3630.72 2399.48
3651.14 2398.62
3656.12 2405.58
3650.54 2401.09
3643.82 2402.93
3640.07 2402.66
3633.43 2400.45
3640.05 2402.09
3657.74 2405.87
3607.41 2460.29
3656.12 2405.57
3651.52 2404.26
3634.17 2400.56
3634.28 2401.17
3657.21 2405.37
3645.71  2403.5
3644.47 2403.41
3648.82  2400.7
3656.25 2405.14
3631.92 2400.67
3633.58 2401.03
3650.14 2403.92
3649.13 2404.25
3640.04  2402.1
 3641.8 2403.07
3637.12 2401.73
3646.42 2403.38
3641.81 2402.58
3650.12 2403.91
3617.87 2456.04
3643.76 2403.26
3657.71 2399.75
3638.93 2401.73
3645.93 2399.48
3647.52 2403.63
3640.46 2398.05
3646.28 2404.25
3658.31 2400.56
 3641.8 2402.64
3643.14 2398.05
3653.19 2400.37
3645.86 2399.32
3640.47 2397.35
3643.09 2397.98
3656.66 2399.82
3643.51 2396.99
3635.06    2401
3640.41 2397.98
3658.34 2400.63
 3658.6 2400.06
3629.97 2399.93
3650.23 2404.26
3640.53 2397.25
3585.17 2471.55
3651.23 2400.22
3637.08 2401.24
3637.07  2401.3
3651.28 2399.69
3651.19 2400.15
 3635.2 2400.75
3643.01 2397.83
3657.63 2400.87
3585.25 2471.65
3647.27 2403.62
3658.78 2398.81
3653.81 2400.51
3653.88 2400.54
3653.36 2405.24
3657.77 2400.43
3590.45 2488.04
3625.36 2398.65
3650.25 2404.36
3632.71 2400.57
3658.81  2398.8
 3653.1 2405.21
3653.62 2401.89
3642.88  2398.9
3645.98 2398.72
3653.95 2400.57
3654.36 2399.32
 3651.5 2399.49
3645.62  2399.3
3635.41 2401.45
3635.35 2401.04
3653.45 2404.97
3645.31 2399.54
3653.43 2405.01
3658.31 2400.18
3658.58 2406.25
3642.83 2398.94
3639.82  2402.1
3646.01 2398.69
3653.56 2400.44
3646.58 2403.86
 3632.7 2400.48
3650.75 2404.24
3657.95 2405.86
3639.79 2402.17
 3637.6 2455.46
3643.58 2402.99
3650.75  2404.2
3653.47 2404.88
 3632.7 2400.44
3653.48 2404.85
3651.36 2400.51
3651.66 2399.37
3652.91 2400.91
3645.34  2398.6
3657.34 2400.55
3632.78 2400.86
3586.07 2471.69
3586.05 2471.75
3657.84 2405.62
3646.41 2404.12
3645.09 2403.45
3658.89 2399.94
3633.31  2400.7
3646.23 2398.47
3635.47 2401.06
3646.65 2403.69
3633.25  2400.9
3659.94 2456.08
3633.27 2400.89
3634.54 2401.13
3658.48 2405.95
   3653 2405.12
3646.67 2403.76
3634.32 2397.55
3650.62 2404.54
3654.15  2404.7
3641.73 2402.77
3646.42 2403.91
3657.36 2399.75
3640.92 2455.42
3639.73 2402.25
 3657.1 2399.78
3646.49 2403.82
3657.39 2399.76
3646.65  2403.6
3632.06 2400.44
3632.66 2400.26
3654.41 2399.59
3653.64 2400.92
3650.77 2404.04
 3654.4 2399.62
3645.63 2398.84
3659.38 2456.15
3637.02 2401.42
3646.64 2403.25
3634.92 2400.77
3635.04 2401.22
3633.39 2397.29
 3654.5 2400.88
3647.55 2400.56
3632.26 2400.77
3632.63 2400.13
3634.71 2397.92
3652.86 2405.04
3639.45 2402.22
3655.65 2455.76
3658.44 2406.56
3647.95 2399.11
3652.93 2399.77
3637.03 2455.49
3658.11 2405.76
3640.52 2402.27
3634.82 2401.37
3658.28 2406.42
3652.05 2401.09
3594.94 2458.15
3654.17 2404.81
3645.99 2403.16
3657.38  2406.1
3648.12 2398.36
3644.62 2400.27
3648.41 2397.82
3632.34 2400.96
3651.14 2404.74
3648.38 2397.75
3644.22 2402.82
3644.19 2403.75
3657.04 2466.83
3645.97 2402.99
3642.14 2402.99
3633.77 2400.19
3633.86 2400.75
3644.22 2403.93
 3632.5 2399.48
3644.16 2403.29
3650.32  2404.8
3640.66 2402.37
   3580 2467.71
3640.43 2403.02
3643.22 2402.72
3604.57 2459.69
3630.33 2400.04
3630.11 2397.57
3656.61 2405.21
3633.96 2401.39
3659.41 2406.46
3645.8 2404.3
3684.39 2456.74
3643.26 2402.52
3667.58 2454.85
3640.66 2402.36
3655.75 2405.93
3593.09 2467.77
