5938.4 2525.9
6853 2266
5545.2 1870.8
5601.4 1829.9
5545.2 1870.8
5673.4 2555.2
6209.6 2395.6
6637.6 1607.3
6209.6 2395.6
6595.9 1711.4
5374.3 2407.8
4863.8 2428.5
5515.6 2450.4
4077.2 2096.9
5471.5 2361.9
4719.7 1606.7
6215.2 2450.7
5430.5 2450.4
4987.4 1671.5
4719.7 1606.7
5234.8 2004.8
7074.5 2407.1
4946.6 1628.9
5502.7 2324.2
5432.7 2454.3
5529.5 2443.2
5582.1   2257
5438.2 2441.9
5527.1 2308.5
5444.6 2436.5
  5334 2209.3
5322.9 2126.8
5523 2307
6670.8 1522.8
6960.1 1969.7
4838.2 2449.8
5336.2 2545.6
5322.9 2126.8
5720.3   2524
4960.7 1658.9
  4753 1562.6
5543.2 1857.1
5542.8 2340.7
  4838 2447.1
4481.6   2084
6593.8 1391.4
5028.4 1987.9
5290.4 2055.9
6043.3 2437.4
5907.8 1953.4
5477.2 2488.8
5089.3 2377.5
5605.3 2480.3
5507.3 2281.8
5681.2 2545.2
6061.4 2437.6
5735.2 2535.8
5487.5   2308
4960.7 1658.9
5428.8 2288.4
5511.7 2445.2
5333.4 2150.8
5228.1   2016
6115.2 2276.4
5414.6 2334.9
6551.1 1387.3
6638.3 2029.5
4349.3 2157.9
4253.9 2109.3
4642.3 2452.1
4828.1 1901.7
  5607 2426.8
4721.7 1591.2
4365.9 2252.7
4857.2 2450.5
  5411 2298.8
5495.3 2344.8
5500.4 2433.4
5415.9 2338.6
5477.2 2488.8
  6455 1309.2
  6455 1309.2
  6455 1309.2
  4965 1682.9
5948.9 2803.3
  5430 2394.1
4060.2 2121.9
4221.3 1716.2
5404.8 2384.2
4325.8 1786.1
6055.1 2349.2
5823.2 2338.9
4365.9 2252.7
5444.8 2315.9
5575.5 2362.6
6551.1 1387.3
  5704 2507.5
5314.3 2572.7
6464.7 1497.8
5324.7 2231.3
4498.4   2258
5427.8 2311.5
5471.9 2357.5
4718.2 1584.1
6052.5   2346
6179.7 2429.3
5091.5 2395.7
5511.4   2337
  5455 2313.6
4835.4   1895
5541.4 2488.2
6325.9 1006.1
4692.7 2053.6
6176.8 2427.1
5545.9 2403.2
5400.8 2332.7
6325.9 1006.1
  4159 1787.3
6455.8 1487.7
5463.9 2454.5
5577.6 2402.5
5575.4 2389.8
5483.9 2495.3
5507.7 2414.8
5128.2 2446.2
6673.5 2330.7
5275.6 2093.2
4204.8 1405.1
5514.5 2348.6
6188.1 2421.6
5261.8 2079.2
6455.8 1487.7
5411.1 2287.4
6174.8 2437.5
4490.2 2184.9
5443.4 2306.2
4150.8 854.32
5420.4 2332.5
5420.3 2505.2
  5494 2364.9
5439.4 2307.6
5499.4 2373.3
4850.8 1918.3
6646.6 1662.8
  5266 2059.9
5423.5 2323.4
5598.2   2420
5450.6 2328.2
6227.9 2381.3
6199.2   2555
5425.2 2323.7
5652.9 2143.2
5435.1 2275.5
  5751 2535.2
4269.7 1386.6
5344.1 2249.3
5542.4 2295.3
4840.5 2316.3
5766.3 2098.9
5584.5 2387.3
5493.6 2291.1
4548.6 1661.8
5107.5 2473.4
5156.8 1991.7
5490.6 2318.7
5495.1 2293.3
  5503 2413.3
6168.6 1938.6
5169.5 1921.4
4644.6 2302.8
5869.8 1967.8
5486.8 2319.7
5508.9 2297.7
6465.7 1500.4
5475.1   2412
6955.5   2498
5504.9 2298.5
5581.9 2245.7
5482.3 2377.3
4270.5 1272.8
5496.1 2393.9
4544.3 1689.3
4701.1 2312.1
5345.7 2255.9
5241.8 2380.9
6655.1 1640.8
5008.9   2388
5487.2 2347.5
4230.4 1395.2
4270.5 1272.8
5473.5 2415.6
5421.6 2343.4
6058.4   2425
4277.2   1271
4700.3 2256.6
5095.7 2423.1
5252.9 2107.5
6265.7 2478.9
5535.2 2313.2
5260.4 2296.7
5358.5 2252.7
4627.7 2463.5
5687.1 2558.2
4700.3 2256.6
5532.3 2338.3
5429.1 2367.8
5507.3 2298.1
5277.9 2137.1
  5502 2357.8
5295.5 2077.5
  5534 2290.9
6044.7 2425.1
5573.6 2357.2
6265.7 2478.9
6841.3 2556.4
4223.8 646.01
  5598 2444.3
5444.2 2404.3
5443.6 2332.9
  5533 2334.8
7266.1 2212.8
5518.9 2480.1
  4494 1666.8
5514.6 2317.5
4902.4 2302.1
5468.2 2280.4
4812.1 1886.2
