5747.9 2534.9
6566.7   2331
  5444 2129.7
  4030 367.36
5544.5 1712.8
5444.1 2129.5
6577.3   2325
5543.4 2556.1
  5431 2134.2
  4020 357.68
6954.5 949.69
  6924 2278.6
6247.3 1896.1
6495.9 2248.5
5870.1 2445.9
7066.5 814.65
6476.8 1784.2
4034.5 376.21
5297.6 2434.1
4968.1   2457
  5958 1661.6
5425.2 2474.3
4615.9 2266.1
6215.7 1743.2
  5585 2512.9
6462.1 1639.7
6458.9 1635.2
5386.8   2388
  6005 1573.2
6462.1 2268.9
6005.5 1573.1
4798.6 1788.1
6368.1 2292.4
5698.9 2488.9
6216.7 1742.2
6231.4 1884.1
5351.1 2472.8
6903.1 2649.9
5014.1 1849.4
  6306 1642.7
4797.6 1788.4
6347.7 1852.6
5183.4 2081.6
  6378 2292.6
4116.5 712.21
  4049 390.64
6278.5 2214.5
  4037 389.24
7101.1   2671
5311.3 2568.8
6976.6   2442
4980.4 1812.1
4047.9 390.11
6344.7 1832.1
5097.2 2374.2
5417.1 2352.4
5388.9 2339.1
6329.7 2299.5
5353.3   2477
6006.2 1576.8
5988.6 1586.5
5436.4 2467.1
5493.1 2290.4
5353.8 2464.2
5440.8 2337.1
5360.6 2459.2
4975.2   1811
5256.8 2257.2
6912.4 2188.7
5260.9 2251.6
5252.4 2174.9
5438.8 2472.9
5437.2 2335.9
  6140 1943.9
6417.1 2169.3
6484.9 1457.2
4950.6 2472.2
5290.5 2543.2
7203.3 1875.1
6560.1 2287.3
6924.2 2194.5
6170.1 1796.7
5252.7 2175.6
5578.9 2531.7
5318.1 2338.6
6375.6 2172.8
4992.2 1837.3
4826.4 1753.6
  6760 2221.9
6440.5 1286.3
5442.8 2122.5
5455.9   2369
4950.8   2470
4740.6 2224.8
6119.7 1846.2
  5080 2143.8
5224.9 2115.6
5785.7 2470.5
5470.9 2400.5
5406.8 2338.7
5211.8 2101.9
5182.4 2537.1
5773.5 2050.4
5391.6 2506.8
5420.9 2508.8
5289.3 2310.9
5072.9 2412.2
5500.1 2500.2
5422.1 2310.7
7115.1 90.654
5549.5 2548.8
  7122 2138.9
7114.7 83.087
5798.2 2470.2
5182.3 2537.5
7198.6 2107.6
5009.8 1839.8
5404.9 2337.1
5588.3 2540.5
4669.3 2224.7
5402.8 2336.5
6349.8 1865.1
  6339 2383.1
7105.5 2665.8
4992.8 1837.6
5287.4 2307.2
5346.6   2317
5421.5 2469.1
5260.7 2196.3
5177.2 2090.6
6963.6 943.22
6817.9 487.28
5934.6 2333.8
4669.1 2223.9
6516.6 2088.9
6516.3 2089.5
6576.8 2246.4
5332.3 2362.3
6102.5 1833.6
  6511 2085.1
5535.6 1710.1
4690.7 2283.4
4124.4 2110.9
4812.8 2471.3
4247.2 2123.1
5393.4 2505.1
4920.2 2064.7
5502.4 2454.9
6149.9 2307.6
6507.9 2100.1
4800.4 1776.3
5509.1   2387
4950.6 2453.1
5323.7 2412.3
6540.8 2164.1
4699.9 2344.2
4963.9 2472.9
5328.3 2326.8
5409.6 2371.7
5412.4 2459.1
5333.6 2365.6
5391.3 2506.7
5509.8 2384.7
4681.3   2292
6554.3 1719.5
6801.1 2292.5
6210.1 1581.4
6339.8 2451.2
6153.1 1652.4
6274.4 1500.2
4995.4 1856.7
5388.2 2501.4
6804.5 513.51
6444.2   2263
6307.1 2142.2
6464.3   1116
4097.5 1702.6
4758.3 1927.7
5346.6 2418.8
4609.6 2279.6
6617.3 2205.1
  4979 1828.8
4725.8 1849.4
4734.1 1859.3
4204.8   1765
5323.2 2410.2
6434.9 1464.8
4678.4 2039.8
  6555 1720.3
5794.1 2410.3
5696.3 2379.7
6154.3 1786.1
  6593 2347.6
4700.1   2344
4020.6 381.98
7104.4 2114.5
5362 2344
5486.5 2389.6
  4942 2482.9
6596.1 2328.1
6415.9 2129.1
6442.4   1474
5568.3 2519.3
5276.9 2560.8
7128.7 105.11
  6448 1479.4
6319.8 2155.3
5253.3 2272.7
5238.1   2210
4747.9   2342
6593.8 2371.6
5345.2 2339.4
5360.9 2342.6
5387.3 2380.4
5397.9 2367.7
6513.8 2243.5
  6152 1784.1
4797.5 1770.5
6295.5 2381.5
5792.6 2408.6
4753.7 1807.5
4867.4 2403.4
5073.7 2427.5
6589.8 1298.5
5776.2 2036.8
5425.7 2364.7
5371.4 2341.9
4925.8 2058.9
5447.4 2506.7
  5900 2232.3
5988.7   1576
5252.5   2163
5490.7 2114.4
4839.1 2186.7
5848.8 2465.6
5482.1 2434.1
6427.8 2349.9
6547.4 1657.2
5110.7   2419
  5458 2428.3
5320.2 2361.2
5989.4 1576.3
4143.6 1832.2
4681.1 1772.1
5637.2 2154.8
5321.6 2540.7
6320.9 2155.5
6149.2 1779.9
5003.6 1850.8
5378.7 2477.4
6895.3 2643.8
5487.8 2427.9
5486.3 2416.7
6338.6   2395
5399.4 2465.2
6198.5 2450.2
6742.4 2295.1
5396.9 2513.4
4094.4 1178.9
5682.5 2091.4
  5421 2438.9
  4951 2484.7
5269.4 2314.2
5104.9 2469.1
4638.9 2283.6
6197.9 2405.8
5268.9 2314.8
5212.6 2149.6
  6340 2223.8
  4279 1530.4
5428.4 2375.9
5856.5 2461.5
6364.9 2342.3
4127.2 1724.8
4583.9 2290.8
5115.8 2088.7
5199.7 2137.1
6531.2 1663.1
6205.5 1721.6
6379.2 2396.9
6535.2 1723.5
5328.8 2315.6
4743.2   2293
4226.2 2128.1
5360.8 2335.1
5400.6 2494.4
5343.6 2538.1
5338.3 2359.9
5347.9 2516.3
5408.5 2391.2
5356.5 2336.1
5413.4 2399.4
4937.2 2077.2
4046.4 1163.7
6251.6   1935
5381.7 2472.1
6487.9 1800.8
5951.9 2593.2
5204.4   2120
5181.9 2203.4
4315.9 1841.5
5403.7 2494.1
4665.1 2026.2
5294.7 2557.6
5134.7 2166.3
  5278 2273.3
5341.4 2351.2
6379.9 2431.1
6601 2474
6469.1   2275
6253.4 2258.9
5495.4   2449
5366.8 2356.8
6893.9 2407.9
5241.5 2217.7
6804.5 2428.2
6456.7 1141.6
5882.3 2437.2
5263.9 2559.5
5342.6 2351.7
6162.5   2230
5555.1 2200.6
5553.1 2200.5
5352.6 2303.9
5332.7 2529.2
4663.4   2045
5600.2   2540
  4118 2033.2
6264.1 2244.7
5270.7 2287.6
5456.8 2323.2
4662.6 2044.9
4928.1 2373.9
5727.8 2054.7
5649.6 2171.8
4811.2 2523.8
5494.7 2414.5
  5408 2319.6
4783.9 1932.2
4683.6 1779.3
5084.4   2491
5778.3 2040.6
5122.9 2081.9
6367.3 1614.3
5405.9 2346.7
5410.3 2322.2
5417.1 2436.2
6011.6 2032.9
6465.6 1601.3
4659.3 1756.1
6546.2 2366.2
5134.2 2018.4
  4818 2368.2
5740.1 2063.2
  5402 2347.8
5299.5   2518
5423.5 2326.1
6448.6 1481.8
5231.3 2261.3
5389.6 2436.4
5419.2 2327.1
4966.9 1833.3
5493.7 2279.6
  5397 2403.1
4337.5   1411
5410.1 2419.2
6163.8 1550.3
4779.7 1950.3
5483.3 2409.3
4843.5 2372.6
6446.9 1636.4
5272.1 2293.7
5186.3 2411.8
5551.8 2198.6
6139.6 2003.6
5021.4 2421.9
5401.9 2374.9
5379.8 2350.6
4302.9   1523
5962.2 1672.6
5388.4 2439.4
6284.1   2327
  5339 2370.3
6489.8 1836.7
  6482 1136.5
5796.6 2461.9
4345.4 1410.1
4842.1 2331.7
5079.1 2449.6
5197.6 2170.9
4204.1 815.79
5448.9   2342
6437.7 2380.2
4259.1   1378
5254.3 2324.9
5196.8   2333
5281.8 2287.6
4804.6   2480
4116.1 1619.9
4302.8 1549.9
5554.4 2558.3
4719.7 1246.8
4842.2 2331.7
5445.6 2365.3
5346.1 2393.5
  5422 2326.7
5214.1 2189.1
4213.6 1485.4
5239.9 2275.2
5416.5 2384.4
5283.7 2412.8
5228.7 2134.7
5448.2 2319.1
6346.9 2468.5
5220.5 2196.3
5786.6   2462
5484.5 2384.9
5411.1 2024.8
5929.6   2499
4274.9 791.74
5464.9 2118.9
5494.4 2469.5
5360.2 2429.1
4901.2 2327.1
5359.4 2361.4
5594.9 2372.2
  5446 2361.9
6339.2 1333.8
6937.9 2287.4
5472.9 2123.7
5428.3 2499.7
4750.1 1937.6
5428.9 2346.3
5560.9 2221.3
4964.1 2360.2
6866.8 343.11
5384.2 2309.5
5464.8 2460.9
4909.5 2052.4
  4632 1798.4
7082.8 1207.2
