3865.49 2429.53
4326.69 2454.12
4228.27 2288.65
4312.05 2412.26
4223.89  2286.4
4329.04 2397.52
4239.59 2320.33
4374.38 2368.73
4282.03 2441.16
 4340.2 2390.74
4369.59 2372.76
4362.19 2415.47
4378.64 2375.46
4324.04 2393.14
 4350.6 2403.43
4606.47 2503.35
4339.09 2403.72
4095.41  2413.3
 4340.2 2390.74
 4109.4 2252.66
4490.34  2499.9
4338.05 2463.09
4331.77 2448.19
 4577.7 2504.57
4283.19 2402.28
4283.73 2403.61
4350.18 2472.42
4347.25    2475
4333.46 2402.36
 4283.8 2402.63
4298.24 2394.25
4494.51 2495.87
4310.35 2444.79
4327.55  2406.3
4111.09 2429.54
4208.42 2298.83
4238.35 2311.93
4304.29 2393.73
4282.25 2384.87
4346.91 2466.13
4116.84 2255.86
4286.87 2430.35
4431.09 2431.88
4329.28 2451.55
4530.76 2424.91
4090.81 2431.57
4301.79 2399.42
   4190 2260.25
4207.69 2328.03
4323.89 2413.18
3868.67 2444.26
4374.64 2364.83
 4314.4 2451.24
3898.5 2407.5
4332.45 2387.74
4278.83 2405.52
4320.64 2410.41
4551.89 2516.33
4313.52 2431.49
4324.65 2385.12
4144.74 2257.18
4096.93 2407.38
4294.08 2381.49
4367.19 2409.88
4312.71 2432.78
4202.68 2326.89
 4602.9 2194.47
4339.97 2426.74
4362.19 2391.86
4287.69 2430.12
4343.01  2458.7
4218.18  2324.1
4345.13 2401.43
4351.34 2429.61
   4330 2386.62
4356.26  2402.4
4335.44  2394.8
