4074.95 2446.83
4355.21 2461.29
   4264 2311.75
4343.89 2421.13
4260.08 2310.12
4360.48 2406.79
4274.12 2338.66
4404.13 2379.66
4315.65 2450.03
4371.42  2400.1
4399.72  2383.2
4392.91 2424.37
4408.03 2386.34
4355.48 2402.38
4381.64 2412.57
4524.34 2490.82
4370.57 2412.66
4165.76 2429.07
4371.48 2399.99
4173.49 2299.75
4459.34 2490.74
4364.59 2468.78
4359.07 2456.19
4507.26 2491.79
4315.25 2411.65
4315.87    2413
4374.76 2476.53
4371.8 2478.5
4364.93 2411.49
4315.94 2412.26
4330.01 2403.77
4462.53 2488.25
4341.21 2453.11
4359.09  2415.3
 4179.5 2442.04
4246.21 2321.75
4273.18  2331.8
4335.87 2403.38
4314.03 2394.25
4371.29 2471.14
4178.53 2301.16
4319.23 2438.77
4437.94 2443.23
 4357.5 2459.02
4532.03 2436.03
4163.18 2443.64
4333.47 2408.83
4232.92 2294.06
4245.99 2348.28
4355.54 2422.07
4077.33 2455.27
4404.37  2375.9
4344.04 2458.89
4062.62 2430.71
4364.07 2396.79
4311.23  2415.6
4352.42 2419.25
4491.42 2499.21
4345.46 2439.69
4356.11 2394.52
4198.24 2298.05
4166.84  2424.4
4325.74 2390.77
4397.79 2419.03
4344.62 2441.03
4241.19 2346.83
4581.46 2248.46
4371.3 2435.2
4393.15 2401.25
4320.03 2438.32
4368.32 2465.02
4255.48  2344.5
4376.44 2410.45
4382.84 2437.84
4361.25 2396.15
4387.34 2411.48
4366.83 2404.15
