4863.8 2428.5
  5494 2470.2
5298.2 2056.3
5471.5 2361.9
5289.6 2051.2
5502.7 2324.2
5323.5 2131.4
5581.8 2255.5
5416.5 2439.7
5523 2307
5574.1 2264.4
5564.1 2372.4
5589.4 2273.3
5492.9 2312.1
5542.8 2340.7
5787.5 2542.9
5522.1 2340.4
5088.9 2377.9
5523.1 2306.7
5094.3 2008.2
5681.2 2545.2
5511.8 2490.2
5501.4 2456.5
5760.3   2546
5414.6 2334.9
5415.9 2338.6
5530.8 2510.7
5525.2   2516
5511.4   2337
  5416 2336.6
5443.5 2314.3
5686.7 2538.7
  5467 2448.2
5500.5 2346.9
5121.5 2415.7
5261.6   2081
5320.6 2112.5
  5455 2313.6
5411.1 2287.4
5524.4 2496.4
5106.3   2013
5423.5   2409
  5645 2422.9
5498.4 2464.1
  5800 2406.3
5083.1 2420.1
5450.6 2328.2
5228.1 2002.6
5264.7 2154.4
  5494 2364.9
  4870 2453.8
5581.9 2245.7
5472.5 2463.8
4831.3 2379.9
5508.9 2297.7
5406.7 2345.5
5487.9 2357.2
5734.3 2565.4
5475.1   2412
5493.6 2291.1
5151.2 2007.6
5091.3 2364.4
5434.2 2278.8
5572.8 2358.5
5473.5 2415.6
5254.1 2149.8
5852.7 1955.8
5524.3 2400.5
5563.4 2311.4
5425.1 2407.8
5518.9 2480.1
5284.7 2145.1
  5533 2334.8
5545.9 2407.8
5503.5 2295.8
5553.3 2338.1
5514.6 2317.5
