5024.4 4664.7
5476.2 4695.4
4723.9 4656.1
5305.7 4674.7
5188.7 4790.7
4636.3 4632.4
4592.6 4621.7
4881.5 4864.9
5566.6 4714.4
5646.9 4712.9
5232.4 4686.5
  4703 4638.2
5566.1 4714.7
5475.5 4695.5
  4696 4654.7
4915.2 4777.7
5332.3 4674.4
5621.5 4716.4
4979.4 4677.4
  4703 4638.5
4789.2 4764.9
5369.9 4701.9
  5330 4694.2
5193.8 4662.8
4656.6 4649.4
4893.2 4651.9
5563.8   4696
5539 4695
5330.4 4693.5
5268.1 4668.6
5370.1 4701.1
5621.3 4698.6
4943.4 4675.7
4984.9 4660.1
5089.7 4679.3
5408.2 2336.4
5680.8 4732.8
  5657 4731.9
4816.6 4640.9
4943.6 4676.6
4980.4 4676.8
5265.1 4685.8
5098.8 4647.8
4816.8 4641.9
5193.3 4670.8
5509.9 4705.2
5274.6 4685.1
5297.2   4674
4805.6 4812.9
  5266 4684.2
5092.9 4817.8
4940.7 4664.8
4812.7 4649.4
4811.6 4650.8
5153.9 4669.8
5503.4 4714.5
5060.1 4673.4
4827.4 4641.1
  5156 4668.4
5437.3   4706
4940.6 4661.4
  4810 4655.4
4601.3 4621.8
4810.6 4654.7
4778.1 4809.4
5528.4 2260.9
4983.8 4666.5
4781.4 4810.2
5744.3 4705.3
4875.6   4832
  5336 2381.4
4980.4 4838.2
5303.9 4850.3
5085.7 4838.6
5206.1 4817.9
4793.9 4761.2
5463.4   2307
5592.2 4706.8
4992 4666
5362.1 4696.9
4870.9 4835.6
4943.8 4668.3
5102.7 4816.9
5208.3 4815.8
5824.3 4727.5
  5837 4727.5
5735.4 4709.7
5837.5 4728.5
4791.1 4811.7
5085.5 4662.9
5818.6 4725.7
5592.2 4709.6
4888.9 4826.3
5226.5 4670.6
4919.5   4667
  5259 4670.2
5592.2 4710.9
4782.3 4663.4
5340.2 4690.2
5199.2   4680
4630.9 4642.6
5571.9   4705
4919.4 4668.1
5531.2 4711.2
4818.7 4793.2
4807.5 4661.9
5142.3 4670.6
4746.6 4854.1
5591.7 4697.2
5093.2 4652.4
5575.1 4698.4
5495.2 4705.2
4593.2 4837.3
7150.4 2107.4
5092.5   4660
4604.6 4632.3
5428.5   4695
5574.2 4698.9
4925.8 4655.9
5342.6 4686.7
5450.2 2310.7
5088.9 4661.8
5592.4 4716.7
5511.8 4697.4
5080.1   4685
5615.1   4707
4753.1 4844.2
4917.7 4673.9
4789.4 4795.1
  3264 735.89
4608.1 4609.5
5513.8 4712.4
5269.4 4678.9
  5100 4832.6
5440.2 4701.3
4753.8 4842.9
5438.6   2318
  5439 2321.1
5649.2 4726.8
5592.7 4721.4
5096.4 4833.7
5032.4 4783.1
4905.6 4650.6
5609.7 4697.6
5592.9 4724.4
  5687 4726.9
  5613 4707.5
4781.7 4659.3
5248.5 2609.7
  4739 4650.7
5520.7 4691.3
5521.9 4719.1
5105.2 4685.2
4814.1 4832.3
4854.8 4767.2
4695.7 4602.8
5038.2 4655.8
4815.1   4843
5105.4   4691
5313.1   4690
4986.3 4880.1
5003.6 4857.5
4719.6 4628.1
5513.2   4695
5608.1 4691.8
4986.7 4882.4
5146.9 4758.3
4651.4 4623.9
2779.8 1047.2
5117.5 4645.7
5636.7 4727.9
4749.2 4634.9
5705.7 4738.9
5277.1 4680.1
5636.5 4730.3
5664.4 4763.7
5659.3 4727.9
5173.4 4688.9
5308.1 4687.6
5178.7 4656.2
5117.7 4644.2
5667.5 4711.4
  4678 4658.8
5552.3 4707.2
5249.2   4697
5014.8 4632.2
4680.7 4654.3
5405.7 4658.8
4543.1 4632.3
6024.8 2959.5
5425.2 4698.9
5308.1 4687.9
  5592 4741.7
5149.4 4805.7
5551.8 4685.5
5178.5 4650.6
4736.1 4604.4
4675.6 4663.8
5870.1 4733.1
5479.5 4708.4
4553.2 4667.5
  5664 4758.4
