5597.7   2441
5436.04 2418.26
5436.04 2418.26
 5603.1 2411.92
5289.08 2513.23
4679.64 2453.27
4922.56 2532.63
5446.62 2412.79
4922.64 2532.63
5617.78 2423.95
5411.87 2409.26
4646.87 2434.15
4888.17 2523.37
5253.64 2450.05
4704.83 2453.03
4903.87 2524.26
5117.77 2525.82
 4547.7 2178.59
 5604.5 2424.68
4257.52 1814.11
4683.51 2386.55
4526.32 2183.44
5604.28 2435.19
4557.81 2188.07
4551.21 2184.33
5070.74 2561.24
 5466.7 2406.37
5213.8 2451.4
5212.24 2451.21
 5674.1 2439.96
4707.83 2363.38
4640.05 2432.34
4722.77 2436.17
4779.79    2369
 5671.7 2108.85
4501.62 2147.31
4684.44 2354.78
4552.06 2187.13
4651.92 2440.36
4792.73 2450.07
5483.29 2352.13
4796.43 2418.14
5458.38 2322.07
 4250.7 1810.79
4513.25 2155.61
4711.31 2338.15
4651.47  2448.9
4454.27  2064.9
4720.44 2367.73
4772.26 2319.77
4761.34 2353.07
4773.04 2340.63
4774.02 2321.44
4761.77 2353.66
4764.29 2386.69
5627.98 2399.91
5100.56 2369.34
5634.24 2434.84
4771.92 2318.77
4652.48 2440.82
4580.04 2227.37
5228.51 2451.97
4723.86 2369.07
5288.48 2502.09
 4580.3 2288.89
4081.47 1774.83
4575.98 2245.95
4604.03  2331.5
4725.03 2439.56
4251.07 1836.47
4726.14 2353.49
5634.49 2434.63
4652.58 2343.06
4722.31 2373.32
4720.25  2442.2
5443.74 2420.65
4738.75    2373
4964.35 2565.31
5083.87  2444.6
5287.67 2502.02
4577.79 2300.66
4727.62 2352.76
4778.06 2329.41
4083.01 1775.16
5071.21 2099.52
4072.57 1816.71
4794.15    2348
5168.15 2585.73
5132.91 2055.26
5696.74 2196.22
5418.93    2418
5058.11 2532.21
4548.21  2192.4
4803.48 2474.66
4932.75 2524.12
4498.97 2150.98
5642.85 2441.06
 4792.6 2363.79
4935.55 2523.49
4727.48 2352.64
4713.79    2371
4289.66 2321.75
4803.25  2474.6
4836.91 2333.68
5089.53 2532.79
4771.04 2324.85
4927.46 2523.25
4531.16 2175.24
5359.84 2477.73
 4792.6 2363.67
4549.81 2249.45
4307.38 2340.46
4540.19 2335.59
5132.7 2056.2
4627.23 2364.39
4778.99 2341.03
4647.58 2339.98
5200.32    2118
4814.75 2421.75
4779.61 2366.81
4726.13 2417.49
 5026.9 2502.56
5599.08 2406.54
4811.15 2468.02
4652.11 2406.02
4641.46 2370.38
4521.07 2237.41
5243.07 2443.81
5239.01  2451.9
5008.88 2353.99
4701.68 2375.81
4700.98 2455.13
4263.13 1850.79
4651.62 2356.45
4643.31 2444.88
4253.48  1817.6
4642.95 2546.04
4072.65 1799.23
6086.35 2240.23
5013.41 2529.26
4663.97 2358.82
4538.34 2210.84
4849.89  2509.1
4630.57 2358.45
4573.75  2225.2
4482.19 2308.65
4757.95 2425.91
 4567.7 2203.95
4256.17 1893.83
4910.45 2532.32
4740.22  2411.1
4802.85 2470.85
4764.82 2386.09
4573.47 2225.33
4544.14 2235.09
4822.69 2475.21
5447.08  2430.3
4070.67 1795.61
5616.74 2447.51
5287.58 2352.58
4867.87 2217.34
4737.39 2348.91
4689.29 2445.48
4499.47 2141.47
4270.49 1844.58
   4697 2370.63
4671.19  2357.7
4660.11  2353.8
5227.72 2459.12
4775.38 2335.47
4906.74 2411.75
4446.62 2195.79
4280.41 2398.87
 4540.8 2385.64
4792.91 2390.15
4745.54 2349.27
4778.41 2337.72
4782.24 2336.44
4244.07 1816.39
5687.83 2432.08
4648.22 2357.15
4705.68 2375.51
4398.75 2062.44
4643.93 2453.58
4325.18 2212.18
5014.67    2546
4793.29 2390.21
4819.15 2433.11
4529.15 2203.99
4662.83 2352.99
4329.04 2347.28
4833.69 2460.96
4455.33 2190.63
4054.52 2549.54
 5617.6 2446.52
4703.7 2393.4
4710.65 2378.83
4771.55 2403.61
4069.55 1795.13
4448.57 2375.42
4708.76 2461.54
4680.96 2442.13
4775.45 2351.54
4267.03 1863.68
4639.84 2342.63
4793.46  2425.4
4335.71 1931.58
4588.34 2313.91
4833.93 2461.62
   5470 2329.64
5522.62  2424.4
5016.64 2410.91
4879.08  2493.3
4851.99 2418.37
 4792.5 2396.39
4647.07 2415.13
4666.45 2359.18
4225.85 1806.82
4499.64 2392.94
4505.41 2159.94
5617.71    2449
4668.58 2365.99
4824.12  2463.4
4546.33 2386.53
4689.72 2445.19
5015.48 2516.05
4400.15 2068.85
4455.91 2190.61
4766.14 2365.45
4825.61 2492.71
4679.37 2446.66
   5260 2457.44
4193.31 2539.18
4708.01 2415.29
4772.21 2312.65
5036.84 2530.43
4399.21 2066.88
4630.51 2368.02
 4451.4 2077.51
4456.21  2381.8
4837.58 2415.01
5593.27 2415.05
5231.25 2459.97
 4707.1 2468.24
5036.64 2529.49
4758.15 2444.81
4200.88 2362.95
4737.09 2346.33
4696.36 2420.45
 4538.8 2234.84
 4430.7 2134.84
4695.63    2456
4764.92 2417.72
4741.17  2464.1
5024.45 2534.54
4758.53 2444.93
4638.32 2341.91
5110.23 2519.94
4862.97 2491.85
4650.82 2363.63
4531.86 2190.51
4577.73 2317.73
4708.55 2448.94
4910.76 2542.48
4848.73 2231.28
4656.97 2335.31
4669.92  2413.1
4662.98 2559.36
4450.03 2162.79
4812.67 2481.36
4677.58 2363.05
4718.29 2438.35
4696.84 2361.25
4738.94 2463.74
4755.08 2354.91
 4618.8 2327.99
4646.64 2416.51
4739.44 2397.13
4909.47 2542.83
5024.09 2547.86
4763.32 2400.28
4685.78 2417.09
4446.95 2082.32
5110.87 2519.88
4450.47 2068.53
4725.97 2345.51
4528.67 2237.87
4491.75 2383.43
 4398.2 2058.36
4657.05 2337.45
4846.54 2420.09
4656.78 2339.61
4655.79  2347.8
4424.11 2105.65
4730.34 2376.24
4847.65 2419.42
4545.41 2332.64
   5262 2412.72
5261.99 2413.84
4545.62 2355.01
4249.14 2092.53
4294.48 2391.79
4970.05 2491.05
 4730.5 2371.84
5234.68 2459.19
4766.22 2365.16
4717.91 2334.89
 5443.6 2324.35
4544.08 2406.04
4425.82 2370.11
4457.11 2287.08
   4522 2257.82
 4294.6 2391.84
4546.85 2357.09
4529.03 2193.63
4543.86 2244.28
4757.37 2434.45
4755.43 2397.18
4521.91 2255.14
4763.24  2374.6
4429.37 2147.11
4667.87 2362.81
4600.83 2318.47
4730.5 2368.2
4678.22 2447.94
4677.72 2339.84
4750.68  2430.6
4808.93 2438.21
4678.64 2363.79
 4768.8 2382.49
4647.16 2421.01
4428.54 2167.35
4547.04 2357.82
4538.74 2233.18
 4173.3 2011.37
4529.63 2243.44
 4746.8 2371.45
4709.05 2346.16
4684.48 2393.86
4583.34 2323.72
4469.38 2155.31
4730.91 2369.78
4347.72 2109.07
4651.75 2390.55
4661.96 2405.64
 5506.8 2409.94
4630.48 2535.17
5017.91 2520.75
