6262.5 2400.5
6262.5 2400.5
6123.1 2542.9
5438.5 2450.9
5169.5 1976.3
6047.7 2448.9
5441.2 2297.3
  5129 1911.6
5408.6 2281.8
5048 1765
6122.7   2526
5256.9 2163.3
5363.5 2260.5
6121.9 2525.9
5873.3   1894
5556.5 2274.1
5878.8 2577.6
  5203 1993.6
5570.6 2487.4
5735.8 2566.5
5449.6 2310.5
5525.1 2234.2
  5555 2300.4
5199.5 2243.3
5350.6 2612.2
5486.4 2379.5
5569.8   2481
5518.9 2337.5
5595.5 2488.2
6418.5   2444
  5417 2437.9
  6062 2460.8
5201.9 2331.6
5590.9 2417.6
5061.4 1983.2
5445.5 2323.8
5528.2 2367.3
5443.9 2465.5
5666.9 2517.8
5555.7 2355.5
5135.9 1933.8
5386.8 2300.6
5520.1 2302.6
5599.1 2517.5
5442.6 2386.2
5614.4 2387.5
5441.6   2477
5854.5 2573.8
5480.5 2269.2
5426.6 2394.9
5343.2   2258
5646.7 2515.6
5178.4   1989
5254.5 2213.5
5705.1 2598.3
5314.7 2233.1
5356.9 2387.5
5485.1 2355.7
5411.9   2389
5038.5 1794.1
5042.5 1770.8
5802.8   1881
6069.1 2460.9
6266.8 2262.9
5207.2 2367.7
5168.3 2105.7
5509.7 2419.4
5506.6 2356.1
5516.5   2318
5400.8 2297.1
5442.3 2267.9
5409.7   2349
  5263 2224.2
5080.3 1922.6
5363.7 2342.6
