5111.81 2431.94
5111.81 2431.94
5086.66 2553.75
4298.92 2468.59
4164.18  2264.3
4813.17 2467.91
4306.88 2404.02
4136.85 2227.44
 4289.8 2397.94
4090.07 2150.43
5081.98 2538.34
4207.87 2346.24
4266.92 2389.97
5081.98 2538.34
4622.79 2165.34
4370.75 2391.03
4764.14  2581.5
4180.93 2270.94
4382.92 2487.85
4556.33 2554.84
4311.14 2409.28
4353.35 2375.68
4369.59  2402.5
4173.94 2379.52
 4179.6 2597.26
4330.69 2437.89
4382.28  2484.5
4348.74 2419.83
4400.34 2488.42
5379.93  2463.6
4286.78 2462.55
4832.33 2475.67
4174.51 2417.38
4396.07  2451.9
4090.13 2254.56
   4309 2414.95
4353.75 2432.43
4302.24 2475.35
4472.31 2513.12
4369.52  2426.6
 4141.1 2238.99
4278.15 2405.91
 4349.7 2405.19
4403.07  2503.5
4307.18 2440.92
4413.07 2436.03
4300.33 2480.95
4729.81 2576.72
4328.49 2392.12
4298.87 2444.65
4256.76 2389.28
4453.96 2511.27
4168.18 2269.45
4206.67 2368.27
4524.14 2576.11
4239.39 2377.12
4262.44 2441.97
4330.11 2427.88
 4290.7 2442.16
4084.37 2165.51
 4086.7 2153.27
4564.89 2166.47
4840.86 2475.73
5035.89 2343.98
4177.14 2432.88
4160.26 2320.77
4341.51 2453.19
4341.84 2427.89
4347.56 2411.97
4285.67 2404.47
4307.94 2391.83
 4289.8 2425.65
4210.54 2372.49
4101.22 2224.78
4266.02 2423.42
