6345.5 2411.2
6345.5 2411.2
6319.1 2639.4
5223.6 2487.4
4925.7 1962.8
6029.9 2480.7
5238.3 2326.8
4858.9 1866.2
5204.1 2310.9
  4738 1667.6
6315.6 2610.8
5030.5 2175.2
5157.4 2289.8
6315.6 2610.8
5743.6 1819.8
5359.9   2298
5963.1 2720.3
4963.6 1981.8
5383.7 2533.2
5673.2 2680.8
5246.9   2340
5326.4 2259.6
5358.3 2325.8
4958.8   2258
  4966 2819.6
5285.7 2411.3
5382.6 2525.1
5319.8 2367.3
5415.4 2534.1
6566.2 2468.9
5199.4 2472.4
6052.8 2496.5
4961.7 2355.9
5408.1 2446.1
4755 1928
5242.9   2354
5329.6 2398.3
5230.1 2504.2
  5540 2590.1
  5359 2384.4
4870.3 1895.8
  5181 2330.3
5321.1 2331.5
5419.8 2570.3
5239.9 2418.5
5438.5 2408.1
5226.2 2518.2
5919.2 2713.5
5279.9 2298.4
5223.5 2427.7
5136.5 2287.5
5508.9 2586.6
4935.3 1976.3
5029.6 2231.2
5620.5 2732.1
5099.7 2255.8
5149.9 2420.6
5284.4 2386.6
5207.2 2421.4
4727.5 1703.5
4730.7 1673.9
5656.8 1809.2
6062.9 2496.5
6269.1 2242.1
4967.9 2396.1
4923.7 2105.8
5306.6 2449.1
5306.9 2386.9
5317.3   2348
5196.1   2327
5239.8 2296.6
5205.1 2380.1
5038.2 2242.2
4776.7   1854
5156.9 2373.9
