5585.4   2771
6639.5 2485.1
5193.2   2472
5184.1 2273.3
5237.7 2346.1
4833.6 1757.8
4833.6 1757.8
4978.9   1900
4957.8 1879.8
4924.8 1898.8
6299.7 2483.1
6500.7 2360.3
5352.4 2290.2
5368.2   2231
6339.9 2472.7
4949.8 2403.4
5046.2 2134.2
4928.8 2194.8
5043.8 2159.2
5297.6   2287
5296.1 2315.5
5364.9 2224.6
5124.8 2294.2
5706.2   2712
5258.9 2447.5
5257.3 2289.8
6297.5 2467.8
4959.7 2218.2
6619.1 2390.1
4575.5 1444.6
4960.6 2265.6
5174.3 2290.9
4672.9 2288.6
  5357 2348.3
5271.2 2327.2
6310.2 2483.3
5815.7 1713.5
5201.7 2285.9
5313.8 2505.9
5294.1 2289.7
4955.3 2258.6
4948.3 2397.3
5370.9 2253.7
4291.4 2217.7
  5401 2400.1
5222.3 2478.8
5205.3 2284.4
5287.5 2332.3
4671.4 2279.1
5659.3 2649.1
5182.3 2398.3
4845.1 1802.2
  5212 2454.9
4955.9 2331.4
4962.3   2004
  6309 2506.5
4949.6 2348.5
6433.6 2339.7
  5850 1659.5
5278.2 2333.6
4689.5 2287.9
5365.2 2213.1
5608.6 2654.7
5737.1 1714.1
6753.5 2372.7
5229.1 2299.1
4619.5 1661.3
5229.2 2303.2
5288.4 2270.6
4925.7 1910.1
4758.8 2290.5
4655.6 2502.8
4976.1 2030.2
4945.7 1910.6
5281.9 2280.2
5187.6 2303.5
3954 1947
5317.3 2419.4
5190.6 2387.5
3942.9 2007.4
4432.4 2255.2
5263.8   2273
4889.4   1895
6395.3 2503.4
5307.3 2315.7
5386.6 2380.6
5217.6 2541.1
4950.2 2373.5
  6289 2522.2
5225.8 2480.9
4694.6 2279.7
  5204 2379.9
5378.5 2463.9
5171.4 2265.2
5217.6 2541.1
4947.8   2375
4926.1 2212.7
5834.7 2391.9
5239.1 2359.9
5424.1 2430.1
4971.5 2312.4
6405.5 2494.8
  4944 2198.8
5034.4 2284.3
5217.1   2407
