6447.33 2461.87
4796.12 2640.52
4796.12 2640.52
6463.24 2394.29
4488.13 2473.14
5997.35 2408.78
6469.3 2367.4
5880.88 2477.64
6536.91  2463.6
6446.24  2436.2
4528.89 2463.36
6446.24  2436.2
5992.42 2385.57
4515.59 2464.84
6050.76 2404.29
4510.76 2355.09
4512.73 2466.04
4374.79 2555.68
5854.95 2475.37
5928.38 2392.57
5008.34 2699.22
6023.22 2394.24
4380.96 2148.24
5129.13  2461.9
5436.65 2481.58
 6030.5 2396.52
4663.41 2425.94
4545.28 2394.95
4305.28 2077.56
4305.28 2077.56
4752.83 2416.07
5054.02  2511.9
4121.77  1852.9
6464.35 2412.39
 4641.3 2376.25
4422.52 2217.66
4676.56 2424.55
4388.97 2152.52
4302.24 2081.54
4211.48  1940.1
4768.92 2432.72
4653.99 2463.71
4376.59 2141.89
4577.74 2437.67
4754.19 2421.33
6474.12 2449.93
4659.46 2417.11
4370.79 2427.46
4355.82 2153.49
4634.63 2347.29
4754.19 2421.33
5448.48 2474.29
6503.89 2368.64
6021.19 2415.28
5692.04 2387.74
4546.69 2362.99
4584.22 2382.29
4916.06 2027.08
4623.57 2362.46
6491.14 2445.16
6474.12 2449.93
4319.97 2096.83
6577.33 2445.23
4652.96 2417.89
4921.99 2016.84
4357.46 2429.89
4923.45    2034
4635.45 2328.66
4621.17 2390.05
 4528.4 2475.82
4370.58 2147.43
 4584.1 2381.05
5494.31 2467.39
4362.85 2427.71
4422.33  2209.8
4424.93 2280.54
6444.02 2453.57
3674.37 2327.76
4766.78 2438.13
6465.16 2437.64
4633.26 2325.08
4351.88 2315.47
4422.98 2294.31
3924.18 1591.52
4636.92  2328.4
4574.01 2347.39
4639.38 2327.71
4646.21 2442.81
4655.62 2359.58
4457.69 2324.71
4586.05 2361.34
4419.47 2233.04
4584.71 2377.35
4370.58 2147.43
4386.94 2158.03
4633.26 2325.08
3924.18 1591.52
4334.48 2208.51
4127.31 1850.92
4633.26 2325.08
3852.22 2251.63
3805.04 2291.96
4472.26 2367.28
 5444.5 2465.98
5806.88 2308.78
4457.69 2324.71
 6141.4 2446.16
   4656 2352.69
4562.72 2365.28
4889.4 2608.8
4558.97 2451.27
6077.27 2401.04
5447.48 2487.32
4756.71 2489.13
4352.38  2388.6
4362.31 2426.53
4711.32 2417.33
4558.87 2363.39
5491.87 2464.18
4632.92 2331.62
5628.54 2326.87
5188.88 2792.67
4563.39 2448.48
4551.24 2451.55
3686.69 2364.14
5445.96 2463.96
5445.96 2463.96
3727.61 2354.55
4370.29 2327.73
3446.97 1218.38
4382.23  2229.1
5945.02 2411.88
5852.1 2407.3
4420.14 2217.87
4575.87 2380.28
4588.13  2362.2
4654.64 2368.93
4380.91 2162.77
6516.78 2410.89
4639.64 2335.43
4123.25 1865.35
4364.92 2553.52
4100.07 1908.56
3673.97 2362.56
 5487.6 2460.63
4169.62 1909.71
 4303.8 2072.54
5263.87 2370.43
3935.68 2250.51
 4779.7 2628.08
3808.36 2489.03
5452.48 2460.12
3564.04 2025.85
6555.05 2457.37
4685.02 2420.73
6548.41  2420.2
6545.47 2446.07
4424.64 2293.33
5196.16 2380.99
4640.49 2347.28
3678.73 2330.82
4887.17 2439.98
4890.66 2375.58
4732.56 2188.87
4531.68 2417.89
4358.15 2328.41
4887.17 2439.98
3493.84 1998.95
4549.78    2450
4899.32 2435.05
4600.11 2376.33
5451.32 2488.63
4638.77 2333.92
4370.29 2353.37
5892.43 2475.98
4452.07 2317.31
3385.09 2377.92
4525.81 2367.13
4504.18 2364.94
4369.35 2184.19
4374.24 2147.75
4201.78 2368.03
 4523.7 2459.54
4625.44  2396.2
4099.33 1895.88
4451.63 2312.65
4562.95 2385.15
4101.86 2097.99
6086.87 2544.46
4626.15 2395.24
4516.37 2450.86
4608.33  2359.8
4370.5 2385.7
 3978.9 2252.02
4346.35 2210.78
4554.89 2380.02
4539.91 2468.15
 4567.8 2384.14
4964.56 2690.32
4559.76 2379.95
4783.53 2604.64
3941.64 2303.19
5460.35 2474.48
4522.11 2361.87
4451.63 2312.65
4406.35 2180.24
4567.48 2446.52
6028.46 2419.06
4493.02 2366.17
4596.11 2483.98
3968.78 2557.37
3694.44 2361.59
4583.64  2362.9
4185.63 2343.55
4639.46 2344.06
4447.45 2311.05
3694.54 2361.59
 4509.7 2365.35
3895.78    1668
5601.52 2489.19
4636.66 2358.13
6131.47 2542.25
3977.37 2426.43
4376.41 2311.87
4023.24  1959.7
4798.17 2095.77
4715.08 2305.35
4367.14 2349.64
4713.38 2206.13
4361.96 2424.44
4398.37 2242.03
4314.79 2099.41
4654.75 2397.79
4636.95 2341.51
4099.15 1895.19
3510.91 2493.71
4200.69 2119.74
3994.36 2333.48
4656.57 2424.28
4513.72 2426.58
4375.91 2312.26
3895.78    1668
4502.91 2366.67
4337.56 2149.83
4598.91 2485.17
 4534.7 2468.64
4524.49 2360.99
4366.69 2322.99
4367.46 2177.92
4578.73 2386.84
4363.81  2144.1
4541.81 2452.28
4212.64 2109.92
4804.92  2580.9
3894.05 2062.18
   4201 2363.04
4572.58 2489.66
4510.03  2371.7
 5575.2 2527.71
3844.48 2310.27
 6454.8 2474.91
5019.01 2716.04
4850.53  2570.2
4509.06 2371.66
4201.23 2358.77
 3606.9 2043.76
4201.67 1980.42
4508.59 2424.18
3994.49  2335.8
3988.22 2458.15
 6092.7 2418.62
4310.69 2102.08
4568.75 2383.06
4507.91 2377.48
4504.13 2351.73
 4527.9 2455.39
4217.87 1945.34
4366.88 2388.92
4375.86 2210.71
4582.17 2361.97
4449.87 2344.36
3907.76 1681.53
4376.94 2386.06
4514.04 2418.01
5459.14 2490.18
4566.66 2402.57
 3352.5 2394.63
4392.19 2171.74
4201.67 1980.42
4362.96 2398.17
6431.95  2401.8
4742.21 2416.45
5356.24 2417.78
4361.96 2424.44
4383.31 2175.54
5578.18 2498.34
3812.78 2209.17
4385.07 2275.93
4383.45 2176.36
4674.05 2411.58
5434.81 2495.31
3683.35 2344.01
6420.52 2446.32
5607.54 2374.59
4586.16 2481.02
4572.45 2387.65
3638.31 2307.62
4211.18 2367.55
4586.16 2481.02
4636.52 2358.31
4373.33 2144.23
4633.68 2318.54
4375.22 2446.57
6456.37 2475.59
 3682.1 1353.49
6454.97 2472.39
 4811.1 2572.54
4292.87 2387.62
3552.97 2375.22
4502.73 2366.01
 4073.9 2353.85
5459.14 2490.18
4173.19 2023.79
4572.53 2444.67
5409.91 2498.23
4579.67 2347.49
3681.06  2346.4
6053.93 2391.66
4608.59 2384.75
4562.17 2396.99
4540.01 2368.89
4183.26 2030.31
 3682.1 1353.49
4095.38 2059.71
4540.04 2371.17
4580.03 2352.25
4356.03 2159.74
4815.74 2584.13
 4357.6 2216.32
4566.66 2402.57
4099.15 1891.23
4600.31 2359.95
4250.76 2368.44
4557.85 2429.84
4191.53 2480.54
4350.43 2238.08
 4383.7 2224.82
4368.23 2159.44
4365.58 2180.22
3413.78 2478.54
4575.51 2357.72
4508.39  2425.5
 4348.8 2227.27
4317.63 2091.82
 4512.7 2371.77
5354.37 2431.68
4402.89 2287.75
4598.45 2435.47
4514.04 2418.18
4840.49 1985.12
4369.63 2210.91
4553.31 2355.51
4193.79  2234.3
4566.51 2360.41
4507.91 2377.48
4726.22 2417.09
3413.78 2478.54
4069.39 2352.08
5470.37 2488.02
4517.92  2355.9
3683.35 2344.01
   4286 2362.66
4608.26 2454.88
4563.43 2353.92
3461.02  2277.7
5146.62 2459.28
3635.44 2295.96
4334.48 2152.41
4847.44 2024.88
4190.95 2183.03
4203.06 1964.84
4578.86  2481.2
 5559.8 2488.81
4556.61 2393.76
5467.54 2489.43
4308.87  2422.3
4558.88  2369.7
3681.06  2346.4
4616.62  2364.5
4203.01 1964.79
3435.68 2319.54
3622.55 2015.19
4096.16 1907.11
4563.43 2353.92
5598.81 2515.86
4592.31 2377.34
4733.9 2208.6
 4353.2 2401.54
4646.55  2413.3
3607.89 1749.13
4531.83 2503.15
5378.83 2459.26
3868.63  2228.7
4054.72 1973.67
3878.04 2270.85
4357.94 2398.11
4008.64 2380.78
 4363.2 2411.63
 4206.5 1944.19
4375.86 2210.71
5436.79 2500.58
4353.17 2399.39
4553.06  2405.1
4537.01  2469.8
5596.26 2458.51
4214.13 2363.19
4015.94 2499.35
 4600.4 2356.01
4658.33 2436.64
4522.84 2413.91
4640.66 2460.47
4362.88 2160.19
4419.08 2297.65
3301.17 2000.76
4207.63  2000.7
 5589.6 2396.82
4502.59 2350.76
4118.8 1864.7
4531.83 2503.15
4169.98 2025.42
4573.92 2356.46
3975.31 2365.27
4582.64 2480.55
 4578.7 2360.13
4568.13 2392.73
4630.22 2391.97
4513.65 2399.29
4361.72 2226.63
4302.19 2111.33
 4350.9 2235.23
4430.44 2314.55
4199.74 2351.99
4361.74 2412.44
4370.09 2313.59
4350.34 2232.63
4350.02 2325.18
4173.84 2039.25
3726.02 2437.02
4567.88  2375.7
 4375.4 2222.83
3983.67  2398.3
4992.98 2416.94
4600.89 2386.38
4557.38 2386.73
 4582.8 2355.17
4211.91 2341.04
4937.88 1993.21
 3898.3 2056.16
3691.98 1498.32
4546.11 2402.61
4359.95 2352.08
5414.54 2461.49
4162.46 1985.03
4672.83 2441.26
4207.63  2000.7
4592.31 2377.34
3413.34 1917.64
3883.88 2067.82
 4376.5 2378.56
5572.03 2482.93
4592.25 2381.05
4167.82 2042.46
4617.01 2406.45
4361.01 2317.43
4367.76 2334.49
3904.18 1575.28
4639.58 2323.67
4536.08 2395.17
4415.43 2362.77
4531.33 2428.86
5598.81 2515.86
4108.27 1908.77
3779.74 1994.65
4646.56 2356.69
