5494.7 2667.3
6548.8   2400
6345.6 2411.1
5143.1 2500.8
6550.9 2377.4
6290.7 2478.3
6577.2 2458.3
  6543 2435.7
6352.1   2390
6343.4   2390
6277.4 2475.6
5150 2296
  5475 2405.6
6313.2 2395.6
5618 2675
  4890 4870.9
4961.8 1956.6
5823.8 2471.7
6551.1 2424.4
  5608 2683.5
5304.5 4842.5
6043.8 2489.1
5629.8 4705.7
6911.4 2161.4
5375.7 2427.6
4863.5 1859.8
5203.5 2366.6
4970.8 4838.2
5299.7 4835.6
4970.1 4840.3
6340.9 2401.7
6379.8 2423.7
5802.7 2542.7
4625.5 4818.4
6549.7 2415.3
5340.2 2336.3
5023.1 2068.8
5390.9 2425.8
4972.7   1964
6049.9 2220.4
4858.9 1866.4
  6031 2480.3
4626.5   4857
5494.1 2436.8
5297.8 4831.3
4968.5 4848.4
4954.4 1946.8
5098.8 4818.7
5203.3 4835.9
  5205 4834.6
  5102 4825.6
5371.2 2414.1
4963.4 2427.8
5329.7 2286.7
6552.7 2447.2
4894.2 4818.6
6050.7 2481.2
6174.2 2466.5
5296.2   4830
5098.1 4842.8
  5018 2080.3
  6564 2378.6
5203.9 2310.8
6355.5 2417.1
6171.8 2390.9
5306.6 2343.9
4899.3 1923.6
5259.2 2344.7
6877.9 2116.8
4988.5 4844.2
5314.3 2310.5
4883.9 1887.8
6592.2 2442.9
4578.8 4892.1
5511.8 4719.9
4786.6 4815.5
5028.9 2175.9
4943.8 2432.3
  5259 2343.3
6079.6   2473
  4592 4847.1
4951.3 2427.9
5023.7 2057.1
5199.6 2504.1
6541.7 2450.6
5491.3   2444
5980.4   2346
6549.3   2437
4930.1 2236.6
4783.8 4814.5
5094.2 4844.5
5028.1   2198
5869.9   2313
4637.2   4832
5331.9 2254.3
5242.3 2283.6
4626.4 4833.4
4879.1 4841.9
4590.9 4848.1
5355.8 2451.9
5019.6 2094.3
5209.2 2312.6
5260.3 2336.3
5249.5 2332.8
  4897 2055.3
4633.4 4816.9
6124.3 2479.9
5111.6 4823.3
4762.1 4859.5
5252.4 2332.5
5227.4 2314.4
5093.5 4846.2
4890.1 4838.7
5097.8 2319.7
5260.9 2308.5
4799.4 4817.8
4585.2   4851
  5560 2618.2
5246.2   2465
5216.6 4821.9
5246.9   2340
6050.2 2495.3
5480.8 2515.4
4601.9 4842.7
4934.2 2360.8
  5430 2414.2
5221.9 2311.4
6686.1 1979.5
4375.4 2252.1
4775.6   4812
6111.2 2498.2
4987.6 4875.3
4602.9 4843.4
5253.1   2461
4316.3 2245.8
5233.7 2468.7
4958.8   2258
6648.2 2716.4
4970.2 2091.8
5019.2 2069.6
6321.3 2413.9
5264.9 2310.2
4963.6 1981.8
5118.6 4845.6
4644.6 4827.6
4871.6 4847.7
5088.3 4851.5
5901.3 2377.3
5722.7 2750.2
6543.7 2389.5
5968.9 2354.3
5125.6 2301.7
6076.1 2465.9
6584.5   2453
  5030 2196.2
5655.2 2689.6
  5581 2448.9
5141.6 2341.6
6545.2   2387
5230.5 2463.8
5184.5 2407.1
5207.2 2525.4
6845.8 1973.3
4578.1 4853.3
5591.2 2442.4
6052.8 2496.5
6797.2 1961.7
4632.9 2365.5
4960.2 2301.6
6297.2 2475.8
4639.9 4855.3
  5174 2317.7
6905.4 2117.4
5141.5 2313.9
4947.8 2017.4
4952.2 1956.2
4754.1 2336.3
4684.4 4849.6
5888.9 2596.1
5155.6 2313.9
6131.2 2517.3
5229.3 2349.1
5318.8 2369.1
5319.8 2367.3
5291.7 2304.8
4961.7 2355.9
4509.2 2176.6
4915.2 2059.8
5484.8 2629.6
4456.6 2251.9
4999.2   2009
  5570 2367.2
5167.9 2308.6
4761.5 4850.2
5257.1 2458.4
5124.7 2315.6
3905.4 2743.8
4797.7 4801.1
5592.6 2671.3
5257.8   2311
4732.5 2297.8
5060.8 2222.4
6272.5 2524.5
4468.7 2277.6
5336.5 2281.8
4967.3 2231.1
6561.2 2462.3
  5090 2254.9
5692.9 2650.4
6140.7 2515.3
4651.7 4825.3
4853.2 1853.4
4955.3 2295.1
4950.7 2422.5
6058.1 2481.3
5139.8 2317.1
5332.8   2277
4738.1 1942.8
  5368 2425.3
5158.3 2421.9
3804.6 2543.6
  4967 2233.2
5519.6 4703.5
4896.1 1957.4
7151.6   2916
4755.3 1927.9
5209.3 2492.9
5171.5 2307.1
5251.9 2352.6
  5218 2467.3
4337.1 2176.3
5158.9 2437.2
5502.7 2603.2
4752.3 2328.3
6128.4 2535.4
4944.3 2005.4
6545.7 2468.9
4307.4 2579.2
5151.2 2325.4
5149.5 2325.6
  4753 2321.9
5150.7 2417.9
  4508 2483.2
4870.3 1895.8
5238.4 2346.3
5540.6 2589.4
5017.6   4838
5996.8 2723.8
5138.4 2405.5
5146.5 2488.9
5139.1 2289.7
4318.9 2261.6
4956.6 2361.8
5255.6   2309
5067 2282
4971.3 2356.2
5158.1 2407.2
6057.3 2498.3
6532.9 2444.5
5148.1 2336.4
4727.3 1725.7
4500.2 1970.9
4950.7 2377.6
5463.7 2414.2
4967.3 2003.1
6830.1 1965.7
5993.4   2418
  5018 4839.5
6149.8 2373.4
5099.7 2255.8
5194.3 2478.4
5242.9   2354
4900.9 1932.8
4767.8 2335.5
5506.8 2603.6
5281.2 2509.5
4949.6 1950.8
4977.4 2170.4
5949.6 2322.9
4952.7 2460.4
6545.7 2466.4
  5508 2593.5
5544.2 2618.3
5229.9 2423.2
  4868 2363.9
5139.3 2316.1
4603.9 2321.2
5264.5 2454.6
5294.2 2349.6
  6371 2396.1
5228.3 2370.5
5194.4 2320.8
5235.1 2379.2
4971.1 2003.5
4703.5 1932.3
5195.2 2325.1
5251.5 2291.9
4911.5 2443.6
4925.4   1975
5511.3 2605.6
4933.3 2069.8
4815.9 2334.9
4834.5 2338.5
5223.5 2427.7
4923.7 2105.8
4824.4 4840.7
4972.1 2084.9
4943.6 1975.3
4941.9 2009.6
4207.3 2400.8
5245.7 2301.7
  5485 2658.8
5149.9 2420.6
4920.5 2087.8
6706.1 2335.9
4878.9 1879.5
5154.5 2325.8
5002.3   2189
5270.8 2349.7
5296.8 2440.8
6162.1 2372.9
  5579 2692.7
4950.4 2060.4
5213.7 2297.5
5232.5 2306.5
5446.5 2415.6
6064.8 2495.4
5307.9 2470.3
5502.6 2614.1
4856.5 2323.3
5176.3 2333.7
2512.2 2213.3
5839.7 2467.9
5071.9 2252.3
5227.2   2295
4730.6   2042
5316.6 2361.9
6119.9   2495
4911.2 2423.2
5222.4   2323
5304.9 2313.9
5218.7 2467.9
4442.1   2194
  5171 2399.9
5675.2 2650.2
4214.6 2327.7
4936.2 2382.5
  5356 2409.2
4767.6 2132.4
4373.3 2147.4
5889.7   2313
4943.2 2377.9
4951.1 2400.5
4935.6 2379.2
5212.3 2494.7
4770.6 2328.4
5370.9 2442.6
5225.5 2290.5
3565.4 1026.2
6934.3 2464.8
5348.3 2477.8
6440.5 2404.5
5136.5 2287.5
4472.5   2288
4492.8 2342.8
5277.2 2508.5
4922.9 2098.1
5250.8 2305.7
5236.7 2362.2
5325.1 2361.5
3630.4 2485.4
4971.2 2300.3
4939.3 2087.4
  4860 1910.3
4948.7 2401.9
4830.4 1867.3
5575.5 2691.9
4957.8 2233.7
4750.4 2311.8
4993.8   4886
4927.9 2253.1
4700.5 1822.7
5235.5 2333.2
  4519 2393.8
5748.6 2409.7
5283 2352
5221.1 2351.6
5221.5 2376.1
5890.5 2692.9
5255.9 2297.6
4765.8 2293.3
4750.6 1964.7
4936.1 2078.9
4401.8 1895.9
6538.1   2378
4924.1   2101
5205.1 2380.1
5529.4 4697.6
6028.9 2467.1
  5531 4722.2
5157.6 4812.7
6126.5 2488.4
4692.5 1826.7
5306.9 2386.9
4380.2 1945.6
5058.8   2238
5294.1 2346.2
5020.3 2203.1
4995.5   4889
5197.2 2332.5
5022.8 2315.9
4386.4 1914.9
  5244 2300.9
5184.1   2426
5676.7 4717.5
6140.9 2522.4
