-2200.2 2570.78
-1403.76  2541.63
-2322.42  2451.23
-2174.33  2497.51
-1427.84  2582.16
-1165.76  2419.43
-1289.76     2570
2897.55 2488.01
-33.9581  2038.24
 1593.65 -1554.35
-3560.76  2725.99
    1456 -1601.53
 1455.65 -1600.26
1116.14 2498.94
-509.501  3480.79
1983.63 3310.57
1250.61 -1681.4
  1321.1 -1605.83
 1331.88 -1653.35
-1527.7  2518.3
 934.898 -1763.31
 1249.57 -1633.63
 1455.07 -1553.89
-2203.48  2539.44
1182.73 2636.05
1737.03 3016.14
1086.57 2501.78
718.767 2573.92
 997.342 -1674.74
 1813.5 3166.39
2164.58 3585.26
1991.68 3300.37
-405.137  2413.78
-2392.5 3673.32
 1249.98 -1636.54
1842.48  3190.2
1124.73 2519.31
1200.99 2710.41
-2215.76  2474.06
1305.88 2469.39
1746.44 2998.93
 -2267 2615.6
1434.49 2669.96
-1439.2 2530.43
-823.547  2573.66
 904.938 -1770.22
1246.57  2623.7
1231.05 2674.03
 902.764 -1770.06
-2389.05   2483.3
1199.56 2758.67
 1622.38 -1480.82
1735.18 3033.35
-2168.64  2467.04
2982.07 2657.19
-2201.26  2494.94
1900.17 2768.37
1736.16 2828.01
  1389.5 -1605.57
1195.35 2759.38
  1068.8 -1724.66
 1621.44 -1483.73
1363.86 2711.59
1145.06 2676.68
1744.67 2978.55
   1425 2667.46
1205.15 2767.87
1332.53 2633.81
1352.29 2638.72
1346.96 2639.24
 1392.1 2665.36
1621.74 2653.87
1330.58  2675.2
 1626.96 -1506.95
 1625.58 -1502.74
1143.65 2694.55
1357.24 2627.96
 1600.07 -1487.03
 1896.7 2591.36
1009.45 2519.79
1401.99 2669.63
 1603.72 -1483.43
1206.07 2751.12
   3330 2491.36
2955.36 2590.13
2873.14 2607.92
1853.94 2738.73
 1627.08 -1516.86
1827.15 2979.03
 1628.17 -1518.47
3353.18 2553.82
1743.68 3014.69
-1317.53  2535.66
1323.26  2672.8
 1388.88 -1616.43
1188.33 2740.54
2982.57 2593.77
1518.74 2536.15
2248.44 3642.32
-56.2443  2588.37
-1066.89  2315.48
1572.98  2680.9
-2354.69  2462.23
1732.87 2830.71
692.143 2579.23
1185.39 2710.29
 1025.24 -1722.33
2972.35 2652.01
698.007 2467.14
1546.05 2623.02
 1383.09 -1584.15
1191.06  2744.7
1852.94 2676.35
-1233.35  2418.83
 3332.2 2551.86
1488.2 2658.9
1545.51 2663.53
1859.11 3085.94
2181.35 2623.01
1389.59 2614.04
1224.18 2586.22
 3182.2 2320.48
1020.05 -1736.8
1222.25 2588.94
1273.29 2681.78
1851.64 2598.79
700.796 2558.74
2169.63 3597.87
2621.47 2734.19
1772.83 3102.23
720.355 2595.06
1498.76 2672.09
1574.96 2660.57
1336.38 2671.38
2213.83 2676.38
-1243.92  2998.31
2938.81 2594.78
 1389.07 -1632.31
-1150.45  2328.37
1375.79  2611.7
1195.62 2682.66
1187.84 2718.08
1838.98 2777.64
-2252.48  2443.03
 1590.34 -1498.62
900.012 2188.55
1999.68 3319.07
1860.81 2685.52
962.794 2607.13
1548.58  2658.8
1194.69 2725.16
2371.71 3639.67
3187.82 2351.99
 2189.2 3179.07
1131.02 2502.36
 3514.7 2339.79
1939.21 3169.72
   3515 2655.78
2161.34 3201.84
1492.32  2674.4
3445.25 2759.12
1348.38 2609.37
2183.99 2634.16
2764.78 2708.09
1863.99 3103.23
-2185.76   2429.6
2833.65 2289.81
1528.77 2646.97
1531.77 2646.63
2549.34 2418.86
2802.35 2890.08
 1975.9 3258.02
1372.94  2618.4
825.383 2640.34
1548.97 2698.88
1340.36 2674.28
 1673.5 2707.72
1835.85 2598.53
1390.83 -1645.6
3365.78 2521.37
-2131.35  2479.43
1825.71 3108.38
-300.701  2521.39
-756.11 2604.36
1616.37    2747
 1364.9 2607.09
3036.63 2693.11
2160.19 2624.36
1850.79 3183.88
1204.21 2784.19
1819.62 2865.53
3377.27 2503.82
-2185.74  2434.71
2003.35 2585.98
3144.98 2563.86
 1825.55 -1397.07
1451.86 2654.92
1819.41 3108.09
2241.96 3191.81
-1443.73   2803.2
1450.55 2648.61
 1347.3 2699.59
1892.72 3146.28
2085.26 2626.02
 1130.11 -1656.22
1823.56 2989.18
1862.77 3147.31
2769.95 2747.43
  1428.8 -1559.39
1358.29 2684.81
1960.47 3282.85
1522.96 2646.47
1779.06 2839.84
1313.48 2614.13
1416.38 2689.93
 1906.09 -1320.25
1382.56 2677.23
2020.95 2643.13
1664.07 2751.03
1391.82 2694.11
1248.87 2668.61
3276.19 2655.24
 788.949 -1810.23
2184.63  3530.6
2641.02 2813.19
3061.81 3228.12
484.538 2144.97
2798.42 3252.67
 1151.74 -1712.49
1893.74 2560.51
1153.97 2526.54
2154.27 2909.96
2737.88 2875.36
2446.3 3449.1
2892.21 2620.88
 1899.58 -1383.54
-1227.2 2988.01
    1578 -1506.08
1894.68  2565.2
2155.74 2634.34
1125.51 2476.24
1394.75 2700.72
 804.781 -1742.55
1553.46 2702.02
2599.25  2685.1
2247.78 3380.75
2570.73 2610.49
1349.07 2679.03
1376.4 2594.8
 953.209 -1684.99
1212.09 2597.76
1877.86 2983.49
1854.73 2773.54
 1360.22 -1561.15
1904.32 2744.71
 1131.33 -1640.72
2238.26 3350.71
2931.71 2456.13
 1377.9 2637.74
2533.23 2541.02
1404.53 2610.15
1339.42 2691.26
2171.27 3148.36
2264.01 3471.47
2721.12 3154.96
1685.87 2771.29
1270.06 2619.94
1188.67 2771.48
1749.32 2657.44
2710.87 3198.35
1361.37 2685.94
2850.97 3308.45
