2705.09 2537.67
2651.44 2326.45
2425.24 2492.78
2856.56  2524.5
2936.92 2381.61
2582.65 2461.57
2911.81  2503.4
2870.81  2508.7
2413.07 2410.66
2763.78 2193.97
3097.59 2370.77
2663.45 2084.68
2812.42 2423.55
2915.06 2380.76
2641.53 2287.72
 2855.1 2463.28
2937.91  2480.5
2799.89 2387.52
2944.06 2474.22
3260.52 2357.44
 2782.9 2356.72
2712.53 2348.82
2993.18 2460.05
2770.3 2187.4
2779.85 2097.76
2749.65    2449
2891.23 2334.33
2706.89 2329.58
2769.31 2092.46
2942.88 2385.78
2582.92 2007.35
2711.37 2354.06
2749.04 2439.21
2796.25 2392.66
2849.73 2467.09
2747.69 2456.13
2884.89 2401.09
 2905.9 2381.01
2751.38 2389.32
2703.29 2549.14
2419.44 2358.66
2872.33 2514.43
2767.86 2197.85
 3241.3 2286.74
2885.66 2349.58
2760.95 2367.16
3041.66 2453.65
2719.62 2142.55
2746.26 2346.28
3077.34 2396.58
2773.58  2368.2
2765.98 2352.32
2776.35  2387.4
2375.15  2505.8
2992.84 2420.71
 2916.1 2469.24
2898.65 2348.36
2966.33 2465.32
2998.35 2452.44
2817.51 2518.45
2836.05 2520.34
2751.91 2346.16
2762.58 2463.36
2567.18 1975.03
2724.21 2034.91
2829.13 2448.78
 2715.3 2149.16
2732.78 2348.29
2977.84 2467.56
2875.57 2418.84
2405.44 2510.95
3041.92 2456.08
2677.93 2450.72
2658.01 2086.79
2776.26 2355.06
2775.55 2114.04
2402.68 2517.78
 2392.8 2234.63
2962.92  2396.8
2508.06  2301.2
2656.99 2196.31
2656.33  2078.3
3175.01 2306.04
2966.51 2458.41
2753.37 2189.81
2845.37 2461.21
3310.91 2440.48
3084.81 2398.46
2950.17 2396.69
2822.58 2276.29
2705.78 2366.89
2561.34 1979.78
2911.88 2392.35
2900.62 2518.28
2850.35 2474.77
2658.62 2067.57
2391.68  2174.4
2758.08 2459.93
2649.23 2191.31
2661.56 1961.31
2910.35 2378.62
2887.28 2395.32
 2973.6 2466.48
2881.54 2398.44
2892.19 2463.14
2487.89 2460.69
 2653.8 2344.34
2378.97 2223.99
2836.47 2449.91
2889.85 2339.74
3252.91 2380.31
2668.55 2088.53
3010.06 2442.39
2829.46 2455.36
2766.58 2366.95
2940.26 2383.52
2771.48 2349.35
2412.44 2503.41
2763.34 2198.01
2643.75 2445.95
2998.09 2457.09
2832.58 2446.38
2752.07 2370.96
2716.67 2042.98
2756.79 2370.44
2867.33 2491.95
2713.87 2042.26
2800.03 2454.39
2808.68 2501.55
2735.87 2461.48
2904.21 2511.74
2874.74 2501.08
3087.88 2391.92
2873.05 2365.19
2913.34 2392.76
2392.93 2225.54
2768.09 2460.13
3103.64 2368.27
3025.66  2461.2
2584.15 1869.07
2412.13 2241.23
2390.16 2228.57
3030.99 2457.32
2688.34 2007.63
2704.86 2395.91
2998.57  2454.5
2692.86 2190.14
2754.34 2195.16
2499.53  2472.5
2683.52 2489.16
2908.57 2385.49
 2676.5 2443.16
3217.18 2283.86
 2986.9 2456.89
3308.45    2393
2887.08 2346.16
3169.68 2436.72
3094.01 2373.93
2718.51 2363.08
2651.13 2422.57
2847.91 2271.99
2756.64 2128.78
2639.41 2443.67
 2902.7 2379.83
2776.01 2117.02
2764.23  2168.2
2750.75 2421.33
 2380.8 2225.87
2770.85 2199.23
 2832.4 2402.76
2398.79 2512.61
2812.99 2498.27
2657.42 2191.36
2740.22  2441.2
2993.89 2442.76
2578.03 2133.89
2890.12 2344.38
2718.64 2361.64
2768.09 2208.25
3091.35 2394.31
2769.63  2458.9
3004.79 2443.09
2832.66 2300.22
2907.22 2492.77
3198.2 2434.8
2683.78 2454.55
2741.93  2439.7
2876.71 2493.23
2567.71  1982.8
2986.77 2466.55
2693.09 2552.13
2380.42 2211.51
2687.44 2180.15
2706.97  2350.5
3184.17 2428.25
2874.48 2450.63
 2729.4 2417.03
2870.58 2430.47
2840.82 2409.15
2960.88 2466.04
3358.66 2421.03
2863.17  2513.1
2838.29 2456.73
2959.87 2468.95
2757.83 2378.28
2720.41 2487.49
2664.68 2081.05
3099.15 2368.22
2751.76 2380.41
3038.25 2416.72
2417.83 2502.67
2880.71 2438.41
2687.39 2478.99
2830.68 2402.08
2715.16 2061.18
2899.56 2489.85
 2707.7 2186.78
2768.89 2369.11
 2820.1 2510.95
2969.36 2461.68
2765.16  2391.3
2699.01 2458.26
2963.13  2402.3
2764.38 2173.53
2576.52 2460.82
2857.37 2463.15
2885.75 2443.37
2406.54 2177.59
2982.28 2468.89
2724.69 2365.95
2789.83 2401.74
2967.87 2569.84
 2810.2 2398.42
2577.06  1993.2
3358.29 2449.18
3083.87  2388.8
2761.79 2455.82
2816.65 2446.41
2765.71 2361.97
2789.67 2450.94
3029.97 2419.53
3282.34  2279.9
3022.58 2341.58
3162.82 2437.56
2722.92 2542.47
2831.78 2412.73
3198.99 2370.33
2994.88 2421.71
2571.03  2282.1
3237.38 2437.67
2820.09 2463.98
2910.64 2460.21
 2850.2 2454.08
3047.25 2449.24
2758.39 2384.94
2867.84 2421.37
 2946.7 2384.31
3255.95 2277.38
2437.93 2426.32
2769.74 2110.38
2705.71 2029.59
3167.86  2444.2
2990.57  2436.1
2738.59 2403.36
2747.38 2358.11
2793.67 2435.44
3199.94 2437.05
2995.45 2427.63
2762.31 2448.81
2570.96 2442.26
2751.23 2116.45
 2739.7 2082.06
2961.27  2478.9
2618.42 2227.46
3191.87 2356.16
 2947.9 2383.59
3272.94 2423.91
2774.03 2376.46
2877.44 2470.06
2391.33 2226.85
 2689.6 1995.73
3015.44 2448.61
2432.39 2378.65
2890.33 2353.71
2919.38 2507.93
2904.14 2469.34
2955.36 2471.35
2994.97 2427.42
3141.05 2269.76
2756.93 2343.12
 2824.8 2523.98
2911.56 2449.66
2921.53 2464.68
3196.95 2371.69
3086.95 2380.17
2734.36 2412.77
 2982.4 2465.68
2719.92 2054.68
3080.12 2427.19
2803.96 2412.28
3192.04 2365.27
3086.41 2386.77
2760.54 2135.87
2915.08 2394.76
2658.88 1945.25
2508.06 2158.12
2784.93 2409.39
3179.96 2336.64
3080.87 2446.73
2937.22 2471.12
 2773.4 2436.99
2729.01 2453.54
2837.74 2399.31
2556.56 1799.34
2913.24 2429.15
3123.39 2389.47
3189.38 2377.61
3307.25 2407.17
2734.63 2457.74
3103.62 2389.24
2804.71 2411.16
2764.92 2370.04
2955.58 2397.34
 2746.8 2454.14
2885.22 2426.73
3519.66 2460.86
2987.63 2437.98
3547.89 2619.56
3198.07 2335.79
2499.78 2488.85
2854.96 2491.48
2695.02 2444.43
3186.95 2361.26
3198.92 2359.77
2963.41 2444.99
3142.97 2301.43
2822.33 2457.38
3175.38  2431.3
2754.25 2444.11
2917.15 2385.79
2789.95 2347.01
3227.43 2433.78
2888.23 2410.59
2992.84 2447.58
3080.42 2443.94
3181.92 2378.42
2938.14 2468.06
2936.85 2466.95
2901.59  2499.8
3341.92 2443.29
3258.29 2289.67
3348.56 2420.11
3359.49 2470.29
3078.24 2237.71
2980.42 2458.16
3142.32  2284.6
3184.94 2329.38
 3109.5 2359.15
3247.82 2436.45
3190.99 2438.48
2793.48 2430.51
3173.42 2312.92
2911.57 2451.25
2657.09 2456.41
2608.98 1867.63
 2239.2 2485.34
 2617.6 2025.93
3299.85 2273.86
2401.78 2414.16
2601.76 1871.83
2697.85 2016.53
3199.01 2446.62
2715.59 2354.99
   2503 2461.83
3102.44 2420.29
3081.15 2384.71
2905.87  2457.8
2981.28 2462.83
2693.62 2428.81
2914.91 2464.58
3185.95 2318.15
3285.39 2426.23
 3122.7 2292.66
2645.29 2563.43
2388.26 2231.83
3136.78 2390.92
3358.88 2475.98
2778.61  2454.6
