1518.3 2637.1
1449 2175
1172.3 2529.5
1747.1 2616.8
1884.1 2276.2
1353.6 2467.8
1838.8 2569.6
1769.7 2580.4
1159.6 2365.8
1628.9 1869.4
2192.4 2238.3
1512.6 1664.3
1675 2381
1845.9 2275.6
1440.5 2093.1
1742.7 2473.1
1883.7 2515.3
1657.1 2298.6
1894.5 2500.2
2555.1 2191.7
1633.3 2229.5
1530.8 2217.9
1984 2466
1640.1 1853.7
1676.9 1658.8
1579.5 2440.2
1809.1 2167.4
1524.7   2176
1662.4 1650.6
1894.4 2285.9
1429.6 1535.7
1528.7 2229.6
1578.7 2418.1
1651.2 2310.6
1734 2482
1576.6 2456.3
1793.3 2325.7
1830.1 2276.8
1583.9 2305.5
1516.6 2662.3
1169.1 2262.1
1772.5   2594
1634.2   1877
2516.8 2007.2
1798.2 2203.9
1599.5 2254.9
2076.8 2450.1
  1576 1769.3
1579.6 2209.2
2149.4 2305.1
1618.3 2256.3
1608.2   2221
1621.2 2299.7
1120.3 2553.7
1983.9 2368.9
1845.3 2487.8
1820.3 2199.8
1934.5 2478.8
1993.7 2447.2
1684.2 2600.5
1713.7 2605.9
1587.9 2208.4
1598.6 2472.7
1420.2 1479.3
1612.9 1545.3
1700.9 2439.2
1568.2 1784.3
1559.8 2214.9
1955.6 2484.4
  1777 2368.1
1151.9   2565
2077.3 2456.2
1477.9 2444.4
1504.6 1670.1
1623.4 2226.3
1665.9 1694.5
1149.3 2578.4
1155.2 2021.8
1929.8 2311.5
1273.2 2138.1
1476.7 1896.7
1504.7 1653.4
  2364 2065.2
1934.8 2461.9
1614.3 1862.6
1726.9 2468.2
2673.9 2413.7
2164.5 2309.5
1906.8 2311.9
1704.3 2041.9
1519.8 2258.4
1411.3 1490.2
1839.7 2303.5
1820.3 2604.6
1735.1   2500
1510.9 1631.1
1164.7 1906.2
1591.9 2464.9
1467.3 1887.8
  1549 1420.9
1837.9 2270.8
1797.6 2311.9
1947.8 2481.7
1787.8 2319.6
1804.3   2473
1240.9 2465.6
1450.4 2213.4
1142.5 2003.5
1712.6 2441.8
1806.2 2180.3
2535.6 2253.2
1518.5 1670.7
2015.9 2422.2
1701.4 2454.5
1607.9   2254
1889.9 2280.6
1616.7 2213.8
  1159 2550.3
1627.4 1878.3
  1432 2434.2
1993.2 2458.7
1706.4 2433.6
1586.1 2264.1
1599.5   1564
1593.1 2262.6
1763.3 2540.8
1595.7 1563.4
1655.3 2452.3
1669.6 2561.1
1559.4 2468.3
1826.1 2589.2
1775.9 2562.6
2171.1 2292.7
1775.8 2241.7
1842.2 2304.4
1156.8 2004.2
1606.8 2465.4
2205.1 2231.5
2045.7   2469
  1480 1277.7
1174.6 2031.6
1153.4 2010.5
  2056 2459.3
1570.5 1502.2
1516.7 2322.7
1994.1 2452.3
1527.2 1876.2
1614.6   1874
1254.3 2489.9
1486 2529
1834.4 2287.3
  1476 2427.8
2461.5 2002.8
1972.3 2458.2
2669.1 2284.6
1800.9 2195.7
2343.4 2405.5
2184.8 2246.6
1538.1   2249
1442.2 2383.3
1745.5 2028.2
1633.6 1730.8
1426.3 2429.3
1824.7 2274.2
1665.8 1700.7
1635.3 1813.4
1581.6 2377.7
1144.1 2006.8
1638.4 1879.4
1707.3 2332.1
1145 2568
1676.2 2553.7
1478.3 1886.2
1565.8 2422.7
1985.4 2423.3
1387.9   1786
1806.2 2191.2
1538.4 2245.8
1632.4 1899.7
2178.1 2298.6
1609.1 2462.6
2005.9   2424
1716.9 2095.1
1830.5   2544
2407.1   2400
1485.9 2452.8
1568.3 2419.3
1778.9 2544.1
1418.3 1493.8
1972.1   2482
1502.6 2668.1
1146.1 1979.3
1521.8 1856.2
1522.8 2222.1
2375.7   2383
1774.6 2443.3
1550.7 2368.7
1768.4 2395.7
1720.5 2346.6
1924.6 2480.5
2794.3 2359.6
1757.3 2590.4
1715.5 2457.7
1922.8 2487.6
1594.1 2280.2
1537.6 2526.3
1515.3 1656.6
2195.8 2231.7
  1585 2285.4
2070.8 2357.5
1164.7   2549
1785.1 2414.3
1491.1 2506.7
1704.6 2330.6
1591.8 1601.5
1817.3 2536.8
1548.8 1865.9
1611.2 2258.7
1687.9 2583.3
  1940 2469.9
1604.2 2309.2
1507 2461
1929.9 2324.9
1634.3 1824.9
  1346 2466.2
1746.4 2472.8
1793.5   2426
1179.8 1909.4
1963.8 2487.7
1546.7 2254.9
1640.9 2331.7
1942.9 2733.7
1672.5 2323.1
1426.7 1510.5
  2793 2437.2
2163.1   2285
1597.4 2455.6
1681.2 2433.8
  1607 2242.8
1639.4 2444.4
2054.6 2364.8
2614.8 1984.3
2045.4 2171.5
2328.3 2407.8
1543.9   2649
1705.9 2355.3
2411.6 2230.1
1987.7 2371.3
1351.1 2090.8
2497.1   2407
1686.6 2474.5
1835.8 2466.1
1734.7 2451.5
2087.8   2439
1594.5 2295.2
1764.1 2374.3
1901.3 2282.1
2552.3   1981
1185.8 2396.4
1658.1 1688.3
  1588 1540.4
2339.3 2425.1
1979.3 2406.9
1564.5 2337.7
1580.2 2235.6
1645.7 2408.8
  2411 2405.9
1988.6 2385.9
1598.2 2439.7
1339.2   2427
1628.8 1706.1
1621.3 1637.3
1925.5 2511.9
1419.7 1969.4
2396.6 2193.5
1903.5 2280.3
2581.6 2369.4
1618.4   2275
1779.6 2489.3
1154.9   2007
1576.2 1478.3
2026.1 2437.6
1181.7 2301.1
1805.7 2213.2
1852.1 2580.8
1824.7 2487.9
1914.7 2493.4
1987.7 2385.4
  2295 1977.4
1595.6 2201.1
  1696 2613.7
1837.4 2440.8
1854.7 2476.9
2406.9 2233.8
2169.9 2262.9
1558 2359
  1964 2479.8
1600.6 1586.8
2153.9 2382.7
1662.2 2355.3
2396.3 2217.3
2168.4 2279.7
1637.6 1744.9
1845.1 2309.1
  1551 1391.1
1297.4 1850.4
1633.1 2349.4
2371.7 2143.7
2155.1 2432.4
1882.3 2492.6
1614.9 2412.7
1549.5 2450.5
  1716 2323.8
1472.5 1165.7
1840.6 2391.6
2245.1 2284.5
2389.5 2249.8
2665.6 2323.1
1557.6 2459.9
2203.7   2285
1663.4 2352.7
1605.2 2261.1
1916.5 2313.2
1575.3 2451.8
1792.9 2386.5
3225.1 2469.8
1973.8 2411.6
3307.8 2916.8
2412.3 2139.8
1254.9 2523.5
  1743 2539.3
1501.5 2430.4
2385.2 2207.2
2412.2 2202.4
1929.2 2429.1
2294.8 2057.3
1690.1 2459.2
2356.1 2391.2
1586.3 2429.1
1849.2 2287.5
1644.9 2206.8
  2474 2396.8
1798.5 2348.1
1983.4 2435.2
2154.2 2425.3
2372.8 2252.4
1883.9 2485.2
1881.6 2482.5
1821.1 2560.6
2751.4 2421.1
2556.3 2012.8
2768.6 2357.3
2796.1 2495.4
2169.6 1908.1
1960.3 2461.3
2295.6 2014.7
2383.5 2124.4
  2218 2207.8
2521.6 2403.6
2390.8 2409.8
1645.5 2397.5
2359.7 2083.1
1837.4 2444.6
1449.7 2456.9
1512.9 1265.5
989.08 2510.8
1468.6 1560.8
2657.9 1966.3
1147.6 2373.1
1501.8 1275.9
  1581 1516.8
2408.8 2431.2
1534.6 2231.3
1258.2   2468
2199.9 2364.5
2157.8 2274.8
1827.6 2460.3
1961.9 2472.8
1499.8 2395.9
1843.2 2476.6
2386.9 2095.2
2611.6 2375.4
2252.8 2037.7
1438.7 2688.7
1150.9 2017.1
2273.5 2287.5
2794.6 2511.1
1622.6 2452.8
