2582.95 2632.72
2616.46 2279.17
1753.09 2569.68
2926.13 2567.46
3035.24 2400.09
2336.94 2482.87
3001.86 2534.98
2948.44 2543.32
   1711 2354.97
2813.34    2134
3197.4 2381.6
2628.89 1915.23
   2888 2435.01
3014.16 2399.59
2598.37 2218.89
2944.75 2483.28
3035.59 2503.31
2869.78 2389.62
 3042.1 2494.47
3679.54 2235.86
2844.63 2348.31
2733.81 2326.04
3090.03 2478.84
2821.46 2125.19
2831.24 2008.22
2799.67 2466.35
2984.41 2338.19
2725.74 2299.77
2817.03 1999.84
3041.27 2404.15
2427.63 1693.78
2732.31 2333.93
2798.79 2453.22
2865.37 2395.55
2938.21 2487.77
2797.46 2475.32
2978.64 2413.61
3005.53 2399.75
2801.21 2388.08
2578.21 2656.56
2544.01 2388.08
2950.89 2550.93
2818.74 2139.51
3399.64 2250.01
2979.07 2355.46
2812.67 2358.78
3136.24 2471.59
2739.41 2041.58
2792.95  2331.8
3173.38 2412.08
 2829.7 2360.73
2819.04 2340.05
2836.39  2387.2
2565.34 2530.13
3089.07 2439.97
3015.16    2489
2993.32 2354.99
3065.06 2484.76
3094.86 2471.17
2852.28 2568.89
2882.92 2569.88
 2800.9 2331.33
2816.89 2485.07
2397.89 1633.23
2742.59 1892.16
2911.72 2466.22
2733.57 2051.08
2771.57 2331.42
3075.91 2486.43
2968.25 2432.59
1672.83 2620.79
 3136.5 2474.13
2658.03 2466.41
 2620.5 1917.76
2834.59 2344.88
2826.38 2030.04
1663.13 2639.42
2577.18 2290.56
3060.97    2415
2239.24 2179.52
2621.77 2083.23
   2619 1905.88
3301.18 2289.69
3065.04 2477.33
2799.78 2127.93
2933.66 2481.16
3596.77 2431.89
 3181.9 2412.27
3048.42 2414.99
 2898.3 2255.76
2725.07  2351.8
 2387.4 1640.64
3011.12 2411.35
2987.08 2554.99
2939.34 2496.89
2620.44  1888.1
2577.48 2238.09
2810.95 2480.03
2610.74 2075.68
2622.46 1727.44
3009.47  2397.2
2980.83 2407.08
3072.11 2485.52
 2975.2 2410.25
2988.83 2482.94
2111.17  2484.4
2620.93 2306.77
2565.24 2281.14
2920.66 2467.68
2983.06 2344.25
3665.98 2283.83
2635.67 1920.63
3105.67 2460.83
2912.18 2474.35
2820.65 2359.11
3038.77 2401.83
 2826.7 2337.13
1697.34 2599.67
2812.93 2139.71
2605.93 2459.79
3094.64 2475.75
2915.96    2463
2801.54 2363.57
2732.96 1904.14
2807.84 2363.31
2944.86 2520.46
2728.58 1902.26
2873.03 2472.54
2839.34 2542.31
2778.61 2482.82
2992.35 2546.24
2954.51 2532.32
3185.28 2405.77
2964.45 2371.03
3012.76 2411.86
2577.59 2282.33
2824.32 2480.16
3203.76 2378.36
3122.07  2479.3
2428.57 1457.21
2593.73 2296.25
2575.23 2285.06
3126.12 2475.55
2681.41 1832.94
2697.15 2383.37
3095.09 2473.09
   2696 2098.08
2801.16 2135.42
2139.63 2508.43
2685.78 2522.66
 3007.7 2404.39
2654.17 2454.62
3364.06 2251.38
3083.95  2475.7
3548.95 2367.09
2980.07  2351.6
 3298.5 2445.11
3193.54 2385.17
2742.84 2347.31
2618.27 2424.95
2929.55 2254.31
2802.63 2048.26
2600.89 2456.61
3001.68 2398.62
 2828.9 2038.88
2812.89 2100.03
2800.29 2429.75
 2567.3 2282.87
2822.97 2142.67
2913.66 2410.76
1647.12  2625.8
2847.15 2536.96
2622.48 2075.83
2789.15 2455.91
3090.48  2461.6
2423.65 1914.19
2983.47  2349.1
2741.91 2344.49
2819.43 2152.75
3189.47 2407.43
2826.62 2478.42
3100.86 2461.78
2913.06 2288.46
 2995.9 2520.52
3332.94 2442.03
2666.31 2472.27
2788.56 2454.43
2958.43  2521.3
2400.67  1649.4
 3084.1 2485.44
2556.61 2663.83
2565.81 2269.75
2686.79 2082.26
2727.24  2329.1
3314.84 2434.93
2966.97  2468.3
2768.33 2423.18
2962.81 2446.09
2925.69 2419.44
 3059.8 2485.21
3694.22 2395.64
2936.54 2550.39
2922.77 2476.19
 3058.8 2488.15
2809.24 2373.54
 2753.1 2518.42
2631.05 1910.34
3199.13 2378.56
2802.29 2376.64
3133.58 2434.53
1721.86 2595.41
 2975.1 2455.06
2694.47  2507.9
2912.48 2409.91
2731.02 1928.56
2987.84 2515.82
2723.28 2102.41
2823.31 2361.59
2855.51 2557.34
 3068.1 2480.43
 2818.8 2390.43
2690.24 2477.38
3061.41 2420.16
2813.77 2107.57
2318.86 2482.01
2946.88 2483.14
 2980.8 2460.72
2590.13 2240.85
3080.04 2487.88
2757.69 2353.16
 2856.5 2406.99
3093.07 2708.94
2885.27 2404.05
2417.31 1668.44
3694.76  2442.6
3181.15 2402.73
   2816 2474.71
2893.96 2463.09
2819.36  2352.9
2857.28 2468.21
3123.92 2438.45
3484.55 2217.41
3146.07 2303.62
3290.07 2446.34
 2617.6 2641.37
2914.14 2423.54
3332.19 2364.51
3091.02    2441
2415.02 2171.96
3398.78 2441.51
2898.88 2484.62
3010.71 2479.79
2938.67 2472.56
3142.97 2467.16
2809.93 2382.35
2959.47 2434.89
3044.81 2402.62
3425.53 2230.77
   1972 2409.86
2818.48 2024.61
2715.01 1879.65
 3296.8 2454.05
3087.41 2455.14
2783.14 2406.51
2795.43 2347.02
 2863.1 2448.95
3335.62 2444.59
3092.02 2446.57
2816.65 2465.24
2215.54 2437.26
2793.59 2029.78
2774.18  1977.3
3062.14 2499.12
2542.39  2112.6
3322.41 2348.66
3045.96 2402.01
3476.24 2417.58
2831.56 2371.81
2971.15 2490.95
 2575.7 2283.51
2680.97 1810.97
3111.02 2467.09
 1775.1 2273.24
2984.28 2360.56
3012.21 2540.39
3002.98 2489.71
3054.39 2490.82
3091.34 2446.41
3245.32  2267.3
2807.42 2327.69
2863.36 2577.55
3011.48  2469.6
3020.49  2484.6
3329.61 2366.52
3185.63 2391.95
2775.02 2417.82
3080.03 2484.42
2736.16 1917.94
3177.36 2442.97
2876.26 2420.21
3323.79 2359.56
3183.66 2400.37
2807.64 2057.48
3014.52 2413.46
2616.35 1700.46
2237.02 1906.42
2848.89 2415.31
3308.05 2326.09
3179.72  2462.7
3036.43 2490.71
2831.59 2450.03
2774.03 2471.89
2921.03 2408.01
2315.16 1222.29
3012.66 2447.67
 3228.6 2398.33
   3320 2374.38
3548.72 2387.61
 2776.1 2477.49
3204.42 2401.06
2877.31 2418.87
2818.47 2363.59
3053.64 2415.54
 2795.6 2472.41
2979.94 2442.08
4090.12 2452.03
3084.57 2457.06
3971.62 2713.15
3330.29 2323.79
2140.34 2543.63
2926.47 2520.48
2683.63 2457.09
3317.35 2355.16
3331.77 2352.56
3062.32 2463.04
3248.49 2301.19
2900.56 2476.64
3305.15 2438.73
2805.78 2459.64
 3015.9 2404.62
2855.44 2337.53
3385.02 2437.28
 2983.1 2423.84
3089.78 2466.62
3178.91 2460.23
3311.35 2375.87
 3037.1 2487.35
3036.39  2486.6
2988.89 2530.24
3642.32 2436.13
3434.68 2243.92
3661.41 2397.25
3696.79 2477.64
3280.23 2034.91
3078.43 2477.12
3247.47 2282.77
3313.58 2317.38
3210.67 2367.74
3418.98 2438.88
3324.41 2446.46
2861.79 2442.75
3300.89 2297.76
3011.53 2470.85
2737.71 2480.03
 2480.9 1474.05
432.036 2591.15
2527.26 1780.85
3522.27 2199.63
1673.09 2363.88
2469.35 1482.33
2696.82 1848.82
3334.64    2456
2738.13 2335.23
2147.21 2486.26
3203.27 2434.04
3178.19 2398.71
3006.31 2477.73
3079.03 2481.79
2683.12 2433.61
 3013.7 2484.23
 3314.2 2304.15
3499.43 2419.65
3225.45 2293.95
2458.65 2690.36
2573.87 2288.24
3243.28 2399.24
3695.89 2487.21
2841.39 2473.08
