1366.3 2828.7
1408.9 2078.4
632.36 2635.8
1868.1 2723.9
2065.6   2316
1081.3   2508
  2003 2651.3
1905.5 2667.8
606.58 2298.3
  1719 1727.4
2407.3 2259.8
1521.3 1345.4
1797.4 2406.1
  2025 2315.8
1395.5 1955.2
1895.9 2522.2
2065.9 2574.5
1768.7 2299.4
2078.3 2552.6
3678.7 1836.8
1730.7 2204.7
1563.5 2165.3
  2174 2514.3
1734.1 1706.2
1784.7 1456.1
1654.8 2479.8
1973.7   2167
  1555 2108.1
1764.9 1443.7
2077.2 2325.9
1361.8 1045.1
1560.5   2183
1653.4 2449.6
1761.1 2313.6
1884.4 2532.9
1651.5 2500.4
1957.8 2351.9
2008.6 2316.6
1659.1 2299.8
1363.9 2877.6
1308.2 2314.2
1910.5 2686.4
1726.1   1738
2911.7 1891.5
1962.2 2209.6
  1679 2231.7
2270.7 2496.4
  1633 1554.1
  1651 2171.9
2352.2 2340.9
1705.7 2234.8
1690.7 2188.1
1714.5 2295.7
1334.4   2612
2171.9 2415.1
  2026 2538.1
1988.7 2207.2
2123.5 2528.8
2183.8 2494.8
1743.6 2720.1
1794.3 2725.4
1663.3   2170
1681.9 2523.3
1354.5 963.66
1690.1 1259.1
1837.7 2480.5
1621.5 1575.3
1618.6 2173.3
2145.4 2533.3
1938.2 2398.7
588.59 2709.8
2271.3   2503
  1451 2478.7
1509.2 1353.2
1714.9 2197.7
1769.8 1502.8
584.61 2737.5
1357.6 2107.6
2115.7 2352.4
  1014 1944.4
1457.2   1673
1511.6 1331.7
2659.3 2007.9
2123.3   2510
1699.4 1717.8
1876.2 2516.8
3442.2 2387.1
2371.1 2341.1
2090.8 2352.8
1831.9 1982.6
1548.4 2223.4
1339.5 979.63
2018.7 2345.1
1976.9 2699.3
1886.7   2555
1520.2 1298.4
1365.8 1998.6
1672.5 2511.5
1444.9   1661
1588.9 1015.4
2016.2 2310.1
1962.1 2335.8
2137.7 2530.9
1951.6 2343.8
1976.2 2522.4
879.69 2506.7
1411.1 2136.3
1344.1 2089.6
1853.2 2484.1
1970.6 2181.9
3640.3 1968.3
1528.4   1353
2206.1 2468.4
1838.6   2500
1691.5 2231.8
2072.4 2320.2
1703.1 2180.6
601.16 2679.1
1716.9 1739.9
1382.9 2464.1
2183.4 2506.5
  1845 2472.8
1661.3 2243.6
1671.3 1285.5
1671.1 2242.5
1897.6 2612.3
1665.6 1283.6
1772.3 2495.1
1720.4 2657.2
1622.9 2517.2
  1986 2678.3
1915.6 2641.6
2378.9 2323.9
1934.2 2248.7
2021.8 2346.3
1359.2 2090.4
1693.5 2512.1
2421.9 2250.9
2240.7 2516.1
  1471 692.96
1377.6 2117.4
1355.9 2096.4
2249.2 2506.5
1625.3   1174
1506.6 2295.4
2184.3 2499.7
  1554 1682.7
1699.6 1733.6
903.57 2550.5
1490.5 2602.8
2012.5   2328
1445.8   2453
2820.3 1899.2
2161.5 2506.2
3308.1 2203.7
1964.4 2200.1
2643.3 2426.4
2398.4 2269.4
1574.5 2211.8
1399.1 2389.3
1886.2 1973.9
1726.6 1548.2
1376.5 2457.3
2001.4   2314
  1771 1520.4
1727.4 1654.4
  1656 2395.6
1346.4 2092.9
  1732 1743.8
1841.9 2347.5
574.41 2715.4
1732.6 2645.3
1460.2   1658
1638.6 2455.8
2174.7 2470.3
  1271 1417.1
1970.9 2193.7
1573.4 2205.6
1723.9 1766.7
2388.2 2328.1
1697.1 2508.1
2196.1 2470.8
1852.1 2056.7
1990.9 2615.3
2728.8 2417.7
1462.2 2491.6
1637.7 2452.4
  1922 2615.1
1350.5 987.29
2162 2531
1338.4 2889.2
1346.4 2065.9
1545.5 1652.8
1553.7 2172.8
2683.7 2398.5
1935.7 2486.1
1607.6 2381.4
1928.1 2431.8
1862.5 2367.9
  2113 2529.8
3720.7 2283.3
1884.9 2683.9
  1857 2504.6
2111.1 2537.2
1672.5 2265.9
1586.2   2597
  1526 1335.5
2411.4 2251.7
1661.5 2273.5
2265.1 2400.4
615.27 2674.2
1950.5 2453.7
1501.8 2570.7
1839.9 2345.5
1659.3 1332.9
1975.6 2603.3
1591.7 1684.2
1695.5 2237.3
1747.8 2693.5
2129.5 2517.9
1686.4 2304.2
  1495 2503.2
2116.4 2365.4
1726.7 1670.3
1063.6   2506
1899.7 2521.9
  1961 2467.6
1381.2 2002.2
2153.8 2537.1
1595.8 2223.6
  1746 2340.9
2206.3 3091.1
1793.8 2332.7
  1361 1009.6
3722.3 2417.6
2369.8 2316.1
1680.3 2499.3
1807.3 2472.9
  1690 2217.6
1746.3 2484.7
2244.5 2410.7
3139.5 1796.2
2301.2 2062.5
2622.7 2429.8
1411.6 2851.8
1842.3 2378.1
2729.6   2206
2175.9 2417.7
  1190 1896.9
2897.9 2415.7
  1816 2524.3
2017.3 2515.1
1884.9 2496.1
2285.1   2485
  1673 2286.1
1922.2 2404.5
2084.2 2321.9
2981.3 1837.6
774.01 2377.5
  1759 1494.1
1654.6 1246.3
2639.1 2450.7
2168.4 2453.8
1630.5 2342.9
1653.3 2206.3
1755.8 2439.4
2735.5 2424.7
2177.9 2431.9
1681.2 2477.4
967.76 2421.3
1718.4 1512.8
1706.2 1412.9
2118.1   2565
1349.1 1752.4
2706.2 2163.7
2086.5 2320.3
3105.7 2347.7
1707.8 2260.3
1943.8 2541.6
1356.7 2093.1
1633.7 1134.8
2217.3 2484.5
651.05 2165.4
1971.4 2221.6
  2023 2665.4
2002.9 2539.5
2102.4 2543.8
2176.5 2431.5
2528.7 1956.2
1673.8   2161
1762.6 2741.4
2018.6 2489.8
2036.1 2527.3
  2723 2211.6
2380.3 2287.6
1617.8   2369
2153.7 2528.3
1670.8 1310.6
2360.3 2421.8
1778.1 2371.3
2708.9 2193.1
2375.5 2309.8
1731.6 1565.9
2025.1 2350.2
1592.6 973.27
1081.7 1466.4
1733.3 2360.7
2672.5 2104.1
2365.5 2473.6
2067.1   2543
1704.8 2442.1
1615.8 2492.2
1854.8 2340.6
1457.1 446.66
2020.8 2435.3
2477.8 2302.4
2698.6 2233.5
  3307 2261.7
1619 2505
2422.2 2310.7
1779.9 2368.1
1687.7 2242.3
2101.1   2354
1648.6 2493.7
1959.5 2421.8
4786.1 2445.3
2162.6 2458.7
  4471 3153.5
2727.8   2096
905.72 2613.9
1865.1 2611.3
1485.7 2458.4
2693.2 2181.6
2729.3 2173.6
2117.7 2473.8
2531.9 2044.1
1818.7 2505.3
2659.7   2409
1664.2 2464.4
2028.1 2328.2
1749.3 2178.6
  2862 2404.1
1965.7 2376.9
2173.3 2483.1
2363.7 2467.1
2677.1   2238
2068.3 2534.6
2066.9 2532.7
1978.4 2638.8
3572.1 2399.1
  3004 1871.6
3626.8 2287.9
3728.1   2518
2656.2 1377.6
2150.3 2509.7
2531.7 1996.1
2686.9 2080.3
2438.3 2222.5
2951.2 2408.2
2707.4 2429.9
1753.7 2424.8
2657.7 2029.3
2018.7 2492.9
1562.3   2510
1525.2 691.42
104.07 2604.8
1443.5 1146.1
3243.1 1745.9
584.23 2313.9
1507.3  708.6
1640.7 1196.6
2733 2456
1568.8 2185.3
909.29 2510.7
2418.6 2397.9
2363.4 2305.7
2008.9 2509.9
2151.6 2521.6
1485.2 2406.7
2023.1 2526.2
2689.7 2044.9
3169.3 2353.2
2479.2 2027.9
1228.5 2926.4
1353.8 2103.2
  2512 2304.2
3725.5 2545.4
1720.6 2495.9
