1926.8 2548.7
1732.2 2590.2
1491.5 1532.1
1486.5   1844
1531.7 2247.8
1907.2 2548.7
1824.6   2538
1732.2 2607.4
1563.2   2469
  1806 2466.4
1947.8 2574.2
1560.4   1238
  1506 1897.1
1541.3   1906
1796.5 2156.7
1189.6 1756.6
1150.1 1756.2
1853.7   2384
1770.3 1858.6
1733.1 1814.4
1724.1   1986
1742.2 2610.2
1732.3 1972.4
  1728 1973.4
1538.9 1274.2
1558.7 1790.5
1544 2003
  1406 2158.4
2056.4 2450.4
1531.5 2247.6
1808.4 2510.1
1944.8 2553.5
1861.2 2369.7
1551.9 1920.3
1157.3 2357.5
1499.1 1551.7
1568.4 2476.3
2051.8 2481.4
2106.2 2451.8
1869.5 2220.7
2054.3   2459
1528.5 1684.6
  1519 1764.1
1783.8 2058.3
2066.5   2488
1768.4 1864.5
1519.8 2245.8
1177.3 2103.8
1545.7 1992.7
1549.8 1677.5
1852.9 2161.4
1148.1   2403
1598.5 1853.7
  1860 2191.7
  1863 2231.9
1686.5 1920.5
2208.2   2218
1800.8   2122
1801.6 2538.1
2106.5   2448
1737.6 2300.8
  1886 2529.3
1740.3 1971.5
1558.8 1784.4
2026.7 2414.7
  1519 2246.5
2056.3 2493.8
1494.4   2447
1679.3 1646.6
1926.7 2470.9
1141.1 2409.5
1862.6 2201.7
2040.4 2487.1
1510.8 2492.4
1629.6 1575.7
1731.4 2598.4
1942.5 2313.6
1600.1 1781.6
1651.9 2039.6
1710.4 1740.3
1673.4 1688.4
1094.6 2407.1
1889.7 2522.5
1534.7 1667.7
1580.6 2208.2
1175.7 2040.8
1558.8   2440
1502.9 1803.8
2078.7 2479.6
  1025 2399.3
1969.6 2455.9
  1506 1547.9
2073.2 2478.9
1900.7 2312.3
1508.1   1876
2005.4 2414.3
1620.7 2002.1
1814.1 2542.4
1853.7 2196.8
1532.1   1636
1639.2 1863.1
1894.4 2554.6
1623.9 2038.7
1989.7   2477
1917.4 2547.6
1744.7 2161.1
1812.3   2571
1514.6 1520.1
2015.5 2364.4
  1812 2096.6
1866.1 2201.7
1512.1 1885.3
1855.1 2226.5
1649.8 1863.8
1071.8 2406.8
1443.1 1807.7
1145.3 2401.8
2075.4   2461
1719.8 1980.3
1030.1 2405.1
1791.6 2065.4
  1638 1838.8
1394.2 2421.1
  2086 2451.2
1585.5 1774.2
2839.3 2468.2
1969.8 2435.7
2036.6 2474.2
1458.4 1604.7
1750.3 1841.2
1612.5 1860.8
1780.1 2107.3
  1816 2514.1
2004.4   2451
2076.7 2448.7
1814.5 2566.1
1852.3 2233.8
  2025 2451.7
1778.6   2444
1691.2 1913.6
1506.3 1534.2
2516.7 2433.9
  1165 2357.2
1970.2 2473.4
1177.1 1715.2
1544.7 2461.5
1964.6 2313.8
1694.5 2307.8
1630.7   2048
2015.9 2363.2
  1698 1745.6
2097.1 2471.4
1488.6 1945.9
1151.5 2320.8
1555.8   1929
1497.1 1424.6
1997.4 2587.5
1414.4 2061.4
1615.8 2415.4
1533.8 2484.3
1509.7 1547.6
  1961 2473.4
1661.4 1656.5
1833.6 2453.7
1467.7 1545.8
1913.9 2489.8
1871.2 2228.1
  1793 2534.7
3360.5 2370.3
1550.5 1998.7
  1140 2516.4
1717.4 1941.7
1546.6 1682.6
1137.7 1979.5
2095.5 2459.2
2366.2   2425
1149.4   2322
1780.7 2112.5
1870.5 2201.1
1164.9 2096.9
2039.7 2459.7
1784.1 2132.2
1573.6 1801.4
1977.1 2425.4
1745.8 2440.3
1645.7 1877.9
1749.8 2131.3
1561.8 1969.8
1549.4 1695.9
1716.5 1841.9
  1823 2452.1
1857.3 2346.2
2076.5 2451.9
1133.2 2022.9
  1573 1982.9
1982.4   2474
2162.4 2408.5
  1519 2249.8
1925.7   2284
1719.7 1967.3
  1093 1758.8
1592.7 2042.2
2036.2   2460
1918.8 2531.6
1554.5 2473.5
1556.5 2476.5
3066.3 2471.2
1723.2 2027.8
1536.3 2180.8
1976.3 2477.9
1186.9 2082.1
2017.2 2417.2
1037.4   2296
  1628 2411.2
1695.3 1767.8
1593.7 1791.4
2094.7 2502.4
1838.7 2378.7
2066.8 2479.8
2114.3 2368.6
1583.2 1467.2
1609.2 1900.6
1742.3 2171.4
1549.5 1819.8
1958.9 2479.5
1682.8 1710.1
1778.2   2457
1743.5   1837
1699 1738
1754.4 2388.9
1726.3   1837
1088.2   1745
1996.6 2479.9
2175.9 2420.7
  1739 1856.7
1101.6 2400.3
3076.2 2481.4
1639.2 2519.8
1962.8 2443.7
2317.9 2426.8
1921.1   2317
2005.3 2445.4
1630.2 1565.5
1613.5   1863
1561.7   2232
  1642 1831.3
1952.8 2538.8
1916.6 2528.1
1067.3 2511.4
2309.7 2412.7
1734.2   1998
1483.6 1468.8
  1629 1631.3
1899.8 2528.6
1217.9 1619.5
1238.3   1526
1398.5 2377.7
1996.7 2472.2
1533.4 1646.8
1512.9 1397.1
  1578 1975.9
1741.6 2191.7
1339.9 1525.3
  1808 2564.4
1898.5 2472.6
1034.2 2338.9
  1591 1491.8
1799.1 2459.7
1552.9 2200.5
  1965 2325.3
1625.8 1949.9
3068.8 2455.8
1735.2 1898.6
1155.7 2329.8
1945.5 2633.1
1782.3 2351.8
1905.9 2609.5
1702.7 1784.6
1216.1 1664.8
1145.6 2323.1
2546.9 1963.6
1559.8   1949
1738.9 2448.1
1708.7 2016.3
1247.7 1522.5
2002.6 2377.9
1793.1 2452.2
1120.9 1639.6
  1780 2033.4
1834.8   2444
1177.8 1652.8
  1471 1583.5
1144.7 1954.9
3065.9 2027.5
1506.3 1554.4
1636.5 1578.8
1166.8   1679
1421.5   2056
2087.4 2450.5
1162.2   1974
3236.9 2247.3
1291.5 1621.3
1441.4 1793.5
  1474 1526.2
  1546 2448.9
1211.6 1521.3
1859.9 2326.8
1755.3 2069.8
1845.8 2168.5
  1551 2509.8
  1520 1723.8
1199.4 2104.3
1467.9 1461.5
1358.7 1525.3
2011.4 2390.7
2024.1 2375.8
1242.7 1464.5
1951.6 2315.1
1498.6 1350.8
2175.5 2377.3
1583.6   1780
1551.2 2493.3
1803.6 2452.5
1162.5   1708
2092.6 2483.8
1679.1 1927.5
2522.8 2428.3
1142.5 2399.8
  1551 1811.5
1524.6 2235.6
1526.6 2167.4
1062.9 1984.9
1138.1   2326
  1510 1423.7
1241.6 1410.2
1810.1 2519.7
1665.3 1667.7
1713.1 1962.9
1671.4   2037
1546.6 2286.8
1837.6   2375
1386.2 1529.5
1556.3 2004.8
1611.9 2010.3
2042.2 2499.4
1426.5 1591.6
1040.7 2406.3
1335.4   1460
1608.7 1506.7
1726.2 1803.7
1317.2   1654
2016.6 2445.7
3132.5 2630.7
1557.4 2524.8
1758.3 2348.4
1802.1 2093.1
2840.7 2443.7
1777.4 2460.9
2102.1   2503
1575.1 2039.8
1474.6 2038.8
1399.2 2334.7
1789.3 2510.4
2015.7 2405.7
1127.7 2013.6
1198.1 1652.9
1070.8 2362.9
1964.5 2426.1
4023.3 1885.1
1465.1 1550.9
1481.4 1352.9
1586.1 1722.2
1605.9 1499.8
1916.9 2556.3
1958.7 2446.9
1175.3 1645.2
1957.7 2441.3
1894.4 2304.5
1545.7 1939.1
1969.2 2466.1
  1571 1700.2
1978.6 2434.1
1872.3 2482.7
1772.9 2502.8
  1093 1910.2
1682.6 2607.9
1407.2 1472.9
1444.2 1603.4
1597.1   1508
1245.2 1397.6
1410.2 1384.8
1788.5 2466.2
1932.4 2522.5
1716.5 1907.5
1682.4 2580.9
1387.8 1474.4
2017.3 2383.9
1440.3 1594.6
  1772 2345.7
1542.1 1824.9
1644.2 1968.4
  2864 2468.6
  1706 2025.9
1781.9 2372.9
2074.1 2366.8
1921.5 2476.4
1163.9   1768
1682.5 1706.3
1781.7 2130.6
1075.6 2281.7
  1190 1565.2
  1332 1448.3
1977.4 2335.9
1686.2 1723.8
1381.8 1541.3
1201.3 1524.4
1116 2402
1697.4 1759.2
1439.9 1592.4
1838.5 2484.1
1683.2 1713.5
1579.6 2499.8
1384.6 1475.2
2015.3 2428.8
4813.2 1952.8
  2862 2454.7
1569.9 2035.6
1813.1   2134
1036.8 2268.6
1415.8 1409.1
2896.3   2421
1649.7 1626.3
1215.3 1680.3
1783.5 2011.3
1151.1   1713
1959.1 2358.8
1227.3 1570.1
1946.7 2332.2
1158.4 2303.3
  1118 2401.1
1630.6 1896.8
1604.9 1823.4
1324.7 1556.7
2019.5 2380.9
3085.5 2472.7
  1653 1678.8
1153.9 1709.7
1434.1 1604.8
1486.9   1542
1994.7 2465.3
1957.1 2407.4
2144.3 2430.5
1119.6   2263
1516 2503
1154.7 2287.5
1656.1 1631.6
1306.1 1479.7
1024.1 2498.8
3076.8 2496.2
1518.5 2173.3
1323.6 1551.5
  1350 1474.3
1568.8 1824.7
1993.3 2454.5
1636.9 1822.5
1909.2 2538.7
1558.7 1746.7
1531.7 1942.9
3078.8 2457.2
1699.7 1811.5
1370.8 1658.3
1963.2 2460.8
1602.7 1600.7
1783.6 2502.7
3408.3 2365.4
2532.4 2365.7
1553.7 1756.7
2145.7 2371.4
2364.2 2372.9
1544.4 2192.1
1511.1 2206.4
  2156 2401.8
2015.3 2479.5
1511.3 2193.1
3069.6 2489.2
1790.6 2434.5
1190.4 1774.9
1704.1   1787
1554.7 1949.4
  1681 2597.2
2046.5 2434.4
1838.9 2436.6
1210.2 1392.1
1320.9 1534.9
  2100 2374.5
3219.7 1827.1
1594.6 1371.8
1517.3 2213.6
