3002.29 2498.49
 2827.1 2528.64
2421.65 1720.36
2867.95 2300.14
 2733.3 2352.63
2989.31 2498.54
2922.11 2494.99
2826.42 2538.93
2662.62 2456.04
2932.52 2460.11
3015.72 2510.53
2429.58 1460.77
2548.91 2061.54
2628.38 2103.69
2920.58 2317.69
1942.54 1796.73
1851.83 1775.73
2967.23 2425.53
2881.89 2163.39
2845.27 2128.84
2850.94  2218.9
2835.46  2540.3
2856.95 2212.99
2853.56 2212.59
2412.83 1491.43
2788.87 2182.47
2645.32  2169.6
2397.45 2214.85
3083.29 2455.82
 2833.1 2387.22
2909.26 2480.86
3013.16 2501.02
2971.79 2419.46
2709.46 2169.64
1967.13 2350.38
2440.68 1745.11
2668.38 2460.92
3081.29 2468.02
3107.27 2457.39
 2975.3 2355.69
3082.18 2459.21
2545.44 1908.03
2546.41 1965.21
 2906.2 2268.31
3088.47 2470.47
2880.57  2165.7
 2783.8 2371.84
1988.78 2125.17
2793.25 2268.14
2576.96 1915.29
2962.49 2327.87
1948.02 2390.85
2819.35 2212.47
2968.13 2342.07
2970.96 2360.01
2809.53  2171.9
3154.82 2367.39
2922.62 2301.77
2903.98 2495.57
3107.41 2456.07
2876.85 2378.75
2974.94 2489.28
 2863.2 2212.98
 2728.1 2119.59
3068.26 2443.26
2827.34 2386.85
3083.21 2472.67
2574.09 2440.82
2763.65 1995.26
3014.36  2463.8
1931.31 2395.73
2969.34 2346.38
3075.12 2470.26
2604.45 2471.03
2686.99 1910.17
2826.02 2533.36
3023.56 2402.65
2686.04 2042.13
2784.92 2230.37
 2812.8 2073.94
2764.77 2023.13
1829.69 2391.34
2977.16 2486.49
 2550.3 1895.87
2822.88 2358.53
1976.13 2066.25
2644.16 2437.34
2525.56 1984.71
3094.36  2467.6
1658.89 2379.65
3038.57 2458.17
2450.13 1744.94
3091.71 2466.89
3000.95 2401.36
2549.24 2046.48
3057.71 2442.98
2746.33 2199.22
2913.84 2497.54
2964.18 2344.14
2540.13 1869.82
2751.55 2120.58
2979.33 2501.78
2751.51 2220.31
3048.93 2466.39
2996.42 2498.04
2877.81 2310.95
2911.67 2513.01
2452.87 1720.06
3062.62  2424.3
2929.21 2289.97
2971.09 2346.46
2554.83 2053.03
2965.55 2357.03
2761.42 2122.27
1774.66 2389.65
2408.18 1941.85
1942.36 2389.73
3092.59 2460.67
2847.52 2215.21
1675.37 2385.21
2912.11 2272.18
2748.65 2105.51
2390.92 2415.83
3097.45 2457.18
2670.19 2035.07
3537.23 2460.33
3038.71 2450.56
3073.18 2465.35
2388.34 1771.13
2861.27 2146.45
2782.91 2171.79
2905.36 2291.28
2915.44 2483.04
3057.21  2456.8
3092.93 2455.89
2912.23 2510.31
2964.26 2360.11
3067.43 2456.98
 2912.3 2449.48
2813.28 2169.13
2446.59 1732.02
3352.77 2444.87
 1983.8 2350.74
3038.55 2465.01
1905.23 1748.94
2628.32  2450.6
 3035.4 2402.92
2840.86  2379.1
2758.08 2225.97
3062.85 2423.64
 2803.9 2075.24
3103.71 2464.12
 2526.8 2088.73
1954.66 2317.12
2739.07 2194.91
2396.89 1618.65
3046.38 2516.67
2400.58 2140.48
2148.65 2341.52
2628.21 2465.92
2456.63 1747.97
3033.41 2465.02
2749.09 1998.16
2952.89 2454.86
2386.78 1720.38
 3007.4 2471.94
 2976.2 2359.04
2897.37 2493.89
4882.84  2321.7
2796.66 2271.01
1928.91  2492.3
2843.24 2194.46
2574.26 1918.67
1884.12 1995.94
3102.51 2459.62
3245.14 2444.92
1950.89 2317.56
2905.85 2293.74
2973.96 2346.44
1958.73 2114.74
3075.27 2460.78
 2908.5 2303.29
2799.86 2188.66
3042.26 2446.31
2885.13 2446.82
2811.67 2184.81
2880.55 2297.26
2665.22 2155.08
2580.52 1930.45
2833.77 2140.44
2945.77 2453.97
2969.25 2409.49
 3092.5 2457.11
1884.38 2037.81
2678.58 2165.41
3045.05 2465.42
3134.81 2441.16
2826.97 2388.49
3014.47 2390.79
2846.32 2208.73
1714.37 1746.77
2825.65 2291.25
3073.68 2460.24
2996.54 2490.58
2653.15 2458.61
2654.47 2461.38
3641.87 2462.59
2852.96 2240.35
2794.05 2345.86
 3041.8 2466.68
2008.86 2107.73
3063.59 2444.11
1687.16 2278.92
2189.01 2337.27
 2803.8 2088.02
2680.28 2047.17
 3103.2 2476.37
 2956.8 2422.31
3088.68 2467.12
 3110.8 2426.74
2578.34  1763.2
2767.02 2175.26
2876.71 2316.65
2785.14 2194.76
3032.48 2467.64
2781.78 2046.26
 2912.6 2455.42
2855.85 2143.08
2667.24 1876.26
2892.25 2422.42
2841.84 2140.07
 1704.9 1733.64
3052.99 2467.58
3142.43 2445.18
2854.11 2153.02
1844.65 2385.28
3646.44 2467.25
2786.41 2486.04
3034.79 2453.39
3221.69 2445.44
3012.09 2402.51
3057.61 2454.65
2685.64 1902.89
2722.39 2110.36
2811.48 2367.51
2751.94 2103.06
3018.91 2493.33
2995.41 2488.87
1758.59 2488.89
3217.12 2439.49
2859.04 2225.98
 2389.5 1654.71
 2703.6 1960.51
 2984.2 2489.11
1965.29 1673.76
1967.43 1579.15
2396.98 2382.69
 3053.1 2464.69
2544.37 1879.17
2415.02 1601.89
2813.48 2263.46
2876.32 2326.58
2165.9 1636.6
2908.01 2509.44
2997.35 2463.82
1680.89  2320.6
2617.07 1819.86
2928.72 2457.35
2804.73 2354.44
3035.44 2407.72
2746.73 2169.53
3642.92 2455.38
2854.33 2174.54
1963.57 2325.34
3001.45 2548.42
2913.69 2407.35
2978.71 2532.85
2810.58 2096.93
1977.19 1721.06
1941.34 2318.01
3356.65 2225.85
2661.52  2141.9
2879.25 2450.53
2840.82 2232.07
1984.97 1580.57
3056.28  2429.4
2922.94 2453.61
1746.77 1633.84
2902.05 2254.95
2954.11 2451.16
1884.59 1683.17
2402.21 1757.11
1898.52 1976.22
7697.27 631.901
2451.19 1749.76
2695.55 1915.38
1868.14 1704.31
2410.56 2137.32
   3099 2456.65
1938.76  1999.8
4062.67 2296.82
 2112.2 1714.38
2401.48 1928.32
2391.09 1705.55
2629.94 2442.49
1906.34 1555.88
2970.67 2400.91
 2884.7 2269.84
2958.21 2330.03
2649.06 2482.06
 2537.5 1932.13
2034.25 2130.96
2361.45 1639.02
2199.87 1646.87
3060.81 2434.07
3066.94 2428.71
1951.81 1513.21
3028.53 2403.25
2374.92 1545.05
   3142 2428.68
2671.21 2040.43
2649.55 2471.57
2931.73 2454.27
1868.18  1732.9
3102.47 2468.71
2804.17  2175.2
3356.38 2441.98
1933.26 2387.25
2785.08 2190.96
 2786.9 2367.67
2600.63 2254.87
1708.15 1975.15
1925.85 2319.98
2415.33 1623.57
1926.95 1450.65
2911.62 2485.73
2754.21  2006.9
2841.07 2206.37
 2805.8 2234.47
2668.77 2348.18
2955.89 2421.08
2249.09  1665.5
2800.68 2273.63
2830.24 2274.27
3075.95 2475.15
2334.73 1744.49
1697.47 2387.44
2136.94 1567.43
 2643.8 1841.74
2838.76 2121.36
2170.15 1759.02
3063.15 2454.54
 3923.8 2561.49
2655.24 2491.36
2894.76 2404.02
 2922.7 2288.28
3537.32 2449.06
2909.98 2457.28
3107.25 2476.65
2813.96 2289.22
2519.22 2153.99
2395.64 2349.71
 2896.1 2480.89
3064.15 2440.65
1867.82 2026.48
1929.61 1694.93
1773.39 2347.02
3035.73  2446.1
4093.59 2188.18
2384.89 1723.93
2348.55 1537.15
2664.01 2000.28
2794.99 2058.57
2995.34 2502.74
3032.57 2454.86
1875.47 1673.15
3032.32 2452.35
2997.21 2398.19
2780.89 2238.23
3038.51 2461.99
2610.73 1943.69
3042.77 2450.02
2981.38 2468.01
2881.53 2476.84
1762.39 1909.82
2780.07 2540.46
2268.65 1620.52
2366.04 1764.45
2632.09 1840.48
1929.05 1438.49
2241.31 1529.13
2918.85 2460.18
3005.59 2486.01
2840.03 2176.92
 2781.5 2524.28
2234.81 1611.48
3063.57 2431.99
2357.38 1753.52
2905.87 2403.25
2780.12 2195.44
2701.95 2123.76
 3549.5 2460.36
2839.21 2237.44
2914.72 2416.96
 3091.5 2425.61
 3011.4 2465.85
1884.85 1793.78
2781.35 2042.73
 2905.9 2301.77
1786.11 2270.67
1879.11 1593.87
2126.5 1553.2
3042.28 2411.72
2789.1 2058.3
2244.18 1673.73
1884.3 1552.9
1879.59 2388.04
2803.76 2082.19
2355.85 1751.16
2956.83 2468.67
2635.63  1840.9
2680.88 2475.74
2229.32 1610.16
3062.64 2448.43
4140.11 2275.54
   3548 2453.87
2811.22 2287.94
2930.61 2307.87
1684.98 2252.28
2261.76 1559.75
3565.38 2438.71
2703.96 1934.24
1980.52 1736.62
2901.92 2243.08
1843.86  1732.4
3032.71 2420.43
1962.03 1622.68
3026.47 2409.76
1967.74 2301.66
   1886 2387.08
2800.94 2192.21
2775.19 2152.29
2150.56 1663.05
3065.02 2430.51
3651.45 2463.15
2742.65 2009.55
1846.81 1729.49
2349.43 1760.33
2415.18 1725.94
3052.07 2462.14
3031.78 2439.26
3125.93 2449.65
1881.68 2259.16
2610.01 2477.99
1958.51 2287.03
 2621.3 1811.62
2087.57 1570.46
1657.26 2478.18
3646.56 2473.71
2622.06 2271.69
2146.14 1655.96
2168.14 1590.24
2798.64 2198.25
3051.29 2457.94
2801.49 2157.19
2990.54 2493.67
2724.67 2099.47
2715.79 2196.87
3647.84 2456.12
2811.64 2113.26
2259.88 1782.85
3035.25 2459.97
 2745.5 2029.33
2891.71 2476.51
5106.69 2302.73
3353.49 2414.62
2783.63 2167.49
3126.46 2427.49
3243.89 2423.23
2799.59 2350.72
2610.76 2290.21
3131.99 2438.31
3062.47 2467.65
 2613.8 2283.01
3643.26 2470.39
2919.68 2445.56
 1945.1 1812.83
2812.55 2100.61
2797.37 2251.07
2779.57 2533.91
3078.35 2450.32
 2957.8 2447.75
1846.45 1404.43
2136.34 1639.17
3104.37 2428.88
4008.45 2009.12
2493.55 1571.68
2781.44  2358.2
