3034.21 2490.15
2929.46 2507.71
 2726.4 2053.43
2754.45 2197.77
2805.43 2371.24
3024.25 2490.29
2981.08 2486.89
2929.23 2514.36
2828.34 2461.23
2971.32 2459.93
3044.55 2499.36
2733.91 1912.34
2771.93 2222.55
2796.48 2228.79
2962.16 2341.93
2507.03 2126.59
2469.85 2121.26
2996.63 2429.06
2935.11 2222.98
2910.85 2202.53
2915.01 2272.17
2934.87 2515.29
2919.14 2267.08
2916.69 2267.28
2723.98 1928.32
2799.72 2179.84
2804.05 2270.23
2715.57 2329.78
3097.64 2453.99
2805.29 2371.16
 2972.5 2476.45
3043.22 2491.78
3000.48 2423.76
2804.46  2235.6
2520.26 2410.72
2734.38  2063.9
2831.65 2464.16
3095.45 2465.12
3120.74 2454.51
3002.84 2367.99
3096.65 2457.08
2769.78 2129.65
2770.51  2164.8
2952.02 2303.32
3102.34 2467.46
2934.36 2225.28
2797.52 2370.13
2528.25 2293.92
2804.62 2265.98
2783.77 2128.47
2992.76 2345.19
2512.54 2431.56
2830.53  2210.2
2997.24 2356.85
2999.64 2372.09
2889.43 2243.64
3164.61 2372.66
2963.54 2328.66
2968.64 2487.09
3120.87 2453.16
2932.25 2396.25
3013.48 2483.23
2923.73  2267.1
 2799.3 2177.16
3083.51  2441.1
  2797 2370.4
3097.54 2469.56
2783.16 2452.31
2865.55 2126.51
3034.48 2461.49
2506.22  2434.5
2998.83 2360.69
3090.06 2467.19
2794.07 2470.87
2827.04  2089.8
 2928.9 2510.89
3041.65 2403.68
2826.31 2179.19
2874.36 2290.59
2892.21 2169.74
2865.45  2144.4
2462.72 2432.98
3015.43 2480.69
2772.42  2122.5
2836.02 2356.38
2522.59 2264.11
2825.52 2449.55
2762.69  2181.2
3108.04 2464.43
2393.65 2428.53
3055.89 2455.96
2738.92  2062.9
3105.48 2464.19
3020.44 2402.73
2771.88 2213.49
3073.28 2440.89
2853.35 2273.79
2975.39 2488.63
2994.02 2358.64
2767.38 2107.59
  2857 2216.9
3017.64 2492.58
2857.07 2288.98
3065.72 2463.63
3029.46 2489.81
2933.31 2342.22
2974.16 2499.46
2741.71 2050.47
3077.91 2422.87
2968.89 2319.18
3000.67 2360.76
2775.29 2217.84
2995.37  2369.9
2863.65 2217.87
2440.65 2432.62
2720.33 2177.87
2509.98 2430.98
3106.52 2457.79
2912.23 2269.68
2398.94 2431.39
2956.61 2306.37
2854.64 2206.53
2712.82 2441.23
3111.44 2454.29
2816.19 2174.81
3409.18 2459.93
3055.97 2448.59
3088.28 2462.55
 2710.8 2084.61
2922.57 2214.68
2839.99 2214.17
2951.63 2322.32
2976.59 2477.92
3072.86 2454.19
3107.13 2453.39
 2975.4 2497.58
2994.03  2372.6
3082.76 2454.45
2956.32 2451.43
2891.88 2241.06
2737.46  2056.3
   3292 2448.63
2527.16 2410.71
3056.17 2462.35
2489.93 2103.77
2816.43 2458.22
3052.66    2404
 2907.5 2398.34
 2861.7 2293.08
 3078.1 2422.43
 2885.1 2171.09
3116.55 2461.48
2763.17 2242.59
2514.26 2393.67
2807.59 2239.56
2716.05 2000.54
3068.85 2503.76
2717.19 2288.31
2861.3 2439.9
2809.28 2467.48
2741.55  2063.2
3051.63 2462.36
2855.18 2129.32
2986.18 2455.14
2710.52 2057.13
3027.96 2468.48
3003.87 2370.81
2963.97 2485.86
3580.22 2429.24
2808.12 2268.77
2505.08 2483.94
2908.93 2253.94
2782.07 2130.48
2482.67 2231.59
3115.82 2457.14
3232.67 2445.44
2512.38 2394.17
2952.13 2324.36
3002.97 2360.63
2516.65  2289.9
3089.76 2457.33
2954.62 2332.11
2810.48 2185.78
3059.54 2444.85
2938.01 2449.98
2861.99 2223.54
2935.34 2330.73
2813.95 2257.21
2785.25 2136.79
2902.76 2212.91
2980.51 2454.53
2998.23 2414.93
3107.03 2454.53
2482.09 2252.29
2821.97 2263.34
3062.16 2462.55
3146.04 2439.29
2797.08 2371.75
3032.83 2392.55
2911.55 2264.43
2413.89 2114.78
2837.6   2289
 3088.1 2457.44
3030.27 2483.89
2822.75 2463.06
2824.03 2464.26
3485.69 2460.81
2916.32 2288.89
2806.56 2343.87
3059.16 2463.98
2535.45 2284.35
3078.97 2441.98
2404.05 2378.75
2868.77 2438.29
2885.08 2180.36
 2822.9 2182.97
3115.39 2472.53
2988.65 2426.98
3102.49 2464.52
3124.19 2424.97
2783.57 2033.27
2840.45 2230.83
2932.23 2346.17
2795.84 2191.98
3050.58 2464.59
2873.05 2154.62
2956.11 2456.38
2918.36 2212.54
2885.14 2167.91
2942.65 2430.31
2908.26 2211.49
2407.01 2106.79
3069.07 2464.67
3152.07 2443.61
2916.91 2220.39
2469.33 2429.85
3488.94 2464.04
2875.48 2481.15
3052.52 2451.51
3212.86 2445.99
3030.9 2404.7
3073.29 2452.16
2826.38 2085.16
2840.77 2215.18
2824.56 2365.54
2856.64 2203.62
3047.31 2486.33
3029.18 2482.61
2436.18 2482.37
3209.43 2441.13
2921.41 2277.45
 2712.2 2021.01
2832.13 2115.07
 3020.6 2482.89
2514.02 2059.86
2517.81 2013.34
2715.62  2422.9
3069.12 2461.88
2769.41 2112.73
2723.81 1988.78
2824.83 2260.68
2932.36 2354.06
2606.75 2029.15
2971.9   2497
3020.13 2462.15
   2402 2399.44
2791.93  2046.1
2967.57  2457.4
2818.01 2352.46
3052.97 2408.21
2853.81 2252.45
3486.51 2455.94
2917.07 2237.34
2518.27 2397.92
3042.73 2521.07
2957.88 2416.35
3022.99 2512.85
2890.74    2188
2519.02 2083.19
2508.95 2394.59
3298.47  2290.2
2811.43  2248.3
2934.11 2452.96
2907.35 2283.66
2525.82 2013.03
3071.77 2427.68
 2964.3 2454.56
2423.83 2055.26
2948.96  2293.4
2986.82 2451.49
2481.59 2071.31
2717.62 2075.88
2487.03 2220.21
3483.69 2319.02
2739.92 2066.08
2831.86 2091.92
2475.02 2083.46
2722.06 2286.34
3112.09 2454.04
2504.98 2231.06
3540.69 2390.39
2579.63 2071.46
2717.83 2171.25
2712.71  2048.3
2817.27 2453.13
2492.14  2006.2
2999.41 2407.69
 2936.4 2306.79
2989.16 2347.72
2820.34 2477.72
2767.59 2146.71
2547.86 2295.48
2699.36 2015.13
2622.34 2031.94
3076.09 2432.37
 3082.1 2427.04
2511.08 1980.48
3046.22 2404.33
2706.06 1962.56
3151.74 2428.37
2815.4 2177.2
2820.56 2471.06
2970.02 2454.68
2475.1   2098
3114.46  2465.9
2885.36 2246.11
3294.33 2446.77
2507.41 2430.03
2796.21 2188.46
2800.44 2366.06
2799.72 2338.02
2410.11 2227.41
2502.16 2395.76
 2725.5 2001.93
2499.79 1949.82
2973.37 2480.07
2858.62 2134.61
2907.46 2262.33
2886.07 2290.38
2816.02 2387.48
2988.04 2425.58
2645.28 2038.06
2812.25 2271.64
2848.23 2276.74
3090.88 2471.61
2685.12 2074.38
2409.72 2432.08
2592.67  1994.1
2805.68 2055.29
2906.08 2197.62
2605.72 2091.36
3078.73 2452.28
3507.07 2511.18
2824.36 2483.73
2944.51 2414.82
2963.35 2317.51
3409.66 2452.04
2955.66 2457.87
3118.79 2472.72
2826.21 2287.18
2758.87 2281.75
2715.56 2404.71
2962.08 2476.66
3078.22 2437.81
2476.14 2247.33
2500.7 2074.4
2439.07 2411.72
3053.34 2445.08
3789.08 2274.61
2709.22  2059.3
2693.28 1960.93
2812.27 2151.91
   2803 2051.68
3029.14 2493.03
 3050.5 2452.67
2478.06 2066.92
   3050 2450.62
3017.11 2399.76
2801.52 2243.24
3055.68 2459.69
2800.26 2140.73
3060.29 2448.02
3006.56 2465.95
2953.07 2473.84
2432.72 2192.85
2900.46 2515.28
2653.83 2012.13
2700.01 2082.29
2797.99 2054.57
2500.69 1943.36
2642.33 1966.28
2961.77 2459.87
3037.19 2480.46
2906.59 2239.95
2900.72 2504.72
2638.47 2009.98
3078.89 2429.93
   2696 2077.55
2952.12 2413.92
2791.25 2193.65
2866.23 2261.09
 3417.7 2460.05
2906.18  2287.4
2957.84 2424.38
3105.65  2424.1
3031.85 2463.52
2484.51 2129.11
2872.56 2152.95
2953.24 2331.42
2441.67 2373.12
2479.19 2026.41
2587.82 1987.27
3059.18 2412.21
2876.22 2160.82
2643.41 2043.43
2482.91 2006.08
2482.93 2430.79
2885.73 2176.85
2695.43 2076.43
2988.76 2466.55
2873.56 2156.13
2838.68 2473.54
2635.99 2009.91
3078.09 2446.17
4061.79 2286.46
3417.01 2455.58
2822.66 2285.19
2970.62 2333.65
2402.48 2365.43
2650.82 1980.14
3428.75 2444.78
   2845 2114.77
2520.46 2091.07
2950.03 2284.83
2464.87 2098.99
3050.34 2420.44
2514.96 2035.19
3043.95 2410.57
2520.06 2385.76
2484.79 2430.39
2853.73 2230.54
2832.53 2197.65
2598.64 2043.12
3079.93 2428.86
3491.99 2461.28
2851.81 2138.45
 2467.1 2097.67
2692.54 2081.75
2724.26 2057.69
3068.16 2459.38
3049.62 2438.22
3138 2447
2483.15 2365.78
2797.47 2475.17
2516.27 2378.35
2849.57 2117.74
 2570.7 1999.79
2392.87 2476.74
3489.13 2468.72
2794.53 2340.19
2596.95 2040.27
2607.32 2004.05
2809.07 2195.57
3067.48 2455.46
2852.84 2199.52
3025.34 2486.57
 2796.1 2160.45
 2792.4 2244.01
 3489.8 2456.38
2890.76 2199.14
2649.85 2100.14
3052.73 2457.75
2811.84 2098.55
2958.99 2473.76
3595.27 2427.75
3297.83 2425.93
2793.58 2164.47
3138.42 2426.14
3231.71 2427.69
2812.23 2348.77
2790.64 2353.65
3143.17 2436.91
3078.09  2464.5
2790.37 2348.15
3486.77 2466.51
2962.91 2447.84
2510.05 2135.93
2891.75 2189.12
 2808.1 2248.17
2899.67 2511.12
3092.96 2448.24
2988.99 2448.72
2466.07 1933.08
2592.18 2031.27
3117.68 2426.99
3532.49 2254.46
2778.97 1987.55
2794.99 2356.81
