1865.1 2569.8
1564.1 2636.2
1255.3 1038.5
1639.7 2064.4
  1428 2210.1
1840.5 2569.3
1718.7 2556.9
1563.9 2661.6
1327.2 2456.1
1736.1 2466.7
1891.6 2602.8
1397.7 639.48
1257.9 1611.3
1341.9 1672.7
1725.8 2100.1
795.79 1361.6
740.77 1362.3
  1799 2375.6
1694.9 1728.2
1645.5 1658.6
1628.9 1869.4
1578.2 2665.8
1640.1 1853.7
1634.7 1853.6
1362.2  691.7
1541.5 1799.6
1344.4 1809.5
1052.7   1962
2026.1 2455.5
1573.2 2284.9
1696 2520
1886.1 2577.1
1807.6 2359.4
1430.2 1792.2
687.89 2271.5
1264.6 1070.5
1334.7 2467.4
  2022 2489.3
  2077 2459.9
  1819 2191.1
2023.8 2464.9
1312.4 1312.5
1290.1 1421.3
1709.7 1978.1
2037.1 2496.2
  1692 1734.1
1499.1 2251.2
733.42 1879.6
  1528 2000.1
1347.9 1312.8
  1799 2120.1
673.31 2342.9
1580.4 1861.9
1807.4 2156.3
1810.5 2202.9
  1576 1769.3
2186.4   2204
1731.9 2059.3
1687.5 2557.6
2077.3 2456.2
1644.4 2260.2
1813.3 2544.1
1650.3 1852.1
1471.2 1675.4
  1995 2420.9
1564.2 2284.4
2026.1 2502.2
  1218 2422.2
1568.4 1394.3
1887.3   2477
662.46   2352
1809.1 2167.4
2009.2 2495.4
1254.3 2489.9
1494.7 1254.8
1562.8 2647.8
1906.8 2311.9
1439.3   1523
1523.5 1912.4
1612.9 1545.3
1558.9 1452.8
   601 2348.4
1817.3 2536.8
1323.5 1287.6
1559.8 2214.9
737.83   1783
1303.7 2413.2
1257.9 1467.2
2049.5 2488.3
508.75 2336.2
1934.8 2461.9
1275.3 1065.7
2043.9 2486.3
1863.2 2309.8
1263.4 1580.8
1973.4 2420.3
1474.4 1849.4
1704.5 2563.1
1799.9 2162.2
1322.6 1243.7
1504.6 1670.1
  1822 2577.4
1476.7 1896.7
1955.6 2484.4
1853.9 2568.3
1654.2 2089.7
1701.6 2602.8
1290.4 1022.9
1983.9 2368.9
1745.5 2028.2
1812.3 2167.4
1267.8 1592.1
1800.9 2195.7
1518.5 1670.7
 569.8 2347.7
1144.3 1430.9
669.73 2341.2
2045.7   2469
1624.3 1861.4
516.94 2344.3
1719.1 1986.6
1505.3 1637.6
1022.7 2373.2
  2056 2459.3
1420.4 1514.1
3225.1 2469.8
1935.1 2441.2
2005.1 2481.8
1195.4 1138.6
1665.9 1694.5
1535.5 1776.6
1703.9 2035.8
1706.7 2525.8
1972.3 2458.2
2046.4 2455.7
1702.4 2595.9
1798.2 2203.9
1993.2 2458.7
1700.9 2439.2
1582.6 1761.8
1277.5 1045.8
2680 2422
698.85   2271
1934.8 2480.5
786.88 1303.4
1283.6 2443.7
1930.1 2311.9
1586.1 2264.1
1484.9 1908.3
1984.4 2367.1
1598.6 1551.4
2069.4 2478.7
1223.3 1673.6
682.34 2214.7
1465.1 1841.4
1278.3 888.67
1952.5 2621.4
1072.7   1813
817.47   2242
1283.5 2478.6
1281.2 1067.7
1924.6 2480.5
1545.7 1406.3
1772.4   2453
1217.4 1055.2
  1874 2498.8
1820.3 2199.8
1676.2   2553
6242.4 2169.9
1532.6 2006.3
660.22 2518.6
1622.8   1813
1343.1 1320.4
694.13 1691.1
2066.8 2466.1
2397.1 2423.3
679.86 2215.8
1704.3 2041.9
1817.6   2167
 715.2 1868.2
2009.4 2469.2
1707.2 2065.5
1556.5   1811
1942.2 2429.6
1654.9 2432.6
1575.7 1798.8
  1661 2055.1
1374.4 1772.3
1345.9 1340.3
1623.4 1689.1
1759.6 2450.7
1803.4 2333.2
2045.5 2459.1
683.82 1758.2
1389.3 1791.3
1947.8 2481.7
2137.3   2414
1563.5 2288.5
1889.9 2280.6
  1624 1846.2
663.76 1367.7
1573.5 2049.8
2006.1 2467.7
1853.8 2548.4
1315 2462
1316.7 2468.4
3557.3 2477.2
1627.1 1920.7
1517.1 2187.1
1941.3 2485.1
751.06 1845.6
1985.4 2423.3
530.04 2176.1
849.53 2230.6
1593.9 1579.9
1429.6 1535.7
2068.5 2512.9
1780.1 2367.5
2037.5 2486.9
2085.1   2374
1419.9 1034.7
1510.9   1789
1651.5 2104.1
1532.6 1829.1
1922.8 2487.6
1575.5   1496
1701.4 2454.5
1658.1 1688.3
1482.9 1198.3
1667.4 2370.2
1636.4 1685.7
662.52 1352.4
1963.8 2487.7
2154.2 2425.3
1652.2 1712.1
609.99 2337.7
  3572 2492.2
1499.7 2529.3
1927.3 2448.9
2339.3 2425.1
1884.5 2312.2
1973.1 2452.3
1496.1 1241.2
1466.1 1656.9
1541.3 2238.1
1510.9 1631.1
1896.9 2556.7
1851.6 2543.8
   560 2509.4
2328.3 2407.8
1640.3 1884.5
1252.2 948.54
  1496 1347.7
1830.5   2544
 859.7 1169.4
901.32 1033.3
1030.2 2304.6
  1964 2479.8
1323.6 1259.1
1306.9  853.7
1559.8 1984.9
1649.4   2129
1040.4 1027.5
1695.1 2593.4
1854.7 2476.9
523.32 2242.2
1442.3 1116.8
1729.4 2459.5
1532.3 2206.8
1929.9 2324.9
1482.9 1781.6
3560.7   2454
1646.2 1762.7
687.44 2228.2
1867.3 2702.9
1704.6 2330.6
  1823 2659.5
1601.3 1597.5
849.64 1234.4
673.67 2217.4
2713.4   1768
1373.3 1744.6
1645.1 2442.1
1609.5 1903.5
 914.3 1027.6
1970.8 2383.1
1719.3 2449.8
724.3  1199
1705.4 1945.7
1774.6 2443.3
797.43 1215.2
1216.7 1108.7
708.76 1655.8
7134.8  887.3
1274.2 1073.3
1504.3 1261.2
777.88   1252
1083.6 1804.2
2059.3 2457.8
729.18 1682.9
4817.1   1983
959.46 1169.1
1142.5 1408.7
1229.1   1029
1285.7 2425.2
865.38 1027.6
1806.5 2310.5
  1673 1986.2
1790.9 2126.3
1310.1 2515.9
1292.8 1361.4
764.04 1880.1
1229.9  937.9
1066.5 1027.3
1979.9 2395.8
1992.6 2380.9
918.52 949.51
1916.5 2313.2
  1292 789.17
2153.6 2378.5
1419.8 1524.9
1310.5 2491.8
1734.7 2451.5
767.21 1293.5
2066.8 2491.5
1566.8 1778.5
  2690 2413.1
664.04 2337.3
1533.5 1820.3
1504.1 2240.8
1268.8 2006.7
593.37 1703.3
663.63 2222.1
1296.2 886.93
 927.8 877.65
1700.2 2532.6
1549.7 1422.6
1616.2 1841.9
1554.2 1917.3
  1341 2206.6
1778.5 2364.3
  1104 1032.9
1538.2 2011.8
1583.8 2007.7
  2011 2508.9
1151.9 1118.9
528.3  2347
1046.8 939.68
1467.3 1144.3
1637.5 1643.5
990.33 1214.4
1984.4   2452
4437.8 2783.9
1318.3 2537.5
1672.5 2323.1
1734.4 2025.1
3225.4 2433.9
1696.9 2459.3
2077.2 2513.8
1555.7 2046.9
1195.9 1809.7
1031.4 2236.8
1673.6 2519.7
1986.6 2413.8
676.03   1744
 824.9 1214.6
 571.2 2278.3
1929.2 2429.1
4874.5 1682.5
1213.7 1061.9
1267.7 791.24
1425.4 1444.7
  1591 1517.9
1852.1 2580.8
1922.9 2452.9
794.96 1204.4
1922.4 2446.1
1856.3 2301.6
1515.7 1931.8
1934.7 2472.3
1378.5 1353.3
1943.2 2439.7
1824.7 2487.9
1649.1   2509
641.97 1590.7
1493.6 2661.2
1144.3 954.94
  1175 1137.6
1452.3 1147.5
935.02 860.84
1162.5  834.1
1712.2 2466.8
1870.9 2536.5
1622.5 1772.4
1494.4 2622.1
1115.9 957.63
1985.6   2390
  1171 1123.4
1691.4 2320.5
1524.9   1832
1433.3 1692.8
3263.5 2469.9
1605.7 1916.8
1705.9 2355.3
2043.9 2371.5
1881.6 2482.5
756.66 1377.6
1576.2 1488.5
  1703 2062.1
584.67 2153.1
829.53 1091.4
1044.3 924.28
1943.3 2335.4
1582.1 1519.5
1095.5 1047.9
850.54   1033
630.74 2340.9
1595.9 1566.9
1170.5 1120.2
1779.6 2489.3
1456.8 1146.6
1351.3   2502
1111.3 958.29
1983.4 2435.2
5008.1 1935.1
3258.8 2449.2
1551.7 2044.3
1744.9 2073.5
531.59 2134.5
1167.3  868.1
3313.5 2400.7
1507.8 1294.8
846.03 1256.4
1707.8 1916.3
750.96 1301.7
1923.9 2359.5
878.48 1097.1
1912.1 2330.9
692.32 2186.7
634.67   2339
1557.2   1819
1529.6 1734.2
1014.8 1074.2
1988.6 2385.9
3588.1   2479
1531.7 1432.8
   754 1296.4
1159.7 1138.3
1245.5 1050.8
1961.9 2472.8
1921.5 2410.6
2117.6 2438.1
642.27 2123.5
1261.2 2505.7
687.77 2162.3
1451.8 1099.8
1002.5 967.05
506.52 2490.8
3572.4   2513
1292.2   2040
1014.1 1065.5
  1064 957.96
1552.1 1833.7
1960.3 2461.3
1567.9 1737.6
1842.6 2556.4
1472.9 1632.3
1431.8 1851.8
3576.5 2456.4
1597.4   1634
1061.7 1214.9
1928.2 2466.8
1528.1 1473.5
1666.1 2508.4
6453.8   2158
2682.7 2329.6
1537.8 1766.5
2119.2 2375.6
2394.5 2359.4
1524.9 2198.3
1275.1 2083.1
2131.1   2406
1983.1   2488
  1280 2066.6
3561.8 2502.3
1713.7   2429
791.87 1385.3
1603.1 1605.1
1537.7 1958.6
1492.3 2645.3
2015.8 2440.3
1781.3 2434.3
888.51 855.03
1013.1 1044.8
2071.2 2380.2
  4606 1196.1
1413.6 766.75
1496.9 2218.4
