2938.11 2494.79
2615.74 2006.71
2626.42 1850.58
2677.66 1947.09
2956.22 2479.78
2716.81 2441.86
2224.55 2285.89
3018.49 2457.22
2933.32 2481.48
3089.87  2386.2
2944.69 2382.49
2709.35 2269.67
2820.21 2243.43
2840.64 2257.93
2661.08  2064.4
2921.65  2471.4
3134.89 2460.19
2575.55 2435.81
2717.76 2021.07
2624.18 2018.21
2786.65 2449.73
2615.58 1868.48
3166.64    2460
2474.94 1963.87
2903.49  2330.8
2910.99 2361.15
2676.67 2089.32
2664.05 2056.25
2618.91 2443.32
2704.39 2315.87
2170.76 1902.19
3119.69 2302.69
2607.48 2316.89
3129.27 2460.12
 2708.4 2129.37
 2815.3 2246.15
2759.2 2265.7
 2705.6 2325.13
2651.18 2296.99
2793.22 2214.15
3003.23 2449.54
2764.45 2187.09
2910.13 2348.28
2905.77  2334.7
3103.58 2338.23
2857.95 2289.06
2613.97 2018.92
2784.16 2278.02
2710.15 2437.51
2949.42 2462.21
2628.26    2301
2992.12 2449.18
3170.52 2355.98
2706.06 2261.93
3077.69 2396.17
2718.07 2429.82
 3045.4 2452.57
2494.83 2250.89
2785.21 2210.06
2928.34 2483.92
3120.87  2297.4
2714.45 2034.48
3089.86 2395.45
2992.49 2438.88
2457.22 2087.96
2615.28 1881.84
2794.28 2134.15
2455.93  2097.4
3009.17 2463.43
2973.16 2455.96
2447.36    2085
2433.32 2406.56
3121.56  2305.3
2906.28  2358.7
2992.02 2453.95
2805.59  2174.2
2602.26 2241.36
2820.65 2253.06
2826.83  2185.1
2997.86 2417.96
2997.65 2418.45
   3081 2390.12
2511.56 2109.08
2811.43 2242.17
2719.55 2049.37
3062.85 2397.93
2912.17 2348.35
2708.35 2125.02
3127.74 2305.71
2786.36 2146.13
2968.44  2463.2
2716.33  2350.9
2980.57 2459.38
2957.42 2398.82
 3132.4 2293.48
2762.57 2188.39
3149.45  2437.9
2805.77 2225.59
3030.16 2453.04
2982.75  2470.5
2767.47  2265.5
 2754.3 2089.36
3013.61 2453.88
2598.44 2041.56
 2811.8 2228.49
2627.31 2009.98
2973.48 2463.19
2622.11 2022.99
3073.49 2452.88
2788.25 2208.77
2969.63 2397.11
2472.77 2085.01
2947.67  2384.2
2602.51 1927.76
3003.03 2454.24
2771.54 2428.55
 2789.4 2134.48
2598.57 2011.07
2447.57 2089.17
 2500.8 2209.55
3029.49 2458.03
3152.49 2345.99
2447.02 2088.67
2793.57 2155.87
3075.8 2475.6
2973.26 2462.16
2799.34 2170.52
 2858.8 2307.48
 3194.4 2318.48
2629.45 2141.99
 2710.2 2026.26
2722.26 2145.46
2527.54 2115.44
2605.53 1947.88
2735.15 2275.78
2621.21 2255.46
2680.05 1983.32
3100.28 2371.98
2752.15  2265.9
3140.87 2495.24
 2711.3 2140.67
2786.48 2135.74
2494.75 2097.08
3134.83 2466.03
2718.31 2155.79
3039.87 2457.29
2487.56 2094.26
2789.54 2260.21
 2679.1 2098.61
2710.16 2343.07
3035.44  2452.6
2804.15 2242.96
2998.82 2440.11
2814.59 2240.26
2487.16 2382.92
2686.94 2080.53
2946.29 2460.05
2811.43 2180.81
2434.62 2094.96
2977.22 2443.37
2609.91 2035.82
2178.82 2389.58
3193.32  2325.4
2863.94  2286.4
2729.39 2047.94
2687.82 2307.09
2666.96  2218.6
3076.74 2394.07
2446.04 2103.78
3131.53 2465.88
2980.13 2463.42
 2578.8 1837.47
3388.92 2454.97
2724.57 2143.52
2616.56 2034.58
3581.43 2144.96
3600.31  1872.5
2616.85 2324.44
2973.25 2447.61
2747.07 2089.61
2599.43 1870.88
2677.13 1977.03
3049.22 2420.79
 2861.5 2316.21
3008.65 2453.92
2820.83 2190.72
3074.41 2431.27
3389.38 2421.08
2805.44 2182.37
2516.98 2282.89
2539.93 1919.16
2462.19 2083.02
2479.55 1982.18
 2987.8 2465.83
2616.87 2107.19
3274.78 2254.95
2542.71 1923.05
 2976.8 2465.04
2464.95 2107.07
2621.99 2180.14
2820.04 2267.18
2821.17 2218.56
2505.89 1937.15
2508.15 1960.49
2877.28 2301.56
2868.48 2323.33
2969.43 2450.91
 2992.5 2451.65
2777.13 2441.64
2815.08 2200.11
2570.18 1843.54
 2618.5 2131.73
2479.72 2052.94
2612.89 2129.02
2764.72 2101.24
3277.72 2267.15
3083.52 2443.45
2608.84 1895.92
2972.94 2460.17
2468.17 2041.86
3164.97 2444.74
2646.39 2195.76
 2604.7 2075.32
2855.48 2272.61
2614.87 1934.23
2152.88 2320.29
2602.01 2419.59
2533.66 2185.73
2784.58 2205.65
3167.47 2455.57
3091.65 2465.77
2481.48 2408.01
3523.12 2025.66
2710.34 2227.35
3041.69 2465.61
2454.51  2433.5
2529.57 2285.01
2490.91 2404.82
2610.94 2297.25
3147.37 2433.55
2764.71 2259.35
2468.46 2060.67
3008.49 2458.74
2584.58  1964.9
2953.66 2464.45
3637.04 1920.55
3080.35 2441.93
2899.51 2333.66
2506.58 1917.01
3086.03    2402
3171.05  2498.3
2597.78 1908.06
2977.03 2462.03
3024.61 2457.83
   2599 2296.21
3030.37 2461.71
2840.62 2300.09
2962.48 2397.51
2990.82 2423.91
2787.11 2142.19
3204.24 2338.61
2878.48 2296.15
2454.08 1975.65
2791.64 2127.84
2617.58 1955.45
2607.88 2106.25
2605.58 2090.06
3163.26 2346.82
2468.41 1936.02
3039.38 2474.75
2615.69 1955.74
2820.36 2198.74
2716.57 2175.13
2784.37 2236.11
2543.35  2084.9
2821.81 2209.76
2606.81 2305.56
2479.59 2034.43
2607.63 1922.68
2614.47 2419.71
2926.34 2463.06
2613.74 1916.65
2858.26 2325.11
2429.45 2279.13
2990.44 2423.33
2520.51 1988.08
2613.17 1935.52
2649.36 1966.06
2969.53 2401.96
2952.49 2464.37
3002.31 2423.18
2664.62 2276.24
3158.81 2351.15
2614.67 2296.65
2493.21  2029.3
2818.58 2260.07
2618.67 1992.66
2496.39 2434.92
3173.19 2351.21
2197.97 2337.31
2581.72 1904.96
2710.88 2452.78
3564.88 2073.32
   3080 2424.61
2525.24  1951.6
2458.21 2029.03
2786.05 2219.88
2969.97 2401.89
 2966.9 2449.58
2997.98 2435.39
3539.03 1883.81
2487.97 2280.25
 2764.2 2208.97
3166.06 2333.09
3130.34 2285.39
2598.01 2433.32
3069.45 2453.36
2899.28 2328.04
2706.53 2299.91
2468.24 2417.52
2967.18 2452.23
3079.15 2456.08
2820.67 2260.66
2634.62 2280.42
3159.76 2357.15
3104.96 2363.83
2710.56  2333.2
3581.36  1713.5
2761.19 2268.07
2508.92 2101.97
2585.14 2354.47
 3610.7 2021.92
3021.13 2422.61
2557.25 2354.39
2949.39 2501.82
3161.64 2457.01
2541.78 1944.81
 2490.2 2026.76
2617.31 1974.49
3235.41  2282.6
2465.86 1957.52
2657.61 2306.51
3537.05 1910.53
2421.92 2242.82
2500.91 2036.65
2501.53 2246.89
3153.68 2362.11
2516.46 2187.77
2999.89 2425.24
2999.95 2434.38
 2606.1 2082.45
3107.91 2363.83
3634.11  1624.3
2658.45  2261.3
2421.82 2277.62
2857.07 2321.96
2799.18 2150.67
2611.68 2061.92
3573.47 2048.86
3724.37 1668.06
2769.47 2448.35
2522.04 1960.12
2970.33 2443.63
2697.27 2006.65
2505.39 2206.14
2526.18 2280.76
2709.62 2379.04
2504.41 1984.66
2583.96 1944.37
3042.6 2468.8
3329.39 2451.58
2530.11 1990.87
 3393.7 2451.86
2457.82 1935.56
2519.97 1960.08
3053.17 2445.98
2482.55 2245.79
3619.86 2016.11
2598.31 1951.33
2605.34 2204.13
2480.36 2023.95
 2549.2 1974.61
2974.74 2450.67
2409.95 2273.04
2624.95 2294.12
2636.43 1879.53
 2547.3 2344.07
3570.39 1901.46
3132.29 2446.51
3113.83 2394.92
3186.98 2336.42
2481.69 2247.84
3627.42 1805.42
3634.76 2135.06
2614.48 1921.66
2707.52 2028.76
 3531.7 1976.76
2969.65 2457.99
 2627.6 1862.29
2631.09 2315.07
3117.51 2386.81
3581.79 2153.56
3324.45  2454.1
2527.43 1931.92
3118.07 2511.98
2522.38 2103.12
2632.13 2022.75
3569.58 1980.68
2997.32 2462.72
2502.41 2248.36
2959.84 2433.79
2662.05  2100.5
2803.95 2273.75
2585.96 2315.93
2429.92 2049.77
 2523.1 2257.11
 2941.4 2460.14
3080.39  2385.7
2573.74 2089.88
3000.54 2426.07
2765.37 2272.45
2562.69 2435.33
3014.38  2447.2
2966.04 2407.46
 2585.2 2416.89
3574.07 1864.36
2568.02 2270.39
2615.58 1860.81
2532.75 2059.69
 2470.6 2273.14
2597.25 2421.09
   2598 2423.05
3579.1 2060.7
3057.12  2432.1
2114.16 2300.27
2478.93 1997.41
3389.71 2430.51
 2486.9 2039.11
2593.98 2288.33
   3582 1819.89
2702.88 2168.68
2469.68 2270.56
3218.43 2336.68
2774.04 2119.12
2756.84 2121.56
2950.19 2467.25
2708.32 2046.18
3687.14 1943.14
3065.11  2422.1
 2440.4 2116.05
3163.38 2448.43
3623.27 2135.92
3137.79 2306.02
2706.12 2332.36
2601.14 1952.48
3610.82 2036.64
3109.48 2373.38
3562.53 2070.79
2793.61 2179.36
 3093.4 2430.83
3064.42 2445.98
2539.69 2123.98
3631.57 1567.59
2776.26 2209.86
3384.91 2409.61
2740.68 2065.54
2596.32 2317.04
3064.62 2445.78
 2739.3 2124.94
2522.64 2351.77
2841.54 2332.15
2717.59 2048.93
2595.67 1911.85
2490.31    1942
2491.64 2279.78
2472.25 1984.44
2656.82 2004.95
3514.08 1793.42
2591.88 2028.42
2470.93 2075.22
2961.77 2428.61
3626.01 2027.23
2537.56 2346.94
3608.12  1895.4
2462.86 2054.27
2820.48  2177.4
2546.01  2250.9
2554.81 2025.91
2588.62 2311.03
3595.02 1853.97
