1890.5   2528
1584.2 1768.1
1627.6 1541.9
1648.2 1636.5
1915.9 2499.4
1634.8 2430.9
1343.8 2265.1
2010.4 2449.9
1882.2 2500.5
2143.8 2283.5
1883.5 2278.2
1619.6 2131.9
1736.2 2044.1
1759.5 2064.4
1611.4 1828.1
1848.9 2481.1
  2212 2460.5
1505.5 2423.4
1666.8 1716.3
1589.8 1781.6
  1775 2452.6
1611.9 1568.8
2271.5 2459.8
1461.1 1740.7
1832.6 2185.9
1839.6 2247.2
1621.4 1859.4
1613.7 1810.4
1545.5 2434.9
1610.6 2212.2
1356.6 1858.7
2203.3 2096.3
1539.1 2239.3
2201.4 2460.5
1636.6 1896.7
1730.1   2050
  1669 2110.3
1611.6 2228.5
1574.6 2198.5
1649.8 1896.3
1982.4 2430.3
1684.5 1969.7
1841.1 2221.5
1834.7 2193.3
2171 2176
1777.4 2118.5
1579.9 1785.9
1623.5 2039.8
1627.7 2423.3
1891.3 2460.6
  1559 2212.4
1962.3 2429.5
2282.1 2229.7
  1617 2120.5
2122.2 2304.6
1633.7 2409.2
2060.3 2437.6
1440.7 2149.8
  1701 1995.5
1877.6 2505.2
2206 2086
1660.5 1739.7
2143.4 2305.7
1963.2 2405.2
1424.9   1918
1608.7 1589.3
1724.4 1858.1
1423.1 1932.2
1993.2 2464.2
1930.5 2446.2
1417.4 1915.9
1380.5 2382.1
2206 2103
1833.8   2243
1961.9 2440.8
1728.8 1919.8
1539.9 2123.8
1736.1 2062.3
1754.2 1932.9
1973.5 2355.6
1972.7 2356.6
2127.7   2292
1470.5 1939.9
1725.3 2042.8
1662.4 1760.4
2095.2 2308.1
1843.2 2221.4
1637.7 1890.2
2217.2   2104
1712.4 1880.9
1922.2   2462
1621.6 2271.7
1942.7 2454.2
1904.3 2314.8
2229.2   2073
1682.7 1973.6
2240.5 2411.1
1721.2 2014.6
2031.9 2439.2
1947.2 2479.1
1675 2105
1688.7 1802.3
2001.6   2441
1561.3 1823.2
1727.7 2018.1
1594.8 1768.8
1930.7 2462.7
1586.7 1789.8
  2113 2439.8
1704.8 1993.3
1925.4 2310.6
1439.3 1910.7
1888.6   2282
1586.7 1657.2
1981.8 2441.6
1761.7 2425.1
1718.2 1859.7
1566.9 1778.7
1416.3 1921.8
1448.7 2087.7
2030.6 2451.2
2250.2 2207.6
  1417 1921.7
1718.5 1895.2
  2116 2493.6
1930.1 2460.2
1722.5 1916.2
1776.7 2153.7
2322.4 2151.5
1576.6 1967.5
1657.6 1727.5
1649.7 1920.6
1485.2 1947.8
1585.7 1685.4
1642.2 2133.8
1552.7 2141.4
1643.9 1693.3
2163.8 2252.4
1622.9 2069.1
2198.2 2531.8
1638.7 1914.9
1714.2 1862.7
  1457 1924.1
2211.1 2472.8
1643.9 1938.1
2050.4 2449.5
1451.1 1922.8
1699.7 2087.4
1622.8 1874.5
1653.8 2281.4
2041.8 2436.8
1716.8   2047
1974.4 2407.6
1729.8 2039.2
1426.5 2346.2
1632.6 1842.8
  1886 2455.3
1734.4 1929.8
1406.5 1933.4
1937.1 2418.1
1573.4 1811.7
1325.1   2386
2319.4 2167.9
1785.5 2112.2
1674.6 1756.5
1638.3 2231.4
1595.1 2070.1
2119.9 2301.2
1414.9 1944.3
2206.2   2473
1941.9 2463.1
1583.5 1538.2
2626.8 2455.5
1684.7 1972.2
1579.5 1808.2
3436.1 1575.8
3384.6 1037.3
1547.2 2250.1
1930.4 2427.7
1680.8 1806.2
1595.9 1577.5
1641.7 1685.9
2068.7   2361
  1780 2171.5
1992.4 2440.8
1744.8 1945.3
2114.5 2388.1
2628.7 2385.8
1727.2 1934.5
1458.4 2195.3
1528.7   1662
1430.1   1910
1462.2   1765
1953.8 2468.3
1568.5 1916.9
  2440 2047.3
1530.1 1665.5
1936.4   2467
1430.7 1945.1
1562.6 2025.1
1734.5 2090.5
1741.3 1998.7
1493.8 1695.5
1492.7 1729.5
1801.7 2138.5
  1786 2180.6
1923.7 2434.1
1963.2   2435
1766.6   2442
1736.3 1965.4
1574.4   1551
1567.8 1954.8
  1450 1863.2
1562.9 1952.2
1699.6 1819.8
2446.9 2069.9
2130.2   2417
1598.8 1609.5
1929.6 2455.7
1441.2 1849.7
2268.9 2426.1
1580.8 2040.5
1562.2   1872
1775.9 2085.4
1597.6 1662.8
1321.8 2312.3
1530.2 2398.1
1481.2   2049
1698.1   1983
2272.1 2449.9
2144.3 2471.2
1421.2 2383.3
3281.1 1286.9
1625.8 2061.9
2052.2 2469.9
1397.6 2421.1
1469.3 2197.3
1427.2 2377.7
1545.2 2209.6
2236.8 2401.3
1673.8 2096.3
1438.1 1876.3
1991.2 2452.8
1562 1715
1898.8 2465.9
3606.7 1031.9
2124.3   2414
1825.9 2192.3
1499.1 1667.3
2135.9 2320.1
2247.7 2538.1
1585.3 1630.7
  1937 2459.6
2021.7 2450.3
1532.7 2208.2
2032.5 2459.7
1754.8 2145.7
  1913 2311.1
1961.4 2370.7
1713.3 1872.7
2337.4 2196.7
1804.1 2126.5
1440.8 1761.6
1722.7 1846.1
1595.1   1692
1559.9 1917.3
1560.6 1893.6
2269.4 2207.7
1460.7 1703.1
  2048 2491.2
1593.7 1693.4
1743.4 1961.5
1638.9 1972.6
  1697 2044.3
  1502 1897.8
1743.1 1979.4
1539.6 2221.8
1452.6   1837
1592.4 1649.4
1541.3 2397.8
1855.3 2462.5
1599.8 1637.2
1773.2 2188.4
1381.6 2197.4
1959.8 2369.3
1497.7 1763.9
1594.2 1664.3
1618.6 1684.8
1925.2 2322.1
1896.6 2465.6
1980.9 2367.9
1588.3   2163
2261.4 2218.2
1546.8 2207.2
1466.1 1827.6
1731.9 2076.3
1590.1   1747
1432.3 2422.7
  2288 2217.9
1335.2   2326
1571.5 1630.6
1628.2 2448.8
3393.5 1395.7
2124.1 2372.4
1508.5 1710.8
1434.5 1834.2
1701.3   2015
1925.4 2321.7
1919.4 2432.8
  1973 2396.7
3240.7 1060.3
1431.9 2193.8
1680.8 2006.5
2274.1 2178.7
2224.8 2060.6
1526.5 2420.1
2104.7 2440.2
1826.8 2182.1
1613.5 2183.5
1410.8 2398.3
1919.2 2437.8
2123.2 2447.7
1734.9 2076.8
  1563 2177.7
2262.5 2231.2
2171.9 2234.8
1655.4   2266
3258.9 841.75
1700.5 2147.6
1469.5 1929.3
1515.5   2299
3528.6 1264.7
  2016 2365.9
1490.1   2300
  1907 2541.5
  2263 2452.9
1525.3 1696.3
  1464 1824.6
1590.5 1719.9
2384.9   2090
1454.4 1733.9
  1580 2213.8
3234 1115
1378.5 2145.2
1471.3 1836.3
1447.1 2142.9
2250.5 2242.6
1465.5 2054.6
1976.5 2372.8
1977.5 2394.3
1562.1 1882.1
2177.8 2234.2
3368.5 705.62
  1583 2139.9
1376.8 2196.2
  1772 2181.7
1725.6 1882.1
1570.4 1850.4
3420.2 1334.5
  3530 793.16
1759.5 2450.6
1504.6 1723.9
1925.7 2418.2
1649.9 1705.7
1453.5 2082.6
1466.7 2191.2
1612.9 2319.7
1483.7   1763
1565.5 1686.1
2053.2 2477.1
2519.2 2448.2
1505.4 1765.9
2635.4 2448.6
1452.2 1705.1
1502.4 1724.4
2076.7 2421.4
1429.9 2143.4
3555.2 1249.9
1577.5 1692.2
1546.3 2066.3
1455.1 1822.8
1526.7   1739
1932.8 2433.5
1367.1 2189.8
1555.7 2202.3
1633.9 1589.6
1482.3 2284.6
3313.8 1094.8
2207.3 2430.3
2184.8 2308.7
2307.9 2190.9
1429.3   2147
3453.6 907.75
3591.4 1547.1
1598.5   1644
1653.8 1732.2
3211.9 1255.3
1924.1   2450
1625.4   1556
1561.1 2233.8
2192.2 2289.7
3576.8 1523.9
  2511 2452.6
1513.9 1682.9
2164.8 2564.3
1481.8 1930.5
1596.4 1785.2
3413.5 1174.6
1971.6 2461.9
1447.7 2145.2
  1909 2396.6
1606.3 1884.9
1712.6 2104.5
1519.9 2239.6
1407.8 1868.5
1465.1 2157.1
1877.4   2456
2127.2 2281.8
1530.9 1900.2
  1978 2375.1
1637.5 2077.4
1494.3 2423.3
2002.7   2426
1918.4 2333.9
1514.9 2394.1
3325.1 1020.5
1505.2 2171.5
1613.9 1558.2
1496.8 1863.4
1417.9 2185.6
1525.5 2400.4
1526.4 2403.3
3436.2 1361.7
2082.6 2388.6
1311 2296
1458.5 1785.7
2628.7 2404.3
1457.5 1841.8
1529.2 2197.2
3347.3 935.24
1624.8 1962.9
1417.5 2181.5
2360.3 2193.3
  1704 1840.8
1654.6 1786.4
1893.6 2472.4
1652.1 1760.7
3585.1 1185.9
2097.5 2365.9
  1408 1961.8
2266.1 2434.4
3560.9 1546.6
2236.9 2104.1
1611.7   2240
1580.7 1693.5
3528.7 1299.3
2178.9 2257.8
3387.5 1389.7
1688.5 1882.5
2148.7 2389.4
2096.7 2421.9
1494.4 1956.9
3366.3 620.87
1625.6 1891.4
2620.5 2361.4
1679.9 1771.9
1527.1   2240
2096.3 2422.1
1666.4 1871.7
1458.2 2297.8
1752.9 2207.5
1661.3 1760.4
1582.8 1636.6
1478.2 1706.1
1434.7 2192.7
  1455 1770.1
1618.5 1740.3
3110.3 979.42
1557.6 1806.1
1438.7 1897.4
1911.9 2385.2
3572 1276
1472.3 2290.2
3400.7   1084
1434.5 1868.4
1746.8   1921
1482.6 2143.1
1523.2 1810.1
1521.4 2231.4
3376.5 998.12
