1907.2 2548.7
1491.5 1532.1
1560.4   1238
1595.2 1397.5
1939.1 2513.2
1554.5 2424.8
1002.8 2143.1
2054.3   2459
1898.4 2516.8
2197.1 2280.6
1920.5 2280.1
1557.7 2048.6
  1728 1973.4
1758.2 2002.5
1535.2 1631.7
1877.8 2492.6
2288.8 2466.7
1366.3 2413.7
1627.8 1528.4
1499.1 1551.7
1657.5 2441.8
1539.1 1274.3
2357.1 2466.3
1330.5 1496.5
1852.9 2161.4
  1863 2231.9
1549.8 1677.5
1541.6 1614.6
1421.3   2429
1544.7 2149.3
1037.1 1486.2
  2266 2069.1
  1414 2162.1
2276.9 2466.5
1584.1 1751.4
1719.8 1980.3
1630.8 2032.5
1545.4 2169.3
1473.7   2115
1691.2 1913.6
2025.4 2440.2
1652.9 1860.6
1862.6 2201.7
1856.4 2170.3
2228.8 2159.5
1781.7 2070.5
1485.4 1556.2
1666.6   2056
1545.1 2415.3
1926.7 2470.9
1442.8 2126.3
2004.6 2439.4
2369.4 2198.7
1554.2 2032.4
2171.9 2306.2
1556.5 2398.2
2106.3 2447.5
1284.9 2041.5
1679.7 1906.2
1889.7 2522.5
2269.1 2055.8
1618.9 1556.2
2196.6 2303.8
2005.4 2414.3
1274.6   1732
1533.7 1298.6
1710.4 1740.3
1270.8 1750.2
2036.6 2474.2
1969.6 2455.9
1264.2 1728.9
1201.4 2357.7
2269.6 2075.4
1855.1 2226.5
2004.4   2451
1718.6 1823.9
1417.5 2005.4
1727.1 1994.8
1749.7 1843.1
2015.9 2363.2
2015.5 2364.4
2178.9 2290.9
1332.5   1759
1714.4 1972.1
1621.8 1584.6
2142.1 2311.3
1866.1 2201.7
1585.1 1742.4
2282.5 2075.7
1695.3 1767.8
  1961 2473.4
1558.2 2224.6
1983.2 2464.2
1942.4 2318.5
2293.8 2044.6
1649.8 1863.8
  2320 2409.6
1708.5 1936.4
2076.7 2448.7
1987.3 2491.2
1643.2 2030.8
1661.4 1656.5
  2045 2450.8
1458.4 1604.7
1717.4 1941.7
1505.8 1534.8
1970.2 2473.4
1494.9 1561.6
  2162 2448.2
1684.6 1902.8
1964.6 2313.8
1293.1 1722.5
1925.7   2284
1500.3 1387.4
  2025 2451.7
1634.9 2394.2
1702.8 1742.2
1467.7 1545.8
1263.4 1736.7
1298.6 1958.3
2075.4   2461
2331.1 2174.7
1262.9 1735.9
1704.1   1787
2166.8 2505.1
1969.8 2470.9
1709.7 1817.3
1780.7 2112.5
2425.4 2100.7
1472.6 1796.2
1615.3 1541.1
1600.1 1781.6
1350.1 1767.5
1497.3 1423.8
1593.9 2058.1
1439.8 2031.7
1586.3 1466.3
2219.3 2244.3
1620.3   2034
2302.1 2556.3
1585.5 1774.2
  1698 1745.6
1315.6   1740
2288.7 2481.6
  1592 1804.2
2095.5 2459.2
1307.9 1736.4
1677.5 2015.7
1550.7 1695.7
1550.1   2208
2086.9 2447.6
1702.9 1975.1
2017.2 2417.2
1719.7 1967.3
1262.6 2307.9
1566.5 1656.9
1921.1 2465.7
1726.3   1837
1247.5 1750.8
1977.1 2425.4
  1475 1590.2
954.42 2335.4
2422.3 2118.5
1791.9 2063.6
1636.5 1578.8
1522.5 2132.2
1507.1 1946.8
2170.1   2301
1258.1 1764.7
2281.7 2481.2
1982.4   2474
1502.8 1233.1
2886.3 2453.2
1603.9   1777
1484.1 1585.8
3413.2 1614.1
3479.4 987.25
1425.3   2177
1969.8 2435.7
1650.6   1659
1516.9 1284.7
1584.3 1455.1
2114.3 2368.6
1784.1 2132.2
2035.6 2450.9
  1739 1856.7
2164.1 2394.1
2887.8 2360.8
1716.6 1841.7
1306.4 2102.7
1423.6 1393.5
1281.5 1721.4
1330.1 1528.5
1996.6 2479.9
1464.5 1729.1
2617.2 1928.7
1425.7 1399.6
1976.3 2477.9
1278.7 1766.4
1454.4 1875.7
1723.9 2026.5
1734 1918
1375.9 1437.8
1370.9 1479.6
  1812 2096.6
1794.8 2147.8
1962.8 2443.7
2005.3 2445.4
1643.1 2423.6
  1728 1878.5
1489.4 1247.1
1460.6   1778
1309.6   1660
1453.9 1773.9
1673.8 1678.4
2622.6 1959.6
2182.3 2424.5
  1520 1326.6
1969.2 2466.1
1299.3 1642.4
2353.5   2427
1483.6   1903
1457 1669
  1780 2033.4
1514.3 1395.1
936.51 2212.2
1400 2379
1342.1 1904.8
1679.6 1896.7
2358.9 2454.9
2198.8 2480.6
  1255 2358.9
3269.2 1329.1
  1566 1957.5
2099.1 2479.8
  1224 2410.9
1321.1 2105.4
1265.9 2352.1
1420.7 2120.5
2315.6 2398.5
  1640 2017.7
1294.5 1677.6
2035.3 2462.7
1464.4 1462.7
1934.3 2476.3
3570.1 1086.1
2175.9 2420.7
1845.8 2168.5
1383.6 1401.2
2188.5 2320.4
2367.4 2565.1
1501.1 1352.8
1976.7 2470.6
  2066 2460.5
1405.5 2119.8
2077.1 2470.1
1752.1 2097.9
1951.6 2315.1
2002.6 2377.9
1697.4 1759.2
2445.5 2151.4
1814.7   2084
1302.7 1524.5
1707.9 1727.5
1510.6 1433.9
  1453 1729.5
1454.2 1697.9
2354.3 2175.9
  1332 1448.3
2094.7 2502.4
  1508 1435.1
1736.6 1874.4
1585.2 1845.3
1673.6 1963.4
  1377 1704.1
1736.7 1898.4
1414.4 2138.4
1314.6 1625.3
1508.8 1376.2
  1416 2378.9
1885.9 2472.8
  1519 1362.9
1777.8   2153
1207.5 2106.3
2001.9 2376.5
  1377 1526.6
1511.6 1398.1
1549.7 1443.3
1964.2 2325.5
1932.2 2476.1
2024.1 2375.8
1494.6 2069.1
2344.3 2187.3
1425.6 2118.8
  1332 1611.8
1722.7 2010.8
1499.8 1504.2
1271.4 2413.1
2375.6 2186.3
974.26 2239.3
1481.4 1352.9
  1546 2448.9
3373.8 1438.1
2175.5 2377.3
1394.5 1457.7
1291.5 1621.3
1679.1 1927.5
  1965 2325.3
1958.2 2440.5
2015.7 2405.7
3325.2 1015.9
1272.9 2101.1
1648.1 1907.9
2361.6 2140.7
2290.5 2024.7
1394.6 2408.1
2153.9 2449.4
  1846 2155.4
1549.6 2114.4
1239.7 2378.5
1958.7 2446.9
2173.4 2456.2
1725.9 2011.8
1453.8 2082.1
2345.9 2202.5
2229.5 2223.5
1551.6 2186.4
3444.8 685.55
1633.4 2037.4
1331.1 1745.9
1382.1 2242.9
3497.6 1313.5
2059.8 2373.9
1347.5 2244.9
1927.5 2565.9
2346.2 2458.6
1417.1 1439.7
1329.2 1607.9
1503.9   1470
2522.1 2004.4
  1322 1487.9
1481.2 2134.5
3317.3   1072
1204.3 2036.5
  1339 1623.4
1293.3 2032.5
2332.4 2215.6
1321.1 1912.2
2019.5 2380.9
2019.4 2403.2
1456.9 1682.7
2235.6 2223.3
3573.8 531.35
1488.4 2038.3
1199.4 2104.3
1776.2 2145.9
  1714 1774.5
1469.8 1640.7
3398.2   1379
3784.3 603.75
1631.5 2438.8
1387.8 1474.4
1964.5 2426.1
  1603 1506.3
1304.6 1950.7
1317.6 2097.2
1546.6 2286.8
1358.7 1525.3
1470.5 1424.6
2100.9 2487.7
2736.2 2444.1
1387.8 1528.8
2898.6 2444.7
1319.9   1451
1385.3   1475
2121.6 2431.1
1271.5 2033.2
3521.9 1299.6
1486.7 1432.7
  1428 1928.2
1318.5 1605.5
1416.5 1492.4
1972.5 2443.1
1187.2 2096.9
1439.3 2112.2
1562.9 1286.5
1336.2 2224.4
  3402 1049.6
2283.3 2431.8
  2246 2301.3
2407.2 2147.3
1270.2 2037.4
3550.4 852.41
3557.5 1586.9
1518.2 1371.9
1610.7 1546.9
3296.5 1216.7
1963.2 2460.8
1557.5 1258.6
1444.9 2155.7
2254.1 2280.6
3413.7 1635.9
  2724 2450.9
1403.8   1421
2254.6   2598
1346.9 1744.8
1508.3 1558.1
3393.3 1221.9
2014.3 2472.4
1294.1 2035.3
1945.6 2402.5
1526.7   1704
1697.7 2043.6
1386.7 2162.4
1253.9 1667.6
1317.2 2049.8
1912.4 2465.9
2177.9 2279.9
1413.5 1705.9
2020.7 2382.9
  1639 2046.4
1350.4 2412.9
2046.5 2434.4
1957.6 2338.9
1378.8 2373.8
3414.4 972.58
1369.9 2070.4
  1542 1260.5
1370.8 1658.3
  1254 2089.2
1393.9 2382.3
1394.8 2386.4
3412.2 1406.8
2129.6 2396.5
905.85 2180.1
1324.7 1556.7
2888.5 2386.5
1321.8   1632
1400.1   2104
3437.7 883.29
1567.1 1834.7
1253.3 2084.2
2477.7 2145.2
1683.2 1713.5
1656.7   1723
1928.1   2483
1606.6 1581.5
3698.4 1134.2
2145.7 2371.4
1248.9 1789.3
  2350 2436.5
3526.4 1589.4
2303.7 2075.3
1545.4   2185
  1490 1433.9
3497.2 1347.9
2238.2 2247.2
3367.8 1432.2
1698.9 1837.7
2202.6 2392.6
2143.9   2431
1362.8 1781.3
3570.2    442
1666.1 1907.5
2876.6 2329.7
1647.9 1611.3
1399.7 2163.6
2144.3 2430.5
1629.9 1734.5
  1306 2242.2
1749.9 2170.9
1619.1 1584.3
  1497 1360.5
1355.7 1451.8
1277.2 2099.7
1320.9 1534.9
1547.2 1515.8
3275.2 839.52
1453.8 1581.2
1293.5 1704.4
1949.2   2390
3537.6 1325.2
1324.2 2231.1
3497.7 1034.2
1289.8 1667.1
1741.3 1827.6
1345.7 2033.8
1407.6 1587.4
1390.6 2151.9
3467.4 949.94
