2928.76 2486.23
2709.87 2137.58
2719.12 2028.04
2743.31  2078.2
 2943.3 2474.12
2771.65 2444.85
2554.81 2364.06
2995.24  2453.5
2924.15 2474.71
3063.41 2386.76
2923.64 2381.14
2755.74 2310.61
2828.59 2275.58
2844.01 2285.54
2733.72 2168.77
2904.94 2466.62
3098.11 2457.78
2681.85 2441.04
2763.17 2119.14
2714.97 2144.63
2860.89 2454.54
2710.78 2040.21
3126.71 2457.49
2615.35 2112.79
2892.15 2340.81
2897.59 2367.23
2742.86 2184.41
2734.02 2160.44
2710.51 2446.42
2752.17 2346.69
2541.86 2163.41
3089.81 2312.24
2703.22 2357.13
3092.94 2457.79
2755.72 2203.01
2824.97 2277.97
2787.89 2302.64
2753.28 2354.07
2727.05 2339.45
2764.64 2203.65
2980.11  2445.4
2791.88 2239.57
2897.97 2356.27
2893.57 2344.04
3075.44 2343.82
2856.97    2310
2708.25 2145.93
 2754.6 2268.71
 2766.9 2441.45
2929.44 2457.93
2716.55 2345.35
2969.13 2445.03
3130.26    2367
2753.56 2305.34
3052.72 2395.04
2770.83 2435.21
3021.62 2448.52
2627.64  2312.1
2803.91 2252.14
2921.49  2476.7
3090.91 2308.13
2760.79 2129.96
3063.44 2395.69
2969.55 2434.98
2602.15 2198.86
2710.66  2050.4
2811.53 2190.48
2601.77 2205.76
2985.99 2459.37
2951.55 2451.92
2596.06 2197.26
2586.64 2420.86
3091.29 2315.01
2894.09 2365.33
2968.93 2449.71
2817.94  2219.1
   2700 2303.88
2829.26  2283.7
2834.78 2226.41
 2974.9 2414.52
2974.47 2414.92
3055.38 2390.01
2639.03 2212.85
2821.63 2274.55
2763.71  2140.1
3038.95 2396.17
 2899.2 2356.27
2756.06 2200.03
3096.81 2315.67
2805.14 2200.29
2946.91  2458.5
2761.01 2373.72
2958.35 2455.25
   2936 2396.84
3101.97 2303.41
2790.89 2241.26
3111.84 2438.28
2817.79 2261.71
3006.68 2449.14
2960.82 2465.59
2791.63 2300.48
2784.47 2162.02
2990.51 2449.84
2697.83 2162.65
2822.09 2263.57
2717.48 2138.79
2951.67 2458.79
2713.42 2148.38
3048.81 2449.47
2806.27 2251.32
2947.84 2395.33
2612.91 2196.31
2926.62 2382.82
2701.68 2082.67
 2979.8 2450.06
2852.71 2442.67
2807.62 2190.83
2698.32 2141.35
2595.63  2200.1
   2631 2282.85
   3006 2454.04
3114.72 2357.79
2596.18 2200.11
2809.94 2207.25
 3050.3 2471.14
2951.33 2457.75
 2813.7 2217.11
2857.61 2325.38
3148.05 2336.69
2718.42 2232.68
2757.82 2123.82
2766.04 2214.98
2650.68 2217.66
2703.66 2096.75
   2771 2312.28
2709.78 2312.52
 2745.5 2105.95
3073.04  2374.5
 2755.5 2282.12
3091.19 2486.12
2758.26 2211.67
2805.21 2191.98
 2627.6 2204.19
3097.66 2462.66
2763.14 2222.79
3016.45 2453.35
2622.96 2203.13
2807.01 2293.51
2744.84 2191.66
2782.62 2378.67
3011.91 2448.17
2816.38 2276.08
2975.69 2436.01
2824.34 2273.13
2622.16 2404.46
2749.43 2177.29
2926.41 2455.71
2822.06 2223.97
2588.68 2205.14
2955.18 2440.24
2705.64 2157.99
2541.68 2422.16
3146.92 2343.12
2861.72 2307.51
2771.66 2139.16
2771.29 2356.04
2736.52 2281.37
3051.51 2393.64
2596.15 2211.15
3095.27 2462.74
 2957.9 2458.95
2686.67 2021.14
3284.46 2455.81
2792.14 2240.72
2709.73 2156.77
3589.65 2129.93
3563.25 1895.29
2709.23 2362.28
2951.47 2444.22
2779.48  2163.3
2700.15 2042.97
2743.32 2102.11
3025.69 2417.42
2860.12 2333.23
2985.55 2449.75
2829.48 2231.55
3049.42 2428.65
3285.15 2429.63
2817.71 2225.72
2642.79 2334.29
2659.36  2079.3
2605.65 2195.28
2618.54 2125.28
2964.48  2461.1
2709.61 2208.24
3199.95 2297.78
2660.77 2081.24
2954.84 2460.57
2608.66 2212.66
2711.66 2258.94
2829.32 2296.18
2829.85 2255.47
2636.22 2092.91
2638.74 2110.15
2872.38 2319.48
2864.02 2337.35
2947.73 2446.87
2969.64 2447.31
2855.75 2449.97
 2825.1 2240.22
2681.42  2026.8
2711.46 2226.18
2617.59 2173.58
2707.82 2224.65
2792.88 2171.01
3203.48  2306.8
3057.49 2440.33
2705.63 2059.69
2951.05 2455.88
2609.61 2166.12
3125.45 2444.25
2725.22 2267.02
2702.08 2186.33
2854.93 2295.41
2710.07 2086.55
2537.77  2386.4
2699.48 2429.59
2653.63 2266.02
2801.42 2246.32
  3127 2453.6
3064.64 2462.09
2618.53 2421.84
3526.99 2007.54
2757.15 2278.95
3017.39 2461.66
2600.44 2439.49
2651.05 2335.59
2623.09 2419.27
2706.73 2343.66
3110.03  2434.4
2790.52 2296.52
2609.33 2179.15
2984.91 2454.68
2689.21 2109.36
 2933.7 2460.15
3651.13 1895.13
 3054.5 2439.11
2888.32  2343.4
2637.39 2078.95
 3059.8 2401.41
3115.16 2488.38
2698.03 2069.11
2955.18  2457.5
3001.27 2453.67
2697.79 2342.65
3007.01 2457.51
2843.86 2321.23
2940.87 2395.39
2968.38 2420.68
2805.23 2196.55
3155.74 2354.75
2873.47 2314.33
2601.39 2121.51
2809.68 2184.81
2711.03 2100.92
 2703.5 2207.88
2702.43 2196.59
3123.92 2358.12
2611.26 2093.43
3015.14 2470.34
2710.15 2101.49
2829.41 2238.81
2761.67 2238.51
2803.53 2274.03
2659.85 2194.54
2830.09 2246.87
 2703.1 2349.11
2617.46 2160.72
2705.03  2079.3
2707.37 2429.53
 2908.7 2458.75
2709.16 2073.86
 2856.4 2340.42
2583.24  2332.6
2967.49 2420.09
2645.77    2128
2707.78 2086.98
2727.06 2099.49
2947.86 2400.13
2932.45 2460.02
2979.02 2419.65
2735.42 2323.69
3120.25 2362.17
 2707.8 2342.61
2627.14 2157.15
2827.15 2289.77
2712.32 2127.71
2627.33  2440.4
 3132.9 2362.42
2549.16  2393.3
2687.94 2067.64
2767.28  2452.8
3571.87 2055.84
3054.22 2422.38
2648.98 2102.18
2603.02 2157.78
2805.02 2260.99
2947.97 2399.97
2945.32 2446.32
2974.88  2431.5
   3506 1903.18
2622.55 2332.67
2791.27 2256.18
3125.71 2346.67
3099.53 2298.28
2696.96 2439.61
3044.57 2449.63
2888.61 2339.03
2753.32  2333.8
2610.61 2428.81
2945.21 2448.41
   3054 2452.66
2829.06 2290.11
 2718.3 2329.58
3120.95 2367.34
3076.84 2367.53
2783.38 2371.86
3507.33  1794.1
2809.62  2320.4
2637.54 2207.61
2687.65 2384.02
3622.17 2000.98
2997.93 2419.07
2669.17 2383.99
2938.05 2491.78
3122.67 2454.78
2660.25 2096.46
2625.26 2155.48
2710.25 2114.37
3175.83 2313.52
2609.42 2108.65
2731.24 2346.58
3504.68 1928.86
2578.67 2307.27
2631.87 2161.92
2632.25 2309.08
3115.35 2371.71
2642.11 2267.87
2976.66 2421.65
2977.32 2430.53
2702.71 2191.18
3079.76 2367.37
3549.57  1723.1
2730.95 2312.94
2579.35 2331.85
2855.49 2337.47
2813.75 2201.63
 2706.4 2176.51
3581.36 2030.19
3618.48 1774.01
 2851.4 2453.67
2647.28 2108.45
2948.81 2440.25
2750.72 2112.55
2634.41 2280.65
 2648.9 2332.64
   2756 2395.07
2634.99 2126.27
2689.06 2095.19
 3017.9 2464.59
3238.77 2453.04
2651.79  2129.7
3288.04 2453.22
2604.75 2093.58
2645.66  2108.5
3030.12 2441.98
2619.07 2308.61
3632.26 1994.67
2698.37 2099.39
2702.08 2277.39
 2618.2 2153.82
2665.34 2118.14
2952.82 2446.64
2571.31  2328.4
2713.94 2340.63
2728.66 2053.17
 2663.1 2376.69
3536.13 1921.21
 3095.8 2445.81
 3084.1 2397.29
3141.89 2352.03
2618.76  2310.3
3588.84 1832.61
3647.18 2119.31
2708.89 2077.17
2755.61 2125.79
3499.19 1992.21
2947.98  2453.5
2719.08 2035.08
2718.61 2355.18
3087.56 2389.78
3641.68 2109.93
3235.22 2454.71
 2650.3 2088.49
3074.51 2499.28
2646.96 2209.04
2719.93 2146.91
3576.78  1959.7
2974.25 2458.44
2632.81  2310.2
2939.34 2431.16
2734.11  2195.5
2815.92 2301.62
2689.47 2356.77
2584.66 2172.79
2646.46 2316.52
2921.48    2456
3055.01 2385.89
2681.37 2197.73
2977.49 2422.61
 2765.7 2286.52
2673.69 2440.94
2991.07 2443.68
2944.17    2405
2688.48 2427.65
3539.09 1886.04
2676.71 2324.75
2711.07 2034.96
2653.41 2177.35
2611.42 2328.27
2696.14 2430.61
 2696.8 2431.94
3587.75 2041.95
3033.06  2428.7
2528.37 2378.22
2617.57 2135.43
 3285.2 2436.58
2621.67 2163.52
2694.94 2337.47
3546.22  1844.5
2751.57 2233.24
2610.96  2326.3
3166.27 2353.74
2797.16 2181.14
2760.39 2151.98
2930.74 2462.88
2756.72 2139.44
3643.42 1966.38
3040.61  2419.6
 2591.9 2219.32
3124.14 2447.51
3635.86    2119
3106.42 2316.13
2753.63 2359.26
2700.81 2100.34
3622.45 2016.03
3080.62 2376.86
3569.52 2053.24
 2789.6 2199.59
 3066.7 2429.33
3040.44 2442.23
2658.16 2222.65
3546.37 1674.26
2747.86 2199.83
3281.65 2420.43
2776.39 2146.94
2694.66 2357.14
3040.24 2442.31
2774.25 2193.17
2645.41 2382.33
2844.35 2348.24
2762.97 2140.01
2696.81 2071.85
2625.24 2096.77
2624.66 2332.24
2613.39  2127.2
2731.83 2126.82
3449.91 1859.65
2693.81 2154.02
2611.44 2189.68
2940.91  2426.4
3638.83 2006.17
 2655.8 2379.08
3570.42 1917.72
2605.87 2174.92
2829.48 2220.62
   2659 2310.61
2668.91 2153.21
2690.34 2353.03
3559.3 1876.2
