3062.46 2381.07
2866.44 2314.14
2856.74 2237.54
2876.18 2187.74
   2903 2235.05
2526.41 2392.15
2926.77 2273.47
3133.71 2370.61
2460.47  2417.8
2929.07 2275.53
2930.31 2321.03
2941.37 2283.82
2478.16 2366.22
2852.34 2467.99
3062.33 2466.68
3143.37 2338.95
2870.71 2255.56
3130.34 2371.94
2831.58 2479.34
2899.11 2405.06
2936.47 2274.73
3138.15 2344.81
2933.89 2321.13
3137.33 2349.87
3142.69 2463.99
2950.34 2344.45
2973.71 2362.96
3181.89 2366.91
2906.39  2248.2
2863.99 2234.99
2935.63 2320.98
3190.09  2340.3
3087.34 2456.95
3113.14 2408.33
2777.38 2339.66
3046.02 2459.16
2854.21  2464.5
2958.49 2346.49
3050.39 2452.58
3040.57 2452.22
 2882.5 2408.34
2857.63 2307.17
 3114.3 2407.67
3220.98 2360.07
2923.19 2405.86
3173.34 2389.08
3078.51 2453.07
2852.66 2486.91
 2814.2 2291.96
2881.93 2274.75
2897.01 2416.98
2900.83 2235.96
3050.91 2443.28
2918.44 2256.42
3149.21 2341.71
2908.28 2371.15
 2886.8 2334.25
2890.42 2225.31
3011.27 2408.47
2978.41 2369.89
2924.19 2366.32
3028.15 2469.29
3055.68 2465.21
3059.83 2456.46
2928.54 2268.35
2843.22 2484.15
3060.48 2443.59
2779.09 2429.69
3115.96 2404.09
3068.43 2470.09
2857.38 2294.06
2847.81 2457.16
3153.21  2331.8
2934.78 2281.94
2887.63 2274.57
2882.76 2215.06
 2857.5 2400.23
3025.35 2464.73
3011.56 2425.81
 2718.6 2303.35
3071.54 2466.98
3144.14 2335.14
2850.81 2198.41
2785.66  2404.6
2912.55 2374.43
3011.36 2409.95
2800.31 2363.33
2850.82  2178.9
2891.73 2388.61
2930.94 2327.46
2847.03 2368.37
2856.89 2174.88
2915.72  2257.3
2899.46 2292.89
2849.86  2369.1
3219.54 2356.58
2924.76 2359.69
2884.92 2219.36
3097.77 2431.37
3110.81 2456.04
2983.31 2379.84
3111.24 2435.51
3050.25  2456.5
2855.65 2400.11
3054.75  2423.6
2877.28 2255.14
2855.97 2300.13
2899.79 2238.57
3130.31 2391.46
3022.02 2408.58
2860.86  2370.3
2923.98 2334.05
3025.09  2463.8
3301.25 2319.55
2905.71 2298.88
2480.15 2418.77
3060.66 2463.85
3025.16 2452.28
2848.8 2240.5
2916.49 2357.34
2925.02 2280.25
2883.32 2280.89
2953.98 2343.08
2950.22 2353.95
2849.83 2314.77
2857.99 2257.03
2886.99 2398.87
3003.77 2462.38
2862.69 2392.89
2844.59 2356.65
  2860 2246.4
3091.24 2426.99
2849.25 2169.95
2896.57 2240.11
2853.82 2360.22
2934.49 2271.25
 2854.7 2249.17
2896.47 2407.09
 2853.9 2252.31
2878.02 2468.32
3455.67 2408.17
2848.29 2277.87
 3046.4 2444.34
3055.25 2456.23
2722.04 2411.63
3038.57  2467.2
2919.91 2366.74
2681.21 2406.94
2790.98 2172.94
3175.72 2403.01
3115.75 2450.22
3047.27 2425.86
2841.93 2446.29
3153.69 2341.47
2714.76 2403.82
 2884.1 2471.69
3021.81 2454.25
2818.36 2330.67
3028.48 2448.25
 2717.9 2386.03
 2893.8 2218.47
2823.02 2199.23
2840.58 2155.23
2931.21 2311.23
2908.95 2248.74
 3118.5 2448.01
2930.64 2381.95
2925.31 2290.86
2852.69 2458.57
3155.64 2329.76
3028.21 2466.43
3175.79 2404.41
2819.81 2339.35
2853.74 2181.97
2852.61 2389.06
2844.16 2335.51
2906.15 2245.62
2942.51 2350.86
2893.26 2225.86
 3147.8 2390.14
2854.14 2419.13
2952.76  2363.3
2907.89 2241.52
2891.75 2371.26
2846.12 2262.63
3120.05 2414.19
2862.55 2355.27
2850.05 2220.25
3024.74 2462.25
2879.43 2206.64
2852.96 2312.33
2518.53 2387.06
2932.03 2375.73
3096.87 2444.13
2877.42 2361.48
2896.76 2392.18
3355.52 2380.18
2929.64 2332.65
2787.33  2323.9
2914.69 2261.18
2846.71 2479.49
3202.05 2330.66
2917.63 2400.08
2822.85 2279.63
3334.73 2292.07
 2853.8 2349.36
 2885.6 2283.56
2739.46 2303.16
3056.84 2458.11
3022.23  2413.1
2816.61 2380.29
3303.83  2331.2
2955.45 2361.79
2758.65 2313.32
 2931.1 2297.92
2845.43 2298.93
3166.73 2385.01
2813.57 2289.52
3102.66 2430.01
3008.54 2398.01
   3020 2454.02
2863.51 2243.62
3174.46 2384.45
2930.55 2291.61
3261.59 2335.26
3236.54  2332.8
3113.97 2459.19
3038.99 2430.02
2853.45  2195.8
2841.89 2491.75
3198.71 2394.77
3056.88 2448.94
3705.73 2135.21
2794.77 2375.96
2941.67 2356.12
3270.77 2309.05
3151.49 2326.64
3031.81 2447.33
2910.54 2264.62
 3175.5 2385.18
2815.98 2222.97
2882.86 2212.24
3175.79 2398.14
2899.59 2314.69
2855.58  2191.5
3126.55 2391.11
2932.91 2370.31
2893.24 2221.02
2841.13 2188.03
2995.14 2465.18
2850.67 2220.74
2852.61 2287.83
3026.39 2454.14
2871.07 2273.05
 3167.5 2341.56
2955.93 2350.92
2852.29 2416.32
3103.26 2466.41
 3035.7 2458.09
2897.15 2293.37
2852.82 2427.46
3319.67 2367.02
 2837.7 2471.52
3125.93 2397.44
2841.67 2467.71
2856.87 2211.53
2963.69 2347.91
 3015.6 2408.66
3107.37 2456.19
3025.67 2459.65
2822.53 2209.96
 2820.5 2349.77
3129.66 2404.04
3029.05 2508.38
3115.63 2400.28
3238.82 2341.04
3306.27 2358.49
3165.03 2385.15
3234.24 2351.61
2941.63 2360.64
3224.99 2350.21
2836.69 2439.43
   3184 2375.94
3142.08  2344.4
3165.14 2375.51
2842.62 2413.96
 3141.7 2405.52
2810.48 2446.05
3165.85 2388.88
2866.88 2276.38
2838.52 2399.65
2848.35 2448.23
3114.58 2430.69
3082.84 2469.79
3233.53 2339.09
2812.71  2329.7
2842.99 2197.75
2932.82 2345.23
2838.74 2273.78
3367.09 2151.11
3010.95 2434.82
2857.04 2212.36
3219.05  2372.4
2928.22 2347.03
3060.02 2451.37
3019.33 2442.31
3033.81 2454.18
2832.78 2257.75
2848.81 2442.75
2857.49  2229.8
2814.87 2377.23
2860.74 2393.05
3049.79 2430.81
2669.35 2483.72
3047.67 2439.07
2817.46 2237.17
2805.59 2339.93
 2911.9 2356.92
3047.05 2432.52
2865.58 2393.75
2829.71 2403.31
3344.11 2142.14
3155.69 2369.99
3108.68 2440.61
2927.37 2294.24
3364.92 2405.26
2848.93 2210.55
2905.03 2254.33
2847.56 2226.67
3333.53 2119.86
2815.52 2275.33
3103.99 2449.44
 3168.9 2406.18
2798.08 2378.11
2814.96 2282.86
2907.22    2305
3083.08 2456.95
2854.92  2364.6
2942.8 2368.3
2937.25 2352.31
2820.41 2410.94
3146.55 2392.72
2813.17  2413.3
2828.77 2249.81
2830.78 2226.54
3019.57 2412.24
2838.27 2211.52
2940.01 2291.23
3129.52 2410.62
3012.45 2446.06
