2017.4   2185
  1584 1996.9
1584.2 1768.1
1648.2 1636.5
1696.4 1791.3
589.17 2147.3
1739.6 1911.3
2174.5 2192.3
369.73 2231.7
1743.6 1917.1
1736.2 2044.1
1768.9 1941.2
408.18 2021.5
1533.5 2463.4
2008.1 2467.7
2203.3 2096.3
1611.4 1828.1
2166.1 2196.6
1492.1 2497.4
1653.8 2281.4
1759.5 1913.6
2189.4 2116.1
1743.3 2044.1
2186.8 2130.2
2201.4 2460.5
1777.3 2115.2
1825.8 2173.3
2312.6 2156.6
1698.7   1828
1600.9 1760.7
1747.7 2043.3
2316.1 2096.5
2060.2 2441.6
2120.3 2306.1
1349.4 2043.6
1973.1 2448.1
  1539 2452.2
1794.4 2121.6
1982.4 2430.3
1962.3 2429.5
1613.8 2288.4
1565.5   1974
2122.2 2304.6
  2446 2109.4
1709.9 2288.4
2282.1 2229.7
2040.9 2432.1
1535.1   2521
1482.2 1935.4
1636.6 1896.7
1609.3 2294.5
1691.7 1794.5
1983.5 2405.7
1724.4 1858.1
2217.2   2104
1679.6   2184
1632.9 2068.9
  1669 1754.2
1904.6 2310.5
1834.7 2193.3
1716.7 2174.9
1936.5 2474.8
1993.2 2464.2
2001.6   2441
1744.2 1896.4
1516.4 2511.4
  2003 2406.2
1340.6 2334.4
2127.7   2292
2021.6 2476.7
1568.3   1935
1524.1 2429.9
2229.2   2073
1754.2 1932.9
1649.8 1896.3
1657.6 1727.5
1549.3 2255.5
1930.7 2462.7
1903.6 2356.6
1191.6 1895.2
2027.9   2469
  2206 2084.4
1586.7 1657.2
1358.1 2252.4
1688.8 2194.8
1904.3 2314.8
1440.2 2148.3
1594.6 1601.7
1638.3 2231.4
1736.1 2062.3
1531.2 2159.3
1608.7 1589.3
1718.2 1859.7
1672.6 1956.5
1536.7 2161.3
2441.4 2096.9
1718.9 2155.9
1660.5 1739.7
  2084 2372.5
  2113 2439.8
1844.7 2221.4
2114.5 2382.7
1981.8 2441.6
1543.9 2255.3
1992.4 2352.8
1626.1 1827.3
1562.9 1952.2
1688.7 1802.3
2163.8 2252.4
1925.6 2310.7
1559.7 2164.7
1720.8 2082.8
1930.1 2460.2
  2794 1899.3
1684.7 1972.2
440.5  2241
2003.3 2461.2
1930.4 2427.7
1566.9 1778.7
1699.1   2145
1734.4 1929.8
1638.7 1914.9
1785.5 2112.2
1773.5 2139.2
1547.4   1998
1580.1 1825.4
1624.7 2259.7
  1886 2455.3
1561.1 2233.8
1529.1 2124.6
1588.2 1795.7
2068.7   2361
1595.9 1577.5
1680.8 1806.2
1546.6 2133.5
1756.1 1903.7
1576.7 1802.8
1648.6 2287.1
1573.4 1811.7
1596.5 2465.5
  4797 2023.3
1554.3 1888.3
1974.4 2407.6
1992.4 2440.8
1182.1 2263.8
1957.7 2468.9
1706.9 2174.1
1066.4 2239.9
1479.1   1603
2286.6 2271.8
2124.9 2422.5
1976.5 2358.9
1513.1 2396.7
2228.2 2101.9
1165.6 2237.1
1607.5 2475.6
1923.7 2434.1
1481.2   2049
1937.1 2418.1
1174.4 2176.7
1678.6 1734.7
1530.1 1665.5
1583.5 1538.2
1740.1 2018.2
1703.8 1827.1
2130.2   2417
1727.9 2217.9
  1733 1959.8
1535.3 2434.8
2234.8 2067.1
1936.4   2467
2286.9 2276.9
1482.2 2075.6
1598.8 1609.5
1539.6 2221.8
1531.1 2061.1
1699.6 1819.8
1758.9 2134.3
1674.6 1756.5
2210.9 2242.2
1538.6 2313.8
  1780 2171.5
  1704 1807.6
1640.5 2180.8
1554.3 1843.8
2135.9 2320.1
1567.3 2120.4
1576 1718
1929.6 2455.7
1647.1 1687.1
1554.7 1989.7
576.87 2128.8
1731.4 2200.3
2080.3 2407.5
1608.9 2148.9
1649.8 2242.8
3091.4 2090.2
1731.9 2076.3
1375.4 1991.4
1715.9 1871.8
1521.3 2498.3
2389.2 2022.2
1698.5 2270.7
  1502 1897.8
2780.1 1887.8
1548.4 2101.2
1642.2 1922.1
1243.8 1898.5
1995.2 2444.6
1925.2 2322.1
1469.3 2197.3
2764.7 1964.8
  1785 2165.2
1295.4 1941.4
1743.1 1979.4
1541.9 1949.5
2265.5 2218.6
1481.8 1930.5
2094.1   2368
1899.2 2282.7
1919.2 2432.9
1596.4 1785.2
2285.7 2216.4
1743.4 1961.5
2580.1 2013.8
2503.3 2010.9
2120.2 2448.5
1959.8 2369.3
1592.4 1649.4
1512.9 2535.3
2360.4 2237.9
1995.5 2421.2
3873.1 1451.1
1427.7 2186.6
1754.8 2145.7
2586.1 1948.6
2224.8 2060.6
1943.7 2414.6
1705.5 1880.9
  2288 2217.9
1507.9 1737.6
1658.1 1717.8
2287.9 2257.9
1668.8   2018
1599.8 1637.2
2155.1 2251.9
1734.3 2184.8
1676.8   1743
1571.5 1630.6
1867.6 2462.6
1577.9 1721.7
1559.9 1917.3
1932.8 2433.5
1607.1 1878.5
2261.9 2100.1
1787.3 2132.8
1537.8 2305.5
2095.5 2469.2
1951.9 2444.8
1668.4 1956.5
1536.4 2338.9
2886.7 2063.2
1503.5 2473.4
2152.4 2272.2
1512.7 2461.9
1593.7 1693.4
1804.1 2126.5
  1913 2311.1
2104.7 2440.2
1931.4 2448.1
1525.5 1698.1
1479.8 2105.8
2161.3 2289.3
1929.8 2599.4
2127.2 2281.8
2505.2 2040.6
2811.3 2043.4
2261.4 2218.7
2492.8 2073.4
1754.1 2158.9
2458.8 2076.4
1501.9 2375.8
2318.3 2182.7
2199.6 2112.2
2261.8 2189.7
1518.2 2298.2
2192.2 2289.7
1450.6   2396
2262.5 2231.2
1596.2 1888.1
1509.9 2254.5
1525.9 2403.1
2123.1 2367.8
2053.2 2477.1
  2495 2031.4
1469.9 2047.2
1570.3 1656.9
1738.2 2113.7
1535.7 1878.9
2977.5 1380.5
1901.8 2380.5
1593.7 1695.6
2442.1   2148
1727.6 2119.6
2002.7   2426
1918.9 2401.1
1948.1 2433.9
1528.4   1833
1526.8 2386.3
1587.3 1745.3
1466.4 2188.3
1557.5 2234.3
1981.7 2371.7
1027.8 2504.3
1977.5 2394.3
1505.6 1776.3
1454.4 2078.1
1690.1   2144
1975.7 2376.8
1563.4 2234.6
1492.5 2266.6
2843.4 1421.1
2238.5 2174.9
  2108 2396.9
  1736 1969.3
2742.1 2292.6
1577.5 1692.2
1695.3 1846.8
1569.7   1740
2857.7 1314.3
1490.2 1886.9
2096.7 2421.9
2269.1 2283.1
1434.7 2192.7
1486.8 1908.8
1687.7 1993.7
2050.5 2442.5
1547.7 2146.2
1757.5 2182.1
1746.7 2134.7
1472.3 2290.2
2206.5 2251.5
1458.2 2297.8
1523.2 1810.1
1534.5 1741.5
1920.5 2320.4
1556.4 1696.7
1764.3 1963.8
2160.6 2307.1
  1904 2410.6
