3035.34 2350.92
2775.96 2257.98
2760.75 2154.28
 2792.6 2098.08
2836.65  2173.4
 1716.8 2259.92
2870.98  2228.9
3112.54  2356.6
1270.46 2292.73
2873.73 2231.62
 2875.2 2285.46
2890.22 2243.25
1327.39 2143.57
2753.98 2459.19
 3033.3 2460.53
 3124.2 2320.62
2783.83 2183.98
3108.64  2358.1
2725.11 2474.07
2831.34 2382.87
2883.17 2230.95
3118.11 2327.87
2879.49 2285.75
3117.18  2333.2
3127.28 2457.68
2902.27  2316.7
2931.94 2341.95
3175.16 2345.46
2840.61 2189.94
2771.57  2152.2
 2882.1 2285.58
3175.63 2323.06
3059.52 2450.48
3088.19 2399.12
2606.64 2266.07
3015.28 2452.92
2757.73 2454.36
2912.45 2319.88
3020.08 2446.01
3009.62 2445.66
2805.88  2385.1
2762.18 2246.78
3089.09 2398.57
3232.13 2330.21
2866.23 2386.77
3162.61 2372.24
3049.88 2446.81
2754.82 2484.04
2701.08 2224.12
2805.09 2216.53
2803.06 2387.61
2833.89  2174.5
3020.58 2436.45
2858.58 2204.86
3130.84 2323.85
2845.26  2342.5
2811.62 2291.79
2816.33 2154.59
2978.13 2398.48
2937.47 2350.29
2867.84 2339.72
2996.05 2463.37
3025.67 2459.18
3029.97 2450.19
2872.97  2222.7
2742.02 2480.02
3030.61 2436.72
2610.88 2400.43
3091.61 2393.84
3040.15 2463.99
2761.79 2229.46
2747.48 2444.71
3135.71 2312.31
2880.98 2238.96
2813.66 2217.16
2806.77 2141.45
2762.39 2369.65
2992.98 2458.63
2978.06 2416.72
 2458.9 2180.81
3043.35 2461.01
3125.19 2316.13
2752.58  2102.1
2622.79  2363.3
2851.27 2347.29
2978.02 2400.18
2681.71 2318.86
2752.52 2076.05
2820.44 2361.44
2875.86 2293.14
2747.17  2327.2
2761.04 2071.48
2854.83 2205.19
2831.71 2244.92
2751.04 2328.27
3229.98 2325.53
2868.63 2331.84
2809.65  2147.3
3071.04 2424.14
 3085.4 2449.85
2943.71 2361.88
3085.95 2428.19
3019.79  2450.4
2758.71 2369.44
3024.86 2415.94
2793.57 2184.66
2759.13 2236.86
2832.52 2177.79
3108.37 2379.24
2989.42 2398.81
2766.85 2330.55
2867.35  2301.2
2992.67 2457.65
 3367.6 2259.71
2840.17 2252.37
 1434.7 2306.98
3030.85 2458.01
2992.79 2444.88
2749.65  2157.8
2856.18 2326.66
2868.79  2236.6
2807.57 2224.74
2906.97 2315.72
2900.77 2326.52
2751.09 2256.51
2762.42 2180.45
2812.35 2373.13
2968.91 2455.72
2769.84 2360.56
2744.42 2311.85
 2765.7 2167.39
3063.43 2419.65
2750.88 2064.35
2827.74 2178.99
2756.81 2316.44
2880.59 2226.51
2758.36 2169.78
2828.15 2385.17
2756.77 2173.63
2796.14 2460.03
4080.94 2300.69
2749.12  2207.4
3015.87 2437.15
3025.25  2450.1
2474.33 2363.23
3007.24 2461.04
2861.84 2339.11
2362.07 2347.03
2668.45 2063.95
3165.11 2387.93
3091.11 2443.31
3016.69 2418.19
 2739.7 2430.27
3135.89 2323.29
2458.21 2349.63
 2803.3 2464.29
2989.24 2447.39
2707.09 2275.91
2996.33 2441.13
2463.72 2320.42
2821.04 2146.43
2713.17  2100.5
2737.76 2043.51
2876.48 2274.66
2843.76 2189.88
3093.64 2441.24
2875.72  2357.9
2869.47 2249.43
2755.18 2446.86
3138.16 2310.19
2996.01 2460.32
 3165.3 2389.83
2709.14 2287.96
2756.26 2080.28
2754.92 2354.78
2743.03 2283.81
2840.63 2186.35
   2892 2324.05
2820.13 2156.07
3130.29    2376
2756.28 2394.66
2905.49 2340.03
2842.59 2181.21
 2820.5 2340.02
2745.96    2187
3095.82 2404.59
2770.37 2311.51
2750.79 2130.07
 2992.4 2455.88
2796.44 2121.81
2755.66  2253.2
1692.61 2246.45
2877.41 2350.68
3069.38 2437.49
2799.05 2325.37
2828.02 2366.53
3478.89 2331.02
2873.85 2298.87
2623.98 2243.11
2854.14 2210.36
2745.49 2474.31
3206.15 2296.75
2858.95 2379.22
2712.83 2208.12
3362.08 2255.26
2756.76 2302.33
2810.27 2228.13
2506.66 2187.49
 3026.7 2451.58
2989.34  2403.3
2704.77 2341.88
3357.54 2282.95
2908.24 2337.57
2555.07 2213.24
2876.55  2258.3
2744.47 2234.38
3154.98 2367.88
2700.46 2221.83
3075.96 2422.48
2974.85 2387.38
2986.83 2446.91
2770.47 2163.18
3164.05 2367.34
2875.87 2250.67
3285.82 2297.52
 3254.3 2294.97
3088.88 2453.16
3008.05 2422.13
2755.79 2098.91
 2739.4 2490.42
3197.29 2376.22
3026.81 2442.51
3747.92 2102.56
2673.89 2335.66
2889.91 2328.66
3286.95 2273.69
3133.38 2307.48
2999.81 2439.78
2848.19 2213.73
 3165.1 2367.93
2704.01  2133.2
2806.31 2137.01
3165.54 2382.79
2832.34  2271.4
2759.73 2093.77
3104.23 2378.94
2878.75 2344.32
2820.52 2150.08
2739.27 2087.74
2958.81 2458.63
2752.44 2131.99
2754.91 2220.94
2994.08 2447.17
2784.42  2206.5
3151.31 2323.32
2908.66 2324.29
2755.59 2391.06
 3076.9 2461.02
3004.19 2451.62
2829.04  2244.7
2755.15 2405.48
3404.74 2319.71
 2733.2 2463.57
3103.2 2386.6
2739.63 2458.56
2760.84 2120.02
2918.22 2322.19
2982.67 2398.82
3081.38    2450
2993.36  2452.9
2713.06 2115.86
2708.81 2301.42
3107.62 2393.17
2991.69  2512.4
3091.25 2389.95
3255.67 2305.96
3376.39 2311.79
3153.12 2367.87
3251.12 2317.78
2889.88 2334.11
3236.96 2318.28
2731.71 2421.08
 3178.1 2355.27
3122.81  2326.6
3152.88 2357.02
2741.96 2387.53
3122.15 2393.65
2695.26  2429.5
3153.79 2372.55
2777.74 2210.11
2735.23 2368.28
 2748.6 2433.13
3090.02 2422.58
3056.03 2464.09
3251.26 2302.38
2698.81 2274.51
2741.06 2100.35
2878.97  2314.8
2735.48  2201.8
3424.94 2065.51
2977.25 2426.16
2761.04 2121.06
3231.09 2344.31
2872.77 2316.91
3030.51 2444.38
2986.57 2434.38
3002.18 2447.35
2726.91 2180.03
2749.09 2425.87
2760.99 2143.89
2702.37 2337.77
2767.43 2360.68
3019.47 2423.21
2326.61 2480.65
3017.42 2431.99
2705.83 2151.48
2689.04 2287.74
2850.59 2325.96
3016.39 2425.16
2771.41 2360.96
2723.29 2373.17
3374.27  2077.8
3142.02 2351.09
3082.87 2433.55
2871.76 2253.65
3352.51 2398.95
2749.49 2117.96
2839.68 2198.06
2748.34  2139.9
3376.08 2034.02
 2703.5 2202.22
3077.45 2443.02
3157.36 2391.95
2679.31 2338.65
 2702.6 2212.14
2843.11  2261.8
3054.69 2450.82
2758.04 2322.05
2892.53 2343.81
2884.75 2323.84
2709.42 2383.11
3128.37 2379.44
2699.41 2386.18
2721.38 2168.92
2723.6 2137.5
 2986.8 2402.58
2735.07 2118.14
2888.57 2252.66
3107.47 2399.89
2978.59 2438.07
