2068.8 2260.5
1717.5 2113.8
1714.4 1934.4
1757.5 1814.4
1792.3 1919.2
  1239 2320.9
1826.3 2006.8
2218.7 2227.6
1164.1 2377.2
  1830 2011.4
1825.4 2122.1
1850.4 2029.5
1186.1 2269.7
  1685 2484.9
2065.9 2483.9
2242.7 2142.5
1733.9   1974
2211.3 2231.4
1651.9 2511.8
1763.9   2331
1843.2 2008.2
2230.7 2158.6
1831.7 2121.9
2228.4 2172.1
2234.9 2477.5
1858.3 2177.5
  1899 2221.4
2325.9 2213.8
1795.5 1949.8
1726.8   1927
1834.8 2121.3
  2347 2141.2
  2117 2458.5
2172.2 2329.2
1574.4 2184.6
2033.2 2464.2
  1688 2476.5
1872.8 2181.7
2041.9 2447.1
2022.4 2446.2
1735.7 2339.8
  1704 2098.4
2174.7 2327.4
2416.8   2192
1805.4 2331.8
  2305 2274.4
2098.8 2448.3
1685.9 2530.5
1636.9 2068.9
1749.2 2017.5
1759.8 2360.3
1788.4 1921.8
  2043 2422.9
1814.8 1967.2
2255.2 2149.2
1781.8 2247.3
1748.9 2159.6
1772.9 1898.8
1966.5 2334.2
1907.1 2238.4
1809.8 2234.1
1998.1 2490.3
2052.5   2480
2060.8 2457.2
1830.3 1994.1
1670.6 2523.6
2062.2 2423.6
  1571 2394.4
2178.4 2317.8
2078.3 2492.9
1705.5 2067.3
1677.6 2458.8
2265.1 2122.4
1839 2026
1758.8 2016.1
1762.2 1876.4
1694.8 2321.4
1992.6 2478.5
1966.4 2378.6
1493.3 2108.8
2084.6 2484.8
2244.8 2132.3
1713.2   1845
1581.8 2335.4
1788.9   2255
1966.6   2338
1606.9 2237.6
1717.9 1800.3
1752.3 2291.2
1825.7 2137.8
  1680 2245.6
1728.8 1789.6
1809.9 1969.8
1775.9 2058.1
1684.5 2247.1
2413.7 2182.6
1811.4 2217.7
1764.9   1886
  2139 2390.8
2166.2 2456.1
1915.4 2263.1
2167.3 2401.5
2041.6 2457.3
1691.8 2321.2
2051.1 2371.6
1744.9 1971.8
1702.3 2081.9
1786.1 1928.2
2209.9 2283.4
1987.2   2334
1702.3 2249.1
1812.7 2154.8
1992.1 2476.1
2616.1 2072.7
1785.7 2071.6
1185.6 2378.6
2062.5 2476.5
1992.2 2446.4
1700.9 1942.9
1797.2 2212.7
1822.1 2023.5
1750.5 2031.9
  1865 2173.7
1857.1 2201.1
1690.3 2117.5
1712.7 1979.8
1743.7 2316.5
1951.1 2472.3
1703.7 2303.4
1677.1 2217.8
  1718 1954.5
2125.5 2379.4
1717.6 1780.3
1780.3 1932.5
1691.7 2225.5
1840.3 2000.1
1708.8   1962
1759.3 2336.1
1706.9 1969.5
1727.2   2486
3022.5 2315.8
1693.3 2030.5
  2034 2425.7
2051.6 2456.6
1488.5 2354.5
2018.5   2485
1802.3 2235.5
1432.2 2345.6
  1625 1801.7
2309.6   2312
2176.7 2440.6
2036.1 2377.7
1668.2 2432.7
2265.1 2148.1
1478.6   2337
1737.4 2494.3
1985.7 2451.5
1638.2   2159
1998.7   2436
  1484 2296.3
1780.1   1882
1668.5 1853.3
1707.4 1749.2
1828.3   2098
1799.8 1950.6
2182.6 2434.7
1819.9 2272.2
1820.9 2049.2
1685.5 2462.2
2270.7 2116.7
1998.2 2482.9
2309.7 2315.8
1639.5 2179.3
1721.9 1806.6
1687.5 2294.8
1678.6 2167.5
1795.6 1943.7
1843.6 2194.2
1777.6 1899.5
2248.1 2278.8
1688.5 2367.1
1860.8 2224.1
1799.4 1933.6
1753.6 2248.9
1692.4 1995.1
2186.7 2344.5
1706.4 2212.8
1707.1 1895.6
1991.4 2472.1
1758.5 1857.5
1695.7 2111.3
1230.2 2310.6
1822.8 2256.7
2136.9 2424.6
1730.4 2226.4
1760.6 2299.6
2750.9 2238.9
1822.8 2150.7
1591.2 2146.9
1807.4 1979.3
1676.1 2512.5
2375.5 2113.9
  1796 2317.8
1652.4 2038.8
2704.4 1992.8
1692.7 2199.5
1753.9 2037.9
1523.1 2105.5
2054.8 2461.5
1987.4 2345.6
1630.8 2276.3
2621.4 2104.8
1865.8 2220.1
1549.7 2126.1
  1830 2065.5
1685.4 2080.6
2290.4 2263.8
1636.3 2063.3
2149.3 2387.1
1961.8 2307.6
1982.2 2450.9
1724.3 1947.3
2307.8 2261.8
  1830 2050.2
2516.3 2120.2
2456.2   2116
2172.9 2464.5
2019.6 2388.7
1718.1 1838.4
1668.7 2541.8
2362.5 2288.4
2054.9 2437.6
3753.9 1534.8
1597.4 2267.7
1841.6 2207.3
2541.6 2047.2
2261.9 2108.9
2005.2 2433.6
1799.6 1988.3
2310.1 2263.7
1652.2 1909.1
  1763 1869.8
  2310 2298.8
  1773 2110.7
1722.6   1828
2201.8 2282.7
1824.8 2243.2
1778.6 1888.1
  1700 1823.5
1934.8 2479.4
  1708 1896.6
1698.7 2053.3
1994.6 2451.2
1731.4 2015.3
2295.8 2146.9
1867.7   2193
1685.6 2360.4
2150.3 2483.6
2012.8 2461.4
1771.9 2059.6
1686.1 2387.2
2658.7 2203.8
1661.5 2493.2
2200.1 2299.6
1667.8 2484.1
1720.1 1873.9
1882.1 2184.7
1974.8 2334.5
2158.9 2456.5
1993.2 2465.4
1665.3 1877.9
1639.5 2203.8
2207.8   2317
2001.1 2591.1
2177.9 2307.7
2460.8 2138.3
2625.2 2180.8
2286.6 2264.3
2448.9 2167.7
1841.1 2218.5
2427.1 2164.7
1659.9 2416.3
  2330 2238.1
2239.3 2157.1
2287.5 2238.3
1670.1 2355.1
2233.9 2320.4
1618.6 2432.4
2288.2 2274.3
1723.9 2023.9
1664.2   2321
1678.5 2437.3
2174.5 2388.6
2107.8 2492.3
2448.4 2133.5
1629.5 2157.4
1700.7 1845.3
  1827 2181.3
1678.6 2022.5
2810.1 1608.4
  1965 2401.7
1720.2 1875.8
2411.3 2225.9
1818.7 2186.2
2061.2 2443.9
  1981 2420.8
2009.1 2451.3
1671.9 1986.1
1679.3 2424.1
1717.2 1916.2
1628.3 2269.2
1700.5 2303.9
  2041 2390.5
1415.5 2518.1
2036.6   2412
1651.6 1941.4
1617.3 2182.2
1789.3 2212.1
2035.5   2395
1708.4 2305.3
  1650 2330.2
2752.9 1589.7
2266.9 2224.2
2161.8 2415.1
  1824 2057.1
2774.6 2310.2
1707.4 1873.4
  1792 1964.7
1701.7   1911
2730.8 1535.1
1641.6   2030
2151.8 2438.6
2294.1 2320.9
1602.3 2272.5
1639.5 2047.6
1787.4 2086.2
2108.2 2458.5
1693.1 2235.9
1842.5 2237.4
1834.1 2198.3
  1635 2348.8
2245.2 2285.8
1623.6 2354.7
  1667 1968.4
1674.8 1914.2
1982.3 2343.5
1690 1878
1846.8 2047.8
2207.2 2334.6
1967.7 2430.5
