1893.3 2515.9
1757.5 1814.4
1714.4 1934.4
2215 2206
2414.4 2463.6
2073.6 2473.3
1826.4 2007.5
2230.7 2158.6
1578.5 2170.2
2100.3 2477.1
  2229 2168.6
2242.7 2142.5
1863.8 2309.7
578.07 1326.2
1843.2 2008.2
1870.3   2452
917.72 1703.8
1579.9 2144.3
1730.7 1774.3
2060.5   2448
1724.5 2006.3
1711.3 1952.8
2427.4 2415.2
2172.2 2329.2
2056.9 2491.9
2188.1 4888.6
2022.4 2446.2
990.26 1477.7
1759.1 1807.7
1858.3 2177.5
2209.7 2245.6
2136.2   2449
1636.9 2068.9
2315.3 2455.3
  2212 4871.1
2216.4 4885.3
2325.9 2213.8
1788.4 1921.8
  2218 4886.8
1719.3 2283.1
1848.8 2165.7
2181.4 4869.2
2213.3 4868.5
1911.5 2263.2
2042.4 2479.8
2304.9 2275.1
  2043 2422.9
2220.4 4888.6
2244.8 2132.3
2078.3 2492.9
1703.9 1924.8
1705.5 2067.3
1966.6   2338
2135.8 2458.8
1375.5 2252.4
1839 2026
2575.4 1611.5
1992.2 2446.4
1084.6 1580.4
2283.7 2213.4
1907.1 2238.4
1313.7 1976.2
2428.6 2448.9
1992.6 2478.5
2167.3 2401.5
2317.6 2409.9
1728.8 1789.6
2098.5 2457.7
2072.3 2481.3
1727.6 2005.7
1028.5 1746.1
1775.9 2058.1
2178.4 2317.8
2579.3 1998.4
1736.5 2315.2
2190.1 2325.7
1678.4 2094.4
2051.1 2371.6
  2194 4876.6
1695.3 1927.1
1822.1 2023.5
  1816 2028.3
  1870 2178.8
1992.1 2476.1
1700.9 1942.9
1033.2 2202.8
1534.3 1701.6
2089.9 2457.9
1715.4 2104.9
1712.5 2412.4
2166.2 2456.1
1699.9   2111
1509.1 2104.1
2050 2371
1982.7 2485.9
2398.8 2138.5
2041.6 2457.3
1718.7 2385.8
1984.7 2478.8
1988.3 2333.7
  2090 2455.8
2265.1 2148.1
  2093 2438.2
2051.6 2456.6
1324.3 1979.7
2430.4 2201.2
1917.7 2282.5
1827.9 2133.7
2082.7 2450.9
1713.6 1906.6
1775.1   1876
581.54   1455
1842.5 2318.9
2309.1 2315.7
  2313 2395.8
1764.9   1886
1775.7 2051.1
1787.8   2461
2018.5   2485
1255.2 1942.8
1780.1   1882
1716.2 1950.8
1695.7 2316.4
1809.9 1969.8
2270.8   2298
2106.3 2365.6
2084.6 2483.5
1023.5 1776.6
1214.4 4839.8
2170.1 2527.8
1819.6 2125.1
1731.4 2015.3
1998.2 2482.9
1706.9 1969.5
1901.3   2268
1688.5 2367.1
3035.5 2260.9
1031.6 1768.2
1804.8 2330.8
1708.8   1962
  1824 2161.5
2052.7 2425.5
2443.1 2411.2
1751.2 2461.8
  1207 1270.9
  2300 2232.5
2167.5 2393.2
1828.3   2098
  2139 2390.8
2442.4 2191.2
1524.1 2117.5
2169.2 2526.5
2270.7 2116.7
2501.7 2118.6
2425.3 2198.1
3149.9 1932.8
1833.3 2298.9
2047 2362
  1819 2288.5
1456.4 2282.7
1683.2 2050.9
  3060 2502.2
1701.5 2038.9
3244.1 1873.5
1818.5 2305.3
1570.6 1795.7
2416.7 2158.4
2063.3 2473.7
1803.7 2132.1
1815.9 2322.2
1653.9 1986.3
2055.5 2463.9
1747.4 2075.3
1818.8 2196.9
1651.4 2021.1
1733.7 2014.4
1512 2349
1668.5 1853.3
1813.8 2460.3
2054.8 2461.5
1724.3 1789.7
3014.6 2279.7
2220.7 2469.1
3036.4 2055.4
1773.1 2300.4
2434.9 2406.9
1985.7 2451.5
2516.3 2120.2
3138.6 2265.2
1812.7 2158.8
2429.3 2232.1
  1830 2050.2
3038.1 2112.1
1991.4 2472.1
  1437 2289.4
1270.5 1942.8
3089.2 2112.8
1325.3 1967.6
1857.3   2152
2186.7 2344.5
  2564 1692.3
1799.4 1933.6
1650 2038
1818.6 2256.6
  1718 2249.2
1697.9 1891.7
  2686 1469.1
1387.5 2264.4
1961.8 2307.6
2272 2288
3087.1 1953.2
1481.2 2341.2
1782.5 1945.4
1704.5 1759.6
  1986 2343.9
2847.3 2019.3
2373.2 2432.8
1854.8 2236.3
1831.6 1984.5
936.91 933.58
  1701 2278.1
1713.2 1990.3
1832.5 2314.2
1687.5 2294.8
3032.2 2188.7
2152.7 2487.5
3060.1 2025.7
1791.3 2130.4
2149.3 2387.1
3052.6 1898.4
2120.7 2453.9
1574.7 1796.6
2172.9 2464.5
1998.7 2474.6
2572.7 2214.1
1723.4 1810.1
2217.9 2190.9
  1830 2065.5
2423.6 2150.7
1315.2 1990.7
2058.9   2365
2207.8   2317
2674.3 2230.6
2299.2 2334.3
  1211 1256.2
1749.9 2326.9
2174.7 2463.5
1506.9 2351.7
2299.3 2333.9
1856.9   2243
1753.9 2037.9
1793.4 2128.8
1639.1   2204
1683.4 2119.2
2168.9 2317.8
3461.2 2502.8
2019.6 2388.7
  1688 2326.6
2033.5 2454.5
  1984 2455.1
1861.9 2189.6
2254.7 2345.9
1710.9 2077.3
1523.3 2102.9
2009.1 2451.3
2286.8 2204.5
1679.6 2273.4
2599.6 2169.7
3470.2 2502.7
1991.1 2344.9
1992.5 2408.9
  2422 2428.6
1680.9 2112.8
2754.3   2414
1824.8 2243.2
2460.8 2138.3
2028.6 2404.6
1985.5 2356.6
1737.1 2126.5
2434.9 2127.1
  2034 2414.2
1303.7 1990.1
1410.6 1565.9
2177.9 2307.7
2841.6 1415.9
1722.6   1828
2658.7 2203.8
1838.4 2239.1
184.55 2100.8
1691.5 2306.4
1720.1 1873.9
1243.2 2336.1
2123.6 2387.9
2639.3 1817.8
1708.1 2163.9
1752.6 2097.7
  1791 2208.6
1481.5 2319.6
1664.2   2321
1993.2 2465.4
3014.7 1950.9
3097.6 2110.6
1815.3   2118
2253.1 2252.4
  2000 2441.2
2039.5 2386.8
2431.4 2386.7
3085.4 1938.8
1643 2344
3448.9 2501.1
2000.5 2447.5
2256.4   2605
2703.3 1749.7
3076.5 2133.5
2004.9 2442.2
1822.8 2150.7
  1981 2420.8
2080.1 2503.4
  1709 2285.9
2049.6 2468.8
895.48 1660.2
1549.5 1840.6
1729.8 1840.8
2285.4   2155
2642.8 2204.4
  1650 2330.2
1771.9 2059.6
2108.2 2458.5
  1967 2431.6
1703.7 2094.4
2617.9 1841.9
1701.7   1911
1789.3 2212.1
1628.6 1734.6
1674.8 1914.2
  1656 1864.8
  2308 2464.9
6049.2 2400.4
1896.4 2246.9
1761.1 2073.7
2151.8 2438.6
1988.3   2426
1788.5 2093.4
1976.3 2433.9
2031.5 2477.5
1541.1 1761.2
1825.3 2051.1
2061.2 2443.9
2711.9 2499.5
2020.7 2414.7
2020.9 2359.1
2082.5 2456.4
  1801 2302.4
2176.3 2396.8
1707.4 1873.4
1681.7 2439.4
3210.1 1027.1
2698.3 1559.4
1798.5 1988.2
1690.2 2159.4
2235.4 2279.8
3116.6 2112.2
1706.4 1729.9
1778.6 1888.1
650.05 1643.6
1741.4 2181.5
