1860.6 2500.6
1737.6 1909.4
1707.3 2017.9
2142.6 2208.3
2293.8 2448.9
2014.6 2459.6
1790.1 2053.1
2155.8 2164.1
1619.3   2231
2040.7 2462.6
  2155 2173.8
2166.7   2151
1823.8 2315.8
971.64 1729.2
1805.1 2053.9
1853.3 2448.8
1290.9 2020.3
  1620 2210.2
1717.5 1884.3
2001.8 2434.5
1715.3 2075.6
  1705 2033.6
2307.5 2407.9
2106.6 2319.5
1998.7 2477.3
2180.3 4893.4
1964.7 2433.5
1310.9 1868.2
  1739 1904.4
1819.1 2198.6
  2139 2244.5
  2075 2434.7
1645.3 2130.9
2197.4 2445.6
2204.1 4875.7
2208.7   4890
  2232 2228.5
1760.1 1987.3
2210.2 4891.4
1713.8 2305.6
1810.1 2188.3
2173.5   4874
2205.4 4873.1
1864.3 2269.9
1984.7 2465.9
2217.7 2279.6
1984.4 2410.5
2212.4 4893.3
2168.1   2141
2018.3 2477.4
1697.9 2010.1
1702.4 2129.3
1911.2 2331.3
2074.8 2444.1
1500.5 2312.4
1801.3 2068.3
2395.1 1768.1
1936.1 2434.9
1353.1 1908.7
2198.3 2224.2
1860.2 2247.8
1470.1   2127
2307.4 2436.2
1937.2 2465.4
2102.8 2389.7
2198.4 2410.5
1716.4 1897.1
2038.8 2443.6
2013.1 2467.3
1717.9   2074
1337.8 2026.8
1751.7 2105.6
  2112 2309.7
2403.4   2079
  1724 2330.3
2122.2 2317.5
1680.7 2151.8
1991.5   2360
2186.1 4881.3
1691.4   2012
  1787 2067.1
1781.8 2072.1
1828.7 2198.5
1936.9   2463
1695.8 2025.3
1338.4 2307.6
1548.1 1822.7
2030.5   2444
  1711 2159.1
1711.6 2415.5
2102.3 2441.5
1699.3 2165.4
1576.6 2189.4
1990.3 2359.4
1928.4 2472.4
2284.5 2171.9
1983.4 2443.9
1717.9 2393.2
1929.8   2466
1931.4 2326.9
2030.2 2442.1
  2186 2156.8
2032.5 2425.5
  1993 2442.5
1477.3   2129
2308.7 2228.5
1869.3 2287.2
1793.8 2164.3
  2023 2437.7
  1706 1994.9
1750.2   1954
677.84 1595.7
1806.8 2326.3
2221.4   2316
2194.8 2400.7
1742.2 1962.8
  1751 2099.1
1768.9 2454.7
  1961 2471.2
1438.8 2111.3
1755.2 1959.2
  1709 2032.2
1697.7 2336.5
1777.4 2023.6
2188.7 2299.2
2044.3 2353.9
2024.5 2470.1
1334.4 2044.8
1209.7   4843
2098.7   2507
1785.5 2156.2
1720.3 2081.2
1942.6 2469.7
1701.9   2047
1854.6 2274.8
1693.2 2378.5
2569.7   2330
  1339 2039.4
1775.9 2339.1
1702.7 2040.8
1789.9 2189.1
1993.9   2413
2319.3 2404.9
1742.9 2456.1
1356.1 1614.5
  2212 2241.7
2102.6 2381.3
  1793 2132.8
2076.4 2376.9
2318.1 2219.9
1589.4 2199.3
2096.5 2504.7
2191.6 2127.5
2364.3 2159.5
2304.9 2224.2
2662.5 2113.6
1799.5   2309
1987.6 2350.6
1787.6 2301.8
1546.2 2328.5
1684.7 2116.9
2647.7 2473.5
1698.2 2105.1
2641.4 2116.8
1787.2 2315.9
1617.9 1952.6
2297.5 2190.5
2004.9 2459.8
1774.6 2167.4
1785.2 2330.9
1658.4 2062.6
  1997 2450.3
  1730 2125.2
1786.6 2220.6
1657.4 2091.7
1722.6 2080.9
1583.4 2375.6
1667.2 1950.4
1785.6 2453.8
1996.5 2447.5
1712.1 1896.6
2556.1 2342.2
2144.3 2454.3
2567.9 2207.2
  1752 2315.8
2312.7 2401.6
1930.1 2439.7
2375.7 2160.7
2629.4 2330.7
1780.4 2187.2
2308.9   2253
  1794 2090.4
2569.6   2240
1936.3 2459.3
1511.7 2327.7
1449.3 2111.8
2599.4 2239.8
1477.9 2120.3
1817.1 2176.8
2118.8 2336.3
  2390 1828.9
1770.1 1997.6
1655.7 2105.2
  1787 2272.2
1713.3 2278.8
1692.4 1982.7
2463 1676
1506.3 2320.2
1906.2   2302
2190.4 2289.3
2591.8 2145.3
1563 2371
1755.2 2007.9
1694.8 1871.5
1929.7 2336.7
2789.2 1987.1
2266.5 2422.1
1816.1 2252.1
1794.9 2033.6
1288.4 1587.3
1702.4 2305.3
1707.2 2064.7
1798.9 2322.5
1690.9 2318.3
  2568 2286.1
2089.3 2471.1
2580.3 2187.7
1763.6 2165.6
2086.3 2375.2
2575.5 2110.5
2059.2 2440.4
1620.6 1953.4
2108.9   2449
1943.2 2461.9
2400.4 2250.5
1712.6   1914
2145.1 2192.6
1794.2 2104.4
2303.6 2183.8
1471 2136
1999.4 2353.6
2137.5 2311.3
2461.4 2270.3
2212.8 2332.8
1358.2 1603.6
1734.4 2339.8
2109.2 2448.7
1579.2 2377.9
2213.3 2332.9
1818.5 2256.9
1735.1 2093.6
1748.8   2142
1650.1 2243.8
1684.7 2172.8
2102.3 2309.5
3058.2 2467.8
1961.7 2377.2
1694.6 2346.5
1975.5 2441.4
1928.6 2443.5
1822.1 2209.6
2176.5 2340.6
1706.8 2136.8
1589.2 2189.1
1952.6   2439
2201.2 2215.6
1683.4 2300.5
2417.1 2217.7
3065.1 2467.8
1933.6 2337.1
1936.1   2399
2300.5 2418.8
1682.6 2167.6
2471.8 2416.2
1792.3 2261.1
2331.4   2175
1970.5 2392.6
  1929 2348.6
1724.6 2172.5
2309.7   2166
1976.2 2402.2
1462.8   2136
1524.3   1834
  2111 2300.6
2650.5 1538.3
1712.4 1929.8
2450.9 2250.2
1802.5   2255
1038.6 2307.7
1694.2 2327.9
1710.4   1968
1432.1 2380.1
  2062 2375.1
2441.2 1941.3
1706.4 2209.4
1735.5 2145.1
1763.7 2232.8
1560.9   2354
1672.6 2340.8
1937.6 2453.1
2551.9 2144.4
2605.4 2238.6
1782.2 2149.8
2173.5 2257.6
1944.6   2429
1980.2 2375.3
2311.7 2382.7
2590.8 2136.9
1655.2 2360.1
3048.7 2466.5
1945.2 2435.3
2140.7 2551.8
2478.3 1900.1
2590.1 2253.4
1947.6 2430.4
  1789 2178.9
1926 2411
2020.4 2487.5
1706.9 2310.3
  1991 2454.9
1278.2 1996.5
1602.2 1987.2
1717.9 1939.3
2204.9 2162.4
2439.5 2250.2
1660.3 2348.7
1746.6 2104.9
  2048 2443.9
1912.4 2421.2
1701.8 2151.2
2429.8   1955
1695.3 1998.1
1763.9 2236.8
1628.7 1849.2
1673.7 2001.8
1657.3 1961.3
2191.7 2453.3
3397.9   2423
1851.3 2256.6
1742.5 2125.3
2089.7 2424.3
1933.4 2414.9
1761.3 2134.6
1921.1   2422
1974.1   2464
1576.3 1903.3
1790.3 2091.4
2002.7 2432.2
2479.3 2474.7
1962.3   2403
1962.3 2348.2
2022.5 2441.1
1772.8 2314.1
2110.2 2385.2
1700.1 1967.3
1688.4 2438.8
2785.7 1388.7
2475.1 1746.2
1766.9 2038.3
1691.9 2206.1
2161.1 2277.6
2615.9 2239.3
1697.3 1849.3
  1754 1964.7
1016.8 1926.8
  1728 2217.3
