3015.96 2478.26
2923.61 2203.57
2905.26 2250.41
3166.32 2368.34
3251.15 2458.58
3104.47  2462.2
2972.14 2284.72
 3172.4 2351.84
 2831.9 2340.66
3116.84 2463.52
3171.83 2355.35
3177.32 2346.36
2999.87 2401.21
 1513.9 1667.05
2981.28 2285.66
3004.17 2454.51
 2205.7 2054.53
2831.93 2330.13
2905.25 2185.06
3098.35 2453.13
2914.63 2279.99
2904.37 2257.75
3256.28  2442.2
3148.85 2411.33
3096.61  2468.9
2887.38  3748.4
3080.27 2452.45
2244.95 1934.05
2924.12 2200.89
2994.62 2351.22
3164.54 2382.24
3133.22 2453.52
2864.82 2301.55
 3210.8 2455.76
2910.47    3722
2909.08 3735.57
3213.66 2372.59
2947.27 2249.07
2909.75 3736.65
2919.99 2388.98
2989.29  2346.5
 2888.9 3729.91
2912.23 3718.87
3023.97 2384.48
3089.79 2464.58
3205.59 2393.59
3090.05 2444.07
 2910.9 3737.79
3178.04 2342.79
3106.62 2469.21
2898.53 2245.93
2906.03 2303.64
3052.59 2412.79
3133.04 2456.99
2694.46 2368.93
2979.69 2292.43
3298.71 2164.49
3065.67 2452.51
2373.74 2015.31
3195.96  2371.9
3021.31 2375.15
2633.11 2243.73
3256.8 2453.6
3065.85 2464.19
3147.08  2436.8
 3211.7 2440.15
2905.16 2191.37
3116.02 2456.61
3103.85 2465.07
2916.41 2279.89
2342.03 2097.78
2946.12 2302.64
3151.51 2407.36
3310.72 2302.48
2930.32 2401.69
3156.75 2410.24
2890.99 2313.46
3093.68 2425.62
2895.67 3733.62
2893.52 2246.41
2970.41 2290.82
2967.26 2292.46
3000.83 2351.98
3065.61 2463.32
 2897.7 2253.18
2393.69 2332.95
2773.71 2137.36
3112.05 2456.68
2913.19 2318.96
2917.41  2439.1
3146.68 2456.04
2904.33 2320.85
2783.88 2310.74
3093.15  2425.4
  3061 2466.9
3242.46 2347.57
3089.43 2456.47
2920.84 2428.83
3061.99 2464.31
3063.22 2411.41
 3112.1 2455.93
3187.05 2348.73
3113.47 2449.65
3094.16 2456.22
 2641.8 2246.09
3255.99 2369.54
3027.41 2391.75
2977.22  2333.7
3108.71 2454.18
 2903.3 2238.99
2937.34 2229.88
1587.01 1779.83
2988.72 2404.42
3207.69 2407.66
3209.75 2435.29
2932.06 2233.39
2945.75 2299.88
2959.94  2457.9
3078.37  2466.5
2582.35 2223.69
2940.51 2232.59
2907.16 2257.18
2906.79  2401.6
2961.5 2269.2
3191.43 2401.22
3119.34 2423.79
3109.57 2465.83
2341.25 2113.62
1770.13 4302.51
3148.25 2481.29
2972.47 2330.16
2919.04  2283.9
3068.57 2465.78
2902.59 2264.32
3018.81 2386.12
2903.14 2421.32
3474.67 2393.84
2348.79 2110.28
2968.55  2408.5
2903.35 2261.36
2975.86 2344.27
3094.64 2445.03
3262.49 2440.88
2939.57 2458.23
2433.56 1858.69
3203.07 2378.76
3147.13 2433.88
2976.38 2319.96
3134.35 2432.91
3260.64 2366.27
 2794.5 2316.97
3147.86 2480.83
3188.87 2337.76
3282.92  2342.3
3253.92 2368.42
3510.22 2288.43
2983.55 2396.75
3091.68 2422.13
2975.71 2392.61
2753.52 2383.79
2892.17 2296.17
3483.16 2470.67
2902.54  2292.1
3540.57 2269.68
2975.67 2398.98
2806.38 2182.53
3249.96 2354.69
3099.65 2462.35
2963.99  2332.4
2974.48 2405.36
2871.52 2268.57
3095.99 2458.84
2930.61 2308.38
2973.9 2357.7
2871.64  2282.7
2920.33 2283.64
2792.56  2412.2
2872.94 2214.18
2974.12 2457.63
3095.67 2457.98
 2902.5 2191.11
3467.78 2399.77
3170.62 2460.57
3473.65 2327.56
2950.71 2396.49
3259.24 2439.41
 3062.5 2454.36
 3288.6 2343.06
3508.62  2395.6
2969.65 2342.94
 3255.9 2380.08
 2975.7 2301.51
3474.67    2346
3065.27 2461.86
2740.03 2386.18
2595.21 2224.95
3491.64 2346.58
2641.72 2240.65
2993.46  2341.5
3155.39 2416.83
3297.03 2193.93
2954.01 2254.33
2871.54 2289.53
2974.98 2380.48
2918.61 2375.75
 2893.1 2231.97
3336.33 2114.78
2703.68  2374.4
 3049.9 2401.58
3191.84 2397.75
3489.61 2294.54
2771.67 2408.58
2945.09 2258.24
2888.51 2176.99
3062.18 2415.12
3408.62 2313.68
3234.56 2448.09
   2994 2373.43
2974.04 2275.92
 1970.5 1507.22
2909.29 2386.72
 2907.3 2273.04
2983.32 2402.53
2901.65 2393.03
3473.21 2370.67
3140.62 2467.12
 3481.3 2318.08
 2957.1 2331.38
3138.97 2431.65
3477.47    2276
3126.19 2455.25
2809.17 2183.25
3149.65 2458.99
3068.82 2462.76
3311.27 2375.45
2903.31  2199.6
3167.36 2363.05
2976.23 2307.45
3252.61 2352.15
2635.34 2250.45
3097.31 2423.29
3164.45 2407.32
 3349.1 2381.84
3203.68 2414.02
2434.01 1850.52
2938.06 2406.37
3150.45 2458.64
2789.19 2413.24
3203.72 2413.88
2995.23    2376
 2932.9 2293.83
2958.21 2330.82
2870.72 2356.07
2894.85 2323.56
3147.29 2407.28
3611.73  2470.6
3078.77 2431.63
2902.41 2405.49
3085.57 2455.46
3061.67 2455.67
 2996.8 2355.89
3184.92 2417.76
2909.58 2307.83
2793.37 2310.84
3073.87  2454.3
3197.15 2368.84
2896.62 2384.49
3320.91 2360.84
3614.55 2470.57
3064.69 2415.52
3065.74 2438.86
3254.16 2446.72
2893.14 2320.91
3378.72 2442.33
2978.09 2375.49
 3267.2 2348.43
3083.14 2437.42
3062.04 2419.75
2926.45  2328.2
3256.77  2344.2
3085.75 2440.91
2626.07 2249.37
2667.72 2058.96
 3151.2 2403.79
   3393 2099.95
2903.98 2207.03
3343.17 2372.82
2985.32 2374.18
756.817 2158.95
2904.18 2397.63
2905.29 2225.91
2592.26 2402.48
3127.36 2431.82
3329.52 2241.07
 2910.8 2342.06
2934.36 2317.39
2958.95 2361.57
2771.55 2399.64
2888.22 2402.97
3066.16 2459.42
3465.31 2293.01
 3494.4 2345.93
2969.92 2327.29
3183.41 2385.14
3069.46 2450.62
3088.26 2431.04
 3257.8 2432.57
 3488.9 2289.77
2875.76 2411.78
3607.87 2470.08
3069.71 2452.91
3185.37 2507.77
3351.75 2218.63
3487.58 2353.17
3071.83 2450.99
2974.92 2340.09
3060.15 2443.16
3107.43 2472.96
2914.07  2389.9
3093.21 2460.61
2168.68 2024.07
2795.72 2200.57
2909.04  2212.8
3195.81  2351.5
3337.32 2372.87
2879.82 2406.41
2943.93 2303.08
3120.48 2456.89
3053.28 2447.07
2905.98 2314.38
3322.02 2249.02
2896.46 2240.14
2958.09 2362.87
2839.33 2160.37
2880.45 2239.96
2865.96 2218.22
3207.76 2459.06
4712.25 2431.78
3015.94 2378.15
2938.34 2308.24
3140.23 2449.85
3063.74 2445.07
2954.39  2316.9
3057.87 2447.93
 3084.6 2463.77
2783.73 2164.86
2973.18 2301.69
3098.67 2451.65
3363.57 2470.22
3079.39 2441.05
3079.22 2420.91
3108.62 2456.14
2966.12 2397.64
3151.06 2435.18
2897.72 2224.96
2899.52 2449.52
3514.73 1953.43
3344.27 2149.37
2955.98 2275.98
2900.16 2339.76
3176.09 2394.54
3500.67 2346.57
2887.47 2164.42
2939.99 2234.98
1792.05  1949.8
2930.48 2349.87
