   2999 2472.69
2917.54 2241.44
2905.06  2283.9
3134.17 2368.06
3201.82 2453.55
3076.52  2457.3
2953.88  2301.2
3139.38 2352.47
2859.24 2366.38
   3089 2458.38
3139.19 2355.92
3144.03 2347.98
2978.67 2403.03
2275.22 2079.02
2962.21 2302.06
2995.23  2453.3
2617.79 2262.29
2859.15 2358.06
2904.35 2230.04
3070.32 2448.19
2912.09 2307.32
2904.38 2290.12
3207.49 2439.44
3119.14 2407.34
3068.82 2463.74
2879.99 3756.22
3052.15 2447.76
2622.04 2193.51
2918.09 2239.48
 2974.1 2358.36
3133.07 2380.93
3105.12 2448.37
 2872.3 2326.95
3160.46 2452.36
 2903.3 3729.38
2901.99 3743.08
3174.03 2376.51
2934.31 2273.96
2902.62 3744.09
2917.16 2397.65
2968.96 2354.21
 2881.5 3737.63
2905.08 3726.22
2999.59 2386.26
3062.01 2459.61
3168.42 2394.29
3061.79 2439.41
2903.59 3745.41
3144.46 2344.42
3078.29 2463.75
2899.16 2280.34
2906.41  2328.2
3024.67  2409.8
3105.04 2451.74
2784.31 2396.99
2960.63 2307.55
3231.64 2215.96
3037.89 2448.23
2659.07 2215.87
3159.26 2374.53
2997.06 2377.87
2758.13 2318.76
 3207.5 2449.18
3038.45 2459.46
3117.86 2432.37
3160.84 2440.06
2904.43 2235.25
3088.09 2451.53
3075.8 2460.1
2913.54 2306.78
2655.58 2268.28
2934.11 2320.46
3121.52 2403.89
3243.31 2327.04
2923.36 2407.38
3126.26 2406.77
 2894.3 2336.45
   3065 2421.03
2888.34 3741.23
2895.38 2280.82
2952.66 2306.57
2949.93 2308.35
2979.28 2358.54
 3038.3 2458.58
2898.59 2286.38
2667.78 2391.85
2793.44 2192.64
3084.14 2451.67
2912.35 2340.25
2916.9 2440.3
3117.76 2450.83
2905.69  2342.4
2831.28 2348.43
3064.41 2420.81
3034.01 2462.05
3195.7 2357.4
3061.37 2451.59
2920.43 2431.69
3034.72 2459.69
3034.89 2408.37
3083.99 2450.98
3152.74 2350.41
3085.07 2444.99
3066.06 2451.09
2763.2 2319.9
3206.67 2377.47
3002.47 2392.84
2959.42 2344.56
3080.55 2449.38
2903.27 2274.57
 2927.1 2260.15
1825.89 1924.69
2969.59 2406.81
3170.36 2407.08
3159.23 2436.61
2922.91 2263.31
2933.49 2317.88
2949.48  2455.5
3050.33 2461.57
2735.42 2310.72
2930.22 2262.48
2906.68 2289.72
2908.21 2409.47
2945.64  2289.1
 3155.9 2400.89
3090.34 2419.19
3081.27  2461.1
2654.03 2276.14
1757.12 4314.03
3116.03 2474.19
2954.62 2341.21
2915.21 2309.73
3041.16 2461.04
2903.11 2295.37
2994.54 2387.96
2905.99 2425.81
3310.99 2414.12
2657.29    2274
2952.75 2411.35
2903.32 2292.91
 2957.9 2354.03
3066.43 2440.35
3212.39 2438.44
2934.89 2456.04
 2630.7 2076.04
 3165.5 2380.89
3117.73 2429.37
2958.11 2332.36
3105.58 2427.67
3210.49 2374.61
2839.71 2352.82
3115.02 2473.38
3154.67 2340.06
3228.75 2354.31
3205.03 2375.93
3343.59 2342.79
2965.39 2400.14
3063.02 2417.58
2958.76 2397.23
2814.79  2404.3
2895.54 2322.68
3340.28 2461.76
2903.12 2318.45
3335.84  2343.6
2958.73 2402.61
2847.38 2252.74
3201.47  2364.1
3071.84 2457.38
2948.85 2345.26
 2957.8 2408.32
2877.71 2299.88
3068.01 2453.93
2922.32 2327.47
2956.78 2366.09
2878.25 2311.59
2916.53  2309.7
2839.19 2423.76
 2877.8 2254.49
2958.73 2455.16
3067.76 2452.91
2901.85  2234.8
3305.91 2418.12
3136.87  2455.4
3309.38 2373.09
2939.11 2402.12
3209.64 2437.29
3034.87 2449.99
3233.42 2354.89
3333.26 2414.65
2952.58 2353.07
3207.04 2385.98
2957.34 2315.91
3310.33 2384.09
   3038 2457.21
2792.06 2403.46
2742.9 2311.4
3321.53 2384.28
2763.25 2316.25
 2972.5 2349.96
3124.86 2413.44
3231.57 2238.01
2940.44  2278.5
2877.72 2316.97
2957.98  2385.9
2916.45  2387.2
2894.62 2268.98
3256.17 2184.36
2788.33 2400.29
3021.79 2398.85
3156.56 2397.42
 3317.7 2352.56
2826.16 2421.72
2932.41 2281.96
2890.05 2223.42
3034.12 2411.98
3387.67 2302.13
3190.26 2444.25
2973.55 2378.72
2955.81 2293.73
2570.18 2052.88
2910.54 2397.36
2906.93 2302.66
2965.23 2405.27
   2904 2402.28
3310.09 2399.48
3111.77 2461.39
3313.86 2366.67
2942.64 2344.26
3110.17 2427.11
3311.1 2340.6
3097.73  2450.4
2849.12 2253.22
 3120.8 2453.51
3041.46 2458.17
3244.53 2386.06
2903.11 2241.97
3135.05 2362.48
2957.91 2321.37
3203.94 2361.85
2759.12  2322.6
3068.79 2418.76
3133.15  2404.7
3268.95 2393.36
3166.75  2412.9
2630.97 2070.87
2929.42 2411.17
3120.93  2453.4
2836.55 2424.64
3166.97 2412.94
2974.93 2380.59
2924.21 2315.17
 2933.6 2334.64
2878.37  2372.2
2897.29 2344.91
3117.07 2403.73
3482.58 2459.75
3050.45 2427.13
2906.51 2413.34
3057.49 2450.67
3034.12 2451.39
2975.96 2362.63
3150.85 2415.39
2909.22 2331.31
2839.29 2348.68
3046.15 2449.76
3160.41 2371.53
2899.33  2395.2
3250.88 2375.03
3484.86 2459.74
 3036.1 2412.16
3037.78 2435.01
3204.59 2443.18
 2895.9 2342.79
3273.76 2442.62
2960.71 2381.74
3215.41  2359.2
3054.89 2432.82
3033.88 2416.37
2920.61  2345.9
3206.23 2355.73
3057.73 2436.35
2753.41 2322.27
2778.15 2195.78
3120.98 2400.63
3325.25 2139.78
2903.84 2248.43
3264.64 2386.45
 2966.2 2379.58
2403.48 2384.33
2906.06 2406.07
2904.59 2263.88
2737.98 2424.19
3098.83 2426.94
3255.58 2279.66
2911.01 2359.91
 2926.1 2335.46
2944.29 2370.31
2824.63 2414.83
2893.48 2410.86
3038.66 2454.93
3302.59 2351.75
3323.76 2383.93
2952.61 2338.64
3148.72 2386.03
3042.14 2446.08
3059.57 2426.54
3209.16 2430.78
3317.22 2349.72
2883.29 2418.27
3479.44 2459.34
3042.45 2448.39
3134.96 2489.92
3269.36 2266.04
3318.16 2388.74
3043.64  2446.6
2957.15 2350.08
3032.73 2439.39
3079.28  2467.4
2913.23 2399.38
3065.09  2455.6
2605.74 2250.48
 2839.3 2266.32
2907.57 2252.59
3161.19 2352.74
3260.13 2386.34
2886.23 2413.83
2931.18 2320.02
3092.45 2451.64
3025.85 2443.12
2906.74 2336.86
3251.33 2284.22
2897.07 2275.37
2944.48 2371.86
2847.88 2209.85
 2884.3 2275.86
2872.33 2258.46
3157.96 2455.05
3591.84 2445.69
 2992.5 2381.04
2929.5 2327.9
3111.93 2444.68
3036.48 2440.86
2940.46 2332.12
3030.28 2443.44
3056.81 2458.92
2817.76 2229.47
2955.33 2316.18
3070.76 2447.36
3276.71 2462.28
3050.88 2436.59
3050.54  2416.5
3080.31 2450.61
2950.73 2401.74
3121.23  2430.8
2898.45 2263.09
2903.46 2449.29
 3371.2 2087.46
3263.56 2210.68
2940.3 2294.5
2902.43 2358.26
3143.42 2392.98
3327.67 2384.25
 2890.2 2214.32
 2929.8 2264.63
2353.81 2192.47
2923.69 2363.51
