1295.6 2516.8
1707.3 2017.9
1737.4 1908.8
1568.2 2453.7
1848.9 2502.6
1808.2   2340
1614.5 2350.7
1346.6   2053
2014.6 2459.6
1790.1 2053.1
587.31  265.9
1560.6 2200.5
2293.8 2448.9
1438.6 2129.1
2186.1 2398.5
  2155 2173.8
1360.2 2343.4
2009.7 2453.9
2138.6 2231.1
2138.5 2269.8
  1996 2367.6
986.06 2168.2
2216.9 2343.6
1805.1 2053.9
2136.8 2268.7
241.58 2586.8
2155.6 2176.4
2166.7   2151
1810.1 2188.3
1798.3 2153.2
1556.8   2453
1416.9 1739.7
889.43 2132.9
2212.6 2460.2
2075.5 2463.6
1812.3 2188.2
1527.8 2499.2
2167.6 2155.1
1819.1 2198.6
  1705 2033.6
2038.8 2434.3
2022.2 2459.1
1574.6 2489.3
4228.9 422.47
174.37   1991
2395.1 1768.1
2419.3 1825.2
1964.7 2433.5
2176.8 2156.2
2141.5 2217.9
1602.4 2372.5
  2075 2434.7
  2011 2445.7
  2410 1787.7
  2339 2252.1
2109.7 2318.5
   997 2302.2
1760.1 1987.3
1315.9 1481.5
1591.5 1984.7
2057.6 2443.6
  1244 1583.9
1476.7   2427
1828.7 2198.5
2168.1   2141
2217.7 2279.6
3003.9 2224.2
2198.3 2224.2
1864.3 2269.9
1697.9 2010.1
2220.9 2222.7
1701.1 2155.6
1450.3 2315.4
  2295 2210.3
2204.6 2142.1
1865.8 2270.1
1975.1   2363
1974.2   2364
1486.3 1859.3
1911.2 2331.3
2403.4   2079
1811.8   2215
2139.2 2280.1
2074.8 2444.1
1695.4 2265.6
1766.6 2123.6
  2112 2309.7
1696.5 2286.3
2307.4 2436.2
1875.5 2441.3
1931.4 2326.9
2281.3 2661.7
2038.8 2443.6
2284.5 2171.9
2122.2 2317.5
1829.2 2317.2
2410.3   1940
1860.2 2247.8
  2137 2247.7
1576.6 2189.4
1531.9 2465.3
1964.5 2443.9
1770.9 2254.4
2049.3 2412.5
2363.1 2422.4
1715.3 1889.5
1438.8 2111.3
1991.5   2360
4419.4 186.89
1983.4 2443.9
2581.7 1932.7
1776.2 2284.3
2493.7   2179
1695.8 2025.3
2093.8 2276.6
1827.8 2461.7
1819.2 2228.9
1750.2   1954
2617.3 2150.8
995.25 2325.7
  2139 2244.5
1612.5 2381.5
1682.8 2254.8
2030.2 2442.1
1938.7 2382.5
1700.5 2287.2
2568.3 2362.2
2563.8 1690.7
1696.9   2221
2011.3 2411.8
1990.3 2359.4
721.79 2038.4
1781.6 2059.7
  1993 2442.5
1566.1 2336.1
2068.2 2423.8
  1794 2040.5
1790.1 2234.7
  2186 2156.8
1697.7 2336.5
1600.1 2434.2
2114.4 2421.8
1440.2 2356.8
1526.9 2481.2
2878.4 2415.4
977.29 2135.5
1581.8 1835.7
  1577 2210.5
1695.3 2242.2
2102.3 2441.5
3448.2 2495.1
2908.4 1884.7
1700.1 2160.8
  2023 2437.7
1694.5 2339.9
1875.5 2348.9
1105.1 1809.1
2987.1 2399.5
1687.5 2113.2
1461.5 2107.7
  1751 2099.1
1449.9 2351.4
2647.3 1383.9
1742.9 2456.1
1697.4 2181.4
  3389 2225.1
3000.4 2395.2
701.49 2029.6
3276.5 2170.3
1788.3   2199
3173.9 2428.8
1534.7 2376.1
1755.2 1959.2
2318.1 2219.9
1749.7 2151.5
1555.5 2362.7
1780.4 2187.2
1869.5 2269.2
3833.2   1999
1787.2 2027.9
2031.3 2430.7
1031.5 1372.7
2553.4 2347.8
   531 2198.1
3188.5 2500.1
2567.9 2207.2
1993.9   2413
1699.4 2090.3
1681.6 2369.2
3346.2 2233.5
1759.8 2105.8
2298.3 2441.3
  2198 2162.2
1927.3   2439
3183.5 2483.6
1706.9 2310.3
1689.8 2084.5
1992.2 2358.3
1722.6 2080.9
  1997 2450.3
2082.9   2316
1786.8   2210
2364.3 2159.5
1694.6 2346.5
2326.3 2166.9
1987.6 2350.6
1962.9   2377
1702.7 2040.8
2629.4 2330.7
992.35 2455.4
3455.5 2499.9
973.65 2173.2
1790.3 2164.4
1497.3 1848.8
1785.5 2156.2
1495.7 2413.3
1936.3 2459.3
2577.7 2111.3
2359.4   2429
2128.2 2545.6
992.98 2411.4
1941.5 2455.7
2306.9 2376.6
2228.8 2223.3
1585.6 2373.8
1817.1 2176.8
2556.1 2342.2
2463 1676
2569.6   2240
2297.5 2190.5
1453.8 1719.8
2579.5 2074.9
1785.2 2330.9
1780.2 2142.4
2422.3 2287.1
1795.9   2295
1996.5 2447.5
1681 2115
1929.7 2336.7
742.75 2041.2
  1794 2090.4
1479.4 2118.9
1770.1 1997.6
2143.6 2189.4
1701.6 2076.9
2421.9 1892.6
1681.6 2213.3
1906.2   2302
2141.7 2290.4
1703.6 2048.8
1684.9 2211.3
1847.6 2232.7
1583.4 2375.6
1692.4 1982.7
1421.8   1783
  2568 2286.1
1730.7 2445.3
756.27 2033.1
2295.9 2186.3
1418.1   2354
2144.3 2454.3
2136.6 2319.2
1665.8 1936.7
1422.2 1787.5
997.03 2142.6
1737.2 2187.4
1702.4 2305.3
1449.3 2111.8
1462.8   2136
2822.4 2417.2
2119.5 2336.2
1147.9 1707.4
993.11 2500.4
  1738 2110.7
1789.9 2189.1
1761.3 2271.7
2190.4 2289.3
1787.6 2301.8
3965.2 934.94
1094.9 1843.9
1757.9   2342
1794.2 2104.4
2351.6 2159.4
1534.6 2335.5
1530.2 2377.6
1683.4 2300.5
1768.6 2139.8
1766.9 2038.3
2603.3 1697.8
2326.2   2209
1175.7 1534.2
2616.2 2047.5
2410.2 2292.8
2269.4 2198.7
2518.1 1639.5
  1939 2439.6
2267.3   2194
985.84 2144.9
1684.7 2172.8
1939 2439
1437.3   2318
1092.3 2178.7
1928.9 2347.4
774.54   2056
1543.7 2467.1
1952.6   2439
1995.3 2425.2
1582.2 2014.9
2180.9 2213.7
763.05 2187.7
  1789 2178.9
1291.3 1473.3
1983.8 2374.7
2638.1 1399.2
1818.2 2381.9
1184.1 2012.9
1933.6 2337.1
1416.1 2091.9
  2419 2059.1
2115.6 2326.4
1487.8 2454.1
  2111 2300.6
2287.3 2269.4
2306.2   2195
  1468 2352.3
1802.5   2255
1602.2 1987.2
1821.1 2471.8
1752.4 2286.8
1422.9 2343.9
1208.2 1533.4
3375.3 2229.5
2211.2 2229.7
1694.2 2327.9
1563.9   2506
1057.8 2244.4
2108.9   2449
1970.5 2388.4
2097.9   2402
2591.6 1769.4
  1927 2360.5
2412.9   1892
766.81   2140
1659.1 1943.2
1862.1 2292.6
2299.1   2431
4029.1 86.481
1780.6 2013.2
1514.3 2398.8
1995.5 2420.5
1435.2 2377.8
1831.2 2277.5
1944.6   2429
1691.7 1963.4
2558.6   1737
1458.1 2295.9
2304.2 2218.3
2557.3 2228.1
1606.1 2355.1
1799 2212
1763.8 2342.6
1672.6 2340.8
1808.2 2083.8
1792.9 2177.8
3149.1   2416
1824.6   2592
4245.5 1194.7
2200.8 2239.7
2213.1 2486.1
3807.4 324.42
2193.5 2160.3
1580.7 1997.7
4639.5 654.26
1096.3 2323.3
2282.8 2216.6
1977.8 2424.5
3755.6 371.63
3387.2 2412.5
1268 2523
1977.4 2379.5
1659.9 2370.4
1442.1 2406.2
1851.3 2256.6
3175.9 2486.1
2113.7 2379.4
2737.9 2420.9
2657 2464
1806.6 2253.8
3279.4 2230.4
1791.5 2205.5
1170.7 2281.7
1741.8 2106.7
1705.2 2092.2
1411.6 1799.4
2178.9 2413.7
  1706 2322.7
1937.9 2338.1
2409.9 1958.7
1818.3 2293.6
1169.1 1751.5
2295.3 2246.7
1649.5 1844.6
1660.3 2348.7
1533.6 2060.9
1494.7 1897.8
2747.5 1609.4
  1466 2331.7
1697.3 1849.3
1751.8 2343.2
1760.3 2278.8
1632.1 1850.6
1667.8 1847.8
1695.3 1998.1
1775.8 2117.1
4254.1 1204.2
3620.3 2476.7
1170.5 2009.2
1678.3 2329.7
1398.8 2475.3
  1477 2485.8
2020.5   2421
4229.7 198.75
2398.5 1754.3
1962.3 2348.2
2102.6 2414.1
