2765.07 2485.38
2918.76 2311.59
2928.58 2271.24
2869.96 2465.03
2991.09 2481.37
2968.32 2423.04
2885.63 2429.73
2779.97 2339.91
3065.41 2466.07
2955.16 2319.25
725.022 364.109
2862.38 2380.18
3178.23 2463.19
2813.52  2360.2
   3133 2447.79
3127.07  2364.8
2788.62 2430.94
3062.99 2463.86
3120.96 2384.31
3121.05 2398.29
3056.27  2431.3
2655.86 2384.51
3152.89 2426.51
2962.61 2320.03
3120.24 2397.66
5443.51 2364.33
3127.37 2365.54
3131.72  2357.2
2967.42 2367.89
2961.26 2355.94
2865.29 2464.88
2796.72 2236.88
2625.03 2376.93
3151.16 2466.58
3094.28 2467.47
2968.29 2367.76
2850.52 2480.01
3132.39 2358.72
2971.46 2371.58
2918.22 2316.77
3077.08 2456.39
3069.08 2465.71
2870.28  2476.9
3903.73 1628.86
2016.25 2286.87
3203.14 2250.48
3213.25 2269.29
3041.12 2455.84
3136.48 2358.74
3121.87 2380.15
2880.83 2437.43
3094.36 2456.46
3063.74 2460.83
3209.07 2256.87
3193.75 2400.95
3109.66 2414.57
2663.52  2423.4
2940.13 2296.75
2751.12 2166.36
2870.84 2306.58
3085.88 2459.98
2725.05 2198.23
 2830.3 2456.85
2976.35 2371.49
3132.17 2353.19
3152.67 2404.61
3339.11 2413.25
3144.37 2385.67
2993.59 2396.72
2914.09  2308.5
3152.99  2385.6
 2919.6 2359.99
 2820.7 2420.38
3178.72 2385.66
3148.52 2353.78
2994.55  2396.7
3046.13 2429.05
3045.63 2429.67
2825.78 2270.32
3014.82 2417.89
3212.15 2349.39
2969.03 2377.62
3121.65  2401.9
3094.16 2460.12
2918.52 2398.87
2946.29 2345.96
3110.22 2411.63
2919.13  2406.4
3183.71 2458.92
3007.09 2460.96
3024.39 2415.84
3145.14 2516.13
3077.03 2459.83
3175.03 2372.42
3114.6 2414.8
2977.92 2414.84
3212.44 2305.92
2991.36 2388.49
3120.24 2390.35
2869.63 2376.49
2853.53 2468.96
3041.02 2459.84
2950.08 2392.38
3081.92 2448.73
3204.55 2454.59
2918.63 2265.33
2814.44 2354.91
3054.13 2428.11
 4004.2 1456.73
3050.23 2459.91
3245.76 2328.12
2952.62 2402.92
3228.61 2389.92
2913.27 2313.71
3100.63 2400.62
2976.9   2467
2972.18 2382.97
2935.06 2285.88
3277.76    2378
 2662.9 2430.14
3121.06 2389.33
2885.33  2440.5
2912.17  2395.1
3072.95 2459.45
3028.61 2436.92
2920.81 2406.68
3244.75 2442.02
3235.67 2262.12
2918.15 2383.09
3063.93 2448.41
3053.27 2427.67
2570.95 2355.28
2951.79 2321.95
3054.95 2459.47
2865.84 2425.26
3090.73 2452.49
2956.87 2314.49
2959.25 2385.01
3139.85 2359.61
2919.85 2423.59
2879.78 2458.58
3111.92 2452.25
2816.72 2433.85
2849.97 2474.16
3321.59  2456.9
2650.97 2375.43
2846.82 2240.08
2869.43 2383.28
 2917.8 2390.74
3106.54 2459.18
3408.94 2475.74
3300.84 2340.31
2918.85 2362.23
3069.55 2457.98
2918.95 2424.64
3006.84 2430.54
2652.39 2257.37
3341.82 2453.57
2911.46 2345.01
2822.05  2352.2
2938.43 2337.24
2820.65 2432.48
3262.98  2157.5
2941.53  2465.2
2918.44 2369.32
3373.45 2423.58
3345.01 2452.82
2561.08 2352.72
3349.12 2413.57
2957.38 2372.36
3368.27 2461.25
2854.42 2439.22
2938.06 2287.98
3187.49 2389.57
2930.02 2347.31
2861.29 2434.52
2953.54 2368.09
2996.08 2396.37
3456.68 2379.85
2954.08 2311.05
3073.49 2455.15
2638.93  2148.2
3240.18 2438.18
2537.63 2404.56
3371.66 2476.93
3243.86 2401.34
3055.39 2448.19
2917.18 2337.33
2912.23  2435.3
3364.24 2425.18
2943.08 2339.79
3180.06  2460.6
3145.38 2361.74
3023.01 2458.29
3370.34 2473.21
 2924.2 2414.37
2911.92 2334.44
3054.32 2427.61
 2927.3 2333.27
3056.9 2462.4
3097.52 2412.82
2957.04 2376.13
3203.53 2370.74
2918.87 2427.15
3189.46 2372.84
3052.22 2424.53
 3040.2 2434.57
2917.77 2319.28
3262.58 2433.81
2661.42  2467.6
3409.53 2476.45
2649.82 2386.13
2957.96 2359.69
2830.77 2267.37
2955.33 2356.78
2838.39 2452.32
3027.28  2465.7
3246.07 2376.14
3203.07 2456.97
3107.13 2492.01
2661.84    2455
3030.01 2464.55
3184.32 2439.63
3156.17 2386.77
2875.44 2438.19
2970.44 2363.37
3241.01 2436.75
3222.05 2227.31
3244.72 2410.08
 3179.7 2379.25
2813.73 2231.73
3246.35  2366.7
 2957.6 2420.03
 2952.7 2351.98
3219.56 2414.39
 2962.3 2407.36
3056.85 2461.38
2908.81 2345.28
3024.05 2419.63
2582.76 2356.72
2958.16 2333.08
2831.28 2356.67
2945.36 2300.41
3122.51  2369.7
2918.25 2332.36
   3216 2290.92
 2910.6 2380.52
3011.96 2406.01
3122.96 2405.63
2917.97 2322.12
2912.47 2379.42
2985.02 2383.35
2874.18 2438.93
2910.39 2298.37
2801.24 2251.49
 3244.8 2421.87
2936.19 2461.42
2587.45 2354.51
3178.87  2378.1
 2766.7 2427.46
3122.67 2464.47
3120.75  2415.8
2895.53 2280.63
2801.98 2252.91
2659.85 2377.07
2934.43 2369.47
2921.47 2412.48
 2819.3 2355.18
2823.49 2361.98
3312.9 2456.9
3113.47  2421.6
2627.07 2198.68
2661.65 2480.56
2933.21 2341.55
2958.45 2368.98
2945.82 2399.16
3141.77 2407.96
2958.59 2409.15
3699.91 1974.23
2684.82 2286.25
2945.05  2424.5
2958.35 2338.08
3199.03 2370.69
2844.02 2423.82
2851.53 2439.75
2912.84 2410.73
2947.37 2351.24
 2944.8 2314.56
3247.91 2264.18
3190.09 2385.84
2666.48 2163.13
 3276.6 2347.97
3216.09 2415.68
3169.97 2380.29
3237.72 2219.96
3028.79 2458.32
3169.07  2378.8
2654.41 2377.82
2911.71 2366.04
3029.05 2458.21
2814.27 2421.02
2692.16 2385.64
3023.13 2423.69
2602.14 2361.89
2857.64 2469.48
  3035 2458.2
3056.06 2452.84
2867.57 2316.62
3137.13 2381.34
2600.03 2397.14
2957.11 2365.03
2739.83 2163.16
3050.42 2433.83
3261.07 2161.28
2972.94 2438.42
2692.18 2322.17
3026.06 2419.82
2806.41 2349.59
3217.45 2344.18
3111.57 2417.86
2835.61 2465.62
 3109.5 2408.51
3175.74 2405.75
3183.22 2380.87
2829.45 2432.43
 2964.9 2392.44
2876.77 2307.76
2974.05 2470.47
2933.39 2399.67
2808.97 2429.94
2645.82 2133.62
 3370.6 2424.58
3149.16 2387.75
2918.36 2420.65
   2865 2482.56
2689.69 2407.09
3108.87 2462.24
3043.49 2438.91
3104.51 2444.68
3245.86 2283.89
3022.79  2428.9
3212.48 2290.78
2598.76 2384.36
2892.01 2282.77
2992.85 2404.86
3181.22 2457.35
3827.54 1419.46
2950.24 2305.03
2846.52 2447.14
3056.36  2451.4
2814.68 2440.76
2977.26  2399.1
3031.31  2454.5
2909.06 2291.45
3235.14 2274.89
2823.86  2413.9
3182.58 2388.41
3241.77 2406.94
2882.13  2431.4
2962.68 2376.54
2947.45 2424.32
2907.74 2425.17
2964.34 2329.77
2958.93 2363.67
3362.52 2458.74
2997.81 2504.33
3777.92 2071.83
3145.39 2390.94
3151.06 2475.34
3730.09 1587.65
3143.33 2361.14
2866.86 2311.36
4057.83 1739.08
2699.61 2428.63
3174.36 2388.01
 3047.4 2452.52
3708.95 1617.52
3397.98 2458.75
2753.24 2487.79
3047.21 2435.45
2901.57 2435.14
2816.97 2450.07
 2986.8 2391.43
3368.62 2473.82
3111.13 2436.67
3295.05 2457.19
3278.9 2468.5
2966.28 2391.18
 3350.4 2424.86
2959.51 2374.58
2719.97 2414.93
2934.89  2340.3
2919.78 2337.53
2797.33 2257.01
 3130.5 2452.58
2925.04 2418.85
3028.03  2420.2
3212.74 2311.65
2972.62 2406.38
2707.52 2255.26
3179.36 2397.13
2882.64  2245.6
2901.88 2427.54
2778.59 2289.94
2831.01 2282.91
 3288.4 2241.91
2828.73 2426.27
2906.75  2249.2
2942.42 2424.67
 2945.6 2401.19
2872.75 2246.67
2892.07 2247.29
2911.92 2303.61
2950.08 2342.84
3780.32 2074.83
3429.96 2471.84
2652.15 2307.71
2910.45 2421.08
2801.33 2472.65
2830.12 2475.99
3067.96 2452.19
3792.85 1626.74
 3204.5 2244.99
 3039.5 2423.45
3106.44 2449.37
