 2553.7 2484.72
 2838.9 2269.21
2852.26 2222.84
2758.57    2455
2932.31 2475.03
2908.43 2408.18
2788.86 2410.57
2583.82 2266.68
3022.18 2457.42
2890.93 2287.78
 179.612 -22.8129
2749.63 2343.84
3157.48 2453.32
2659.53 2307.17
3107.25 2433.96
3089.85 2346.79
2605.51 2403.85
3019.64 2455.17
3082.81 2368.87
3083.28 2383.92
3012.21 2420.94
2248.71 2303.09
3121.55  2413.1
2899.84 2288.68
3082.44 2383.47
911.912  2561.3
3090.19 2347.82
3095.09 2338.11
2906.89 2345.32
2899.06 2330.33
2750.82 2454.69
2614.89 2118.88
2132.89 2276.87
3119.91  2457.6
3053.25 2458.97
2908.17 2345.33
2730.69 2475.06
3095.61 2339.73
2912.38 2349.82
2838.15 2275.95
3034.63 2447.47
3026.11 2457.22
2762.84 2470.51
3919.15    1570
624.879 2050.76
3190.34 2193.85
 3203.1 2217.38
2995.97 2447.03
3100.07 2340.34
3084.02 2363.77
 2781.1 2419.87
3052.98 2447.68
3020.31 2451.93
3197.71 2202.21
3176.72 2379.48
3069.65 2402.56
2267.12 2375.01
2870.15 2258.29
2495.69 1967.82
2761.66 2248.76
3044.21 2451.14
2445.95  2014.2
2694.45 2443.03
2917.93    2350
3095.57 2334.24
3121.37 2388.61
3443.07 2374.77
3111.49 2367.06
2939.61 2380.11
2832.63 2265.37
3122.17 2366.81
2840.19 2328.52
2673.94 2392.56
3156.33  2363.1
 3113.1 2335.39
2940.46 2380.22
3001.17 2418.97
3000.71 2419.36
2678.81 2183.67
2966.48  2405.7
3202.62 2315.02
 2908.5 2356.48
3083.75 2387.93
3052.89 2451.35
2839.37 2375.35
2879.33 2316.91
 3070.7 2399.15
2840.43 2384.17
3163.63 2448.55
2947.37 2450.03
2977.45 2404.13
3150.58 2533.86
3034.64 2451.12
3150.95 2348.29
3075.81 2402.28
2920.31 2399.03
 3202.5 2261.94
2936.92 2370.99
3082.26 2375.31
 2760.2 2339.42
2733.65  2460.1
2995.88 2451.17
2885.21 2372.07
3039.93 2438.93
3188.51 2443.46
2837.33 2213.03
2658.89 2298.95
3009.8 2417.9
4029.42 1383.69
3005.88 2451.19
3275.57  2263.3
2888.89 2384.65
3243.08 2353.98
2831.99 2271.93
 3061.3 2386.02
2920.36 2458.34
2913.09  2362.4
2862.52 2243.35
3293.89 2345.11
2265.92 2387.37
3083.19 2374.09
2787.85 2423.85
2831.25  2370.5
3030.23 2450.53
2981.85 2426.53
2842.94 2384.62
3275.62 2421.88
3261.27 2168.91
2839.34 2356.38
 3020.4 2438.53
3009.16 2417.65
 1894.4 2203.93
2886.11 2290.27
3010.92 2450.65
2756.32 2403.61
3049.54  2443.4
2892.76 2282.57
2896.21 2364.22
 3104.5 2340.75
2841.91 2405.48
2779.94 2446.57
3072.57 2442.73
2667.09 2411.14
2730.13 2467.12
3397.21 2441.68
2236.72 2284.85
2745.51 2179.73
2761.09 2348.73
2838.82 2365.39
3066.62 2450.36
3600.57  2469.4
3403.95 2251.61
2839.72 2330.72
3026.51 2448.78
2839.96 2406.88
2946.89 2412.49
2341.45 2119.71
3437.51 2436.23
2830.25  2309.8
2675.66 2298.32
 2869.1 2305.97
2674.21 2408.82
3284.49  2045.4
2870.34 2456.04
2838.63 2339.47
3579.88 2376.56
3442.38 2434.74
1862.18 2195.76
3540.45 2357.19
2894.35 2349.26
3504.86 2446.59
2735.22 2420.81
2865.84 2245.86
3166.94 2367.06
2869.99 2328.22
2749.42 2415.13
2889.38 2344.12
2942.53 2379.91
3732.95 2298.04
2888.22 2276.92
3030.78 2446.04
2176.51 1841.04
3269.43 2416.57
1589.47 2284.79
3510.02 2471.25
3274.35 2365.25
3011.33 2438.95
2836.91 2300.33
2832.18 2419.18
3565.03 2379.36
2874.65 2309.12
3159.51 2450.46
3110.34 2343.07
2975.89 2449.17
3508.26 2465.55
2847.27 2394.51
2830.65 2297.46
3010.15 2417.23
2851.03 2297.14
3013.02 2453.74
3056.28 2401.33
2893.72 2353.83
3186.76 2344.85
2840.09 2409.68
3169.88 2347.06
3007.68 2414.13
2994.79 2424.48
2837.01 2278.99
3300.31 2410.72
2264.54 2455.68
3603.08 2471.04
2235.11 2305.02
2894.65 2334.81
2686.12 2179.51
2891.59 2331.24
2708.04    2437
2980.77 2457.32
3277.18 2330.04
3186.88 2445.92
3079.12 2490.69
2265.02 2432.51
2983.57 2455.88
3163.24 2426.12
3125.89 2367.15
2769.92 2420.28
2910.69  2340.7
3270.52 2414.54
3217.09 2159.31
3275.36 2377.29
3157.18  2355.6
2641.76 2112.66
3277.37 2316.57
2894.86 2404.16
2888.04 2325.27
 3213.7 2393.38
2900.68 2389.41
3012.76 2452.63
 2826.2 2310.35
2976.63 2408.06
1926.01  2208.3
2894.58 2303.75
 2689.3 2304.24
2876.67 2263.19
3084.58 2352.68
2837.79 2294.62
 3206.3 2243.87
2829.54 2352.71
 2963.4 2393.79
3085.08 2391.96
2837.91  2282.5
2831.58 2351.94
2929.49 2364.54
2768.46 2421.04
2827.84 2253.08
2623.02 2140.99
3275.08 2394.13
2862.93 2451.52
1944.76 2205.01
3156.39 2353.97
2650.47 2409.57
3087.24 2455.34
3082.88 2403.07
2808.35 2231.27
2623.76 2143.26
2259.22 2290.04
2863.38  2343.1
2844.41 2392.33
2666.78 2299.66
2677.84 2311.36
3376.04 2442.25
3074.64 2409.53
2371.12 2069.04
2265.16 2479.38
2861.57 2310.48
2895.06 2345.16
2879.79 2379.14
3108.54 2392.05
 2895.9 2392.11
 3790.3 1867.71
2335.27  2137.6
2878.75 2408.48
2895.17 2309.67
3181.11 2344.61
2734.67  2402.9
2732.11 2421.43
2832.46 2389.99
2881.03 2323.83
2876.45 2280.56
3278.18 2173.04
3170.45 2363.03
2371.12 1974.22
3291.97 2306.99
3208.5 2395.4
3144.42 2358.31
3239.78 2146.65
2982.22 2449.43
3143.38 2356.48
2246.96 2290.52
 2830.4 2335.41
2982.22 2449.19
2664.33  2393.5
2361.65 2314.72
2976.29 2412.36
1973.66 2221.08
2741.82 2460.87
2989.52  2449.2
 3012.1 2443.79
2756.91  2261.9
3103.03 2362.74
1969.93 2298.71
2894.27 2340.86
2471.92    1959
3005.85 2423.69
3281.26 2051.55
2914.58 2425.54
2439.63  2235.8
2978.75 2408.26
2640.73 2288.86
3209.06 2307.77
3072.64 2405.68
 2702.5 2455.15
3070.12 2395.59
3153.53 2385.46
3161.21 2357.44
2687.51 2409.47
2903.88 2372.91
2769.04 2250.47
2916.49 2462.49
 2874.7 2385.31
2653.95 2405.04
2403.32 1979.48
3575.14 2378.05
3117.69 2369.36
2839.62 2401.79
2755.51 2477.84
2329.63 2347.03
3069.89 2453.28
2998.89 2429.07
3064.34 2434.99
3275.49 2200.82
2975.37 2417.61
3202.32 2243.38
1971.28 2270.65
2804.36 2233.81
2938.71 2389.37
3159.87 2446.58
3845.43 1333.15
2883.66 2270.35
2721.14 2430.67
3012.19 2441.93
2663.61 2420.59
 2920.9 2382.71
2985.21 2445.19
2826.43 2244.53
3260.6 2187.1
2679.31 2383.89
3160.62 2366.27
3270.19 2372.81
2783.37 2412.38
2900.95 2354.94
2882.29 2408.79
2826.21    2407
2902.73 2301.44
2896.54  2340.5
3496.04 2442.14
2917.69 2511.88
3893.04 1980.83
 3112.9 2373.07
3120.12 2467.49
3735.94 1520.13
3108.15 2342.25
2754.99 2254.06
4091.18 1683.89
2371.27 2388.78
3150.84 2365.33
 3002.9 2443.47
3712.76 1552.67
3579.51 2441.07
2530.38 2487.93
 3002.5 2425.56
2818.45 2419.49
2668.98  2433.5
2932.03 2374.44
3505.57 2466.42
3072.07 2426.27
3343.51 2443.46
3311.66 2458.88
2906.25 2372.49
3541.68  2378.1
2896.39 2352.06
2441.63 2369.98
2863.75  2308.9
2840.62 2301.37
2616.52 2148.17
3103.86 2439.76
2846.89 2399.74
2981.08  2408.7
 3202.8 2269.16
 2913.7 2389.15
2398.19 2096.35
3156.93 2376.94
2792.01 2188.62
2818.49 2410.23
2725.5 2280.3
2687.87 2202.58
 3334.7 2142.51
2685.75 2400.18
2823.44 2193.89
 2875.1 2408.91
2879.31 2382.09
2780.84 2190.19
2804.25  2191.3
2830.43 2259.99
2884.64 2314.45
3896.12 1984.77
3659.59 2463.08
2426.55 2232.83
2829.67 2402.35
2636.44 2464.83
2694.66 2469.33
3025.19 2442.19
3934.67 1410.26
3191.36 2188.44
2994.26 2412.96
3066.71 2439.71
