1578.2 2523.5
1834.5 2105.9
1857.6 2007.9
1742.3 2477.6
1955.8 2519.5
1913.9 2374.2
1768.7 2392.8
1606.1 2188.5
2099.9 2481.9
  1898 2119.8
 686.6 336.91
1732.4 2275.4
2339.9 2475.2
1655.7 2232.2
2240.6 2434.4
2231.5 2217.1
1613.5 2397.9
  2095 2476.2
2217.1 2268.4
2216.5 2304.9
2081.8 2392.7
1426.5 2298.7
2284.1 2377.9
1911.4 2120.8
2214.8 2303.3
6638.7 2302.2
2232.1   2219
2242.1 2196.9
1915.3 2237.8
1905.1 2208.9
1734.6 2477.2
1646.7 1951.6
1386.6 2284.1
2280 2484
2158.9 2485.8
1916.9 2237.4
1710.7   2513
2243.4 2200.8
1922.4 2246.6
1832.9 2118.4
2123.5   2457
2107.3   2481
1743 2506
4205.7 512.51
797.74   2163
2413.6 1910.2
2433.8 1957.5
2051.5 2455.6
2252.2 2200.5
2219.3 2257.5
1760.5 2411.4
  2159 2457.2
2096.5 2468.4
2426.1 1925.8
2376.2 2308.4
2191.7 2347.9
1435 2384
1874.1 2067.3
1593.2 1805.3
1753.8 2100.3
2141.5 2466.3
  1548 1880.5
1678 2458
1931.4   2246
2243.4 2186.4
2284.4   2320
2727.2 2336.5
2267.3 2270.5
1961.8 2307.6
1826.8 2099.1
2286.1 2269.8
1830.7 2222.5
1663.4 2372.4
2343.1 2268.4
2278.7 2186.5
1963.6 2307.5
2061.7 2387.2
2060.7 2388.8
1686.2 2022.6
2001.1 2359.8
2421.8 2169.3
1917.5 2261.7
2217.6 2314.3
2158.6 2466.7
1826.1 2316.9
1879.1 2185.9
  2193 2340.2
1826.8 2335.2
2352.2 2463.8
1985.7 2468.5
2019.6 2354.3
2268.4 2614.7
2123.4 2465.9
2335.7 2233.5
2202.1 2348.3
1931.8 2353.5
  2427 2053.8
1958.1 2287.2
2215.2 2284.2
1744.6 2266.1
1715.4 2486.8
2051.3 2465.8
1882.2 2299.3
2133.4 2437.2
2399.6 2452.2
1841.2 1995.5
1657.6 2219.8
2077.6 2384.6
4386.8 277.48
2069.5   2466
2502.4 2109.2
1886.2 2325.1
2457.2   2277
1824.7 2111.7
2173.4   2312
1929.2 2483.4
1922.9 2274.7
1866.7 2041.9
2575.4 2241.8
  1434 2398.9
  2217 2281.5
  1768 2418.7
1815.3 2308.1
2115.1 2464.9
2027.2 2407.6
1829.7 2335.8
2493.6 2417.9
2486.9 1935.4
1826.4 2278.6
2096.9 2436.5
2075.9 2383.5
1320.3 2241.7
1891.6 2126.8
2078.9 2464.9
1735.9 2382.6
2151.5 2446.9
1901.7   2108
1899.2 2280.6
2259.4 2202.5
1827.4   2377
1758.6 2462.2
2195.7 2446.2
1656.8 2404.1
1709.7 2499.1
  2682 2458.5
1420.6 2279.1
1725.2 1949.4
1743.8 2282.3
1825.3 2297.2
2184.4 2464.3
2909.8 2512.1
2634.9 2137.1
1829.2   2228
2108.2 2461.1
1825.8 2379.6
1985.5 2391.9
1436.3 2022.3
2733.5 2449.2
  1818 2187.1
1669.8 2212.8
  1866 2165.5
  1663 2400.8
2570.2 1661.6
1865.1 2478.6
1827.9 2245.2
2815.9 2364.6
2741.7 2447.1
1308.5 2237.1
2752.9 2337.1
1896.7 2249.6
  2802 2470.8
1716.9 2416.1
1871.7 2046.5
2362.6 2278.3
1850.1 2190.8
1728.2 2404.8
1890.1 2239.4
1966.5 2306.6
  3041 2238.1
1897.1   2100
2116.2 2453.8
1440.9   1794
2482.8 2407.5
1277.2 2347.8
2811 2515
2492.6 2307.2
2079.8   2436
1828.7   2168
1813.9 2405.7
2791.8 2369.3
  1874 2171.2
  2344 2468.3
2271.2 2207.6
2016.2 2461.8
2807.5 2504.5
1835.3 2354.4
1819.9 2161.6
  2078 2383.3
1846.8 2157.1
2082.8 2472.4
2166.4 2343.8
1895.8 2258.9
2400.3   2227
1825.6 2385.7
2368.1 2233.6
2073.9 2375.5
2049.9 2401.4
1831.8 2124.5
2536.4 2395.2
1431.8 2481.6
2911.4 2514.1
1418.4 2302.6
1898.8 2218.4
1694.6   2015
1894.3 2211.5
1690.9 2447.3
2024.5 2480.6
2499.2 2238.7
2396.2 2458.6
2186.2 2549.9
1432.3 2453.8
2029.8 2477.7
2353.7 2412.2
  2293 2272.7
1751.5 2413.3
1921.2 2226.4
2484.8 2403.6
2460.9 1847.2
2494.3 2330.9
2345.7 2251.3
1674.1 1936.7
2500.5 2213.1
1894.5 2367.1
1890 2200
  2435 2343.5
1903.5 2335.6
2082.7 2469.8
1813.4   2188
2018.8 2363.9
1334.7 2243.8
1901.8 2153.2
  1684 2222.4
1882.9 2075.4
2221.4 2230.2
1831.1 2155.9
2437.1 2013.8
1813.5 2272.9
1996.1   2330
2220.2   2324
1831.8 2131.3
1816.8 2270.1
1946.6 2274.8
1749.4 2415.1
1821.8 2075.4
  1651 1983.8
2494.1   2363
1855.6 2469.3
1340.7 2238.7
2343.9 2248.3
1580.6 2390.4
2218.5 2478.2
2215.1 2350.7
  1799 2035.5
1651.9 1986.9
1432.3 2282.1
1855.9 2244.3
1830.6 2349.9
1665.2   2220
1671.2 2235.5
2660.1 2458.5
2199.5 2366.1
1413.9 1902.2
1432.3 2510.2
1856.3 2176.5
1898.9 2241.2
1874.2 2316.2
2260.5 2329.3
1896.7 2340.2
3733.5 1161.3
1475.7   2080
1871.8 2378.5
1901.6 2165.4
  2390 2227.2
1700.4 2379.8
1712.2 2417.4
1815.7   2346
1880.5 2198.7
  1880 2109.7
2515.4   1939
2368.7 2268.2
1474.2 1818.6
2574.7   2160
2426.9 2347.1
2323.9 2254.7
2498.6 1825.5
2027.4 2461.9
  2322 2250.8
  1425 2284.1
1816.5 2237.8
2027.9 2461.6
1653.3 2374.1
1475.6   2299
2016.9 2374.2
1358.5 2253.3
1722.1 2488.1
2039.5 2461.6
2081.1 2447.9
1747.1 2124.4
2251.9 2259.6
1353.6 2329.2
1896.8 2231.6
1577.4 1801.1
2070.1 2399.3
2564.9 1671.5
  1922 2412.3
1481.2 2158.1
2022.7 2364.3
1645.6 2208.2
2434.5 2154.9
2195.6 2356.4
1686.5 2478.7
2191.6 2332.1
2335.4   2322
2353.5 2255.4
1676.9 2400.5
  1909 2298.6
1763.5 2102.3
1924 2492
1852.1 2318.1
1644.8 2395.1
1453.7   1762
2808.4 2367.5
2277.6 2275.7
1824.9 2369.9
1734.4 2519.4
1471.1 2346.9
2189.3 2472.3
2056.3 2412.4
2180.2 2426.5
2507.8 1991.3
2016.1 2387.4
  2429 2013.9
1352.7 2301.8
1792.7 2041.1
1960 2328
2346.6 2459.6
4002.1 193.12
  1891 2085.9
1704 2435
2081.7 2444.2
1653.5 2420.3
1931.3 2314.4
2032.3 2452.2
1820.5 2059.1
2483.8   1969
1668.6 2357.1
2351.6 2275.5
2487.4 2322.5
1762.8 2396.9
  1906 2259.5
1876.1   2378
1806.4 2381.2
1913.4 2144.4
1900.2 2228.1
  2787 2463.7
1969.2 2577.2
3949.9 1397.1
2269.2 2284.3
2279.9 2507.2
3797.1 425.79
2266.8 2206.2
1746.6 2112.1
4583.7 741.25
1484.1 2394.7
2333.2 2274.9
2063.9 2447.1
3748.5  472.3
2880.4 2463.8
1560.8 2528.7
2063.7 2403.5
1795.6 2405.5
  1657 2442.1
1949.4 2294.8
  2803 2506.2
2194.2 2405.5
2615.6 2459.3
2575.9 2490.4
1911.6 2295.4
2755.9 2368.7
1900.4 2254.9
1513.1 2363.3
1859.4 2173.3
1833.2 2168.2
1644 1997
2235.2   2447
1836.6 2365.3
2026.5 2365.2
  2427 2068.9
1922.4 2332.7
1512.1 2008.5
2343.9 2298.9
1783.2 1955.5
1796.3 2387.1
1610.2 2074.7
1692.5 2050.8
  2616 1874.3
1675.9   2386
1823.5 1959.5
1867.1   2379
1873.7 2321.2
1766.5 1959.8
1798.8 1957.7
1823.7 2087.7
1886.2 2177.9
3956.7 1404.7
2966.5 2501.2
1428.7 2131.2
1811.2 2371.2
1632.8 2494.8
1677.9 2503.1
  2105 2446.2
3947.2 492.54
2417.6 1895.8
2048.8 2373.1
2184.2 2438.7
