2782.89 2469.48
2578.61 2419.47
2514.56    2431
2783.15 2397.99
2818.16  2479.9
2174.36 2124.77
 2818.5 2491.87
2729.62 2371.84
2839.15 2333.23
2172.83 2123.79
 2242.8 2159.17
2242.59 2159.15
2811.14 2494.38
 2760.4 2389.74
2216.89 2144.45
3201.26 2483.79
2904.03 2454.04
2795.65 2402.76
2818.22 2463.62
2751.72 2289.75
2141.24 2111.49
2882.45 2435.12
2810.73 2453.08
2732.01 2486.89
3032.35 2417.49
2874.45  2370.1
2629.01  2231.8
 3053.1 2359.65
2558.75  2433.2
2879.62 2338.87
2214.33 2151.71
2213.93 2151.84
2839.05 2288.42
2843.06 2331.06
3110.81 2481.56
2865.89 2363.25
2780.62  2474.8
2838.45 2338.41
2877.13 2335.01
 2697.6 2338.49
3037.64 2388.08
3065.08 2476.48
2572.71 2402.35
3046.86 2365.16
2121.24 2129.39
2977.98 2474.16
2964.62 2465.78
2207.35 2120.18
2772.87 2471.71
2896.89 2480.97
2885.38  2384.1
2580.13 2407.07
2800.25 2445.81
2678.25 2442.73
2802.36 2336.56
2829.39 2332.96
3051.76 2366.97
2807.89 2341.36
3011.52  2465.8
2719.83 2484.24
2905.16 2410.75
1940.51 1975.27
3026.56 2419.44
2834.89 2330.67
2850.15 2306.51
 2838.8 2289.99
3026.28 2421.86
2926.92 2426.52
2193.57 2128.38
2801.18 2456.63
2906.79 2407.59
2928.01 2425.92
2883.06 2390.33
3040.35 2382.45
2739.22 2438.13
2553.77 2051.68
2769.49 2311.64
2489.95 2415.31
2960.22 2436.76
2588.31 2155.23
 3057.9 2395.53
3083.45 2386.62
 2696.6 2449.36
2965.08 2456.38
2801.68  2399.3
2897.81 2483.02
1181.57 1861.63
2851.68 2347.73
2100.37 2060.46
2840.05  2370.8
2585.71 2401.37
3066.07 2438.92
3036.67  2397.1
3031.43 2422.88
2936.78 2424.11
 3542.4 1946.38
2850.23  2561.1
2856.47 2314.81
2763.24 2454.77
2993.09 2469.54
2941.35 2446.49
2760.95 2297.88
2839.04 2400.42
2541.88 2427.29
2886.19 2395.45
3240.95 2136.82
2767.81 2386.12
2875.61 2340.18
2872.65 2375.09
2839.06 2415.17
2776.81  2317.2
2964.49 2470.01
2672.84 2252.58
2840.49 2415.01
2859.37 2428.85
2846.34  2563.7
2664.76 2204.81
2558.76 2391.43
2954.68 2470.01
3274.67 2338.08
2865.57 2335.43
2231.77  2122.8
2855.12 2354.19
2839.36 2380.61
2611.53 2210.71
2532.97 2434.82
2969.53  2469.3
2813.76 2467.81
2855.59 2569.21
3037.92 2410.21
3049.55 2406.08
2836.26 2431.09
2604.07 2210.97
2863.7 2325.1
2755.52 2259.42
3134.37 2404.92
2778.24 2467.36
2897.13 2464.82
2529.91 2385.12
 2500.5 2426.42
2579.69 2181.96
2798.36 2442.78
2904.37 2399.35
3007.48 2461.69
2834.21 2419.12
2724.34 2433.13
2813.25 2351.11
2843.28 2566.68
2941.38 2434.66
2843.84 2570.28
2823.25 2360.11
2875.17 2433.09
2832.13 2411.55
2839.09 2387.26
2127.87 2069.91
 2873.9 2438.84
2838.65  2407.5
2838.92  2382.3
2543.26 2426.96
2701.34 2194.68
3024.97 2500.34
3149.35 2339.11
2855.15 2428.99
 2988.4 2463.63
2764.35 2436.78
2607.07 2097.27
2839.73 2335.73
2581.66 2138.36
 2796.6 2379.74
3023.16 2468.78
2538.38 2434.22
3055.37 2419.55
2838.26 2352.76
3265.54 2456.51
2838.87 2394.39
3127.48  2421.5
2216.47 2112.14
3145.19 2409.49
1107.56 1823.29
2764.96 2449.02
2919.08 2466.05
2819.06 2456.04
 2840.4 2441.81
2943.71 2566.13
2841.33 2297.27
3129.56 2392.52
3088.86 2408.89
3188.27 2365.32
3129.28 2400.13
2868.26 2367.71
2774.12 2307.91
 2943.1 2475.18
2619.87 2142.82
 2783.8 2312.94
2853.75 2563.21
2967.99 2435.44
3133.47 2395.68
2798.91 2449.37
2872.73 2373.81
 2871.5 2371.74
3197.39 2445.76
 2831.5 2366.21
 2601.1 2212.41
2940.15 2476.49
2872.06 2389.91
2677.68 2429.56
2734.88  2238.8
2953.84 2442.97
2737.66 2452.08
3007.11 2457.98
2855.83 2307.92
2792.47 2441.71
2997.13 2432.76
3724.83 2534.34
2873.16 2422.07
3185.59 2212.02
3006.88 2446.23
 2744.6 2452.18
2884.84 2375.46
-892.647  -904.73
2611.07 2144.65
2888.01    2475
3068.07 2428.67
2872.76 2432.67
2798.15 2458.71
3187.93 2306.62
2865.59 2370.87
2885.46 2404.35
2735.98 2443.64
3070.44 2403.79
2711.66 2251.01
3092.87 2405.13
3097.24  2386.7
2873.16 2382.65
3265.97 2271.84
2893.5 2504.1
2818.08 2309.65
2690.57 2188.07
7170.52 1558.52
2500.14 2410.29
2753.35 2389.54
2780.25 2313.59
2605.79 2120.45
2923.68 2413.88
 2578.2 2426.82
2866.07 2375.49
3149.41 2273.31
2864.76  2489.5
2774.06 2308.87
2860.87 2330.87
2634.88 2405.93
2201.83 2124.22
3433.61 2498.18
2774.99 2385.28
2643.33 2212.32
 2881.5 2430.63
3037.81 2377.36
2884.61 2375.59
2960.32 2469.17
3217.65 2200.62
3092.64 2412.19
2621.04 2282.36
2755.85 2301.92
2934.44 2433.06
2710.39 2252.92
2865.39 2483.53
2966.4 2432.1
2871.11 2445.04
3037.86 2377.19
2276.06 2170.83
2833.08 2384.61
2793.93 2406.48
3086.76 2391.23
2846.94 2310.98
3062.53 2420.34
2790.35 2464.55
3038.81 2413.52
2110.42 2083.41
2541.53  2390.4
  2842 2427.4
2860.75 2452.29
3060.99 2433.42
3029.84 2429.69
3261.37 2369.63
3029.62 2429.52
3200.11 2537.42
1122.79 2221.37
2492.44 2382.63
2948.62 2468.45
 2589.3 2409.12
2753.91 2276.78
2948.23 2468.36
2695.02  2194.3
3126.46 2446.61
2707.41 2207.08
2856.82 2565.64
2863.24 2366.58
3083.76 2400.45
2845.62 2573.98
2677.58 2415.62
2728.22 2237.41
2829.63 2301.85
3149.25 2269.74
3222.97 2143.51
2676.98 2196.52
3257.95 2365.45
2772.79 2450.95
2227.23 2161.18
2839.74 2389.99
 3200.3 2004.36
2899.74 2402.19
 2938.6 2428.39
2796.51 2466.12
3119.63 2315.27
3239.32 2155.99
2942.07 2468.56
2964.43 2441.99
3012.18  2456.5
3235.58 2150.83
2788.39 2302.34
2970.06 2462.35
2583.7 2162.5
2693.55 2462.27
2961.41 2453.31
2788.16 2456.32
3161.76 2375.76
3268.63 2415.78
2942.36 2468.39
2817.98 2335.06
2690.22 2423.72
2671.96 2196.17
2628.05 2220.23
2769.27 2447.66
2957.89  2449.2
2956.78 2449.07
3181.51 2231.15
2840.47 2357.62
2234.59 2119.13
2600.81 2202.73
 2999.6 2438.64
2646.7 2433.6
   2957 2447.74
2465.28 2370.91
3181.61  2357.1
3236.79 2155.89
2677.94  2334.7
3128.95 2415.34
2918.37 2470.09
3241.38 2188.79
3059.47 2404.78
2706.47 2446.26
2799.34  2341.3
3095.1 2392.7
2818.26 2442.82
3195.56 2483.51
3112.08 2278.61
370.166  1360.4
2674.46 2346.31
2624.72 2233.73
3180.82  2226.4
3211.25 2210.81
2812.42 2481.56
2601.51 2391.41
2839.56 2359.47
3025.98 2415.62
2752.08 2306.32
2943.01 2454.67
3076.69 2479.84
2914.15 2503.42
2947.22 2436.29
2703.46 2427.18
2895.09 2385.47
2830.46 2314.74
3126.04 2426.33
2722.12 2250.14
2961.27 2443.77
2269.06 2184.87
 3128.4 2245.79
2730.34 2440.89
3139.12 2228.11
2146.18 2055.63
2961.52 2462.24
2866.52 2426.98
3188.38 2218.06
2889.45 2484.85
3069.62 2460.79
3064.44 2461.34
2639.71 2233.12
2804.19 2448.48
2695.54 2333.83
2859.78 2388.89
2853.87 2360.43
3095.97 2472.03
2935.39 2438.02
 2888.8 2432.45
-1017.59 -81.3041
 3023.3 2458.51
2631.67 2351.11
3244.34 2103.84
2796.98 2460.61
2882.91 2400.13
2829.34 2440.15
2771.91  1344.4
3067.86 2370.06
2640.65 2422.25
2597.49 2203.83
2677.49 2240.25
2639.45 2121.45
3133.02 2430.69
3196.33  2204.8
3243.03 2158.63
3263.89 2415.42
2643.43 2423.48
2737.87 2456.74
 2828.5 2276.13
2764.81 2466.32
3255.4 2336.7
2921.49 2420.53
2832.22 2325.74
2881.29 2404.76
2632.01 2351.85
2946.65  2469.1
2772.44 2466.79
3244.91 2346.39
2067.47 2065.54
3186.81 2356.35
2633.23    2359
3250.21 2373.83
3027.65 2426.44
2862.59 2399.79
3258.31 2415.96
2487.39 2551.79
 3115.8 2267.47
2641.49 2355.35
2795.12 2440.59
2121.46 2064.08
2865.74  2459.4
2520.22 2383.38
2832.07 2436.37
2524.37 2435.21
3188.58    2295
2852.53 2362.08
2590.16 2343.98
3183.72 2372.78
   3250 2440.86
