1702.7 2485.7
1418.8   2381
1339.8 2405.8
1704.3 2328.2
1757.6 2509.3
1020.8   1871
1758.4   2536
1625.9 2274.1
1796.5   2181
1019.6 1869.6
  1078 1918.6
1077.8 1918.6
1746.9 2541.4
1670.3 2311.2
1056.2 1897.3
2477.6 2525.8
1898.3 2451.5
1723.3 2338.2
1757.5   2473
  1666 2095.3
 993.8 1854.6
  1862 2408.4
1745.7 2449.5
1627.1 2522.9
2130.9 2363.9
1851.3   2261
1501.6 1991.3
2173.8 2224.5
1393.6 2409.5
1862.3   2190
1052.5 1910.5
1052.1 1910.8
1801.2 2081.6
  1803 2175.8
2285.8 2518.6
1837.6 2246.1
1699.3 2497.4
1794.9 2192.6
1858.5 2181.5
1582.5 2205.1
2142.2 2293.4
  2194 2505.5
1411.9 2346.1
2161.3 2238.1
972.98 1888.8
2028.9 2498.7
2004.6 2478.9
1051.9 1856.7
1687.5 2490.5
1886.4 2513.2
1868.7 2292.1
1421.1 2355.5
1729.4 2433.4
1550.4 2427.8
  1738 2191.7
1780.9 2181.3
2170.7 2242.1
1746.2 2201.8
2090.9 2479.3
1609.4 2516.9
  1901 2352.1
858.72 1676.3
2119.8 2368.7
1789.9 2175.7
  1817 2120.4
1800.6 2085.1
2119.2 2374.5
1938.1 2387.8
1037.6 1873.6
1730.8 2457.4
1903.9 2344.8
  1940 2386.4
1864.5 2306.4
2147.7 2279.8
1637.4 2417.2
1442.7 1652.8
1690.1 2140.5
1311.1   2375
1996.8   2411
1462.3   1845
2181.1 2310.3
  2232 2287.6
  1576 2441.8
2005.4 2456.9
1732.8 2330.3
  1888 2517.9
432.41 1683.4
1815.5 2212.3
968.75 1777.1
  1795 2264.8
1428.4 2343.6
2195.9 2414.7
2139.9   2315
  2129 2376.8
1955.4   2382
3338.9 1192.7
1812.9 2692.5
1826.4 2138.2
1672.9 2453.3
2056.6   2488
1963.1 2433.9
1678.8 2111.7
1791.8 2331.2
1372.9 2397.8
1869.5 2317.9
2596.2 1668.1
1681.6 2302.9
1855.5 2193.3
  1848 2272.4
1791.3 2364.3
1700.6 2151.8
2004.4 2488.8
1557.9 2027.4
1793.6 2363.9
1823.9 2394.6
1806.8   2698
1554.5 1930.1
1394.9 2324.4
1986.8 2488.7
2647.1 2155.5
1839.3 2183.5
1074.3 1856.5
1820.6 2226.5
1793.3 2286.8
  1482 1951.4
1361.9 2413.2
2013.5 2487.2
1750.5 2482.3
1822.3 2711.1
2141.8 2346.3
2164.4   2336
1786.4 2400.1
1472.2 1953.2
1837.2 2160.5
1675.7 2029.8
2335.1 2330.1
1695.6   2481
1886.6 2476.2
1359.8   2313
1323.2 2396.9
  1446 1899.6
1726.5 2426.7
1900.1   2326
2083.3 2469.5
1783.4 2373.3
1615.8 2406.6
1753.8 2222.9
1802.1 2704.4
1963.3 2406.4
1803.3 2712.5
1768.9 2242.1
1849.9 2403.9
1780.3 2356.4
1792.5 2301.7
990.53   1787
1847.7   2417
1790.9 2347.1
1792.5 2290.6
1374.6 2397.1
1607.5 1902.6
  2117 2561.8
2370.3 2167.5
1817 2395
2047.9   2474
1674.7 2413.9
1499.6   1727
1797.2 2186.5
1457.3 1813.2
1725.9 2287.3
2112.9 2486.5
1368.5 2411.9
2175.3 2368.2
1793.4 2224.6
2621.9 2457.3
1791.8 2317.7
2320.3 2371.1
  1062 1840.9
2357.6   2341
406.67 1650.9
1675.5 2440.7
1924.2 2479.2
1758.8 2456.1
1792.9 2424.1
1971.8 2711.5
1803.8 2100.9
2325.6 2299.8
2241.9 2341.4
2451.7 2229.5
2324.7 2318.5
1841.2   2256
1697.5 2131.9
1966.3 2500.6
1506.1 1813.8
1711.7 2141.8
1818.8 2697.5
2010.8 2407.8
2333.6 2307.4
1727.3 2441.3
1848.2 2269.5
1846.3 2264.9
2468.9 2430.3
1781.6 2255.1
1468.1 1956.6
1961.1 2503.6
1846.2   2306
1549.8 2399.8
1648.3 1989.1
1985.3 2425.6
  1635 2447.5
2082.6 2460.7
1826.1 2122.9
1717.4 2424.4
2064.2   2401
3800.4 2666.4
1846.8 2378.9
2462.5 1855.2
2082.2 2432.8
1645.2 2447.7
1868.3 2272.5
465.18 93.224
1494.1 1819.3
1871.3 2499.4
  2200 2389.9
1845.9   2403
1726.1   2462
2455.6 2084.3
1836.6 2263.3
1867.9 2338.2
1632.6 2429.2
2205.4 2329.7
1612.8 2018.4
2250.1 2332.1
2259.7 2287.1
1848.4 2289.5
  2633 1990.3
1881.3   2566
1765.3 2130.9
1593.5   1891
7227 1544
1323.2 2364.7
1659.8 2311.1
1706.2 2143.6
1492.5 1772.7
1932.8 2358.7
1418.1 2396.1
1837.1 2273.7
2377.1 2007.4
1832.9 2531.9
1697.3   2134
  1832 2173.7
1492.3 2351.2
  1046 1864.8
3029.9 2567.3
1692.5 2300.7
  1524 1949.2
1860.5 2398.2
2143.1 2267.8
1867.9 2272.8
1996.9 2486.8
2534 1823
2249.4 2349.3
1483.9 2095.9
1670.7   2121
1951.1 2402.8
1610.7 2022.6
1833.8 2518.4
2008 2400
  1843 2431.1
2143.2 2267.4
1108.1 1933.6
  1783 2296.1
1720.5 2346.5
2238.4 2298.6
1811.3 2130.7
2189.3 2369.9
1714.1 2474.9
2143.4 2354.2
972.56 1813.3
1373.7 2323.1
1795.7 2391.7
1825.9 2447.6
  2186 2401.5
2125.8 2393.1
2614.6 2236.2
2125.4 2392.7
  2477 2660.1
355.82   2151
1315.3 2309.9
1976 2485
1432.7 2359.4
1670.9 2067.2
1975.3 2484.8
1598.6   1903
2317.8 2432.9
1613.9 1927.2
  1824 2703.2
  1833 2253.8
  2232 2321.1
1806.5 2720.9
  1550 2370.2
1638.8 1987.2
1784.5 2112.4
2377.2 1998.8
2555.3   1687
1572.9 1910.9
  2607 2225.8
1687.3 2444.9
1062.9 1924.9
1793.4 2307.8
2536.2 1379.1
1892.1 2332.7
1958.5 2391.9
1723.6 2478.4
2310.6 2112.1
2589.2 1713.4
1964.4 2485.2
2004.3 2423.2
2092.1 2457.2
2581.8 1701.9
1719.9 2118.2
2014.4 2470.9
1454.9 1860.3
1571.7 2469.4
1998.8 2449.7
1710.7 2456.7
2394.1 2256.9
2629.5 2353.3
1964.9 2484.8
1762.6   2187
1567.4 2387.1
  1566 1911.1
1502.2 1967.9
  1682 2437.7
1992.5 2440.1
1990.5 2439.8
2450.9 1901.6
1796.6 2235.3
1077.7 1849.5
1469.4 1937.2
2068.7 2414.9
1507.4 2408.9
1990.9 2436.7
1284.5 2288.2
2437.8 2209.5
2583.6 1713.6
1555.3 2198.8
2323.5 2355.9
  1923 2488.5
2588.4   1791
2183.8 2332.5
  1590 2435.1
1732.9 2202.4
2255.1 2301.8
1757.6 2426.6
2465.1   2525
2299.2 2024.7
 230.3 1314.1
1549.5 2223.6
1495.6 1995.9
2450.1 1890.3
2518.4 1848.4
1748.6 2512.9
1449.1 2322.4
  1795 2239.5
2118.8 2359.6
1664.6 2130.9
  1966 2452.9
  2217 2513.8
1916.5 2565.2
1973.6 2410.1
  1586 2394.2
  1885 2294.7
1784.4 2140.8
2317.2   2383
1628 2015
1998.6 2427.4
1098.9   1960
  2337 1944.2
1624.4 2423.3
2361.8 1900.6
1009.8   1759
  1999 2470.6
1835.7 2390.2
2467.6 1869.2
1873.9 2521.9
2202.8 2467.6
2192.6 2468.9
1515.7 1992.3
1735.5 2439.3
  1580 2195.4
  1826 2304.3
1818.1 2240.6
2255.5 2495.1
1952.7 2414.3
1872.7 2402.2
202.59 577.75
2113.1   2462
1491.1   2237
2609.9   1591
1724.3 2466.2
1863.8 2328.7
1775.2 2420.5
  2018 421.54
  2202 2248.5
1499.5 2385.2
1464.9   1940
1566.2 2001.1
1537 1767
2331.6 2393.6
2486.8 1836.3
2597 1719
2618.6 2352.5
1503.2 2387.7
1635.3 2457.6
1785.9 2055.9
1675.3 2478.6
  2603 2153.4
1928.8 2374.1
1786.1   2165
1860.9 2339.3
1491.5 2238.5
1972.5 2486.5
1686.8 2479.7
2578.5 2178.5
939.86 1792.5
2449.1 2207.3
1492.6 2253.3
2588.9 2247.4
2121.7 2385.4
1830.1 2328.8
2605.8   2354
1310.7 2646.3
2308.2 1997.6
1503.9 2245.1
1721.5 2421.9
986.19 1778.6
1834.1 2463.7
1348.2   2310
1779.6   2412
1351.5 2414.1
2458.2 2055.7
1815.8 2244.4
1437.5 2225.5
2441.4 2248.3
2586.4 2417.5
