2782.15 2454.82
 2373.1 2360.92
2200.02 2371.29
2782.69 2367.21
2831.12 2468.72
2247.78 2117.15
2831.25 2481.98
2695.45 2322.89
2860.45 2300.53
2246.54 2116.22
2310.73 2150.78
2213.44 2104.55
2820.38 2485.16
2748.84 2353.21
2287.15 2136.06
3311.24  2477.9
2936.67 2441.95
2800.59 2374.45
2830.52 2449.48
2731.76 2220.77
2217.89 2104.38
2912.86 2420.47
2820.04 2436.02
2698.77 2476.27
3070.48  2405.9
2903.56 2348.14
2497.68 2082.83
3093.86 2343.41
2335.28 2382.95
2909.92  2314.7
2285.17 2143.61
2284.56  2143.6
2860.53 2248.73
2865.09 2298.13
3163.95 2474.38
2894.19 2339.62
2777.08 2461.55
2859.86  2306.1
2906.96 2309.49
2638.52 2268.72
3076.72 2374.02
3108.06 2467.44
2359.63 2331.34
3087.31  2349.2
2068.61 2064.29
3013.71 2464.49
3000.25 2456.13
2170.24 2057.92
2766.63 2456.91
2927.01 2470.74
2916.25 2365.01
2372.81 2340.53
2806.24 2426.78
2598.47 2411.25
2809.72 2295.29
2848.44 2299.81
3092.41 2350.85
2816.54 2301.39
3047.23  2456.5
2679.82 2471.47
2937.91 2395.35
2352.52 2139.36
3064.22 2408.05
2855.51 2297.21
2874.66 2273.15
2860.48 2250.76
3063.56 2410.73
2962.34 2414.88
 2266.8 2120.72
2807.28 2439.85
2939.76 2392.07
  2963 2414.2
2913.66 2371.52
3079.81 2367.96
2713.64 2412.91
2332.45  1747.4
2762.26 2256.51
2084.41 2331.19
2995.72 2426.91
 2399.3 1930.14
3100.82 2379.95
3133.72 2365.58
 2638.5 2423.52
3000.66 2446.29
2808.26 2370.47
2929.29  2472.8
696.817 1628.99
2876.68 2319.98
2178.94 2054.41
2860.87 2343.13
2383.81 2331.06
3109.79 2426.43
3075.84 2383.94
 3068.9 2411.47
2972.54 2412.67
3623.41  1893.4
2779.93 2627.44
2883.17 2284.49
2751.94 2435.55
3028.71 2460.14
2977.02 2435.41
2744.65 2231.74
2859.64 2377.49
 2255.7 2365.39
   2917 2377.27
 3401.5 1970.17
2759.38 2349.12
2905.34 2315.23
2901.76 2353.65
   2860 2394.47
 2770.4 2263.16
3000.09 2460.22
2592.86 2138.88
2860.24  2394.3
2885.51 2411.81
2771.67  2633.2
2560.93 2050.19
 2334.5 2312.55
2990.26 2460.15
3451.07  2265.4
2893.71 2309.11
2300.01 2114.74
2880.87  2327.8
2860.78 2355.05
2441.29 2026.57
2240.51 2379.62
3005.13 2459.75
2825.31 2454.08
2791.46 2643.49
3076.47 2397.52
3089.82 2391.99
2856.41 2412.49
2427.38 2025.13
2891.74 2297.48
 2766.2 2214.35
3218.51 2374.85
2775.17 2452.04
2923.83 2451.98
2246.38 2292.05
2136.93 2356.76
2382.66 1970.97
2804.19 2422.93
2937.39  2383.2
3043.35 2452.21
2854.25 2398.97
2685.92  2403.9
2825.28 2315.35
2764.89 2639.47
2976.95 2423.54
2766.13 2646.93
2838.26 2327.62
 2904.4 2417.32
2852.05  2390.4
2859.96 2362.67
2202.14 2061.94
2902.86 2423.71
2859.25 2385.73
2859.94 2356.62
2258.65 2365.59
 2651.1 2076.85
3072.78 2495.48
3246.34 2282.21
2880.38 2412.22
3025.56 2453.07
2753.72 2412.54
2433.02 1839.51
2861.31 2303.17
2381.26 1895.21
2809.58 2351.66
3060.27 2459.44
2249.74 2377.73
3097.06 2406.46
2859.85 2322.88
3434.33 2439.56
2859.67  2370.3
3207.67 2396.81
2285.77 2104.54
3238.35 2378.74
1229.68 1812.29
2755.15 2428.38
2948.93 2453.51
2831.54 2440.52
2860.35 2424.93
 2982.6 2540.49
2863.19 2259.91
3210.39 2359.29
3139.94  2390.8
 3325.1 2304.72
3210.07 2369.52
2896.79 2345.57
2767.71 2251.14
2978.52 2465.22
2453.53 1913.82
2778.95 2258.15
2787.82 2631.58
3003.34 2425.42
3217.41 2363.18
2804.44 2431.18
2901.93 2352.21
2900.01 2348.85
3337.51 2422.57
2849.81  2336.8
2423.05 2026.71
2975.61 2466.47
2900.92 2369.93
2598.68 2392.37
2696.57  2138.3
2989.39 2432.87
2709.55 2430.36
3043.14 2448.46
   2881 2275.06
2795.98 2421.17
3032.74 2422.98
7141.95 2806.54
2901.35 2405.36
3321.58 2079.06
3043.54 2436.42
2721.12 2430.51
2915.37 2355.03
-683.559 -874.556
 2434.7 1911.51
 2918.4 2464.06
3111.42 2415.58
2901.47 2417.24
2801.52 2441.57
3324.18 2217.88
2894.24 2348.95
2916.26 2386.92
2709.51 2419.42
3115.83 2387.61
2664.64 2153.51
3143.67 2386.85
3149.21 2366.02
2902.43 2362.23
3438.47 2167.89
2910.84 2500.08
2836.5 2272.3
2628.68 2058.64
4969.04 2053.97
2140.74 2327.63
2736.11 2351.41
   2775 2259.51
2420.42 1866.25
 2959.3 2402.07
2372.66  2373.6
2893.94 2352.77
3255.92 2183.14
2888.97 2480.56
2767.53 2253.32
2888.06 2303.64
2507.17 2349.88
2273.91 2116.57
4108.82 2522.67
2768.87  2348.5
2520.96 2053.99
2911.43 2415.28
3077.42 2362.72
2915.15 2355.28
2995.94 2459.38
3365.01 2066.94
3143.83 2394.64
2484.36 2159.37
2736.46 2236.41
 2969.6 2421.72
2662.62 2156.42
2890.58 2473.41
3002.22 2422.03
2899.54 2430.96
3077.52 2362.51
2256.99 2121.09
2852.83 2359.15
2798.13 2379.23
3137.02 2371.62
2871.59  2278.4
3105.85    2407
2798.59 2449.59
3077.86 2401.55
2186.43 2076.38
2285.35 2305.78
2863.11 2409.14
2886.29 2438.17
3103.94 2420.94
 3067.7 2418.82
3427.35 2313.13
3067.69 2418.61
3649.04 2632.86
997.311 2161.86
2114.41 2271.92
2984.44 2458.46
 2387.9 2343.43
2734.77 2203.63
2983.84 2458.38
2635.45 2068.19
3205.86 2428.84
2658.66 2092.98
2792.85 2636.62
2890.69 2343.14
3132.98 2382.44
 2769.3 2654.78
2599.98 2373.11
2687.07 2135.98
2849.54 2264.14
3255.75 2179.41
3356.16 2005.71
  2580 2039.7
3422.82 2306.64
2765.74 2430.67
2196.96 2106.49
2860.77 2365.93
3318.37 1826.71
2932.53 2386.38
2974.32 2416.95
2801.04 2450.68
3198.52 2259.98
3399.47 1997.41
2977.22 2458.51
 3000.3 2432.06
3048.09 2446.85
3394.65 1989.01
2785.19 2244.41
3006.31 2452.59
2386.11 1936.46
2631.37 2441.18
2996.93 2443.36
2789.13  2438.8
3271.99 2327.46
3441.09 2379.51
2977.49 2458.38
 2832.1 2297.14
2625.98 2387.02
2572.57 2038.16
2496.78 2064.63
2760.75  2426.6
 2993.4 2439.16
 2992.8 2439.12
3316.76 2106.83
2861.46 2328.44
2306.37 2112.35
2421.09 2009.99
3035.42  2428.9
2525.09 2393.05
 2992.9 2437.55
2035.99 2241.52
3312.55 2293.54
3395.34  1997.5
2634.08 2275.28
3208.93 2389.22
2948.26 2458.88
3395.37 2052.63
3102.69 2389.72
2655.72 2419.73
 2805.5 2300.45
3146.61 2373.19
2832.37 2425.35
3301.97 2477.87
3170.2 2237.6
1230.96  1672.4
2597.35 2275.13
2490.86 2084.46
 3316.3 2099.49
3357.48 2079.22
2823.06 2469.87
2421.26 2317.95
2861.19 2331.11
3063.45 2404.68
2732.31 2242.35
2978.29 2443.67
3124.89    2471
2934.79 2501.12
2983.05 2425.56
2650.45 2393.55
2926.36 2366.83
2850.23 2278.89
3205.41 2402.87
2678.94 2154.06
2996.87 2433.81
 2248.5 2136.56
3195.85 2190.31
 2699.3 2415.83
3211.79  2163.9
2312.11 2099.67
2997.07 2452.24
2894.68 2410.63
3325.81 2087.68
2919.49 2474.72
3113.75 2450.49
3107.49 2450.85
2516.35 2086.38
2811.59 2429.98
2635.11 2261.65
 2886.8 2367.42
2879.32 2335.41
3147.11 2462.58
2970.82 2426.76
2920.12 2418.04
-621.073  51.5149
3060.16 2448.83
2502.17 2266.77
3405.15 1922.94
2803.21 2444.83
2913.93  2382.9
2848.55 2422.81
 2806.8 1280.74
 3109.2 2354.87
2513.74 2374.78
   2416 2011.06
2599.06    2121
2515.39 1914.07
3213.87 2408.32
3337.49 2069.21
3404.34 2001.31
3433.63 2378.96
2519.65 2377.89
 2709.9 2436.18
 2848.6 2234.99
2754.73 2449.63
 3419.4 2264.94
2956.88 2408.89
2853.22 2291.96
2910.72 2386.14
2503.59 2268.23
2982.26 2459.14
 2764.9 2450.75
3403.06 2279.42
2143.84 2057.52
3323.07 2291.37
2503.98 2278.35
3412.34 2319.21
3065.72 2415.48
 2889.1 2379.75
3423.52 2380.25
1765.24 2643.35
 3178.1 2219.46
2517.46 2273.42
2800.23 2420.81
 2197.1 2057.12
2891.57  2445.5
2227.95 2288.81
2851.43  2418.4
2221.06 2378.95
3326.17 2201.24
2886.85 2347.15
2400.87 2239.27
3318.69 2315.67
3411.65 2416.83
