1701.5 2453.4
1183.9 2274.4
1013.9 2303.4
1705.3 2260.6
  1778 2484.5
1090.7 1843.4
1778.4 2514.2
1580.9 2172.2
1834.5 2105.9
1089.7   1842
1146.2 1891.2
1060.7 1828.3
1761.2 2521.1
1655.4 2232.5
1125.4 1869.2
2728.8 2512.5
1954.9 2423.4
1732.4 2275.4
  1777 2441.4
1646.7 1951.6
1064.9 1827.1
1913.9 2374.2
1760.5 2411.4
1579.2 2499.4
2205.4 2334.8
1901.9   2209
1366.2 1725.7
2255.7 2182.4
1143.5 2318.2
1915.9 2132.3
  1122 1883.1
1121.4 1883.2
1841.6   1991
1842.4   2100
2396.7 2501.7
1886.7 2190.4
1693.8 2468.2
1832.9 2118.4
1911.4 2120.8
1508.9 2065.6
2219.3 2257.5
2280 2484
1171.9 2219.2
2242.1 2196.9
941.07 1790.2
  2095 2476.2
2069.8 2456.3
1030.9 1757.5
1678 2458
  1938 2490.1
1922.4 2246.6
  1185 2235.6
  1739 2391.1
1444.4 2363.5
1753.8 2100.3
  1815 2105.7
2252.2 2200.5
1763.8 2112.9
  2159 2457.2
1552.6 2488.9
1958.4 2315.3
1191.4 1862.4
  2193 2340.2
1826.8 2099.1
1861.4 2043.1
1841.2 1995.5
2191.6 2346.7
2001.1 2359.8
1108.4 1845.9
1740.4 2420.1
1961.8 2307.6
2002.3 2358.2
1917.5 2261.7
2225.8 2242.7
1600.9 2363.3
1284.8 1196.5
1686.2 2022.6
916.17 2239.8
2061.7 2387.2
1295.2 1476.8
2267.3 2270.5
2335.7 2233.5
1496.6 2387.9
2070.6   2433
1744.6 2266.1
  1942 2494.9
282.37 1514.1
1859.2 2147.7
1039.6 1749.6
1830.9 2201.2
1197.4 2216.7
2283.8 2383.6
  2217 2281.5
2202.1 2348.3
2019.6 2354.3
3541.2 1076.2
1709.1 2831.4
1874.1 2067.3
1656.2 2411.4
2123.4 2465.9
2027.2 2407.6
1663.8 1972.6
1826.4 2278.6
  1066 2289.7
1922.9 2274.7
2995.9 1262.6
1671.4 2222.8
1908 2134
1898.4 2221.7
1826.1 2316.9
1697.5 2035.7
2069.5   2466
1471.6 1811.8
1826.5 2316.5
1867.7 2355.2
1697.3 2842.8
1452.1 1648.1
1147.6   2186
2051.3 2465.8
3080.9 1957.2
1888.9 2121.4
1142.5 1828.5
1865.4 2164.9
1829.8   2228
1314.7   1636
1050.9 2316.5
2078.9 2464.9
1768.7 2451.7
1728.9 2867.7
2217.6 2314.3
2244.5 2300.3
1819.5 2357.7
1299.3 1637.1
1886.9 2095.4
1698.9 1932.1
2517.6 2251.6
1690.9 2447.3
1932.4 2446.7
1062.9 2156.7
958.86   2281
1264.7   1553
1735.9 2382.6
1958.1 2287.2
2151.5 2446.9
1816.5 2327.3
1562 2345
1776.1 2142.7
1687.9 2855.4
2027.3 2379.7
1690.8 2871.6
1795.6 2168.6
1899.5 2367.2
1813.3 2308.1
1827.9 2245.2
1059.3 1757.2
1896.7 2381.9
1825.3 2297.2
1828.3 2231.6
1068.8 2289.9
1563.6 1676.1
2209.6 2551.6
2587.3 2018.1
1859.1 2356.3
2117.4   2449
1659.4 2361.2
1363.2 1310.6
1835.6 2111.7
1286.3 1422.4
  1748 2224.4
2184.4 2464.3
1059.7 2312.6
2258.5 2335.2
1831.1 2155.9
3031.4 2412.6
1826.9 2262.4
2492.6 2307.2
1130.4 1813.3
2561.8 2260.4
465.35 1611.5
1661.1 2395.7
1976.5 2450.2
1778.7 2421.3
1825.6 2385.7
2039.9 2654.7
1844.3 2015.3
2500.5 2213.1
2347.3 2295.1
2767.9 2067.2
2499.2 2238.7
1890.6 2203.7
1695.2 2010.3
2029.8 2477.7
  1362 1431.3
1711.2 2023.7
1721.7 2841.4
2075.9 2383.5
2515.8 2222.4
1736.1 2400.9
1898.8 2218.4
1895.8 2210.9
2791.8 2369.3
1813.4   2188
  1294 1641.1
2024.5 2480.6
1895.8 2258.9
1445.4 2324.5
1612.2   1788
2049.9 2401.4
1594.6 2400.9
2151.1 2437.9
1871.7 2046.5
1723.2 2378.9
2131.5   2377
7293.6 2821.9
1894.7 2339.9
2789.6 1519.6
2152 2409
1611.2   2401
1921.6 2223.8
524.58 47.575
  1341 1433.3
  1923 2474.6
2287.4   2357
1894.5 2367.1
1731.4   2424
2774.6 1850.1
  1886 2211.6
1921.1 2296.9
1594.8 2377.4
2297.5 2288.4
1564.3 1825.7
2355.3 2285.2
2368.1 2233.6
1898.9 2241.2
3057.9 1713.9
1910.7 2557.4
1799.2 2046.4
  1538 1646.4
6108.5 1698.6
964.09 2229.5
1636.8 2229.6
  1705 2027.2
1339.6 1360.2
1996.1   2330
1182.7 2298.6
1885.2 2220.3
2621.9 1775.2
  1873 2512.1
1694.6   2015
  1880 2109.7
1334.7 2243.8
1116.2 1837.1
4769.6 2625.4
1685.7 2220.7
1401.5 1665.7
1911.6 2362.3
2221.4 2230.2
1921.2 2224.4
2061.8   2464
2893.3 1484.3
2355.3 2304.4
1333.7 1873.9
  1651 1983.8
  2014 2375.6
1560.9   1832
1875.6 2495.8
2073.9 2375.5
1890.9 2398.6
2221.6 2229.7
1098.8 1848.5
1816.5 2237.8
1728.3 2286.1
2342.2 2248.1
1855.6 2055.2
2276.3 2336.2
1726.8 2441.8
2220.2   2324
1041.6 1785.4
1099.1   2178
1830.6 2349.9
1868.4 2415.3
  2272 2370.3
2199.5 2366.1
3017.9 2081.6
2199.5 2365.6
3597.5 2927.2
310.05 2086.5
946.53 2134.6
2040.6 2461.8
1200.8   2240
1654.1 1915.1
2039.5 2461.6
1544.6 1663.2
2487.7 2387.7
1569.9   1706
1730.1   2853
1880.5 2198.7
2333.2 2274.9
1696.7 2888.9
1448.1 2284.7
1599.3 1785.4
1821.4 2026.6
2622.1 1766.3
2883.3 1348.2
1479.2 1623.1
3006.9 2065.1
1676.9 2400.5
1045 1835
  1829 2252.5
2835.9 987.15
1949.4 2294.8
2022.7 2364.3
1730.6 2444.2
2483.8   1969
2986.5 1322.3
2027.4 2461.9
2070.1 2399.3
2160.7   2434
2976.5 1304.7
1722.8 1993.2
2081.1 2447.9
1278.7 1491.8
1486.8   2425
2063.7 2426.1
1712.3   2418
2641.7 2128.9
3049.7 2254.2
2027.9 2461.6
  1789 2101.7
1481.3 2312.1
1470.1 1622.2
1369.6 1691.8
1669.5 2391.7
2057.2 2416.2
2056.1 2416.1
2773.6 1584.7
1833.2 2168.2
1149.4 1822.9
1296.3 1611.5
2136.5 2391.1
1353.6 2329.2
2056.3 2412.4
885.29 2091.4
2739.1   2040
2976.7 1323.2
1502.1 2079.7
2495.7 2288.1
1975.3 2462.7
2967.8 1446.7
2270.6 2294.2
1519.9 2379.5
1746.6 2112.1
2362.2 2251.4
1780.3 2387.3
2706.9 2512.3
2425.8 1918.7
 499.3 1438.3
1453.9 2084.1
1357.7 1730.4
2773.8 1567.7
2873.5 1513.8
1765.2   2487
1239.1 2188.3
1832.5 2174.2
2191.6 2332.1
1644 1997
2029.4   2427
2314.6 2492.9
1952.3 2560.6
2038.4 2384.3
1513.7 2324.6
1939.8 2250.1
1820.5 2059.1
2487.4 2322.5
  1584 1823.8
2063.7 2403.5
1087.6 1877.5
2488.1 1801.9
1580.4   2370
2527.2 1736.8
1157.9   1799
2063.9 2447.1
1883.2 2352.2
2797.9 1538.7
  1925 2499.2
2291.6 2442.5
2278.8 2443.4
1387.8 1727.9
1747.3 2398.1
1505.3 2051.5
1872.1 2254.1
1862.1 2182.2
2360.9 2472.3
2016.1 2387.4
1926.5 2368.4
275.79  552.9
2184.2 2438.7
1337.2 2079.6
3012.7 1161.8
  1734 2431.2
1917.3 2287.8
1806.4 2381.2
2097.3 325.81
2285.9   2209
1340.9 2293.1
1290.3 1614.8
1483.6 1775.3
1435.8 1411.7
2505.9 2335.9
2828.3 1494.2
2997.4 1330.1
3030.8   2253
1347.8   2299
  1595 2413.4
1824.3 1962.7
1660.2 2442.1
3001.3 1958.4
1991.5   2346
1823.7 2087.7
1911.6 2295.4
1338.7 2082.3
2036.6 2463.4
1675.4 2444.5
2959.5 1996.6
1007.3 1762.7
2764.2 2033.6
1337.9 2102.2
2979.9 2098.2
2195.7 2358.1
1875.2   2282
3005.2 2256.7
687.59 2748.8
2445.3 1874.1
1354.6 2090.8
1729.8   2378
1055.7 1750.1
1877.2   2432
1045.9 2152.7
1811.2 2371.2
1032.8 2316.2
2781.4   1809
1873.7 2208.1
  1226 2040.2
2751.8 2095.5
2974.4   2353
