2543.51 2540.71
2888.92 2467.88
2755.53 2148.55
3005.56 2487.06
3120.55 2398.97
3133.02 2397.89
2978.99 2437.65
2330.73 2393.29
2969.32 2350.26
2860.16 2309.17
405.927 2710.42
3079.08 2474.57
3177.87 2298.25
3228.65 2228.55
2273.37 2385.64
2960.08 2372.73
3122.5 2382.8
2971.68 2380.47
3113.27 2422.31
3117.94 2396.57
 2602.1 2536.34
2978.11 2441.27
774.902 2681.19
2656.65 2429.55
2978.83 2390.14
3257.09 2591.57
2999.41 2416.25
3061.35 2465.29
2715.47 2156.88
 3126.1 2376.53
2748.42 2134.93
2693.19 2439.33
3242.39 2476.88
2695.83 2312.29
3264.21 2481.32
2976.26 2353.01
3110.92 2409.66
 3181.2 2302.54
2753.82  2153.5
3117.13 2412.48
3158.96 2376.69
 3058.1 2476.55
 3052.8 2464.57
1682.64 2450.47
3044.01 2464.45
2979.49 2398.28
3138.26 2374.37
3129.96 2379.13
1394.28 2712.82
3108.11    2424
2913.52 2357.33
3158.66 2395.37
2999.41 2448.05
2778.75 2212.57
3310.89 2199.73
2707.96 2438.53
3094.71 2464.58
2790.84 2452.21
3078.18 2464.67
3117.08 2404.46
3090.79 2468.21
3129.58 2402.88
2904.68 2447.02
2780.64 2256.65
3132.93 2462.21
2551.27 2370.26
3027.83 2428.02
2979.67 2435.72
 3159.3 2394.44
3053.11  2455.7
2420.66 2361.36
3128.16 2472.88
3135.98 2403.12
3191.96 2454.26
2477.69  2375.8
3116.17 2405.14
3078.26 2467.86
3131.92 2365.98
3018.39  2428.4
2853.68 2438.34
2939.81 2420.06
2876.44 2328.59
3052.68 2468.28
3438.97 2382.78
2982.02 2427.03
2919.71 2449.92
3112.45 2427.02
3311.12 2254.37
3374.07 2482.29
2972.43 2435.86
3127.68 2455.09
3242.68 2471.36
3191.61 2461.86
2875.14 2394.34
3231.11  2483.8
3057.19 2467.66
3560.07  2461.8
2643.77  2461.8
3376.51 2400.88
2701.94 2441.03
3138.57 2464.26
2874.21 2442.11
2695.45 2136.04
 3215.8 2237.76
3091.11 2460.98
3211.06 2412.84
3310.04 2185.48
3133.86 2378.33
3194.63  2327.7
3354.07 2373.21
 3306.3 2467.53
 3352.1 2576.63
3199.12 2407.23
2713.34 2440.76
3031.97 2437.28
2970.07 2384.85
3196.37 2321.17
3143.28 2441.06
3158.28 2460.78
3125.71 2389.22
3159.41 2444.78
 3240.2 2467.46
3360.57 2493.55
3235.02 2475.26
2903.42 2453.85
2203.05 2388.58
2358.86 2457.14
2703.52 2199.96
3223.83 2228.11
3330.36 2272.97
3163.49 2414.84
2823.38 2274.66
2923.47 2412.71
3432.06 2325.09
2965.62 2377.63
2933.92 2462.28
2738.09 2130.83
3276.23 2610.77
3159.84 2476.42
3209.14 2247.87
2701.14 2212.22
3494.79 2139.22
2969.79 2394.63
2933.86 2366.97
3093.22 2444.28
2316.93 2426.36
3509.69 2366.43
3177.71 2312.14
3025.73 2435.87
3503.56 2383.57
2790.69 2261.08
 3132.1 2446.45
3128.05 2441.92
3143.56 2380.75
3180.49  2307.8
2958.17 2432.12
2710.11 2214.64
3105.09 2467.19
2822.23 2276.35
3203.33 2411.34
3118.22 2415.94
3144.23 2435.79
3658.89 2374.13
 3276.2 2469.82
3134.26 2453.24
3027.68 2431.53
3518.99 2388.63
3576.16 2371.47
3159.53 2455.86
2959.31 2345.91
3247.63  2569.6
2969.57 2397.89
3119.05 2464.32
2547.87 2385.27
3084.21 2434.99
2970.18 2360.68
3090.57 2447.44
3292.22 2189.72
3205.61 2415.56
3121.71 2468.54
3551.79 2409.39
2808.88 2355.96
3379.45 2405.26
3375.36 2251.21
2701.44 2223.63
3236.97 2472.72
3136.74 2412.73
3160.34 2421.95
3167.05 2411.55
3223.25 2287.48
3119.01 2418.83
2960.15 2335.18
2989.03 2409.51
2880.57 2326.17
2792.93 2348.62
 3572.9 2386.19
 3170.9 2395.46
3213.02 2245.56
3640.26 2360.83
3140.88 2471.42
 3034.1 2474.63
3161.87 2462.97
3178.71 2294.52
3139.66 2380.43
3414.76 2335.37
3405.26 2319.96
2900.71 2350.67
 3215.4 2241.58
3253.46 2365.96
3239.77 2254.17
3307.24 2169.74
3107.88 2480.63
2831.04 2376.46
3182.55 2290.78
2819.41  2434.5
3161.61  2399.4
2638.16    2462
3170.91 2461.51
3301.64 2368.98
3200.48 2397.55
3245.63 2321.63
3165.61 2408.08
3312.63 2377.19
3430.71 2320.31
2823.77 2279.87
3107.28 2469.89
3294.64 2483.62
2979.37 2406.89
3111.03 2432.97
3022.36 2428.52
2961.73 2335.02
3166.85 2417.73
3098.36 2465.86
3709.42 2360.38
3049.83 2452.85
3049.93 2453.64
3318.81 2423.47
 3379.5 2339.62
3095.94 2501.05
3183.76    2301
3437.29 2326.12
2711.09  2207.4
3260.11 2060.67
 3095.3 2456.44
3247.47 2466.91
2709.02 2443.49
2882.86 2449.78
3252.55 2313.54
3046.77 2450.03
2953.86 2339.25
3128.63 2449.06
 3248.5 2489.12
2864.99 2321.93
 3193.6 2278.75
2950.76 2333.65
3293.31 2194.16
3134.51 2385.21
3424.83 2611.09
3169.01  2400.7
3379.61 2500.28
3152.99 2468.97
3319.78 2248.94
3134.96 2443.59
3084.07  2440.8
 3300.7 2252.92
2935.89 2300.21
2879.75 2451.54
3103.57 2453.87
3229.16 2395.31
3169.32 2503.17
3154.96 2414.71
3249.04 2435.34
2871.48 2329.27
3209.54  2408.5
3248.51 2452.41
3434.16 2318.85
 3232.4 2438.27
3268.44 2462.06
3099.46 2476.22
3195.91 2271.06
2734.37 2108.13
3114.59 2418.26
 3037.2 2438.71
2888.52 2481.41
3339.61 2492.38
3298.92 2273.73
3413.04 2349.15
2695.57  2199.3
3272.11 2233.27
3204.82 2432.23
3271.09 2242.11
3575.04 2387.67
2836.34 2258.51
2971.84 2432.22
 3200.2 2311.83
3257.91 2236.78
3404.88 2326.93
3299.86 2336.25
2719.99 2445.05
3144.99 2460.63
3297.89 2470.17
3146.44 2460.19
3313.01 2421.15
3169.82    2470
3120.53 2448.96
3233.56 2329.44
2929.82 2297.53
2816.15 2431.54
3017.24 2430.82
3301.68 2330.32
3304.64 2324.22
 3248.5 2434.22
2544.19  2408.8
3301.01 2268.21
3317.11 2146.24
2542.94 2374.47
3138.65 2430.28
 2009.9 2596.08
3107.59 2420.65
3141.88  2462.4
 3244.5 2255.77
3141.84 2460.67
3105.21  2458.2
3401.98 2326.94
2992.93 2412.73
2958.73 2425.94
3120.35 2480.84
2901.71 2460.06
2945.04 2434.26
3206.55 2505.32
796.069 2606.24
3305.44 2257.91
3299.58 2312.44
3082.32 2466.36
3370.74 2490.76
3121.33 2431.79
3243.83 2484.73
3311.01 2281.45
1923.76 2649.13
3305.72 2442.82
4490.25  1976.7
3016.24 2422.94
3263.19 2231.14
3248.95 2448.79
