1299.8 2566.7
1564.7 2454.9
1467.7 1859.2
1736.1 2502.7
1950.6 2278.2
1975.9   2279
1686.3 2381.7
1167.3 2353.3
1679.5 2173.4
1545.7 2121.3
818.15 2594.3
  1862 2474.6
2074.8 2041.4
2181.4 1888.4
1144.2 2347.3
1662.2 2228.8
1955.5   2236
1679.6 2245.2
1933.5 2338.6
1945.2 2272.4
1348.5 2563.2
1685.2   2391
845.31 2593.1
1351.6 2388.1
1689.4 2265.6
2124.9 2672.8
  1720 2327.4
1826.8 2449.3
1433.5   1898
1964.1   2220
1463.9 1837.8
1376.5 2403.8
2177.8 2487.3
  1388 2175.6
2217.1 2498.3
1689.7 2178.2
1929.4 2305.7
2080.7 2050.9
1465.3 1869.3
1941.8 2312.8
2032.4 2218.7
1820.5 2479.3
  1810 2446.7
687.99 2420.2
1792.9 2446.4
1690.1 2286.2
1989.8 2213.5
1971.6 2226.2
924.93 2655.8
1923.1   2342
1602.9   2207
2025.9 2277.1
1718.4 2406.3
1481.1 1970.4
2323.4 1862.3
1393.2 2401.6
1893.5 2448.1
1462.5 2423.2
1860.1 2447.7
1942.5 2292.2
1885.5   2458
1968.7 2291.6
1585.2 2408.6
1471.6 2047.1
1971.5 2444.8
  1280 2298.3
1765.3 2352.6
1687.9 2377.5
2027.5   2274
1810.9 2424.5
1206.6 2299.5
1961.5 2472.8
1980.7 2292.5
2080.7 2431.5
1245.4   2317
1940.8 2293.7
1860.2 2456.4
1976.9 2192.1
1747.5 2353.3
1526.8 2393.1
1631.4 2344.5
1560.6 2156.1
1809.6 2456.9
2500.7 2293.8
1691.7 2356.2
1605.3 2414.6
1931.7 2350.6
2315.2 1982.5
2399.3 2504.1
1676.9 2378.2
1960.7 2428.1
2177.7 2474.4
2080.4 2449.9
1552.7   2297
2158.6 2503.4
1818.3 2455.3
  2664 2467.2
1387.1 2448.1
2405.7 2324.4
1385.9 2406.6
1983.4 2450.3
1548.3 2399.3
1413.3 1863.6
2154.7 1911.1
1886.1 2437.9
2115.9 2336.2
2324.9 1831.6
1978.9 2225.1
2094.6 2132.9
2370.4 2260.9
2287.7 2468.9
2212.1 2633.2
2096.1 2320.4
1396.6   2406
1772.8 2376.5
1675.9 2255.3
2099.3   2117
1993.2   2391
2021.8   2443
1961.8 2253.7
2025.2 2402.4
2174.1 2464.7
2366.2 2527.5
2164.2 2483.2
1582.4 2423.4
1119.8   2356
  1181 2439.2
1409.8 1973.3
2171.1 1888.8
  2342 2033.4
2034 2327
1511.3 2064.2
1612.1 2329.6
2490.9   2172
1669.9 2239.5
1620.6 2442.1
1454.8 1836.1
2150.5 2705.2
2024.7 2482.7
  2141 1932.2
1405.1 1995.4
2559.4 1855.1
1674.8 2279.1
  1626 2222.4
1891.2 2394.5
1160.1 2398.2
2604.1 2269.3
2070.6 2078.4
1761.5 2372.6
2591.8   2306
1481.3 2053.1
1970.5 2406.2
1962.4 2391.3
1999.5 2230.4
2077.7 2065.3
1655.5 2370.6
1414.9 1997.8
1914.8 2455.7
1508.5 2068.3
2103.1 2330.8
1944.6   2322
1995.6 2377.2
2788.3 2307.4
2234.7 2471.9
1973.4 2424.7
  1765 2361.6
2618.8 2315.7
2695.7 2289.3
2025.4   2431
1663.4 2164.7
2112.9 2638.8
1674.5 2286.8
1943.8 2451.7
1278.7 2322.8
1872.4 2369.3
1678.9 2197.9
1884.9 2401.1
2288.2 1844.3
2106.5 2341.5
1949.2 2461.4
2656.8 2362.3
1485.4   2231
2439.1 2325.7
2417.6 1997.3
1403.7 2015.7
2168.5 2477.9
1982.1   2317
2026.8 2346.2
  2042 2318.4
2147.2 2056.2
1945.1 2330.8
1668.1 2141.4
1704.1 2312.8
1566.7 2149.8
1470.4 2220.3
2688.9 2318.3
2050.1   2278
2148.2 1927.7
2767.3 2279.7
1987.9 2468.9
1775.8 2472.9
2028.8 2448.3
2076.3   2032
1990.7 2229.8
2467.7 2188.7
2450.9   2156
  1588 2195.9
2153.2   1921
2189.2 2238.4
2176.6   1993
2321.6 1799.4
1921.2 2491.2
1507.4 2267.7
2084.1 2024.8
1491.1 2386.9
2031.8 2287.1
1382.3 2447.9
2046.3 2445.6
2283.4 2241.5
2098.8 2299.4
2179.4 2139.5
2038.8 2308.8
2303.7 2260.8
2489.2 2162.3
1510.4 2075.4
1919.5 2463.1
  2269 2504.5
1689.1 2308.1
1928.7 2366.1
1755.1 2353.9
1670.5 2140.1
2041.1 2333.3
1901.6 2451.4
2840.8 2290.1
1803.9 2415.9
1805.1 2418.1
2312.5 2367.3
2398.4 2199.7
  1903 2539.6
  2086 2046.6
2501.5 2174.2
  1416 1984.4
2268.7 1546.5
1894.9 2425.5
2186.9   2464
1391.8 2410.6
1561.9 2415.7
2192.9 2121.3
1798.8   2409
1657.7 2151.5
1963.3 2413.8
2189.1   2518
1549.8 2146.1
2108.1 1998.3
1653.8 2139.2
2289.3 1852.4
  1980 2242.1
2264.2 2664.9
2046.3 2290.9
2403.3 2543.1
2011.3 2463.3
2331.4 1972.5
1976.2 2396.3
1872.6 2384.4
2295.9 1980.3
1638.3 2068.8
1556.8 2419.2
1912.2 2420.6
2146.2   2300
2025.8   2539
2017.7   2325
2176.6 2394.7
1554.4 2157.2
2113.8 2325.5
2175.6 2433.7
2496.4 2158.8
2149.8 2399.6
2219.6 2455.3
1903.5 2479.7
2113.2 1981.4
1459.4 1803.2
1936.6 2327.2
1781.8 2380.2
1564.9   2484
  2343 2525.9
2289.7 2025.4
2463.3 2218.4
1401.5 1974.3
  2242 1940.1
2105.6 2379.5
2239.1 1959.1
  2693 2320.9
1530.5 2030.3
1675.7 2368.5
2106.7 2097.9
2214.3   1950
2449.8 2170.4
2283.6 2166.3
1402.7 2412.7
1996.4 2440.7
2271.8 2474.5
1998.7 2440.7
2301.6 2362.1
  2045 2467.3
1947.4 2412.8
2159.9   2151
1628.4   2063
  1487 2381.4
1749.2 2361.9
2286.6 2153.8
2292.8 2140.1
  2176 2392.4
1275 2361
2293.2   2014
2334.5 1764.1
1275.5 2306.8
1984.6   2362
1048.9   2597
  1922 2333.6
1989.7 2445.8
2185.2 1994.2
1989.5 2441.4
1915.7   2432
2444.2 2171.1
1709.6 2319.8
1656.1 2355.1
  1947 2492.3
1581.1 2438.3
1638.5 2376.9
2086.7 2545.2
 848.3 2544.8
2302.8 1991.7
2285.5 2113.9
1868.3 2452.8
2385.8   2522
1949.4 2364.3
2181.3   2506
2309.8 2045.4
1036.7 2644.2
2286.2 2411.4
3741.1 1801.5
1743.9 2339.5
2225.7 1937.9
2176.5 2424.1
