1222.2 2639.2
1702.7 2485.7
1539.1   1744
1912.4 2537.4
2147.7 2299.8
2174.9 2296.1
  1862 2408.4
999.08 2331.4
1849.8 2183.7
  1666 2095.3
94.721 2734.6
2058.4 2506.1
2286.1 2018.1
2417.5 1819.8
947.25 2319.3
1830.7 2242.1
  2153 2255.5
1851.3   2261
2130.9 2363.9
2142.2 2293.4
1291.9   2634
1860.3 2417.8
190.45 2726.5
1358.4   2396
1863.8 2285.4
2471.5 2843.4
  1901 2352.1
2021.9 2480.9
1479.2 1773.5
2161.3 2238.1
1532.6 1715.9
1406.8 2417.6
  2427 2515.8
1420.1   2126
2481 2529
1862.3   2190
2126.4 2329.5
2293.1 2029.3
1535.2 1755.5
2139.6 2336.9
  2234 2235.9
2015.5   2511
2004.6 2478.9
539.15 2447.3
  1987 2478.5
1864.5 2306.4
2188.1 2231.2
2169.5 2244.9
415.47 2822.8
2119.8 2368.7
1749.6 2207.5
  2232 2287.6
1900.2 2435.2
1557.1 1882.6
2627.1   1725
  1427 2415.5
2090.9 2479.3
1546.4 2446.9
2056.4 2479.4
2139.9   2315
2082.7 2489.1
2167.1   2310
1729.4 2433.4
1550.6   1984
  2173 2473.1
1231.3   2270
1955.4   2382
1863.3 2403.4
2233.5   2285
2005.2 2455.2
1089.1 2261.3
2162.7 2502.4
2181.1 2310.3
2306.4 2451.1
1148.1 2287.1
2137.9 2316.9
2056.6   2488
2174.9 2208.8
  1937 2383.3
1644.7 2412.5
1791.3 2364.3
1690.1 2140.5
2004.4 2488.8
2952.5   2235
1867.9 2380.8
1755.3 2440.6
  2129 2376.8
2617.6 1875.3
2768.9 2534.3
1849.9 2403.9
2161.5 2453.5
2427.6   2500
2305.6 2472.5
1681.6 2302.9
2399.7 2535.3
2013.5 2487.2
3309.8 2473.9
1341.4 2469.1
2776.5 2291.9
1418.7 2421.4
2185.4 2478.8
1678.2 2421.5
1457.1 1733.6
2385.1 1847.2
2083.3 2469.5
2352.2 2333.8
2627.9 1686.7
2178.1 2242.4
2320.7 2096.7
  2717 2211.4
2587.9 2489.7
2714.8 2811.1
2324.3 2318.5
1434.4 2420.6
1963.3 2406.4
  1848 2272.4
2325.6 2078.4
2195.9 2414.7
2229.3 2469.3
2159.5 2272.8
2231.9 2424.8
2421.5 2488.8
2732.4 2567.4
2409 2511
1727.2 2450.6
886.83 2328.5
1024.2 2458.3
1451.6 1871.7
2406.1 1819.6
2664.7 1924.5
2241.9 2341.4
1612.8 2018.4
1762.8 2346.3
2936.6 2063.5
1840.4 2254.2
1780.2   2472
1518.8 1709.9
2521.7   2900
  2233 2512.8
2367.4 1875.8
1445.5 1899.5
3137.6 1528.3
1846.8 2297.6
1784.2 2229.8
2087.8 2424.2
985.07 2397.4
3159.8 2182.4
2283.7 2056.1
1951.1 2402.8
3140.9 2234.7
1564.9 1992.4
2171.2 2429.7
2162.4 2417.3
2199.3 2248.3
2290.7 2043.8
1823.9 2394.6
1457.4 1902.9
2112.9 2486.5
1610.7 2022.6
  2334 2329.9
2141.8 2346.3
2198.1 2400.1
3614.6 2202.4
2510.9   2496
2175.9 2448.4
  1955 2391.3
3186.7 2249.6
  3360 2195.5
2232.1 2455.6
  1832 2173.7
2445.7 2780.3
1846.2   2306
2142.8 2478.8
1226.3 2302.7
2069.1 2399.2
1850.3 2210.3
2082.2 2432.8
2581.8 1701.9
2339.2 2341.7
2148.6 2490.4
  3285 2312.4
1578.9 2214.7
2784.4 2304.8
2787.9 1856.3
1443.4 1924.9
2413.7 2503.8
2182.3 2336.7
2234.5 2361.3
2250.1 2332.1
2393.9 1981.5
2143.4 2354.2
1834.8 2146.3
1881.7   2335
1697.3   2134
1555.3 2198.8
3349.7 2240.7
2259.7 2287.1
  2377 1868.8
3557.1 2161.7
2190.6 2498.6
1967.5 2505.4
2237.4 2475.4
2288.6 2007.8
2190.7 2247.7
2886.9 2095.3
2861.7 2050.8
1728.3 2192.2
2383.4 1857.6
2457.8   2198
2439.3 1887.2
2624.2 1645.2
2119.1 2523.2
1611.6 2262.2
2298 1997
1590.4 2403.8
2238.4 2298.6
1334.2 2469.5
2257.9 2471.4
2579.1 2202.8
  2328 2291.2
2443.2 2073.4
  2247 2322.5
  2607 2225.8
2933.2 2049.5
1612.5 2030.7
2117.6 2493.9
2558.1 2536.4
1863.8 2328.7
2125.8 2393.1
1944.7 2383.5
1837.7 2145.7
2249.4 2349.3
2098.6 2482.8
  3771 2160.2
1998.6 2447.6
1998.8 2449.7
2620.9 2360.6
2788.7 2110.8
2094.5 2578.3
2299.2 2024.7
2951.4 2066.1
1460.4 1886.5
2536.2 1379.1
2092.1 2457.2
2439.3 2487.3
1428.4   2427
1692.5 2440.5
2461.2 2049.8
1992.5 2440.1
1822.9 2157.4
2163.6 2436.9
2442.3   2551
1672.1 2125.7
2325.5 1962.4
  1818 2143.6
2583.6 1713.6
  2179 2261.2
2918.4 2918.9
2255.1 2301.8
2784.6   2588
2217.5   2492
2640.9 1858.7
2177.5 2421.8
2068.7 2414.9
2591.1   1873
1796.2 2061.6
1687.3 2444.9
2109.6 2450.2
2396.4 2283.2
2255.4 2587.6
2222.7 2341.4
2443.3 2396.7
1681.8 2142.8
2348.8 2321.6
2441.8 2445.7
2943.1 2044.9
2402.6 2405.4
2491.3 2473.5
2101.1   2511
2332.2 1941.1
1520.3 1661.5
2133.9 2352.8
1973.6 2410.1
1702.3 2519.5
  2676 2563.3
2583.2 1931.4
  2881 2136.2
1440.8 1872.1
2522.6   1824
2336.8 2388.8
2518.4 1848.4
3356.2 2245.2
1636.3 1977.6
1848.9 2394.5
2335.8 2052.1
2486.8 1836.3
  2860 2071.3
2577.5 2108.7
1443.6 2430.5
2199.6 2468.8
2566.2 2497.3
2202.8 2467.6
2605.8   2354
2255.5 2495.1
  2146 2436.7
2412.9 2096.8
1785.9 2055.9
1585.4 2396.7
1934.7 2389.7
2582.8 2091.5
2591.1 2073.7
  2442 2393.5
1220.8 2353.8
2589.4 1915.6
2654.7 1580.8
1221.3 2279.7
2185.9   2385
744.73 2702.2
2118.8 2359.6
2192.7 2473.7
2450.5 1890.7
2192.6 2468.9
2113.1   2462
2851.9 2071.6
1888.9 2343.2
1825.1 2378.7
2145.9 2524.1
1724.3 2466.2
1800.2 2400.4
2341.8 2595.4
192.24 2637.7
2602.4 1886.1
2579.5 2040.7
2065 2484
  2760 2559.4
  2148 2389.6
2430.7 2538.3
2613.1 1951.3
691.88 2784.6
2586.4 2417.5
5582.3 1330.7
1933 2369
2500.9 1819.9
2442.9 2435.3
