2609.96 2505.77
 2802.9 2455.54
2714.31 2195.49
2908.51 2474.53
3024.37 2388.59
3037.26 2389.24
2878.87 2426.14
2496.85 2407.64
2871.01 2341.72
2783.87 2315.47
2116.37 2531.56
2979.07 2463.17
3081.13 2301.32
3126.71 2246.44
2475.56 2404.37
2861.88 2363.88
3026.23  2372.6
2872.87 2370.95
3016.25 2411.38
3021.51 2386.31
2648.47 2503.43
2878.28 2429.88
2151.37 2529.93
2651.35    2426
2879.2 2379.4
3109.21 2535.57
2898.39 2404.72
2959.92  2453.4
2692.15 2210.63
3030.34 2366.65
2709.83 2185.36
2670.49 2433.12
 3135.1 2467.35
2673.95 2332.92
 3152.8 2471.24
2877.32 2343.96
3013.78  2398.8
3084.26  2305.1
2713.35 2199.92
3020.27 2401.65
3064.52 2367.35
2956.43 2465.07
2950.64 2452.37
1934.79 2435.12
2941.08 2452.24
2879.99 2387.73
3043.24 2364.64
3034.27 2369.14
2245.36 2560.04
3010.89 2412.58
2824.16  2353.4
3062.19 2389.18
2898.13 2436.19
2731.72 2246.58
 3189.7 2241.43
2683.01 2432.28
2995.89 2452.97
2733.4   2442
2978.06  2452.8
3020.39 2393.82
2991.65 2456.77
3033.78 2393.92
2816.09 2436.45
2729.33 2279.98
3036.22 2451.78
2592.89 2384.57
2924.96 2415.23
 2879.8 2424.47
3062.94 2388.04
 2951.1 2443.72
2530.69 2383.28
3031.14 2462.34
3039.86 2394.41
3089.85 2446.96
 2564.5 2392.31
3019.53 2394.37
2978.11 2456.15
3036.32 2356.26
2914.73 2415.33
2777.53 2429.64
2844.86 2410.55
2795.07 2330.78
2950.42 2456.35
3271.61 2399.83
 2881.9 2415.94
2828.99 2439.02
3015.43 2415.93
3189.66 2285.88
3231.04 2472.86
2873.17 2424.66
3030.71 2445.46
3135.07 2462.67
3089.73 2453.75
2793.56 2389.75
3126.28 2473.25
2955.24 2455.73
3335.31  2459.8
2678.65 2452.55
3233.31 2409.87
2677.59 2434.41
3042.22 2453.86
2791.92 2432.38
2674.27 2193.15
3115.05 2254.18
2991.96 2449.06
3106.06 2412.04
3189.33 2229.91
3037.95 2368.85
3092.97 2336.37
3218.12 2387.19
3183.9 2460.6
3149.68 2520.02
3096.58 2406.05
2685.57 2434.22
2929.44 2424.71
2870.83 2374.97
3094.86 2330.51
3046.98 2431.61
3061.31 2451.15
3029.74 2379.44
3062.89 2436.01
3133.44 2459.16
 3217.2 2481.19
3128.89 2465.89
2814.35 2442.55
2452.85 2408.07
2510.07 2448.13
2679.77 2243.33
3121.92 2246.22
3202.45 2305.17
3066.72 2407.94
2758.01 2289.43
2832.53  2404.2
3266.49 2357.24
2866.84 2368.42
2838.74 2450.32
2703.01 2183.83
3120.65 2547.13
3062.72 2465.96
3109.33 2261.77
2677.66 2253.06
3287.71 2245.64
2870.62  2384.6
2839.23 2360.38
2994.52 2432.43
2490.93 2428.73
3311.88 2392.12
3080.12 2315.25
2922.96 2423.09
3307.38 2404.64
2736.52 2283.11
3035.62 2437.23
3031.45 2431.57
 3048.4 2371.21
 3083.2 2310.48
2860.06 2421.41
2685.16 2254.76
3007.08 2455.89
2756.27 2291.08
3099.99 2409.95
3021.81 2405.18
 3048.1 2426.44
3380.88 2406.15
3160.68 2461.71
3037.14 2444.21
2924.87 2418.78
 3317.8 2408.11
3346.69 2399.55
3063.07 2446.68
 2860.9 2337.68
3104.02 2523.19
2870.57 2387.71
 3022.1 2454.37
2592.37 2395.67
2984.35 2422.63
2871.31  2351.7
2991.21 2434.93
3173.61 2233.44
3101.68 2413.92
3024.87 2458.04
3332.44 2424.17
2746.37 2360.28
3247.02 2410.53
3233.52 2293.77
2677.86 2262.16
3130.87 2463.96
3040.84 2403.68
3063.35 2415.04
3070.54  2404.8
3115.98 2308.89
3022.16 2408.53
2863.06 2328.26
2888.78 2398.66
2798.88 2328.33
2735.55 2355.25
3344.31 2409.36
3074.04 2389.82
3112.57  2260.3
3373.08 2396.71
3044.47 2460.85
2931.42 2462.64
3064.76 2453.13
3081.59 2297.79
3043.98 2370.84
3257.36 2362.81
3250.11 2351.07
2814.26 2348.36
3114.69 2257.91
3138.86 2377.01
 3127.9 2285.97
3186.74 2217.57
3010.37  2469.4
2762.49 2376.48
3085.15 2295.27
2753.14 2426.74
3065.21    2393
2675.05 2452.46
 3073.3 2452.14
3180.76 2379.32
3097.66 2398.33
3132.76 2340.58
3068.89 2401.19
3189.77 2386.47
3265.68 2353.81
2757.91 2294.24
3009.53  2458.7
3175.71 2473.33
2879.74 2396.55
3013.99 2421.81
2919.12 2415.64
2864.49  2327.8
3070.24 2410.35
3000.16 2454.24
3399.74  2400.6
2947.17 2440.34
2947.85  2441.2
3194.37  2424.5
3229.11 2365.83
3000.62 2487.96
3086.69 2303.62
3270.76 2358.14
2685.14 2248.77
3151.31 2115.29
2996.59 2444.32
3139.26  2458.9
2682.03  2436.2
2800.97 2439.28
3138.56 2334.14
 2944.3 2437.62
2856.98 2332.08
   3032 2440.07
3140.14 2478.45
2787.54 2326.17
3095.87 2285.92
2854.17 2326.88
3174.38 2236.55
3038.79 2375.32
3172.44 2530.89
3072.35 2394.59
3232.56 2486.53
3056.14 2458.73
3196.42 2282.63
3038.46 2433.52
2984.56 2428.45
3181.19 2284.57
2841.86 2297.05
2797.64 2440.71
3005.67  2442.5
3119.86 2399.03
3063.04 2486.96
3058.68 2407.04
3134.47 2433.76
   2791 2331.03
3104.99 2408.09
3134.11 2447.91
3268.52 2352.68
 3122.2 2435.44
3153.97 2455.75
3001.14 2465.06
3097.77 2279.64
 2703.6 2168.96
3017.75 2407.07
2934.57 2426.23
2802.99 2467.61
3207.43 2480.71
3179.62 2301.02
3255.92 2373.18
2673.57 2243.23
3156.13 2268.05
3101.49 2427.89
3155.39 2275.09
3345.85 2410.26
2769.49 2275.68
2872.37 2420.74
3097.94 2323.52
 3143.9 2270.92
3249.86 2356.14
 3179.8 2352.23
2690.14 2437.18
3048.72 2450.26
3176.98 2462.61
3049.87 2450.27
3189.66  2422.6
3072.67  2460.2
3023.88 2439.64
3124.02 2344.44
2835.36  2294.2
2750.26 2424.37
2915.79 2418.76
 3180.9 2347.75
3183.36  2342.9
3134.18 2432.92
   2590 2412.94
3180.88 2296.92
3191.07 2204.58
2589.39 2388.33
3042.49 2420.65
2382.27 2525.54
3010.24 2409.37
3045.38 2452.17
 3131.9 2286.67
3045.27 2450.52
3007.53 2446.85
3247.58 2356.31
2892.15 2401.54
2860.28 2415.13
3023.69 2469.75
2813.55 2448.69
2849.61 2423.83
3092.46 2488.89
2156.54 2503.77
3184.51 2288.95
 3179.7 2333.27
2982.47 2454.77
3225.39 2479.18
3024.65 2421.27
3136.64 2474.13
3188.85 2308.82
2368.21  2549.4
3183.2 2440.1
3700.09 2240.78
 2912.5 2409.82
 3148.7 2266.72
 3134.5 2444.43
