  2088 2234.3
1871.3 2315.3
2057.9 2239.7
1882.8 2354.1
2012.8 2304.1
2614.9 1283.9
1987.8   2301
1545.5 2402.9
2884.1 820.92
  1674 2494.8
1683.4 2495.2
1983.9 2299.9
1694.8 2219.2
2589.8 1497.7
2101.3 2089.4
2118.1 2060.9
1622.9 2179.7
2558.8 2116.8
3065.9   1162
2100.7 2435.2
1548.6 2441.3
1739.8   2296
2166.5   2570
1715.2 2262.9
2040.6 2570.3
2010.5 2233.3
2623.6 2402.1
2429.9 2841.9
2175.1 2709.5
1551.6 2003.7
1666.7 2350.9
  1992 2260.9
2194.2 1959.1
2571.9 2024.7
1568.2   2071
2828.9 2269.4
1665.9 2447.2
2037.2 2327.3
2568 2129
1605.8 2311.8
1672.9   2405
2307.2 1552.9
1979.3   2334
1484.5   1914
1777.6   2494
2197.3 2499.7
  2066 2242.9
2572.6 2013.1
2570.3 2081.5
2569.9   2105
1741.4   2316
2039.1 2305.6
  2555 1974.3
1999.9 2245.4
2698.1 2279.1
2560.8 2035.8
1976.8 2333.2
2038.9 2326.6
2318.6 2298.1
1961.3 2361.9
2007.3 2251.3
  2789 2249.7
2111.5 2450.8
1671.9 2439.5
1614.2 2317.9
2231.2 2509.1
2032.6 2235.7
2059.8 2304.8
1768.3 2464.1
  2113 2167.2
1560.1 2260.1
1971.5   2358
  2025 2239.4
2102.5 2459.8
2162.1 2128.3
2489.7 2113.7
2571.7   2036
1913.5   2518
2543.7 1937.4
1979.8 2314.6
2571.1 2070.2
2021.9 2240.6
1692.8 2387.2
1806.1 2373.8
1868.4 2490.4
2571.2 2058.4
1977.8 2316.1
1932.4 2464.6
2705.4 2232.5
2559.9 2058.2
1876.3 2476.9
2049.5 2242.7
2061.6 2301.5
1743.3 2393.1
2158.7 1997.2
2029.3 2347.3
1673.7 2451.8
2001.1 2236.2
  2156 2440.8
1664.2 2470.4
2017.3 2317.3
2195.2 2052.6
1600.7 2141.3
2005.8 2316.2
2309.5 1931.9
  1477 2220.3
2420.9 2348.4
  2137 2671.4
2129.3 2550.2
1919.1 2489.2
1866.9 2473.2
2170.2 1979.6
2609.9 2355.4
1691.8 2373.7
2071.3   2241
  2375 2373.3
1641.5 2217.4
  2245 2485.7
2042.8 2299.4
1633.9 2208.3
2356.1 2379.6
1730.3 2403.2
2111.6 2466.7
2566.5 1513.6
  2713 2003.7
1495.8 2241.9
2198.4 2488.1
2122.8 2351.7
2303.9 2062.2
  2285 2024.7
1685.6 2381.2
2180.8 2529.3
  2613 2309.5
1581.7 2289.9
2114.3 2458.1
2014.1 2250.5
1992.1 2421.7
2352.5 2311.6
2441.9 2026.5
2140.1 2366.7
1540.3 2070.7
2118.4   2184
2058.5   2460
2128.4 2343.8
1585.7 2072.9
2743.8 1250.5
2564.4 2122.6
2814.8 1942.1
2118.9 2558.2
2395.5 2367.4
1652.6 2458.3
2450.9   1773
  2626 2051.3
1595.7 2133.5
2495.2   2331
2563.1 2571.9
2793.9 2240.9
1925.7 2454.9
  1714 2255.1
2704.7 1951.9
2207.7   2527
1983.4 2452.8
2553.6 2384.5
2663.6 1797.1
2053.7 2465.5
2045.3 2483.8
1333.9 1797.6
  2123 2169.6
2528.8 1973.2
1598 2132
2287.2 2482.9
2035.6 2496.7
1606.3 2131.4
1467.2 1945.5
2152.7 2108.2
  1692 2321.4
1691.9 2334.3
2122.1 2277.1
2619.9 1481.1
2157.1 2118.6
2422.9 2263.8
2421.5 2240.5
2298.2 1924.4
2123.9   2168
1573.8 2094.4
2012.5 2442.4
2339.9 2307.7
1722.1 2303.9
  2510 2349.7
2530.4 2358.2
2128.6 2574.2
2586.2 1997.1
2173.3 2458.5
2616.7   2110
2306.8   1913
1574.2   2084
  1404 2169.1
2757.2   1973
2889.4 1917.5
2721.9 1706.5
1692.5 2308.7
2195.2   2306
1720.9 2371.1
  2762 1975.3
1962.6 2457.3
  2363 2312.5
  1982 2343.2
1891.9 2484.7
2103.5 2203.4
2061.5 2448.3
2300.9 1547.2
1919.3 2470.3
2665.8 2029.3
2000.5 2410.6
2273.1 2473.8
1567.3 2274.5
1998.3   2412
2022.9 2254.4
2120.1 2391.4
2187.6 2045.7
1943.1 2412.4
2280.9 2514.8
  2684 2335.6
1653.2 2448.4
1634.5 2181.4
3061.5   2462
2062.8 2494.2
1984.3 2451.2
2400.6 2822.6
1966.7 2352.1
2029.7 2397.5
1045.4 2453.2
2584.8 2065.6
2663.1 2026.8
2168.8 2438.7
1954.8 2471.9
2623.9 2334.6
2574.2 1495.1
1578.5   2283
2475.6 2131.3
2146.9 2542.6
2077.4 2426.2
1344.9 1810.9
2047.4 2432.9
2072.6 2334.3
3362.3 800.74
2635 1591
2628.5 2326.5
2038.4 2336.4
1862.8 2391.4
2047.4 2347.8
2721.6 2212.8
2128.2 2169.3
  1984 2270.8
2577.1 2361.5
2102.7 2080.3
2806.5 2317.7
2043.4 2479.5
2037.4   2440
2363.9 2259.8
2283.1 1951.3
2041.5 2310.4
2297.3 2467.8
2639.5 2356.6
1565.9 2104.6
  2076 2515.3
1515.1 2105.3
2099.6 2451.2
2061.6 2545.2
2161.7 2121.9
1796.5 2375.3
2626.2 2102.3
2007.9 2472.6
1450.2 2011.9
2223.5 2503.1
2154.8 2141.8
1993.9 2479.9
1842.6 2472.4
2602.9 2330.4
2501.9 1618.3
  2184 2074.2
2227.9 2467.9
2070.7 2491.8
  2065 2465.2
  1759 2407.3
1528.6 2399.7
2100.7 2102.7
2612.7 2108.4
2669.5 2344.1
1634.3 2156.3
2111.8 2093.4
1718.2 2370.9
2136.3 2590.5
2036.2 2491.5
2026.5 2484.5
2005.7 2320.9
2151.9 2100.8
2075.6 2343.7
2065.6 2314.4
1414.5 2214.4
2164.4 2235.6
2052.4 2503.2
2407.4   2223
1734.9 2344.1
2491.7 1940.1
1862.9 2310.8
2030.6 2483.8
3063.1 2274.3
2526.6 1935.1
2576.6 2042.1
2175.1 2718.1
2072.4 2493.8
2035.1 2469.8
1628.3 2345.8
2534.5 1978.4
  1992 2464.4
2823.2 1959.6
2061.6 2371.1
2628.3 2294.6
2929.9 1900.9
2650.3 1540.8
2161.5 2346.6
2452.4 1730.9
2640.7 2357.8
1727.4 2295.2
2323.7 2247.2
1727.9 2291.6
2238.4 2043.3
  2760 2051.3
2200.8 2183.7
2303.8 2033.4
  1862 2477.6
1575.7 2275.8
1494.8 2375.1
1932.5 2442.3
2160.8 2586.6
2789.2 1698.8
  2180 2296.3
2291.6 2045.5
2068.6 2317.5
1387.9 1745.8
3386.9 2487.1
2322.6 2310.9
1958.4 2538.8
2552.2 2122.7
2015.8 2267.3
1844.1 2434.5
1699.2 2396.4
2323.2 1844.8
1908.1 2467.3
2128.9   2386
2745.9 2503.7
2132.7 2404.4
2322.8   2512
1959.5 2479.2
1666.4 2306.3
3748.7 998.68
2423.7 2188.8
  2464 2132.8
2159.3   2327
2382.9 2085.2
2297.2 1555.5
2616.6 2099.3
2130.6 2053.9
2079.2 2318.2
2867.6 1594.6
1526.4 2078.7
2579.8 1534.8
2444.4 1982.8
2603.3 2345.5
2614.3 2156.8
2060.4 2332.9
2108.9 2641.4
2135.2   2038
1710.3 2191.4
2285.9 2298.5
1941.4   2468
2575.2 2099.3
2946.6 2254.1
2119.5 2112.8
2036.5 2457.8
2459.7 2283.2
1945.1 2412.6
2200.7 2285.1
2782.3   1880
2159.5 2104.7
2123.4 2376.2
1920.6 2410.8
2230.6 2471.1
2081.9 2615.4
  2192 2074.9
2297.6 1568.5
  2566 1969.9
2725.7 1724.8
2411.2 1697.3
2184.3   2084
2182.2 2136.7
  2684 2319.9
2415.1 1743.2
2034.3 2458.1
2038.7 2378.1
2111.2   2195
2121.9 2379.4
  1429 2001.7
  2151 2342.3
2433.4 1996.8
2297.7   1589
2643.3 1960.5
2108.2 2438.7
2332.1 2517.9
1650.7 2241.7
2693.3   1746
1516.6 2296.5
2117.6 2400.2
2778.2 1706.7
2190.3 2453.7
2654 1805
2151.4 2011.1
2141.9 2027.2
1943.3 2495.6
2840.4   1993
1712 2382
  2714 1182.3
1347.4 1693.3
2052.3 2512.1
  2049 2479.1
2280.8 2306.7
1607.1 2452.9
2839.9   1154
2555.6 2018.7
1764.7 2398.5
3000.1 2880.2
1951.1 2437.9
2234.5 2530.5
2297.2 2390.1
  2524 2129.7
2201.4 2516.6
2025.5 2432.2
2156.8 2161.6
2306.4 2477.3
1626.2 2153.8
  1958 2491.6
  2471 1999.9
3384.6 2479.6
  2127 2325.3
1843.8 2418.1
  2047 2394.1
1466.1 2256.1
1655.1 2343.6
2173.4 2522.8
2155.8 2334.8
2002.6 2396.8
2112.1   2079
2344.8 2071.4
2187.7 2316.9
2119.4 2493.1
2655.2 1325.5
3216.7 2424.1
2627.5   2037
2337.9 2134.1
2058.9 2449.4
1950.4 2533.2
1987.4 2384.3
1474.9 1932.9
2115.9 2214.2
2411.1 2235.5
2921.1 975.11
2546.9 2365.4
2020.1 2533.2
2138.6 2357.1
2774.2 2335.6
2678.9 1364.6
3220.5   2237
2027.6 2458.4
2917.1 1645.3
2683.7 2296.6
2741.9 1756.1
2234.6   2033
2285.5 2317.3
2302.6 2109.8
2714.9   2035
2517.8 1984.5
1986.4   2486
2876.6 2270.5
2830.9 1983.7
2566.1 2345.5
1735.9 2353.9
  1944 2456.9
3119.7 830.15
1406.1 1759.7
1574 2338
1658 2305
  3010 1559.6
