2055.4 2210.3
1811.6 2270.4
2024.3 2215.7
1830.5 2321.2
1975.9   2279
2775.6 972.01
1950.6 2278.2
1433.7 2364.8
3208.7 331.72
1606.2 2474.6
1619.4 2475.5
1946.7   2277
1637.2   2178
2741.7 1223.2
2074.8 2041.4
2093.6 2008.1
1545.7 2121.3
2680.4 2001.1
3578.4 623.13
2068.8 2414.6
1439.1 2410.1
1689.4 2265.6
2157.7 2575.3
1662.2 2228.8
2001.5 2568.5
  1975 2207.1
2767.4 2367.5
2754.4 3144.9
2200.9   2805
1448.8 1898.8
1599.5 2316.8
1955.5   2236
2181.4 1888.4
2699.1 1884.4
1472.1   1983
3150.6 2171.5
1596.8   2423
2001.3 2302.4
2692.9 2017.2
1520.7 2267.1
1606.1 2377.1
2332.4 1400.9
1941.8 2312.8
1356.6 1771.7
1728.1 2475.8
2177.8 2487.3
2032.4 2218.7
2700.1 1869.7
2695.6 1956.8
2694.8 1986.6
1690.1 2286.2
2003.6 2280.6
2678.9   1819
1964.1   2220
  2894 2201.6
2684.9 1898.2
1939.2   2312
2003.1 2301.8
2335.3 2249.4
1923.1   2342
1971.6 2226.2
3092.9 2142.8
2080.7 2431.5
1605.3 2414.6
1531.4 2274.7
2217.1 2498.3
1997.8 2210.6
2025.9 2277.1
1720.5 2443.9
2088.3 2113.6
1461.4 2203.1
1933.5 2338.6
1989.8 2213.5
2070.6 2441.6
2147.7 2062.9
2583 2002
2698.6   1899
  1870 2502.1
2660.8 1777.4
1942.5 2292.2
2696.9 1942.2
1986.5 2214.9
1632.1 2358.4
1765.3 2352.6
1828.5 2472.7
2697.1 1927.2
1940.8 2293.7
1893.5 2448.1
2903.7 2140.1
2683.3 1926.7
1835.5 2459.4
2015.5 2217.6
2027.5   2274
1692.1 2368.4
  2141 1932.2
  1993 2323.7
1606.7 2427.8
  1965 2209.6
2133.8 2420.4
1595.9 2448.7
1980.7 2292.5
2189.5 1969.4
1516.3 2072.8
1968.7 2291.6
2324.9 1831.6
1345.4   2144
2465.2   2307
2124.2 2711.1
2104.8 2546.3
1877.5   2473
1826.8 2455.8
2154.7 1911.1
2747.4 2307.4
1631.4 2344.5
2037.5 2216.9
2401.7 2339.6
1568.5 2165.6
2234.7 2471.9
2007.7 2274.6
1560.6 2156.1
2376.6 2348.3
1676.9 2378.2
2080.4 2449.9
2709.8 1243.1
2920.9   1836
1374.5 2173.5
2177.7 2474.4
2096.1 2320.4
2315.2 1982.5
2291.7 1942.6
1624.9   2352
2156.8 2519.8
2752.1 2248.1
1489.5 2240.1
2083.1 2440.8
1978.9 2225.1
1952.4 2401.9
2373.5 2266.5
2502.2 1915.3
2115.9 2336.2
1433.9 1976.5
2094.6 2132.9
2021.8   2443
2102.5 2311.2
1492 1985
2971.5 893.61
2687.5 2008.7
3103.7 1730.8
2096.4 2557.9
2430.1 2331.5
1584.1 2434.8
2519.4 1611.5
2775.5 1914.5
1511.3 2064.2
2571.8 2281.8
2667.2 2586.9
3102.1 2129.6
1886.1 2437.9
1661.1 2219.5
2908.9 1769.4
2189.1   2518
1941.3 2433.4
2654.9 2347.7
2835.2 1587.7
2016.6 2448.8
2007.7 2468.4
  1142 1580.4
2099.3   2117
2640.6 1821.3
1513.6 2062.6
2287.7 2468.9
1996.8 2481.9
1523.2 2062.3
1335.1 1808.9
2137.3 2040.4
1632.1 2287.5
1631.1 2301.8
2096.8 2237.1
  2780 1202.9
2141.8 2051.1
  2469 2205.3
2467.9 2176.5
2311.6 1823.3
2100.3 2114.9
  1478 2009.8
1973.4 2424.7
2357.3 2262.9
1669.1 2271.5
2591.8   2306
2618.8 2315.7
2109.8 2580.1
2717.9 1849.9
2153.1 2440.9
2758.2 1991.9
2322.5 1810.5
1478.9 1997.8
1238.4 2067.9
2999.1 1785.1
3240.4 1681.2
2936.1 1453.6
1632.9 2274.2
2184.1 2262.4
1667.1 2343.3
3007 1788
1923.5 2440.3
2387.5 2266.9
1944.6   2322
  1850 2468.1
2076.4 2156.8
2025.4   2431
2325.7 1395.1
1879.4 2453.8
2841.3 1878.2
1962.4 2391.3
  2269 2458.3
1470.4 2220.3
1959.3 2392.8
1987.2 2229.4
2092.3 2364.7
  2180 1964.8
1904.2   2394
2279.2 2507.2
2872.4 2276.8
1582.4 2423.4
1557.9 2123.3
3718.5 2444.9
2025.9 2480.1
1943.1 2431.9
2695.3   3107
1929.1 2331.9
1992.2 2377.7
929.31 2420.4
2714.6 1937.7
2837.7 1874.4
2150.9 2416.8
1914.8 2455.7
2767.3 2279.7
2720.7   1221
1485.4   2231
2566.7 2022.1
2121.2 2534.9
2043.1 2406.4
1156.8 1599.5
2010.9 2413.1
2038.8 2308.8
4122.7 93.859
2794.5 1341.5
2773.9 2269.7
2002.4 2312.2
1824.1 2372.4
2011.4 2323.6
2929.4 2111.8
2104.9 2116.9
1947.4 2247.4
2688.9 2318.3
2076.3   2032
  3080 2247.2
2005.3   2464
1999.7 2420.3
2398.4 2199.7
2293.6 1854.7
2006.2 2285.5
2299.6 2451.8
2790.4 2308.7
1468 2022
2039.8 2502.4
1403.7 2015.7
2067.9 2433.1
2025.8   2539
2147.2 2056.2
1755.1 2353.9
2772.1 1981.2
1968.1 2455.5
1312.7 1888.2
  2208 2492.1
2138.8 2077.7
1952.6 2462.8
1802.2 2454.6
2737.4 2274.6
2601.5 1403.3
2176.6   1993
  2217 2450.9
2034.5 2477.5
2028.8 2448.3
1710.7 2384.8
1410.8 2359.9
2073.8 2055.5
2754.3 1989.5
2840.8 2290.1
1558.4 2095.3
  2086 2046.6
1663.7 2342.9
2122.5   2604
1997.6 2476.9
1987.9 2468.9
1968.3 2296.7
2136.2 2032.1
  2042 2318.4
2031.8 2287.1
1256.8 2127.2
2148.7 2183.9
2015.1 2488.7
2450.9   2156
1683.3   2316
2591.3 1782.4
1802.7 2265.1
1992.5 2468.1
3606.6 2162.8
2638.4 1773.8
2704.8 1906.6
2201.6 2817.6
2036.4 2479.9
  1997 2453.5
1551.3 2308.6
2647.5 1828.9
1949.8 2445.9
3115.2 1754.3
2026.8 2346.2
2770.3 2229.5
3321.4 1647.3
2819.6   1274
  2142 2311.1
  2521 1563.8
2792.4 2310.8
1675.7 2263.9
2341.1 2189.6
1676.7 2260.6
2239.1 1959.1
  2995 1893.1
2192.9 2121.3
2315.7 1949.1
1821.5 2460.5
1482.6 2222.9
1370.8 2330.2
1894.9 2425.5
2154.9 2599.4
3047.8 1426.1
2165.6 2252.3
2300.8 1964.1
2034.8 2290.3
1212.4 1516.4
4320.5 2490.7
2334.4 2268.7
1911.1   2527
2671.3 2007.9
  1980 2242.1
1803.9 2415.9
1641.8 2369.3
2347.3 1723.4
1868.5 2449.5
2102.7 2357.9
2966.1 2502.8
2105.6 2379.5
2331.9 2503.5
1919.5 2463.1
1599.2 2268.1
5026.7 210.63
2471.9 2113.6
2552.8   2023
  2140 2289.1
2417.6 1997.3
2320.6 1403.6
2759.6 1977.2
2108.1 1998.3
2046.3 2290.9
3199.1 1257.5
  1416 1984.4
2726.3 1269.7
  2504 1864.1
  2737 2294.8
2755.5 2050.9
2025.9 2309.3
2088.3 2670.5
2113.2 1981.4
1657.7 2151.5
2289.7 2255.3
1901.6 2451.4
2701.6 1979.3
3357.3 2144.9
2093.6 2066.2
1998.7 2440.7
2521.7 2226.3
1906.4 2393.9
2190.3 2238.3
  3036 1662.2
2145.6 2034.6
2096.6 2347.4
1882 2393
2219.6 2455.3
2052.8 2635.2
2185.2 1994.2
2320.9 1418.1
  2693 1814.8
2941.9 1475.7
2473.1 1520.3
  2177 2004.1
2169.9 2071.5
2873.9 2255.1
2477.1 1574.1
1996.4 2440.7
2002.5 2357.2
2086.3   2145
2093.8 2352.1
1281.7 1870.3
2129.9 2307.6
2490.2 1880.9
2320.4 1442.2
2801.7 1796.7
2077.3 2418.6
2343.4 2511.5
1582.5 2196.3
2898.5 1502.2
1400.1 2239.2
2089.3 2374.3
  3029 1440.1
2175.6 2433.7
  2822 1598.7
  2132 1949.3
2120.9 1968.5
1903.5 2479.7
3141.6 1799.4
1656.1 2355.1
 2936 808.5
1153.8 1434.1
2014.9 2498.8
2011.3 2463.3
2284.1 2264.4
  1521 2426.2
3130.2 743.02
2678.1 1875.5
1716.6 2375.2
4098.3 3282.1
1912.2 2420.6
2221.4   2523
2301.6 2362.1
2629.6 2020.8
2181.3   2506
1987.5 2413.2
2139.6 2104.1
2310.6 2463.3
1550.7 2092.6
1918.6 2475.7
2563.5 1856.5
  4318 2480.3
2101.3 2290.8
1804.5 2399.2
2010.7 2372.9
1332.2 2185.9
1586.1 2308.3
2148.2 2512.4
2135.4 2298.9
1964.2 2377.4
2087.2 2028.1
2369.3 1983.8
2175 2276
2089.3 2479.5
2827.2 1020.4
3941.1 2388.8
2774.3 1897.9
2357.6 2060.5
2021.9   2432
1902.2 2521.1
1949.4 2364.3
1345.1 1794.5
2089.9 2169.2
2455.6 2170.9
3279.8 485.97
2644.4 2324.5
1978.7 2522.2
2113.8 2325.5
3017.9 2273.8
2863.6 1058.6
3950.6 2094.6
1989.5 2441.4
3281.1 1316.1
2873.6 2225.4
2965.8 1514.3
2234.9 1947.6
2289.8 2276.5
2313.1 2035.3
2920.9 1879.1
2625.6 1836.8
1942.9 2468.9
3217.5 2173.8
3125.9 1787.2
2676.1 2297.5
1684.3 2326.1
1905.1 2439.4
3634.3 236.12
1234.1 1535.2
1479.6   2295
1589.4 2265.7
3463.3 1169.3
