2865.14 2342.52
 2724.1 2381.64
2846.23 2344.82
2732.39 2402.27
2818.25 2377.48
3136.66 1858.07
2801.97 2375.58
2482.06  2426.2
3259.06 1591.23
2582.76 2477.22
2589.86  2477.4
2799.41 2374.95
2595.61 2326.65
3133.59  1975.7
2870.4   2268
2880.12 2253.66
2539.48 2302.81
 3135.5 2291.27
3372.95 1809.01
2874.84  2445.4
2484.73 2447.76
2630.52 2369.45
2914.86 2513.63
 2611.8 2351.02
2836.48 2514.81
2815.73 2340.71
3172.41  2430.1
3064.07 2646.14
2918.36  2584.3
2475.14 2199.96
2576.73 2398.41
2804.15 2354.77
2923.85 2203.12
3140.91 2246.17
2491.96 2239.41
3277.11 2367.67
 2576.7 2451.18
2834.18 2389.74
3140.62 2297.39
2529.16 2375.99
2581.87  2428.1
2973.67 1991.34
2796.77 2392.64
2413.49 2143.34
2659.11 2476.39
2933.83 2477.99
2851.42  2346.6
3141.06 2240.45
 3141.1 2274.13
3141.27 2285.66
2631.99 2380.32
2835.16 2378.56
3130.74 2220.82
2809.05 2346.83
3210.63 2371.44
3135.16 2251.44
2795.13  2392.2
2835.26 2389.39
 3004.4 2377.64
2785.18 2407.01
2813.95 2350.02
3256.88 2358.03
2881.56 2453.35
2581.24 2446.97
2535.84 2379.51
2954.02 2482.61
2830.02 2342.34
2848.33 2378.39
2652.48 2460.35
2879.53 2308.47
2491.8 2346.2
2791.87 2405.06
2825.19 2344.13
2875.97 2457.94
2908.99 2289.55
3097.96 2288.62
3141.03 2251.75
2753.51 2488.52
3123.75 2202.13
 2796.9 2382.56
3141.33 2268.59
2823.22  2344.7
2596.75  2418.5
2679.19  2412.1
2722.92 2474.17
3141.17 2262.78
 2795.6 2383.31
2766.35  2460.5
3214.03 2349.14
 3135.1 2262.48
2728.38 2467.03
2840.94 2346.23
2849.43 2376.71
2634.15 2422.03
2903.36 2221.78
 2829.3 2399.98
2582.61  2453.7
2809.68 2342.06
2908.91 2448.31
 2575.4 2463.89
 2821.3 2384.37
2927.26 2251.49
2520.76 2280.55
2813.85 2383.67
2991.72 2192.79
2422.12 2321.42
3062.67 2403.24
2895.69 2565.49
2892.25 2503.85
2757.39 2473.39
2721.93 2465.09
2909.86 2212.99
3165.04 2407.59
 2595.9 2411.12
2854.74 2345.71
3037.07 2415.26
2554.98 2324.32
2962.24 2470.86
2837.45 2375.41
2548.86 2319.06
3026.39 2418.28
2624.68 2427.42
2881.62 2461.45
 3121.4 1983.23
3214.96 2238.48
2438.55 2334.31
2934.52 2472.15
2888.17 2402.96
2992.04 2259.13
2980.06 2239.59
 2591.3 2415.17
2923.78 2492.97
3166.43 2385.49
2509.72 2363.36
 2883.3 2457.07
2818.34 2349.71
2805.68 2438.23
3023.92 2384.63
3069.83 2244.33
2898.92  2410.7
2469.22 2237.97
2883.22 2317.22
2848.35 2458.05
2891.57 2398.99
2506.12 2241.27
3206.17 1845.87
3138.6 2294.2
3266.11 2210.17
2885.78    2508
3048.58 2412.45
2566.56 2457.26
3067.44 2115.61
3170.24 2260.27
2516.52 2275.98
3103.47 2395.17
3140.13 2512.02
3259.29 2353.87
2761.87 2455.42
2610.75 2346.74
3209.67  2212.9
2939.96 2491.69
2800.05 2454.34
3135.24 2421.42
3184.41 2134.72
2845.31 2460.88
2839.94 2470.29
2268.24 2059.81
2885.79 2309.91
 3116.5 2219.67
2518.29 2275.22
2986.95 2469.39
2833.72 2476.95
2524.84 2275.18
2400.74 2160.87
2902.76 2279.01
2595.46 2382.57
2595.56 2389.62
   2887 2364.94
3149.43 1968.07
 2905.7 2284.45
3063.11 2361.68
3062.08 2350.19
2984.86 2188.57
2886.32 2309.11
2497.49 2252.98
2818.94 2448.98
3016.7 2382.6
2617.62 2373.47
3111.61 2404.36
3122.68 2408.59
2891.64 2516.06
3148.03 2232.81
2919.42 2457.26
3166.27 2288.83
2989.53 2182.97
2497.37 2247.08
2357.19 2289.25
3237.23 2224.25
3303.33 2199.44
3212.59 2090.35
2595.65 2375.64
2931.89 2380.42
2617.53 2409.96
3239.74 2225.46
 2786.4 2456.68
3029.89 2385.16
2798.63 2397.45
2739.01  2471.1
2874.31 2326.91
2850.25 2452.05
2969.55 1987.83
2757.57 2463.49
 3190.8 2250.18
 2811.1 2432.51
2978.75 2464.87
 2497.9 2354.45
2809.68 2433.23
2824.08 2351.87
2886.74 2423.15
2922.47 2247.73
2773.41 2433.24
2983.21 2485.28
3203.67 2398.42
2567.02 2451.83
2548.56 2304.11
3391.69  2458.8
2851.02 2475.58
2800.63 2453.51
3048.01 2637.09
2788.66 2401.95
2829.88 2425.86
 2006.7 2454.22
3148.59 2266.57
3189.35 2248.91
2916.69 2447.26
2781.23 2464.28
3172.31 2397.64
3124.82 1973.57
2507.04 2359.44
3090.52 2297.08
 2903.1 2499.88
2860.24 2440.76
 2279.9 2069.21
2841.29 2444.13
2856.71 2393.67
 3515.5 1598.94
3162.27 2027.45
3174.69 2393.77
2835.03 2394.44
2718.93 2421.83
2840.87 2400.39
 3222.2 2339.83
2889.01 2309.86
2799.08  2359.8
3147.69 2410.39
2871.03 2263.31
3266.12 2390.47
2838.74 2468.08
2834.92 2447.77
 3029.9 2359.09
2976.83 2201.94
2836.75 2381.07
2992.83 2461.86
 3180.6 2408.29
2491.54 2258.46
2859.27 2486.34
2449.93 2256.74
2874.17 2453.55
2850.02 2501.75
 2908.6 2286.25
2672.38 2412.83
3171.17 2285.22
2815.96 2464.58
2390.13  2199.1
2949.47 2479.62
2904.81 2296.31
2806.87 2468.38
2705.11  2464.7
3161.22 2395.51
3089.98 2036.46
2921.04  2262.3
2952.15 2461.96
2856.01 2474.33
2852.46 2460.71
2645.65 2429.78
2468.27 2424.29
2870.37 2274.88
3164.13 2287.99
3196.19 2402.42
2547.62  2290.1
2877.07 2270.35
2615.54 2409.83
2896.24 2524.29
2834.12 2474.27
2827.92 2470.69
2813.84 2386.11
2902.09 2275.18
2858.68 2398.51
 2852.1 2383.38
2368.05 2316.09
2912.39 2344.37
 2844.4 2480.23
   3054 2341.39
2627.58 2395.46
3095.35 2202.18
2718.25 2379.15
2830.55 2470.32
3392.07  2371.2
3114.38 2200.55
3143.77 2254.85
2918.21 2588.68
2857.08 2475.35
2833.46  2463.1
2547.19 2395.16
3119.72  2222.4
2805.65 2460.35
3270.68 2218.85
2850.05 2412.46
3174.38 2378.41
3323.28 2192.02
3168.58 2001.44
2911.86 2400.66
3066.71 2093.75
3181.23 2408.87
 2621.4 2368.82
3006.79 2352.36
2621.71 2366.87
2952.98 2247.87
3239.95 2262.42
2933.57 2318.59
2991.28 2244.51
2718.55 2467.42
2504.66 2355.35
2440.12  2410.1
2766.41 2448.84
2911.26 2522.09
3247.49 2088.36
2922.63 2375.37
2984.46 2250.35
2854.03 2385.01
2313.58 2032.62
3544.99 2470.33
3006.81 2384.04
2783.35 2499.12
3132.05 2294.06
 2819.7 2358.45
2706.15  2444.6
 2601.6 2423.55
2996.76 2148.22
2750.02 2461.93
2892.14 2420.44
 3235.7 2478.69
2894.56 2429.81
3007.45 2483.75
2784.33 2468.08
 2575.9 2373.92
3714.47  1724.9
3062.65  2324.7
3084.15 2297.63
2910.36 2390.71
3037.93 2272.45
2967.8 1992.2
3166.05  2283.6
 2887.7 2250.38
2860.71 2385.47
3284.97 2037.14
2458.13 2241.93
3129.73 1995.25
3070.19 2222.46
3161.51 2402.79
3165.65 2311.59
2848.99 2392.84
2878.73 2550.56
2890.09 2242.26
2606.49 2311.79
2985.47 2377.54
2772.35 2462.26
3144.02 2282.95
3335.39 2361.13
2882.36 2280.57
2834.36 2456.93
3083.68 2371.56
2774.74 2433.35
2934.98 2369.93
3248.32 2179.02
2906.85 2277.37
 2888.7 2415.43
2758.36 2432.32
2953.75 2463.57
2862.18 2537.57
2925.91 2262.87
2968.78  1999.4
3136.59 2218.88
3215.12  2099.8
3041.89 2074.43
2921.47 2267.34
2921.41 2294.28
3203.59  2390.9
   3046 2098.73
2832.95 2457.08
2835.53 2415.92
2878.96 2322.73
2887.79 2417.05
   2371 2191.82
2905.42  2398.4
3064.39 2229.23
2969.98 2010.67
3177.64 2215.89
 2879.5 2447.19
3012.76 2486.64
2562.66 2338.01
3198.67 2109.65
2457.07 2365.84
2885.23 2427.62
   3242 2092.07
2929.68 2454.84
3179.53 2138.45
 2899.3 2228.78
2893.92 2236.85
2773.55 2476.67
3279.92 2235.37
2611.03 2415.81
3186.18 1804.88
2270.08 1994.99
2844.3 2484.8
2842.31 2467.86
2982.58 2381.58
2531.33 2454.28
3253.47 1794.96
3132.02 2242.88
2649.73 2425.07
 3359.7 2655.84
2778.78 2446.57
2955.89 2493.32
2992.65 2423.24
3116.92 2297.06
2936.23 2486.48
2827.29 2443.73
2906.45 2306.49
2998.08 2466.57
2541.23 2288.44
2783.31 2474.54
3085.39 2231.68
3543.93 2466.87
2890.55 2389.56
 2705.9 2435.89
2840.91 2424.19
2413.85 2341.68
 2567.8 2394.26
2919.34 2489.73
2908.29 2394.64
2812.41 2425.38
2876.88 2262.89
 3015.9 2264.71
2927.48 2385.86
 2886.4 2474.87
3161.36 1883.87
3465.49 2441.23
3170.78 2253.28
3013.21 2296.07
 2848.6 2452.62
2778.09 2496.26
2802.46 2418.83
2406.54 2153.91
2882.22 2332.67
3056.22  2347.6
3288.33  1691.7
3131.58 2412.15
2823.61 2495.83
2897.94 2405.82
3249.87 2398.83
3176.35 1906.92
3466.88 2354.42
2828.66 2457.24
3311.58 2064.49
3203.29 2379.73
3224.47 2116.13
2950.43 2242.49
2985.41 2386.91
2992.34 2283.16
3216.47  2253.8
3110.76 2225.06
2801.97 2471.55
3300.93 2368.48
3274.97 2230.71
3141.76 2402.61
2628.42 2400.77
2774.08 2456.47
3388.36 1609.73
2331.61  2043.1
2504.36 2390.13
2569.48 2373.07
3356.26 2022.87
