2844.14 2329.59
2681.79 2356.84
2824.33 2331.81
2695.85 2384.27
2793.88 2363.96
3207.91 1681.36
2777.17 2363.18
2388.07 2403.55
 3413.2 1253.47
2530.61 2466.31
2540.92 2466.78
2774.56 2362.49
2550.55  2302.3
3203.63 1830.11
2852.31 2242.22
2863.15 2225.37
 2475.8 2267.16
3197.94 2236.62
3626.11 1483.81
2854.8 2434.8
2393.13 2429.64
2592.57 2351.99
2909.47 2516.39
2571.16 2331.15
2811.33 2514.22
2792.06 2326.38
3246.54 2413.97
3231.27 2789.98
2932.06 2632.48
2381.51 2131.73
2524.28 2378.67
2779.73 2341.15
2913.48 2165.68
3205.31 2179.38
2407.32 2183.35
3433.44  2323.5
2523.18 2437.67
2810.78 2376.47
3204.75 2244.73
2459.84 2349.26
 2530.2 2412.26
2979.45 1907.51
2771.77 2381.18
2287.09 2045.75
2623.18 2466.72
2922.11 2471.79
2829.59 2333.52
3205.49 2172.09
3205.03 2215.14
3205.19 2229.77
2593.48 2363.29
2811.99 2365.18
3193.09 2146.18
2785.13 2332.92
 3309.1 2335.95
3198.18 2185.92
2770.03 2380.73
2811.94 2376.18
3013.48  2353.6
2759.58 2396.28
2790.19 2336.31
3405.66 2309.65
2862.33 2443.47
2529.83 2433.05
2468.8 2353.8
2945.67 2477.23
2807.06 2328.66
2826.34 2363.67
2617.59 2449.44
2862.85 2280.22
2408.33 2311.04
2766.51  2394.6
 2801.9 2330.01
2855.99 2448.63
2898.53 2255.52
3146.41 2235.17
3205.38 2186.62
2723.98 2480.35
3182.36 2124.67
2771.98  2370.4
3205.41 2207.96
2799.76 2330.68
2550.28 2402.16
2649.81 2400.37
2695.27 2464.88
 3205.2 2200.56
2770.87 2371.16
2740.13 2451.84
3313.38 2306.81
3197.97 2200.02
2700.17 2457.81
2818.68 2332.64
2827.33 2362.09
2596.08 2408.24
2890.19 2187.19
2805.62 2387.43
2530.98 2440.37
2785.52 2327.49
2895.28 2437.93
2522.52 2451.95
2797.22 2371.06
2921.33 2208.32
2449.48 2238.07
2789.32 2370.44
2997.27 2141.41
2303.27 2272.01
3086.89 2383.25
2887.13    2586
2877.11 2502.03
2729.21 2464.97
2694.09 2455.89
2897.9 2176.6
3236.11 2385.27
2549.58 2394.47
2832.83 2332.68
 3051.9 2398.81
 2495.9 2293.15
2956.17 2463.96
2814.56 2362.12
2489.21  2287.5
3037.84 2402.94
2584.72 2413.46
2862.16 2452.88
3187.17 1839.88
3317.65 2160.05
  2331 2290.7
2922.07 2465.28
2871.32 2386.77
2996.56 2218.89
2981.62 2197.74
2544.63 2398.54
2909.26 2488.28
3238.12 2356.99
2433.22 2333.11
2863.85 2448.23
2794.97 2335.87
2779.54  2427.8
3035.42 2362.51
3100.49 2189.96
2883.78 2395.01
2373.75 2177.14
2867.28 2290.37
2824.93  2449.3
2875.22 2382.13
2424.42 2185.72
3311.46 1643.29
3201.78 2240.48
3406.08 2111.31
 2871.8 2508.01
3067.68 2395.01
2513.17  2444.2
3099.49  2033.6
3245.53 2195.89
 2444.9 2232.87
3144.39 2371.81
3194.9 2518.7
3409.98 2303.49
2735.08 2446.47
2570.09 2325.98
3310.31 2126.82
2928.84 2487.24
2772.27  2444.2
 3188.6 2404.08
3268.07 2032.61
2821.59 2452.28
2815.84 2462.41
2043.91 1891.55
2869.85 2282.25
3172.85 2146.31
2446.74 2232.05
2987.26 2462.42
2808.75 2469.41
2454.71 2232.34
2270.46 2067.02
2891.46 2243.57
2549.26 2362.96
2548.73 2370.86
2870.7 2344.1
3223.48 1820.37
2894.56 2249.25
3087.96 2333.44
3086.97 2319.25
2989.16 2136.58
2870.42 2281.19
2413.94 2199.45
2793.46 2439.74
3026.19 2360.55
2577.34 2354.83
 3155.2 2383.66
3169.52 2388.51
2879.96 2519.23
3214.33 2162.64
2907.14 2448.36
3238.07  2233.5
2995.06 2130.31
2414.02 2192.46
2197.23 2220.31
3355.61 2136.38
3471.61 2088.71
3315.87 1965.34
2549.62 2355.61
2924.71 2358.25
2576.95 2394.24
3359.57 2137.95
2760.38 2447.78
3043.32 2362.85
2773.74 2386.02
2710.26 2462.41
2856.36 2302.33
2827.22 2443.12
   2975 1903.73
2730.52 2454.84
3278.38 2179.31
2786.09 2422.33
2976.36 2457.15
2416.53 2321.22
2784.06 2423.09
2800.49 2338.27
2869.31 2409.38
2915.38 2205.61
2747.23 2423.43
2982.24  2481.5
3298.88 2371.43
2511.78 2437.84
2485.81 2268.78
3697.67  2450.9
2827.55 2468.42
2773.46 2443.42
3201.36 2772.43
 2763.5 2391.04
2805.55 2415.43
1870.31 2432.58
3214.54 2206.11
3276.48 2177.37
2905.75 2436.15
2754.55 2455.84
3246.08 2372.18
3191.99 1827.74
2429.52  2327.8
3138.07 2244.79
2887.35 2496.12
2838.48  2430.5
2063.24 1907.19
2817.84 2433.84
2835.01 2380.21
3944.15 1046.54
3237.74 1899.37
3249.36 2367.46
 2811.6 2381.56
2691.87 2411.49
2817.56 2387.57
3325.81 2293.58
2873.35 2282.34
2774.55 2346.99
3206.11 2390.16
2852.97 2237.34
3400.08 2358.59
2814.29 2460.14
2810.61 2437.53
3048.64 2329.74
2979.73 2152.29
2813.74 2367.76
2994.17 2453.91
3257.95 2386.12
2406.06 2206.05
2836.38 2479.87
2349.42 2198.63
2854.27 2444.27
2827.24 2498.79
2898.03 2252.04
2642.43 2400.97
3245.02 2228.52
2790.02 2455.74
2256.31 2114.53
2940.26 2474.14
2893.43 2262.93
2779.79 2459.54
2676.74 2455.25
 3230.8 2369.55
3135.55 1924.57
2914.21 2220.16
2945.67 2453.44
2833.06 2467.07
2829.43 2452.03
2610.09 2417.32
2368.04 2400.44
 2852.1 2249.57
3236.03 2232.26
3283.19 2377.56
2485.08 2252.85
2859.56 2245.28
2574.36 2393.98
2887.6 2531.3
2809.28 2466.82
2802.98 2462.69
2789.13 2373.09
2890.54 2239.23
2837.15  2385.2
2830.27 2368.92
 2218.6 2257.71
2901.92 2317.74
2820.58 2472.88
3077.28 2308.89
2588.84 2379.49
3145.26 2125.14
2675.39 2353.84
2805.98 2462.27
3646.18 2320.92
3170.32 2122.18
3208.78 2190.53
2932.19 2638.91
2834.27  2468.3
2808.91 2454.71
2485.66  2373.3
3176.73 2150.33
2777.93 2450.73
3412.06 2123.12
2827.69 2399.39
3247.24 2348.25
3510.08 2072.81
3248.19 1862.79
2899.64 2382.48
3098.29  2008.2
3258.97 2387.12
 2582.2 2350.78
3015.99 2323.88
2582.89 2348.99
2950.94 2204.58
3355.38 2189.24
2927.55 2286.65
2995.87 2201.81
2690.37  2458.4
2426.93 2323.07
2332.05 2382.57
2741.05 2439.96
2907.54 2528.63
3371.83 1953.97
2913.36 2352.88
2987.62 2209.06
2832.23 2370.61
 2110.1 1858.22
3978.91 2472.19
3013.18 2363.18
2751.84 2493.25
 3193.3 2239.79
   2796 2344.77
2677.87 2434.58
2557.87 2408.27
   3006 2085.49
2723.04 2452.57
2875.75 2405.98
3345.47 2477.93
2877.69 2417.02
3012.69 2479.51
2757.71 2459.72
2523.15 2351.53
4531.28 1036.64
3088.18 2288.27
3130.59 2244.95
2898.17 2371.27
3055.53  2229.1
2972.48 1908.26
3238.54 2226.35
2871.95 2220.71
2839.58 2371.07
3443.5 1866.6
2358.44 2180.71
3197.59 1855.93
3100.04  2164.1
3230.72  2379.2
3237.63 2262.16
2826.75 2380.33
2865.45 2565.77
2874.58 2212.03
2565.53 2288.19
2987.22 2355.99
2745.63 2453.58
3208.59 2226.32
3530.68 2312.04
2864.92 2255.72
   2810 2448.08
3116.96 2344.34
2748.72 2423.39
2928.12 2346.12
3371.52 2075.76
2896.43  2240.8
2871.87 2400.57
2732.13 2422.79
2947.22 2455.65
2843.54 2548.12
 2919.5 2221.05
2973.63 1916.57
3200.41 2144.44
3319.51 1977.23
 3069.1 1982.37
 2914.8 2225.93
2912.38 2260.55
 3299.5 2361.17
3073.99 2011.71
2808.51 2448.08
 2812.1 2404.88
2862.34 2296.44
2870.16 2402.95
2224.84 2100.63
2892.16 2380.58
 3092.9 2172.22
 2974.9 1930.24
3256.44 2138.05
2860.16 2436.87
3019.24 2483.44
2508.09  2310.9
3298.08 1989.88
 2356.1 2330.11
 2867.5 2414.27
3362.73 1960.89
 2920.8 2444.75
3261.57 2037.91
2885.21 2195.84
2878.96 2205.53
 2746.9 2468.45
3425.54 2145.67
2568.7 2400.6
3287.22 1586.23
2031.37 1789.09
2820.42 2478.09
2818.17 2459.77
2984.07 2360.48
2462.17 2439.19
3390.16 1552.95
3194.08 2174.46
2614.39 2412.15
3878.82 2848.64
2752.74 2437.43
2948.15 2489.62
2995.06 2409.34
3171.59 2245.36
2924.18 2481.22
2802.65 2433.81
 2894.6 2276.58
3000.52 2459.62
 2478.7 2250.98
2757.09 2466.32
3132.37 2161.95
 3977.7 2467.34
2874.25 2371.68
2678.22 2425.66
2817.52 2413.06
2292.82 2296.41
2513.55 2373.72
2904.05 2484.57
2895.46  2376.2
2787.2 2415.1
2859.75 2235.64
 3027.8 2221.03
2919.37 2365.03
2867.72    2468
3239.48 1714.44
 3800.2 2425.06
3244.58 2187.69
3022.99  2259.5
2824.98 2443.62
2745.86 2490.21
2777.32 2408.17
2278.52 2058.95
2865.13 2309.03
 3080.1 2316.32
3460.94 1377.64
3183.01 2392.89
 2796.8 2490.37
2882.39 2389.54
3370.25 2370.76
3261.47 1739.61
3805.23 2288.75
2804.02 2448.43
3485.57 1900.39
3299.15 2347.09
3332.79  1998.2
2948.05 2198.49
2987.52 2366.59
2996.74 2245.71
3318.43 2181.21
3165.27 2153.72
2773.34 2462.73
3465.19 2324.93
3417.76 2139.47
3199.36 2380.11
2589.74 2385.03
2747.99 2447.28
3653.88 1187.15
2136.01 1874.74
2426.17 2364.26
2515.35 2349.99
3573.27 1822.28
