2049.6	2181.8
1884.6	2586
989.36	2697.2
2055.6	2287.2
1284	1262.5
1284	1262.5
1518.3	2637.1
1284	1262.5
1322.3	1419.9
1893.8	2587.9
1675.3	1900.4
1885.7	2555.4
1449	2175
1375	921.24
1885.7	2555.4
1143.5	2458.5
1421.2	1384.3
1675.3	1900.4
1436	2623.1
856.15	2154
1322.3	1419.9
2375.4	2370.7
1893.8	2587.9
1546.7	2254.9
1345.3	1807.1
1172.3	2529.5
2245.8	1118.7
1301.8	1755.2
1284	1262.5
1546.7	2254.9
1375	921.24
1546.7	2254.9
2294.9	1944.2
1421.2	1384.3
1747.1	2616.8
1301.8	1755.2
1438.8	1258.6
3673.3	2668.7
2129.2	1866.3
1438.8	1258.6
1284	1262.5
1883.8	2351.5
1884.1	2276.2
1353.6	2467.8
2315.1	775.53
1378	924.83
1694.9	1728.2
1747.1	2616.8
2015.2	2553.8
1695	2577.6
893.53	2277.2
2294.9	1943.3
1583.5	1987.7
1162	2315.5
1638.1	1865.4
1202.6	1568.3
2294.9	1944.2
1162	2315.5
1150	2291.2
1165.5	2255.6
1838.8	2569.6
1769.7	2580.4
1150	2291.2
1159.6	2365.8
893.53	2277.2
2868.9	1920.6
1159.6	2365.8
1362.3	2288.1
2294.9	1943.3
1733.6	2522.1
1290.1	1421.3
1657.7	2045.6
1174.1	2137
1769.7	2580.4
2055.6	2287.2
1158.1	2290.6
1372.6	884.62
1283.2	1971.5
20.885	843.48
1283.2	1971.5
1633.3	2229.5
1085.5	1973.2
1786.3	2573.3
2733.8	2148.3
1165.5	2255.6
2049.6	2181.8
1165.5	2255.6
3185.3	2170.4
1628.9	1869.4
2204.6	2164
2204.6	2164
1880.6	2525.8
847.76	2250.7
2192.4	2238.3
1120	2196.4
2179.1	2273.8
1225	1831.2
2436.3	2413.1
1426.5	1593.8
1675	2381
1225	1831.2
1141.3	2462.8
1892.4	2608.6
3721.5	2762.5
1120	2196.4
1902.6	2602.1
1696.2	2205.3
1165.5	2255.6
1845.9	2275.6
1444.9	2592.7
1295.3	2146.3
1653	1669.9
2212	2165.1
1165.5	2255.6
1440.5	2093.1
1174.1	2137
1573.2	2284.9
1174.1	2137
1227	1411.1
1267.2	2329.1
1450.4	2183.7
1550.8	2478.5
1290.1	1421.3
795.91	2279.8
1440.5	2093.1
847.76	2250.7
1165.5	2255.6
217.5	245.63
1891.5	2508
1291.8	2434.5
1385	1744.1
1214.6	1494.5
1530.8	2217.9
1883.7	2515.3
845.58	2179.6
1091.5	2158.1
1174.1	2137
1232.3	1198.4
2547.6	2240.2
1517.2	2139.7
1241.3	1718.9
1657.1	2298.6
117.95	720.96
1518.8	1762.6
1892.4	2608.6
857.06	2132.5
1185	1627.1
1389.7	2722.4
2219	2160.1
1169.4	2195.9
1283.9	1286.7
1214.6	1494.5
2555.1	2191.7
1313.4	2389.7
1633.3	2229.5
1372.1	2544.9
1500.8	1751.7
1241.3	1718.9
1669.2	2289.9
1761.1	2439.2
1530.8	2217.9
829.41	1489.7
1984	2466
1664.2	1895.7
1275.8	1204.4
2222.9	2159.5
1640.1	1853.7
515.84	1296.3
3459.6	1899.6
1339.4	2042.8
1372.2	893.7
1091.5	2158.1
1696.2	2205.3
1807.4	2156.3
779.95	2100
1871.2	2586
777.76	2286.7
1676.9	1658.8
28.221	1498.7
1349.2	1269
1579.5	2440.2
2918	2280.6
1530.8	2217.9
2577.8	2205.2
3541.5	2120.3
1530.8	2217.9
1327.7	1238.3
1649.4	1842.6
1546.5	1433.3
2222.9	2159.5
2297	1990.6
1219.8	1579.9
1156.5	2010.8
1809.1	2167.4
1642.9	1872.8
1581.6	2198.7
1297.9	953.65
1694.1	2235
1141.3	2462.8
779.95	2100
1350.3	1691.2
2956	2455
1450.4	2183.7
1535	2160.4
2562.7	2233.1
1073.9	946.03
1581.6	2198.7
3625.6	2038.9
1524.7	2176
2655.4	2777.6
1262.3	1570.2
2999.8	2456
1673.4	2647
986.29	906.03
2713.7	1832.2
1202.8	1384.5
2682.3	2404.5
756.35	2618.6
934.55	2457.2
1662.4	1650.6
1218.9	1729.2
2807	2667.1
1894.4	2285.9
1429.6	1535.7
2562.7	2233.1
1528.7	2229.6
1454.1	2168.7
1121.7	1893.9
1165.7	1420.9
1154.6	2360.8
1429.6	1535.7
2577.8	2205.2
1578.7	2418.1
1651.2	2310.6
3646.4	2008.2
3739.4	2837.8
1326.4	2183.3
2284.4	1989.9
2579.6	2233.9
2807	2667.1
2208.3	2218.9
1169.4	2195.9
3688.1	2272.1
1511.4	1685.5
1692	1734.1
1441.5	1627.6
3834.9	1878.4
1734	2482
1381.6	2076.5
2186.4	2204
891.26	2270.2
1576.6	2456.3
1274.9	1502.4
738.27	2922.3
1175.5	2191.5
1579.6	2209.2
1793.3	2325.7
1830.1	2276.8
857.17	1258.2
1621.2	2299.7
3542.9	2155.1
1516.6	2662.3
1369.3	2087.2
1169.4	2195.9
1420.2	1479.3
1703.9	2563.9
3445.5	1987.8
2040.7	727.23
1169.1	2262.1
1772.5	2594
1634.2	1877
840.34	2160.9
2516.8	2007.2
1699.6	2552
1108.5	2070.7
1441.5	1627.6
1436.3	2192
1523	1670.5
1798.2	2203.9
1599.5	2254.9
2040.7	727.23
1108.5	2070.7
1645.5	1658.6
2076.8	2450.1
1220	1569.1
3688.1	2272.1
1166.9	2227.4
986.29	906.03
1201.6	1900.4
3688.1	2272.1
1285.2	1232.5
1166.9	2227.4
1645.5	1658.6
845.58	2179.6
845.58	2179.6
1576	1769.3
829.45	2287.3
1579.6	2209.2
1159.8	2072.4
857.17	1258.2
845	1315.6
1144.1	2006.8
1130.2	2539.8
1504.7	2556.9
2149.4	2305.1
1173.1	1875.6
1285.2	1232.5
3834.9	1878.4
1581.2	2361.8
1618.3	2256.3
1608.2	2221
3507.7	2223.6
1677.5	2286.6
715.52	2272.3
2076.8	2450.1
2516.8	2007.2
1252.3	1584.7
1130.2	2539.8
1180.9	2049.9
1150.2	2001.1
1621.2	2299.7
1436.3	2192
1372.2	893.7
1590	2177
1308.6	1835.9
1173.4	2023.7
1220	1569.1
1120.3	2553.7
1983.9	2368.9
2135.6	2322.8
1150.2	2001.1
1585.8	2282.9
1146.8	2025.8
1249.7	1105.9
1327.7	1238.3
1820.3	2199.8
1166.9	2227.4
3650.8	2019.6
1934.5	2478.8
1220	1569.1
403.61	1205.8
1692.9	2218.1
1948.7	2470.9
1993.7	2447.2
1335.4	1331.8
1448.8	2656.6
1236.1	1783.1
1581.2	2361.8
1146.8	2025.8
1684.2	2600.5
878.92	2288.6
1487.7	2428.3
1142.5	2003.5
1608.2	2221
1218.6	1904.7
1713.7	2605.9
1587.9	2208.4
2203.2	2213.3
2237.9	2076.8
1107.8	1745.5
2203.1	2153.7
2559.8	2262.1
1148.1	2623.8
1173.4	2023.7
1784.9	2141.8
1323.3	2227.1
878.92	2288.6
1146.8	2025.8
1516.6	2662.3
860.76	2519
2964	1849
1511.4	1685.5
1146.8	2025.8
1180.9	2049.9
1677.5	2286.6
1598.6	2472.7
1146.8	2025.8
1180.9	2049.9
1495.7	1195
1420.2	1479.3
1447.5	2657.4
1687.8	2115.8
1448.8	2656.6
1144.1	2006.8
1342.7	1298.7
1477.9	2444.4
1249.7	1105.9
1252.3	1584.7
2242	2066.7
1166.9	2227.4
1700.9	2439.2
1372.2	893.7
1511.4	1685.5
891.26	2270.2
2183.7	717.75
1273.2	2138.1
1493.6	2535.2
1075.9	2378.8
1296.9	2123.1
1687.8	2115.8
1249.7	1105.9
835.03	2189.9
1568.2	1784.3
1419.5	2079.7
1166.9	2227.4
1559.8	2214.9
1301	2157.8
1448.8	2656.6
1323.3	2227.1
1227.3	1591.2
1156.8	2004.2
2326.4	722.7
1166.9	2227.4
1380.6	1853.8
2268.8	2607.3
1955.6	2484.4
1799.9	2162.2
1694.4	2178.4
297.04	2271.2
1363.6	1523.2
1560.8	1381.4
2788.2	2413
537.49	49.215
1363.5	2417.3
3111.5	2126.1
1777	2368.1
1149.3	2621.3
1151.9	2565
1549	1420.9
1163.2	2287.1
2077.3	2456.2
1477.9	2444.4
1487.7	2428.3
1504.6	1670.1
1166.9	2227.4
1155.2	2021.8
1702.4	2595.9
1623.4	2226.3
1360.5	2099.6
3538.7	2287.8
1343.2	1341
1162.7	2535.7
1166.9	2227.4
1476.7	1896.7
1149.3	2578.4
1232.3	1198.4
1155.2	2021.8
1144.1	2006.8
1929.8	2311.5
1273.2	2138.1
840.34	2160.9
1797.6	2311.9
1930.1	2311.9
2173.9	1536.1
1142.5	2003.5
1151.9	2565
1491.5	1902.2
1173.4	2023.7
2673.9	2413.7
1372.1	2302.9
1381.6	2076.5
1269.2	2115.6
1179.5	1900.9
1034.2	2620.8
1083.5	1725.8
1331.8	2275.5
1476.7	1896.7
1102.5	2100.5
807.66	2286.2
817.08	2231.9
1166.9	2227.4
1323.3	2227.1
2397.6	2267.1
1587.9	2208.4
1372.1	2302.9
1504.7	1653.4
2364	2065.2
867.73	2012.8
1173.4	2023.7
1169.6	2030.1
1764.5	2575.6
1853.8	2548.4
1310.6	1701
1320.7	2271.2
1295.9	2013.3
3541.5	2120.3
1220	1569.1
1934.8	2461.9
133.82	1108.4
1416.3	2215.7
2704.3	2503.9
1166.9	2227.4
1623.2	2207.1
1614.3	1862.6
2379.6	2576
564.28	30.09
1274.9	1502.4
1726.9	2468.2
1042.4	2612.8
1446.6	2175.9
2559.8	2262.1
1670.9	1699.2
2673.9	2413.7
1236.5	1416.8
2164.5	2309.5
1549	1420.9
1527.2	1876.2
1906.8	2311.9
1284.5	2028.6
2413.5	2834.3
1995	2420.9
1197.7	2266.9
1704.3	2042.3
1519.8	2258.4
1411.3	1490.2
1700.1	2216.6
1342.7	1298.7
1159	2550.3
1284.6	1952.3
999.31	2512.5
752.58	2055.6
1839.7	2303.5
3541.5	2120.3
1820.3	2604.6
1393.1	2357.9
1301	2157.8
1735.1	2500
1510.9	1631.1
1164.7	1906.2
1293.4	2114.3
1159.1	2308.2
2832.2	2143.1
589.88	1342.1
1494.3	1639.1
1199.4	1028.5
1726.6	2067.8
1166.9	2227.4
1284.5	2028.6
1420.7	1939.5
1580.8	1791
1166.9	2227.4
241.41	260.15
1274.9	1502.4
1591.9	2464.9
2704.3	2503.9
1467.3	1887.8
1549	1420.9
1240.9	2465.6
1837.9	2270.8
2535.6	2253.2
1501.4	2629.6
1184	2033.3
1797.6	2311.9
1947.8	2481.7
829.45	2287.3
2678.1	2419.7
28.221	1498.7
858.39	2288.9
1504.7	1653.4
1867	2579.3
1591.9	2464.9
1282.4	2118.5
1804.3	2473
1599.6	2265.3
1240.8	1395
1314.8	1788.6
1665.3	1696.3
1323.3	2227.1
1532.6	2626.3
1314.3	1762.4
1326.4	2183.3
1301	2157.8
1586.1	2264.1
1201.6	1900.4
1760.7	2490.4
3117.6	2559.4
768.54	2290.5
1240.9	2465.6
1322.6	1243.7
1896.9	2556.7
1267.2	2329.1
523.54	673.39
1487.7	2428.3
1822	2577.4
1526.7	1908
2784.4	2485.7
1335.4	1331.8
1180.9	2049.9
878.92	2288.6
1695.1	2593.4
834.65	2219.7
1812.3	2167.4
1249.7	1105.9
1419.1	1404.3
1442.2	2383.3
1282.4	2118.5
1488.3	2181.9
1266.4	2186.2
1150	603.32
1142.5	2003.5
1360.5	2099.6
1452.5	2607.7
1413.4	1522.2
1287.1	2133.2
2632.8	2406
1712.6	2441.8
870.86	2177.3
378.51	697.75
1806.2	2180.3
1623.4	2226.3
2535.6	2253.2
2396.8	2280.9
1518.5	1670.7
3657.6	2072.7
2015.9	2422.2
1467.3	1887.8
1701.4	2454.5
1385.9	1504.1
1620.6	2242.1
1240.8	1395
1607.9	2254
1208.6	1506.6
1532.6	2626.3
2237.4	1164.5
1438	1512.9
1889.9	2280.6
2171.1	2292.7
1310.9	1626.6
1616.7	2213.8
1159	2550.3
1627.4	1878.3
1725.2	2006.9
1150	603.32
1426.3	2538.3
1350.2	1601.6
1780.1	2367.5
1314.3	1762.4
1853.8	2548.4
1041.8	2603.9
1538.7	2193.3
1406	631.05
28.221	1498.7
1188.8	1853.1
465.48	1574.5
1197.7	2266.9
1432	2434.2
1609	2205.5
1252.3	2133
2535.6	2253.2
1993.2	2458.7
1360.5	2099.6
3111.5	2126.1
1166.9	2227.4
1438	1512.9
1817.3	2536.8
1864.5	2600.2
1448.2	2421.3
1871.2	2586
1494.3	1639.1
28.221	1498.7
1706.4	2433.6
1284.1	2033.4
1331.8	2275.5
1419.9	1406.9
1586.1	2264.1
1599.5	1564
2425.1	2127.1
1763.3	2540.8
216.2	865.58
1151.8	1766.3
1561.9	2427.2
1491.5	1902.2
1361.5	1507.4
1151.8	1766.3
1356.3	632.5
1178.8	2626.5
1622.8	1813
1241.1	1770
3672.4	2644
1197.7	2266.9
1314.3	1762.4
1241.1	1770
1595.7	1563.4
1159	2550.3
1632.2	1896.1
1655.3	2452.3
24.315	1411.8
1261.8	2168.7
1281.9	1505.2
810.98	2253.9
1073.8	2274.4
1669.6	2561.1
1467.3	1887.8
1559.4	2468.3
1010	1278.5
1153.4	2010.5
1826.1	2589.2
3367.1	1731.5
1180.9	2049.9
1249.7	1105.9
1252.3	2133
1775.9	2562.6
2884.5	2378.5
1185.3	2398.2
2171.1	2292.7
2564.5	2187.6
1775.8	2241.7
1842.2	2304.4
1885.8	2735.1
1241.1	1770
1264.4	1056.2
1423.3	1453.5
1417.4	1593.4
1156.8	2004.2
1485.9	2452.8
1523	2345.2
1606.8	2465.4
2205.1	2231.5
1379.3	1487.6
1884.3	2598.9
1885.8	2735.1
2045.7	2469
1952.8	2499.1
1223.4	1915.8
1198.9	1788.4
1366.9	2462.1
1241.1	1770
1166.5	2365.7
2761.3	2310.7
1166.9	2227.4
1259.1	1270
1261.8	2168.7
1763.3	2540.8
1174.6	2031.6
945.87	2524.7
1862.3	2461.4
1153.4	2010.5
817.47	2242
856.18	2211.6
2056	2459.3
1778.9	2544.1
1378.4	2073.9
1570.5	1502.2
2562	2220.2
2680	2422
1335.4	1331.8
1164.7	2549
1642.3	2308.7
1173.4	2023.7
2742.6	2314
1467.9	1206.7
1516.7	2322.7
1994.1	2452.3
1281.9	1505.2
1197.7	2266.9
1609	2205.5
1527.2	1876.2
1614.6	1874
1277.4	2016.1
1447.5	2657.4
1161.7	1868.9
1346	1940.6
1288.7	1408.4
1609.5	1927.1
2556.4	2388.3
1286.8	1250.4
386.04	1315.4
920.88	2294.5
1760.7	2490.4
1368.7	1436.1
1162.9	1986.7
1151	2580.9
1448.5	2389.2
1616.3	2098.7
1323.6	2076.1
1994.1	2452.3
1254.3	2489.9
1000.6	626.57
1486	2529
1583.1	2534
1394.5	1633.3
1476	2427.8
1197.7	2266.9
1380.3	1528.9
1285.6	2004.8
1188.7	2327.7
3022	2635
1170.7	1865.1
2943.6	2556.5
1972.3	2458.2
831.43	1639.6
2669.1	2284.6
1187.9	1412
1128	2219.5
2184.8	2246.6
1316	1860.5
1994.1	2452.3
1800.9	2195.7
2070.8	2357.5
2343.4	2405.5
1178.8	2626.5
2184.8	2246.6
1287.1	2133.2
1565.5	2307.8
1253.5	2579.7
1387.9	1786
1538.1	2249
1350.2	1601.6
1178.8	2626.5
2673.9	2413.7
1151.4	2557.5
1671.7	2654.7
849.53	2230.6
1442.2	2383.3
1745.5	2028.2
1538.4	2245.8
1150.2	2001.1
1633.6	1730.8
1192.1	2390.8
1253.5	2579.7
2081.6	692.04
1229.6	1621.7
1426.3	2429.3
2587.4	2225
886.15	2243.4
2284.4	2665.7
1218.4	1698.5
1210.6	1568.8
1426.3	2429.3
1824.7	2274.2
1610	2202.1
1665.8	1700.7
1262.2	1479.8
1456.4	1982.7
1274.8	1452.8
1635.3	1813.4
1581.6	2377.7
1144.1	2006.8
1292.8	1158
1491.5	1902.2
1638.4	1879.4
1993.4	2320.7
1549.2	2431.4
1176.8	2523.9
3110.8	2862.4
1403.8	1504.3
831.43	1639.6
1145	2568
1676.2	2553.7
1236.5	1416.8
1837.7	2268.1
1626.2	1955.4
2120.2	1868.4
1565.8	2422.7
2627.1	1822.1
2527.2	2144.1
1491.1	2506.7
1368.7	1436.1
856.18	2211.6
1658.1	1688.3
1519	2236.8
1428.9	1468.1
1509.2	1981.1
1355.8	1570.3
2770.8	2483.7
1521.4	1769.5
1311	2143.6
1340.4	2252.4
1809.1	2167.4
1985.4	2423.3
1247.8	2144.4
1812.3	2167.4
1073.8	2274.4
2575.8	2217.4
2492.9	2394.3
1387.9	1786
1806.2	2191.2
1538.4	2245.8
1241.1	1770
1505.3	1649
996.19	1558.3
1632.4	1899.7
3531	2275.7
1297	2050.9
1241.6	1116.8
2178.1	2298.6
1170.2	1702
1609.1	2462.6
1736.6	2482.1
2005.9	2424
1054.2	1852
1150	603.32
1716.9	2095.1
1577.9	2226.9
1632.4	1899.7
819.68	2285
1830.5	2544
1503.7	2080.2
1661.6	1704.1
2407.1	2400
1496.2	1847.8
1485.9	2452.8
2680	2422
1825.5	2833.2
399.01	701.78
1561.3	2346.8
1407.9	2199.3
1778.9	2544.1
1814.1	2453
2156.7	1635.9
1756.8	2492.6
1565	2231
1240.1	1144.9
1418.3	1493.8
1594.4	1551.6
1322.9	2050.4
2296.8	2035.1
819.68	2285
2005.9	2424
1372.7	1541.6
1972.1	2482
1423.8	924.96
1467.9	1206.7
1162.9	1986.7
1248.8	2178.1
1178.8	2522.8
1138.9	1974.4
1421.7	1960.6
1146.1	1979.3
1580.2	2235.6
1521.8	1856.2
1241.1	1770
1522.8	2222.1
1783.8	2452.1
1155.5	2350
2669.1	2284.6
1474.1	1178.6
1188.7	2002.6
1155.5	2350
2375.7	2383
1774.6	2443.3
1773.6	2554.5
1490.7	1239.2
1929.9	2324.9
1768.4	2395.7
1189.3	2128.1
1294.1	2191.9
1812.3	2167.4
2156.7	1635.9
2260.2	1019.5
1364.2	880.1
1924.6	2480.5
1202	2526.5
2794.3	2359.6
2407.1	2400
1671.7	2654.7
2292.4	1980.7
1757.3	2590.4
1715.5	2457.7
437.7	1971.2
1488.6	2521.9
1542.4	2135.3
2655.4	2299.7
1482.6	2055.6
1592.7	2454
1161	2001.7
1287.1	2133.2
1922.8	2487.6
1594.1	2280.2
3702.5	2325.5
1490.4	2208.2
1212.8	1822.8
1155.5	2350
1315	2411.3
1515.3	1656.6
2195.8	2231.7
849.41	2229.4
1185	2130.7
1180.7	2245.1
1749.7	2015.7
1088	2444.8
1389.4	2623.7
1562.8	1490.6
1585	2285.4
2260.2	1019.5
1645.2	2426.1
1733.5	2125.8
2070.8	2357.5
1436.2	1470.7
1164.7	2549
1785.1	2414.3
2684.8	1957.2
1830.5	2544
833.13	2107.3
1491.1	2506.7
1507.7	2218.4
1704.6	2330.6
1591.8	1601.5
1817.3	2536.8
1814.1	2453
1304	1168.5
1548.8	1865.9
1646.3	1762.5
1217.2	1833.6
2741.6	2488.4
1137.6	2429.9
1252	2076.9
1312.6	2395.2
2560.8	2224.3
1611.2	2258.7
1269.5	1452.8
2880.6	2780.9
1239.9	2243.2
1241.1	1770
1471.6	2186.9
1603.3	2433.2
1851.9	2590.2
1287	1981.9
2237.4	1164.5
1687.9	2583.3
1570.2	2226.6
441.3	2870.7
1368.7	1436.1
1605.9	2132.7
1200.7	2014.7
2478.6	2014.4
1940	2469.9
1245.1	1768.9
1093.4	1741
1313.7	1714.7
2684.8	1957.2
1173.6	1984.4
2311.5	799.09
1604.2	2309.2
1181.2	1911.6
2144.5	2317.6
1088	2444.8
1329.7	2038.4
2740.9	2041.5
1610	2202.1
1507	2461
2255.3	1101.4
1189.3	2128.1
2156.7	1635.9
3514.1	1518.9
1610	2202.1
2755.6	2398.5
187.84	1800.5
1315	1803.2
1929.9	2324.9
1634.3	1824.9
1138.9	1974.4
1346	2466.2
1661.6	1704.1
273.81	699
1746.4	2472.8
1391	1388.6
1793.5	2426
1521.8	1856.2
1160.7	1703.9
1179.8	1909.4
1213.2	1910.1
1963.8	2487.7
2031.9	2159.2
2696.4	2430.6
1290.9	2209.9
1620.3	2262.1
1514.3	2197.4
1546.7	2254.9
1301	2157.8
1649.7	1710.8
1239	1116.7
385.91	2678.2
1617.4	1852.2
3538.6	2276.9
2782.2	2288.9
1217.2	1833.6
1942.9	2733.7
1672.5	2323.1
1992.6	2380.9
3672.4	2644
2809.2	2764.6
2793.9	1857.9
1614.5	2100
1648.8	2630.1
2669.9	1809
1426.7	1510.5
1739	2477.6
1671.7	2654.7
2434	2044.5
1137.6	2429.9
1161.3	1987.2
1715.5	2457.7
1496.7	2222.5
2443.1	2427
1745.5	2028.2
3514.1	1518.9
1617.4	2426.7
1160.7	1703.9
1597.8	1552.4
1196.1	1854.8
2839.9	1866.8
2793	2437.2
1637	1737.7
2255.3	1101.4
1173.6	1984.4
1499.5	1224.2
1288.7	1408.4
1196.1	1854.8
2790	1793.2
2163.1	2285
1229.8	2135.8
3015.7	2905
1597.4	2455.6
1914.7	2493.4
3150.1	2776.2
95.211	1049.8
1681.2	2433.8
1548.8	1865.9
1607	2242.8
1545.7	1406.3
1679.2	2681.5
862.15	2190.3
1748.3	2020
1927.3	2448.9
1435.1	2422.7
1639.4	2444.4
1710.7	2095.3
131.93	2822.8
1238.6	2140.8
2782.2	2288.9
1607	2242.8
1229.8	2135.8
2614.8	1984.3
750.97	2903.8
3059.7	2547
1622.6	2199.1
1125.5	1838.1
20.094	1534.6
1418.3	1493.8
1502.8	1720.6
2740.5	2160
1419.1	1404.3
347.56	2612.2
1166.9	2058.7
1173.6	1984.4
2305.7	2045.3
1756.8	2590.3
1384.8	2179.4
1393.7	1519.3
1368.7	1436.1
1230.1	1981.1
1173.6	1984.4
2045.4	2171.5
813.55	2222.7
1695.4	2458.1
1566.5	2233.6
1245.6	1773.7
1682.5	2233.2
2373.1	2053.3
1529.2	1356.6
1312.6	2395.2
1793.5	2426
2297.1	863.45
1779.6	2489.3
1773.9	2489.7
1505.2	1621.1
1529.2	1356.6
2328.3	2407.8
1154.9	2007
1374.3	2558.3
1546.5	1638.1
2328.3	2407.8
1306.8	1479.8
1018.4	606.68
1757.6	2595.6
1579.9	1891
1705.1	2237.6
2409.5	2221.6
1543.9	2649
1304.2	1240.1
1705.9	2355.3
1239.9	2243.2
2793	2437.2
1297.4	1850.4
2213.2	1237.7
2411.6	2230.1
1777.7	2547
1372.2	893.7
1987.7	2371.3
1601.7	2318.2
1189.8	1907.1
2695.8	2331
1403.8	726.02
1617	2324.5
1286.8	1250.4
1755.9	2620.4
1030.6	2336.6
1320.6	2417.7
1686.6	2474.5
1290.7	1453.7
1639.2	2406.4
2627.5	2008.3
1351.1	2090.8
2414.1	2222.3
1496.7	2222.5
2497.1	2407
1686.6	2474.5
1835.8	2466.1
379.83	1674.4
1734.7	2451.5
2006.1	2467.7
1616.2	2416.4
1189.1	2242.1
1239.9	2243.2
1594.5	2295.2
1901.3	2282.1
1739.9	2458.2
1399.6	668.94
708.06	667.65
754.29	2674.4
1504.7	1653.4
1603.3	2287.5
2782.2	2288.9
1285.5	1756.4
767.21	1293.5
1173.6	1984.4
1595.6	2201.1
2859.4	2301.9
1748.3	2020
1147.8	2547.2
1390.2	2789.7
1229.8	2135.8
3654.3	2033.4
2649.8	1865.2
1358.1	1761.5
2552.3	1981
1335.4	1096.7
1185.8	2396.4
833.13	2107.3
1658.1	1688.3
2790	1793.2
1490.9	2589.2
175.89	966.55
1184	2033.3
1451.4	1100
2946.9	2154.7
1615.8	1979.5
1173.2	2270.6
2066.5	1898
2235.7	1139.4
1498.3	2188.1
1588	1540.4
2045.4	2171.5
3218.9	2405.5
2945.7	2452.1
1232.8	1553.5
1454.3	2547
1217.1	1970.5
2339.3	2425.1
1195.9	1809.7
1216.8	1743.1
3537.5	2767.9
1368.7	1436.1
1241.1	1770
2370.8	2118.6
1293.8	2207.3
3314.8	2400.2
2296.8	2035.1
1480.5	2923.1
1498.3	2188.1
3059.7	2547
1979.3	2406.9
2255.3	1101.4
2790	1793.2
1580.2	2235.6
1322.4	2238.1
1982.5	2411.2
823.47	1662.2
3133.2	2880.9
3589.2	1473.6
2277.7	2034
1739.2	2095.3
1645.7	2408.8
2497.1	2407
2814.6	2588
1356.5	1497
2230.4	1240.2
1195.5	2663.5
1557.6	2459.9
1245.6	1773.7
1160.7	1703.9
1371.4	1491.1
1565	2231
1195.5	2663.5
888.85	2272.8
2411	2405.9
1440.4	1938.4
3304.5	2265.9
1499	1229.8
1639.4	2444.4
1241.6	1116.8
1598.2	2439.7
1297.9	953.65
163.16	2689.1
1217.2	1833.6
1190.4	2269.7
1202.1	2210.1
1749.8	2483.4
1591	1517.9
1288.8	2123.9
2255.3	1101.4
1988.6	2385.9
1654.1	1735.6
3218.9	2405.5
1779.9	2595.5
1598.2	2439.7
149.02	1062.7
1247.8	2144.4
1358.1	1761.5
1166.5	2365.7
1433.3	1692.8
1238	2289.6
2684.8	1957.2
1168.1	1887.1
1560.5	2373.4
1543.9	2649
884.12	2107.6
1361.7	958.2
1177.1	2303.5
245.42	2661.8
1628.8	1706.1
2314.2	2200.3
503.73	1889.6
1379.3	2042.6
3397	2913.1
1361.7	958.2
2401.4	2191.2
1590.2	1411
2401.4	2191.2
1326.6	1347.2
2587.5	2187.5
1368.7	1436.1
1304.2	1240.1
71.538	1303.7
1213	1835.1
1703.8	1920.1
479.76	1470.3
2235.7	1139.4
1621.3	1637.3
1343.3	1643.9
833.13	2107.3
994.6	2444
2156.7	1635.9
1925.5	2511.9
1837.7	2268.1
1152.6	1404
1665.9	2662.9
1382.7	2135
503.73	1889.6
1189.4	1979.3
2820.6	2764.8
1351.4	1395.8
3538.7	2287.8
1944.4	2524.7
1594.6	2583.8
1419.7	1969.4
1088	2444.8
1166.5	2365.7
1434.5	2459.6
1693.6	2159.8
1636.1	2512.9
1572.5	1639.3
1619	2330.4
2098.1	740.4
1903.5	2280.3
2581.6	2369.4
1835.1	2828.8
1156.5	2749.7
2790	1793.2
2560.9	2238.7
1230.1	1981.1
1233.5	1826.7
1292	789.17
1618.4	2275
2682.8	2423.9
1779.6	2489.3
1350.4	1536.9
1154.9	2007
1443.7	2157.7
1170.5	1644.2
1517.8	2120.4
324.22	1055.7
2535.8	2264.6
1576.2	1478.3
1945.5	2323.1
850.13	2202.3
1399.6	668.94
1749.8	2483.4
1181.7	2301.1
1292.2	2040
2913.3	2156.4
2262.8	1915.2
3218.9	2405.5
1642.1	2518.3
2056.5	2756.8
3795.5	2213.3
1824.7	2487.9
1639.2	2406.4
1288.8	2123.9
1459.4	1518.6
1987.7	2385.4
1637.6	1744.9
475.43	654.06
3771	2329.9
1641.2	2331.2
1786.5	2617.5
1805.7	2213.2
1615.7	2352.9
2773.3	2471.8
1401.5	1196.8
1175.7	1650.2
1394.8	1656
1451.1	1250
672.11	1783.2
1345.7	1753
1288.8	2123.9
1824.7	2487.9
1466.7	1621.4
1978.5	2399.7
1415.4	1454.2
1809.1	2167.4
1612.4	1585.9
1358.1	1761.5
1792.9	2385.7
1151.4	1385.6
2887.4	1681.9
1914.7	2493.4
1447.5	2657.4
2235.7	1139.4
1686.1	2242.9
1605.7	1916.8
1190.5	1894.2
1195.5	2663.5
2310	785.92
2295	1977.4
1027.7	2921.2
1228.5	1416.4
1595.6	2201.1
1696	2613.7
1247.2	2094.6
3218.9	2405.5
1837.4	2440.8
1854.7	2476.9
1100.2	2534.1
1253.1	2101
1199.8	2263.8
402.91	694.99
1346	1940.6
1169.8	2049.8
1640.1	2441.4
2262.8	1915.2
2971.1	2764.2
1757.5	2453.8
1088	2444.8
2406.9	2233.8
1123.8	2214.3
1213.3	2209.8
1350.2	1601.6
2169.9	2262.9
2235.7	1139.4
1410.9	1499.6
1434.5	2459.6
1304.2	1240.1
1210.2	1708.5
1944.4	2524.7
2562	2046
1559.6	1437.6
2684.8	1957.2
1293.8	2207.3
1602.9	1802.7
1204.7	2568.5
1326.6	1347.2
968.69	1270.4
626.17	2305
2310	785.92
2405.1	2387.2
850.13	2202.3
251.21	1039.4
1554.2	1860.2
2359.3	2096
3218.9	2405.5
2169.9	2262.9
1151.4	1385.6
1385.8	1392.3
1166.9	2058.7
1351.4	1395.8
2052	712.69
1528	1354.1
2601.9	2384.1
831.43	1639.6
1924.6	2358.3
3487.7	1473
1964	2479.8
1792.9	2386.5
1239	1191.1
1600.6	1586.8
1624.5	2419.2
1543.9	2649
2313.1	813.84
1435.5	1563
1350.2	1601.6
1409.2	1445.9
734.32	2700.4
3059.7	2547
1178.8	2522.8
1799.4	2343.1
1616.4	1774.4
1298.9	1957.1
3841.1	2186.9
80.218	1806.7
1298.9	1957.1
1131.5	2682.4
1620.3	2262.1
2625.9	2011.7
2121.9	662.59
1251	2062
1658.3	1978.6
2153.9	2382.7
1379.3	2042.6
1151.2	2545
1303.7	1709.3
1662.2	2355.3
2018.7	2465.6
489.49	2501.3
2396.3	2217.3
2384.2	2128.1
3439	2898.2
1493.2	2222.2
1280.2	2212.2
1147.6	2373.1
1151.9	2466.2
1498.3	2188.1
1682.7	2604.7
1614.9	2412.7
1883.2	2354.6
1617.4	2357.9
1358.7	1339.7
1639.4	2444.4
489.49	2501.3
1479.3	1526.6
114.29	1389.4
1358.1	1761.5
1611.2	2258.7
1403.8	1504.3
2255.3	1101.4
1835.1	2828.8
1481.4	1193.5
1071.5	2379.9
1344.4	1970.6
1457.4	1149.9
1839.4	2264.9
765.04	1789
1354.8	1297.7
2168.4	2279.7
2387.7	2429.2
1082.9	2882.9
2385.2	2207.2
1193.8	2299.3
1298.2	745.37
1637.6	1744.9
1612.4	1585.9
1379.3	2042.6
1845.1	2309.1
1210.2	1708.5
1285	2211.5
1951.5	2400.1
2957.6	2785
855.95	2833
1551	1391.1
45.255	2559.6
1297.4	1850.4
1542.5	1680.8
1213.3	2209.8
2077.1	2553.9
1435.5	1563
1633.1	2349.4
2739.7	1908.4
2371.7	2143.7
1473.9	1558.1
1631.8	2458.6
1303.2	742.3
1165.6	2567.1
1149.5	2378.4
1789.8	2581.8
2235.7	1139.4
1592.5	1794.5
2235.7	1139.4
1856.2	2533.2
1508.1	1554.1
1346.2	2096.1
1199.8	2263.8
2858.3	2657.8
1173.6	1984.4
2896.7	1679.1
2363.5	2396
1882.3	2492.6
3122.9	2313.6
579.02	2168.2
1233.5	1826.7
1131.8	1906.8
2739.7	1908.4
2307.9	767.64
948.46	1737.6
1372.4	1534
1456.8	1146.6
2300.9	844.71
1358.7	1339.7
1261.2	2466.3
1593.7	2323
1614.9	2412.7
1705.5	2346
1549.5	2450.5
2684.8	1957.2
1716	2323.8
1841.8	2494.2
1161.7	2395.9
1549.5	2450.5
1840.6	2391.6
2245.1	2284.5
2411.6	2153.4
2389.5	2249.8
1261.2	2466.3
1149.5	2378.4
2665.6	2323.1
1368.7	1436.1
1413	2060.2
579.02	2168.2
1151.2	2545
1924.6	2358.3
2213.2	1908.7
1358.1	1761.5
2969.3	2424.9
2790	1793.2
1068.6	2605.4
2562	2046
234.02	209.01
1233.5	1826.7
1451.1	1250
1557.6	2459.9
2203.7	2285
2657.1	1866.9
1663.4	2352.7
2790	1793.2
2411.6	2214.8
1605.2	2261.1
1352.9	1405.8
1789.8	2581.8
1571.4	2153.6
1091.9	2321.1
1916.5	2313.2
183.21	1738.2
925.15	2879.4
2711.5	2363.2
2985.4	2408.3
2989.7	2795.7
1792.9	2386.5
3225.1	2469.8
1532.5	2635.9
1356.3	632.5
959.6	2530.2
1245.9	1556.7
1973.8	2411.6
1512.9	1265.5
3128.4	2565.7
3439	2898.2
3307.8	2916.8
1383.2	2618.8
2412.3	2139.8
1535.9	2415.9
1168.9	2374.6
2095.4	2744.3
1197.1	1757.5
1387	1309.6
1465	1535.6
2412.3	2139.8
1425.7	1525.3
2038.8	2377.4
1151.2	2545
1529.2	1356.6
2357.8	2496.4
1254.9	2523.5
1439.7	1694.8
1158.1	1890.3
1743	2539.3
1657.1	2127.3
2235.7	1139.4
1598.5	2185.4
1501.5	2430.4
3319.6	1563.7
1372.4	1452.5
2385.2	2207.2
1657.1	2127.3
1780.3	2433.2
2371.7	2143.7
1747.9	2464.9
2412.2	2202.4
504.6	2346.7
2645.4	1823
1929.2	2429.1
2314.9	756.35
2294.8	2057.3
2235.7	1139.4
1665.5	2400.2
2522.1	2539.6
1322.5	919.28
1690.1	2459.2
1276.1	2089.8
2803.1	2243
1199.6	1776.2
1304.2	1240.1
934.55	2457.2
2356.1	2391.2
1424.1	833.81
1623.7	1875.1
1415.6	1409.7
1502.8	1720.6
2042.8	2159.6
930.33	2277.5
1340.7	1100
1358.7	1339.7
2383.5	2124.4
1665.5	2400.2
1922.9	2452.9
2215	1235.5
1210.2	1708.5
2553.9	76.429
172.94	986.6
1255	1854.4
934.55	2457.2
1849.2	2287.5
1548.4	2634.8
1644.9	2206.8
2371.7	2143.7
2820.6	2764.8
2294.1	2014.2
1691.9	2320
1759.4	2404
1147.6	2373.1
2235.7	1139.4
1821.1	2560.6
1199.8	2263.8
2474	2396.8
1528.1	1319.8
251.19	2689.6
1540.6	1754.4
1798.5	2348.1
1129.5	1464.2
2951.2	2285.7
2809.2	2764.6
2951.2	2285.7
1421.7	2367.8
1983.4	2435.2
1228.5	1416.4
820.95	2719.4
3002.3	2430.4
1478.8	1217.5
2153.6	2378.5
2659.5	1867.1
2300.9	844.71
2525.8	2819.2
989.08	2510.8
1591	2068.9
1496.7	2222.5
1883.9	2485.2
1545.5	1548.6
1415.4	1454.2
1881.6	2482.5
1429.9	1849.2
3103.8	2310.5
1821.1	2560.6
1114.7	2188.8
1475.2	1395
2412.2	2202.4
1358.7	1339.7
951.03	1983.7
2751.4	2421.1
1486.1	1582.3
2556.3	2012.8
1544	1694.8
2235.7	1139.4
2690	2413.1
1442	1580
2499.1	2550.2
699.1	685.1
1826.3	2351.1
1466.7	1621.4
1436.9	858.49
1363.5	1464.6
1074.2	586.78
3328.2	2727.7
2768.6	2357.3
2796.1	2495.4
1129.5	1464.2
2771.4	2769.4
1145.4	2548.4
1379.3	2042.6
2169.6	1908.1
1592.7	2341.8
1960.3	2461.3
1217.4	2107.9
1541.2	1359.9
2295.6	2014.7
1856.3	2301.6
1238.6	2140.8
1673.6	2519.7
3452.2	1594.8
1590.5	2370.4
3059	2578.2
2258.5	1998.1
1391	1388.6
3102.4	1820
3516.5	2362.4
1617.9	1612.5
107.09	2854.6
1368.7	1436.1
1544	1694.8
2347.1	2174.9
1162.4	2392.1
1637.3	1834.6
2383.5	2124.4
2695.1	1943
1434.9	1110.4
1199.8	2263.8
1056.4	1971.8
1401.5	1196.8
2218	2207.8
1288.8	2123.9
1493.6	2661.2
2521.6	2403.6
2390.8	2409.8
1645.5	2397.5
1430.8	2421.3
1654.2	1889.7
1268.3	2055.7
2359.7	2083.1
1837.4	2444.6
2373.2	2255.5
1654.2	1889.7
3666.9	1745.3
3503.2	2347.8
2466.1	278.62
1805.7	2213.2
2032.2	2176.5
2030.9	2793.8
1358.7	1339.7
2953.4	2435.3
390.91	1350.8
1449.7	2456.9
820.95	2719.4
1541.2	1359.9
3102.4	1820
1332.8	631.1
1598.2	2439.7
1542.5	1680.8
1363.5	1464.6
1503.1	1160.2
2682.8	2423.9
2071.1	787.87
1361.9	1314.1
1372.6	1238.9
3503.2	2347.8
1099.3	2467.2
1204.7	2568.5
1191.2	2316.1
1151.2	2545
2650.7	1820.5
1358.7	1339.7
1768.3	2275.5
1512.9	1265.5
569.22	1030.9
1177.8	2038.5
1717.4	2007.4
2768.6	2357.3
2081.2	667.02
2798.4	2432
1096.7	2465
2030.9	2793.8
2809.2	2764.6
989.08	2510.8
2843	2304.5
2809.2	2764.6
157.47	1566.6
1384.2	2679.1
1293.8	1474
2521.6	2403.6
1417.3	2431.1
1096.7	2465
2305.7	2045.3
1319.9	1677.8
1724	2274.7
441.3	2870.7
1673.6	2519.7
2657.9	1966.3
3163.7	2908.6
1391	1388.6
1147.6	2373.1
1617	1522.9
1654.2	1889.7
3666.6	2871.2
1427.4	1249.7
2553.8	2360.6
1371	1438.9
1185.3	2398.2
359.15	2715.3
2761.1	2224.1
839.63	2103.7
2305.9	2041.1
1238.8	1448.4
1717.4	2007.4
802.24	1339.8
1501.8	1275.9
1749.5	2564.8
2591.7	1988.1
1328.1	1449.1
1841.3	2554.5
1456.4	1791.4
1347	1059.5
2340.8	2180.2
1265.2	1859
798.74	1909.4
1175.4	2405.1
1613.6	2286.5
2968.7	2774.5
2525.5	155.47
2032.2	2176.5
3002.8	2435.6
1260.9	1747.1
2771.3	2764.8
1401.2	728.24
1401.5	1196.8
2015.8	2440.3
1375.9	1464
1175.4	2405.1
1074.2	586.78
1088	2444.8
1636.1	2512.9
1526.2	1231.1
1442.2	2383.3
1438.6	829.67
1540.6	1754.4
1042.7	2488.8
1088	2444.8
1088	2444.8
1419.1	712.73
1413.6	766.75
245.42	2661.8
1401.2	728.24
2420.5	2205.6
798.42	2274.2
1374.1	1412.2
1280.1	1944.2
1545.2	1504.9
2081.2	667.02
1186.8	1511.7
1852.3	2318.3
1160.7	1703.9
3350.5	2989.1
449.48	2714.4
1512.9	1265.5
1088	2444.8
1981.9	2480.1
1288.8	2123.9
386.04	1315.4
2378.2	2282.1
2687	2415
1385.8	1392.3
715.62	660.81
1681.6	1703.4
2343.8	716.35
1523.3	1694.8
3408.7	2925.3
2338.9	735.76
2563.7	1916.2
1842.6	2556.4
1088	2444.8
3294.8	2901.2
569.22	1030.9
504.6	2346.7
1199	1808.9
2408.8	2431.2
1290.8	2415.6
1258.2	2468
1450	1110
1111.7	2138.2
1414.3	716.17
1168.1	2363
2980.3	2437
1293.8	1474
3436	2512.1
2809.2	2764.6
1286.6	2160.1
1413.6	766.75
2199.9	2364.5
1487.7	1918.6
1169.9	1972.8
1319.9	1677.8
206.08	2539.5
475.43	654.06
1321.2	1707.8
1319.9	1677.8
1654.2	2149.7
3668.4	2837.4
2157.8	2274.8
1372.7	1541.6
835.11	2909.5
1438.6	829.67
1827.6	2460.3
2098.1	740.4
1280	2066.6
1790.9	2126.3
801.8	599.43
1569.2	2247.9
2032.2	2176.5
2311.5	799.09
1105.7	1365.1
2252.8	2037.7
2771.3	2764.8
1089	2454.6
3716.2	2325.6
1961.9	2472.8
1251	2062
1292.2	2040
1389	1477.5
1163	623.25
3134.7	1884.9
1499.8	2395.9
1409.2	1445.9
297.64	2671.6
1320.9	1723.8
2768.6	2357.3
3496.8	1449.7
872.97	2103.3
1717.4	2007.4
2798.4	2432
1072.2	1898.7
3082.4	2279.9
1304.2	1240.1
268.68	2670.3
2616.7	1848.2
1543.4	2651.8
2386.9	2095.2
2558.9	2567.8
1265.2	1859
1661.1	2608.5
2118.2	2376.1
211.82	867.32
1168.1	2363
1251	2062
2563.7	1916.2
718.97	2341.7
1039.7	1958.4
2445.5	2380
1313.5	1056.5
2798.4	2432
2386.9	2095.2
1073.8	2274.4
1240	2188.2
1822.2	2186.5
1921.5	2410.6
898.09	873.38
2272.8	2445.6
1634.2	2323
2590	2230.5
1088	2444.8
1657.5	2519.9
2798.4	2432
2252.8	2037.7
2825.5	1819.6
2611.6	2375.4
3716.2	2325.6
1434.5	2459.6
402.91	694.99
1735.3	2206.4
2071.1	787.87
2252.8	2037.7
1513.8	1950
1438.7	2688.7
1629.6	1618
2461.6	2408.9
3744.9	2284.1
133.73	1725.6
1431.2	1071.3
1838.8	2433.8
1437.9	2818.2
1150.9	2017.1
1169.8	2049.8
1096.7	2465
1168.8	2069.2
2081.2	667.02
2273.5	2287.5
359.15	2715.3
3113.7	1884.6
1298.2	2621
1557.6	2459.9
1280	2066.6
1545.2	1504.9
1749.5	2564.8
1436.7	792.7
1286.4	1769.9
1197.2	2675.5
1745.4	2163.7
1358.7	1339.7
2800.9	2354.9
1306	1046.8
1304.2	1240.1
1451.4	1100
2794.6	2511.1
2247.7	1157.3
1156.5	2749.7
1622.6	2452.8
2536.3	1919
2925.7	2555.1
