2430.6	2863.4
2104.2	2625.8
1906.8	2528.2
1204.6	2539.5
1970.4	2543.5
1204.6	2539.5
1890.5	2528
2017.7	1584.5
889.87	2609.2
1621.8	1658.1
1041	2400.2
934.93	2219.8
1041	2400.2
932.44	1126.9
1983.6	1593.6
1584	1768.1
2032.9	2338.1
2032.2	2069.7
919.38	1786.9
1680.4	2764.7
1627.6	1541.9
1648.2	1636.5
3613.8	777.21
1648.2	1636.5
1621.8	1658.1
1584	1996.9
1915.9	2499.4
3023.7	1024.2
1680.4	2764.7
1584	1996.9
1915.9	2499.4
1331.5	2276.8
907.1	1775.2
1756.6	2677.9
1417.2	1926
1906.8	2528.2
1331.5	2276.8
1552.3	2529.5
885.28	2608.5
1634.8	2430.9
1343.8	2265.1
1915.9	2499.4
1634.8	2430.9
850.78	2602.8
1341.6	2266.6
2010.4	2449.9
1563.8	2218.2
2174.6	2191.9
850.78	2602.8
2126.1	2540.6
2143.8	2283.5
1009.1	1843.1
1342.2	2236.3
1611.4	1828.1
907.1	1775.2
1883.5	2278.2
2769.4	2512.3
2705.6	1834.8
1736.2	2044.1
2320.3	2559.3
2174.6	2191.9
1759.5	2064.4
2368.2	2335.5
2626.1	2522.6
1743.5	1917.4
2941.8	2312.9
1611.4	1828.1
1756.6	2677.9
1742.7	2044.1
1744.2	2686.2
1848.9	2481.1
2212	2460.5
3320.6	2734
920.4	1106.7
3629.8	1595
2941.8	2312.9
957.88	1045.6
1505.5	2423.4
2205.8	2571.8
2166.1	2196.5
1742.7	2044.1
1341.5	2396
3629.8	1595
1666.8	1716.3
1630.1	2566.3
1775	2452.6
1589.8	1781.6
2705.6	1834.8
3145	2778.2
1271	1768.2
2385.9	2375.5
1775	2452.6
1611.9	1568.8
1052.2	1813
1775	2452.6
1347.2	1848.2
929.45	2527.6
2271.5	2459.8
2348.2	2422.2
1342.8	2330.9
1349.8	2319.3
1611.9	1568.8
924.66	2435.4
2271.5	2459.8
1146.6	2353.9
924.59	2450.8
1759.5	1913.6
895.41	1646.9
1461.1	1740.7
1436.8	2006.8
894.29	1659.1
3638.3	1499.4
2713.8	1337.1
2348.2	2422.2
1832.6	2185.9
1309.8	2595.4
1215.2	2215.3
1839.6	2247.2
849.08	2311.2
895.41	1646.9
2016.6	1559.5
2345.3	2373
1621.4	1859.4
2348.2	2422.2
1698.8	2626
1759.5	1913.6
1545.5	2434.9
2348.2	2422.2
1610.6	2212.2
1610.3	2099.3
1356.6	1858.7
1215.2	2215.3
1058.1	2565.9
2701.4	2830.5
1698.8	2626
1189.8	2201
1447.1	1889
1029	2337.3
1052.2	1813
1418.3	1933.4
2203.3	2096.3
2170.9	2459.9
1744.2	2686.2
2351.9	2422.9
1539.1	2239.3
874.97	1662.6
1215.2	2215.3
2659.1	2837.2
1673.3	2269.4
883.17	1645.8
2348.2	2422.2
1963.3	1537.2
1700.8	1995.7
1777	2114.9
1356.6	1858.7
2201.4	2460.5
2589.6	2389.4
1779.2	2098
883.17	1645.8
1636.6	1896.7
1346.6	2426.5
1730.1	2050
2223.7	2075.9
2174.5	2192.3
2021.7	2651.7
985.82	2868.1
2032.4	1560.7
1744.2	2686.2
1577.7	1788.5
1893.1	2497.3
1669	2110.3
1058.7	1552.4
1611.6	2228.5
1744.2	2686.2
883.17	1645.8
1982.4	2430.3
2651.4	1996.5
1243.6	1910.5
1012.6	2610.3
1684.5	1969.7
2220.7	2453.9
2430.6	2863.4
1841.1	2221.5
1834.7	2193.3
885.49	1634.3
1424.9	1918
1404.4	1928.7
2220.7	2453.9
1052.2	1813
2171	2176
2348.6	2367
1418.3	1933.4
1776.6	2118.5
1636.6	1896.7
840.7	2450.7
840.7	2450.7
1579.9	1785.9
1623.5	2039.8
2172.8	2257.1
1610.6	2212.2
1579.9	1785.9
889.87	2609.2
1627.7	2423.3
1746.9	2730.8
3157.9	2278.6
1891.3	2460.6
882.28	1634.2
1559	2212.4
1533.5	2236.2
1962.3	2429.5
2281.9	2229.6
1765	2310.3
1617	2120.5
2122.6	2304.5
2835.2	1979.5
2906.8	1060.9
1633.7	2409.2
2906.8	1060.9
1440.7	2149.8
1660.5	1739.7
1074.5	1583.2
1700.8	1995.7
1029	2337.3
1068.5	2396.6
1877.6	2505.2
1268	2552.6
1739	2451.7
1440	2148.4
1806.5	2604.5
1569.9	1755.3
949.17	2710
1660.5	1739.7
1700.8	1995.7
2246.2	2422.9
842.57	512.01
2143.4	2305.7
1963.2	2405.2
1424.9	1918
1466	2201.3
1569.6	1928.4
2659.1	2837.2
1074.5	1583.2
1724.4	1858.1
1423.1	1932.2
1680.4	2764.7
1466	2201.3
1173.7	1203.3
1993.2	2464.2
1229	1301.5
1728.8	1919.8
1568.6	1972.4
2164.9	2211.9
1903.6	2356.6
1930.5	2446.2
2003	2406.2
2433.5	2303.5
1417.4	1915.9
1662.7	1725.8
2710.3	1820.7
1080.9	1586.7
1068.5	2396.6
1380.5	2382.1
3469.6	1343.7
2206.2	2103.1
1569.9	1755.3
1412.5	2413.9
1961.9	2440.8
842.57	512.01
1728.8	1919.8
3033.4	2781.3
2198.9	2569.9
1633.7	2409.2
1607.6	1577.9
1080.4	2396.9
1736.1	2062.3
1754.2	1932.9
3231.3	1986.4
1533.8	2244.9
2026.9	2053.7
1973.5	2355.7
1972.7	2356.6
3498.3	2444.5
2127.7	2292
2189.4	2116.1
2114.9	2373.5
1575.1	1822.7
2013.7	2052.5
1899.9	2527.2
1554.4	2248.2
3280.5	2958.4
1097.1	1363.8
1102.8	1352.9
3303.3	1418
1576.3	1743.4
1725.3	2042.8
1662.4	1760.4
1754.2	1932.9
843.01	507.43
842.57	512.01
2351.9	2422.9
2321.7	2166
1297.6	2381.1
989.82	1731.2
970.01	1467.8
2094.4	2307.4
1512.9	1944.2
1607.6	1577.9
1843.2	2221.4
1029	2337.3
1700.8	1995.7
2216.9	2104.1
1793.5	2457.5
2084.3	2372.8
1712.4	1880.9
1922.2	2462
900.11	2320.9
3090.7	1533.7
1621.6	2271.7
842.57	512.01
1942.7	2454.2
2514.7	2010.4
2351.9	2422.9
1617.1	1842.8
1904.3	2314.8
2084.3	2372.8
1523.2	2220.5
1768.9	2101.4
1102.8	1352.9
2229.2	2073
1682.7	1973.6
2552.7	2404.5
963.89	1775.1
2283.1	2410.3
1544.7	2255
2240.5	2411.1
1083	1792.2
2545.4	2219.9
842.61	510.7
1721.2	2014.6
1835.6	2349.4
2027.7	2468.7
1251.8	2202.6
1586.7	1657.2
2031.9	2439.2
1947.2	2479.1
2021.6	2476.7
1688.7	1802.3
1754.2	1932.9
1561.3	1823.2
3582.4	1230.8
1727.7	2018.1
1594.8	1768.8
3477.7	665.21
2375.2	2359
2243.5	2543.6
1549.6	2172.3
899.32	2346.3
1930.7	2462.7
1311.8	2235.5
1736.1	2062.3
2630.6	2363.8
963.89	1775.1
1586.4	1789.9
1186.1	1229.8
2113	2439.8
1704.8	1993.3
2023.9	1569.9
1074.5	1583.2
2630.6	2363.8
1925.4	2310.6
3498.3	2444.5
1439.3	1910.7
1888.7	2281.9
1586.7	1657.2
3469.6	1343.7
1579.9	1797.7
1981.8	2441.6
1643.9	1693.3
1719.7	1866.1
1580.9	2052.5
1173	2294.1
1566.9	1778.7
1058.7	1552.4
2679.2	2468.7
1748.3	2030.5
3407.5	711.12
1761.7	2425.1
1523.2	2220.5
1718.6	1859.8
1566.9	1778.7
899.32	2346.3
1416.3	1921.8
1448.7	2087.7
1776.7	2153.7
3585	1659.2
2631.6	2374.3
1844.8	2221.4
963.89	1775.1
1617.1	1842.8
1101.4	1347.3
1399.3	1907.6
2432.2	2024.6
2250.2	2207.6
1607.9	2323.3
3469.6	1343.7
2116	2493.6
1930.1	2460.2
1544.1	2029
1297.6	2381.1
963.89	1775.1
1095.1	2267.1
1992.4	2352.9
1776.7	2153.7
2011.2	1567
2950.7	1759.7
1297.6	2381.1
1756.9	2418.2
2278	2424.4
3115.8	830.39
1748.3	2030.5
1297.6	2381.1
1576.1	2018.8
2322.4	2151.5
2679.2	2468.7
2613.7	2375.3
2692.6	2518.3
1576.6	1967.5
1657.6	1727.5
1649.7	1920.6
2400.9	2032.1
1237.8	2303.6
2477.7	2434.2
1485.2	1947.8
1551.8	2171
1585.7	1685.4
1642.2	2133.8
2906.8	1060.9
2832.1	2185.7
1643.9	1693.3
1835.6	2349.4
3413.5	1174.6
2665.6	2636.7
1000.9	1799.2
2163.8	2252.4
1623	2069
1463.1	1516.1
900.11	2320.9
3139	2019.9
894.14	999.34
2400.9	2314.9
2003	2406.2
2198.2	2531.8
2878.2	2668.9
2356.1	2359.6
1533.4	1967.6
1058.7	1552.4
1731.6	2386.4
3470.8	1204.4
1381.3	2420.5
2278	2424.4
2100.5	2247.9
1303.5	1561
1554.4	2248.2
1638.7	1914.9
907.24	1672.4
1714.2	1862.7
2211.1	2472.8
1553.6	1955.4
1643.9	1938.1
1810.5	2458.9
1451.4	1922.8
1167.1	1872.4
1699.7	2087.4
1169.5	2242.7
3469.5	1902.2
1622.8	1874.5
1653.8	2281.4
2206.2	2473
1064.8	2260.6
1560.3	2035.7
1228.8	1523.3
2477.7	2434.2
928.64	1670.6
1358.4	2288.9
1566.1	2015.4
1566.1	2015.4
3047.2	2326.6
1623	2069
2041.8	2436.8
957.88	1045.6
1340.6	2293.6
1404.4	1928.7
1716.8	2047
1716.8	2047
2665.6	2636.7
3391.7	2174.3
2776.3	2500.1
1727.2	1934.5
2882.1	1080.6
2041.8	2436.8
1974.4	2407.6
1634.2	1952
1404.4	1928.7
1729.8	2039.2
1426.9	2346.2
2882.1	1080.6
3325.6	1262.2
2882.1	1080.6
1886	2455.3
3571.2	645.89
1767.2	2290.8
1765	2310.3
2278	2424.4
2203.3	2096.3
3582.4	1230.8
1734.4	1929.8
2433.6	2021.3
1623	2069
2618	1948
884.35	1719
1194	2271
1348	2830.3
1297.6	2381.1
911.27	2084.5
2457.8	2037.9
1730.2	2047.9
1406.5	1933.4
1754.1	1960.7
3176.1	2062.4
955.21	1473.1
1165.3	2237.2
1937.1	2418.1
1340.6	2293.6
2356.1	2359.6
1573.5	1811.8
1066.3	2239.9
1485.4	1518.4
1324.9	2386.1
868.19	566.11
1576.1	2018.8
3408.2	815.78
1533.4	1967.6
2319.4	2167.9
814.38	692.08
1657.6	1727.5
1731	1978.1
1057.5	2255.4
1835.6	2349.4
1785.5	2112.2
2248.8	2423.7
906.53	1760
2724.8	1837.1
1464	1520.5
3208	917.1
2193.3	2452.2
1595.1	2070.1
842.79	1692
2162.7	2213.7
1566.1	2015.4
818.18	1324.7
884.35	1719
3407.5	711.12
894.14	999.34
2281.3	2254.9
1756.9	2418.2
2119.9	2301.2
2952.4	1747.3
1414.9	1944.3
1583	1713.5
884.35	1719
1026.2	2435
1993.2	2464.2
814.38	692.08
1026.2	2435
2206.2	2473
1426.9	2346.2
2207	2461.2
2287.4	2180.8
1941.9	2463.1
2206.2	2473
1583.5	1538.2
2248.8	2423.7
814.38	692.08
868.19	566.11
2716.8	1818.5
2628.7	2385.8
1736.2	2044.1
2543.2	1987.7
1751	1937.6
1610.5	2249.8
1546.9	2134.4
2203.3	2096.3
2280	2715.8
1169.4	1477.6
1074.7	1595.7
868.19	566.11
2626.8	2455.5
1026.2	2435
1065.1	2563
2952.4	1747.3
2319.4	2167.9
1530.7	2061.1
2389.5	2021.8
3008.9	1293.4
2455.6	2454.9
2371.1	2423.4
819.85	1314.7
995.7	2235.6
3436.1	1575.8
814.38	692.08
1087.9	1587.7
1325.8	1649.7
3384.9	1037.8
895.09	1018.3
884.35	1719
1547.2	2250.1
832.58	729.43
1041.3	2381.1
2898.3	1042.5
1020.6	1865.1
2356.1	2359.6
814.38	692.08
2140.7	2711.7
1595.9	1577.5
1563.3	1898.1
1913.5	2534.4
1974.4	2407.6
3411.4	1588.6
3469.6	1343.7
1641.7	1685.9
3199.4	2626.1
868.19	566.11
3454.5	895.07
2068.7	2361
1026.2	2435
1369	2514.8
3525.4	1885
1705.1	1880.2
1540.5	1899.6
1828.4	2644
911.27	2084.5
3444	1326.8
1397.1	1688.1
1228.8	1523.3
814.38	692.08
1772	2181.7
1992.4	2440.8
1204.3	2283.4
1492.5	1729.6
1057.4	2701
2280	2715.8
1744.8	1945.3
2114.5	2388.1
1135.1	1896
3132.6	1805.2
2628.7	2385.8
1727.2	1934.5
1532.8	2418.3
1563.3	1898.1
1458.4	2195.3
819.85	1314.7
1919.9	2468.6
1736.2	2044.1
1514.6	2365
1840.4	2347.7
1618.2	2039.6
906.53	1760
1668.2	1956.4
1268.5	2439.8
991.31	1793.3
2270.7	2351
1539.6	2221.8
3490.6	1805
1528.7	1662
1276.8	2388
1430.1	1910
3214.1	1704.7
3436.1	1575.8
1462.2	1765
1749.5	2437.8
1899.6	2515
1462.2	1765
1528.8	2124.6
1684.7	1972.2
1286	2303.1
1983.1	1593.7
1953.2	2468.4
3211.1	1827
2262.2	2194.9
906.53	1760
2133.7	2309.1
2569.9	2098.6
1668.2	1956.4
1568.5	1916.9
2545.4	2219.9
3281.1	2082.2
3469.6	1343.7
1507.5	1832.1
1562.6	2025.1
2440	2047.3
1481.3	1741
1056	1555.4
3629.8	1595
1065.1	2563
2898.7	1042
1557.6	1823.1
1936.4	2467
1462.2	1765
1568.3	1945.7
1430.7	1945.1
3597.3	459.87
3220	989.68
3075.5	1468.2
2438.8	2299.8
3044.7	1190.7
1562.6	2025.1
1540.5	1899.6
1734.5	2090.5
1940.8	2598.9
1622.9	2708.2
911.27	2084.5
3001.9	1742.4
854.39	2053.8
1983.1	1593.7
1263	2494.8
3208	917.1
1642.3	2433.6
819.85	1314.7
899.06	2363.2
2030.6	2445.3
1841.4	2251.4
2195.5	2356.1
1730.2	2047.9
3469.6	1343.7
2030.6	2445.3
2598.9	2359.9
1554.7	1989.7
1555.2	2012.1
3044.7	1190.7
928.64	1670.6
2174	2153
1741.3	1998.7
1561.2	1999.9
3416	1117.6
1493.9	1695.6
2074.3	2378.8
814.38	692.08
2886.1	1115
2599.7	2013.2
1492.5	1729.6
1299.6	2305.9
3138.5	2701.7
1518.3	2526.7
1678.6	1734.7
1462.2	1765
2457.8	2037.9
3012.7	1743.9
1744.5	2380.2
1487.7	1520.9
1801.7	2138.5
1786	2180.6
1923.7	2434.1
2689.9	2422.3
1963.8	2435.1
3293.3	1313.5
1403	1518.1
3597	459.12
1719.7	2001.2
2463.1	2043.2
1462.2	1765
1650.3	2273.8
837.08	741.05
3473.3	1296.4
1518.3	2526.7
1766.6	2442
2451.2	2038
2126.7	2491.3
1209.3	2260.9
2339.2	2375.7
901.94	866.38
3012.7	1743.9
1556.2	1555.8
868.19	566.11
1701.2	2003.8
3021.8	2504.6
1754.1	2158.9
825.96	718.41
3411.1	950.01
3274.4	1527.7
1736.3	1965.4
2035.1	2420.7
3411.1	950.01
1529.4	2411.6
906.53	1760
1100.3	2153.2
1543.8	1915.6
1704	1807.6
2715.4	1300.8
1617.9	2420.1
1585.6	1545.4
1194	2277.3
1487.7	1520.9
1270.3	2420
1462.2	1765
1567.8	1954.8
3490.8	807.74
1450	1863.2
1562.9	1952.2
1027.9	2367.3
1719.7	2001.2
3620.9	822.17
3471.3	2581.6
911.27	2084.5
3325.6	1262.2
1658.7	2120.4
2842.7	1330.5
2224.8	2060.6
2715.4	1300.8
3224.5	1515.3
1414.4	1833.5
1699.6	1819.8
2447.6	2070.2
2715.4	1300.8
1243	1900.6
3001.9	1742.4
1009.6	1830.2
1427.7	2186.6
1555.1	2014.9
1414.4	1833.5
818.18	1324.7
2917.3	1926.1
1487.7	1520.9
3132.6	1805.2
3255.7	2164.5
1445.7	2108.9
1599	1809.9
3250.5	1905.7
1029.5	2372
1598.8	1609.5
2745.8	1293.6
868.19	566.11
1646.4	1955.9
3240	2391.3
3601.8	1210.2
2281.3	2328
2907.3	1995.3
1506.4	1854.3
2300	2564.7
1044.7	2264
1929.6	2455.7
2873.6	1809.8
931.55	2557.9
3396.2	830.25
1322.4	2109.3
1417.2	1926
1440.9	1849.9
3611.1	1099.6
2035.1	2420.7
3599.8	450.11
2268.9	2426.1
1562.2	1872
1346.6	2300.4
1397.6	2421.1
3284.4	1205.5
1597.6	1662.8
1983.1	1593.7
2503.3	2010.9
1321.8	2312.3
1134.7	2258.1
1530.2	2398.1
2839.1	2402.7
3620.9	822.17
1463.3	1725.2
1447.7	1764.6
1481.2	2049
923.83	1675.6
1564.1	1714.5
1031.3	2262.9
1215.8	1265.9
1194	2277.3
2258.3	2353.5
2272.1	2449.9
1493.9	1695.6
3379.1	1405.7
2144.3	2471.2
1421.2	2383.3
1499.8	1667.3
1460.7	1876.1
3281.1	1286.8
856.51	973.24
1625.8	2061.9
2683.1	2240.3
825.96	718.41
3325.6	1262.2
1296.4	2542.3
1397.6	2421.1
1059.2	1138.7
1469.1	2197.3
1286	2303.1
1759.9	2613.3
1427.7	2377.7
1545.2	2209.6
2113.6	2401.1
1027.7	2240
1294	2496.5
2236.8	2401.3
2255.8	2403.6
2387.6	2178.9
1678.6	1734.7
1438.3	1876
825.96	718.41
2882.8	1706.3
1434.5	1834.2
1991.1	2452.7
1646	1951.9
1562.4	1715
1553.3	1845
2888.6	2008.2
2949.9	1967.8
1898.8	2465.9
3606.7	1031.9
3000.5	1741.9
1573.3	1830.1
3537.8	771.25
2199.6	2112.2
2124.3	2414
933.72	1717.8
963.15	1457.4
1044.6	1117
1143.9	1319.1
1193.9	2521.9
1825.9	2192.3
1290.3	1541.5
3376.7	852.94
2183.6	2574.1
3419.7	2124.1
1025.8	2473
972.7	2107
1759.3	2432
1025.8	2473
1499.8	1667.3
1289.5	2895.3
2136.2	2320.1
3056.9	1046.7
1632.8	2114.2
2211.6	2390.6
1235.5	2616.7
1282.1	2297.7
2886.5	2063.2
1561.2	1999.9
1978.6	2605.4
1685.4	2671.2
1530.9	1644.9
2224.9	500.19
1983.1	1593.7
1600.8	1614.5
825.96	718.41
2443.7	2060.3
890.12	846.63
1932.1	2591.8
2400.9	2473.4
3586.4	773.19
2902.6	1915.6
2247.7	2538.1
1500.7	1897.1
1321.3	2447.2
3107.3	1965.5
1937.6	2459.6
1658.7	2120.4
2714.2	2089.4
2689.9	2422.3
3414.1	2022.8
2021.7	2450.3
3419.7	2124.1
1637.6	1877.8
2127.8	2484.7
1704.8	1993.3
1254.4	2293.8
2266.2	2338.4
1995.2	2444.1
2368.9	2497.1
3255.7	2164.5
2268.9	2426.1
2603.1	2419.8
2443.7	2060.3
1532.7	2208.2
1576	1718
1555.7	1502.5
2032.5	2459.7
1487.7	1520.9
1913	2311.1
1923.7	2434.1
1001.4	1046.4
825.51	1702.7
952.07	2665.9
893.8	2534.8
931.55	2557.9
1591.1	1964.5
3012.7	1743.9
1773.2	2188.4
2892.2	1049
3379.1	1405.7
1202.7	2265.6
1289.6	2382.8
1294	2496.5
1595	1876.8
929.64	1674.6
1690.3	1951.6
1898.7	2534.9
1713.3	1872.7
3513.6	826.93
2337.4	2196.7
3503.8	1977.6
3113.7	1841.4
912.69	888.41
845.58	2356.2
3393.5	1395.7
3419.7	2124.1
3484.2	1812.7
1594.2	1664.3
2319.3	2192
1530.7	2061.1
1001.4	1046.4
1804.1	2126.5
2225.3	2055.6
1526.5	2420.1
3601.9	1076.5
1001.4	1046.4
3050	2322.9
834.93	728.3
1594.2	1664.3
1440.8	1761.6
3642.7	426.63
1045.9	2450.6
3396.9	934.83
3357.2	712.98
1722.7	1846.1
1213.7	2494.1
1592.4	1649.4
1445.7	1600.8
1535.3	2434.8
1595.1	1692
1559.9	1917.3
1405.9	1699.6
1560.6	1893.6
2269.4	2207.7
1381.3	2420.5
1268.5	2439.8
3586.4	773.19
1460.7	1703.1
1058.3	2717.2
3431.3	1695.2
2252.1	2402.5
2476.2	2021.5
3371.1	2019.3
1973.4	2436
3277.2	1054.5
1675	1821.8
2048	2491.2
1024.4	2521.3
3592.3	1047.7
3601.9	1076.5
1530.7	2061.1
1672.6	1956.5
1593.7	1693.4
832.58	729.43
1562.4	1715
2843.9	2383
1067.6	1766.7
1048.6	1833.8
3513.1	2013.3
3500.5	2106.4
1638.9	1972.6
2905	1875.4
3183.7	1548.7
2226.9	2417.5
854.39	2053.8
1321.3	2447.2
3545.1	1662.9
1743.1	1979.4
890.12	846.63
2153.7	878.94
1530.7	2061.1
1539.6	2221.8
2853.7	2339.2
1395.2	2832.3
2136.8	2318.1
922.85	1642.9
3200.7	1844
1202.7	2265.6
1461.8	1936.7
1600.9	1583.5
3030.8	1582.5
1452.6	1837
1599.9	2083.3
832.58	729.43
3199.4	2626.1
1344.8	2030.6
3297.7	884.65
2886.1	2013
1101	1121.7
1193.9	2521.9
1592.4	1649.4
1541.3	2397.8
1497.2	1511.8
1855.3	2462.5
2359.8	2333.2
1919.4	2432.8
1597.9	2055.4
1296.1	1605.2
2386.8	2703.1
1599.8	1637.2
1773.2	2188.4
1381.6	2197.4
3547.4	1107.5
1517.8	2413.8
2476.2	2021.5
3415.3	1470.2
1296.1	1605.2
3640.9	1224.9
1929.3	2557.6
1497.7	1763.9
997.99	1476.2
1436.1	2108.1
1995.4	2421
1594.2	1664.3
1564.5	1917.4
2015.7	2045.1
1932.1	2591.8
3200.7	1844
3485	1811.3
1053.2	1536.9
3241.4	732.75
1534.2	1641.7
1471.7	1499.8
3103.2	1934.8
2221.3	2501.8
2050.5	2182.5
1381.3	2420.5
3606.7	1031.9
3393.5	1395.7
908.05	1760.8
1794.9	2178.2
1925.2	2322.1
1744.2	2686.2
1896.6	2465.6
1980.8	2367.9
3510.8	884.2
986.65	1007.3
3352.8	724.47
3417.9	2137.5
1591.1	1964.5
2463.1	2043.2
1004.6	2882.1
2261.4	2218.2
3563.9	1979.3
1548.8	1519.5
3414.1	2022.8
3601.9	1076.5
1566.6	2250.7
1685.7	2616.7
2261.8	2189.7
1913.6	2308.2
3608.8	520.41
3484.5	938.54
1647.8	1938.6
2573.2	2039.5
3465.5	2559
1546.8	2207.2
1759.3	2432
1452.6	1837
3523.3	1314.6
3608.8	520.41
1722.6	2023.2
1466.1	1827.6
1466.1	1827.6
922.85	1642.9
3499.6	1884.2
3302.4	1273.2
3510.8	884.2
1731.9	2076.3
895.15	858.34
3384.7	1412.1
3204	1011.5
1590.1	1747
2136.2	2320.1
1101	1121.7
1025.4	2484.8
2049.8	2434.6
1432.3	2422.7
2288	2217.9
1101	1121.7
3475	721.39
2479.4	2025.2
3404.1	1227
852.36	621.28
972.7	2107
1335.2	2326
1751.8	2410.7
1538.7	2001
1794.9	2153.3
1571.4	1630.5
986.65	1007.3
1450	1863.2
2919.2	1973.1
2964.4	1014.5
2726.3	2335.1
3523.3	1314.6
1628.2	2448.8
3534.2	836.16
1453.1	2363.5
2408.5	2498
2492.8	2073.4
2117.9	1195.9
2877.5	2349.5
1552	2034.4
3393.5	1395.7
1113	2306.7
1528.6	2194.1
2124.1	2372.4
3169.5	2492.2
1766.9	2608.1
1517.8	2413.8
1573.3	1830.1
2277.8	2345.3
1546.8	2207.2
980.23	2873.1
1573.3	1830.1
1459.6	1931.5
1508.7	1710.9
2838.5	2474.9
3200.7	1844
1468.4	1829.8
3323	1751.3
1434.5	1834.2
1701.3	2015
1387.7	2750.3
1483.7	1763
1544.4	2231.3
1571.5	1762.7
2053.6	2423.1
3381	960.69
1927.6	2575
1282.1	2297.7
1365	2704.9
1925.2	2322.1
931.55	2557.9
1919.4	2432.8
3643.5	428.13
3140.5	2748.3
1055.9	1552.5
3132.9	1801
2108.3	1272.7
2100.1	1340
3556.4	504.54
3498.4	1015
2511.3	2016.2
1621.9	2320.3
2619.6	2947
3357.2	712.98
2851.6	2409.4
2250.8	2311.8
2517.8	2377.1
3240.7	1060.3
2843.9	2383
1431.9	2193.8
2931.4	2300.4
3488.3	817.99
1573.3	2412.1
3142.6	2016.7
1435.3	2119.6
2364.5	2352.8
3538	893.59
3300	1338.2
1378.5	2145.2
2479.4	2025.2
3517.8	1886.1
1595.1	1671.8
3563.9	1979.3
2274.2	2178.7
3300	1338.2
1059.5	2505.4
2718.2	2345.8
1685.4	2671.2
2252.1	2402.5
1596.5	1642.3
2224.8	2060.6
1526.5	2420.1
3194.6	2070.7
1554.6	2375
1724.4	1844.6
2104.7	2440.2
3249	974.03
1826.8	2182.1
3133.8	1595.9
1408.7	2370.8
902.84	1368.2
3302.4	1273.2
1573.3	1830.1
1119	1807.3
2265.6	2449.5
1519.1	2269.1
2638.3	2357.7
1968.3	2386.3
898.29	1780.2
2345.9	2355.2
3042.5	1199
3432.8	1320.1
3207.8	2255.9
1812.7	2326.9
1613.5	2183.5
1410.5	2398.3
980.23	2873.1
1129.7	2255.7
3268.4	1061.6
1515.5	2299
2975.3	1360.1
3587.5	692.02
2122.9	2447.7
1563.3	1686.3
2517.8	2377.1
3537.5	1106.6
3368.5	705.62
3587.5	692.02
1579.6	2245
2544	2431.8
1538.3	1992.3
2734.3	1828.9
1804.1	2126.5
1508.5	2383.1
1044.7	2534.2
3642.7	426.63
1734.9	2076.8
1929.8	2599.4
1556.7	1963
1387.7	2750.3
2919.2	1973.1
1365	2704.9
3587.8	471.65
2104.5	2460.6
1730.2	1945
2235.4	2485.5
2171.9	2234.8
1632.7	2540.2
3563.8	1670.7
2014.8	2423.7
1528.6	2194.1
1978	2601.8
3258.9	841.75
2270.5	2403.4
1700.5	2147.6
970.84	1923.3
1561	1838.2
1878	2467.9
2269.8	2405.7
1469.5	1929.3
1515.5	2299
1466.4	2188.3
3528.7	1264.8
3519.1	1126.3
1515.5	2299
2265.6	2449.5
2016	2365.9
1490.1	2300
1983.1	1593.7
883.26	838.04
2707.3	2390.6
3437.7	1643
3575.7	490.23
1101	1121.7
1494.2	1517.6
1907	2541.5
3640.9	1224.9
3188.1	1416.1
1459.6	1931.5
1319.8	1425.3
1432.3	2422.7
2263	2452.9
1490.1	2300
2492.2	2694.5
1525.3	1696.3
2235.4	2485.5
3330.4	861.15
3217.9	1183.1
1387.7	2750.3
1898.8	2465.9
2081.5	2473.9
1464	1824.6
2565.1	2388.2
2137.3	2274.1
1353.7	2313.7
1518.9	1654.9
2510.1	2075
2431.8	2112.3
2735.1	1298.7
3462.9	408.48
896.75	1034.5
1590.5	1719.9
1510.1	2300.3
3465.2	752.37
2384.9	2090
1697	2027.4
1454.4	1733.9
3458.2	533.03
1580	2213.8
3233.9	1115
1804.1	2126.5
3528.7	1299.3
2959.7	1294.3
1378.5	2145.2
953.04	1462.6
1471.3	1836.3
2565.1	2388.2
1300.7	1349.4
1447.1	2142.9
1528.7	1832.5
1543.9	2052.1
1523.2	2235
3492.5	1884.4
1465.8	2053.7
2809.6	2634.2
2991.9	1536.3
1409.1	2366.3
913.28	758.22
3576.2	1225.9
1929.8	2599.4
3634.1	1185.5
1556.7	1963
1920.9	2352.5
2851.6	2409.4
1409.1	2366.3
1272.2	1617.1
1635.8	1680.5
1456.4	2081.6
1508.7	1710.9
2776.3	2500.1
1977.5	2394.3
3537.8	771.25
3326.2	869.25
1415.5	1917.3
3528.7	1264.8
1562.1	1882.1
3290.6	2172.3
2345.9	2355.2
1243.6	2434.1
997.99	1476.2
3371	2047.5
1918.9	2433.2
2894.9	2129.8
2177.3	2234.4
3153.9	1147.6
2262	2182.4
3532.1	650.38
3368.5	705.62
2208	578.78
1435.3	2119.6
1306.7	2077.8
1547.7	2146.2
1637.6	1877.8
1581.5	1755
1528.7	1832.5
1855.3	2462.5
2161.3	2289.3
1855.4	2474.7
1626.7	1575.5
1376.8	2196.2
1751.8	2410.7
3271.2	1012.6
3295.2	1188.8
1485.2	1719.9
3204.7	1411
1417.9	2185.6
3417.3	1902.8
1044	1106.3
1772	2181.7
1725.6	1882.1
1024.4	2521.3
1121.2	2390.6
910.75	2660.7
2626.7	2520.8
1528.8	2402.6
1191.9	1218
1817.3	2287.3
1104.6	1217.9
1573.3	2540.1
1570.4	1850.4
2695.3	2366.3
1457.9	2082.6
1482.1	2284.5
1811.2	2176.6
1494.5	1763.8
1434.9	2131.8
3156.8	1798.4
3420.2	1334.5
3486.9	938.51
3529.9	793.1
3384.7	1412.1
1507.2	1750.2
2838.5	2474.9
1583.5	1528.8
1525.6	1948.9
3601.9	1076.5
1759.5	2450.6
1494.5	1763.8
3607.2	461.25
1574.1	1877.7
3134.1	957.59
3563.9	1979.3
3458.2	533.03
1731.3	2038.4
2784.2	2379.8
2659.2	2129.3
1504.6	1723.9
3350.3	716.8
1387.7	2750.3
3551	715.64
1925.7	2418.2
1649.9	1705.7
1453.5	2082.6
1466.7	2191.2
1463.2	1850
1672.3	1820
1053.2	1536.9
2100.1	1340
1612.9	2319.7
3563.9	1979.3
2581.2	2023.6
997.99	1476.2
2163.6	2268
1630.5	1868.8
2455.8	2062.9
3545.1	1662.9
1405.1	1856
1415	2391.9
1607.7	2348.6
3629.8	1595
3596	469.3
1577.5	2614
1483.7	1763
3419.1	1443.8
3587.5	692.02
818.18	1324.7
1563.3	1686.3
1491.4	1930.1
1583.5	1528.8
1610.8	2882.2
3604.7	1816.7
1053.2	1536.9
1443.7	1868.8
3576.2	1225.9
1081.2	902.55
1429.9	2143.4
3156.8	1798.4
2053.2	2477.1
1101	1121.7
2519.2	2448.2
2899.1	2406.7
1505.4	1765.9
1536.1	2336.1
1596	1671.1
3517	1139.1
1489.6	1887
3134.6	1464.9
1685.4	2671.2
1562.1	1882.1
1485.2	2126
1562.1	1882.1
1640.9	1906.1
841.34	2319.8
3414.2	1160.4
1831.8	2640.4
1831.8	2640.4
2635.4	2448.6
3543.6	1149.7
1011.1	1726.8
3153.9	1147.6
3262.6	1305.1
1452.3	1705.1
1574.6	2137.7
1426.4	2565.2
1554.3	2085.4
3609.4	1819.8
1492.5	2266.6
1306.8	2320.7
1908.2	2328
2953.2	1972.6
3414.2	1160.4
1502.4	1724.4
2602	2039.2
3489.8	1329.2
3594.1	936.84
1515.5	2299
2075.6	2421.3
3413.5	1174.6
1429.9	2143.4
1990.5	2457
3411.9	944.07
1337.3	1406.2
2735.9	2028.3
3604.7	1816.7
3555.2	1249.9
2945.6	1035.3
1577.5	1692.2
1790.7	2138.5
3563.9	1979.3
2778.9	2046.2
819.85	1314.7
1546.3	2066.3
1455.2	1822.7
3528.7	1264.8
1299.3	1453.3
2723.3	2299.1
1570.3	1656.9
3367.7	845.66
3561.4	2032.8
1526.5	1739.1
3280	1325.3
1697	2027.4
3368.5	705.62
1503.2	1698.4
1466.4	2188.3
3509.5	809.57
3369.9	854.76
1573.3	2540.1
1367.1	2189.8
1555.7	2202.3
2907.3	1995.3
3561.4	2032.8
2865.1	1740.1
2206.5	2251.5
2495.2	2030.4
3414.2	1160.4
1760.3	2027.5
953.04	1462.6
1015.1	957.44
3323	1292.4
1488.1	2361.1
1633.9	1589.6
1730.3	2024.7
1482.1	2284.5
3313.8	1094.8
1545	2271.2
3519.1	1126.3
1272.7	1778.8
2732.1	2135.3
1582.7	2250.9
2150.4	2480.3
1672.3	1820
2132.7	2305.2
3426.4	1933.6
2895.5	2009.3
1047.6	2145.1
1505.6	1776.3
3268.9	1048.2
2235.4	2485.5
1559.8	2023.5
3457.4	1087.9
2207.3	2430.3
1931	2323.2
1462.9	1712.6
3543.6	1149.7
1502.4	1724.4
2166.1	772.96
2941.5	1052.8
2184.8	2308.7
931.55	2557.9
1562.1	1882.1
3483.9	741.02
1196.5	1471.7
1024.6	2222.1
2240.8	418.65
3461.7	1005.4
1468.6	2985
2308	2190.7
910.75	2660.7
931.55	2557.9
3493.3	2497.5
1429.3	2147
3453.6	907.75
3591	1547.1
993.76	2375.7
1598.7	1644
3211.9	1255.3
2382.7	2399.7
1214.3	2520.7
2812	1843.3
997.92	1749.9
2653.2	2301.3
1617.7	1916.9
1455.2	1822.7
1951.9	2444.8
1490.1	2300
1369.3	2013.3
955.66	2320
2635.4	2448.6
3607.4	540.71
3463.2	788.45
1195.9	1466.3
1536.8	2194.8
3459	534.19
3569.3	405.61
3369.9	854.76
3176	2340.9
2257.4	2371.8
1456	1857.4
1924.1	2450
2403.7	2081.7
1738.2	1929.7
2818.6	1776.9
1530.9	1900.2
1625.4	1556
1976.6	2419.6
2615.2	2024
2628.3	2423.6
2638.3	2357.7
1561.1	2233.8
3593	390.85
818.18	1324.7
3134.6	1464.9
2179.1	2292.6
3156.8	1798.4
2192.2	2289.7
1977.2	2370.7
3382.3	1957.1
3576.8	1523.9
1270.3	2420
1300.7	1349.4
2899.1	2406.7
3594.4	507.49
1583.5	1528.8
3508.6	1969.3
1358.4	2330.4
2511	2452.6
2937.5	2095.8
1513.6	1682.9
988.97	2868.7
2899.1	2406.7
2865.1	1740.1
1607.5	2475.6
2164.8	2564.3
3171.1	1557.7
1481.8	1929
3407.6	906.59
1028.2	2685.2
3508.6	1969.3
2097.5	2365.9
2147.4	2389.7
2060.7	2556.3
3542.5	1071.9
1092.8	2498.4
2581.2	2023.6
1087.8	907.99
1596.4	1785.2
1931.4	2387.2
1358.4	2330.4
1938.8	2430.3
3436	1648.4
3477	685.09
3351.2	706.39
1499.1	1841.4
3592.9	979.28
3413.5	1174.6
3511.9	839.35
2428.6	2047.3
3563.9	1979.3
2495.2	2030.4
2919.6	2106.9
1971.6	2461.9
1577.5	1692.2
988.97	2868.7
1447.7	2145.2
3587.5	692.02
3206.2	1491.1
2253.4	2554.6
2277.1	223.99
3510.8	884.2
1607.7	2263.3
916.59	1664.3
3411.2	1251.9
3608.8	520.41
1909	2396.6
3627.7	1189.8
1358.4	2330.4
1555.7	2202.3
2968.7	1606.3
1607.1	1884.9
3421.2	2014.8
1894.5	2299.9
2061.3	1559.9
1519.9	2239.6
3339	821.46
3627.7	1189.8
893.3	2787.1
3418.2	2144.6
3595.1	1109.6
3339.8	822.24
2806.1	2689.9
1756.6	2450.7
2779.6	2414.4
1035.6	2707
3458.3	594.26
1583.5	1528.8
3428.5	1907.1
2742	1623.5
2857.7	2351.1
988.97	2868.7
1877.4	2456
2922.3	1488.1
3237.3	1020.2
3301.7	1313.1
1492.5	2266.6
2127.2	2281.8
3579.3	725.61
931.77	2884.3
1361.9	2980.8
3126.7	1269.1
2110.9	2485.4
1528.7	2121
1059.2	1138.7
992.2	1713.4
2345.9	2355.2
3564.3	1901.6
1047.6	2145.1
1930.8	2598.1
2707.4	2371.4
3460.8	626.55
1530.9	1900.2
1643.9	1938.1
2200.8	578.72
1577.5	2614
3634.7	434.51
1557.8	2234.3
3499.9	1324.3
1513.6	1682.9
3204.7	1750.1
1137.4	2213.8
2735.9	2028.3
1552.4	2355
3593.6	997.56
1931	2323.2
1572.9	1682.7
3587.7	717.95
991.84	2867
3188.1	1416.1
1544.2	1823.5
3096.4	2220.6
3437.7	1643
988.97	2868.7
2246.2	2422.9
3396.8	833.51
3496.5	856.8
1494.3	2423.3
2913.1	1046.3
2628.7	2404.3
1519.9	2239.6
3375.7	1737.7
3209.4	1397.6
3407.6	906.59
3604.7	1816.7
2857.7	2351.1
3422.9	997.8
1738	2435.6
1592.3	2167
2002.8	2425.9
3407.8	1039.4
3347.9	1752.2
1472.3	2290.2
3417.9	874.18
1499.1	1841.4
931.55	2557.9
1952.7	2454.7
3560.1	1547.6
1722	2560.2
1562.1	1882.1
1397.5	1867.8
2158.8	816.56
2893.7	2059.6
1918.4	2333.9
1613.5	2183.5
2657.2	2306.6
1631.9	1573.1
2709.9	2371
1952.9	1595.4
1518.4	2590.1
1081.2	902.55
3423.3	1592.2
1514.9	2394.1
2954	1034.1
2668.8	2620.1
1583.4	2360.3
2893.7	2059.6
2899.1	2406.7
2936.1	1183.7
2302.9	2550.1
3187.1	1701.6
1613.3	2281.4
2265.7	2357.4
2391.6	2059
3260.6	1764.5
1738	2435.6
1505.2	2171.5
2899.1	2406.7
1613.9	1558.2
3434.7	681.73
1573	1857.1
1956.8	2464.2
1505.2	2171.5
3566.6	1569.2
1261.1	1397
3559.9	1291.1
1471.7	1499.8
1972.5	2419.2
3216.6	1071.8
1496.8	1863.4
2985.1	999
1814.1	2597
2638.4	2323
3142.6	2016.7
1525.5	2400.4
1453.5	2082.6
2201.1	585.75
1526.6	2403.5
3315.7	754.56
3459	534.19
1436.8	2006.8
2983.4	1749.3
1124.5	2737.6
3097.5	1905
1932	2456.4
2082.6	2388.6
1464.4	1869.6
3088.9	1150
3457.4	1087.9
1555.7	2202.3
1311	2296
2209.8	576.45
3420.3	636.19
3513.9	1991.8
3470.7	1869
2628.7	2404.3
2079.6	2422.3
1617.9	2420.1
3338.9	1246.9
1457.5	1841.8
2862.6	2064.1
1625.8	2442
3611.1	1099.6
1300.1	1518.3
3550.9	1132.5
1237.8	2303.6
1492.4	1865.5
1525.3	2271.2
1486.3	1909.3
1529.2	2197.2
1930.8	2598.1
3575	1294.4
3445.4	1350.4
1732	1876.9
1434.9	2131.8
1562.1	1882.1
2002.1	1563.1
1624.8	1962.9
3096	2310.6
2733.6	2023.5
1975.7	2376.8
2818.6	1776.9
2438.3	2827.2
3217.9	1526.3
2166.1	772.96
931.06	2807.9
1013.4	2210.1
2868	2024.5
1417.2	2181.5
2360.3	2193.3
3594.2	953.94
1569.7	1740
1467.9	1971.8
1506.7	1667.5
3394.5	1577.7
1709.2	2256.6
1238.4	1933.5
3489.8	1329.2
3323	1292.4
3564.3	2149.5
3543.3	1482.7
2772.9	1659.6
3555.4	1138.6
3588.9	1281.3
1704	1840.8
1147.4	2249.3
3376.7	852.94
3217.5	1252.5
1545.2	2050
2114.3	1194.9
2637.6	2397.2
2983.4	1749.3
1918.8	2401.1
1680.5	1843
1893.6	2472.4
3575.7	490.23
1652.1	1760.7
2973.5	1949.3
3471	643.83
1592.3	2578.8
2628.2	2403.4
1683.1	2576.5
2180.3	2598.8
3585.1	1185.9
1165.8	1637.1
3337.8	1755.3
2097.5	2365.9
3545.8	656.49
3145.8	945.18
1559.8	2023.5
3567.3	1841.9
1408	1961.8
1952.9	1595.4
1623	2473.9
2495.1	2010.6
2266.1	2434.4
3204.7	1750.1
1617.9	2420.1
2716.8	1818.5
3179.8	1050.1
3499.9	1324.3
1956.8	2464.2
1004.6	2882.1
3594.2	953.94
3376.5	1743.9
956.23	1454.5
3418.6	1167.3
1806.3	2339.5
2684	2242.3
2236.9	2104.1
1366.8	2125.2
2688.1	2323
3578.4	419.6
1611.7	2240
3319.6	1876.9
1580.7	1693.5
1749.7	1878.4
3465.2	752.37
3528.7	1299.3
956.23	1454.5
3204.7	1750.1
1563.4	1835
988.97	2868.7
2178.9	2257.8
1528.8	2402.6
2150	2194.7
3387.5	1389.7
1447.7	2145.2
1749.7	1878.4
2277.1	223.99
1521.4	2231.4
1656.7	2577.2
1688.5	1882.5
2225.6	2578.7
3306.9	1091.8
3634.7	434.51
1937.6	2331.9
2299.3	177.59
902.84	1368.2
3609.4	1819.8
1087.8	907.99
2147.4	2389.7
2095.7	2422.2
3081.7	2486.7
3407.8	1389.9
3210.2	1396
1554.3	2085.4
1244.1	2286.9
2476.2	2021.5
1541	1845.1
3366.3	620.87
3437.9	1326.2
2131.2	1020.4
3540.4	1262.8
1688.5	1882.5
1455	1770.1
1404.4	1928.7
1749.7	1878.4
1563.1	1614
3588.9	1281.3
3471	643.83
2262.6	2156.9
3411.5	1063.1
3185.7	1543.8
3337.2	632.24
2620.5	2361.4
3394.5	1577.7
2218.2	490.97
1692.6	2391.1
3217.5	1252.5
1238.4	1933.5
1679.9	1771.9
3325.1	1020.5
1527.2	2240.1
2256	310.59
3161.7	1392.7
3579.3	725.61
1502.2	1721.3
3287.8	1021.5
1272.7	1778.8
2262.4	329.11
3623.5	746.57
2805.8	1938.7
988.97	2868.7
3599	722.07
2287.2	224.44
3357.4	770.27
1047.6	2145.1
1642.8	2436.9
1666.4	1871.7
2299.3	177.59
2850.8	1213.9
2847.1	2486.1
992.26	2534.1
3600.2	384.37
3301.1	1240.9
1642.7	2451.1
2875.9	2208.4
1722	2560.2
3171.1	1557.7
1752.9	2207.5
3427.6	727.15
1660.4	1755.9
3563.9	1979.3
2495.1	2010.6
1582.8	1636.6
1028.2	2685.2
3267.6	1374.8
1365	2704.9
1081.2	902.55
1561	1838.2
3268.3	1621.7
1478.2	1706.1
3427.6	727.15
3567	1488.6
1925.8	2441.5
3171.1	1557.7
2498.3	2700.4
3634.7	434.51
3423.3	1592.2
1434.7	2192.7
2224.6	2227.8
3430.2	668.89
1491.4	1930.1
2184.8	2308.7
1471.7	1499.8
1018.2	2526.2
2310.9	2182.2
2906.9	2300.8
2409.9	2300.7
3306.9	1091.8
1381.6	2197.4
1443.7	1868.8
1738.3	2076.5
1455	1770.1
3429.1	426.08
1618.5	1740.3
3316.9	1280.6
2226.2	2048.8
3110.3	979.42
1528.7	2121
1381.3	2420.5
1557.6	1806.1
2733.2	1293.9
2174.6	2191.9
1661.8	1929.9
931.06	2807.9
2147.1	2397.1
3355.2	2091.1
1087.8	907.99
1742.8	2240.2
1679.9	1771.9
3554.7	1549.5
2428.6	2047.3
1438.7	1897.4
1614.4	1793.7
1056.6	2243.1
3595.2	1596
3489.8	1329.2
1472.3	2290.2
2208.6	579.56
1255	1533.8
2022.2	2537.1
888.78	2300.2
3454	523.25
3513.9	1991.8
2299.3	177.59
1684.7	2371.9
2363	2371.4
914.13	1666.6
1081.2	902.55
3306.7	1692.2
3482.9	1351.6
3558.6	1849.7
1402.4	2383.2
1990.8	2061.9
3427.5	1588.1
3347	758.23
1924.6	2397.6
1756.6	2677.9
3201.7	1819.5
3371.3	1704.9
2735	1671.2
3204.7	1750.1
2203	2344.6
3284.7	1051.3
1231.4	2536.2
3597.7	399.52
2172.8	2257.1
3599	722.07
3337.2	632.24
2581.2	2023.6
3306.2	1631
2723.3	2299.1
1089.7	1565.1
3508	1905.5
1552.9	2301.5
2299.3	177.59
1889.2	2271.1
2581.5	2458.4
3454.7	547.33
1354.3	2526
3351.3	653.01
1779.8	1988.5
1472.3	2290.2
1381.6	2197.4
1219.7	2837
3400.7	1084
2302.9	2550.1
1617.9	2420.1
1037.5	2669.9
1340.8	2704.5
1994.1	2338.1
1445.5	1824.5
1434.5	1868.4
1746.8	1921
1756.1	1903.7
2183	2260.8
3617.1	463.73
2913.4	1740.1
1660.4	1755.9
3555	533.1
3639.5	1006.6
1523.2	1810.1
3493.3	2497.5
1193.9	1712
2893.7	2059.6
3357.7	1232
2636.3	2030.2
1145.3	1270.6
1426.9	2346.2
1024.6	2222.1
1523.2	1810.1
1587.3	1745.3
1521.4	2231.4
3376.5	998.12
2944.5	2282.8
2180.3	2598.8
1046.7	2474
991.84	2867
2458.8	2076.4
3325.1	1020.5
2203	2344.6
3593.6	997.56
3006.8	1677.9
3377.1	1600.1
