1027.5	2733.5
911.81	1073.7
860.79	947.32
3201.2	896.49
2064.3	2196.4
2978.2	2564.6
871.06	2451.9
2882.3	3061.5
1408.7	2104.2
1408.4	2104.5
1893.3	2515.9
451.01	2803.7
2951.2	3080.1
2068.8	2260.5
905.8	2463.8
450.48	2803.6
1757.5	1814.4
435.99	2779.4
1714.4	1934.4
2911.1	3166.1
3765.6	286.5
1438.4	2650.3
716.73	700.88
3002.4	2783.9
1809.1	620.95
1119.1	2248.6
1879.1	2519.3
3971.3	2412.7
1650.6	2593.7
1568.7	2321.7
1385.2	1889.1
2039.9	2009.8
1477.5	1827.7
1101	2921.5
1091.2	2917.5
1826.3	2006.8
2218.7	2227.6
1441.8	1789.2
1066.5	2277
4003.4	2544.2
1720.2	2478.3
1062.8	2363.1
2215	2206
1514	2487.2
2861	3137
2414.4	2463.6
1761.1	2459.8
2073.6	2473.3
687.25	2317
1570.8	2345
1344.6	2016.1
1826.4	2007.5
2428.9	2464.5
475.95	2824.3
4005.4	2544.9
1569	2346.5
2230.7	2158.6
1391.5	2047.2
1830	2011.4
638.81	3184
1030.4	1789.9
1036.5	806.28
1433.7	1926.7
1578.5	2170.2
2160.1	2536.4
2100.3	2477.1
1686.1	2678.2
893.07	2248.8
1466.4	2511.5
2429.2	2462.6
1849.2	2361
1128.8	2847.6
2128.3	2460.2
1579.1	2142.8
2229	2168.6
1433.2	2073.2
2242.7	2142.5
1075.1	2268.2
1863.8	2309.7
1837.3	2541.2
578.07	1326.2
1344.4	2016.7
1843.2	2008.2
3616.2	483.28
1870.3	2452
2862	3135.7
3006.7	2425.6
427.59	2764.9
1075.6	2266.5
3860.9	117.43
423.27	2761.6
1235	1940.4
1539.8	2151
1584.5	2288.6
1922.3	2565.5
1583.3	2288.1
1870.5	2451.4
1401.6	1744
1828.7	2122.4
1136.5	979.25
2317.8	2455.5
917.72	1703.8
1712.1	2478.3
708.26	707.63
349.5	1500.4
773.06	1594.7
2212	2231.7
1579.9	2144.3
1242.3	2603
2193.6	2309.3
2209.4	2231.3
1071.1	1568.6
1730.7	1774.3
1234.8	1941.3
1605	2093.8
1746.4	2475
3857.4	283.59
2211.3	2231.4
1391.6	2047.7
772.84	1594.7
133.89	717.01
1170.2	1894.2
134.2	715.98
3482.9	2505.1
1297	1804.6
963.16	2151.1
2496.9	2899.1
769.41	661.33
2322.9	2396
1279.8	2313.2
2060.5	2448
1724.5	2006.3
2214.1	2216
1280.5	2314.9
1834.8	2121.3
2476.5	2225.2
730.21	3481.8
1493.4	2311.3
1512.5	2317.2
848.16	2120.6
2323	2397.1
470.16	2841.8
1577.3	2135.7
1711.3	1952.8
2258.7	2380.6
1871.8	2428
2252.6	2403
1872.5	2531.2
543.25	1535.1
848.6	2119.8
2243.6	2145.6
549.95	394.61
1551	2029.5
1858.6	2351
1279.4	2313.4
2207.8	2230.3
1582.7	2285.7
2427.4	2415.2
1815.7	2346.9
1596.8	2085.9
1559.6	2101.6
383.43	1022.1
2197.7	2262.4
3811.6	206.48
2172.2	2329.2
491.29	2160.9
2056.9	2491.9
2259	2381.4
1551	2029.8
1521.5	2143.4
3421.1	2266.5
973.25	2160
1291.7	1334.6
4049.2	2756.3
2255	2149.3
2022.4	2446.2
2214.9	2217.8
1501.5	1985.7
730.97	3479.7
990.62	1477.9
990.26	1477.7
815.82	873.76
1759.1	1807.7
1640	2322.6
1291.1	1331.6
3731.5	2589.6
3421.4	2265.5
1432.3	2110
3728.1	2588.5
1574.4	2129.9
1858.3	2177.5
2365.9	2473.7
3654.3	538.01
97.408	2482.7
2209.7	2245.6
1493.6	2311.5
491.72	2160.4
1788.5	1921.8
2900.7	2783.4
1458.5	2448.3
1217	2275.2
3512	656.02
1072.5	1173
1858	2178.2
362.73	1488.2
783.26	816.59
948.27	1676.7
2404.9	2128.1
3860.7	283.2
1343.6	2674.3
1420.5	2511.9
1788.6	1940.1
2136.2	2449
1636.9	2068.9
51.453	82.3
4338.8	2157.2
1576.2	2445
4339.1	2156.2
2315.3	2455.3
672.04	611.06
1469	2131.7
1788.4	1921.8
2215.1	2218
2014.3	2557.5
2408	2457.1
1719.3	2283.1
635.06	536.76
1239.9	1286.3
1848.8	2165.7
783.04	815.76
3302	2800
1704	2098.4
1421.6	2076.7
1003.8	856.33
1639.1	2279.3
3519.2	678.19
2301.5	2455
51.956	82.528
2408.1	2485.3
1121.2	1077.7
2069.4	2467.1
4481.9	570.86
51.82	1797.5
973.13	2161.3
1913	2263.2
1719.8	2283.6
1911.5	2263.2
1848.7	2166.1
2278.7	2134
782.69	811.44
3644.5	431.39
2275.9	2135
2948.2	1511.1
2042.4	2479.8
2304.9	2275.1
1743.4	2143.2
1174.7	1687.7
2207.8	2247.9
2910	2278.5
3527.3	667.17
2081.3	2473.4
4797.9	306.36
2273.5	2136.9
1849.1	2195.9
87.991	2418.5
581.7	2007.9
3473.1	2488.5
4296.9	2211.3
2404.7	2128.6
1238.7	2719.6
954.29	2153.5
1458.2	2099.5
1749.4	2496.9
1825.7	2137.8
2043	2422.9
681.9	1808.6
2912.6	2247.8
1550.3	1858.2
2948.7	1511
1077.1	997.44
3473.5	2488.7
3484.9	2487.8
1458	2098.9
3067.4	1618
668.23	1375.8
3278.6	2261.8
1721	2287.2
2244.8	2132.3
3180.9	2029.9
2078.3	2492.9
587.96	2615.5
1703.9	1924.8
2473.4	2884.7
3066.8	1618.5
880	1692.5
2399.7	2372.5
481.69	179.78
1966.6	2338
1325.9	2235.5
2848.5	3121.1
1095.3	1133.2
1766.8	2499.1
2144	2532.3
2965.6	1901.9
480.7	193.64
2301.8	2258
1771	2173.2
1703.7	1924.6
176.3	2529.2
836.27	2107.3
2900.7	3066.5
2861.2	3107.1
907.29	2140.5
2135.8	2458.8
2127.8	2555.8
1493.9	2361.7
1839	2026
2032.8	2374.8
2575.4	1611.5
2701.7	1772.4
1992.2	2446.4
1084.6	1580.4
1750.3	2496.4
1184.1	2305.5
2283.7	2213.4
3736.9	334.48
435.84	19.039
57.44	1802.5
2348.5	2250.1
382.76	1010.3
1250.5	2318.6
2033.4	2373.9
1907.1	2238.4
1281.2	1789.4
1313.7	1976.2
761.78	2094.4
1715.3	1954.2
3092.5	2745.9
1712.4	2453.8
2482.2	2915.2
1184.3	2305.1
421.24	2688.9
406.35	1168.2
2428.6	2448.9
1054.6	954.4
2932.4	3072.8
1007.8	767.05
3850.1	143.63
3084.7	2525.4
1099.4	892.93
2581.7	2023.9
2900	3065.3
1823.5	2137.1
2332	2200.1
2033	2372.4
3529.7	2534.7
635.62	551.49
2472.9	2884.2
1493.3	2108.8
1674.2	2295.5
911.32	2150
1796.5	2084.8
2701.6	1772.3
218.11	939.17
1992.6	2478.5
1742.7	1986.2
2167.3	2401.5
2425.8	2474.1
2317.6	2409.9
1728.8	1789.6
589.67	1645.8
2098.5	2457.7
2072.3	2481.3
872.74	1345.9
1727.6	2005.7
3163.4	1968
2247.2	2255.3
3834.7	225.15
911.25	1688.9
1830.3	1994.1
1028.5	1746.1
1340.5	1637
1775.9	2058.1
1680	2245.6
2512.6	2914.3
2411.9	2481.5
4760.7	3133.4
2178.4	2317.8
1982.8	2485.9
2579.3	1998.4
2301.5	2272.9
4761.6	3135.6
4287.8	2195
1302.4	1951.6
4791.9	3012.3
1514.3	1667.2
873.52	1345.8
1228.2	1158.2
3473.2	2516.8
361.44	2334.6
409.47	3150.7
2926.2	3083.6
1915.4	2263.1
3690.3	2483.7
4109.6	1267.8
1736.5	2315.2
3152.5	2922.3
1689.1	2086
2190.1	2325.7
2051.1	2371.6
3595.2	1231.6
4013.4	1311.7
3623.1	1519.6
2814.2	2369.3
1117.4	3184.8
3210.4	2946.1
1694.9	2255.3
81.235	126.42
1695.3	1927.1
1822.1	2023.5
1028.7	1746
504.98	1244.7
1719.4	2268.3
1816	2028.3
1870	2178.8
1714.6	2377.9
2158.8	2281.5
1694.2	2256.8
1700.9	1942.9
4117.8	2547.1
4121.4	2693
1732.8	2473.5
2059	1051.6
1727.2	1786.6
4110.6	1267.1
2959.6	3138.8
1694.9	2257.5
4175.1	2377.3
2084.6	2484.8
1534.3	1701.6
3762.4	2448.2
957.97	1442.1
3707	479.82
1576	2490.2
905.3	236.35
1870.4	2178
1528.4	2124.3
1356.3	2339.1
1690.1	2462.7
2089.9	2457.9
1008.9	556.93
1857.1	2201.1
1702.5	2099.1
4013.9	1310.5
1425.2	1917.8
1715.4	2104.9
419.43	2526.4
1509.1	2104.9
958.31	1443
2166.2	2456.1
2413.7	2182.6
919.74	728.37
1811.4	2217.7
99.501	1810.6
3442	1306.3
1699.9	2111
1509.1	2104.1
1419.1	2266.1
81.188	130.26
255.53	2368
2902.6	3077.4
1694.8	2321.4
3153.6	2921.8
823.8	2109.9
2041.6	2457.3
1718.7	2385.8
3868.3	282.36
1506.9	2092.5
1984.7	2478.8
929.73	2515.4
4539.3	1435.6
1988.3	2333.7
2090	2455.8
1495.9	2367.8
2707.5	1702.1
3409.8	2234.1
1523	2114.1
2493.8	2861.5
1819.9	2212.1
2265.1	2148.1
603.39	2320.4
1823.6	2212.2
888.74	1880.9
2878.1	2720.6
1527.1	2166.1
1891.9	2476.7
3620.4	569.12
964.78	2142.3
1681.9	2088.3
3225.6	1496
4122.3	2693
954.37	331.86
618.25	1471.1
955.89	333.29
2093	2438.2
909.63	2418.9
3244.2	1811.3
690.4	639.55
1216.8	1234.1
1025.2	1776.1
3934.2	1552.9
2051.6	2456.6
1324.3	1979.7
147.69	1035.6
622.37	213.12
568.46	12.444
2688.3	2066.5
1793.5	659.23
1289	2026.4
323.67	2323.7
468.62	2948.6
2309.7	2315.8
1765.7	2505.1
1917.7	2282.5
2311	2212.7
1726.3	1799.1
1696.1	2315.7
1827.9	2133.7
1886.8	2534.8
3207.1	2947.8
769.11	963.89
3620.4	567.6
396.97	1934.1
3781	2365.8
1704.9	2072.5
1836.2	2028.4
1715.4	2056.6
2082.7	2450.9
3183.1	2001.2
1713.6	1906.6
1775.1	1876
1708.3	1914.5
1730.4	1897.6
1325.6	1983.1
4011.5	1659.2
2496.7	2926.3
1842.5	2318.9
2309.1	2315.7
1594.9	1937.5
3781.2	2366.1
879.01	2238.3
798.43	730.71
1797.7	662.62
3429.9	2603.9
3703.9	1128.1
1691.1	2315.2
1828.8	2136.6
801.95	1686.2
1045.7	2122.4
2313	2395.8
1764.9	1886
798.21	730.2
986.43	1731.1
2442.2	2191.8
939.41	808.33
1261.9	2225.1
1775.7	2051.1
2501.2	2908.4
1880.1	2453.5
2017.8	2484.7
597.17	2019.4
726.63	1391.1
2650.1	1470
1694.8	1927.8
2148.5	2327.6
3668.1	2441.5
4226.2	1419.1
2417.2	2475.2
1787.8	2461
2018.5	2485
2276.2	2153.9
2276.2	2596.3
3908.4	155.87
2606.7	2258.3
1255.2	1942.8
2090	2466
4210	1419.8
2267.9	2559.2
1796	2317.8
638.39	2599
1375.3	2018.1
1780.1	1882
275.19	2133.2
4653.1	2724
1951.3	2307.5
1685.3	1764.8
1695.7	2316.4
4031.3	1670.6
728.29	450.9
3331.9	1845.6
2840.1	1609.8
3947.6	2223.6
3265.5	1725.3
2841.6	1609.8
3130.8	1002.2
1787.8	2458
2412.3	2181.7
1581.6	2434.3
1052.7	513.83
2270.8	2298
2106.3	2365.6
3427	1335
1687.8	2047.9
1684.8	2191.8
1023.5	1776.6
1819.6	2125.1
2634.8	2366.9
4549.9	2360.7
1679	2328.4
1731.4	2015.3
271.42	2130.3
3041.6	1230.5
964.66	2472.2
1572.3	2489.6
268.89	2130.9
3376.7	1919.4
2566.4	1607.9
1527.4	2470.6
3088.8	1916.8
1526.4	1874.4
3582	1727.9
43.599	2621.8
2441.5	2411.7
1998.2	2482.9
3256.9	2069.4
909.6	2418.4
1271.2	1943.6
1621.8	2273.6
1549.5	2167.3
1706.9	1969.5
1383.9	2071.5
1688.9	2367.9
1901.3	2268
1688.5	2367.1
632.84	2308.3
3035.5	2260.9
1031.6	1768.2
3758.7	1619.3
590.9	1629.6
3006.7	2294.2
1509.1	2479.8
2877.9	2719.2
1804.8	2330.8
1192.3	2388.8
1708.8	1962
571.31	2289.6
3061.4	1270.5
987.84	1814.8
863.62	904.78
2082.4	2450.9
1824	2161.5
590.47	2266
1052.1	1675.5
2052.7	2425.5
1224	1972.6
2443.1	2411.2
3041.4	1231.6
1751.2	2461.8
89.326	2499.7
2606.6	2258.4
1522	2131.8
2589.6	1987.1
1677.1	2354.6
2300	2232.5
639.21	1408.3
1527.2	1856.3
1142.1	1847.8
1687.4	2368.3
1238.3	1399.8
2167.5	2393.2
2171.4	2516.1
1562.2	2668.9
1828.3	2098
2139	2390.8
1729	1895.1
417.65	2790.1
1478.6	2337
1401	2348
928.67	2512.6
2442.4	2191.2
96.819	1782.7
1686.3	2049
3337.7	2748.3
1455.7	2279.3
4380.5	2238.7
1524.1	2117.5
3204.6	863.8
1262.3	1563.8
1679.1	2038.9
1751.4	2462.1
2270.7	2116.7
630.18	2025.4
1555.1	1895.5
1715.6	1943.5
2425.3	2198.1
3037.5	2260.4
2371.2	2351.8
3149.9	1932.8
3267.1	2802.9
2182.6	2434.7
588.68	57.429
1833.3	2298.9
356.88	1926.2
2047	2362
1819	2288.5
2099.7	2370.8
4688.4	3140.4
2907.3	2525.8
878.53	2238.4
220.91	938.59
1510.1	2510.3
1456.4	2282.7
2320.4	2207.4
357.97	1928.9
4028.5	1674.6
1424.1	2082.9
3225.4	838.19
1799.7	2232.4
2047.2	2501.5
1263.4	1329.7
1683.2	2050.9
877.44	842.86
3060	2502.2
1260.6	2410.2
1701.5	2038.9
3206.2	2948.9
683.6	1831.5
1518.1	2336.6
3244.1	1873.5
1575.1	2239.2
4414	2471.4
1819.9	2272.2
622.06	191.97
1477.7	2333.5
2298.5	2188.7
3584.2	1727.6
2362.4	2249
2492.4	2415.8
419.72	2791
2941	3073.1
688.65	34.431
3012.7	1919.4
3257.4	2070.5
1818.5	2305.3
1493.6	2085.2
1119.7	950.32
1194.7	2398.1
1585.7	2191.5
1799.8	1950.6
3036.4	2055.5
591.34	1629
1758	1856.1
1993.9	2008
4689.6	3142.5
4130.8	2373.9
4130.8	2373.3
3031.4	977.65
2880.2	3085.6
2040.2	2595.8
723.24	152.39
2687.5	2772.3
1818.4	2256.6
2054.6	2461.7
2063.3	2473.7
1803.7	2132.1
649.61	352.37
99.23	1769.2
3523.3	2396.3
635.03	2893
1563.2	2144.4
2064.6	2473.4
3193.3	2031.8
3348	1868.8
1815.9	2322.2
686.21	355.94
1653.9	1986.3
1375.5	1635.8
3739.2	2668.7
829.65	676.35
3423.8	1349.7
2361.5	2462.7
3031.3	978.47
2055.5	2463.9
3393.4	737.68
1747.4	2075.3
3929.4	2205.4
1818.8	2196.9
1651.4	2021.1
2129.7	2395.5
1733.7	2014.4
3232.2	1008.2
1709.2	1988.4
1550	2136.3
1815.8	2322.3
3267	2803.1
845.52	2992.9
1512	2349
1668.5	1853.3
1829	2324.3
280.9	1350.1
1707.2	2005.8
839.09	2089
791.36	589.7
2213.9	2294.8
665.41	305
427.64	142.11
3225.8	835.3
1535.1	1686.9
1286.8	2447.9
3089.6	1140
1533.1	1844
1813.8	2460.3
2410.5	2139.7
4497	2383.4
3837.8	2366.8
2855.1	1376.3
795.94	2294.5
553.23	359.03
1733.7	1822.8
2054.8	2461.5
1897.8	2360
748.97	498.33
1206.2	1898.8
1236.5	2286.9
1545.2	2200.2
2373.1	2432.3
908.55	1689
2276.5	2324
705.05	92.586
3764.9	1621.4
2718.6	1554.5
1724.3	1789.7
3014.6	2279.7
1641.3	2154.5
4370.8	441.08
2220.7	2469.1
1660.5	2254.2
1218.1	1151.3
3036.4	2055.4
2214.5	2295.7
1773.1	2300.4
2072.4	2526.2
2434.9	2406.9
2264.2	2213.6
1985.7	2451.5
2043	2386.1
1637.1	1887.5
1707.7	2484.6
1767.8	2015.1
1915.1	753.57
2516.3	2120.2
1121.3	1107.5
2117.5	416.09
2587.9	2266.2
2276.1	2323.4
1488.5	2295.7
1799.2	2232.2
1812.7	2158.8
2429.3	2232.1
2397.1	2202.8
1823.2	2256.8
1765.1	2510.9
1517.2	2366.1
1830	2050.2
1013.4	487.37
3515.7	558.86
3638	1823.9
246.58	2103.7
629.64	1354.8
1708	1988.8
3038.1	2112.1
4011.8	2090.7
3722.1	263.95
1991.4	2472.1
527.23	2940.9
802.43	740.94
1270.5	1942.8
4123.4	1589.8
1997.6	2473.5
3461	1767.8
2266.4	2210.3
1822.8	2256.7
1725.4	2034.9
1205	1883.7
1325.3	1967.6
3061	2550.5
1857.3	2152
1490.8	2344.6
956.07	2370.4
3164.7	1953.7
2186.7	2344.5
428.39	142.26
2623.4	2763.8
584.11	79.614
3423.4	1349.6
2689.6	1992.1
1257.1	2304.8
1188.4	1334.4
3504.7	1309.6
2564	1692.3
1799.4	1933.6
513.79	2856.1
4022.4	2578.4
711.32	1143.3
779.33	2740.2
1452.3	1718
3392.6	737.33
4123.8	1590
838.66	2990.3
1650	2038
2873.3	1758.3
665.95	437.57
2525.8	2899.7
1718	2249.2
4724.1	2603.5
2131	2397.1
3226.1	873.6
2134.7	2395.9
1193.8	2404.4
1697.9	1891.7
1719.8	2246.1
1120.5	2390.4
2313.1	2335.2
1048.6	736.84
1773.5	2298.4
3163.8	1956.2
2686	1469.1
953.92	889.41
631.57	3190.8
1410.3	1566.4
766.12	531.05
1387.5	2264.4
1961.8	2307.6
1295.7	1979
2125.5	2379.4
1416.9	2420
1258.9	2304.6
2272	2288
1189.1	1334.2
4625.5	1676.3
4434.7	2474
744.02	485.24
969.69	274.39
2375.3	2348.8
78.744	2318.6
1699.3	2148.1
2731.1	1400.9
591.35	371.92
1987.4	2345.6
1711.9	1823.9
1782.5	1945.4
814.11	3478.9
1704.5	1759.6
846.6	2686.6
3612.1	512.57
3000.1	1927
713.26	1141.2
740.12	965.25
1986	2343.9
2847.3	2019.3
848.57	3158.9
2373.2	2432.8
723.77	440
739.89	965.97
1854.8	2236.3
423.6	1138.3
1667.4	1835.7
618.68	2956.4
1831.6	1984.5
936.91	933.58
2411.9	2431.1
3227.6	945.15
643.38	252.76
1445.4	2662.8
1427	2348.9
2417.1	2372.8
1701	2278.1
3165	1955.5
1763	1942.7
3058.2	2023.9
2673.9	2230.5
1713.2	1990.3
1832.5	2314.2
1597.2	2450.3
1687.5	2294.8
1760.2	1893.6
4019.1	2061.4
3684.9	2157.5
3058.1	1336.6
3032.2	2188.7
22.175	1923.6
392.88	1485
1708.3	1821.9
4636.1	3361.5
869.56	897.8
2736.3	1492.4
1205.1	1897.5
3795.8	2299.5
1143.9	959.99
1141.5	961.95
1315.4	2575.1
2152.7	2487.5
3568	2058
3060.1	2025.7
3221.8	874.04
603.48	139.28
1455.1	2369.7
2567.1	2000.5
1791.3	2130.4
2926.5	1974.3
848.86	699.77
1121.1	2381.2
1699.4	2506.2
1436.7	2345.9
2276.1	2150.6
621.78	195.81
2149.3	2387.1
2216.5	2186.1
2880.5	1953.6
666.6	1992.3
3052.6	1898.4
1180.9	1693.5
2572.9	1601.3
643.08	1658.7
2801.7	1368.7
3830.8	189.55
1749	2449.7
1574.7	1796.6
2517.6	2883.1
2172.9	2464.5
1569.9	1835.5
2153	2487
208.11	1295.6
3351.7	2738.9
655.44	436.06
1553.9	2625.1
954.5	2370.2
1588.2	2217.1
1119.2	2386.2
3247.8	1941.5
2289.5	2515.6
2573.5	2513.9
1483.1	1759.1
3061.4	2548.5
3315.6	2535.1
3468.3	1863.4
1694.2	1977.5
1794	2127.9
1652.4	2038.8
770.93	387.64
2210.5	2383.8
1485.3	2336.9
2572.7	2214.1
2217.9	2190.9
3515.2	640.74
3057.9	1332.5
1830	2065.5
1142.1	1846
1430.1	2349.7
2489.4	2118.3
311.72	2526.8
1197.3	2203.1
970.41	2120.5
349.56	1883.6
1987.7	2345.6
307.56	565.03
1983	2455.4
2423.6	2150.7
419.86	1472.1
926.86	335.02
545.2	1929.9
2870.1	1772.8
1416.8	1553.4
1016.7	825.74
2880.7	1953.3
3568	498.24
1570.3	1835.7
1121	2382.2
597.84	1009.2
1315.2	1990.7
2826.9	2769.1
1432.2	2345.6
2058.9	2365
358.05	1894.6
2207.8	2317
1222.7	2357.8
1003.3	838.42
4022.7	1653.6
1067.5	2418.9
3930.4	131.86
875.55	769.13
2674.3	2230.6
2268.5	2148.2
2264.9	2164
616.59	2449.8
472.46	1905.6
2299.2	2334.3
1501.3	2331.4
481.61	1968
1749.9	2326.9
490.16	856.57
4626	1676
3805.5	1518.9
2174.7	2463.5
478.67	1909.9
1338.4	1580.9
1506.9	2351.7
1832.9	1983.2
3221.3	820.72
2658.5	1461.2
1497.1	2389.6
1470.5	2327.4
4192.8	818.38
410.05	2794.9
2299.3	2333.9
1237.9	2227.2
570.11	385.87
1108.3	2329.2
3406.6	1855.4
1686.1	2387.2
2732.1	1464.1
2374.6	2248.6
1856.9	2243
4138	1539.7
3136.3	1345.8
2054.9	2437.6
1753.9	2037.9
1700.1	1823.8
4477.5	1324.7
1793.4	2128.8
2835.3	1364.4
2329.3	2228.2
401.64	1911.4
2783.8	1970.2
1679.1	2540.1
307.63	2127.4
1820.1	2396.2
1639.1	2204
545.26	1929.6
1692.2	1741.8
1301.4	2301.3
3295.6	2437.6
1488.6	2379.5
2313.9	2335.6
1274.4	2785.2
2512.9	2864.8
1237.8	2251.8
1017.2	826.48
2110.7	2437.2
4308	1890.6
207.56	1296
2932.5	2823.3
2427.1	2164.7
1692.7	2199.5
2183.5	2332.4
233.05	2098.8
2168.9	2317.8
2608.7	1889.1
3461.2	2502.8
691.97	1707.2
1787.8	2608.7
392.83	734.3
2288.9	2336.6
2019.6	2388.7
1498.7	2093.5
296.41	2147.7
1688	2326.6
2033.5	2454.5
1464.2	2326
1984	2455.1
4487.3	2170.8
1861.9	2189.6
899.35	1712.5
2035.4	2415.1
2254.7	2345.9
1573.1	2462.8
4314.5	1259.1
704.5	2981.5
1710.9	2077.3
2411.3	2225.9
1523.3	2102.9
2009.1	2451.3
1710	1754.1
98.419	1783.8
3219.3	2586.2
2286.8	2204.5
1700	1823.5
4369.7	116.94
4202.9	2107.3
2805.3	2591.7
1175.1	1217.2
693.77	2674.7
1695.1	2520.6
2216.3	2189.7
1054.5	2486.9
1724.6	1859.5
4138.3	1535.8
723.61	652.31
1829.4	2156.3
1490	1769.4
1553.1	2518.7
2417.9	2215.6
2658.7	2203.9
2357.4	2427.8
739.78	647.61
1611.2	2230.6
3139.4	1048.2
308.94	2128.6
1555.2	2623.9
3333.2	1648.4
3351.9	2746.5
1772.1	2040.9
610.32	2123.5
1679.6	2273.4
2599.6	2169.7
1678.2	2272.2
2075	798.27
3089.4	2494.4
692.34	2140.4
1994.7	2451.7
1258.4	2380.2
2347.2	2373.9
3008.9	2343.3
642.87	1655.5
1853.2	2173.4
1521.2	1876.5
349.73	1883.8
2982.6	2903.1
3351.2	2734.6
214.86	1799.7
628.39	2114
128.91	1010.4
630.5	1356.2
2249.7	2329
2025	2012.1
2287.5	2238.3
3020.3	2246.9
3303.7	2462.9
533.53	1621.9
3018.1	1895.4
3470.2	2502.7
2168.4	2478.3
3071.2	1956.8
1757.6	1873.8
1188.4	1354.5
2030.6	2413.7
1156.8	1270
1991.1	2344.9
1992.5	2408.9
3140.3	3090.2
1182	2293
3556.6	2352.2
597.55	2404.1
2422	2428.6
918.14	2226.5
1665.1	2357.1
2347.9	2374.1
1680.9	2112.8
2754.3	2414
4139.4	1538.4
1824.8	2243.2
630.7	1351.4
1000	1791.2
2403.4	2422.2
358.2	745.51
1472.9	2390.2
3059.6	980.92
221.21	522.43
1238.4	1273.2
3695.2	2136
2467.2	2899.9
1858	2248.7
2413.2	2460.7
1133.3	2376.6
860.6	2364.9
1206.7	1900.8
851.87	724.52
3697.9	1759.5
1872.5	2499.8
722.53	294.34
1985.5	2356.6
1737.1	2126.5
2609.8	1870.4
2434.9	2127.1
993.99	2300.6
2034	2414.2
1427.7	2275.5
3741.4	2893.7
1303.7	1990.1
2632.4	1605.6
1410.6	1565.9
1425.6	2276.8
2261.5	2302.4
1503.8	1788.4
1236.1	2250
835.32	867.28
1478.8	2085.9
739.01	1167.4
1302.5	2278.2
4484.1	20.861
2177.9	2307.7
3139.4	3092.6
2173.7	2561.2
2285.2	2268.1
3240.4	1760
1658.1	1843.9
2841.6	1415.9
765.71	1794.9
2181.6	2332.6
4697.9	3134.8
2170.8	2478.6
2085.2	731.06
722.33	1529.5
1842	2043.6
1583.1	2628.8
1722.6	1828
2658.7	2203.8
687.2	2875.6
3138.1	3093.6
3090.1	1892.1
1838.4	2239.1
184.55	2100.8
4025.7	1655.8
1707	1738.3
1928.2	2409.3
1691.5	2306.4
1720.1	1873.9
772.25	2740.2
1761.3	2289.4
3337.3	3214.7
1494.7	2090.1
642.35	2368
1591.2	2146.9
2890.6	3195.7
3584.1	1362.3
3580.7	1500.9
4254.4	218.68
1243.2	2336.1
1588.1	2212.9
2052.1	1223.8
2400.2	2188.4
721.67	1157.6
3331.9	3218.1
1300.2	1265.1
898.98	1712.1
924.15	2221.3
2051.5	2191.7
1247.3	2930.4
1480.8	2084.3
956.77	927.93
4737.7	2607.3
1151.6	1822.6
3524.8	2464.4
1588.8	2149.9
2150.9	2385.3
2123.6	2387.9
3448	2502.3
2639.3	1817.8
1773.9	2340.7
627.98	427.66
1807.4	1979.3
3475.4	2014.7
212.26	1309.1
1963.2	692.77
680.38	1109.9
1856.8	2243.8
2650.1	2016.8
1214.6	2307.7
3210.1	1442.1
330.69	1849.9
701.38	778.08
3527.4	1513.6
3150.5	2455.3
394.08	315.63
2578.9	2277.8
3246.5	1744
819.73	1193.3
1228.9	1975.8
2646	1513.5
831.22	2075.1
3210.5	2006
1708.1	2163.9
1752.6	2097.7
1521.4	2689.9
1147.9	1823.5
4492	2500.2
2035.7	2436.9
145.49	268.9
1659.9	2416.3
1861.1	2139.3
1631.7	1730
1791	2208.6
2580	1964.1
3017.4	2239.5
1054	2525.8
1481.5	2319.6
646.84	2749.4
999.37	1792.1
1482.3	2318.4
1664.2	2321
2200.1	2299.6
2638.9	1818.3
1993.2	2465.4
363.53	640.97
782.94	1259.1
944.26	500.75
1759	2398.1
1630.4	2011.4
396.82	730.88
2347.1	2246.4
355.24	644.36
3014.7	1950.9
298.11	2215.9
4491.6	2499.9
68.73	1769.5
1303.8	1991.7
1501.3	2336.7
1815.3	2118
851.69	2540.8
2253.1	2252.4
846.98	2509.3
2249.4	2326
615.87	1640.9
3331.8	3216
1805	2013
3405.1	1892.3
192.65	2374.8
1016.9	1796.1
2000	2441.2
1004.8	1848.6
1691.3	2306.2
604.14	2451.2
2843.8	1765.7
2035.9	2437.1
243.12	2593.5
233.39	2098.6
3133.4	1868.3
3085.4	1938.8
685	2875.2
3196.3	1964.7
4026.9	1655.5
3404.7	1893.2
327.7	1378.1
1643	2344
1501	2335.9
1720.3	2298.6
1275.4	1325.8
1862.9	2394.9
3448.9	2501.1
3410.3	1860.9
1543	1879.8
1149.8	1822
1236.9	1194.4
2000.5	2447.5
396.79	729.24
2860.6	2310.6
3429	2497.6
792.71	665
479.54	37.712
1867.7	2193
2256.4	2605
2491.4	2113.1
4549.9	2348.8
340.31	639.07
1636.5	2452.8
654	2678.5
34.862	1973.8
2703.3	1749.7
3585.6	1246
2077	833.7
3057.4	1745.2
2645.4	1522.4
3076.5	2133.5
4261.3	3476.2
1847	2048.7
3449.9	2498.1
918.26	265.01
3437.7	1856.2
2004.9	2442.2
1400.1	2363.8
538.47	2932.4
313.39	2442.4
2822.1	1409.8
325.92	1377.2
1822.8	2150.7
3083.4	1821.5
1657.5	1843.3
1357.9	2345.2
1690	1878
2921.8	3175.8
1981	2420.8
1387	2362.2
742.72	577.93
2956.5	2924.3
810.48	1154.8
1589.5	2214.3
382.22	1492.1
2080.1	2503.4
1678.5	2437.3
831.14	2074.8
740.92	2413.9
608.17	1650.6
1636.5	1731.9
608.22	2268.7
1830.1	2432.1
783.53	3427.5
1066.6	2488.8
836.07	1786.8
907.16	1877.8
1286.9	1947.1
39.886	1133.7
565.79	936.18
4699.9	3131.4
1709	2285.9
731.16	565.12
1195	1196.3
1252.7	2337.8
3405.6	1891.1
1300.3	1793.9
2049.6	2468.8
1724.6	1741.7
2641.6	1588.4
1805.6	1980.6
1588.9	2629.7
895.48	1660.2
1549.5	1840.6
371.96	1865.4
1729.8	1840.8
3493.8	661.29
4122.1	2453.8
805.89	2436.1
3132.9	2529.8
2285.4	2155
219.6	2118.2
2861.1	2310.8
3754.9	948.76
1540.4	2369.1
803.89	2438.9
3797.4	2329.9
672.02	1828.9
2642.8	2204.4
1719.4	1880
2641.7	2204.5
1000.7	1748.6
319.39	2365.2
2965.6	1175.4
756.76	1783.1
1048.4	1552.6
1559.6	2444.5
844.65	871.01
725.12	697.77
831.84	2073
380.67	110.11
1588.5	2152.2
3648.1	1077.5
1650	2330.2
2957.1	2924.2
113.56	1288.5
2959.5	2287
1312.3	1351.7
566.26	935.01
1771.9	2059.6
1797.2	2258.2
2758.1	1354
1322.8	2302.2
2108.2	2458.5
1967	2431.6
705.86	83.582
2889.6	3197.5
1703.7	2094.4
2617.9	1841.9
2662.2	2101.3
3475.6	2013.8
3729.6	2377
37.17	1973.7
1701.7	1911
1789.3	2212.1
4295.8	1868.5
3690.4	1778
1302.1	1783
4412.9	2498.7
1213.1	2632.2
1663.2	2320.9
825.4	2342.6
379.29	114.53
3773.4	419.82
2228.9	2282
1350.1	1841.8
2287.1	2262.7
36.585	1973.6
2112.8	481.72
1722	1880.3
2240	2706.9
1538.2	2368.9
614.6	2194.3
3091.3	2508.9
2923.8	2294.1
1674.8	1914.2
2007.6	2439.5
1418.9	1928.8
2018.7	2017.5
599.51	1971.7
2806.6	1438.9
1965.7	2373.5
3429.1	2501.2
1842.7	2238.5
2941.9	1310.4
1656	1864.8
4313.5	3454.6
1384.7	2392.1
1561	2016.7
4581.5	1948.3
3631.8	3433.7
1823.1	2234.3
1644.4	1995.1
3883.9	1986.1
1643.8	2064.1
2012.4	2021.6
3203.3	1978.3
2072	884.13
2050.6	2472.8
2802.4	1290.5
2441.8	2422.4
3045.7	1373.7
891.12	1662
806.89	69.194
197.53	2081.5
1827.4	2146
3955	2079
1002.9	1850.7
1628.3	2269.2
1086	2056.8
1771.1	2038.5
2222.6	2333.3
3010.4	2747.9
3360.7	1664.1
1896.4	2246.9
1957	2324
1761.1	2073.7
2494.9	2751.4
654.05	2676
2061.6	2449.7
3263.1	2085.2
830.39	991.74
2943.3	1099.3
1012.7	663.16
2478.9	2929.1
1480.8	1940.5
1405.4	1869.7
2617.9	1842.2
1371.5	1998.3
2151.8	2438.6
359.87	1871.1
1758.2	2046.9
1717.3	1729.5
599.35	1972.2
1270.3	1344.5
2074	824.38
79.959	143.19
1988.3	2426
1619.1	1879.1
1788.5	2093.4
822.09	963.96
314.67	2525.4
1976.3	2433.9
2771.4	1319.4
739.25	2467.7
2031.5	2477.5
1541.1	1761.2
1825.3	2051.1
32.01	1974.3
1342.4	2332.3
1611.2	1880.1
2978.7	1056.4
48.227	1729.5
2061.2	2443.9
689.65	24.76
2711.9	2499.5
1769.9	2057.6
2216.2	2287.1
1394.3	2754.1
1780.3	2254.2
4529.7	2427.2
4677.1	696.34
1670.4	1728.3
2666.2	2773.4
1994.2	2000.5
2925.7	1588.8
509.87	2157.3
2807.2	1291.1
1017.3	1796.8
2724.8	2718.9
3001.2	1424.1
856.73	582.11
3143.6	935.77
2020.7	2414.7
4167.3	1173.8
2020.9	2359.1
845.97	228.65
1687.3	2732.6
1236.1	3025.5
2337.9	2271.5
938.22	321.32
2082.5	2456.4
1801	2302.4
1661.3	2235
3796.3	2330.7
3486.7	2529.8
2724.5	2719.2
2692.8	1519.9
594.68	2594
1821.8	2240.2
1167.3	1855
1740.2	2512.6
2992.6	2664.3
2011.7	2436.5
673.36	716.17
1487.6	2435.2
1688.2	2661.2
3043.3	1378.4
1707.4	1873.4
2120	372.17
2720.4	1543.5
3042.8	1387.4
3367.7	3092
339.27	2151.9
2762.4	1356
3369.9	713.4
3306	2415
1681.7	2439.4
3132	930.82
1351.3	2354.2
2659.9	1916.9
646.23	2132.8
3210.1	1027.1
2986	1449.2
2125.3	401.89
3900.4	1626.2
2350.9	2451
1810.4	1992.2
331.08	1319
549.28	3050.5
976.03	2777.4
821.25	964.08
2068.5	2436.8
706.14	1451.2
2910.7	2479.8
2292.8	2415
1572.9	2435.5
985.86	605.33
2912.1	2479.3
920.81	2226.6
562.22	2612.2
1537.1	1993.3
3837.7	1648.1
1240.3	2772.7
2770.1	1487.1
1690.2	2159.4
3799.6	2369.9
820.26	2342.2
2097.7	565.18
2110.2	430.1
2144	228.56
1247.8	1722.4
359.76	1871.6
562.07	2613.6
2683.1	2606.8
1186.5	1274.4
362.51	1867.2
1714.8	2305.5
2044.8	1557.5
1016.8	1941.7
1694.4	2204.1
1445.5	1903.5
595.99	2150.3
3055.3	1133.4
1008.8	1024.5
3262.5	2084.1
3789.3	2102.4
2682.9	2607.9
2369.2	2394
2166.9	69.896
1713.9	1732.2
2713.6	2717.2
4156.3	298.98
2422.3	2466.3
3438.7	1168.5
3284.5	2623.3
2203.5	2358.4
357.14	2447.4
1837.3	2281.6
1304.1	1404.9
3231.6	2727
1505.7	2323.5
1083.5	2417
2953.8	1439.1
2749.2	1504.6
1009.8	2950.6
2737.1	1530.4
2805.5	2910.8
3262.7	1204.9
445.77	2160.4
4183.1	3001.2
2530.3	2719.4
2657.9	1454.6
1134	1674.6
4473.7	843.47
1528.3	1742.3
385.02	1888.2
2732.7	2720.7
2235.4	2279.8
1819.9	2240.7
2058.3	1165.5
2718.4	2717.7
858.72	2610.1
3116.6	2112.2
3145.5	1625.1
1822.9	2082.4
1706.4	1729.9
1778.6	1888.1
3260	2085.1
650.05	1643.6
4108.1	741.54
2455.3	2472.1
1475.2	1798.9
937.89	319.82
1565.4	2048.8
1092.5	1562.9
537.29	2142.7
3270.9	2416.6
3637	1807.3
1688.4	2662
2356.3	2723
1481	1936.9
2137.1	282.08
1310.1	2142.2
1399.1	2329.2
1150.6	1570.7
3193.5	1969.6
1135.8	940.72
280.31	1800.7
2032	2435.8
1752.3	1758
1501.1	1700.7
1511	1968.8
43.189	174.77
381.77	1886.7
637.83	2004.8
1766.3	2071.8
619.24	384.46
2963.7	2921
1449.9	2374.7
1741.4	2181.5
1701.1	1877.8
142.42	1986.8
3296.1	2528.9
2745.3	1703.3
1452.4	2639.6
2931.9	1079.3
937.71	319.66
2118.9	383.44
3150	2525.4
2883.7	3116.1
464.34	1557
3022	2490.6
1309.9	2500.4
4306.5	2834.7
1441.9	3046.2
3115.8	3146.2
587.49	1980.7
2096.7	2783.8
2927.8	1586.5
3311	2415.6
2746.9	1554.1
2722.5	1456.5
2621.6	2706.6
