1918.7	1849
2041.7	2596.7
1512.7	2424.3
1273.4	2463.7
16.599	1105.8
2001.2	2244.1
155.1	1229.5
1119.3	2709.3
1528.7	2530.8
1319	1712.4
25.766	1951.2
1295.6	2516.8
1707.3	2017.9
2184.3	4855
371.2	1418
1504	2050.8
1726.2	1866.1
1737.4	1908.8
762.07	817.39
144.76	1248.5
1289.3	2524.3
1162.4	1928.9
537.87	485.55
293.85	1270.3
1568.2	2453.7
271.19	773.69
400.92	1341.6
1848.9	2502.6
1541.1	2188.8
226.04	1101.1
1808.2	2340
1292.9	1285.4
1614.5	2350.7
1346.6	2053
185.52	2540.5
6821.4	4837.2
2149.6	2227
2014.6	2459.6
1790.1	2053.1
587.31	265.9
116.64	429.18
2862.7	2007.2
1273	1553.9
1550	2084.9
1560.6	2200.5
71.194	1049.2
790.9	663.37
2293.8	2448.9
273.79	742.19
1165.4	4767.4
1862.7	2527.1
2964.9	1055.8
2897.5	1105.9
411.04	3112.1
3250	4639.4
208.89	2027.3
77.543	901.15
733.33	1015.3
1438.6	2129.1
3264.1	4616.6
2179.1	2171.3
2186.1	2398.5
80.182	2075.5
2916.7	1148.7
1002.6	1306.5
1182.6	4790.1
3726.9	3687.9
1634.7	2765.5
1654	2159.4
246.72	1249.9
251.9	1228.3
4518.6	22.638
1191	4785.1
5732.7	587.53
2675.2	2731.5
2155	2173.8
3558.2	3563.2
3240.8	4638.3
1360.2	2343.4
3237.5	4637.4
164.76	892
3252.4	4640.3
2009.7	2453.9
1640.2	2156.9
2138.6	2231.1
2138.5	2269.8
1717.5	1884.3
1996	2367.6
1118.5	2509.8
986.06	2168.2
401.31	923.66
3674.7	803.34
2216.9	2343.6
1805.1	2053.9
719.68	1990
2136.8	2268.7
5771.4	560.77
2474.6	2805.5
241.58	2586.8
2155.6	2176.4
1624.9	2314
221.19	660.13
1118.8	2627.6
2166.7	2151
1646.8	2025.7
2888.3	1139.8
1810.1	2188.3
7129.3	3191.8
1798.3	2153.2
1106.8	896.45
1626.2	2411.7
1569.5	2347
1556.8	2453
1353.5	2648.3
1416.9	1739.7
889.43	2132.9
390.27	912.7
5418.9	4528.8
2126.1	2259.8
2212.6	2460.2
2075.5	2463.6
1313.9	2283.3
1295.7	2483.6
520.97	167.9
215.89	2960.8
1812.3	2188.2
1527.8	2499.2
2167.6	2155.1
1819.1	2198.6
53.873	1054.2
1705	2033.6
1108.6	2528.2
2328.1	2592
1256.8	1528.9
4272.7	1819.5
1631.4	2798.6
1152.9	3066.4
2038.8	2434.3
3241.5	4622.8
2022.2	2459.1
3242.4	4622.8
2509.2	2345.1
1574.6	2489.3
1634.5	2209.4
1874.2	2327.9
993.29	2236
2180.3	4893.4
3245.2	4623.7
4228.9	422.47
1511.8	1941.8
4348.6	1470.9
174.37	1991
2395.1	1768.1
2419.3	1825.2
1634.1	2285.6
1019	2339.9
1314	2614.4
1964.7	2433.5
2176.8	2156.2
2141.5	2217.9
1313	1981.9
672.7	803.64
233.64	1495.4
4998.9	987.89
1602.4	2372.5
2075	2434.7
4363.7	2069.6
1112.1	2555.6
529.18	2931.3
2011	2445.7
262.59	2133
2410	1787.7
2205.4	4873.1
2339	2252.1
2174.2	4875.1
2179.5	4894.8
4488	110.32
837.12	1151.6
92.104	452.21
2204.1	4875.7
679.88	2021.7
606.88	1349.5
2109.7	2318.5
4288.6	1816.1
997	2302.2
4667	3168.4
1760.1	1987.3
1215.8	4771.7
3186.9	3233
288.07	2024.8
581.85	1608.3
26.287	1173.3
2208.7	4890
1322.6	3311.4
1315.9	1481.5
1591.5	1984.7
2057.6	2443.6
1077.6	1768.3
1299.6	2022.8
2615.8	2156.8
2988.6	1020
249.74	1101.6
1244	1583.9
1176.8	4781.5
1476.7	2427
1276.5	2268.9
3142	3270.1
3118.9	1223.9
1395.5	3118.4
1828.7	2198.5
2168.1	2141
1002.3	1043.4
1610.8	2342
2891.5	2471.5
2217.7	2279.6
603.6	693.86
1397.3	3141.8
1771.9	2489.7
2212.4	4893.3
3003.9	2224.2
2198.3	2224.2
1864.3	2269.9
1571	2383
1697.9	2010.1
2740.9	2211.5
729.68	821.82
2220.9	2222.7
1701.1	2155.6
6167.7	72.174
1156.9	1944.3
3289.7	4716.9
1450.3	2315.4
2295	2210.3
2204.6	2142.1
1049.8	774.6
1865.8	2270.1
1755	2487.7
1975.1	2363
4016.6	2011
1974.2	2364
7302	467
564.29	2903.1
2779	2539.9
1486.3	1859.3
139.03	1263.7
1911.2	2331.3
2403.4	2079
1581.4	2496.9
2985	2520.4
1811.8	2215
233.33	2594.6
2139.2	2280.1
2074.8	2444.1
1695.4	2265.6
1766.6	2123.6
3941	468.34
695.6	1015.3
2112	2309.7
1696.5	2286.3
3524.9	3701.5
2307.4	2436.2
4913.2	973.79
2342.2	2399.3
507.88	631.83
508.07	635.01
2175.6	2370.7
5799.6	683.97
980.48	1033
3948	1908.9
5362.5	1672.9
1875.5	2441.3
1931.4	2326.9
1702.4	2129.3
2281.3	2661.7
2038.8	2443.6
1401.2	2786
2439	1772.6
2949.9	1091.1
962.85	3090.2
3945	455.03
3651.8	3640
2284.5	2171.9
2122.2	2317.5
1829.2	2317.2
1615.4	2437.7
2410.3	1940
2169.5	4870.4
4139	550.4
1860.2	2247.8
1609.5	2251.4
332.7	2200.9
2137	2247.7
1576.6	2189.4
2933.6	1295.1
1149.7	1978.5
702.74	1011
994.07	2327.3
877.75	1141.9
1531.9	2465.3
1034.6	1027
5429.6	839.73
4638.7	562.05
1548.1	1822.7
514.62	2896.4
3255.7	4630.4
701.83	437.13
5800.5	667.22
291.4	1219.1
1964.5	2443.9
364.45	345.58
45.188	2070.6
1770.9	2254.4
6043.6	1839.4
2049.3	2412.5
1023.9	1021.5
2172.9	2260.5
1394.6	1680.7
2363.1	2422.4
364.58	348.64
155.45	126.13
1715.3	1889.5
1438.8	2111.3
1991.5	2360
733.4	635.77
4419.4	186.89
3583.6	770.81
1009.1	2261.6
979.56	1001
4534.7	94.451
1983.4	2443.9
1215.7	1777.4
3300.2	4721.6
1741.6	2075.3
588.89	2866.3
2186.1	4881.3
2581.7	1932.7
1776.2	2284.3
2890.6	2503.9
2493.7	2179
3970.9	1090.7
207.02	651.02
2522.2	2337.8
5944.7	2718.6
2986.3	977.51
1695.8	2025.3
324.28	1983.9
22.352	2063.8
3149.3	839.52
356.79	1093.3
2668.9	1370.9
2012.3	2596.5
748.15	1760.4
2093.8	2276.6
1986.6	2621.7
4349.8	694.56
148.13	1194.5
1827.8	2461.7
1149	1290.7
1185.8	4869.5
2697	1816.2
3990.7	1038.2
334.2	1948.6
1819.2	2228.9
1280.3	1317.4
134.24	2095.1
919.52	1147.6
1750.2	1954
4018.8	1436.1
1642	2108
2617.3	2150.8
995.25	2325.7
158.4	855.74
953.64	2550.4
4789.2	134.92
2808.9	2864
2139	2244.5
1612.5	2381.5
1682.8	2254.8
2030.2	2442.1
1532.2	2165.5
5356.1	1740.3
546.1	705.88
5989	2813.1
1938.7	2382.5
1700.5	2287.2
3793.9	1046.3
3301.2	4720.5
3672	294.92
5586.6	1663.2
2847.1	2039
401.38	1707.7
2568.3	2362.2
408.72	437.15
1499.4	2169.6
2508.6	1988.6
205.67	1152.2
565.48	2857.2
29.776	322.18
41.587	1122.9
4583.6	3227.2
2563.8	1690.7
1585.6	2123.9
1696.9	2221
2011.3	2411.8
170.77	1202.1
1297.1	2438.9
4522.1	40.704
1990.3	2359.4
721.79	2038.4
1781.6	2059.7
2669.3	2510.8
3286.7	4714.1
1993	2442.5
387.79	1405.5
1446.1	1738.5
3164.8	829.45
1566.1	2336.1
235.78	2933.9
1615	2407.6
2068.2	2423.8
41.227	1122.5
5118.7	2208.4
703.74	803.6
406.72	436.99
1626.1	2294.4
4530.6	1215.2
1584.2	2341.1
853.74	534.67
310.54	1969.2
1794	2040.5
1582.7	1826.7
1790.1	2234.7
1769.5	2328.8
515.78	28.14
1289.6	2450.1
2186	2156.8
103.03	452.63
1579.5	2279.3
1697.7	2336.5
1600.1	2434.2
2114.4	2421.8
1440.2	2356.8
1526.9	2481.2
2878.4	2415.4
977.29	2135.5
1581.8	1835.7
2311.9	2427.6
6063	2041.6
1297.6	2427.8
1683.3	1875.9
346.58	2020.1
7276.4	2767.1
5925.4	122.48
1577	2210.5
1213.2	1394.5
1588.9	2232.8
1695.3	2242.2
1301.1	2604.5
2102.3	2441.5
1554.8	2177.7
1658.7	2097.9
634.7	210.83
3448.2	2495.1
26.787	1098.8
650.78	1676
1159.2	1086.5
2908.4	1884.7
1700.1	2160.8
3472	547.13
4520	41.68
2023	2437.7
1694.5	2339.9
572.95	2745.3
832.66	236.74
1875.5	2348.9
160.58	2456.1
1105.1	1809.1
2987.1	2399.5
650.16	824.15
241.1	1333.1
4772.8	147.83
1687.5	2113.2
888.67	2561
4123	1938.6
526.97	471.22
2183.7	2119.2
1461.5	2107.7
1751	2099.1
1449.9	2351.4
3864.4	1510.2
2163.3	4865.3
1569.3	2196.9
791.92	1341.9
210.32	643.37
2647.3	1383.9
796.6	244.11
161.71	1227.6
781.14	670.9
1742.9	2456.1
2957.1	995.28
686.96	787.35
1236.1	1165.9
1697.4	2181.4
1419.4	2131.9
854.16	531.2
3389	2225.1
272.68	747.48
4143.4	1382
3000.4	2395.2
1076.1	2963.5
1057.3	819
1176.6	1292.8
2618.4	1741.7
377.44	2159.3
722.13	894.47
701.49	2029.6
3276.5	2170.3
240.78	1333.5
545.74	226.88
6775	1972
1788.3	2199
482.44	1932.1
3173.9	2428.8
5051.7	2783.7
1534.7	2376.1
1755.2	1959.2
1722.2	1923.3
6560.7	391.52
2318.1	2219.9
736.47	3277.3
4360.9	1925
3869.1	596.93
1825.2	2400.7
1354.7	2348.2
1749.7	2151.5
393.26	1458.6
1555.5	2362.7
687.29	1229.4
1780.4	2187.2
1869.5	2269.2
785.35	2417
3299.3	1679.4
1258.8	1214.5
3833.2	1999
74.675	322.08
692.08	2995
1014.9	2219
1787.2	2027.9
2031.3	2430.7
1031.5	1372.7
1260.1	1599.5
2553.4	2347.8
3306.3	1304.2
1673.6	2285.1
1345.9	1995.4
6775.6	876.67
272.42	1331.2
620.85	298.28
531	2198.1
3188.5	2500.1
2575.1	4633.6
926.67	3045.8
2567.9	2207.2
1075.4	1988.9
1369.7	1539.2
1993.9	2413
3866.9	751.65
40.144	319.53
232.41	1250.1
3838.3	2029.2
1699.4	2090.3
5304.2	3059.4
1681.6	2369.2
156.64	874.31
3346.2	2233.5
1759.8	2105.8
2211.7	4864
6039.8	1824.4
999.59	2352.6
4780.8	148.17
1453.6	2161.5
2298.3	2441.3
915.23	1871.1
2404	1802
2198	2162.2
1927.3	2439
4148.8	2686.5
3183.5	2483.6
1706.9	2310.3
1689.8	2084.5
1992.2	2358.3
1722.6	2080.9
1997	2450.3
4170.2	1369.8
1284.3	1575.6
4226.8	495.03
1589.9	2010.3
4649.8	1398.1
2082.9	2316
957.73	2217.8
4487	1205.9
718.6	879.63
1586.6	2000.9
2971.2	1869.2
4300	2333.8
1786.8	2210
2364.3	2159.5
1555.7	2591
1372.4	2355.2
5179.4	3317.1
6573.9	2017.9
1694.6	2346.5
1308.9	1302.1
6055.9	2028.3
2563.9	2474.3
1539.4	2168.3
2326.3	2166.9
401.41	1466
429.26	243.99
583.82	736.41
1987.6	2350.6
1962.9	2377
2924.1	1829.5
1702.7	2040.8
4138.7	537.12
5133.7	432.3
2187.7	2344
3818.3	2014.7
2629.4	2330.7
3972.7	1062.3
1694.8	1871.5
2044.3	2353.9
721.93	2728.1
992.35	2455.4
1828	1811.3
3455.5	2499.9
741.44	1744.4
702.75	915.12
973.65	2173.2
1790.3	2164.4
660.96	288.73
1497.3	1848.8
273.36	1177.5
2059.2	2489.3
993.42	2547.9
1043.4	1062.8
665.25	301.98
888.42	3820
2599.9	1462.3
2124.2	2570.5
1785.5	2156.2
662.25	369.28
3887.4	3141.8
1495.7	2413.3
6515.2	531.18
199.04	2405.4
1681.7	2388.8
298.7	1105.8
3302.6	4733.3
1936.3	2459.3
1585.7	2212.1
2675.6	1881.9
2577.7	2111.3
1701.5	1925
2359.4	2429
2128.2	2545.6
1171.4	1584
992.98	2411.4
249.27	1110.3
1941.5	2455.7
5688.6	2464.9
271.68	1879.9
2306.9	2376.6
4698.5	3128.4
552.15	79.958
2228.8	2223.3
1585.6	2373.8
1817.1	2176.8
341.55	1391.4
2556.1	2342.2
1604.8	2318.8
3154.7	913.85
2463	1676
1130.2	2710.7
7270.3	2916.1
2569.6	2240
1410	2423.2
520.94	2024
2297.5	2190.5
1453.8	1719.8
2579.5	2074.9
1785.2	2330.9
1334.6	1584.2
1780.2	2142.4
1700.7	2271.4
2422.3	2287.1
625.41	517.41
1795.9	2295
1468.2	2448.5
2671.4	1515.5
1056.9	1133.7
2280.3	2342.4
1996.5	2447.5
1681	2115
370.56	1055
3953.6	165.75
1174.9	4879.7
1929.7	2336.7
4435	2610.9
432.73	2901.7
742.75	2041.2
1306.4	2688.7
1794	2090.4
1479.4	2118.9
1283.9	2446.7
3301.7	4732.8
1770.1	1997.6
637.19	300.91
1001.3	2448.4
3539.2	699.13
2934.9	1607.3
3865.9	1127.7
4816.9	584.64
2143.6	2189.4
5754.5	2029.2
2439.1	2335.9
855.17	1184.1
1701.6	2076.9
527.25	477.52
2421.9	1892.6
2675.4	2161.7
1681.6	2213.3
816.98	807.09
1028.7	1992.4
1636.3	2221.2
3890.6	1136
4258.7	1759.3
3891.3	219.85
4119	1972.8
3840.3	279.88
719.05	2706.6
1906.2	2302
2052.7	2347.5
1232.6	1427
2815.3	2411.2
5581.3	1690.2
461.35	992.32
4254	1334.5
3717.2	366.97
5380.8	2504.2
2793.6	2509.9
1563	2371
2194.7	2321.1
2141.7	2290.4
1391.2	1696.1
690.57	781.21
1703.6	2048.8
1294.8	1956.2
525.48	2983.6
384.64	3025.5
3977.8	980.24
1094.6	1415.7
964.7	2744.5
798.39	827.82
810.17	678.97
1032.9	700.4
1684.9	2211.3
2593.7	2044
344.02	1729.6
476.43	983.53
1847.6	2232.7
2199.8	2366.3
1583.4	2375.6
742.74	1709.3
1692.4	1982.7
1421.8	1783
4410.2	379.06
272.33	1194.2
2568	2286.1
1730.7	2445.3
2381.5	1842.2
1474.2	1697.7
1394.5	1670.3
756.27	2033.1
1001.8	1323.7
4161.1	972.73
6529.8	4698.7
4482.8	1182.7
673.11	783.27
4301.1	2948.7
456.69	59.782
2295.9	2186.3
3960.7	1085.8
3412.3	737.04
567.29	634
1418.1	2354
4811.7	2483.8
2144.3	2454.3
4647.3	585.13
2136.6	2319.2
2213.8	2366.2
1665.8	1936.7
1422.2	1787.5
1004.1	2581.2
1206.1	2298.9
997.03	2142.6
767.76	322.7
1288.3	1340.9
1737.2	2187.4
1702.4	2305.3
1011.4	1562
1449.3	2111.8
907.82	2462.8
1000.5	2572
4657.5	1646.7
1462.8	2136
593.35	143.67
2822.4	2417.2
2172.9	2277.5
38.204	958.89
6564.4	1966.4
4042.1	883.24
6579.5	2009
2119.5	2336.2
3299.8	4737.9
1147.9	1707.4
2236	2242.5
1712.3	1934.7
4117.6	1974.1
7140.6	2454.1
1495	2639.4
1011.4	2118.8
2745.7	1800.5
993.11	2500.4
1040.9	3009.2
1738	2110.7
1789.9	2189.1
1761.3	2271.7
906.14	871.86
469.44	1937.9
2190.4	2289.3
444.67	266.27
3750.1	1724.5
2600.2	1675.8
1787.6	2301.8
6697.8	2006.2
5987	1565.2
3965.2	934.94
1094.9	1843.9
1969.1	145.19
1082.5	2909.8
1757.9	2342
1624	2110.6
512.38	2614.3
4486.4	560.41
1794.2	2104.4
1289.8	1510.2
1180.4	1303.9
1667.5	1935
3995	131.95
2351.6	2159.4
1534.6	2335.5
389.04	894.4
390.09	935.29
1530.2	2377.6
168.75	210.27
1683.4	2300.5
6540.5	1673.3
1305.7	3110.6
6731.7	1741.2
1768.6	2139.8
1766.9	2038.3
4615.8	1889.7
7016.3	1435.5
4625.5	698.52
2603.3	1697.8
3260	3189.3
2049.1	2429.9
2326.2	2209
1149.5	2341.7
1068.8	1101.1
1175.7	1534.2
336.47	2102.9
2304.9	2224.2
2616.2	2047.5
193.41	1985.9
686.63	1028.4
1019.4	1001.4
1423.9	1794.2
2410.2	2292.8
3595.4	413.47
1538.1	1807
3855.8	277.84
6534.5	1745
563.94	2749.8
2269.4	2198.7
2518.1	1639.5
6107.7	684.88
1007	2191.7
2225.1	2375.3
2308.9	2253
2012.4	2600.9
1939	2439.6
2267.3	2194
172.19	1001.1
1657.4	2270.5
257.91	1306.5
1148.8	4776.1
4418.4	2599.4
2629	2150.1
1235	2735.8
479.11	1127.6
917.34	2558.5
4449	259.68
5158.9	1959.8
985.84	2144.9
5698.3	1891.5
1684.7	2172.8
6331.1	1541.3
1939	2439
495.07	782.42
237.75	582.44
337.69	519.55
982.18	2465.3
5620.9	156.24
713.78	866.04
1002.8	1329.4
119.91	2141
2594.5	1678.1
1194.8	1223.2
1101.6	1173.8
4070.2	54.04
2048	2443.9
1437.3	2318
1931.1	397.3
2547.8	1721.8
2173.5	2257.6
1092.3	2178.7
3919.2	951.94
1928.9	2347.4
1973.8	2401.6
4966.7	1794.5
524.97	2746.9
774.54	2056
1543.7	2467.1
1952.6	2439
989.74	1932.8
71.814	913.04
2618.6	2566.6
5348	1706.7
3548.7	3084.4
2201.3	2161.5
2212.6	2626.8
1184.5	2041.6
1098.9	1375.9
384.05	1348.1
2915.8	1220.9
1013.5	373.63
1995.3	2425.2
1153	4774.9
994.85	2263.9
6643	461.94
3624.1	1607.4
1582.2	2014.9
859.17	586.15
709.99	1511.1
4799.9	1831.5
25.309	1087.8
4031.7	100.41
4416.2	3164.5
2594.6	1914.6
3903.1	721.83
3900.3	219.53
3274.6	4638.1
4126.7	737.38
156.48	1244.3
2180.9	2213.7
2927	2162.1
824.77	1269.7
763.05	2187.7
2930.1	1036.4
5060.9	1781.8
1548.6	2407.1
1789	2178.9
644.21	2947.7
7316.6	3151.9
1824.8	2353.6
2228.3	2376.2
5368.4	1638.1
1626.3	1922.6
2921.4	1349.7
1291.3	1473.3
2618	2066.1
1983.8	2374.7
151.78	879.07
5860.8	1493.7
2638.1	1399.2
982.11	2528.8
1818.2	2381.9
1694.1	1925.7
52.785	287.79
3297.4	4716.2
2207.2	2354
6764.6	2965.9
1184.1	2012.9
5247.6	1197.8
2663.9	1492
350.01	3372.1
6219.6	1523.6
6064.9	641.07
679.53	1031.9
1363.8	3028.8
1933.6	2337.1
6753.8	2040.7
4883.4	1375.9
1311.4	2541.5
1416.1	2091.9
641.65	297.53
879.4	1127
767.9	306.67
4451.6	282.33
2151.6	2321.1
5103.1	294.37
2419	2059.1
4195.4	515.41
981.89	2508.9
4109.1	1397.2
2243.6	2586.8
4134.1	3137.3
1976.2	2402.2
1763.7	2232.8
4019.1	2340.9
3302.4	4658.8
4962.1	896.91
2115.6	2326.4
4070.6	3193.8
714.73	1988.4
304.6	1142.3
1249.7	1504.5
63.428	1033
1697.9	2256.3
1999.5	2594.9
993.85	2398.3
6071.7	2493.9
4093.3	926.58
4732	1399.2
5369.2	4506.9
302.2	699.35
3792.8	310.8
2296.9	2458.1
5083.8	470.47
5498.2	776.86
351.95	1105
4491.9	1889.6
1138.7	1237.8
1745.9	2378
2269.7	2262.9
1170.6	4800
3087.2	1503.3
1487.8	2454.1
2111	2300.6
2910.5	1176
2284.4	2211.7
2287.3	2269.4
2306.2	2195
1468	2352.3
1802.5	2255
187.1	2655.1
612.7	494.81
3910.6	1488.9
4445.4	1869.6
4064.8	1940.8
4421.1	730.32
4398.5	334.18
2572.1	2181.5
713.8	2933.2
1089.3	1150.8
7197.1	1733
4099.3	577.1
1288.4	1587.3
1602.2	1987.2
4000.5	1032.3
3146.6	814.11
3920.7	1222.4
982.11	2573.6
6042.8	2814.5
1958.5	121
1821.1	2471.8
780.41	2166.3
153.17	868.38
1135.8	4783
3744.5	1749.8
1752.4	2286.8
1016.5	2102.8
4292	3236.7
4543.4	138.92
4270.3	894.53
1054.8	1928.6
2848.9	272.77
3838.1	2637.6
7305	1963.9
2929.2	2297.1
4160	536.01
1422.9	2343.9
41.527	1986.3
981.36	2549.5
6398.6	1896.6
1208.2	1533.4
259.88	1195.3
1258.9	1517.7
1744	1965.6
1173.2	4806.4
233.31	1373.3
3375.3	2229.5
2211.2	2229.7
1749.5	1996.6
3978.2	1076.6
3263.9	4708.1
2622.9	4617.7
1257.3	3299.1
3649.7	510.7
3293.9	1619
1051.4	2310.7
490.09	3139.2
1259.8	2257.5
6776.9	2932.1
4275.8	898.67
1694.2	2327.9
7275.9	464.85
916.65	345.2
1563.9	2506
1057.8	2244.4
1822.1	2209.6
2108.9	2449
1970.5	2388.4
4855	4086.3
1819.9	2233.1
2097.9	2402
2591.6	1769.4
297.29	2540.3
4370.1	2911.3
709.49	2239.6
1170.6	2227
75.306	922.69
903.52	2109.1
36.577	1989.4
137.84	2121.6
6079.9	1554.1
1927	2360.5
2412.9	1892
1173.3	2547.3
766.81	2140
1659.1	1943.2
4403.7	368.38
4157.6	532.57
5782.4	803.84
4294.1	849.01
3678.5	918.32
3993.5	1032.8
1862.1	2292.6
2299.1	2431
4029.1	86.481
1780.6	2013.2
4259.4	1722.2
4193.9	1943.9
3300.2	735.74
972.79	556.19
1698.5	2117.9
2408	1988.9
1514.3	2398.8
430.36	155.98
1182.8	4792.2
3903.2	208.8
2551.7	1784.4
3965.7	590.37
3031.6	960.76
2914	1494.7
1067.5	819.68
1995.5	2420.5
1012.2	728.64
1435.2	2377.8
1831.2	2277.5
1944.6	2429
1691.7	1963.4
426.57	2938.1
3274.4	4639.7
4260.3	3234.5
2558.6	1737
6589.9	2677.9
900.65	1156.7
3297.2	874.69
2504.4	2691.9
4174.7	1229.2
4064.3	3111.9
942.8	922.96
4453.1	261.18
1458.1	2295.9
1266.4	1223.3
297.25	138.62
7003.5	2585.1
1208	1249.1
4238.6	49.321
1099.4	2187.9
2304.2	2218.3
3155.8	351.82
3013.5	947.26
2557.3	2228.1
1606.1	2355.1
3813.3	2600.2
4300.2	875.86
2437.4	1767.8
980.46	1148.2
5096.3	521.11
2130.3	2363.5
2737.5	1734.6
1322.5	2375
5615	83.636
4007.3	2595.2
5531.3	1632.5
3462.2	557.47
1799	2212
1763.8	2342.6
3282.2	794.53
4395.3	1269
1672.6	2340.8
469.49	1891.5
1808.2	2083.8
1328.2	1465.9
1792.9	2177.8
96.33	459.59
859.55	2981.7
2083.7	2437.5
4020.3	889.72
4863	3182.8
4699.5	693.54
729.57	1281.1
3149.1	2416
996.21	2587.4
1824.6	2592
4245.5	1194.7
1121.5	1379.4
316.9	413.79
1367.3	2693.4
3119.4	950.35
4326.2	2774
4639	581.03
2200.8	2239.7
1932.1	309.36
1064.1	579.63
855.01	1128.8
2110.4	2379
173.61	994
4580.3	1876.5
2213.1	2486.1
1704.3	2096.6
3838	1519.3
1239.1	1199.8
1557.8	2397.7
992.88	2936.8
1029.5	413.7
2876.3	1840.9
6762.4	1813.8
6028.5	1567.1
3807.4	324.42
4189.9	372.36
1515	2355.2
2392.9	2078.1
2837.2	2893
356.32	1102
989.22	2618.5
656.5	2307.3
2193.5	2160.3
299.46	1237.9
4682.3	1846.1
1948.6	323.81
5250.8	4423.3
3366.3	2746.9
6204.7	1463.1
1580.7	1997.7
723.35	429.12
4370.2	93.31
3247.2	4607.2
5363.6	1726.3
4639.5	654.26
4125.2	2546.2
1096.3	2323.3
6150.8	2852.2
2282.8	2216.6
733.89	1799.2
1977.8	2424.5
3246.9	4610.5
4434.6	764.5
896.89	486.84
276.67	2079.7
2429.6	1805.4
1295.4	1478.5
3835.4	798.15
1026.5	489.74
3755.6	371.63
741.4	914.36
354.92	1720.4
5913	1677.7
3387.2	2412.5
1268	2523
3473.4	535.54
4194.2	1980.7
1771.9	2099.2
4230.8	750.66
1977.4	2379.5
2596.9	2263.3
4504	872.52
2417	2020.3
5033.5	1734.2
794.97	1757.2
643.61	3321.3
175.85	894.37
3416.6	2476.3
1659.9	2370.4
2594.7	2259.4
973.66	1136.9
1442.1	2406.2
5398.5	2423
327.92	524.4
4962.5	1810.3
3933.4	941.34
381.1	1060.3
1180.8	1498.3
689.89	920.71
1851.3	2256.6
3326.1	876.58
3279.2	2146.5
3175.9	2486.1
2697.2	1372.4
2113.7	2379.4
438.8	2862.5
4553.7	1838.3
5502.8	1586.9
3983.6	895.26
1188.1	1052.8
2395.6	1807.3
3280.4	4705.3
180.96	1099
2857.1	1722.6
7300.2	438.61
4252	2962.6
2737.9	2420.9
2657	2464
1806.6	2253.8
1367.2	2634.1
1312.8	1303.5
754.89	3316.5
868.5	1081.9
2841.7	2662.3
1488.3	2111.4
3279.4	2230.4
435.33	447.44
1791.5	2205.5
3559.9	785.15
209.68	2425.2
4067.5	3113.5
5997.3	270.46
1875	2463.6
5140.2	3962.3
61.868	961.14
4231.3	1193
5450.9	2642.5
5777	2662.2
605.56	191.91
1170.7	2281.7
1062.3	1050
1741.8	2106.7
1152.7	1962.1
3622.4	1580.8
331.97	1153
3476.5	2519.9
3884.2	210.59
1407.3	2638
1320.4	2092.5
47.17	1999.7
4566.2	1894.2
1705.2	2092.2
2089.7	2424.3
1773.3	2200.5
679.6	755.2
1411.6	1799.4
4990.7	1977.9
1050.1	1589.6
4521	3178.8
2401.2	1754
746.84	1791.9
761.65	2921.6
4139	80.356
186.17	1101
1077.5	1437.8
2178.9	2413.7
792.03	1779.7
3961.2	499.19
3832	2042.4
4577.7	2736.8
3282.3	822.63
1706	2322.7
903.37	1185.4
184.46	1006.2
4170.2	1087.6
777.2	337.17
1937.9	2338.1
859.94	1586.5
3839.5	758.82
6354.3	3930.8
589.67	291.35
3460.3	2454.5
7282.7	2343.1
677.19	1750.4
3956.2	481.84
157.78	1174.3
2409.9	1958.7
5137.3	263.66
165.69	2145.6
4750.4	2951.7
433.86	305.7
3793	2296.7
1818.3	2293.6
1495.9	2047.2
43.545	1009.7
485.74	215.69
661.64	369.93
347.27	304.95
2497.6	4281.9
2414.6	2051.7
1575.2	2088.5
147.47	1258.9
320.87	1140.1
1487.3	2476.8
1389.6	3093.8
2063.7	2376
1157.8	2219.2
1573.2	2093.2
1064.1	1621.9
3608.6	785.16
5684.4	608.88
367.29	1654.2
2795.8	4508
1697.3	1850.5
2476	1654.7
4599.2	273.71
1169.1	1751.5
4093.9	565.56
6334.8	2634.9
1571.2	2224.8
497.46	112.52
5000.5	2345.3
452.42	275.92
5140.2	1963
3634.9	2339.1
2417.8	1741.9
325.1	296.65
854.5	1206.9
5101.4	552.35
5327.5	4485.7
154.87	1210.6
590.39	153.3
3312.1	2771.9
1776.4	1994.4
712.56	2930.7
6861	2631.4
4489.2	1904.1
2295.3	2246.7
4195.8	1974.6
1649.5	1844.6
2742.2	2576.6
1660.3	2348.7
209.87	2168.7
439.83	48.906
2595.4	1770.9
1533.6	2060.9
1494.7	1897.8
3638.9	333.67
2910.2	2245.2
2747.5	1609.4
3589	1429.5
328.28	75.643
4105.5	2598.6
6612	2677.9
4101.4	550.52
5189.4	2638.4
1466	2331.7
1755	2474.4
4231.3	454.01
1697.3	1849.3
4807.6	580.78
1751.8	2343.2
3790.5	2289.1
1183.7	2309.2
1760.3	2278.8
6324	2576.4
1632.1	1850.6
2565.6	1509.8
116.3	402.39
239.5	1275.5
734.92	1749.4
1965.9	2909.7
1338.8	2468.7
1667.8	1847.8
605.18	566.41
6757.8	2286.7
4262.8	784.23
7023.9	1432.5
4815.1	2511.8
560.09	190.64
3893.7	1989.1
491.41	122.81
1695.3	1998.1
6778.7	924.67
4187.7	66.868
1775.8	2117.1
5294.6	1271.5
4254.1	1204.2
3620.3	2476.7
1170.5	2009.2
6768.2	887.8
3484.5	495.63
1124.2	2533.3
898.87	1106.8
1598.8	2610.3
1707.4	2324.8
3608.7	2353.8
1678.3	2329.7
4132.3	2056.3
5296	2786.4
4963.8	889.77
3951.2	440.91
4767.1	2952.1
3863.1	605.82
4477.4	3137.2
1075.1	1736.8
1398.8	2475.3
1477	2485.8
5670.8	2860.6
4270.2	794.27
61.946	1796.1
3825.1	1530.6
5501.2	30.806
4999.7	2269
5175	2617.6
395.25	1304.1
2020.5	2421
2603.9	2000.5
2503.3	2317.2
821.17	1237.8
5596.2	1900
4111.8	1392.7
3381.8	1394.2
812.97	1392.7
362.7	1678.7
5465.2	3236.2
5159.5	2633
2543	2451.3
1120.7	2313.2
6739.2	1974.8
5400.9	2393.3
1344.9	2329.5
1606.2	2118.3
3958.8	517.69
1226.3	2413
3342.2	1570.9
1721	1893.3
2941.9	1445.6
4179.7	1365.4
483.26	1574.5
4229.7	198.75
3078.9	3148.5
2588.8	2062.8
4968.4	3966.2
5500.7	3082.4
1334.1	2492
3505.5	1334.1
1042.8	454.39
3572	1707.3
2398.5	1754.3
2945.5	1319.3
5860.4	2092.1
1047.9	3083.3
1962.3	2348.2
3773	2318.8
4963.7	2631.3
472.53	425.68
188.6	2122.1
3796.7	320.74
4177.5	1366.1
6032.1	1664.3
185.04	2560.5
4202.3	1949.1
4719.4	2754.1
477.2	1951.7
3208.4	1380.4
2102.6	2414.1
2903.4	2398.4
