5596.1	2027.1
1926.8	2548.7
796.61	2303.5
1988.6	2559.1
1620	2344.5
2068.8	2250.9
1907.2	2548.7
2068.2	1814.4
4884.4	2112.1
719.51	1615.2
877.32	977.08
4255.1	3092.3
2044.9	1819.4
1491.5	1532.1
6175.7	1978.4
2824.2	3045.1
160.39	2159.9
2091.4	1821.6
2194.1	4857.9
1560.4	1238
1595.2	1397.5
306.76	2356.3
1486.5	1844
1939.1	2513.2
838.66	1695.6
471.33	2375.7
5944.7	1383.1
6672.6	2296.1
6281.7	1966.4
1140.4	2734.5
428.13	2234.6
981.93	2160.8
1554.5	2424.8
1002.8	2143.1
2054.3	2459
1448.9	2135.1
5092.2	2088.8
1898.4	2516.8
5559.8	1937
2197.1	2280.6
954.48	1779.3
1920.5	2280.1
2939.7	2468.3
1733.1	1814.4
1557.7	2048.6
724.39	2795.3
1728	1973.4
1758.2	2002.5
1756.5	2632.5
1535.2	1631.7
435.19	1374
1877.8	2492.6
2288.8	2466.7
90.668	990.69
863.71	950.32
68.85	2153.4
467.12	2502
1366.3	2413.7
1493.8	2580.8
2446.7	2682.6
539.98	1470.4
1199.7	4787.6
993.6	2353.4
5325.1	2096.8
1732.3	1973.1
1627.8	1528.4
1711.6	2274.9
1499.1	1551.7
835.3	1244.7
2709.2	2302.9
1657.5	2441.8
6173.5	1984.1
3247.3	4641.1
3265.5	2502.6
355.2	1161.6
1539.1	1274.3
994.79	2483.1
1568.6	1946.9
2357.1	2466.3
1756.6	1817.7
453.83	1287.9
1428.4	2991.7
2921.2	1863
995.07	2453.9
1404	2671.2
3533.6	3113.4
3250.6	4641.9
4258.8	3092.2
1756.5	1817.2
160.24	347.09
827.4	1549.2
1330.5	1496.5
2483.7	2690.7
4314.1	622.79
1852.9	2161.4
5317.9	1329.9
1797.4	2639.3
3259.7	4643.3
1863	2231.9
897.65	2312
2067.4	1795.9
2382.4	2324.2
1549.8	1677.5
2692.8	2385.6
1541.6	1614.6
1421.3	2429
687.58	1392
1544.7	2149.3
7079.1	971.01
1037.1	1486.2
562.18	2179.1
700.3	1415
1079.9	2949.8
1190.7	4792.2
5529.1	1603.7
580.37	1961.6
2266	2069.1
6366.8	862.07
7266.2	2693.2
1414	2162.1
1588.8	2200.1
815.25	1548.2
389.78	2778.9
2583.4	2250.9
1794.2	2721.7
2276.9	2466.5
2208.2	2218
1785.5	2046.6
1584.1	1751.4
1719.8	1980.3
6741.5	1690.9
3261.6	4644.5
2079.2	1796.3
1479.6	1560.9
1630.8	2032.5
1545.4	2169.3
1473.7	2115
1691.2	1913.6
354.95	664.46
2025.4	2440.2
1652.9	1860.6
2298	2458.4
1862.6	2201.7
1856.4	2170.3
817.66	1536
3159.9	1489.4
993.22	2256.6
900.88	1665.4
2228.8	2159.5
806.53	1566.3
1264.4	1751.7
1781.7	2070.5
6462.2	1359.4
1726	2151.2
1485.4	1556.2
1119	1519.4
1666.6	2056
5124.7	3984.1
2238.2	2547
897.71	2344.9
498.28	1260.7
2213.9	4878.8
5867.1	2043.1
1545.1	2415.3
497.72	1260.2
564.91	2310.1
687.93	1391.1
1518.4	2006.2
1926.7	2470.9
815.98	1535.6
1442.8	2126.3
5962.6	1480.5
1406	2158.4
2004.6	2439.4
2369.4	2198.7
1554.2	2032.4
4754.1	2148.3
2457.6	2982.7
2171.9	2306.2
95.86	211.31
497.76	1278.7
3603.8	268.43
5358.3	1883.9
1556.5	2398.2
2106.3	2447.5
1431	2093.4
5064.4	1947.9
6719	2409.6
1284.9	2041.5
1167.3	2099.5
2184.1	4878
2215	4876.3
7023.3	1319.3
352.03	630.24
1679.7	1906.2
1889.7	2522.5
2269.1	2055.8
6646.6	1701.1
1285.1	2041
3251.3	4626.4
1474	1514.2
1618.9	1556.2
1189.7	4805
736.82	120.41
1622.5	1537.9
746.17	1960.7
2196.6	2303.8
2005.4	2414.3
2220	4894.7
1274.6	1732
2185.7	4880
6721.8	99.629
1533.7	1298.6
1315.3	2111
2183.3	4877
2174.7	2303.7
1468	1743.6
2342.8	2417.6
692.19	1093.4
2221.8	2168.7
1710.4	1740.3
1270.8	1750.2
420.38	3153.5
1184.3	4782.9
2036.6	2474.2
1116.9	1042.7
1464.5	1802.8
2221.8	2200.6
6175.4	2027.2
1940.6	2362.6
1969.6	2455.9
2047.8	2415.3
3254.9	4627.2
2584.5	2247.9
1264.2	1728.9
1184.8	4783.2
3159	1478.9
1201.4	2357.7
894.6	2437
4865.9	2354.7
2269.6	2075.4
3299.8	4720.6
2163.6	2322.5
765.77	2343.6
1855.1	2226.5
931.92	1660.6
520.41	838.38
2004.4	2451
1718.6	1823.9
5691.1	1619.7
4579	3375.4
1474.8	2708.3
1671.7	2204.5
2432.6	2678
1417.5	2005.4
6169.4	974.85
178.93	2305.4
1727.1	1994.8
1749.7	1843.1
3326.8	1968.6
1405.5	2169.8
2015.9	2363.2
2015.5	2364.4
2178.9	2290.9
1332.5	1759
678.89	1406.1
2062.8	1794.7
1190.5	4773.7
640.58	602.07
966.14	1121.2
1479.2	1769.1
1480.1	1499.3
1714.4	1972.1
1621.8	1584.6
1200.7	4769
2425.3	2114.6
934.12	1648
660.57	1039.2
2142.1	2311.3
1215.9	4771.1
1385.8	1764.1
1531.9	1290.4
4984.1	953.16
1866.1	2201.7
476.53	828.29
1585.1	1742.4
2282.5	2075.7
1695.3	1767.8
1961	2473.4
1558.2	2224.6
1983.2	2464.2
2724.9	1866.9
5520	1619.1
5222.7	1850
1543.7	1655.9
5102	1897.7
1942.4	2318.5
2131.9	2379.9
2253.3	2116.3
2293.8	2044.6
1649.8	1863.8
2782.5	2385
2371.7	2406.7
1421.4	2184.2
2320	2409.6
4624.4	572.3
898.69	564.33
1708.5	1936.4
1504.1	1643.4
1619.2	1895.6
5447.3	1820
762.04	176.28
672.34	1377.8
668.69	1973.2
5499.5	1810.5
2076.7	2448.7
5239.2	1683
2179.3	4873.5
1987.3	2491.2
1643.2	2030.8
5621.6	1990.8
1661.4	1656.5
1741.6	2201.8
2045	2450.8
1458.4	1604.7
1717.4	1941.7
1505.8	1534.8
2690.2	2274.1
568.9	2236.7
2361.4	2572.7
1429	2072.3
622.31	1503.9
1970.2	2473.4
1494.9	1561.6
663.57	1041.6
2162	2448.2
1684.6	1902.8
2072.9	1801.8
2286.2	2120.5
2985.9	1817.7
2890.1	2330.5
1964.6	2313.8
3034.8	3001.6
1293.1	1722.5
1925.7	2284
1099.7	1001.7
1500.3	1387.4
3310.2	4725.2
2025	2451.7
1483.8	1915.7
5027.1	66.423
3116	2472
808.89	2031.9
4557.4	1732.5
3393.3	764.77
1634.9	2394.2
1392.9	2137.4
1702.8	1742.2
3273	4649.1
1467.7	1545.8
77.77	2220
764.22	2391.3
1263.4	1736.7
1298.6	1958.3
2075.4	2461
2331.1	2174.7
599.83	2994.1
1539.9	2292.2
1262.9	1735.9
1704.1	1787
2166.8	2505.1
1969.8	2470.9
1445.6	1690.8
1709.7	1817.3
281.05	2046.9
1780.7	2112.5
892.11	2318.4
828.78	2303.1
6424.5	2651.8
2364.2	2424.2
1741.4	1957.9
888.91	2328.4
2425.4	2100.7
5664.1	4827.3
1006.4	1776
2866.9	2346.6
1472.6	1796.2
1615.3	1541.1
1600.1	1781.6
1979.6	2565
255.39	3792.3
1096	831.05
1350.1	1767.5
1431.1	2069.9
3311.2	4724.1
1497.3	1423.8
3980.6	2304.7
1593.9	2058.1
2417.3	2117.2
3263	3368.7
672.85	1977.8
1612.7	2649.5
5036.4	1561.2
1439.8	2031.7
1586.3	1466.3
2195.7	4884.1
943.81	1691.4
757.87	735.18
943.83	1727.1
2219.3	2244.3
1620.3	2034
1357.9	1213.3
685.23	2276.6
1429.6	1783
3296.5	4717.9
2920	2299
2302.1	2556.3
823.45	2382.3
1494	1486.3
552.33	2188.2
148.88	2300.4
899.78	850.15
5345.8	1578.4
1434.7	2175.8
1585.5	1774.2
1698	1745.6
1315.6	1740
2288.7	2481.6
1592	1804.2
2095.5	2459.2
4139.2	865.24
5094.1	1010.2
1307.9	1736.4
1937.9	2586.9
1677.5	2015.7
2585.8	2563.9
1550.7	1695.7
1550.1	2208
205.65	2026.7
1451	1886.8
692.03	1053.3
524.82	1387.4
6675.6	1419.3
974.83	1672.3
1021	2184
5530.6	1535.9
1460.2	1871.7
2086.9	2447.6
904.5	875.71
6781.5	2413.6
1702.9	1975.1
1378.7	1215.7
1562	2818.3
5516.5	1416.6
2017.2	2417.2
1233.7	2463.4
1719.7	1967.3
1262.6	2307.9
537.91	1312.5
3146.9	778.83
3224.4	3253.4
1566.5	1656.9
5524.3	1478.6
1921.1	2465.7
1642.8	2205.5
4980	940.88
4454.5	31.797
3695.3	1180.7
1726.3	1837
2598.8	1895.1
1449.9	2285.8
4619.5	325.14
2817.2	1826.9
4789.6	1012.7
3346.2	3102.2
1247.5	1750.8
1476	1955.5
6583.5	1335
998.79	1465.6
525.85	2020.4
1194.8	4871
1977.1	2425.4
905.82	1712.7
2657.9	2273.7
1475	1590.2
5039.4	1880.8
194.67	1979.3
4289.5	1901.8
954.42	2335.4
809.63	327.81
1474.4	1870.6
3390	874.46
1418.6	1790.3
2422.3	2118.5
1461.2	1676
409.03	2336.2
637.48	1710.9
1818.7	2316.2
6554.2	275.49
1791.9	2063.6
1636.5	1578.8
7027.3	2551.7
3184.7	1502.1
1522.5	2132.2
5967	1474
3032	3250.6
1358.7	1216.6
1157.8	1105.4
1507.1	1946.8
828.17	839.1
1825.6	2302.8
2170.1	2301
3597.4	797.08
1258.1	1764.7
298.68	1189.1
3795.8	806.16
1595	1650.9
2281.7	2481.2
7158.6	1347.9
1982.4	2474
1502.8	1233.1
3169	1476.6
3903.8	917.7
607.19	2359.1
7236	1290.1
904.46	2691.8
2377.3	2737
1544	2198.8
1427.4	2020.1
2717.8	3043
934.45	1393.1
2886.3	2453.2
941.94	2393
1603.9	1777
1484.1	1585.8
462.05	2493.2
5432	1290.8
2679.6	2384.8
3413.2	1614.1
3370.4	1093.5
3479.4	987.25
833.12	855.82
1425.3	2177
668.51	1363.6
725.87	409.48
1969.8	2435.7
1650.6	1659
1406.5	1797.6
419.26	4208.3
53.754	3575.2
1516.9	1284.7
3265.1	4634.5
1935.5	2556
3575	1298.6
1584.3	1455.1
2556.3	2473.7
818.09	2189.3
2114.3	2368.6
1784.1	2132.2
3368	2011.9
1687.3	2816.3
3311.8	1451.9
973.76	1095.1
2035.6	2450.9
4568.8	790.19
5620	4701.6
1739	1856.7
2164.1	2394.1
2887.8	2360.8
1716.6	1841.7
1306.4	2102.7
3373.2	2008.5
2689.8	2276.3
3772.9	1706.4
1423.6	1393.5
827.94	2329.1
1281.5	1721.4
3412.9	1614.4
2661.6	2273.8
1918.8	2531.6
1330.1	1528.5
7064.2	2288.6
1400.4	2006.4
1525.5	1300
843.87	2185.1
4919.3	443.47
533.65	2903.3
1996.6	2479.9
66.258	2557.5
1466.2	1647.3
2221.8	4867.6
1464.5	1729.1
3272.7	2097.5
6288.4	488.47
7142.8	1309.2
1384.5	1617.2
594.88	2348.7
2617.2	1928.7
1425.7	1399.6
1355.5	1497
907.15	1336.8
178.63	2661.5
3593.8	239.98
1976.3	2477.9
955.29	1672.9
198.51	1748.4
1278.7	1766.4
3595.3	234.62
1454.4	1875.7
1425.4	1706
1723.9	2026.5
687.9	2709.3
1957.8	2649.8
1598	2957
6111.6	1928.4
322.19	1827.2
5128.7	751.84
117.66	871.74
1160.5	1475.7
3490.1	662.92
1627.5	2386.9
1607.1	2734
897.35	2041.1
830	646.47
3120.4	2696.5
2261.1	2351.7
1441.6	1825.9
1734	1918
3812.1	737.25
1375.9	1437.8
4638.8	630.99
680.16	2366.4
3567.4	345.05
1370.9	1479.6
1308.1	2547.6
884.47	2197.5
4304.8	623.65
3754.7	3289.7
72.968	2382.4
1422.5	1919.9
702.38	1498.1
468.15	237.42
1382.8	1807
1615.3	2728.1
6445.2	1392.4
3974.5	2522.9
1812	2096.6
1794.8	2147.8
1962.8	2443.7
6940.9	2356
2005.3	2445.4
2678.9	2240.9
5938.3	978.95
3562.7	529.2
1544.3	2195
3916.1	1021.4
7137.6	1265.1
1643.1	2423.6
2624	1925.8
2179	2504.4
3369.1	1536.1
1728	1878.5
3967.9	498.13
3313	4737.1
3312.6	1481.6
1430.1	1723
1681.1	1664.1
3155.6	756.56
1489.4	1247.1
582.52	2106
1278.6	1210.8
673.98	2319.3
305.13	57.745
695.54	334.74
1460.6	1778
3587.5	753.92
6440.5	2486.8
1309.6	1660
1453.9	1773.9
4792.7	2132.6
5989.9	114.98
534.69	2784.7
1705.6	1909.7
2116.4	2386.9
823.96	2394.2
3458.5	997.64
1618.3	2047
548.25	2996.6
2170	4867.3
4075.2	2075.1
1673.8	1678.4
2622.6	1959.6
3355.5	1534.2
2036.2	2460
2182.3	2424.5
3708.1	1515.3
3313.1	1731.3
3353.3	2151.4
633.44	1502
3463.4	1833.1
1520	1326.6
3204.3	747.4
123.19	2476.7
1721.2	2690.7
3717.2	1158.5
637.58	181.99
6391.3	293.41
4948.9	2740
1969.2	2466.1
2499.9	2711.1
566.78	2317.3
1352.8	1210.2
5049	445.04
1299.3	1642.4
3565.1	520.35
2353.5	2427
1441.8	1661.8
1483.6	1903
1457	1669
772.7	521.65
3849.2	172.82
1450	1262.4
1000.9	2197.4
1780	2033.4
3942.2	306.7
1514.3	1395.1
2713.9	1868.7
936.51	2212.2
410.01	2045.5
1400	2379
3539.6	2344
748.03	1611.4
649.62	197.35
1334.8	1475.6
1274.7	1527
1342.1	1904.8
3268.6	1993.9
1045.4	878.73
2654	2283.2
1679.6	1896.7
2358.9	2454.9
483.93	1689.5
2198.8	2480.6
1255	2358.9
638.53	1567.4
2601.4	2235.7
3269.2	1329.1
637.35	1500.7
1566	1957.5
2099.1	2479.8
3417.3	1218.4
15.702	2326.6
5269.4	2069.9
1224	2410.9
4061.9	1351.2
1321.1	2105.4
1265.9	2352.1
5029.5	2475.1
1420.7	2120.5
62.161	1957.7
2315.6	2398.5
1640	2017.7
2524.7	2114
1642.8	1551.7
554.18	1313.4
1294.5	1677.6
3501	1205.9
5620.6	279.35
2035.3	2462.7
172.82	1135.2
1464.4	1462.7
3965	1500.1
1934.3	2476.3
3570.1	1086.1
128.67	2392.6
3793	577.08
2175.9	2420.7
120.41	178.88
777.69	536.61
3867.9	309.28
2695.7	2300
1845.8	2168.5
883.54	826.11
2106.3	2444.1
2284	2614.3
5166.2	1022.4
1630.6	2408.7
69.628	2469.6
1383.6	1401.2
3309.9	2797.6
3313.3	1728.9
6711.3	1528.6
2188.5	2320.4
67.139	2475.6
3546.5	1336.1
1453.9	1839.9
3515.5	2291.5
1426.1	1372.1
555.93	1313.8
818.76	622.59
934.44	861.07
2047.9	2526.4
3169.4	2534.1
3325.4	1049.3
4248.9	3342.5
4961.4	1589.3
2367.4	2565.1
2179.4	2500.8
1501.1	1352.8
1976.7	2470.6
3169.6	1879
2066	2460.5
3596.3	1929.6
2180	2497
1179.3	4801.7
879.92	2191.4
2503.2	2508.2
4363.6	522.72
3311.1	4741.5
1087.6	1001.3
1157.4	4778.3
3845.4	2396
1180.7	4880.9
2619.6	1945.5
1405.5	2119.8
1474.4	1196.6
2077.1	2470.1
1752.1	2097.9
1951.6	2315.1
1502.9	1803.8
3755.8	520.71
2002.6	2377.9
4022.9	1804.7
3581.9	248.94
598.58	2083.8
6851.8	2339.2
5520.4	1451.4
931.85	2441.8
1662.5	1838.1
1916.9	2556.3
1697.4	1759.2
3612	771.61
2445.5	2151.4
4649.8	1655.2
747.21	460.27
3880.7	2031.1
3457.5	1839.9
1814.7	2084
3891.2	891.49
938.64	874.47
1391.5	1208.6
3813.2	320.64
623.97	122.88
1302.7	1524.5
1511.6	2350.6
2087.4	2450.5
3489.5	888.63
6874	2484.8
1707.9	1727.5
2434.3	2657
2248	893
3691.1	1586.7
1510.6	1433.9
1453	1729.5
1454.2	1697.9
2354.3	2175.9
1220.5	2410.2
1736.7	2400.5
1257	1691.4
5176.2	2031.8
1332	1448.3
1059.8	1231.7
764.18	507.84
2333	2399.3
2677.8	1878.9
814.89	3983.5
2036.9	2447.2
3363.3	1011.9
1643.5	1672.7
2094.7	2502.4
4653.1	340.71
1508	1435.1
2298.6	2516
6801.5	2499.6
1736.6	1874.4
3382.7	1298
3544.1	2310.2
910.03	1601
996.98	1770.1
3104.3	2712.9
4006.4	2002.2
1585.2	1845.3
3674.2	1442.6
1673.6	1963.4
1377	1704.1
3255.5	4610.8
1427.2	1970
437.16	1863.1
1736.7	1898.4
5964	1516.8
257.9	1979.9
4870.5	2473.6
1415.6	1880.5
1414.4	2138.4
3601.3	2228.9
2191.7	2318.7
4614.4	1972.3
1522.8	1292.9
1314.6	1625.3
2386	2212
2674.8	2264.5
2230.4	2264.9
3651.1	1668.2
1037.4	940.03
433.96	1854.6
1508.8	1376.2
1416	2378.9
1885.9	2472.8
1616.7	2374.7
911.95	986.19
4554.1	3877.4
1178.2	2080.3
1519	1362.9
1777.8	2153
1207.5	2106.3
2954.9	2200.5
4563.7	428.85
5037.9	1629.6
2001.9	2376.5
985.37	2849.5
1377	1526.6
405.65	2235.6
1279.8	1978.7
1511.6	1398.1
1549.7	1443.3
1457.6	1729.9
1946.6	2637.7
3504	600.12
3598.7	1780.6
3534.9	448.33
767.55	169.12
1431.7	1367.7
1366.2	1193.5
2510.2	2082.1
4396.6	1397.9
5417	1228.2
6148.8	1589.8
7030.8	2577.5
5009.6	2462.3
102.11	4048.4
1964.2	2325.5
4260	1048.2
1932.2	2476.1
2024.1	2375.8
3763.6	698.56
3440.3	672.89
1510.4	2013.5
525.51	2947.6
6633.1	1629.1
1494.6	2069.1
1654.6	2747.5
2344.3	2187.3
3531.7	2002.2
1042.7	2913.5
1952	2311.8
2844.1	3040.7
3730.1	760.82
1425.6	2118.8
4599.5	86.568
1332	1611.8
369.84	2154.9
272.43	2421.3
3510.3	1130.9
768.45	2850.3
1722.7	2010.8
4118.2	196.89
1499.8	1504.2
597.15	1909.5
1271.4	2413.1
2375.6	2186.3
3851.1	358.54
3617.4	2923.2
207.98	275.06
887.5	628.6
444.19	1876.3
974.26	2239.3
2394.1	2288.4
1481.4	1352.9
751.41	458.88
3749.9	147.49
3200.4	2255.1
1546	2448.9
2502.6	2554.6
2696.3	1951.2
2180.2	1289.8
3570.3	1385.7
1435.3	1885.9
3373.8	1438.1
1399.9	2101.1
2175.5	2377.3
2711.3	2264.5
1394.5	1457.7
860.89	1533.6
1334.1	1614.8
1181.3	4808.3
1291.5	1621.3
1679.1	1927.5
730.26	1069.5
1488.8	1259.3
1474	1526.2
4738.4	1164.5
1007	1446.4
1035.4	2001.1
1457.8	2314.8
1965	2325.3
1053.9	978.45
1958.2	2440.5
1144.3	4785
3745.4	361.55
906.57	1331.6
3710.8	1506.8
3356.2	979.58
176.39	1134.6
2234.3	972.26
3503.5	1179.4
3412	692.82
1012.7	1010.2
2722.6	1872.9
2015.7	2405.7
1482.6	2283.8
3850.2	2421.4
691.83	1403.9
3342.2	772.39
3598.2	2353.8
2733.8	2349.8
3325.2	1015.9
774.34	2018.2
632.6	1350.9
1272.9	2101.1
3731.9	761.03
1724.2	2661.9
3585.4	764
5014	1924.7
3506.3	955.28
1648.1	1907.9
4562.8	491.22
970.06	1650.6
2680.7	1886.5
1903.8	2388.5
6924.5	1229
6544.6	1216.3
3251.5	3046.7
3380.2	538.75
3843	271.81
2361.6	2140.7
2517.5	2247.1
2290.5	2024.7
1394.6	2408.1
1436.2	2350.2
98.915	2814.9
5434.9	2092.7
1709.2	1725.5
2153.9	2449.4
3332.7	929.62
3562.2	1161
1846	2155.4
231.29	937.97
385.29	611.08
3399	1088.2
1415.1	1837.6
1471.8	1643.6
2902.2	2321.1
3605.9	750.95
134.19	3188.5
3286.8	980.91
3856.5	1056.2
1516.6	1215
2544.1	2070.5
1458	2269.8
6531.2	2530.4
1549.6	2114.4
1239.7	2378.5
2496.4	4644.6
1958.7	2446.9
3284.9	4641.8
393.45	2039.5
3353.8	1019.9
218.05	2318
2173.4	2456.2
3809.4	932.17
455.19	1165.8
1479.1	2177.3
1417.2	1828.6
3203.9	1484.5
996.77	980.52
130.31	2612.8
3902.7	209.82
1725.9	2011.8
1641.7	1674.4
1944.1	2651
7030.4	2503.5
3065.3	3049.7
3554.1	541.34
6991.8	2271.9
1453.8	2082.1
2345.9	2202.5
2229.5	2223.5
1191.1	4793.8
1551.6	2186.4
3617.7	1318.8
2123.6	2665.4
3444.8	685.55
1633.4	2037.4
786.06	1779.4
1455.9	1624
1331.1	1745.9
1382.1	2242.9
1558.7	1746.7
1317.6	2094.1
3497.6	1313.5
3787.6	953.74
2059.8	2373.9
1347.5	2244.9
3544.8	1606.9
771.59	525.5
1927.5	2565.9
3599.9	1278.2
1317.4	1749
2346.2	2458.6
3300.4	4718.7
2568.7	2187.5
3109.1	2654.9
1417.1	1439.7
2314.5	2497.4
779.87	2284.1
3516	998.71
249.26	3161
745.19	99.929
1329.2	1607.9
2799.8	2363.2
2188.1	2269.6
1410.2	1384.8
837.89	866.48
1503.9	1470
2522.1	2004.4
3963.7	188.25
1322	1487.9
3434.8	597.94
1481.2	2134.5
3317.3	1072
1816.9	2083
3576.9	704.89
1204.3	2036.5
996	1455.1
1339	1623.4
6590.9	1035.1
3841.5	289.95
783.66	2838.5
1293.3	2032.5
2332.4	2215.6
318.02	485.64
1321.1	1912.2
3876.7	860.06
1240.3	2336.5
5930.4	1683.7
3541	1278
3751.7	1131.7
2019.5	2380.9
648.84	1583.2
1578.2	1449.9
1307.2	1949.9
3551.8	1658.3
2019.4	2403.2
3528.3	705.69
1456.9	1682.7
4434.7	1935.3
1550.9	2436
3284.6	4643.4
2235.6	2223.3
3428.7	914.57
4831.1	790.89
3815.6	296.43
3573.8	531.35
3579	685.68
1723.3	1956.5
1449.2	2720.8
7207.3	1555.8
2250.1	871.54
1278.6	1993.4
942.36	2500.4
5924.1	1995.8
1584.3	1727.5
1805.5	2090.2
897.58	2673
76.238	2456.2
1488.4	2038.3
1199.4	2104.3
3497.1	1045.2
4876	2373.8
5457.5	176.16
3394.7	2041.5
803.83	573.7
1776.2	2145.9
2331.4	2073.3
1714	1774.5
69.942	2408.2
2641.1	1914.9
3889	1442
726.28	22.102
2432.8	2086.3
1126.2	1205.7
1469.8	1640.7
3145.1	2305.9
4492.6	2416.4
1308.7	1950.8
1572.8	1314.4
1279.1	2019.8
3398.2	1379
3784.3	603.75
1117.4	913.19
1958.4	2373.5
6728.5	1693.6
4730.6	752.72
1631.5	2438.8
1371.3	1528.1
3860.9	249.24
3278.7	4712.7
3776.8	325.74
3479.4	430.45
3373.8	2315.6
1779	2160.6
2928.7	2013.3
1387.8	1474.4
5024	221.27
3335.8	775.8
3520.1	781.11
1964.5	2426.1
1603	1506.3
1304.6	1950.7
3541.4	724.38
1317.6	2097.2
1327	1642.8
2220	1043.9
1959.1	2358.8
1546.6	2286.8
139.16	1756.7
2822.2	1880.5
708.42	1075.2
2635.9	1948.1
1537.5	2339.6
928.35	860.05
5616.4	3397.3
749.15	2147.8
1358.7	1525.3
219.95	272.58
1470.5	1424.6
1359.8	1746.7
194.69	2030
493.47	783.24
1138.3	971.79
2100.9	2487.7
2736.2	2444.1
1387.8	1528.8
3487.8	1191.8
1359.8	1689.5
4336.8	1888.1
4632.5	439.67
1589.2	1335
5588.9	310.14
5992.8	754.58
1692.9	2804.3
2898.6	2444.7
4699.8	2151.5
1319.9	1451
1475.8	2035.1
1447.8	1871
3970.8	1510.4
1385.3	1475
2847.3	1901.9
3872	696.99
2121.6	2431.1
1271.5	2033.2
3873.8	939.17
3506	893.3
3211.9	1784.2
3521.9	1299.6
282.38	3098.3
1486.7	1432.7
3395.8	1166.9
1428	1928.2
1318.5	1605.5
911.53	678.26
1152.5	1501.2
3195.2	2200.1
578.96	843.2
3192.1	1301
3202.3	1705.2
1416.5	1492.4
3887.9	1798
3370.7	1284.4
1972.5	2443.1
3607.9	754.62
2616.4	2595.1
1187.2	2096.9
1439.3	2112.2
694.68	339.18
2699.1	1894.9
1389.1	1442.5
1562.9	1286.5
1336.2	2224.4
3402	1049.6
1420.7	2205.2
3839.1	423.09
1637.2	1674.1
3879.9	1789.6
2570.1	2375.7
2329.2	2882.8
830.96	1567.8
3290.1	4709
3662.1	1663.1
3353.6	1006.3
3744.7	168.59
3669	470.17
3873.8	740.67
2283.3	2431.8
1333.8	1461.8
3514.1	1201.5
2166.3	1348
3663.4	255.34
2246	2301.3
2190.7	1236.2
3868.1	2154.5
687.67	593.7
71.938	1921.6
3571.1	663.74
6678.3	1749.1
2407.2	2147.3
2285.4	2733
1270.2	2037.4
3550.4	852.41
3557.5	1586.9
26.06	2261.7
1518.2	1371.9
1610.7	1546.9
3296.5	1216.7
3856.8	270.73
3451.8	763.79
688.47	582.6
3435.6	598.28
3537.3	475.9
3460.8	806.03
1318.8	1650.5
1963.2	2460.8
553.43	919.92
1557.5	1258.6
2887.8	2410.1
1416.3	1685.9
1444.9	2155.7
2883.8	3154.2
3236.3	1358
3341	698.74
696.98	1354.3
2254.1	2280.6
3486.9	1934.9
3413.7	1635.9
1480.6	1231.5
1480.1	1388
2724	2450.9
3257.4	1990.1
1403.8	1421
2254.6	2598
1346.9	1744.8
3143.4	2368.9
4094.9	647.71
4001	604.5
2530.6	2530.8
3368.2	974.03
1508.3	1558.1
6044	674.31
3572.2	628.17
3439.2	654.97
3393.3	1221.9
2599.8	1929.5
3709	1582.2
1068.3	1705
2014.3	2472.4
2254.2	874.11
1294.1	2035.3
2682.3	2640
3292.5	1457.9
812.68	2155.9
1537.7	2214.3
850.31	1568
3391.4	1298.9
3656.1	208.71
3574.2	590.34
1945.6	2402.5
3589	1243.5
3816.5	983.74
1526.7	1704
3876.5	2047
1697.7	2043.6
1377.9	2203.3
1386.7	2162.4
1253.9	1667.6
312.47	1503.8
3428.7	770.31
7048.6	2273.7
151.67	3932.2
3399.8	2158
1317.2	2049.8
4537.8	300.18
3560.1	1165.2
3427.5	771
4463.7	2985.6
1350.9	1721.1
3436.1	658.25
1502	1219.7
4449.8	1565.5
3187.4	1414.6
3610.9	2250.2
1912.4	2465.9
3319.9	977.16
3393.4	1271
1350.5	2200.3
2177.9	2279.9
5426	4896.9
3301	1142.3
251.72	967.13
2031	3911.4
1413.5	1705.9
4683.6	1961.6
2301.1	642.88
1488.7	1814.2
1104.2	2510.4
1654.5	2957.9
3959.6	1050.5
1777.5	2464.6
4831.8	279.34
2020.7	2382.9
1639	2046.4
2269.9	780.88
3458.1	3626.2
1483	1419.7
623.26	2095.1
1434.1	1604.8
4374.4	1317.1
3828.1	955.07
3858.8	379.91
1758.6	1952.4
1789.9	2490.6
1350.4	2412.9
3610.7	248.8
4555.5	3926.2
3297	1193
5966.3	2050.1
2511.2	1942.1
3501.5	857.16
3067.1	2522.8
3519.1	944.91
6674.3	2348.1
3518.3	1074.1
2046.5	2434.4
3502.7	995.76
204.15	2954.1
3512.1	824.64
1366.6	1686.2
746.34	2852.1
5426.1	679.31
1589.5	1979.7
5898.9	1827.7
723.84	110.94
1957.6	2338.9
2927.9	2254.2
980.04	1327.4
1378.8	2373.8
3697.7	215.9
3562.8	2894.8
4340.9	620
4068.6	213.89
954.91	1355
3414.4	972.58
3354.3	1737.6
3824.8	282
6603.2	1087.8
3105.1	1742.2
4913.3	22.79
1369.9	2070.4
4295.8	3212.8
3701.4	2348.9
1542	1260.5
3526.5	626.78
1477.2	1651.1
432.87	2378.4
5546.5	177.18
3867.7	1436.2
7120.1	1352.4
3846.9	1129.2
4930.4	50.452
2865.1	2361.7
3299	1030.7
1370.8	1658.3
3551	322.66
4009	2076.5
4432.8	2080.4
3814.8	925.76
1254	2089.2
1393.9	2382.3
1696.2	1659
1394.8	2386.4
20.945	2559.5
6069.4	2025.1
3127.4	2771.8
3412.2	1406.8
2129.6	2396.5
1328.1	1668.6
4456	1198.4
4957.2	2503.7
3451.3	816.99
3275.9	1672.7
905.85	2180.1
1324.7	1556.7
3850.7	327.72
4679.8	1677.1
3444.8	1894.3
4870.9	2513.6
4241.3	3203.2
2888.5	2386.5
5290.8	79.65
3615.3	1480
1321.8	1632
1542.6	2441.6
2743.1	4482.1
2299	678.88
905.3	786.61
4570.8	1891.8
1422.9	1842.3
1400.1	2104
1943.8	2648.1
3868.2	1131.1
3702.1	1203.5
3437.7	883.29
1567.1	1834.7
3205.9	1775.8
2376	383.27
3303.8	1436.8
1269	2666.6
37.279	1989.2
1253.3	2084.2
2477.7	2145.2
3884.3	3108
1473.1	1495.9
3820.1	327.08
31.994	2503.9
1326.4	1804.1
3375.2	1613.1
795.83	2907.4
830.23	2168.5
3691.9	1853.4
3506.7	1530.3
3523.7	1191.8
3882.5	1116.8
1683.2	1713.5
759.28	1158.7
3335.9	3114.2
4236.4	2085.5
2900.4	2374.9
1656.7	1723
1599.1	1600
1928.1	2483
1070.4	2710.2
1626.7	2437.3
1606.6	1581.5
3811.5	2330.8
2418.9	2179.5
2384.3	2806.9
2887.9	2383.2
812.72	1138.4
1556	1716.7
3698.4	1134.2
958.45	1348.8
3435.9	1727.5
2145.7	2371.4
5481.3	919.28
1438.2	1953.7
1248.9	1789.3
5786.1	2059
2350	2436.5
3529.7	1655.1
1227	4835.1
5487.2	920.89
3354.1	911.96
1998.7	2485.2
3559.8	971.07
483.59	800.59
3526.4	1589.4
3400	1173.4
2889.2	2005.2
2637.4	4634
1259.9	2063
2303.7	2075.3
6268.6	1128.5
1545.4	2185
3307.7	1900.2
1490	1433.9
1743.4	1763.9
3562	695.6
3497.2	1347.9
2238.2	2247.2
3833.6	169.97
3367.8	1432.2
2335.7	501.7
4922.6	295.31
3972.8	914.17
3797.9	328.71
1698.9	1837.7
3734.7	1786.9
6352.9	969.23
918.85	410.91
1046	1764.3
2202.6	2392.6
5801.4	1920.1
2143.9	2431
1362.8	1781.3
3508.9	1348.4
5071.7	2547.5
726.01	2142.2
3570.2	442
2253.7	846.28
3819.3	1101.2
1469.9	1331.8
3857.8	342.91
3271.5	1511.6
3536.4	457.11
1666.1	1907.5
2876.6	2329.7
5896.2	1442.7
6134.6	1003.6
1647.9	1611.3
1399.7	2163.6
4007.6	1742.1
6477.6	1157.5
3590.7	685.02
3544.9	789.4
2259.6	799.85
3373.5	978.34
2144.3	2430.5
2412	255.34
3636.2	266.08
3370.1	1639.2
3961.6	1421.5
3832.7	2615.8
3216.6	715.34
2335	504.62
3520	1382
1629.9	1734.5
4243.1	536.38
3426.2	569.19
1306	2242.2
3295.2	1172.8
3645.2	1358.3
550.67	1927.2
3769.5	1176
1749.9	2170.9
5219	1774.1
1619.1	1584.3
2702.8	1865.9
1497	1360.5
1964.1	2402.8
1355.7	1451.8
402.76	1120.3
3483.9	1905.2
3401.9	1662.4
3786.9	2530.1
6477.5	1512.2
1611.6	1947.6
4219.7	1263.1
4093.6	39.217
1277.2	2099.7
3409.1	731.52
55.964	2583.5
3549.7	1803.9
2412.5	2133.9
3903.8	2124.5
3511.6	942.38
3415.7	795.76
1296.4	1701.6
1320.9	1534.9
3394.4	1110.6
1547.2	1515.8
3736.5	1192
3304	1328.4
2291.4	2016.6
5871.3	1399.4
3275.2	839.52
1400.6	2001.7
3331.2	723.93
1453.8	1581.2
3183	747.58
2295	2206.7
3809.1	209.9
805.4	2848
497.28	775.33
1293.5	1704.4
3418.1	1492.2
3716.2	1556.9
3461.1	1373.8
1004.2	791.64
667.54	2247.1
3545.7	465.52
3867.7	1510.1
835.31	2155.9
3293.7	1724
3202	1262
4831.7	234.76
3525.7	1876.3
3294.5	1690.8
3437	706.82
4176.9	1084.7
2300.3	629.06
1949.2	2390
3523.3	601.18
3368.5	1008.3
3868.7	1023
3846.7	187.12
1032.3	888.67
2234.1	2250.8
3866.1	517.18
2435.3	173.04
3537.6	1325.2
3433.8	3523.7
3394.2	1293.3
2793.2	4630.1
3669.1	2784.8
1324.2	2231.1
261.5	2542.8
3497.7	1034.2
4853.2	2424.3
1307.5	1606.3
1289.8	1667.1
1741.3	1827.6
5020.4	2491.1
3524	600.99
3292.1	1669.8
2726.3	3092.4
2888.6	1824.2
3171.2	2052.9
3731.7	552.84
2889.1	2027.5
4362.3	1339.8
3472.9	1674.8
1345.7	2033.8
4892.1	166.68
3809.4	305.6
1407.6	1587.4
1498.1	1501.7
1390.6	2151.9
1621.7	1844
3467.4	949.94
3739.8	3217.2
2893.8	3143.3
5529.8	1320.3
2639.1	1966.6
1718.1	2814.2
3875.5	807.92
3253.6	1526.7
3929.3	1993.6
