89.597	2678
1701.5	2453.4
2037.4	2117.2
625.13	2704.6
323.05	2429.1
937.19	1214.9
1192	1546
857.85	2759.3
270.32	1257.2
1131.2	2456.2
2191.4	4853.9
1070.7	891.57
1183.9	2274.4
1932.4	1590.1
1013.9	2303.4
668.97	2089.5
1705.3	2260.6
1778	2484.5
1090.7	1843.4
419.07	361.15
685.44	2215.6
291.28	689.8
1778.4	2514.2
1580.9	2172.2
1834.5	2105.9
1089.7	1842
216.94	573.3
395.2	1278.8
695.57	1543.8
2228.6	2264.6
2549.2	2600.1
1636.3	2221.9
1662.2	2564.4
749.38	1583.3
2549.6	2699.4
1146.2	1891.2
1048.3	829.11
443.21	2003.2
1490.8	2541.4
843.67	1659.7
5062.4	3381.4
1060.7	1828.3
1761.2	2521.1
686.6	336.91
1209.2	3352.7
438.73	1968.5
1060.2	1828.3
166.91	1064.4
1196.8	4782.8
1655.4	2232.5
2257.6	2142.9
375.81	2047.2
875.83	1656.1
1125.4	1869.2
927.45	1422.8
3070.7	570.67
1031.6	1039.5
2728.8	2512.5
353.04	2251.8
1188.3	4786
925.06	1199.3
1954.9	2423.4
872.83	1368.1
1732.4	2275.4
1777	2441.4
276.58	2121.8
103.76	338.52
956.51	1754
1171	4764.8
1646.7	1951.6
1064.9	1827.1
1913.9	2374.2
1846.4	1977.9
401.44	1241.9
3271.2	4616.8
113.8	320.93
127.13	1830.5
3257.6	4639.5
1760.5	2411.4
7190.5	562.76
1220.1	1355.8
1579.2	2499.4
1853.6	1558.1
642.63	1421.5
2205.4	2334.8
5164	4371.3
3153.9	3024.5
867.07	1521.3
1070.4	1143.5
589.37	1056.3
338.38	2515.8
1781.9	2332.7
3765	2050.3
663.38	1121.7
687.42	1546.5
1028.2	1071.8
77.639	961.97
5261.6	278.59
1901.9	2209
6711.9	641.18
1366.2	1725.7
2255.7	2182.4
1728.1	2504.4
5255.2	289.99
53.993	234.81
1902.6	2124.2
575.7	1258.4
3259.5	4640.7
3247.5	4638.2
5822.3	3252
3247.9	4638.6
1143.5	2318.2
1611.1	1972.7
174.35	807.25
63.917	2471.1
470.03	1388.6
1915.9	2132.3
1122	1883.1
881.25	1402.4
213.97	3234.2
378.91	361.76
1121.4	1883.2
4251	1092.4
3659.6	2922.3
1781.7	2214.7
6459	405
191.73	1128.5
1755.6	2289.7
1841.6	1991
5260.1	281.39
1842.4	2100
172.77	2061.5
2396.7	2501.7
1158.5	2517.5
187.64	2247.6
661.69	1503.4
633.83	1419.9
6151.1	3085.5
18.707	2619.9
1043.5	2283.2
1755.4	2274.3
504.88	1375.5
1159.3	1185.5
71.175	895.51
2232.1	2219
1886.7	2190.4
671.66	2204.9
6737.8	631.97
1693.8	2468.2
1832.9	2118.4
1325.7	1478.2
299.5	675.37
735.48	1418.8
869.67	1404
1911.4	2120.8
1508.9	2065.6
336.61	2450.7
1492.8	2053.2
1025.9	1336.6
2219.3	2257.5
610.85	375.14
2280	2484
1832.4	2537.8
1214.5	1383.4
429.37	1266.2
1171.9	2219.2
485.7	914.69
2242.1	2196.9
1217.2	1380.9
2297.7	2277
2769.3	1527.7
969.76	1751
941.07	1790.2
1186.5	2201.2
2095	2476.2
2069.8	2456.3
4931.7	1123.7
70.304	900.75
1030.9	1757.5
262.4	1477.1
1678	2458
1938	2490.1
500.7	1343.8
1922.4	2246.6
725.43	2242.6
1588.6	2153.4
3252.8	4624
3878.9	224.95
416.9	843.31
1179	1215.3
1543.5	2590.1
199.79	2189.7
1185	2235.6
2350.4	2476
1122.5	1117.9
3249.7	4623
1739	2391.1
795.75	2842.2
2683.3	2475.9
3248.9	4623.1
692.54	459.65
4809.1	2142.4
60.518	2965.9
4283.6	1984.9
1186.7	4798.8
1121.4	1824.4
673.59	513.09
677.36	2876.2
1444.4	2363.5
2403.2	2157.5
1753.8	2100.3
1815	2105.7
136.68	1840.7
2215.7	4888.7
1752	2394.8
174.34	1869.8
52.729	967.93
111.47	353.32
2252.2	2200.5
1763.8	2112.9
2212.1	4872.9
2159	2457.2
1931.4	2246
570.09	4504.8
1552.6	2488.9
1481.6	2559
2181.3	4873.8
2212.2	4872
1958.4	2315.3
1164.2	1693.7
1191.4	1862.4
1765.2	2387.5
1438.4	2391.2
7285.5	55.3
458.14	3266
619.47	1444
1436	2386.1
4400	2684.6
1181.9	4778.5
1116.2	1623.7
2193	2340.2
1826.8	2099.1
6657.8	2458.3
1331.8	1407.9
231.69	515.73
891.65	1723.3
1075.1	2675.1
1777.5	2359.7
991.33	1518
1861.4	2043.1
3072.5	2154
6910.7	308.6
1108.6	1625.5
3297.1	4717
2183	4875.8
1423.6	2001.4
774	2848.3
1776.1	2532.3
1359.7	1708.6
847.45	2189.4
274.25	1907.9
1276.7	1561.9
617.89	1438.8
843.61	2688.3
148.18	1854.7
2180.7	4872.8
1841.2	1995.5
2191.6	2346.7
2001.1	2359.8
4827.5	2138.4
7179.6	1301.5
1108.4	1845.9
5385.3	666.31
2649.1	1758.1
1288	1574.1
1740.4	2420.1
4963	519.1
1961.8	2307.6
2002.3	2358.2
737.59	641.38
1917.5	2261.7
3335.9	608.67
816.74	1014.9
632.92	2714.9
6430.3	2570.1
1765	2258
2225.8	2242.7
1600.9	2363.3
1284.8	1196.5
1197.6	4763.8
5618.7	1767.7
4931.1	1811
1686.2	2022.6
916.17	2239.8
2061.7	2387.2
1295.2	1476.8
2267.3	2270.5
145.8	3902.2
2335.7	2233.5
1016.7	1072.7
2987.5	1495.6
1496.6	2387.9
723.52	2043.2
3293.2	1140.1
1296.2	2020.2
1771	2350.9
1743	2520.8
266.34	1031.9
2070.6	2433
1744.6	2266.1
1942	2494.9
282.37	1514.1
1859.2	2147.7
1039.6	1749.6
707.82	205.72
3268.9	4645.3
7221.2	1297.2
905.08	2288.6
2757.2	1425.2
71.27	2639.2
544.24	560.76
3426.9	2699.2
2085.4	2530.2
156.56	1166.2
1203.4	1543.7
2087.9	2457.2
1595.9	1795.5
1830.9	2201.2
4643.4	1204.9
993.17	1034.6
1197.4	2216.7
222.99	1870.6
1080.4	2727.2
963.22	1702.6
2454.8	1909.7
2283.8	2383.6
446.35	29.307
1187.6	4769
2217	2281.5
733.68	281.02
1043.5	1959.3
2202.1	2348.3
1765.3	2307.7
5353	693.34
4726.9	2335.8
3199.1	2852.5
155.01	2074.5
1080.1	2141.5
1781.7	2197.9
165.43	3703.7
2019.6	2354.3
5430.5	4144.3
4644.8	1203.3
1113.3	2689.2
3541.2	1076.2
2176.5	4869.3
1709.1	2831.4
2648.9	1772.4
5521.8	177.38
3263.1	4630.9
1874.1	2067.3
1656.2	2411.4
3030.8	2430.8
3202	1559.6
991.08	910.85
2708.7	2815.3
2123.4	2465.9
2027.2	2407.6
1298.1	1311.3
2173.4	2312
1663.8	1972.6
229.99	1896
1826.4	2278.6
1066	2289.7
4314.4	2102.2
5379.3	717.13
3073.6	2166
1922.9	2274.7
1044.5	837.93
2995.9	1262.6
1671.4	2222.8
1908	2134
3425.7	1069.9
4276.1	1368.8
1898.4	2221.7
2434.9	1861.1
1826.1	2316.9
4284.8	2800
169.55	768.06
902.84	1098.2
3699.3	832.32
1011.7	2263.1
1697.5	2035.7
112.72	3905
2069.5	2466
513.44	1352.8
3095.1	2228.6
691.65	1500.6
910.21	1660.9
1471.6	1811.8
1826.5	2316.5
1944.5	4679.4
1867.7	2355.2
2095	2567
1697.3	2842.8
1452.1	1648.1
1147.6	2186
1899.2	2280.6
4766.5	3826.2
2646.6	1884.6
892.53	673.31
2921.4	2449.9
2051.3	2465.8
6881.2	1337.1
478.16	1455.1
3109.8	1631.6
3080.9	1957.2
4908.3	3963.3
3307.5	4721.5
1888.9	2121.4
3188.3	1238.1
4919.5	2873.4
7268.3	757.24
1399.2	3114.6
1145.9	2181.6
4723.6	1827.5
1142.5	1828.5
1865.4	2164.9
3708.4	779.25
1113	2456.7
1324.3	1517
1886.2	2325.1
1191.3	4867.3
5180.4	740.98
551.45	2968.3
914.61	2111.1
1829.8	2228
1293.7	1458
1314.7	1636
5545.2	262.3
1050.9	2316.5
2133.4	2437.2
971.29	1748.7
2078.9	2464.9
161.52	1926.9
662.42	220.36
4898.1	3800.8
1768.7	2451.7
1328.3	1505.2
1728.9	2867.7
2217.6	2314.3
2244.5	2300.3
1208.2	1890.5
2502.4	2109.2
185.5	2120.5
1191.8	4866.3
788.33	3590.2
1819.5	2357.7
918.44	961.88
1299.3	1637.1
239.3	2091.1
3793	1833.9
177.73	1934.6
1886.9	2095.4
1698.9	1932.1
823.39	722.49
688.58	811.09
3030.1	616.72
3308.2	4720.8
514.22	1347.2
2517.6	2251.6
2257.1	2166.1
326.54	2510
419.68	1907.6
1690.9	2447.3
1932.4	2446.7
3150.3	1584.1
3147.5	1576.5
2569.9	1661.1
1062.9	2156.7
596.49	1522.5
4278.2	1364.4
958.86	2281
1264.7	1553
1735.9	2382.6
1882.8	2735.1
261.11	57.165
825.58	1387.8
1958.1	2287.2
4732.3	3775.4
471.06	1453.8
1291.5	2052.1
7049	2196.6
3041	2242.8
2151.5	2446.9
3535.9	904.29
1816.5	2327.3
3293.8	4714.6
5061.6	265.57
2846.5	3055.2
4439.6	1913.9
1562	2345
4985.9	4331.4
1181.9	2602.7
3530.8	1095.3
1776.1	2142.7
1798.7	2554.9
1687.9	2855.4
2498	1950.4
291.07	668.65
151.5	2128.8
2027.3	2379.7
1690.8	2871.6
1795.6	2168.6
1899.5	2367.2
695.64	488.95
651.34	4449
3287.4	1302
2158.9	2401.8
2277.3	2277.6
1813.3	2308.1
5331.7	4048.9
786.12	428.02
3809.8	1617.2
6626.8	2712
1578	2467.6
1827.9	2245.2
1059.3	1757.2
1896.7	2381.9
1825.3	2297.2
1828.3	2231.6
1068.8	2289.9
321.06	2173.1
669.17	1556.6
726.73	3165.3
3065.5	1652.5
3040.9	1287.2
1563.6	1676.1
2209.6	2551.6
2587.3	2018.1
1710.3	2024.2
2725.6	1527.2
1859.1	2356.3
2117.4	2449
3279	1208.1
3835.9	2625.3
1840.4	2603.9
1659.4	2361.2
3682.9	838.8
3429.3	999.19
3185.2	1241
5103.3	2892.4
1363.2	1310.6
1835.6	2111.7
784.06	1666.6
7017.7	1757
459.38	65.075
1212.9	2163.1
644.59	162.14
327.54	1126.3
2260.8	2201.7
1286.3	1422.4
1772.2	2228.4
1925.1	2275.6
3530.8	1096.5
6750.4	1591.8
1748	2224.4
1024.4	1770.3
5571.5	2759
3551.6	975.26
6826.3	1241.2
2184.4	2464.3
1874	2507.8
2584	2596.3
6690.4	631.44
430.34	83.848
1301.3	1554.1
904.26	2092.2
1306	1621.6
1061.2	875.49
1059.7	2312.6
789.86	1525.7
7327.2	1263.5
813.73	1684.4
1518.1	1887.1
260.62	1277.3
1724.2	2277
2258.5	2335.2
1831.1	2155.9
1195.5	4862.3
3031.4	2412.6
1826.9	2262.4
381.38	279.28
193.19	1945
2492.6	2307.2
4455.2	2879.7
2419.9	1939.5
1130.4	1813.3
2745.6	2639.7
4429.4	853.64
4005	4401.8
364.56	1942
4157.5	3830.9
1729.3	1939.4
4892.9	1086
5718.3	669.23
588.43	637.38
2170.3	4864
434.04	3591.3
2561.8	2260.4
2979	2039.7
2715	1483.7
2219	4863.2
465.35	1611.5
3188.8	2203.8
4007.5	4464
1661.1	2395.7
2630.7	1619.9
4660.9	2683.1
2571.2	2160.5
365.45	1336.3
160.25	1931.6
1976.5	2450.2
4746.1	3976.9
1197.1	1436.8
3114.8	1369.6
892.11	963.83
1820.6	1980.3
1778.7	2421.3
1825.6	2385.7
928.78	1178.9
3299.6	1306.1
2039.9	2654.7
2744.8	1466.3
3115.2	1125.3
1844.3	2015.3
2500.5	2213.1
2347.3	2295.1
1812.2	2423.6
2767.9	2067.2
4452	1280.6
2499.2	2238.7
4877.5	846.87
5699.8	650.84
564.27	1499.8
262.19	1562.2
1890.6	2203.7
1030	1324.2
3958.2	2575.6
3170.9	1027.2
4936.6	772.83
1695.2	2010.3
1506.1	2153.7
7017.8	336.1
797.41	1529.5
2695	2789.9
954.57	942.34
347.05	2664
2029.8	2477.7
1760.8	2376.7
1101.7	1501.8
1362	1431.3
1815.1	2403.4
5393	654.09
1413.9	1902.2
844.6	629.18
1711.2	2023.7
1721.7	2841.4
1113.8	1427.7
1184.6	2292.4
1813.1	2405
3764.2	2364.2
246.49	1183.4
845.53	571.25
2075.9	2383.5
3184.8	1298.7
2515.8	2222.4
382.87	1044.5
4997.7	1177.3
2271.2	2207.6
5600.4	2970.9
2555.4	2062.2
1736.1	2400.9
1898.8	2218.4
1895.8	2210.9
25.619	1380.8
372.56	3200.7
4748.6	3971.2
677.94	1589
2791.8	2369.3
259.64	1036.6
7294.4	2783.2
5790.1	244.37
2505.3	1927.1
3338.9	590.11
7003.6	593.35
1813.4	2188
2245.6	2389.2
1294	1641.1
4145.6	3828.7
3500.7	1138.3
26.254	1383.7
3283	1141.8
2751.9	2338.7
1079	840.35
1137.1	1180.7
1225.5	1518.1
1406.5	1313.2
2024.5	2480.6
792.7	637.09
839.39	890.25
3107.8	2248.1
1283	3308.6
1895.8	2258.9
3815.2	279.32
456.03	1389.9
3309.9	4733.5
961.32	2110.2
292.73	1511.9
1445.4	2324.5
3252.2	2000.2
1612.2	1788
2049.9	2401.4
1594.6	2400.9
976.82	2833.4
2151.1	2437.9
3327.7	2820.4
582.58	1975.7
7201.5	1686
1871.7	2046.5
818.71	507.9
1723.2	2378.9
1799.5	2319.2
2131.5	2377
7293.6	2821.9
1894.7	2339.9
2789.6	1519.6
131.01	1120.8
2024.3	2110.2
1217.7	2334.6
1291	1644.6
2079.5	2637.5
5470.5	2947
2517.5	1937.1
2152	2409
3152	3154.1
1637.2	1970
3995.7	2047.7
1611.2	2401
1921.6	2223.8
524.58	47.575
1341	1433.3
1029.6	1321
4459	3854.4
4656.4	3804.6
1923	2474.6
1003.3	1499.7
5791.8	2803
36.422	203.55
1716.9	2416.1
2287.4	2357
3043.1	1197.7
1894.5	2367.1
1270.4	1229.1
634.32	1447.7
1731.4	2424
240.48	1509.1
3411.5	794.8
3504.5	1305.4
2774.6	1850.1
1886	2211.6
1921.1	2296.9
4163.3	2482.1
535.49	3241.2
1594.8	2377.4
2297.5	2288.4
3309	4733.1
1564.3	1825.7
693.74	1748.7
4373.5	3915.3
2355.3	2285.2
2368.1	2233.6
2427.2	2788
3193.1	1233.9
3124.4	1102.4
6094.3	1501.4
2269	2404.3
3056.4	1715.6
5043.4	1111.9
482.39	2197.2
429.06	92.072
3821	1602.5
3170.7	1002.6
1898.9	2241.2
530.32	337.83
3057.9	1713.9
4946.1	432.98
4592.4	676.35
932.02	1393.8
4724.7	3834.6
2649.2	2640.7
4958.4	1844
3088.7	1650
1180.4	4877.4
1910.7	2557.4
517.72	1257.5
5714.9	2371.8
6027.6	316.68
3514.4	1640.6
3449.4	1475.7
1799.2	2046.4
3448.3	657.17
1302.2	1617.1
2309.7	2245.6
1538	1646.4
6108.5	1698.6
2275.3	2604.4
1752.7	2332.6
3108.2	1479.2
3325.3	590.36
888.74	1736
964.09	2229.5
2748.5	2346
4974.3	493.25
905.7	2268
2460.9	1847.2
1636.8	2229.6
1705	2027.2
1339.6	1360.2
963	884.62
3283.9	4712.4
5688	2380.5
3035.4	1236.5
3145.5	1056.8
1594.3	2374.3
1996.1	2330
3457.1	3065.6
1182.7	2298.6
1684.9	2395.5
4110.2	1408.1
1885.2	2220.3
3599.9	1662.2
6915.4	388.94
3278.8	1315
2621.9	1775.2
1873	2512.1
1694.6	2015
959.46	2918.6
6638.2	1694.1
1880	2109.7
5050.4	279.32
3813.4	1785.8
1334.7	2243.8
2710	2539.5
1176.6	4875.6
1787.4	2283.5
1744.4	1910.6
923.56	1405.3
590.72	1510.7
2174.5	3300.3
3426.7	1007.7
3122.2	1018
59.053	1295
1116.2	1837.1
1865.9	1552.3
282.05	1578.7
170.4	1154.9
4769.6	2625.4
2748.9	2390.8
1685.7	2220.7
1401.5	1665.7
5263.1	58.13
4859.1	812.76
3518.7	1630.4
1911.6	2362.3
806.11	1664.8
1194.8	2348.7
2221.4	2230.2
4065.6	3812.8
1288.6	1295.3
3409.6	1205.4
2749.9	2342
2508	1743.6
990.13	1505.9
698.02	2168.5
1921.2	2224.4
1746	2115
1300	1612.5
2061.8	2464
2893.3	1484.3
2355.3	2304.4
3081.5	1153
1185.1	1436.2
1333.7	1873.9
1801	2033.4
1651	1983.8
3620.7	1611.5
704.57	3136.6
5839.6	2748.2
2536.4	2395.2
2014	2375.6
1816.8	2270.1
1478.5	1802.9
1560.9	1832
3285.9	931.2
1875.6	2495.8
1195.9	2463.5
2073.9	2375.5
5264.6	2256.8
866.86	1234
3098.2	1436.2
6902.7	556.94
1890.9	2398.6
2765.9	1413
2221.6	2229.7
1098.8	1848.5
633.96	548.56
1816.5	2237.8
1089.9	1115.6
3339	2812.7
3257.6	962.71
6641.5	119.19
896.74	937.35
1728.3	2286.1
3307.5	4738.2
2807.5	2504.5
2342.2	2248.1
1001.9	2236.8
3220.3	987.99
4421.7	1299.8
2148.9	2498.2
655.39	1434
4702.6	1772.2
1855.6	2055.2
1646.8	2180.5
2276.3	2336.2
773.79	2390.4
505.95	887.07
2761	2333.2
2334.1	2607.9
1726.8	2441.8
4221.3	1792.2
1459.8	1595.6
2474.7	1813.1
3144.8	1565
2220.2	2324
2547.4	2283
1041.6	1785.4
1099.1	2178
1830.6	2349.9
5105	3923.1
1868.4	2415.3
1359.3	1278.7
1261.6	1246.4
3185.4	1356.5
2272	2370.3
875.11	1408.8
3475.2	1401.8
3009	2560.3
2199.5	2366.1
3453.6	3723.3
3017.9	2081.6
1577.3	1706.7
1504.7	2396.9
782.07	676.47
2518.1	2616.4
40.921	228.23
1484.9	2048.7
3075.1	582.57
4722.8	3976.9
1154.5	4773.9
663.69	419.11
6841.4	1228
414.72	3090.8
7115.2	3164
2199.5	2365.6
225.75	583.63
2760	1437.5
3597.5	2927.2
310.05	2086.5
181.92	1071.8
946.53	2134.6
2645.3	2632.1
2040.6	2461.8
1275.2	2816.4
811.22	1668.6
732.27	1401.8
1200.8	2240
1654.1	1915.1
978.03	1683.8
7012.2	366.98
922.16	1156.6
228.4	1066.5
2039.5	2461.6
945.69	1755.9
3320.6	2889.9
2022	896.36
864.97	1244.8
2958.2	2771.7
1025.1	1516.8
3340.3	603.32
2982.4	1864.5
1544.6	1663.2
610.46	236.8
1040.3	1774.9
492.85	2095.9
2976.9	2075.1
599.09	2144.8
2246.8	2441.9
5409.4	3518.2
1089.4	1115.4
2090.3	2499
2027.3	827.3
3435.3	2135
2487.7	2387.7
1052	2229.5
3304.4	4716.1
1569.9	1706
1836.9	1968
4717.1	3699.8
1438.4	2312.6
1730.1	2853
3271.4	937.39
1869.3	2087.9
2310.1	2406.9
3267.2	1326.5
749.65	891.12
3249.1	897.5
385.46	2669
6820.4	1233.7
1739.7	2262.3
3282.2	4638.4
2265.8	2365.3
1880.5	2198.7
1085.1	1692.9
2333.2	2274.9
1696.7	2888.9
878.82	1603
1448.1	2284.7
3574.5	994.27
2093.7	320.23
168.93	2126.6
825.92	1700.1
1599.3	1785.4
2827.8	1509.6
1821.4	2026.6
2622.1	1766.3
3975.6	2184.6
2080	2628.7
2883.3	1348.2
520.63	1995.2
48.188	2831.5
1678	2024.2
1479.2	1623.1
3195.7	1016.2
4915	1050.5
3006.9	2065.1
1676.9	2400.5
1499.2	1768.2
3176.3	1018.7
1045	1835
4317.1	2312.3
1829	2252.5
1109	1902.1
2351.8	2282.9
5659.7	2295.2
1086.6	2580.1
692	1533.2
2835.9	987.15
1949.4	2294.8
2022.7	2364.3
1631.4	1970.8
1730.6	2444.2
4025.9	1600
2483.8	1969
3576.7	993.33
3989.2	1868.4
2553.4	4628.6
1433	2478.9
3369.3	1965.8
51.565	1325.6
2986.5	1322.3
2027.4	2461.9
2070.1	2399.3
2160.7	2434
5412.2	2087.9
634.98	558.98
2976.5	1304.7
896.51	1229.4
5364.6	1630.5
7204.1	1393.8
7094.1	1609.4
3270.7	4708
593.1	1088.1
1852.1	2154.7
1065.1	2443.1
1722.8	1993.2
2081.1	2447.9
1278.7	1491.8
5859.5	2096.2
1486.8	2425
2063.7	2426.1
3448	757.34
6959.9	736.96
669.03	247.52
1128.7	2474.3
664.06	935.09
6376.6	2997.1
521.22	2888.3
1712.3	2418
1633	1917
6519.9	284.39
5461.7	654.3
3281.9	4640.1
694.16	313.37
916.42	3785.8
2641.7	2128.9
1931.3	2314.4
3049.7	2254.2
3397.1	790.86
43.992	2439.9
2027.9	2461.6
1789	2101.7
2261.9	2388.1
5957	172.96
850.98	782.85
1481.3	2312.1
1470.1	1622.2
1369.6	1691.8
718.8	558.28
3277.3	1272.8
880.23	1726
3388.9	1230.7
981.41	1254.5
2006.7	2604.9
1817.2	2719.2
1751.7	2137.2
3196.4	1734.4
567.9	1241
2467.4	1833.5
2155.6	3323.7
2620.8	2792.1
1669.5	2391.7
2057.2	2416.2
743.57	2638.7
3229.9	1580.5
1001.3	2127.2
2056.1	2416.1
3253.2	4605.4
1214.4	4808.1
2496.5	4156.2
2647.2	1744.7
2773.6	1584.7
5495.7	689.97
6944.5	2067.8
1833.2	2168.2
746.4	632.24
1149.4	1822.9
1740.1	2101.5
1296.3	1611.5
2260.1	2215.9
3811.4	1728.5
664.24	1483
1210.1	1871.5
5700.8	2343.2
6905.1	430.92
2136.5	2391.1
773.46	1466.9
5604.8	2932.3
1353.6	2329.2
1356.2	2231
808.15	847.03
1122.2	1769
4085.7	2706.5
5668.8	1765.7
3957.5	1282.9
3162.9	1833.8
3466.2	717.55
5605.3	2779.7
1050	1157.3
3676.3	2883.5
3813.8	1575.5
1443.2	3033.5
184.07	3221.3
3232.3	991.13
896.04	1693.2
757.74	1740.6
2056.3	2412.4
1673.5	2025
471.27	1252.9
1084.2	2747.2
2206.3	2388.5
4411.5	1892.8
5720.8	234.42
6851.4	395.43
885.29	2091.4
1435.9	2479.2
379.4	1038.6
2739.1	2040
3993.1	2160.9
909.62	2119
661.99	2001.1
714.41	526.84
1496.7	1628.5
1256.5	1503.6
2976.7	1323.2
5496.5	3757.3
695.55	1495.6
5696.4	2346.5
1883.7	2167.5
1502.1	2079.7
626.72	2231.2
985.53	1524.1
2495.7	2288.1
1975.3	2462.7
3322.5	942.55
1089.3	853.4
3171.4	975.14
400.8	1062.6
3817.5	1129.1
3183.5	4607.6
3743.1	2887
3448.2	1366.7
3250	1365.5
2967.8	1446.7
2270.6	2294.2
1519.9	2379.5
1117.8	1631.7
1746.6	2112.1
4762.4	2899.1
2043.8	725.28
676.4	2904.1
6843.8	1225
1851.3	2442.6
2362.2	2251.4
787.29	800.27
1732.1	2490.7
6937.4	728.45
6207.8	1509.3
4217.7	3148.7
6794	746.66
1205.4	1402.3
1780.3	2387.3
661.71	402.81
2706.9	2512.3
197.93	786.69
2795.8	3022.6
1727.2	4689.5
1169.3	3010.6
753.44	1240.8
1343.4	1582.2
2425.8	1918.7
6781.4	753.41
6953.3	734.73
3846.7	831.15
999.06	1173.9
3228.6	3332.2
499.3	1438.3
1453.9	2084.1
7048.6	3219.7
393	1348.6
1357.7	1730.4
184.08	1068.2
4802.7	2365.1
2773.8	1567.7
2873.5	1513.8
2696.7	2810.3
1518.9	1826.7
7311.3	87.669
1765.2	2487
2212	2232.1
3435.2	1046.3
493.46	1402.5
1071	1048.8
6960.7	3363.2
1239.1	2188.3
1024.7	1104.7
2099.6	304.87
1832.5	2174.2
115.73	355.86
189.95	2316.3
2191.6	2332.1
672.26	1549.8
4864	2051
1127.7	1267.2
1125.6	1916.9
2322.9	2365.7
3511.8	682.85
1644	1997
820.34	838.63
4888.8	841.33
2029.4	2427
2314.6	2492.9
166.38	1098.4
2483.9	2379.1
1043.4	1496.8
1773.7	2067.6
1451	1930.7
942.16	2198.3
6622.1	2494.8
5330.2	236.43
3454.2	3713.9
1952.3	2560.6
2520	2302.5
5162.7	4360.1
1063.5	1051
6087.2	1449.4
2038.4	2384.3
2275.9	2406.8
2980.9	2058.6
231.8	1318.6
342.24	1365.8
2566.3	1674.1
4565	2734.3
3514.1	1533.3
1689	2216.2
161.29	3722.8
883.58	3602.8
5078	1718.8
1513.7	2324.6
3990	2122.9
7265.4	155.62
3322.5	591.79
4798.9	4107.8
1188.1	4789.4
3038.6	2475.2
864.19	902.12
968.39	2559.6
1691.3	2430.1
2033.1	727.8
1939.8	2250.1
1820.5	2059.1
4522.2	3311.2
1011.5	1103.7
2200.3	2554.8
2088.2	2625.7
3612.1	603.26
4502.3	1128.5
2487.4	2322.5
1584	1823.8
4026.9	1798.8
509.56	2725.7
2243.4	3097.9
3948.9	2650.8
7202.2	1392.5
699.6	2835.5
29.947	1988.9
459.94	1415.5
3469.3	2549.7
2063.7	2403.5
2645	1963.5
969.14	1721.5
1316.9	1984.5
3305.4	4744.5
1087.6	1877.5
6717.2	539.39
5222.7	3401.9
2488.1	1801.9
1580.4	2370
1111.7	1639.1
3021.9	1347.5
3353.9	624.86
3986.5	2495.7
3417.3	1003.3
3861.5	650.48
2958.6	1896.6
2527.2	1736.8
1484.7	2397.6
1862.6	2758.7
5589.7	2569.7
1578.2	2140.4
5616.1	2817.8
1117.7	1895.4
1157.9	1799
3329.4	895.94
2063.9	2447.1
6130.5	1487.3
6627.6	2098.6
897.36	2962
3362.8	1526.8
1178.1	1282
1847.2	2163.8
1883.2	2352.2
1135.8	1009.8
1064	1051.2
3299.8	909.19
768.82	345.46
3250.7	1340.9
1305	2631
4932.2	742.26
3521.8	874.59
2797.9	1538.7
1925	2499.2
2291.6	2442.5
1539.7	1924.1
2354.7	2356.9
2278.8	2443.4
3636.9	2552.8
3335.5	1482.2
1387.8	1727.9
3153.3	1677.7
4552.1	3778.1
4732.7	2160.8
2954.9	1896.8
1747.3	2398.1
3690.7	1413.9
3415.5	845.08
3055.7	1254.5
1505.3	2051.5
4592.1	701.84
3411.9	1414.3
3409.9	775.21
1319.1	1631.9
795.11	1261.2
1872.1	2254.1
369.55	323.4
735.3	757.03
770.08	609.71
2878.2	2465.1
1862.1	2182.2
548.1	2813
283.68	1654.8
682.53	410.55
3313.9	1074.6
62.742	874.75
2360.9	2472.3
2016.1	2387.4
1926.5	2368.4
6627.3	2111.4
957.06	3133.8
465.33	367.94
2098.2	297.36
3217.4	1131.9
1456.6	2036.5
1704	2435
3082.9	1146.8
3025.1	1130
2459.2	2119.2
237.1	2115
3223.7	1112.1
1125.9	2571.2
4327.4	2456.9
6890	1634
753.2	1878.7
3809.2	1800.4
123.22	1816.5
1122.8	1939.3
6017.6	3925.5
428	1870.4
2945.6	1899.7
1129.7	1275.5
1507.3	1896
1079.3	1084.1
2505.9	1916.4
1224.4	4829.2
275.79	552.9
607.21	1519.3
849.62	887.91
2184.2	2438.7
4104.8	101.16
1337.2	2079.6
3012.7	1161.8
1734	2431.2
5853	142.24
1917.3	2287.8
1054.3	1746.2
665.39	1997.7
1806.4	2381.2
4028.8	2392
3760.9	2171.7
7201.6	1438.8
5367.2	3990.1
6552.1	1006.9
4990.5	1847.3
3071.6	1504.7
880.67	2241.2
1859.7	2187.6
4328.4	2459.4
1346.4	1782.7
392.24	1042.7
2097.3	325.81
5762.5	2386.1
4186.6	306.94
3203.5	2827.4
3757.4	2334.3
2285.9	2209
1115.5	1268.6
2498.9	2175.8
1066.8	998.74
620.57	1457.7
2237.8	2589.7
5051.4	181.15
1340.9	2293.1
1290.3	1614.8
2967.2	1640.6
97.607	1150
350.28	2866.5
3287.6	4705.6
6128.7	638.16
1881.2	1566.3
1483.6	1775.3
5021.1	3365.4
1435.8	1411.7
461.18	1604.1
591.85	1197.5
592.78	288.72
1802.5	2155.8
664.33	1627.5
2505.9	2335.9
2020.3	920.11
1871.4	2198.8
7111.7	1625
2828.3	1494.2
864.01	1549
728.52	2697.5
4284.3	1194.4
2777.7	2022.3
2997.4	1330.1
1157.9	1347.8
3981.3	1224.7
251.45	503.68
2417.6	1895.8
4780.6	2686
2064.8	475.88
3169.8	1414.1
3030.8	2253
3753.2	836.21
3311.2	1172.6
683.88	498.35
714.66	1444.2
644.71	437.27
931.56	1815.5
1347.8	2299
4528.7	2489.9
2749.4	2818.1
1595	2413.4
1063.3	3055.4
2135.9	80.065
109.75	1842.1
3076.1	1738.6
4401.7	443.64
671.62	778.37
3192.6	2102.6
792.1	1249.6
1824.3	1962.7
96.959	2058
1660.2	2442.1
3797.5	4075.2
3001.3	1958.4
1126.8	2514.1
3287.1	2146.9
2400.8	4219.6
1089.6	1209.8
954.35	3665.5
1991.5	2346
3363.1	1246.5
5614.3	242.85
1783.2	1955.5
1398.7	2543.6
291.38	1172
5455	4206.1
161.63	1137.7
1823.7	2087.7
1911.6	2295.4
1336	1944.7
1338.7	2082.3
868.65	1535.2
626.08	2923.9
781.3	1501.7
2036.6	2463.4
3961.3	758.81
1675.4	2444.5
2041.4	720.14
2618.6	1802
3490.2	4166
98.947	1150
2959.5	1996.6
3790.8	1643.2
849.74	560.52
3209.4	1086.8
3439.6	2313.2
1502.1	2130.4
1777.2	2168.1
1007.3	1762.7
749.59	1904.9
3079.7	1643.9
733.16	706.74
2764.2	2033.6
3080.1	2249.2
3748.3	746.02
1002.7	1719.2
1337.9	2102.2
1272.9	2681.3
648.25	1554.9
4507.4	1038.7
2513.2	1971.3
956.61	1709
2979.9	2098.2
3125.1	1298.1
4583.7	778.01
3093.6	1390.2
3478.6	2576.4
3835.7	2042.7
4407.1	1311.2
2665.7	4611.4
477.18	1247.1
2195.7	2358.1
3488.8	764.61
1875.2	2282
757.97	1555.9
5710.5	1193
623.91	214.91
58.039	2709.2
2536.1	1862
3005.2	2256.7
1499.5	2079.9
2039.9	637.87
4672.5	1199.4
6958.2	1741.8
2025.7	4662.3
235.97	528.41
3495	1125.9
3313.9	1106.2
1782.4	2091.3
1069.5	1720.5
62.284	2810.9
2509.8	2089.5
3853	2829.7
963.22	1726.4
195.82	2047.2
3153	1440.2
687.59	2748.8
2445.3	1874.1
1731.8	2241.7
1354.6	2090.8
1729.8	2378
2813.1	1892.2
3217	1738.8
5804.2	294.58
1927.1	4456.3
419.98	1390.6
3118.9	1287.9
1601.5	2452.3
461.69	216.33
1520.7	4700.3
1370.5	1541.7
4541.8	221.51
3311.3	1077.4
3848.9	2078.8
3854.3	4041.2
1088.7	1158.9
5263.9	3948.4
363.51	2130.5
6630	2116.1
3598.3	660.94
1055.7	1750.1
2767.8	2747.6
2036.9	759.47
3193.1	2575.3
2523.4	1965
1877.2	2432
1045.9	2152.7
3221.3	2543.1
4869.9	1744
798.59	762.57
3617.3	1264.2
3742.6	2733.7
1811.2	2371.2
670.34	145.59
5582.3	265.38
3003.1	1571.8
1040.5	1891.2
3314.7	1104.7
773.96	567.9
1032.8	2316.2
3235.4	1595.1
1508.1	4683.1
5948	2474.5
714.19	670.57
648.47	106.51
384.74	1036.1
7162	1715.8
2956.4	1644.9
4298.5	2104.1
1783.3	1959.1
3272.1	2179.2
943.56	1643.5
3427	1135.1
1467.7	2018.7
3213.3	2713.2
5290.3	699.82
5324	1882.3
2781.4	1809
4033.3	1806.7
1226.6	4719.7
257.01	1215.3
1873.7	2208.1
4529.8	3934.1
3996.6	2255.5
670.63	148.95
714.54	1841.5
719.59	695.4
1226	2040.2
4895.1	2290.9
2751.8	2095.5
5265.1	2562.3
1811.2	1551.2
5287.4	703.66
1118.9	1935.7
1455.8	2168
441.47	1843.1
967.91	1718.2
995.23	1046.6
2698.9	2223.4
749.86	614.05
3112.6	3072
7080.3	1628.3
580.83	514.83
1368.2	1556.9
2974.4	2353
6629.2	2483.3
3436.6	985.22
2039.2	739.09
2081.8	416.3
