1424.4	2112.6
1259.1	1818
1019.8	1301.4
2741.8	1348.3
2001.1	2244.4
1224.1	2625.3
1273.6	2464
2339.2	2705.1
1493.5	2185.9
1493.5	2185.9
1860.9	2500.2
1484.8	1851.4
1492	2894.9
2006.5	2284
1288.5	2471.4
1484.8	1851.4
1737.6	1909.4
3279.4	2560.3
1707.3	2017.9
2336.4	2750.6
2791.6	1348.4
2922.9	2035.2
1183.2	1526
836.97	1151.3
1077.9	1768.7
1324.1	2041
1848.9	2502.6
2939.5	2423.4
2255.8	2174.5
1614.5	2350.7
1420.6	1980.6
1981.7	2148.2
1430	1855.2
1643	2638.7
1637	2636.7
1790.1	2053.1
2145	2227.4
1430	1855.2
1354.1	2349.7
3612.8	2494.5
1719.6	2469.9
2947.8	1032.8
2142.6	2208.3
1588.1	2477.2
2317.8	2737
2293.8	2448.9
1751.4	2453.2
2014.6	2459.6
3279.4	2560.3
1614.4	2368.3
1424.4	2112.6
1790.1	2053.1
1869.2	2448.5
2819.7	2085.3
3612.8	2494.5
1614.4	2368.3
2155.8	2164.1
1424.4	2112.6
1793.4	2056.5
1632	2810.8
1290.9	2020.3
1339.1	1508.7
1310.9	1868.2
1619.3	2231
2089.4	2515.8
2040.7	2462.6
3170.1	2381.3
1285.3	2343.9
1555.9	2492.2
2306.1	2449.1
2856.7	2426.9
3306.9	2884.4
2259.5	2457.8
1620	2210.2
2155	2173.8
1424.4	2112.6
2166.7	2151
1360.2	2343.4
1823.8	2315.8
2385.3	2575
971.64	1729.2
1424.4	2112.6
1805.1	2053.9
2884.5	1190.3
1853.3	2448.8
2317.8	2737
3170.1	2381.3
1112.6	2539
1360.2	2343.4
2947.8	1032.8
1120.5	2630
1424.4	2112.6
1493.3	2162.6
1624.9	2314
2735.5	2094.5
1623.8	2311.9
1853.3	2448.8
1360.8	1760.5
1795	2154
2415.3	1929.9
2197.4	2445.6
1290.9	2020.3
1712	2469.4
1013.9	1307
2882.7	2515.7
1290.9	2020.3
2138.6	2231.1
1620	2210.2
1615	2407.6
2125.4	2303
2138.6	2231.1
1420.6	1980.6
1717.5	1884.3
1424.4	2112.6
1639.2	2153.9
1739.2	2467
2832.7	1285.9
2138.6	2231.1
1424.4	2112.6
1290.9	2020.3
1077.9	1768.7
1424.4	2112.6
1077.9	1768.7
3074.6	2469
1310.9	1868.2
1258	2262.9
2223.8	2685.4
1047.6	1265.2
2202.2	2399.4
1453.3	2361.7
2001.8	2434.5
1715.3	2075.6
2141.5	2217.9
1360.2	2343.4
1798.3	2153.2
2339	2252.1
1621.1	2792.3
1569.5	2347
1584.3	2351
1263.4	2269.1
2202.2	2399.4
2728.3	2065.6
1617.8	2204.7
1705	2033.6
2293.8	2448.9
1854.6	2430.4
834.44	2935.5
1843.9	2512.8
1616.3	2385.2
1263.4	2269.1
2167.8	2155
1013.9	1307
1568.5	2100.1
1494.3	2952
1453.3	2361.7
1632	2810.8
1623.8	2311.9
2307.5	2407.9
1786.5	2349.4
1623.8	2311.9
1601.2	2169.1
1077.9	1768.7
2126.7	2259.9
2938.8	1061
2106.6	2319.5
1136.8	2318.1
1998.7	2477.3
2293.8	2448.9
1550	2084.9
1475	2157.6
909.77	277.7
1313.9	2283.3
1464	1723.1
2893.9	2516
2177.3	2156.2
1964.7	2433.5
2141.5	2217.9
1310.9	1868.2
1621.1	2792.3
1310.9	1868.2
1310.9	1868.2
1075.1	1379.7
1739	1904.4
1657.6	2338.5
1464	1723.1
2882.7	2515.7
909.77	277.7
1424.4	2145.7
2882.7	2515.7
1617.8	2204.7
1819.1	2198.6
2259.5	2457.8
2820.1	1322
1077.6	1768.3
2139	2244.5
1569.5	2347
1136.8	2318.1
1760.1	1987.3
1128.5	2750.8
1556.8	2451.7
1170.7	2233.4
2984.3	931.99
1420.6	1980.6
1819.1	2198.6
1372.4	2355.2
966.55	1218.4
1305.1	2003.2
2287.8	2163.7
2832.7	1285.9
889.49	2937.3
1527.8	2499.2
1760.6	2002.3
2075	2434.7
1645.3	2130.9
2183.9	2092.5
2882.7	2515.7
1659.3	2448.9
2882.7	2515.7
2197.4	2445.6
1075.1	1379.7
1532.5	2201.4
1760.1	1987.3
2141.5	2217.9
2448.4	2273.5
2909.7	2379
1713.8	2305.6
966.55	1218.4
1300.2	1505.2
1810.1	2188.3
966.55	1218.4
2489	2597.3
1701.1	2155.6
1414.1	2115.8
1323.2	1540.9
1662.6	2304.8
2837.1	1299.6
2186.4	2445.6
1028.8	606.03
2289.1	2467.4
1323.2	1540.9
2009.7	2453.9
2679.3	2236.2
994.13	2176.1
1313.9	2283.3
1865.8	2270.1
1713.8	2305.6
1864.3	2269.9
1812	2188.3
2200.3	2143.1
965.95	1216.9
2827	1251.6
2196.9	2143.6
3112.6	1224.3
1984.7	2465.9
2217.7	2279.6
1749	2205.2
1353.1	1908.7
2136.8	2247.7
3071.8	2195.1
2862.3	1265
2022.2	2459.1
1035.5	2404.4
2194.3	2145.8
1811.3	2215.1
2155.6	2176.4
1163.9	2229
2793.3	2464.7
2965.7	2673
2287.8	2163.7
1790.5	2234.6
1251.4	2265
1414.1	2115.8
1740.6	2485.3
1790.9	2167.6
1984.4	2410.5
1222.9	1849
1483.1	1925.9
1603.1	2000.5
3112.6	1224.3
1323.2	1540.9
2793.3	2464.7
3076	2455
1414.1	2115.8
2582.8	1932.5
912.2	1656.7
1104.5	946.66
1714.3	2308.1
2168.1	2141
2746	2144.3
2018.3	2477.4
2500.8	2242.8
1697.9	2010.1
2212	2677.5
2582.8	1932.5
1269.6	2016.8
3315.2	761.38
965.95	1216.9
1911.2	2331.3
1474.9	2305.2
2312.8	2731.1
1308.2	1579.5
1755.1	2486.4
2075.4	2512.2
3161.6	1696
966.55	1218.4
2391.1	2632
1749	2205.2
1697.9	2010.1
1518.6	2199.3
1258	2262.9
2332.5	2708.3
2317.4	2725.6
1287.6	2278.2
2074.8	2444.1
2362.1	2486.5
1570.4	2384.7
1801.3	2068.3
1975	2363
2394.9	1768.1
2477.5	1916
1936.1	2434.9
1353.1	1908.7
1740.6	2485.3
1405.7	2361.3
2198.3	2224.2
2559	2866.9
2946	1073.2
994.13	2176.1
2250.1	2260.5
1076.3	1762.6
1438.1	2366.5
1975	2363
1860.2	2247.8
1299.5	1857.2
1470.1	2127
1287.6	2278.2
1709	2034.1
2198	2469.4
1712.5	2449.3
2217.4	2692.9
1405.7	2361.3
1119.3	2596.3
1083.6	1827
2307.4	2436.2
1323.2	1540.9
2344.3	2710.5
1316	1481.6
2916.8	1075.7
3448.2	2495.1
1308.9	1302.1
2405.9	2100.5
2344.3	2710.5
1790.9	2167.6
2238.2	2212.6
1974.7	2361.4
3406.7	2494
968.12	1224.5
2212	2677.5
1448.7	2124.4
1680.7	2317.8
1289.3	2281.1
1767	2124.2
2477.5	1916
913.26	1677.7
1937.2	2465.4
1726.5	2054.5
2102.8	2389.7
2198.4	2410.5
2198.4	2410.5
1716.4	1897.1
1372.4	2355.2
2038.8	2443.6
2013.1	2467.3
1353.1	1908.7
1717.9	2074
1028.8	606.03
2167.7	2261.4
2941.8	1091.5
1286.1	2012.7
1794	2040.5
1337.8	2026.8
2879.3	1158.9
1751.7	2105.6
1684.8	2277.6
2231.7	2691.9
2292	2463.9
2892.6	2702.7
2112	2309.7
1928.3	2472.1
2403.4	2079
2258.7	2491.2
2892.6	2702.7
1869	2547.7
1461.5	2107.7
2320.4	2668.4
2924	1228.2
1353.1	1908.7
2442.4	1670
2793.8	2480.1
2244.2	2464.2
1455.6	2709.2
2342.2	2714.5
1865.8	2270.1
2995.7	1505.2
2984.5	1808.4
1724	2330.3
1105.5	1663.4
1686.8	2146.3
2122.2	2317.5
1991.7	2360.1
3109.1	1486.5
1076.3	593.99
3186.9	1669.8
3158	2695.1
1694	2692.3
2385.2	2652.6
1696.5	2286.3
1102.2	1656.4
1691.1	2012.1
1787	2067.1
1337.8	2026.8
927.49	1688.6
1714.2	2292.8
1781.8	2072.1
1828.7	2198.5
1713.5	2405
2096.8	2276.9
1696.5	2286.3
1695.8	2025.3
2986	2492.6
2993	2567.3
1731.3	2465.9
1919.1	558.28
1715.1	1889.4
2984.5	1808.4
2882.7	2515.7
1696.5	2286.3
3010	2405.2
2024.5	2470.1
1548.1	1822.7
2883.1	2441.1
1299.5	1857.2
1044	2511.7
1660.5	2481
1223.3	1209.8
1828.7	2198.5
1483.2	2136.2
1405.7	2361.3
1695.8	2457.2
2030.5	2444
1288.5	1340.7
1817	2219.5
1701.1	2155.6
1076.3	593.99
1299.5	1857.2
1711	2159.1
1118.5	2509.8
1576.6	2189.4
1299.5	1857.2
2102.3	2441.5
2295	2210.3
897.94	742.8
1749	2205.2
1011.4	2179.1
2453.9	1926.8
1699.3	2165.4
1576.6	2189.4
1500.7	2312.4
1011.4	1562
1372.4	2355.2
2333	2711.6
1696.9	2340.1
1105.5	1663.4
1251.4	2265
1983.4	2443.9
1717.9	2393.2
2834.7	1284.9
1461.5	2107.7
1929.8	2466
2988.6	1020
2896.8	2036.7
1931.4	2326.9
2030.2	2442.1
1572	2389.8
2478.7	1861.7
1152.1	1977.6
1477.3	2129
2222.1	2665.1
1787.4	2234.1
2186	2156.8
1128.7	1479.2
1790.5	2234.6
3363.5	2222.9
1287.8	1524.4
1481.8	2177.3
2754.3	2465.9
2844.1	1289.1
1308.3	2272.6
1686.8	2146.3
2768	1765
2993	2567.3
1257	1250.2
989.96	1815.2
1257	1250.2
2032.5	2425.5
1288.8	2448.9
3124	1780.5
997.11	1259.1
1371.8	1605.6
1286.1	2012.7
2818.5	1532
1993	2442.5
1477.3	2129
989.96	1815.2
890.38	850
854.74	760.91
2457.2	2155
1905.3	759.89
1453.6	2161.6
1085.3	2410.2
1588.1	2477.2
2221.4	2316
1754	2493.3
1869.3	2287.2
2220.9	2222.7
1704.1	2040.5
1698.1	2336.4
1793.8	2164.3
1855.2	2515.8
2385.2	2652.6
2208.2	2690.8
2844.1	1289.1
1011.4	2179.1
2895.1	2396.3
1704.6	2133.7
1799.2	2069.8
1707.4	2120.5
2023	2437.7
2828.5	2087.9
1706.7	1995.1
1750.2	1954
1701.6	2002.7
1719.8	1989.5
1477.3	2129
2819.7	2085.3
2224.2	2699.5
1806.8	2326.3
2221.4	2316
1626.9	2051.7
2895.1	2396.3
1326.5	2346.9
1150.3	1422.4
1905.3	759.89
1076.3	593.99
2999.6	1553.9
1694.2	2334.3
1793.8	2164.3
3065.8	1870.4
1342.5	2261.8
2194.8	2400.7
1742.2	1962.8
1150.3	1422.4
1362.7	2053.8
2318.1	2219.9
1275.1	1510.9
1441.1	2302.3
1751	2099.1
2225.1	2689.4
1860.7	2450.3
1960.7	2470.9
1089.9	2207.9
1045.9	1745.8
2437.1	1676.9
1691.1	2012.1
2083.4	2316.3
2855.6	2437
897.06	260.15
2188	2412.6
1768.5	2454.5
1961.4	2471.1
2198	2162.2
2154.9	2547
2822.3	1741.3
2422.3	2287.1
1438.8	2111.3
2030.6	2451.7
2641.4	2116.8
2156.1	2521.6
1752.6	2315.3
3167	2589.8
1416.1	2091.9
1755.2	1959.2
1067.9	2315.9
2995.7	1505.2
1895.9	2301.9
1682.8	1876.1
1698.1	2336.4
2735.5	2094.5
854.74	760.91
2728.2	2076.5
2535.2	1948.9
3065.8	1870.4
2785.9	1941
2535.2	1948.9
2692.8	1430.5
1768.5	2454.5
2295	2210.3
1664.1	2441.1
1308.9	1302.1
2188.5	2299.1
2045.1	2353.5
2999.6	1553.9
1687.5	2113.2
1706.1	1924.8
1334.4	2044.8
1786.2	2156.1
2415.4	2379.3
3078.4	2401.6
1684.9	2211.3
1720.3	2081.2
1067.9	2315.9
2563.8	1690.7
2927.2	2175.5
1658.2	2480.8
1067.9	2315.9
2828.5	2087.9
2389.7	1765.2
3167.4	2433
1672.3	2449.2
1479.2	1895
2728.2	2076.5
1002.6	2553.5
2319.3	2404.9
1942.6	2469.7
2792.7	2173
1288.8	2448.9
1449.3	2111.8
1635.8	2301.2
1548.3	2200.9
1701.9	2047
1419.1	2132.1
1711.9	1974.2
1854.6	2274.8
1711.9	1974.2
1905.3	759.89
2570	2329.2
1339	2039.4
3065.8	1870.4
1342.1	2610.8
2551.8	2351.2
2111	2300.6
1287.8	1524.4
1775.9	2339.1
1409.3	2417.4
1704.1	2040.5
1157.4	2379.9
2577.4	1713.3
1317.1	2068.7
1017.7	1266.3
2022.6	2438.1
1789.9	2189.1
1168.4	2367.3
1752.6	2315.3
1993.9	2413
1419.1	2132.1
2319.3	2404.9
2563.8	1690.7
1742.9	2456.1
971.12	989.27
2422.3	2287.1
1475.7	2143.1
2412.9	2067.9
1681.7	2388.8
2212	2241.7
1175.9	1904.1
1480.4	1877.5
1391	2069.7
1711.9	1974.2
1435	1770.1
2102.6	2381.3
2099.8	2497.3
1739.7	2578.5
1793	2132.8
2076.9	2376.8
1719.8	1989.5
1115.2	2644.8
1562.8	2365.8
1517.2	2379.1
1308.7	2500.2
2318.1	2219.9
1008	2166.4
1687.5	2113.2
2751	2622.9
1546.6	2328.5
3455.5	2450.1
1589.4	2199.3
2726.2	1310.2
1293.1	2059.8
1681.3	2106.4
1742.9	2456.1
2191.6	2127.5
1011.4	2179.1
1591.8	2012.9
1707.6	2027.6
2304.6	2225.4
2570	2330
2265.3	2356.5
2662.5	2113.6
2475.6	2599.5
2114.7	2421.8
1109.6	1295.9
1799.5	2309
1089.9	2207.9
1987.6	2350.6
1787.6	2301.8
2039.1	2359
2892.6	2702.7
2333.1	2588
1326.5	2346.9
914.72	1677.6
3120.4	951.05
1546.6	2328.5
2228.8	2223.3
1089.9	2207.9
2735.5	2094.5
1417.5	2122.4
2764.2	1292.7
1770.9	2254.4
2074.3	2496.3
1445.4	1722.8
1684.7	2116.9
2467.1	2830.4
2647.7	2473.5
1448.1	2428
1698.2	2105.1
2385.2	2652.6
3080.6	1942.3
1587.5	2364.6
2641.4	2116.8
1625.8	2075.3
2053	2625.7
1788.2	2285.4
831.78	728.1
1556	2362.9
2211.2	2204.8
2728.2	2076.5
2260.8	2260.6
1905.3	759.89
1115.2	2644.8
1627.5	2213.4
1007.2	904.16
2874.9	1934.5
2792.7	2173
1787.2	2315.9
1448.2	2101
1403.4	1601.7
1409.5	2420.2
1582.1	2581
1770.4	2010.6
2567.7	2207.1
1342.1	2610.8
1738.2	1941.9
1949.3	2147.3
2892.6	2702.7
2989	2404.4
2989	2404.4
2638.3	1395.3
2379.1	2625.5
1403.1	2698.2
1007.2	904.16
1645.3	2130.9
1786.7	2272.1
1996.2	2447.6
2004.9	2459.8
1774.6	2167.4
1147.1	1391.1
1011.9	2160.4
2815.3	2411.2
2960	2664.1
1539.4	2168.3
2004.9	2459.8
2837.9	2108.7
2735.5	2094.5
1785.2	2330.9
1109.3	1305.3
1658.4	2062.6
1502.2	1883
2544.4	2935
831.78	728.1
2767.1	1769.7
2257.1	2448.5
2638.3	1395.3
1997	2450.3
3465.1	541.29
1730	2125.2
3126.1	2434
1786.6	2220.6
1657.4	2091.7
2068.6	2382.4
1722.6	2080.9
1780.1	2085.6
1703.1	2063.6
1504.2	2148
1785.2	2330.9
2475.6	2599.5
1731.5	2021.6
1583.4	2375.6
1667.2	1950.4
1795.7	2332.8
1129.9	961.9
1702.5	2077.7
1258.2	2252.2
831.78	728.1
2142.5	2294.1
1109.3	1305.3
3411.8	610.94
2764.2	1292.7
1548.2	1808
1460.2	2454.6
2598.1	1618.8
1485.5	1865.6
1785.6	2453.8
2291.3	2174.2
2907.1	1093.7
3467.1	1700.9
2477.5	1916
1241.7	2371.5
1099.7	1407
1721.9	1923.3
1996.2	2447.6
1273	2590.6
831.78	728.1
1416.1	2091.9
1422.9	2343.9
1609.1	2251.5
2266.5	2422.1
1286.1	2012.7
2194.4	2320.9
1007.2	904.16
2701.5	2081.8
2633.8	1542.1
1712.1	1896.6
2556.1	2342.2
961.12	1278.3
2365	2520.8
2144.3	2454.3
1674.1	2285.1
1303.4	1408.4
2567.7	2207.1
2142.5	2294.1
1752	2315.8
2940.5	1407.3
2312.7	2401.6
2180.1	2224.8
1930.1	2439.7
1983.8	2374.8
2854.1	2657.8
1709.5	2475.2
1746	2073.1
2141.5	2217.9
2375.7	2160.7
1760.3	2278.8
1902	909.06
2461.4	2270.3
2194.4	2320.9
1565.4	2333.9
1770.9	2254.4
1780.4	2187.2
2308.9	2253
2282.9	2226.6
1791.5	2272.5
1753.3	2495.8
1236.6	2322.4
1794	2090.4
1285.9	1301.2
3167.2	823.12
2735.5	2094.5
1058.6	2304.5
1170.4	1878.4
1703.1	2063.6
2569.6	2240
2999.1	1000.5
1831.9	2271.3
1936.3	2459.3
1684	2665.8
1225.6	1525.7
1449.3	2111.8
2842.1	2061.6
1941.8	2460.4
2641.4	2116.8
2183	2222.3
1791.5	2272.5
1714.8	2098.4
1308.9	1302.1
1477.9	2120.3
2648.4	2504.8
1817.1	2176.8
1567.1	2372
1305.7	2410.6
2735.5	2094.5
2118.6	2336
3411.8	610.94
2262.5	2609.2
1109.3	1305.3
2767.1	1769.7
2633.8	1542.1
1440.2	2356.8
1395.2	1729.1
2279.3	2342.7
2381.1	1842.2
1770.1	1997.6
2761.8	1381
1826.6	2501.8
922.06	1467.4
2579.2	1632.4
1435.3	1790
3465.1	541.29
2842.1	2061.6
1731.5	2021.6
1655.7	2105.2
2996.5	1549.1
1156.9	1421.5
2238.3	2685.1
1713.3	2278.8
2166.7	2151
2068.6	2382.4
2766.3	1318.9
2068.6	2382.4
1409.4	2427.9
1692.4	1982.7
1715	2277
1409.5	2420.2
2224.8	2332.7
1340.8	1466.8
1752	2315.8
2735.5	2094.5
2463	1676
1295.4	1563.3
2504.5	2688.4
1524.3	1834
827.98	715.73
1506.3	2320.2
1906.2	2302
1456.4	2129
2064.5	2366.5
2939.9	1092.1
1440.2	2356.8
2190.8	2290
1395.2	1729.1
3109.1	1486.5
2053	2625.7
827.98	715.73
1258.8	1214.5
2266.8	2353.5
1039.3	2361.7
1697.2	2196.9
2488.1	1636.5
1034.9	1278.9
1931.4	2339
1701.8	1924.8
1755.2	2007.9
1903.4	2521.5
1694.5	1871.6
995.38	2488.2
1784.5	2492.8
3226.6	1718
922.06	1467.4
962.06	1938.6
1929.7	2336.7
2789.2	1987.1
1232.2	2233.8
2266.5	2422.1
827.98	715.73
962.06	1938.6
1816.1	2252.1
1092.8	1811.1
1667.5	1935
1030.7	2789
1794.8	2033.6
1288.5	1587.4
2294.8	2424.9
1236.2	1165.9
1109.3	1305.3
2749.2	2598.8
1529.3	2378.5
2299.8	2370.8
1702.4	2305.3
2735.5	2094.5
1740.8	2010.1
2580.3	2187.7
2461.4	2270.3
1707.2	2064.7
1798.9	2322.5
1203	2033.2
1690.9	2318.3
1738.5	1969
2848.9	2270.1
2999.1	1000.5
2575.7	1755.6
2568	2286.1
983.6	2234.4
1086.2	1981
1701.7	1924.5
2085.9	2318.2
1023.5	1260.4
2650.8	1479.8
1416.1	2091.9
2904	2358.9
1356.3	1500
1356.3	1500
1167.8	2392.2
2089.6	2471.1
1114	904.53
2580.3	2187.7
2766.3	1318.9
1109.3	1305.3
1546.2	2392.5
2394.7	2081.4
1763.6	2165.6
3634	466.45
1097.7	1276.4
1409.3	2417.4
1702.5	2494.3
1534.7	2376.1
2199.8	2158.4
1109.3	1305.3
2086.3	2375.2
2144	2189.3
3016.3	1784
1197.7	2182.5
2575.9	2110.4
1266	1824.9
2442.4	1670
1182.3	2037
1817	2219.5
2960	1029.1
1741.6	2445
1620.6	1953.4
2166.2	2408.5
2108.9	2449
1617.9	1980.3
2089.6	2471.1
1029.6	1927.2
2759.9	2622.4
1150.3	1422.4
1644	1983.1
1305.7	2410.6
2950.8	1438.9
1409.5	2420.2
2778.4	2086.3
2206.1	2492.9
2403.8	2488.5
1435.3	1790
2648.4	2504.8
2741	2493.1
2865.6	2042.7
1691	2068.5
1748.8	2142
1658.3	2077
985.47	918.17
2123.5	2372.1
1562.8	2365.8
2400.4	2250.5
2145.1	2192.6
1558.1	2397.8
2576.1	1753.5
1794.2	2104.4
1391	2069.7
1529.3	2378.5
2351.6	2159.4
1085.9	2429.8
1409.4	2292
1310.6	2258.3
1088.2	2188.7
1931.4	2339
1020.7	1575.1
1927.3	2443.9
2303.6	2183.8
1004.6	1918.6
1111.5	995.26
1342.1	2610.8
2508.2	1998.1
1527.9	1824.1
1328.7	1521.9
3016.3	1784
3167.4	2433
1617.9	1980.3
1409.3	2417.4
1065.3	1624.5
1471	2136
1710.4	2643.3
1534.7	2376.1
1999.4	2353.6
902.24	2125.8
2137.5	2311.3
1419.6	2394.7
1321.2	1530.8
1232.2	2233.8
2825.9	1790.8
3026.7	978.22
965.1	979.59
2461.4	2270.3
2186	2156.8
2185.4	2170.8
1358.6	2658.2
1040.5	2155
2212.8	2332.8
1575.3	2362.1
1554.1	1818.4
1734.4	2339.8
1011.4	1562
3109.1	1486.5
3525.6	1712.2
2109.7	2448.1
1040.5	2155
1070.1	2381.5
1579.2	2377.9
1794.8	2033.6
2764.2	1292.7
2442.4	1670
1455.3	2393.8
1551.9	2359.9
3073.3	1938.5
1115.4	2650.6
2213.7	2332.7
1427.8	2304
1648.8	2600.9
1385.9	2386.6
2839.2	2046.3
1691.8	2414.7
2647.6	1451
2269.1	2261.2
1818.5	2256.9
2524.8	2749
2817.1	1339.3
1995.9	2424.9
1735.1	2093.6
1694.1	1925.7
1628.5	2155.3
1748.8	2142
2593.2	1565.4
2235.1	2241.8
1110.9	2199.3
2633.8	1542.1
2419.3	2765.7
1084.4	2313.9
1789.4	2396.6
1650.1	2243.8
1342.1	2610.8
1687.9	1858.7
1468.9	2351.7
2730.1	2433.6
1567.1	2398.4
2224.8	2332.7
1646.1	1992.6
2231.8	2666.4
1427.3	2320.8
1328.7	1521.9
2048.7	2429.2
1059.5	1050
1029.6	1927.2
2959.6	2681.9
2306.2	2195
1694.9	2238.5
2114.2	2325.3
1026.6	2297.4
2102.3	2309.5
2423.8	1978.6
3058.2	2467.8
2398.8	1808.1
1425.7	2352.8
1061.8	1626.2
2203.8	2333.8
1962.3	2377.2
1453.2	2109.1
1571	2383
1694.6	2345.7
1975.5	2441.4
1551.9	2359.9
1928.3	2443.4
3141.8	919.29
1822.1	2209.6
1280.4	2027.2
1975.8	2402.2
2176.5	2340.6
1657.3	2461.3
1659.9	2370.4
1668.6	2135.6
1706.8	2136.8
2294.8	2244.5
1589.2	2189.1
1952.1	2439.1
1699.8	1866.4
1008	2166.4
3279.4	2560.3
2201.2	2215.6
1694.1	1925.7
1865.8	2270.1
989.89	2602.7
2888.4	2518.4
1322.3	1565.8
3069	2411.2
1699.4	2505.2
2145.1	2192.6
2963.1	991.83
1712.8	1955
2524.8	2749
1017.7	1266.3
1793.9	2182.6
1435.3	1790
1606.1	2355.1
2299.8	2239.4
2450.9	2250.2
2255.5	2417.8
1030.7	1264.3
2692.4	2318.2
3461.9	556.22
1084.4	2313.9
1644	1983.1
865.31	2109.7
2759.9	2622.4
1749	2094.4
1177.8	2290.9
1683.4	2300.5
2417.1	2217.7
1683.4	2300.5
1038.6	2307.7
3455.5	2450.1
1949.3	2422.8
1939	2439.6
1441.1	2410.3
2251.2	2374.5
3181.1	1096.1
829.92	2122.7
1813.2	2195
1582.2	2014.9
1088.2	2188.7
1529.3	2378.5
2759.9	2622.4
1040.8	2160.6
1187.6	2283.5
2480	2365.2
1170.4	1878.4
2172.5	2318.4
1970.5	2150.3
2202.2	2246.9
2559.8	2320.8
2734.1	2449.4
953.51	1926.2
2552.4	2114.1
3065.1	2467.8
2105.4	2462.5
2585.8	2150
1744.5	1965.2
1396.4	1739
1973.4	2401.6
1311.5	1606.7
1933.6	2337.1
1936.1	2399
2882.7	2515.7
1403.6	2353.8
2834.2	2385.6
983.85	2478.5
2300.5	2418.8
1296.2	2328.8
1691.7	1963.4
2251.2	2374.5
1682.3	2167.6
2471.8	2416.2
2524.8	2749
1792.3	2261.1
1169.9	1876
1320.6	2054.6
2285.6	2415.7
1817	2219.5
1557.4	2409.4
2655.4	1400.8
1088.9	1670
1221.8	1373.7
2848.9	2270.1
2209.2	2686.4
1819.3	2260.8
2182.8	2418.8
1416.6	2413.8
993.85	2590.8
1416.1	2091.9
1087.5	1268.8
2842.1	2061.6
1844.8	2484.9
961.79	892.66
1929.6	2348.7
1724.6	2172.5
2423.8	1978.6
2309.7	2166
1322.4	2374.9
1975.8	2402.2
1506.3	2320.2
1624.9	2314
1462.8	2136
2572.4	1560.7
1524.3	1834
1506.3	2320.2
2180.8	2300.9
1435.3	1790
1427.3	2320.8
997.32	1241.8
1402.4	2081.5
1204.8	1756.8
1468.1	2336.1
2940.4	1679.1
2111	2300.6
2882.7	2515.7
2098	2534.8
2200.3	2271.6
2773.2	1962.1
1659.1	1943.2
2650.5	1538.3
2735.5	2094.5
2114.2	2325.3
2878.5	2481.3
2105.4	2462.5
836.81	427.62
2398.8	1808.1
1804.2	2081.5
2996.5	1549.1
1712.4	1929.8
2450.9	2250.2
2172.1	2199.6
2882.7	2515.7
2934.9	1883.6
1802.5	2255.2
1038.6	2307.7
2827	2083
1696.9	1852.2
2090.6	2479.5
1694.2	2327.9
1710.4	1968
1368.2	2103.5
1772.6	2216.7
2569.9	2471.1
1569.8	2183.3
2926.2	1763.8
1627.5	2213.4
2328.1	2761.5
3103.3	1442.3
3103.3	1442.3
3001.8	1090.2
1432.1	2380.2
2950.8	1438.9
1900.3	937.98
2284.7	2211.6
929.4	1477.9
2569.9	2471.1
1465	1678.4
1280.4	2027.2
3044.9	1035.7
1972.6	2153.4
1199.9	1571.5
1404.9	2079.9
1299.2	1584.5
3140	2517.4
1393	2057.3
2855.6	2437
1627.5	2213.4
2086.3	2375.2
2062	2375.1
2778.5	2472.4
2441.2	1941.3
1734.4	2339.8
1054.4	1305.3
1773.8	2032.7
2797.7	2180.4
1032	1933.7
953.11	1864.8
1182.1	1739.7
1818.5	2256.9
2441.2	1941.3
1422.2	2361.5
2634.4	1852.2
1073	2171.8
1010.2	1352.4
2537.1	2324.8
2679.6	2444.2
1034.6	1435.7
1049.1	1047
2774.8	1950.9
1100.4	2451.5
1389.8	2116.1
2638.6	1386.1
1253.9	2244.7
2686.2	2164.6
1706.4	2209.4
1735.5	2145.1
1359.9	2768.1
1393	2057.3
3058.2	2467.8
1977.8	2424.5
1044.8	1595.8
1687.6	1971.1
1820.5	2168.4
1631.4	1846.5
1763.7	2232.8
2411.2	1922.2
3270.7	2124.1
2963.1	991.83
1560.9	2354
1052.2	1056.8
1320.6	2054.6
1560.9	2354
1672.6	2340.8
2130.1	2293.3
2441.2	1941.3
1937.6	2453.1
948.37	1483.1
2398.8	1808.1
1012.2	728.64
1713.5	2405
1647.6	2084.9
1065.3	1624.5
2248.8	2252.1
1044.8	1595.8
2552	2143.9
1536.4	2539.2
3058.2	2467.8
1000	2163.1
1462.8	2136
1575.7	2365.7
1782.2	2149.8
2906.8	1469.6
2173.7	2257.5
2887	2638.6
2172.5	2318.4
992.67	1926.7
2569.9	2471.1
1773	2059.1
2839.9	2071.2
953.51	1926.2
1280.4	2027.2
1944.3	2429.1
1275.2	2062.7
1694.2	2327.9
2976.5	2475.9
864.03	1150.9
1977.8	2424.5
2941.9	2702
1026.6	2297.4
3031.9	1830.7
2590.8	2136.9
2172.1	2199.6
2834.5	2059.1
2827	2083
2839.9	2071.2
1710.4	2643.3
1655.2	2360.1
1575.7	2365.7
1714.4	2318.7
1453.8	1719.8
1847.6	2403.3
3048.7	2466.5
2682.1	2130.8
1597.7	2015.2
1393	2057.3
2203.9	2189
1945.4	2435.3
1065.3	1624.5
2993.3	2240.7
2765.3	2469.2
1147.1	1391.1
2629.7	1863.8
1826.6	2212.6
2140.8	2551.8
2357.9	2154.1
3077.9	2396.2
1037.1	1595
2577	2507.7
1297.6	2327.7
999.2	2259.4
2478.3	1900.1
3103.3	1442.3
1902.8	831.97
2584.2	1844.3
2638.3	1395.3
2590.1	2253.4
1462.3	2746.8
1808.8	2084.2
2779.2	2469.6
1169.9	1095.2
2764.9	2091
1948.5	2430.2
1517.8	2391.7
1210.7	1561.6
1584.4	2384.1
2635.5	1529.5
1710.4	2643.3
1789	2178.9
2588.6	2063.2
1659.1	1943.2
1493.1	2379.5
1687.6	1971.1
2317.9	2745
1925.7	2411
1510	2390.4
1031.3	1226.1
2353.9	2649.9
2398.8	1808.1
2950.8	1438.9
986.34	1933.2
2020.4	2487.5
1686.2	2436.2
1253.9	2244.7
820.37	387.54
1080.2	1986.6
1631.4	1846.5
886.14	433.62
1798.2	2425.9
3080	1737.6
1224.2	1887.8
1195.9	2500.9
2735.5	2094.5
1450.3	2107.6
1710.4	2643.3
948.37	1483.1
2878.5	2481.3
1706.9	2310.3
1078.9	2740.3
2279.1	2693.6
1435.7	2378.2
2839.9	2071.2
1314	1858.1
1991.5	2454.8
1711.6	1856.7
2581.5	1542.2
1773.8	2032.7
1635.8	2301.2
1278.2	1996.5
1602.2	1987.2
1092.6	2177.7
1717.9	1939.3
1784.6	2260.7
2855.6	2437
1247.8	2464
3560.3	2499.7
2204.9	2162.4
1051	2312.6
2993.3	2240.7
995.25	2325.7
1597.1	2388.3
1247.8	2464
2903.3	2375.6
1517.9	2366.9
2439.5	2250.2
1712.3	1934.7
2439.5	2250.2
1490.9	2712.7
1085.9	2429.8
2614.7	1518.1
2748.2	1384.6
1411	1975.1
1646.7	2449.1
1005.9	1252.6
1648.8	2600.9
1253.9	2244.7
2002.8	2432.4
1627.8	2214.7
2631.8	1853.2
1660.3	2348.7
2353.9	2649.9
1324.5	2737.6
2993.3	2240.7
2203.9	2189
948.37	1483.1
1746.6	2104.9
1769.4	2277.4
2502.1	1607.2
1459	2345.4
2048	2443.9
1912.4	2421.2
886.09	645.92
2328.1	2761.5
1701.8	2151.2
2429.8	1955
1119.5	2974.4
2797.7	2180.4
2871.9	2403
999.2	2259.4
1695.3	1998.1
1763.9	2236.8
2993	2546.9
2839.9	2071.2
1573.2	2093.2
3010.1	2467.3
2512.9	2706.9
1672.6	2340.8
1254.1	2400.8
2002.8	2432.4
2030.4	2549.7
2155.5	2280.2
1314	1858.1
2201.9	2269
999.2	2259.4
1951.8	202.46
1712.9	1972.1
2123.7	2621.5
1597.1	2388.3
2973	2679.4
2662.8	2480.1
2618	2066.1
1673.7	2001.8
1949.9	2427.4
1064.2	1621.5
1874.5	1844.1
1110.1	2185.7
2652	1516.9
1619.4	2526.6
2766.3	2472
1806.5	2252.5
3440.2	565.07
1657.3	1961.4
2619.2	2188.5
1485.1	2786.3
1514.4	2037.1
3638.2	327.94
1011.4	2790.4
1791	2250.1
1650.8	2069.8
2788.2	2756.8
1651.9	2127.1
1963.8	2155.3
2839.9	2071.2
1913	631.03
1991.9	2458.9
2525.9	1569.3
2319.8	2414.9
2573.1	1771.4
1275.8	1998
2203.9	2189
1019	2292.2
1792.7	2177.9
1109.2	2475
1275.2	2062.7
1642.5	2297.1
2825.2	1800.4
1749	2094.4
2150.1	2328.2
1806.6	2577.4
847.14	1848.6
1851.3	2256.6
1901.5	2317.8
1742.3	2125.1
2222.9	2609.3
3467.1	1700.9
2002.8	2432.4
2797.7	2180.4
1166.3	1553.1
2595.1	1458.5
1301.8	1407.8
2215.3	2700.9
1514.4	2037.1
1514.4	2037.1
2429.8	1955
1120.9	1540.4
2089.7	2424.3
1110.1	2185.7
1742.6	2101.8
1704.6	1846
1110.1	2185.7
823.84	2033.9
1908.2	644.65
1182.1	1739.7
1933.4	2414.9
1576.3	1903.3
1761.3	2134.6
1083	1436.5
1085.9	2429.8
1921.1	2422
1117.8	2693.8
820.37	387.54
1974.1	2464
1576.3	1903.3
1790.3	2091.4
999.2	2259.4
1313.6	2340.1
2198	2162.2
2615.6	1437.1
985.91	2144
2002.8	2432.4
886.09	645.92
2479.3	2474.7
1746.6	2104.9
2145.1	2283
831.92	2981.2
1760.3	2278.8
3084.5	2433.3
1893.8	2387.9
1606.3	1847
2437.2	2587.6
1845	1811.3
3080.8	1324.4
1144.7	2315
2527.2	1570.9
1280.4	2027.2
2471	2602.4
3198.1	1104
890.93	718.02
2705.7	1375.2
1962.3	2403
2862.4	1878
1962	2348.2
1192.9	1219.9
2200.2	2472.7
1529.1	2626
2243	2277
1116.2	983.23
2022.6	2440.9
1772.8	2314.1
1676.3	2267.4
2903.3	2375.6
2802.6	2488.2
2471	2602.4
2470.6	1716.2
1173.3	2547.3
1787.9	2259
1012.2	728.64
1733.5	2498.9
2576.5	2541.2
1954.3	2424.6
1011.9	2465
1719.8	1989.5
1372	2744.9
2573.1	1771.4
1700.1	1967.3
1932.2	382.7
2635.5	1529.5
2573.1	1771.4
1432.1	2380.2
1096.5	2323.4
2504.9	1607.1
3104.9	884.11
2737.9	2420.9
1688.4	2438.8
2697.2	1372.4
1488.8	2385.9
2449.6	2027.6
2516.5	2582
2785.7	1388.7
2420.7	2684
1908.2	644.65
3146.8	862.7
1125	1446
1778.3	2042.5
1582.1	2581
3621.9	1247.6
1403.1	2698.2
1083	1436.5
2009.5	2423.8
1126.3	1851.4
2368.9	2505.7
2178.9	2413.7
1656	2441.9
1012.2	728.64
2368.9	2505.7
1297.6	2327.7
1151.6	2556.6
1490.2	2017.2
2420.8	1974.9
3147.6	898.92
2652	1516.9
1691.9	2206.1
2903.4	2398.4
1254.1	2400.8
1908.2	644.65
1908.2	644.65
1916	631.87
1024.5	1422.7
1110.1	2185.7
1151.6	2556.6
1101.7	945.12
1431.8	2870.4
1110.1	2185.7
1712.2	2325.4
1913	631.03
2735.5	2094.5
1709.6	2244.3
1514.4	2037.1
1182	2308.2
2828.7	1974.6
1299.2	1584.5
2797.7	2180.4
1210.8	2075
1101.7	945.12
1444.5	2476.1
1951.8	202.46
1704.6	1846
2471	2602.4
3592.9	2777.7
2194.8	2400.7
2405.9	2100.5
2524.8	2749
2134.5	2350.9
1905.7	833.91
1802.7	2297.6
1460.3	1748.7
2591.3	2156.9
1578.5	2355
1409.7	2445.7
3125.4	1132.1
2635.5	1529.5
1598.8	2608.2
2652	1516.9
2302.5	2647.8
2407	2096.6
2203.9	2189
3615.4	2406.9
2250.2	2587.8
908.75	461.37
2827	1786.4
2648.2	1803.3
1576.3	1903.3
1099.4	2187.9
2471	2602.4
2161.1	2277.6
1787.9	2259
1905.2	977.53
2471	2602.4
1034.2	2751.9
2615.9	2239.3
1922.1	2501.3
1788	2120
1697.8	1849.4
1754	1964.7
2797.7	2180.4
1016.8	1926.8
2155.8	2164.1
2329.6	2455.6
1426.5	1825.2
1116.2	983.23
1495.9	2047.2
1428.3	1973.8
1158.1	2306.7
2713.2	2421.3
2827	2083
1372	2744.9
2160.1	2479.6
1557.6	2072.9
1932.2	382.7
2885.1	1712.3
1517.9	2366.9
2825.2	1800.4
2833.6	2061.6
1238.9	1571.2
1267	1545.8
1975.4	2423.9
1736.3	1869.1
1576.3	1903.3
1575.2	2088.5
1713.9	2347
1099.4	2187.9
1110.9	2199.3
2682.5	1482.2
3622.6	636.59
2353.9	2649.9
1543.4	2395.1
1728.1	2218
1687.6	1971.1
1919.1	558.28
2729.3	2489.5
2441.2	1941.3
1633.6	2084.5
2589.6	1447.3
1116.2	983.23
1932.2	382.7
2683.3	2489.1
2326	2729.2
1029.9	1961.1
2627.2	2465.4
2832.7	1285.9
1778.4	2272.2
2869.8	2696
1627.5	2213.4
1475.7	2143.1
2008	2710.8
3080.8	1324.4
2737.9	2420.9
2661.9	1928.8
2638.1	1445.3
2304.6	2583.2
