1299.8	2566.7
1811.6	2270.4
1564.7	2454.9
1467.7	1859.2
841.54	1286
2775.6	972.01
1736.1	2502.7
3840.6	1787.3
7212.5	4271.2
974.51	987.98
1996.6	2554.1
1950.6	2278.2
1975.9	2279
1444.4	1905.3
2960.2	3065.3
390.57	960.08
1779.1	2135.8
874.28	998.28
1154.3	1720.3
467.18	1539.1
274.2	136.59
912.16	1613.3
3242.5	1913.2
1637.2	2178
235.51	1103
1031.3	1932.6
1086.8	1973.4
679.28	1622.3
1010.2	1920.3
1319.5	2383.1
458.1	1498.2
590.51	1231.3
1047	1158.2
862.18	1859.6
961.87	1875
258.84	1111.5
1026.1	1923.3
2680.4	2001.1
1120	1488.1
1616.9	2272.4
1168.1	2035.7
1275.7	2827.8
1686.3	2381.7
3700.7	1915.3
1167.3	2353.3
608.58	1200.8
1679.5	2173.4
834.15	1278.8
1545.7	2121.3
2201.4	2654.8
1608.9	2263.3
3787.5	1893.2
1015.4	1307.2
3475.5	2458.8
3221.5	2421.8
606.71	1560.7
3029.3	2697.9
2685	1883.6
447.76	1015.4
673.8	1338.1
680.9	1685
818.15	2594.3
3750.6	1748.3
7277	2709.7
1616.8	2382.7
3266.7	4615.8
4055.7	854.05
1610	2357.7
758.59	1700.3
114.72	457.29
1055.4	2241
4415.6	1298.1
1041.5	1170.5
1088.1	1954.8
1862	2474.6
1164.4	1560
1103.6	1402.6
2611	1388.1
3243.9	4638.2
2074.8	2041.4
1008.6	1904.1
2210	4888.4
166.94	2076.9
2181.4	1888.4
1144.2	2347.3
1078.9	1449.1
922.61	1428
1196.1	2053.2
1662.2	2228.8
862.61	1805.5
2699.1	1884.4
6345.4	523.27
1955.5	2236
1679.6	2245.2
3988	1126.9
3255	4640.4
750.55	1703.2
2003.6	2280.6
596.82	306.1
1645.4	2077.4
5931.8	1387.6
1095.9	1448.2
829.91	1480.1
1933.5	2338.6
22.31	632.71
892.9	2175.4
5554.4	158.55
4120.6	1831.3
1148	1845
3929.4	1691.7
1520.7	2267.1
1945.2	2272.4
1531.4	2274.7
7116.3	4174.2
1078.9	2242.8
1055.3	1943.1
1348.5	2563.2
1685.2	2391
183.73	2078.8
442.58	2184.3
988.75	1678.8
1125.6	1527.8
3036.3	2667.1
2738.6	1850.4
845.31	2593.1
2925.3	1453.7
628.3	1597.8
3727.4	913.69
1351.6	2388.1
2700.1	1869.7
1356.6	1771.7
1133.1	1345.5
1689.4	2265.6
1129.9	1969.6
733.28	2234.7
2124.9	2672.8
794.78	1463
1720	2327.4
1345.7	2562.1
1082.2	1425.9
5827.8	996.01
2200.7	2560
1388.3	2356.4
1725.5	2510.5
1826.8	2449.3
1433.5	1898
1964.1	2220
1463.9	1837.8
1376.5	2403.8
2177.8	2487.3
3128.9	2539.5
3806.6	494.31
1388	2175.6
2217.1	2498.3
1689.7	2178.2
6561.2	759.19
1929.4	2305.7
966.92	1918.7
859.11	1807.3
157.75	2381
2080.7	2050.9
2680.1	2016.6
1465.3	1869.3
1153.5	2028.1
2698.6	1899
1163.5	2276.4
2101.2	2639.1
1118.4	1990.3
2698.5	1822.9
1166.1	2513.8
792.25	1775.3
538.2	2302.2
2445	2261.8
1941.8	2312.8
3802.8	505.14
3034	1429.3
2032.4	2218.7
602.22	2218.5
1432.5	1958.9
1820.5	2479.3
1432	1952.7
3820.3	1931.2
1097.8	1798
1810	2446.7
144.82	2288.6
1193.6	2061.6
2012.2	2656.1
957.62	1087.9
687.99	2420.2
3244.9	4622.6
1792.9	2446.4
3248.5	4623.3
1599.5	2316.8
1690.1	2286.2
982.23	2217.7
1989.8	2213.5
156.93	2385.5
1971.6	2226.2
924.93	2655.8
1329.9	2967.2
142.96	2139.1
1382.2	2348.9
1939.2	2312
134.47	2270.2
3551.5	1353.7
4813.2	1164.3
5754.7	35.991
5798.2	849.57
1923.1	2342
1602.9	2207
1036.3	2629.5
2025.9	2277.1
1718.4	2406.3
168.11	2079.5
1138	2025.7
1361.7	1801.9
861.34	1774.7
1393.8	2366.8
1481.1	1970.4
902.73	2292.8
1700	2271.4
678.68	730.63
2323.4	1862.3
1136	2490.1
1217	1548.6
1006.1	2700.8
1393.2	2401.6
1893.5	2448.1
4402.9	926.02
3845.1	1792.2
1437.7	1921.6
4458.1	29.165
1462.5	2423.2
1860.1	2447.7
2188.3	4855.9
1606.1	2377.1
396.49	1996.3
1942.5	2292.2
1885.5	2458
1272.4	1755.3
1968.7	2291.6
2501.5	1906.4
1475.4	2067.4
1641.1	2091
1248.2	2358.2
1585.2	2408.6
196.26	1213.1
1471.6	2047.1
1396.8	2347.1
601.27	1212.8
3831.4	48.694
1971.5	2444.8
1022.1	1727.3
1280	2298.3
817.51	1155.6
2084	2016.5
813.43	2672.7
878.32	2159
2584.4	1830
1144.9	1643.2
894.14	1864.8
1765.3	2352.6
1687.9	2377.5
2950.9	2436.5
821.86	2161.6
2597.1	1586
2027.5	2274
145.97	2346.7
51.109	1218.2
128.9	2355.4
1631.1	2172.9
1659.8	2133.6
717.85	1378
1810.9	2424.5
497.73	260.11
1206.6	2299.5
3744.1	545.57
822.5	2276.3
474.45	3041.7
1209.8	1512.3
245.07	2168.4
1961.5	2472.8
4895.7	261.04
1163.7	2277.9
1980.7	2292.5
2080.7	2431.5
2683.3	1926.7
1245.4	2317
1940.8	2293.7
1055.8	2379.3
2729.7	1823.8
281.84	771.19
1860.2	2456.4
2697.1	1927.2
4401.5	916.75
1251.4	2109.9
1802.2	2380.9
1822.7	2585.5
1140.7	2496.3
1976.9	2192.1
2827.8	1068
1077.2	1931.1
6231.6	2784.2
3915	688.08
1747.5	2353.3
1526.8	2393.1
186.11	1910.3
728.54	2122.5
5014.4	2731.3
2898.3	2211.3
2073.4	2262.8
1631.4	2344.5
372.81	194.31
2686.7	1848
1105.7	1934.5
1560.6	2156.1
2002.4	2539.4
3259.2	4630.1
1809.6	2456.9
5279.1	999.56
2500.7	2293.8
1354.8	2402.6
1608.2	2296.1
1432.4	2333.9
1691.7	2356.2
2714.8	1529.6
489.91	1414.6
1605.3	2414.6
1931.7	2350.6
2708.8	1620
4463	2087.2
2637.9	2191.5
2315.2	1982.5
868.3	1762.6
1634.8	2252.6
3153.8	2079.8
3303.5	4721.2
2399.3	2504.1
631.5	2350
2779	2578.3
1676.9	2378.2
246.15	2122.4
2291.7	1942.6
1960.7	2428.1
167.34	2377.2
3719	866.77
2378.9	2334.6
2177.7	2474.4
690.16	1744.3
2080.4	2449.9
2558.1	2018.4
1552.7	2297
578.76	2241.2
409.2	928.47
1568.5	2165.6
1618.1	2232.2
2935.1	1452.6
1673.2	2394.1
2300.1	1817.9
2158.6	2503.4
1818.3	2455.3
149.11	2102.8
2664	2467.2
1387.1	2448.1
2405.7	2324.4
384.28	1983.7
1385.9	2406.6
3304.3	4720.2
1983.4	2450.3
3327.3	303.59
1548.3	2399.3
2631.5	2002.3
647.23	2303.5
1250	1958.9
1413.3	1863.6
1557.5	2135.9
3289.6	4714
2154.7	1911.1
711.06	2283.5
2258.3	2520.8
1669.2	2174.4
1886.1	2437.9
2315.1	2356.1
1897.1	2673.3
2115.9	2336.2
1641.2	2094.5
2324.9	1831.6
1383.2	2387.1
1978.9	2225.1
657.92	2095.3
899.34	996.15
1138.1	1836.7
900.9	2182.9
2094.6	2132.9
2370.4	2260.9
2413.4	622.69
2287.7	2468.9
2124.2	2711.1
432.75	2201.3
2212.1	2633.2
4135.8	1848
3655.7	2547
2096.1	2320.4
697.87	120.83
1203.4	2038
2118	2581.3
938.77	2200
1168.4	1617.8
3254.7	2868.1
1396.6	2406
1467.4	2408.2
1772.8	2376.5
3962.8	579
1675.9	2255.3
688.39	2319.7
4655	303.11
2099.3	2117
1993.2	2391
1433.9	1976.5
529.42	2397.2
1931.5	2576.5
2021.8	2443
1066.5	2391.3
2102.5	2311.2
1247.9	2354
621.61	2094.8
597.45	2393.3
1961.8	2253.7
1531.8	2039.1
7212.9	4294.4
2322.5	1810.5
1964.7	2316
2269	2458.3
1414.8	1787.9
2506.4	1378.5
4189.9	440.83
2025.2	2402.4
4823.4	2079.6
4755.9	473.54
631.79	2316.6
2641.5	1823.9
2910.1	1858
4106.8	2405.8
3168.9	678.72
1465.9	1998.3
2174.1	2464.7
2278	2505.2
2366.2	2527.5
2106.2	2124.1
2164.2	2483.2
3946.6	1153.6
905.19	1810.9
885.16	1578.9
1582.4	2423.4
575.78	2075.3
4002.4	193.92
1119.8	2356
786.19	2670
3214	811.63
124.65	2316
1181	2439.2
3844.4	2250.6
851.78	2277.1
1409.8	1973.3
2555.2	1631.3
995.03	2527.2
4571.2	1788.2
2171.1	1888.8
2342	2033.4
1997.1	2364
2502.2	1915.3
1354.1	2061
940.81	1435
2961.8	2510
415.51	468.79
3107	1689.2
2102.5	2134.7
2660.4	1668.6
1815	2378.7
1840.8	2662.4
3213	2462.9
2514.9	1867.4
647.71	2301.7
5845.9	1032.2
2034	2327
3927	597.46
3711.3	1742.7
3752.1	1767.8
555.2	2211.6
566.92	2072
1478.9	1997.8
2184.1	2262.4
1511.3	2064.2
3172.5	1808.9
1370.6	1775.4
2104.9	2116.9
1612.1	2329.6
231.81	2151.8
635.72	690.7
2521.6	1882.1
2490.9	2172
2426.4	2323.6
940.61	1836.9
1669.9	2239.5
2636.3	1814.4
2628.3	2565.7
1620.6	2442.1
1976.9	2453
1454.8	1836.1
2150.5	2705.2
1158.5	2438.6
2024.7	2482.7
2956.4	1127.6
804.05	1149.2
850.59	2160.5
2718.6	1320.6
4573.3	1782.1
2141	1932.2
1405.1	1995.4
936.87	2648.6
2137.3	2040.4
2714.4	2085.2
5598.9	834.11
884.49	2381.4
5789.2	825.09
2559.4	1855.1
1674.8	2279.1
934.49	1090.4
2415.1	2118.1
1546.1	2416.8
5985.6	2176.1
1626	2222.4
223.37	2437.9
847.61	1813.9
1891.2	2394.5
167.43	2086.9
1160.1	2398.2
2604.1	2269.3
2070.6	2078.4
1461.1	2013.3
937.79	2196.2
2130.3	2200
1999.7	2420.3
1761.5	2372.6
2591.8	2306
7230.3	2655.2
413.78	468.6
1189.7	1887.3
1481.3	2053.1
3648.4	352.71
3961	1808.4
925.6	1409.9
244.79	2131.1
1949.2	2425.4
2780.3	1562.9
1970.5	2406.2
1057.9	1359.2
2141.8	2051.1
3814.3	1874.8
2132.3	2072
1597.5	2307.8
2641.3	1403.6
3825.6	1905
2239.2	1859.4
2581.6	2319.5
2208.6	2509.5
2014.9	2617.9
1802.7	2265.1
1962.4	2391.3
1999.5	2230.4
2596.5	1444.7
2077.7	2065.3
254.55	1131
2571.2	2292.6
4085.2	1056.8
1443.4	1934.6
1821.9	1844.2
1655.5	2370.6
958.54	1340.5
1414.9	1997.8
2011.4	2323.6
4348.2	2376.3
4194.4	442.2
437.03	2274.3
534.71	2230.6
923.09	2657.1
2874.4	989.8
1415.3	1929.6
2633.2	1651.2
1914.8	2455.7
1959.3	2392.8
1508.5	2068.3
3237.2	2469.1
2103.1	2330.8
236.4	2163.9
1944.6	2322
2639.1	1490.2
925.76	1993.8
1995.6	2377.2
2494.8	1378.2
3055.2	1300.9
2788.3	2307.4
2234.7	2471.9
1973.4	2424.7
1765	2361.6
742.9	2276.8
710.77	2353.3
109.42	2038.9
2704.8	1906.6
2714.6	1937.7
908.7	2181.3
1163.2	1594.9
2618.8	2315.7
2695.7	2289.3
3202.1	1948.4
1675	2245.9
2025.4	2431
2391.4	2340
1138.2	1672.8
1529	2264.6
1663.4	2164.7
2112.9	2638.8
1580.8	2417.3
3305.9	4733.2
6673.7	2665.2
3811.7	254.17
1674.5	2286.8
215.4	1978.8
1943.8	2451.7
1068.7	1941
1412.3	1983.1
447.77	2303.5
2913.7	2248
1159.2	1607
1278.7	2322.8
2517.4	1882.9
3091	2165.6
1630.5	2398.7
1872.4	2369.3
4305	2973.6
1533.8	2417
1678.9	2197.9
2903.5	2155.8
1884.9	2401.1
1000.3	1432.2
2173.8	2408.5
383.64	1401.4
215.91	2130
469.66	1507.3
4503.5	1954.1
378.54	1409.5
4146.5	484.24
2288.2	1844.3
2522.2	2251.4
4397.6	956.77
2736.3	1252.3
4118.6	489.83
2106.5	2341.5
475.16	973.87
4291.3	2649.8
6146.4	4645.3
820.55	834.97
1878	2653
1949.2	2461.4
2792.4	2310.8
3244.5	2092.2
2656.8	2362.3
388.49	2201.5
2703.8	1920.6
799.82	1149.8
3785.4	356.18
1947.4	2247.4
1773.7	1830.9
1898.2	2553.5
1626.8	2154
739.84	1328.1
1485.4	2231
1272.6	2073.1
375.52	2740.5
2706.2	1624.1
2187.8	2147.8
4751.5	1913.8
2786.1	1000.8
924.84	1827.9
2439.1	2325.7
1382.4	2354.9
4369.6	576.67
1059	1970
412.61	2173.6
737.26	906.58
1693.2	2318.4
2417.6	1997.3
1403.7	2015.7
541.53	541.18
2168.5	2477.9
3582	1926.8
2131.5	2077.3
1956.5	2537.2
1982.1	2317
2026.8	2346.2
6141.9	1714.2
2715	1923.2
2042	2318.4
2147.2	2056.2
1945.1	2330.8
1668.1	2141.4
1704.1	2312.8
1566.7	2149.8
1470.4	2220.3
2688.9	2318.3
2050.1	2278
1398.7	2359.8
3806.9	267.35
3715.1	817.76
2148.2	1927.7
4390.1	518.52
923.99	2014.3
2767.3	2279.7
2492.8	1531.4
3303.6	4737.7
194.75	2357.3
4234.3	1215.9
2573.7	1846.5
185.73	1971.9
263.15	164.83
2537.9	2143.6
1987.9	2468.9
254.77	4068.7
4704.9	393.75
678.86	1343.8
3663.7	1449.2
1425.1	2144.2
1775.8	2472.9
243.8	1989.2
653.03	2820.6
2860.1	1033.9
4357.8	573.65
3434.5	2285.9
3042.9	1652.7
173.72	2118.2
4525	1082.4
2028.8	2448.3
3933.8	1145
4055.6	2368.6
5116.2	88.95
2680.8	1354.4
2076.3	2032
833.33	1236.6
3244.6	2465.1
631.39	706.54
1990.7	2229.8
2467.7	2188.7
5825.8	669.56
2591.3	1782.4
4177.6	465.78
3652.8	1434.8
1146.1	1946.4
315.31	729.17
3493.7	2082.6
2079.5	2137.7
2450.9	2156
1588	2195.9
4096.4	1837.9
5413.9	256.42
1370.8	2330.2
2153.2	1921
1442.7	2006.6
3253.2	2382
5466.2	615.92
4108.5	2490.1
438.41	2372.4
2828.7	2293.4
2747.5	1250
886.39	1600
4318	2480.3
464.18	1393.6
2606.7	2295.7
2189.2	2238.4
2176.6	1993
2321.6	1799.4
1952.7	915.72
2706.8	2096.8
2319.4	2536.1
1921.2	2491.2
4063.6	1446.5
5064.8	120.84
3288.1	2248.1
262.35	3220.4
4492.8	1372.2
1507.4	2267.7
4318.8	2486.7
3735.5	741.34
622.11	1639
3017.4	1072.3
6443	555.54
2084.1	2024.8
3095.4	4615.3
5147.3	102.22
1934.2	2558.6
4129.1	68.123
1491.1	2386.9
2907.1	1488.6
3953.6	2081.5
1102.1	1650.6
2031.8	2287.1
1382.3	2447.9
4129.2	1397.5
4519.3	317.31
2046.3	2445.6
3029.1	1080.7
3854	1794.1
1070.1	2774.1
1159	2270.2
2283.4	2241.5
2098.8	2299.4
1953.5	2571
2333.6	1391.2
1938.6	2548.6
5970.1	1775.9
2179.4	2139.5
4857.7	232.64
1285.8	2324.8
2250.5	1938.4
5198.2	567.15
3337.1	889.16
241.82	2252.4
4995.1	419.93
4527.9	1070.5
2420.5	2527.9
3838.5	778.09
1977	2372
2038.8	2308.8
2303.7	2260.8
245.31	2269.8
2489.2	2162.3
1187	1983.7
2636.9	1516
1510.4	2075.4
673.84	2468.5
1919.5	2463.1
2269	2504.5
1707.4	778.91
1689.1	2308.1
2209.5	2772
1928.7	2366.1
1288.6	1980.8
4449.9	2114.3
1157.7	1613.4
2553	1486.3
2886.2	1857.8
4054.6	2021.5
2310.4	2269.8
1755.1	2353.9
1883.9	4676.7
1855.5	2648.9
816.06	2299.4
1670.5	2140.1
823.28	1496.9
4665.1	2034.3
1016.6	1081.5
4785.5	104.14
2407.2	2275.8
1322.6	1886.8
2041.1	2333.3
1901.6	2451.4
2840.8	2290.1
1803.9	2415.9
5461.2	803.92
1079.9	1550.1
2656.5	2504.9
1069.7	1324.6
684.79	1787
4874.2	132.39
1917.6	2558.9
2716.2	2115.1
4697.1	1918.3
1247.4	1676.8
1805.1	2418.1
2396.9	1964.9
410.01	898.52
4358.8	572.32
2312.5	2367.3
2757.8	1982.7
2398.4	2199.7
1903	2539.6
898.19	1824.3
3969.3	1933
682.6	1307.4
4620.4	204.95
162.75	2269.9
3300.7	4715.9
828.35	2152.3
128.21	2338.4
2086	2046.6
1953	2358.2
1232.3	1758.7
2501.5	2174.2
3995.2	1251.8
1416	1984.4
2494.8	1885
153.17	2142.4
2111.3	2314.6
3266.8	4707.9
3277.8	4638
2268.7	1546.5
1894.9	2425.5
228.25	2429.5
753.71	783.46
2186.9	2464
3822.4	892
2701.6	1979.3
1963.4	2317.4
2235.7	1875.6
4385.2	1016
4445.2	1964
3295.1	2295.6
1391.8	2410.6
1561.9	2415.7
3922	673.52
907.29	1261.2
2192.9	2121.3
3754.6	1640.5
3686.6	1874.2
1798.8	2409
3826.3	396.11
167.31	2096.4
1657.7	2151.5
5743.3	798.11
4818.9	1953.1
2701.8	1819
1974.2	2568.1
2651	1671.5
3537.1	2072.7
1963.3	2413.8
2189.1	2518
1549.8	2146.1
5087.8	321.49
1195.2	2345
928.52	2490.1
2108.1	1998.3
775.35	729.84
2286.2	1910.5
4644.4	2104
3280.5	1202.3
2089.3	2374.3
1653.8	2139.2
2289.3	1852.4
6022.1	2774.3
2751.3	1962.4
961.62	2207.4
868.76	2390.5
2413.1	1989.3
1980	2242.1
2507	2689.2
4461.2	1122.4
5961.5	1735.2
1525.6	2727.4
2887.7	2598.6
2770	2181
32.962	2097.4
3613.7	2178.8
4650.9	1927.3
2264.2	2664.9
3806.4	1603
840.37	2134.7
3776.5	440.63
2674.2	1992.1
4078.1	1272.9
2046.3	2290.9
1949.8	2445.9
28.299	1043.8
2403.3	2543.1
379.15	1376.9
2011.3	2463.3
1090.4	1434
1539.4	2134.4
727.89	2243.7
1485.7	2100.6
3919.8	1362.8
2331.4	1972.5
472.85	1498.5
4494.1	2134.9
3834.3	898.59
1976.2	2396.3
719.86	2310.6
2796.1	996.41
1872.6	2384.4
419.64	957.43
2516.2	1920.3
2295.9	1980.3
2248.2	1944.2
724.68	1706.1
3805.2	1650.2
2200.5	1976.5
2485	1957.5
380.8	80.849
2693.5	1861.9
1195.8	2447.8
3990.3	400.39
1638.3	2068.8
1556.8	2419.2
2547.2	1456.7
2518.4	1917.9
1912.2	2420.6
1382.6	2167.8
1833.1	2652.8
2146.2	2300
4225	675.76
736.7	2112
1475.9	2097.9
1896.6	1373.9
2025.8	2539
219.99	2503.1
101.85	1819.3
3909.2	2118.1
3819.6	274.19
940.66	1091.4
2017.7	2325
1566.2	2060.5
2287.6	2125.9
1995.3	2229.4
4301.4	1847.1
6834.8	2723.4
6657.4	2808.1
2176.6	2394.7
2601.5	1403.3
47.889	2077.1
995.17	941.37
3532.9	2153.7
1554.4	2157.2
2658.8	1400
2113.8	2325.5
307.38	2154.6
5664.7	823.61
2175.6	2433.7
4562.4	1944.7
2496.4	2158.8
5251.2	840.18
1739.6	2599.2
1632.9	2274.2
2149.8	2399.6
120.37	2379.1
130.83	2342.7
181.49	2107.5
979.32	1929.8
2219.6	2455.3
1903.5	2479.7
1007.6	2194.4
3098.7	2244
2113.2	1981.4
4378.2	311.93
4295.6	752.08
3233.9	689.26
2932.9	2299.3
663.04	2936.4
4647	2270.4
1459.4	1803.2
166.12	2123.4
6643.6	2905.3
2432.5	2028.6
1936.6	2327.2
3200.1	365.68
1781.8	2380.2
1864.7	2646.3
1564.9	2484
915.58	1875.3
2082.1	2390.6
1871.3	2662.9
1804.5	2600
2343	2525.9
2726.3	1269.7
1570.9	2291.6
2469.2	1929.3
4647.4	2437.4
2289.7	2025.4
2463.3	2218.4
2496.3	1618.7
1401.5	1974.3
2242	1940.1
2105.6	2379.5
2239.1	1959.1
2693	1635.8
4645	2628
2693	2320.9
2119.6	2124.7
3017.1	2526.8
1530.5	2030.3
173.66	2667.5
1675.7	2368.5
2145.6	2034.6
4463	2673
2372.4	1747.3
2106.7	2097.9
2214.3	1950
4900.8	215
530.71	2379.4
2449.8	2170.4
730.45	2416.8
2489.8	1815.8
2283.6	2166.3
1169	2735.2
1402.7	2412.7
2289.8	2276.5
1996.4	2440.7
1392.1	2183.5
2638.4	1773.8
790.05	127.67
4211.6	488.64
3254.2	1138.1
2271.8	2474.5
1635.4	2060
2149.2	2313
3838.6	729.27
2668.3	2462.1
1888.3	2652.6
1998.7	2440.7
628.14	2181.4
849.81	1809.9
3811.3	266.35
390.7	2045.3
2301.6	2362.1
3744.8	1122.6
2628.8	1485.2
2142.2	2285.5
1465.4	2516.7
2079.2	2546.2
2105.8	2364
2097.2	2195.7
2045	2467.3
2647.4	1771.1
1947.4	2412.8
4255.8	1739.1
1948.9	926.15
870.41	1778
3017.4	2259.7
2159.9	2151
1628.4	2063
4883.1	222.08
1487	2381.4
1429	1968.2
3247.5	4603.8
1562.1	2294.4
3972.1	723.85
1749.2	2361.9
907.84	1622.9
5242.8	1516.7
3723.4	921.11
3380.6	828.36
1431.1	1821
4050.3	502.43
1830.5	2611.4
3441.4	2269.7
2286.6	2153.8
1024.8	1084.6
620.61	1570.2
3859.1	795.31
4381.9	957.38
879.43	1886.5
4063.9	863.34
3866.4	827.24
4107.6	2653
5686.7	333.72
2292.8	2140.1
2176	2392.4
4856.2	125.8
3042.2	1849.2
1275	2361
1860.8	2653.4
851.89	2517.2
3688.8	1464.1
4258.9	1040.1
991.52	1809.2
5114.6	983.69
926.51	2270.9
4300	2675.4
116.04	3831.7
1181.4	2343.7
884.52	2179.3
77.445	1106.4
2293.2	2014
743.51	2244.3
2334.5	1764.1
291.99	1303.7
1275.5	2306.8
1984.6	2362
1048.9	2597
695.44	746.36
2101.3	2290.8
1091.4	1252.8
4128.4	309.44
3963	728.21
1516.6	2042.8
1922	2333.6
140.83	2146.8
1989.7	2445.8
532.48	2384.7
3053.2	613.36
980.96	1577.3
1359.5	2905.2
4371.7	2317
1057	1437
1966	913.51
930.58	2564.6
219.6	2586.1
3793.6	275.1
155.95	2208.7
2289	650.82
1920	2664.8
2185.2	2003.9
626.73	267.84
2400.4	145.96
1193.5	1994.9
2173.9	2388.9
1579.2	2399.7
1017.4	1895.2
3769.9	841.14
980.33	1332.1
4215.4	482.9
4765	125.22
3702.3	1275.2
3841.9	1391.4
2185.2	1994.2
2730.7	1343.7
891.81	1767.3
3883.4	694.11
2540.8	1541.5
1199.2	2070.1
931.65	2543
1080.7	1799.5
1473.9	2389.5
4114	1767.4
666.88	411.15
981.32	1172.5
1556.4	2449.6
1347.1	2838.3
3071.2	1768.1
1609	2251.2
2504.2	1942.5
2306.1	1946.7
360.94	2207.3
1665.1	2217.3
3911.3	1358.7
2284.1	2264.4
2491.4	1918.5
1367.7	2505.5
1989.5	2441.4
2378.8	1720.2
2200.7	2262.6
2335.9	2207.9
621.07	1636.2
4607.8	915.71
1940.2	2247.7
129.07	2100.4
1072.8	1876
1915.7	2432
2444.2	2171.1
1833.5	2667.3
2088.2	2412.7
3835.2	1351.9
999.07	1277.5
3310.2	912.23
2815.9	1165.4
2775.2	2225.9
728.71	630.27
1173.9	2070
5167.4	1409.3
1817.7	2804.9
1709.6	2319.8
4318.9	197.49
1656.1	2355.1
3697.1	1488.1
3680.3	902.92
1097.2	2030.2
1947	2492.3
1207.1	2077.3
4917.8	2725.3
3637.8	1943.1
1581.1	2438.3
1022	1833
1638.5	2376.9
1397.3	2252.2
718.8	1155.3
2086.7	2545.2
2104.1	2387.5
914.14	1575.5
2107.9	2143.9
477.93	1978.9
3938.9	1351.7
437.66	1537.8
1582.5	2196.3
4112.8	62.15
194.81	2402.8
1999.8	2681.3
848.3	2544.8
2302.8	1991.7
2285.5	2113.9
1405.6	2238
2085.4	2157.2
2715.8	1356.5
1868.3	2452.8
4487.8	146.01
175.76	3804.5
6441.4	4260.6
2385.8	2522
362.36	1923.9
2978.6	1952
1949.4	2364.3
926.14	1771.4
1896.3	2480.5
680.81	823.02
2181.3	2506
4790.7	2351.1
2309.8	2045.4
4418.7	955.4
804.05	1292.6
2883.2	2316.6
3091.1	1321.4
2206.4	2168
1187.2	2053.3
1036.7	2644.2
848.2	2414
4929.7	1758.9
3184.3	2552.4
2270.8	1557.6
5276.8	1132
2651.5	2644.2
1840.9	2630.6
2286.2	2411.4
2627.7	1455
3741.1	1801.5
1019.1	1395.7
1905.1	2439.4
2534.1	1504.5
2884.5	2302.6
2928.5	2290.4
1743.9	2339.5
238.83	2159.2
2225.7	1937.9
517.91	2189.3
3941.9	2598
2864.4	1058.3
2176.5	2424.1
220.33	2583.8
818.54	823.52
1303.2	2336.5
783.77	2580.5
2357.1	2279.1
1363.6	1792.1
3701.6	900.31
3432.6	2415.5
3022.1	1159
2883.4	2327.1
3799.5	1611.9
1367.6	2933.1
2585.6	1793.3
287.44	1291.2
4423.9	89.504
2521.9	1909.6
