7143.7	2100.7
2312	2077.8
7051.4	3123
6456.4	2660.4
6226.4	2963.1
2069.1	2673
2290	2272.8
1366.3	2828.7
6385.2	2651.8
2069.3	2631.1
1408.9	2078.4
1064.3	2715.2
1281.9	2519.8
1787.9	1786.3
1257.3	2843.5
1269.7	970.03
2082.1	2675.7
632.36	2635.8
3281.5	1218
1343.6	1618.2
1462	1378.3
4925.5	3072.3
1868.1	2723.9
1532.2	1043.6
1770.5	2524.7
2065.6	2316
1081.3	2508
3476	1225.2
1605.3	1239.5
1813.3	1569.3
298.89	2366.2
1759.7	2685.3
3687.6	1916.2
2529.4	1917.6
1505.8	1671.7
1731.7	1722.2
1323.8	1595.2
487.16	2255.5
613.8	2195
592.38	2143.8
142.31	2643.2
5764.6	3068.8
3722.1	1905.4
3721.4	1848.3
2003	2651.3
1905.5	2667.8
1407	1693
943.33	2419.9
920.12	500.96
1665.9	1390.8
606.58	2298.3
1014.5	2144.8
1053.6	2354.9
607.15	2143.1
1490	891.58
1045.7	1663.5
1194.4	293.8
3723.5	1920.3
4964	3064.3
1136.4	1900
6858.9	2247.8
5790	1855.4
4962.9	3066.4
1719	1727.4
2422.8	2177.8
2062.3	2590.4
920.02	2407.2
2407.3	2259.8
1521.3	1345.4
2391.4	2301.7
758.3	1187.7
1797.4	2406.1
830.55	1271.3
7000	2805.3
2080.8	2703.8
1117.8	2013.3
271.49	3049.7
290.42	1838.4
2095	2692.5
625.15	2071.7
2025	2315.8
888.39	694.9
1510.6	2208.7
6995.4	3204.4
1395.5	1955.2
1895.9	2522.2
1310.2	2186
920.41	494.17
1177.6	1942.5
1029	645.49
894.97	2422
495.09	3128.4
976.79	1158.2
2079.6	2695.3
3779.5	1948.6
5260.8	2258.6
2489.6	2019.5
2076.9	2564.4
2065.9	2574.5
1004.8	2901
4454.2	2435.7
4464.2	2334.7
735.05	2390.7
886.04	1072.2
1768.7	2299.4
2078.3	2552.6
1672.1	1741.3
732.2	776.01
321.97	2118.6
1304.2	2307.5
7170.2	2569
1558.3	1523.5
1269.8	1340.3
835.39	552.18
3678.7	1836.8
1668.9	1953.4
6144.4	1649
1730.7	2204.7
6143.6	1649.8
1188.7	521.47
1297.7	1132.2
1436.2	2456.6
1563.5	2165.3
3717.8	1247.7
2174	2514.3
1773.3	1778.9
2445.6	2171.6
6933.5	3163.5
976.27	1834.9
1734.1	1706.2
1455.7	2410.3
1403.5	1996.6
5760.5	1860.8
879.03	590.82
896.3	931.54
6059.5	2256.1
1972.5	2153.8
366.79	2267.3
2050.8	2673.6
885.61	2425.7
1784.7	1456.1
1654.8	2479.8
4876.1	3082.8
3759.6	1922.5
5683.3	1011.7
1748.7	2611.4
1747.6	1690.9
1582.9	1032.5
2533.1	1970.6
1408.4	1682.7
1285.5	2054.3
1973.7	2167
3734.6	1872.3
1738.4	1732.6
1427	2383.8
630.65	1046.2
1663	2013.9
1354	2526.6
820.59	2875.7
4495.7	2362.7
7332	2840.7
1235.2	1876.5
1654.8	2156.1
1202.2	2340.2
1558.1	2709.4
1555	2108.1
3733.7	1928
960.14	816.03
378.87	1528.9
1901.7	2710.2
833.99	573.31
541.77	3087.9
483.95	3043.2
2599.8	2455.8
6846	2746.2
1764.9	1443.7
2077.2	2325.9
1361.8	1045.1
1499	646.04
1560.5	2183
1354.9	2643.1
596.99	2286.4
811.97	749.76
1653.4	2449.6
1761.1	2313.6
874.09	2188.1
3730	1895.9
1387.7	2170.1
2517.9	1970
1809.6	1577
1645.8	1689
3756.5	1919.3
590.36	519.76
1884.4	2532.9
6553.7	1952
1596.6	2139.1
2404.7	2221
1651.5	2500.4
1824.8	2167
5784.5	1887.8
1957.8	2351.9
2008.6	2316.6
1114.4	583.98
5244.2	3175.7
7208.2	1857.1
1659.1	2299.8
1391.1	2622.4
1363.9	2877.6
1584.3	2150.3
955.43	535.84
1776.6	2662
2359	1187.2
5708.2	2911.7
1308.2	2314.2
1910.5	2686.4
1726.1	1738
914.32	2362.3
2911.7	1891.5
2443.4	1183.8
1771	2643.2
907.9	720.96
1172.8	341.27
1962.2	2209.6
730.17	2233.1
1679	2231.7
264.25	1509.5
3713.6	1926.9
5236.9	2259.1
2270.7	2496.4
1286.8	992.6
1744	1455.4
1772.1	2381.4
1633	1554.1
911.65	2425.2
1651	2171.9
1542	1527.6
695.68	1621.4
6376.2	2644
4847.7	3062.4
1366.7	2671.6
2352.2	2340.9
443.75	1873.2
1705.7	2234.8
1690.7	2188.1
1799.5	2286.1
4413	2127
1355.8	1720
5256.3	2214.7
933.35	844.31
5225.8	879.25
1343.5	2597.1
1714.5	2295.7
1668	2092.1
1101.2	1447.5
1334.4	2612
2171.9	2415.1
2341.2	2358.9
1278	2043.8
879.74	2206.5
2026	2538.1
856.14	1153.4
1767.6	1797.9
1988.7	2207.2
669.04	584.31
2123.5	2528.8
1408.1	1672.5
1661.8	1979.7
2183.8	2494.8
1743.6	2720.1
1302.5	1688.1
800.01	1401.5
1794.3	2725.4
1663.3	2170
3732	1853.1
2420.3	2164.7
743.24	2386.6
1123.3	1958.7
1944.3	2132
1541.1	2292
1755.7	2272.8
1227.4	2693.2
899.02	332.58
1517.5	1376.5
678.85	1657.1
1681.9	2523.3
958.03	1886.4
1503.8	573.62
1354.5	963.66
1773.8	1933.1
6053.4	2657.1
712.62	772.05
1556.9	1973.4
6281.2	256.05
2463.9	2066.3
1690.1	1259.1
1837.7	2480.5
1599.7	1221
839.42	1811.5
2338.3	1178.3
1591.8	2605.4
1413.9	845.7
1512.7	2186.7
4647.1	1847.1
1621.5	1575.3
1517.8	2050.7
1421.5	1930.1
1618.6	2173.3
6095.8	2263.3
1416.1	1694
6790.8	2593.8
1373.2	1034.6
437.43	1408.3
2145.4	2533.3
2616.2	607.21
1963.5	2160.3
1286.4	1193.3
1671.2	1910.2
1608.2	961.28
1938.2	2398.7
588.59	2709.8
4428.8	2293.4
617.59	2134.3
2271.3	2503
1451	2478.7
1509.2	1353.2
867.26	2031.1
1714.9	2197.7
3580.9	1680.3
1069.4	570.84
6417.6	1813.9
1769.8	1502.8
5274.5	895.24
4492.2	2402.5
584.61	2737.5
1256.1	2660.9
1357.6	2107.6
2115.7	2352.4
1014	1944.4
369.08	2249.7
1233.3	1987
692.84	2431.7
3146	90.725
920.07	1574
2606	1224.7
1532.9	2205
855.72	1797.4
1457.2	1673
950.09	917.44
828.78	1119.8
904.49	2397.8
2711.1	2257.4
5865.9	1965.3
1511.6	1331.7
2659.3	2007.9
1487.4	2179.4
5360.5	3025.6
1142.6	2044.1
935.19	1628.9
7167.9	2727.1
2123.3	2510
1597.6	2261.6
1714.4	2169.2
1699.4	1717.8
5297.2	2176.6
2311.5	2061.4
3637.8	1971.5
1536.1	1497.8
200.19	2768.5
3733.4	1888
1876.2	2516.8
3428.7	1712.5
6907.2	2525.9
2458.8	2088.9
4432.6	2298.5
5350.3	2140.1
3442.2	2387.1
935.33	505.44
2371.1	2341.1
2090.8	2352.8
975.05	2467.6
1165.4	2021.5
3710.8	1861.7
1831.9	1982.6
1548.4	2223.4
432.92	1388.6
1339.5	979.63
3695.9	1896.2
1551.2	1516
1049.1	1631.8
2018.7	2345.1
497.55	1106.6
1976.9	2699.3
1609.6	2420.8
1886.7	2555
1520.2	1298.4
1365.8	1998.6
3745.4	1901.3
606.7	2179.2
1865	2025.1
1353.1	1706.6
1527.8	1368.7
1003.5	708.58
1672.5	2511.5
1444.9	1661
1588.9	1015.4
2016.2	2310.1
1445.9	2152.6
1962.1	2335.8
2137.7	2530.9
926.03	2425.7
1951.6	2343.8
2044.1	2664.3
1157.8	325.08
1976.2	2522.4
1769.4	1508
1291.8	1542.4
1272	2093.3
1336.4	1943.5
5776.3	1906.3
4565.1	2620.9
1475.3	1639.1
879.69	2506.7
1301.6	2348.2
1558.5	1369.9
1463.2	2451.6
1433.7	1562.3
1411.1	2136.3
912.61	2391.7
1498.3	2181.6
1381.7	2035.5
7185.7	2569.6
1064.1	2763.9
1344.1	2089.6
1500.7	1362.7
1853.2	2484.1
1970.6	2181.9
3640.3	1968.3
2710.9	2273.1
1528.4	1353
2206.1	2468.4
3750.2	1930.4
1838.6	2500
1550.9	1496.5
1714.1	2216.2
948.55	468.82
1691.5	2231.8
817.36	574.01
1393.2	2808.4
3158.8	69.234
2072.4	2320.2
1703.1	2180.6
601.16	2679.1
1716.9	1739.9
2026.7	2622.6
1137.9	871.3
738.9	1286.3
1382.9	2464.1
4646.7	3308
1770.9	2467.6
2183.4	2506.5
1575.9	2165
1246.7	2090.9
730.74	2658.8
1378.3	1008.1
772.82	2232.3
1567.7	1987.1
2042.5	2692.9
1845	2472.8
1550.4	2340.4
1357.8	856
1661.3	2243.6
210.64	843.04
1671.3	1285.5
2746.1	2079.3
1671.1	2242.5
7225.9	1511.8
1897.6	2612.3
613.97	1030.4
1543.4	2122.2
292.92	2099.7
1478.7	1682.9
7227.4	2568.6
1711.8	1653.5
4717.1	2679.5
543.95	651.63
1665.6	1283.6
1717.4	1813
1772.3	2495.1
1113.2	674.87
902.09	2409.1
5243	2264.6
1720.4	2657.2
1622.9	2517.2
7015.9	2250
1986	2678.3
257.85	2780.3
6816.2	2479.1
1068	1666.8
1599.1	1063
1210.7	897.98
1467.3	2194.9
1915.6	2641.6
2378.9	2323.9
1934.2	2248.7
2021.8	2346.3
2111.8	2688.3
1620.7	1509.4
1620.5	1658.4
1359.2	2090.4
4645.4	3111.1
6679	2758
3745.5	1891.9
4915.9	3045.8
1514.7	2333.7
1693.5	2512.1
2421.9	2250.9
2349.5	2050
2069.1	2690.5
2076.6	3095.9
2240.7	2516.1
808.86	1425.8
773.32	1167.8
616.61	2299.4
1471	692.96
3305.1	2285.3
2665.5	2011.2
1436.8	1388.3
1292	2142.3
2707.9	2090.3
1377.6	2117.4
2293.6	3149.2
1355.9	2096.4
5509.3	1811.8
904.52	2402.6
923.87	2387.8
3150.4	2817.4
2249.2	2506.5
2820.6	60.746
1514.1	3123.8
1625.3	1174
3695.5	1896.2
3451.3	2398.8
1367.8	107.9
3191	2310
1459.2	584.61
1506.6	2295.4
2184.3	2499.7
1015.6	714.6
1692.5	2166.4
2463.4	2056.5
1554	1682.7
1699.6	1733.6
1491.6	2079.3
5153.5	2763.6
1360.9	1961.8
3836.9	2214.7
1705.8	2035.4
1919.4	2540.2
1290.6	2027.9
590.27	2743.2
1579.5	1547.8
1693.6	2137.5
1540.2	2139.1
1320.4	2179
902.58	2548.1
5579.2	3159.4
903.57	2550.5
1490.5	2602.8
1787	2390.5
1599.1	1697.4
2012.5	2328
1445.8	2453
898.55	1999.2
1276.1	1005
2820.3	1899.2
669.52	2096.6
2736.8	2782.7
1370.5	1959.6
4222.7	2622.4
2161.5	2506.2
3308.1	2203.7
1528.2	1922.5
2854.7	648.76
1964.4	2200.1
2643.3	2426.4
2398.4	2269.4
1574.5	2211.8
1682.9	1708.6
3714.5	1868.1
920.18	2396.4
1399.1	2389.3
1886.2	1973.9
1726.6	1548.2
1425	1496.5
906.3	2720.9
1376.5	2457.3
3749.5	1910.9
351.74	2770.6
938.8	2403
3565.5	1319.8
7227.1	1224
1072.9	1258.9
949.03	2023.8
552.41	1613.4
2001.4	2314
1771	1520.4
1727.4	1654.4
1656	2395.6
1346.4	2092.9
183.86	2605.4
1105.1	73.273
307.28	1550.8
1732	1743.8
5280.1	3010.3
1841.9	2347.5
86.756	3164.5
1489.2	1339.2
574.41	2715.4
338.99	1367.9
1732.6	2645.3
1787	2759.8
1460.2	1658
1723.8	1762.3
1848.5	2748
1638.6	2455.8
5059.9	1228.6
4140.7	1773.2
1782.1	1849.7
3699.5	1991.7
326.05	2288.8
1518.8	1564.3
1675.1	1748.9
1525.9	2206.9
1379.2	895.61
2174.7	2470.3
940.97	1939.9
1702	1689.4
1068.6	238.47
4511.4	2404.6
3723.5	1889.6
1271	1417.1
2718.1	4620.2
6106.6	2450.6
1970.9	2193.7
1573.4	2205.6
2489.6	2230.1
1512.8	1324.8
1723.9	1766.7
1115.5	433.14
843.32	212.13
1205.6	1453.1
2388.2	2328.1
1008.8	161.49
1697.1	2508.1
2196.1	2470.8
1448.7	1684.5
1852.1	2056.7
4972.7	3125.8
1990.9	2615.3
2728.8	2417.7
7022.4	2962.9
1333	1371.3
7084.5	541.6
3335.5	2322.3
1462.2	2491.6
3714.6	2042.1
2965.7	2831.2
1388.8	2819.6
1637.7	2452.4
1623.3	2351.1
1623	2261.5
1922	2615.1
3727.6	1882
5393.2	2929.5
926.98	1702.3
864.35	190.55
1350.5	987.29
1490.2	1835
1613.5	2164.8
6991.5	2823.8
1109.2	678.68
2162	2531
1747.6	1552.6
1338.4	2889.2
1353.8	1738.8
1346.4	2065.9
1458.2	1599.8
1545.5	1652.8
1553.7	2172.8
1475.3	549.44
1448.7	2126.1
2683.7	2398.5
1935.7	2486.1
1607.6	2381.4
1641.3	2015.5
1928.1	2431.8
885.42	2062.7
1343.7	2174.6
3722.6	1223.4
1862.5	2367.9
2771.8	15.025
2760.8	44.013
1922.5	2251.9
1518.1	1011
2113	2529.8
1105.4	973.48
4516.9	3301.3
3720.7	2283.3
1705.5	2775.2
6255.3	2764.3
1884.9	2683.9
5795.5	1903.9
1857	2504.6
3549.8	2204.2
1821.3	2088
1469.5	1968.6
4613	4643.8
1289.3	2044
1502.1	2196.3
4736.4	2395.8
2111.1	2537.2
1672.5	2265.9
1116.5	1476
920.69	2109.1
1353.2	1801.5
1586.2	2597
1668.5	1997.5
1526	1335.5
2411.4	2251.7
653.97	2050.7
1960.5	2089.8
7249.4	2936.5
637.06	2355
1661.5	2273.5
904.22	1319.8
2265.1	2400.4
615.27	2674.2
1950.5	2453.7
1501.8	2570.7
1478.9	1342.1
1723.1	2260.9
4843.4	3176.9
1839.9	2345.5
1659.3	1332.9
1975.6	2603.3
1990.9	2505.6
2350.7	4653.2
1591.7	1684.2
1744.4	1587.5
1503	1260.6
1692.3	2467.7
1467.6	2139.6
1666.3	1962.6
1695.5	2237.3
1004.1	622.7
1462.9	2081.2
1222.1	738.14
660.8	2634
1051	1681.1
1747.8	2693.5
6025.9	365.82
1770.7	2407.3
1338	2060.4
1636.1	1533.3
2129.5	2517.9
883.03	1159.5
3523.3	2635.9
466.67	910.75
1521.6	1775
1686.4	2304.2
1382.4	2003.3
1368.7	1664.2
1128.2	1931.3
1441.7	1749.3
1495	2503.2
1647	1667.6
5016.8	3962.8
1975.9	2705.1
855	3034.4
6981.3	2237
2116.4	2365.4
1726.7	1670.3
495.19	1391.8
1063.6	2506
4650.4	2562
1899.7	2521.9
1961	2467.6
5789.4	3192.9
5718.2	3020.3
1381.2	2002.2
789.64	1411.6
2153.8	2537.1
1508.1	1616.5
1761.2	2632.1
1595.8	2223.6
837.54	209.49
1703.5	1702.1
1746	2340.9
1636.7	2190.9
853.83	2422.5
3182.6	2294.9
813.42	1278.3
2206.3	3091.1
1793.8	2332.7
4978.3	1850.7
1503.3	2398.8
1692.9	2139.5
243.4	2632
3189.2	1654.1
1361	1009.6
1890.4	2526.3
2771.8	1974.6
7220.8	2936.9
1291.3	2030.8
1691.1	1763.1
656.89	913.41
1670.7	1268.5
1470.4	1060.5
2161.7	2499.3
5279.4	2244.7
3722.3	2417.6
1731	1555.3
4806.1	4057.2
1299.7	1910.2
2369.8	2316.1
1077.4	1225.1
4642.2	3197.2
1680.3	2499.3
708.23	2799.4
1807.3	2472.9
126.85	1236.1
1690	2217.6
1586	994.37
1734.4	2846.2
1672.3	1983.1
1584.6	2130.1
7031.4	3119.2
1746.3	2484.7
2244.5	2410.7
1886.1	2112.1
5180	3168
1331	2140.3
5594.7	2061.5
6609.4	2873.9
3139.5	1796.2
4734.8	3143.2
1598.3	1615.4
3718.5	2600.6
1316.1	1955.8
4302.6	1781.3
1103.5	539.53
6896.4	2256.8
1595.4	1581
2301.2	2062.5
1829.4	2505.9
1627.9	2196.9
714.26	298.9
6025.1	2455
2671.9	1995.3
3703	1891.1
1349.4	2494.7
3037.6	282.42
1807.1	2429.8
2622.7	2429.8
1183	1755.7
1223.2	747.62
5350.8	2488.4
4469	1043.9
5373	1810.1
1221.4	927.81
2410.5	3151.7
1411.6	2851.8
1336.8	1064.6
1842.3	2378.1
1255.6	2301.7
1405.8	1922.6
2729.6	2206
5793.3	1775
2175.9	2417.7
1415.5	248.63
1412.2	1267.6
1885.9	2728.7
4585.6	1761.7
1198.3	64.307
7330.2	2595.3
1043.7	638.57
632.05	2175.5
5773	1898.5
1190	1896.9
2733.5	2199.6
2897.9	2415.7
1512.8	1057.9
1816	2524.3
2017.3	2515.1
1884.9	2496.1
2199	2513.3
2285.1	2485
1673	2286.1
1922.2	2404.5
2084.2	2321.9
4736.4	3175.7
1772.5	2179.8
1475.7	724.01
1171.9	796.83
1304	2026.3
222.12	2371
1891.2	1966.7
1138.7	38.817
5393.8	2119.6
2981.3	1837.6
3220.8	2284.3
1218.8	92.165
424.05	2616.7
774.01	2377.5
1759	1494.1
1633.4	1135
407.35	1506.2
1579	1624.6
1519.7	1959.7
817.85	1367.8
1654.6	1246.3
3670	2599.1
1878	2576.2
2639.1	2450.7
121.26	2169.3
742.62	4097.9
845.65	1262
4463.2	4846.5
5384	1819.1
4840.9	2777.7
2168.4	2453.8
4636.2	2275.6
3482.9	1480.2
5357.2	2312.2
1630.5	2342.9
1653.3	2206.3
1542.9	2258.4
1109.7	312.58
1587.5	2364.9
3909.3	1850.3
1940.8	2392.9
1755.8	2439.4
5242.2	2236
1596.4	1619.1
2762.8	41.351
1074.5	362.13
1193.8	71.714
805.85	1280.2
941.07	2419.2
2735.5	2424.7
1506.2	621.34
448.48	1548.4
2431.8	1272
1413.2	1497.9
1049.1	2932.5
5682.2	1813.9
2177.9	2431.9
1754.2	1553.7
1681.2	2477.4
1484.6	2775
1152.8	1428.8
794.45	2672.1
4856.4	2319.5
5008.5	816.85
2829.1	54.122
1158.2	2478.6
6794.2	2680.2
5382.2	1871.4
642.03	2169.5
967.76	2421.3
1718.4	1512.8
4681.6	899.9
1480.6	967.62
2713.3	2155.8
1896.9	4136.2
6579.8	2754.3
1829.9	1811.8
1706.2	1412.9
1370.7	1450.7
3375.2	4508.8
5597.9	989.82
3214	4732.3
865.02	2224.6
6086	2717.3
6550.6	2500.4
2118.1	2565
7182.2	876.05
2016.9	2306.7
868.59	1453.6
6008.5	2823.5
2516.2	2509.4
2555	2599.6
3300.2	4718.7
1718	2347.4
4427.1	1849.1
4282.6	3094.2
1412.9	1173
1349.1	1752.4
2706.2	2163.7
2931.9	2437
5167.1	750.35
2086.5	2320.3
3105.7	2347.7
461.82	1052.1
3693.9	1936.3
1707.8	2260.3
1943.8	2541.6
1093.4	932.86
1356.7	2093.1
3059.2	1426.2
1633.7	1134.8
2130.8	2363.4
919.71	2383.8
5307.1	2089.1
2217.3	2484.5
651.05	2165.4
1508.3	2102.1
2397.4	2535
189.18	343.82
5370.3	2308.8
91.681	754.76
1743.4	2437.5
1452.7	2158.7
1435	519.51
1089.9	524.58
5609.3	2095.9
1931.7	2722.2
6050.4	4355.2
1971.4	2221.6
1677.1	2032.6
2023	2665.4
1485.2	952.82
1342.6	1334.4
1553.3	1813.1
2002.9	2539.5
1686.7	1315.1
4078.8	984.83
2102.4	2543.8
1499.8	1095.2
2176.5	2431.5
2015.4	4144.7
2461	4642.1
1368.8	3145.2
2326.5	2082.1
728.24	1359
3434.5	2122.9
2528.7	1956.2
4650.9	2272.3
1673.8	2161
3694.1	1926.5
1762.6	2741.4
2018.6	2489.8
2036.1	2527.3
3573.2	1676.9
1517.5	2191.4
891.93	2083.5
2493	3490.8
1559.3	2002.5
5743	1929.7
2845.7	1399.6
4113.8	3858
2723	2211.6
5491.3	2483.5
1612.2	1560.8
5257.4	2227.9
1544.9	2515.1
813.83	1025.5
2975.7	1414.6
1340.1	2195.4
4115.7	2223.8
46.531	2158.8
1746.5	2387.5
1326.6	2294.6
237.76	2261.5
2380.3	2287.6
730.02	276.38
3648.3	1983.2
1301.8	2103.6
1617.8	2369
336.6	1718.2
5240.5	1258.7
1254.6	2484.6
2153.7	2528.3
1670.8	1310.6
783.72	1828.7
3269	4032
1297.1	620.79
1926	2261.3
5765.1	3053.5
1639.6	1630.7
1490.9	689.15
651.02	2615.9
520.28	3013.3
1702.8	1600.9
959.56	2407.6
1633.2	1347.5
1510.9	2152.1
2360.3	2421.8
1464.8	1284
3297.4	4717.4
1279.7	909.5
1778.1	2371.3
3402.5	2329.2
244.2	1382.5
2708.9	2193.1
2690.5	2085.5
4358	2598.8
1733.3	2280.2
2879.3	4078.6
1314.2	2261.9
2703.9	3181.7
1525.1	1771.2
2561.2	1338.9
1922.7	2552.2
1542.8	1125
1445.4	466.43
6574.5	2695.3
1086.2	1609.2
2375.5	2309.8
2707.2	2455.9
782.71	2822.3
1731.6	1565.9
1551.5	4154.2
2025.1	2350.2
1504.9	2228.4
664.78	2383.3
2139.8	2443.2
4215.1	1757.3
1592.6	973.27
7205	2041.3
1081.7	1466.4
1287.4	2407.1
909.75	1629.1
1733.3	2360.7
7254.6	2796.3
3585.6	1512.3
2672.5	2104.1
1459	1158.9
7056.6	3563.6
229.66	1524
3142.9	2425.4
1109.8	2309.3
2365.5	2473.6
512.95	2123
1741.8	2272.9
1200.7	2807.6
1947.8	2524
2067.1	2543
1633.5	2024.9
767.45	2592.6
3311.7	4722.6
851.71	1261
767.01	1503
2519.3	1917.7
366.39	1285.9
1575.3	1594
5748.5	1790.8
2658.8	1115.3
797.48	1361.7
1704.8	2442.1
1842	2364.9
1615.8	2492.2
7206	1437.9
255.31	3009.3
1854.8	2340.6
638.58	2360.9
3296.6	4716.1
1457.1	446.66
753.44	556.62
2020.8	2435.3
4215.8	2675.4
2477.8	2302.4
793.59	2007
2698.6	2233.5
3307	2261.7
4546.2	3275.2
108.07	1707.9
5277.4	2857.8
292.76	2622.7
4478	2361.2
2807.7	2827.1
3009.5	1922.7
757.5	1379.2
727.4	337.07
3311.1	4723.3
1747.5	4145.3
1306.2	2446.9
1120.4	2759.9
1709.8	1422.2
1619	2505
2422.2	2310.7
3238.4	1601
1779.9	2368.1
1687.7	2242.3
1553.1	1464.8
3809.3	1233.2
4632.9	2703.3
2101.1	2354
1648.6	2493.7
5379.2	2158.2
4638	3107.4
1959.5	2421.8
4786.1	2445.3
1393.6	2827.6
459.6	813.19
5448.6	1378.4
2400.6	4647
3886.4	1239.3
1032.5	2660.9
2162.6	2458.7
4587	2632.3
1292.7	2473
4940.9	2447.6
2286.6	4663.8
3929.3	4466.9
4471	3153.5
3935.6	1245.7
2727.8	2096
5813.8	4484.1
1815	2452.2
5217.4	2793.8
1350.3	4139.8
1181.7	34.875
5050.6	1839
776.51	1111.7
1707.3	1288.8
5758.6	3569.5
1304.1	649.26
3490	1280.1
3543.9	2636.1
1356.2	1032.2
2747	2437
2665.7	1994.3
792.19	2617.9
905.72	2613.9
3714.1	1884.2
1360	1983.7
1865.1	2611.3
3022	2665.1
1457.8	1707.7
1220	1734.6
1678.6	2101.3
1485.7	2458.4
1874.9	2352.2
2693.2	2181.6
4092.6	3863
7109.8	2265.5
2729.3	2173.6
4252.3	3095.4
3285.7	1424.3
2117.7	2473.8
1275.8	4121.6
5343.7	2097.4
3291.5	1214.1
2531.9	2044.1
1818.7	2505.3
1200.6	2790.3
777.08	1145.5
3107.2	2913.9
2659.7	2409
5523.8	4721.7
916.06	1633.5
1701	1723
1580.7	1391
1621.3	1638.6
5225.4	1963.5
5424.2	957.29
855.06	1445.5
2112	2501.4
1664.2	2464.4
425.51	1973.4
3710.2	1895.4
476.9	2277.2
2028.1	2328.2
1749.3	2178.6
4506.1	3753.6
2862	2404.1
1576	908.99
1404.2	289.53
1965.7	2376.9
5385	3464.2
2173.3	2483.1
1424	438.12
1202.8	2809.6
1638.1	1184.6
473.1	2889.2
2361.4	2419.7
2363.7	2467.1
3242.4	1601.6
4231.6	1777.9
2484.4	2470.5
1434.1	331.3
2677.1	2238
1623	2234.8
855.27	1572.5
2068.3	2534.6
2066.9	2532.7
1294.8	1472.2
4438.1	2137.8
1978.4	2638.8
923.75	2398.5
631.87	2446.5
1671.9	1451.5
2850.2	696.19
3572.1	2399.1
1480.3	1206.1
2735.2	2233.3
3004	1871.6
1685	1637.2
2498	602.54
3469.2	2358.2
1643.9	1641.2
1487.8	463.49
1584.1	1517.8
1635.8	1648.6
1218.7	2427.2
3626.8	2287.9
2658	1116.6
3728.1	2518
660.63	414.94
2656.2	1377.6
2150.3	2509.7
778.19	2035.3
5614.4	2629.4
4326.8	3104.9
2531.7	1996.1
1986.1	2605
4616	3120.4
4458	2600.6
2484	1976.3
6554.2	2783.7
1292.3	739.75
4968.6	1843.9
1402.5	2531.7
4355.3	2268
1645.4	2038.5
2640.2	2145.4
5634	1800.7
2686.9	2080.3
3331	1688.7
1409.9	371.33
1615.2	2494
1264.7	1468
3012.3	1875.9
2438.3	2222.5
3719.6	1938.8
2951.2	2408.2
2707.4	2429.9
1753.7	2424.8
910.95	1017.7
5456.5	2197
5601.9	2145.7
1344.8	2029.4
2657.7	2029.3
2665.1	2738.6
2018.7	2492.9
670.67	2077.1
4197.5	2271
1562.3	2510
2970.1	443.79
83.517	1245.9
1728.8	1405.5
4451.9	1282.9
1548.3	1913.1
6048.3	3159
2497.2	3162.3
3097.5	4059.8
425.34	1274.3
2332.1	2537.9
839.03	699.84
4641.9	2605.7
5814.8	1767.1
3155.9	91.011
585.66	2665.4
1470.1	1210.8
1924.9	2290.4
3734.8	1912.6
4034.9	1807
1525.2	691.42
2785.7	2098.8
3449.3	2810.9
1440.5	2158
104.07	2604.8
2000.4	2568.7
1443.5	1146.1
1993	3183.6
4480.9	1018.7
830.55	1363.4
347.89	2614.8
1134.7	1178.6
1400	253.61
1236.1	4624.3
5436.6	1392
3243.1	1745.9
1940.3	2710.3
584.23	2313.9
1755.2	1759.7
1725.9	2198.4
2215.1	4129.8
3011.6	2268.9
1383.7	1122
1302.9	807.92
4193	2944.9
915.76	2333.1
2635.9	2594
5255.6	1837.2
2544.4	2026.8
7239	2022.6
423.7	1049.2
5224	2230.1
531.6	2333.3
1507.3	708.6
2007.8	2631.4
5445	1461.1
1608.2	2555.5
2557.7	3156
5272.4	1845.3
98.856	731.21
1098	1648.1
4187.5	3097.2
1724.9	1420.3
2206.5	2489.6
2727.8	2710
1452.9	1389.9
3096.8	2338.1
1714.8	1292.9
4876	2495.2
1702	1323.5
1379.1	1653.7
1549.2	1783.2
4981.7	3078.9
2561.2	2285.1
1657	1211.2
795.28	3517.1
957.96	2098.8
2740	2178
896.06	2419.6
1266.2	789.59
5257.1	812.53
5336.6	913.14
7252.6	2812.4
5479.1	2413.4
991.97	1654.9
1640.7	1196.6
2637.9	1198.7
597.02	1367.1
1669.3	1482.8
1289.1	1478.6
1472.8	3014.9
1866.2	2391.7
1710.1	1578.4
2603.9	2462.1
5887.5	2479.3
3312.5	4735.7
1793.4	1526.2
1089.6	4094.4
715.61	2163.6
3821.3	1844.8
1646.9	1611.1
2615.4	1199.4
2579.7	4635.2
2008.2	2634.8
1155.5	58.614
1167.3	1697.4
7213.2	1494.1
2733	2456
4451.1	2399
3645.7	3961.3
2511.5	2490.9
1568.8	2185.3
909.29	2510.7
1546.1	1071.4
6073.3	2773.8
1523.6	695.11
1224.7	2399.5
3610	3973.5
1049.3	688.07
204.62	3010.7
2025.2	2561.7
5506	2206
2418.6	2397.9
6554.6	2594.6
1482.2	1709.2
455.15	3116.3
2054	4135.9
845.1	173.31
3304.7	1438.8
3202.6	2917.1
2171.3	4864.6
2979.3	3018.7
2363.4	2305.7
3922.1	1732
2008.9	2509.9
696.12	2287.7
1599.3	2195.2
1952.2	2116.8
4610.3	864.39
7103.1	679.47
1596.2	1539.1
1847.7	2762.2
165.92	979.74
693.11	2388.9
597.34	3065
2693.9	612.32
1364.7	2482.4
2151.6	2521.6
289.08	2759.9
4603.8	4873.4
1666.1	1679.4
1029	2558.5
5779.7	3051.3
1485.2	2406.7
1429.9	1658.6
5577.4	1196.8
1126.6	2886
1848.9	1936.5
2023.1	2526.2
1135.3	1442.9
1496	908.62
3799.3	1204
2689.7	2044.9
2999.4	353.27
682.2	2711.1
1532.9	750.85
1268.3	2464.3
1266.8	2367
3934.3	4359
5311	2340.8
4495.7	3312.2
1631.1	1049
1264.7	2853.3
1061.5	2103.4
1302.9	197.11
983.17	2474.5
4360.6	4842.5
1390	193.89
1661.1	1236.7
3149.8	67.342
468.39	751.73
5097.3	734.82
1734.2	2363.5
3169.3	2353.2
5526.4	2980.5
5622.8	2224.6
3476.3	3197
2375.2	1240.7
2479.2	2027.9
1228.5	2926.4
5621.9	2479.4
1389.1	193.48
2824.2	73.047
1353.8	2103.2
1304	2096.6
2512	2304.2
917.27	1638.8
4491	2373.7
4484.9	1395.1
4591	3146.7
1546.9	631.19
5863	4167.8
872.49	402.47
1660.2	1359.2
1873.6	2649.8
4529.7	1392.9
799.03	2327.8
878.16	2417
547.47	286.78
4302.7	971.89
5618.2	2428.5
4687.1	2487.2
2964.4	1414.3
2747.9	2701.8
578.49	2365.2
1460.9	1318.3
3725.5	2545.4
1783.9	4143.5
5766.2	482.74
7163.8	2198.2
1720.6	2495.9
1296.8	2707.8
360.06	2316.9
1666.3	1229.3
3619.5	4443.1
4193.5	2622.1
5482.1	2497.3
