1172.2	2385.6
2068.8	2260.5
2064.3	2196.4
6514.7	4627.2
1408.7	2104.2
1950.8	1994.5
2717.2	2085.9
1717.5	2113.8
1714.4	1934.4
1258.2	2016.5
2497.7	2622.6
1757.5	1814.4
1477.5	1827.7
2192.2	4850.6
4652.7	2601.4
355.88	4501.9
2414.4	2463.6
1731.3	2285.6
1308.5	1633.6
1742.4	1752.9
2506	2748.9
2081	803.37
1774.7	2458.2
1568.7	2321.7
1401.6	1744
1578.5	2170.2
1171.4	4760.3
1409.7	2405.4
1792.3	1919.2
1171.3	4760.7
1564.6	2353
1566.2	2310.6
1736	2723.5
1239	2320.9
1317.5	2048.1
741.82	2212.4
2530.2	2483.1
1826.3	2006.8
2218.7	2227.6
535.66	2349.4
1164.1	2377.2
1830	2011.4
1825.4	2122.1
1850.4	2029.5
1301.5	2259.9
3258.2	4636.8
4107.6	1798.7
3260.1	4638
3338.9	1641.5
1118.3	2298.7
3665.5	2423.4
1186.1	2269.7
4091.3	2609.1
1075.1	2268.2
4044.1	2603.6
900.98	1057.1
1570.8	2345
6592.7	378.23
1685	2484.9
2065.9	2483.9
2243.9	2477.3
1297	1804.6
2242.7	2142.5
2099.1	2425.5
3248.8	4635.6
1076.8	2165.4
3248.1	4635.4
3371.8	1671.7
1733.9	1974
2400.4	2363.3
2211.3	2231.4
281.46	2239.6
5475.3	4025.3
1234.9	1752.9
866.5	1349.7
1730.7	1774.3
1746.4	2475
3783.4	316.06
6686.7	3402.2
1651.9	2511.8
2209.4	2231.3
5702.9	2760.3
1186.9	1885
1763.9	2331
1843.2	2008.2
1429.5	2554.6
1135.1	1201.2
1580.8	2282.2
2230.7	2158.6
3800.9	199.08
3141.6	3075
214.26	3825.1
1831.7	2121.9
2228.4	2172.1
1059.6	2441.4
6585	2828.5
2485.8	2410.9
6678.7	580.75
2197.7	2262.4
2234.9	2477.5
1858.3	2177.5
1899	2221.4
2325.9	2213.8
1391.5	2047.2
1795.5	1949.8
1433.7	1926.7
1726.8	1927
1834.8	2121.3
6142	690.51
2664.1	1473.8
4640.4	1562.9
2347	2141.2
3253.7	4621.1
1413.8	2066.4
1289.5	1324.7
2513.6	4022.7
4650.2	1770.8
3140.3	3072.1
2117	2458.5
3249.7	4620.1
4299.4	3678.9
2172.2	2329.2
1574.4	2184.6
3250.8	4620.2
2854.8	1843.9
2033.2	2464.2
1688	2476.5
1231.9	1994.4
2367.6	2385.4
1872.8	2181.7
7314.4	1512.3
1215	1941.8
2041.9	2447.1
2022.4	2446.2
4724.1	2603.5
1735.7	2339.8
1704	2098.4
2174.7	2327.4
1281	1378.5
865.83	1364.8
700.74	1690.9
2317.8	2408.2
2216.4	4885.3
2218	4886.8
2188.1	4888.6
2416.8	2192
1805.4	2331.8
2305	2274.4
2098.8	2448.3
1685.9	2530.5
741.4	2675.3
1863.8	2309.7
2246.1	2149.4
1911.5	2263.2
3647.2	2235
1609.3	2098.7
1191.4	4760.7
2213.3	4868.5
1859.7	2162.7
1636.9	2068.9
1330.6	2755.8
1749.2	2017.5
1759.8	2360.3
1306.6	1967.9
2315.3	2455.3
1788.4	1921.8
2043	2422.9
1673.2	2534.5
2182.2	4870.3
554.75	3201
3282.2	2745.9
1814.8	1967.2
5467.4	4019.7
1059.6	2156.2
2255.2	2149.2
3324.3	1843.6
1781.8	2247.3
2181.4	4869.2
1748.9	2159.6
1772.9	1898.8
1966.5	2334.2
1907.1	2238.4
2404.7	2128.6
869.01	960.32
808.79	3144.9
1234.6	1758.7
712.68	663.87
6600.9	382.01
1830.6	2465.3
3805.6	1232.1
1809.8	2234.1
1187.1	4795.8
1286.8	2447.9
1875	2465
1998.1	2490.3
2052.5	2480
1844.7	2163.1
1182.1	4773.6
1181.7	4773.3
2060.8	2457.2
3838.4	138.88
1420.5	2511.9
1156.9	1922.1
312.02	1393.1
1715.3	1823.1
89.326	2499.7
4405.1	2117.9
3595.2	1231.6
1830.3	1994.1
1670.6	2523.6
1494.2	1704
2290.8	2129.7
2062.2	2423.6
1848.7	2166.1
1157.7	1146.7
1573.1	2368.7
1571	2394.4
982.65	1479.8
2178.4	2317.8
2078.3	2492.9
1136.8	2270.1
1705.5	2067.3
5478.7	2346.6
1322.6	1977.8
2317.6	2409.9
1583.7	2234.3
1302.4	1951.6
2649.1	1503.8
1669.9	2507.1
1677.6	2458.8
1549.7	1857
1848.8	2165.7
935.08	2521
3264	4627.8
4477	3203
2265.1	2122.4
2817.5	2323
5481.3	2431.6
2700.8	1543.8
1839	2026
1762.5	2385.3
1758.8	2016.1
1291.7	1334.6
1352.3	2045.4
2049	2016.9
1762.2	1876.4
1694.8	2321.4
1992.6	2478.5
1966.4	2378.6
1572.4	2391.2
2908.6	1342.4
1493.3	2108.8
2221.4	4889.9
2084.6	2484.8
2065.6	2028.8
2244.8	2132.3
1878.9	670.17
3308.4	4719
1713.2	1845
2251	2189.4
1223.8	1967.2
2549.7	2759.9
2758.2	1462.4
3163.5	1028.6
808.41	3210.1
1581.8	2335.4
1788.9	2255
1325.6	1983.1
1859.3	2210.3
543.03	3199
1694.9	2255.3
1966.6	2338
925.07	2437.2
1880.1	2453.5
6473.7	4502.7
1606.9	2237.6
1849.1	2195.9
6621.6	4419.7
1717.9	1800.3
1699.3	2476.1
481.69	179.78
1695.3	1927.1
2820.6	1423.9
1752.3	2291.2
3740.2	1677.1
1825.7	2137.8
1680	2245.6
1684.9	2504
1728.8	1789.6
3309.4	4717.9
1809.9	1969.8
4642.8	1969.9
2177.3	4865.8
1775.9	2058.1
1762.6	2405.7
1222.4	1971.7
1727.2	1786.6
6342.1	206.11
1684.5	2247.1
5477	2364
2413.7	2182.6
1760.9	2323.9
5670.8	3694.4
1811.4	2217.7
1292.7	2642.7
1684.4	2289.5
1678.4	2094.4
3724.4	928.98
1295.1	1687.4
3781.2	2366.1
1689.1	2086
1764.9	1886
1000.6	2266.3
2998.6	2679
2055.9	2010.3
3790	2105.5
1491	2120.2
2139	2390.8
2166.2	2456.1
1915.4	2263.1
4494.1	2043.2
2167.3	2401.5
6309.8	4315.5
2041.6	2457.3
1691.8	2321.2
3294.9	4711.7
1872.2	2425.2
1823.6	2137.4
2051.1	2371.6
1684.8	2191.8
1547.1	1722.2
4120.8	1674.1
3201	2930.5
2906.8	1335.2
2311	2322.7
90.962	3036.9
1708.3	1914.5
1744.9	1971.8
1702.3	2081.9
964.66	2472.2
1786.1	1928.2
2687.8	2353.3
2194	4876.6
1741.1	2493
2209.9	2283.4
1053.2	2446.2
1987.2	2334
4120.1	2546.6
1713.6	1906.6
1313.7	1976.2
1702.3	2249.1
3245.4	4634.9
1812.7	2154.8
1874.9	2467
3165.6	2525.8
1226.3	2311.3
1992.1	2476.1
2811.9	2601
2616.1	2072.7
1785.7	2071.6
2049.7	2005.6
1615.5	2060
1185.6	2378.6
3244.6	4617.6
2062.5	2476.5
1703.2	2105.5
2787.5	2192.4
2441.5	2411.7
1566.3	2191.4
3529.7	2534.7
1295.1	2019.7
1180.9	1693.5
4819.6	233.08
3363.4	2530.2
2239.8	2470.9
1718	2043.9
1992.2	2446.4
843.7	2634.7
2722.7	1964.8
1305.2	2360.2
1700.9	1942.9
1797.2	2212.7
5481.3	2450.3
1822.1	2023.5
219	4353.8
1812	2190.1
4422.9	1368.7
4976.2	3030
1695.7	2316.4
1699.9	2111
53.44	630.71
965.52	2098.7
4481.9	570.86
1703.3	2286.3
1750.5	2031.9
1783.8	2056.7
1865	2173.7
1857.1	2201.1
1442.1	2354.8
1690.3	2117.5
1712.7	1979.8
6927.2	2371.6
1743.7	2316.5
1951.1	2472.3
1703.7	2303.4
1143.1	1851.3
3026.9	2083
2393.3	2328.4
1245.5	2102.1
4142.2	3749.9
6556.9	302.46
673.09	1376.3
1255.3	1397.7
1832.2	2130.9
1305.8	1592.8
1677.1	2217.8
2106.3	2365.6
1718	1954.5
1407.1	2047.8
2125.5	2379.4
5384.2	778.06
6094.3	418.91
4382.4	1386.8
1257.7	2393.3
2806.1	2029.4
2015.2	2585.4
1717.6	1780.3
5266.4	844.07
1780.3	1932.5
4663.3	2151.7
1691.7	2225.5
893.41	1073.7
1840.3	2000.1
1685.7	2291.9
1315	2243.9
1708.8	1962
1759.3	2336.1
1765.3	1871.2
1775.1	1876
755.23	1651.3
1940.2	2606.7
1706.9	1969.5
1460.8	1677.5
1285	1329.4
1463.8	1950.5
1727.2	2486
3022.5	2315.8
1337.5	2248.9
2669.9	1914
1693.3	2030.5
3908.4	155.87
1694.4	2444.8
2845.2	1544.8
2034	2425.7
5487.7	2538.6
2876.4	2969.7
4078	1011.2
2051.6	2456.6
127.58	1156.9
4119.9	1645.7
720.01	2338.9
1488.5	2354.5
2018.5	2485
1148.9	1920.5
2785.3	2226.5
1802.3	2235.5
1690.1	2462.7
5401.4	787.97
641.79	2696.1
1448.8	2353.5
1432.2	2345.6
883.4	2214.6
2263	2079.1
5458.1	4013.9
2513.3	4114.9
1625	1801.7
3352.2	3237.6
977.77	2122.8
2394.4	2367.5
1587.3	2071.7
1868.7	2630.2
2309.6	2312
2176.7	2440.6
1281.2	1789.4
1744.7	2241
2171.1	4860.6
2313	2395.8
2036.1	2377.7
1493.2	1695.8
1668.2	2432.7
2265.1	2148.1
2440.7	2432.1
1575	1810.4
1478.6	2337
949.45	1454.8
1737.4	2494.3
1195.7	4858.2
5491.3	4007.4
3774.1	246.16
5784.5	1535.6
378.05	2956.7
1985.7	2451.5
1024.3	3032.1
1638.2	2159
3681.8	2445
1292.2	1943.3
1931.9	2604.1
1998.7	2436
1484	2296.3
6126.2	4035.2
3304.9	2764
1188.2	4885.5
1780.1	1882
4461.4	2487.1
3758.2	3297.8
1182.3	4822.6
4759.2	1041
2969.5	2573.1
2790.3	2022.9
2728.4	2041.5
2270.8	2298
763.24	2048.3
1668.5	1853.3
1257.6	2407.9
2647	1489
1588.3	2656.2
133.52	4192.7
1762.5	2256.2
1707.4	1749.2
958.25	1436.3
2219.5	4859.4
1828.3	2098
5917.1	597.1
1799.8	1950.6
1679.1	2038.9
1188.6	1963.7
6669.4	539.54
2182.6	2434.7
1466.1	1657.2
2304.6	2411.7
5187.6	1978
4470.2	3703.7
2425.8	2474.1
960.62	2510.2
1071.8	2301.7
6462.4	468.06
1691.1	2013.7
2039.1	2594.1
6620.8	459.05
2416.7	2158.4
1819.9	2272.2
2652.6	1808.9
1673.8	2355.8
2566.4	1607.9
1820.9	2049.2
1685.5	2462.2
486.48	1236.3
2270.7	2116.7
1998.2	2482.9
4289.6	1423.2
3088.8	2538.9
1353.3	2007.4
2309.7	2315.8
728.29	450.9
1639.5	2179.3
3311.2	4730.9
5399.7	3134.7
2953	1222.9
1721.9	1806.6
748.97	498.33
1324.5	1969.8
1425.8	2092.3
1687.5	2294.8
6379	4477.5
5776	2793.3
715.28	2308.3
1765.1	2197.6
509.34	3025.9
1685.3	1764.8
1962.9	2627.4
1678.6	2167.5
6049.2	2400.4
1038.3	1231.2
3613.8	2082.8
7185.5	2387
2650.1	1470
2131	2397.1
1795.6	1943.7
1843.6	2194.2
1193.7	2392.5
1423.8	2432.3
2453.4	2177
1777.6	1899.5
1302.2	2115.8
145.52	2529.8
4467.1	837.46
3316.1	1080.9
1104.9	1325.2
2921.6	2753.3
4303.5	1420.3
1477.2	2691.1
1708.1	2163.9
800.84	782.44
4367.4	443.1
547.06	2181.3
2248.1	2278.8
2857	1189.6
374.71	203
5031.5	2312.3
2439.3	2418.9
899.72	1158.7
3357.4	2408.9
1688.5	2367.1
4957.9	196.24
1860.8	2224.1
1418.4	1561.8
1799.4	1933.6
905.66	1030.2
1724.3	1789.7
1245.8	2348.1
1753.6	2248.9
2294.3	2295.5
2232.7	2371.8
1512	2349
900.01	2578.3
567.7	2007.7
1263.2	2344.3
1692.4	1995.1
2186.7	2344.5
1272.4	1937.4
1653.9	1986.3
1706.4	2212.8
1123.4	2279.9
5541.5	471.49
1015.1	1196.5
1707.1	1895.6
903.91	2345.6
1426.3	2555.4
1254.6	2488.5
1991.4	2472.1
4677.4	1088.3
1758.5	1857.5
1790.8	667.34
189.99	1729.6
1347.8	1611.6
1794	2127.9
2657.8	1854.8
2734.4	1388.2
4022.3	1576.1
1695.7	2111.3
1160.2	2481.2
791.63	2182.2
4049.2	2756.3
1230.2	2310.6
4453.5	1391.9
1281.5	1340.4
1822.8	2256.7
1402.2	2035.1
2136.9	2424.6
3014.2	2748.1
1818.6	2256.6
1730.4	2226.4
2651.9	1806.6
1760.6	2299.6
2750.9	2238.9
1822.8	2150.7
1763.7	2098.6
1254.2	2400.9
1138.2	940.02
1296.8	1388.2
1206.1	1894
4194	2271.1
1650	2038
1591.2	2146.9
997.74	1786.8
1704.5	1759.6
1658.2	1914.1
6465.1	462.34
1807.4	1979.3
1535	2381
222.58	3228.3
1583.2	2368.4
5752.4	1670.9
1481.2	2341.2
1676.1	2512.5
4307.8	1271.3
3838.5	1503.1
2375.5	2113.9
1176.8	4792.4
1796	2317.8
1652.4	2038.8
449.66	3063.4
2799.1	2086.9
1819.8	2111.7
1707	1738.3
5654.6	862.25
3397.6	2434.2
1459.3	2355.7
2338.9	2242.4
494.09	3530.4
3051.2	1898
1644.4	1913
1998.7	2474.6
4412	1365.2
1505.9	2247.1
3287.7	4353.5
2704.4	1992.8
1768.2	2466.3
1692.7	2199.5
1709.7	1988.3
1154.8	4769.6
3308.2	4735.5
4304	2604.8
1316.9	1631.2
1306.5	1617.2
1753.9	2037.9
1523.1	2105.5
1697.5	1891.7
5593.6	720.54
844.4	778.88
3254.6	4604.4
1200.8	1900.8
1580.1	2326.1
4316.2	2848.1
2054.8	2461.5
1912.8	2289.6
1987.4	2345.6
1687.4	2414.8
1630.8	2276.3
2621.4	2104.8
1356.9	2328
1351.4	2849.3
1715.4	2104.9
1424.1	2082.9
5194.4	891.29
1865.8	2220.1
1549.7	2126.1
1830	2065.5
1685.4	2080.6
4865.8	385.22
1236.8	2455.7
1519.7	1731.2
2290.4	2263.8
6860.7	4549.7
1270.5	1942.8
2916.7	1127.2
1176.8	4791.5
1636.3	2063.3
390.54	3164.9
5180.6	880.39
3433.6	2873.3
2149.3	2387.1
872.26	1352.4
3375.1	1119
1690.6	2414
1524.5	2104.2
5442	2418.8
2824.9	2387.7
1506.9	2351.7
4003	2602.2
2333.4	2717
1425.6	2276.8
1961.8	2307.6
1982.2	2450.9
1398.1	2566.4
3036.1	1065.8
6858.9	626.09
6457.8	472.71
1724.3	1947.3
3076.5	2133.5
2307.8	2261.8
1617.5	2065.9
1713.4	2007.8
1671.1	1832.8
1671.5	2381.3
4861	1016.9
2998.7	2672.9
845.75	2591.1
1517.9	1864.9
3829.3	1508.8
1830	2050.2
2516.3	2120.2
2456.2	2116
1003.1	2161.3
6236	519.67
3065.2	1086.1
5548.1	1785.3
4386.5	2384.1
3283.2	4635.7
2177.8	2503.9
1714.6	2377.9
1148.1	2699.3
2686	1469.1
3998.6	1311.7
1698.5	2212.4
3536.9	2818.8
1129.2	2515.9
2425.4	2377.8
1504.3	2354.4
1011.5	2487.8
2172.9	2464.5
1244.3	1755.8
2019.6	2388.7
1224.6	2215.3
1718.1	1838.4
3387.3	2560.6
1668.7	2541.8
1708.3	1821.9
4652.6	2737.4
6107.9	545.97
1142.1	4775.4
2222.6	2359.9
1818.5	2305.3
1310.3	2017.4
1818.8	2196.9
4358.3	2236.8
2362.5	2288.4
2054.9	2437.6
3753.9	1534.8
2019.4	758.22
853.78	1312.5
2596	1730
1597.4	2267.7
1188.7	4784.7
4468.5	3705.5
137.46	3159.7
1841.6	2207.3
1762.9	1949
1181	4750.4
7066.2	567.52
2541.6	2047.2
5781.7	2632.3
2261.9	2108.9
1770	1858.1
820.41	1304.8
2005.2	2433.6
1799.6	1988.3
1716.4	2120.7
1703.1	2053.3
2310.1	2263.7
1751.4	2316.7
3389	2558.8
1304.2	1790.3
1652.2	1909.1
6460.7	4463.1
1587.6	2607.5
6157.9	728.67
642.9	2702.1
4022.7	1653.6
2875.8	1312.5
1763	1869.8
4252.9	1302.1
138.89	2307.7
1755.6	1914
1668.7	2501.4
1091.5	876.33
970.69	2254.2
2310	2298.8
487.66	2382.7
615.87	1640.9
2800.1	2028.2
3875.7	1478
1715.3	1954.2
1724.6	1859.5
1773	2110.7
1722.6	1828
4245.1	291.87
2687.1	2363.5
2201.8	2282.7
1609	1732.9
2470	2411.4
3038.3	965.29
1824.8	2243.2
1738.5	1829.8
1778.6	1888.1
2874.5	2631.6
6830.5	4500.8
1700	1823.5
1806.2	2662.6
1786.6	2781.9
3293.7	800.81
1208.6	1905.2
1752.8	2301.3
1934.8	2479.4
1708	1896.6
1698.7	2053.3
3005.9	1157.7
1984	2455.1
1994.6	2451.2
4478.5	2007.3
1731.4	2015.3
2801.7	1995
431.92	2714.3
2295.8	2146.9
2818.5	1542.7
1629.7	4187.7
4924.7	2370.6
1216.9	2311.1
6512.8	4770.4
1682.1	2524.1
1433.2	1532
1867.7	2193
1739.1	2155.9
1576	2276.3
1928.7	615.98
1720.4	1850.2
887.25	1791
2663.9	2200.3
1685.6	2360.4
480.27	324.09
2150.3	2483.6
2012.8	2461.4
1771.9	2059.6
520.02	283.89
3430.8	1387.8
1686.1	2387.2
1848.7	2269.3
1679.1	2540.1
2658.7	2203.8
1521.4	1980.7
1661.5	2493.2
1716.9	2521.7
612.95	2600.2
5881.2	643.46
4747.2	3044.3
2200.1	2299.6
3143	2521.3
1805	2013
1160.7	1893.4
1667.8	2484.1
4454.9	1347.8
4762.1	1053.9
1720.1	1873.9
919.46	2224.1
3283.1	4637.5
2039.5	2386.8
1882.1	2184.7
3860.2	4452.4
1974.8	2334.5
3424.9	2348.1
1294.4	1505
5154.5	864.88
872.61	1355
1342.1	2323.1
5531	757.93
1325.6	1820.3
5772.8	2808.5
1350.9	1995.2
3823.6	701.88
2877	1247.6
5508.4	754.63
2158.9	2456.5
834.09	750.86
964.88	2400.3
4063.4	2365.8
3310.7	1164.6
1993.2	2465.4
387.88	1263.4
2625.5	2031.2
42.292	3572.2
2903.8	2614.7
1180.6	4873.2
3863.9	99.778
1665.3	1877.9
1639.5	2203.8
1688	2326.6
1751.6	2337.8
1998.8	2374.8
1244.1	2129.7
5260.9	849.05
2461	2404.2
3851.4	1641.9
4493.4	2386.2
1404.3	2176
4102.3	1671.7
2207.8	2317
5525.3	761.18
1292.7	1501.5
1338.6	1962.8
2740	1808.3
5430.5	2400
2001.1	2591.1
3089.4	2514.5
2049.6	2468.8
1255.9	2375.7
3146.7	2514.9
4756.3	3001.7
3305.4	4742.5
337.07	2295.7
2177.9	2307.7
2460.8	2138.3
1695	2123
1993.9	2008
2923.1	1259.4
2625.2	2180.8
6516.1	4434.1
6077.5	2631.5
2286.6	2264.3
1302.1	1783
4736.6	3054.3
4371.2	1236.4
1694	2203.6
2448.9	2167.7
2298	2403.6
1841.1	2218.5
3387	2519.9
2387.7	2662.8
6227.4	519.64
5440.9	765.57
924.93	2222.4
2427.1	2164.7
1813.8	1958.3
1658.1	1843.9
1126.5	1801.4
995.12	1693.9
5946.6	627.07
3090.4	2511.8
803.27	2072.5
1767.8	2015.1
1681	1718
5597.7	724.58
1659.9	2416.3
2786.1	1515.9
3013.6	1282.9
6531.4	426.89
2688.1	1459.4
4481.9	380.81
2330	2238.1
1028.2	1431.3
5582.7	1630.4
2239.3	2157.1
4778	1035.8
2287.5	2238.3
1670.1	2355.1
1710	1754.1
3089.4	2494.4
2707.1	1802.3
2233.9	2320.4
1049	1554.6
6092.9	554.15
4838.9	1033.4
6454.8	466.58
2646	1513.5
2835.2	2279.4
1618.6	2432.4
4781.3	1044.9
2880.1	1287.1
2819.9	1588.5
2288.2	2274.3
1815.2	2165.1
1723.9	2023.9
3898	1319.7
2043.4	2017.1
4920.3	989.17
3276.6	4706.6
1664.2	2321
668.29	2448.8
1212.1	1418.2
2316.6	2279.2
1678.5	2437.3
5652.8	1347.8
4656.3	1781.5
1258.6	1714.1
1625.7	2064
1426.6	2569.3
2795.3	1532.9
2174.5	2388.6
4741.3	3068.4
1194.2	2423.5
894.15	2711.2
1586.8	2182
769.92	2055.8
1621.6	2380.1
2107.8	2492.3
1091.8	2803.1
2779.7	2237.2
2024.7	3601.7
4394	353.87
1210.7	1223.6
1179.7	2295.5
884.28	2246.2
2580.8	1606.2
4877.1	2909.1
2308.5	2467.1
1593.4	1958
4784.5	1035.4
2315.4	2291.9
2786	1535.1
2448.4	2133.5
6109.1	558.72
1784	2805
1397.9	1638.4
2374.6	2248.6
1516.3	2035.1
1629.5	2157.4
958.93	2498.9
1559.8	2388.1
854.45	2566.4
1700.7	1845.3
675.32	2352.3
5784.8	2772.9
1827	2181.3
3903	1447
1416.2	2505.6
1678.6	2022.5
1643	2344
2742.4	2782.1
738.81	2530.7
2107.9	484.12
2466.5	2421
2810.1	1608.4
4474.5	3697.2
1965	2401.7
641.77	2684.7
1720.2	1875.8
6132.9	544.45
4638.2	1075.3
2919.4	1209.5
3288.6	4702.8
2649.1	1901.6
782.01	3431.4
2411.3	2225.9
6223.6	4211.8
2819.8	1734.9
2758.3	1519.8
1818.7	2186.2
2061.2	2443.9
4470	1081
3339.9	2410.7
846.98	2509.3
1981	2420.8
4785.6	1016.8
2009.1	2451.3
2971.1	2745.1
1964.4	768.33
1671.9	1986.1
4674	4147.3
1679.3	2424.1
2498.4	2428.8
1334.9	2767.8
3420.9	658.3
2886.2	1171.8
1731.5	2651.1
1717.2	1916.2
3924.8	1455.8
1303.5	3042.8
1408.3	1504
1628.3	2269.2
2898.6	2287.2
3897	1473.4
4166.7	2401.7
2799	2062.7
2144	228.56
6558.6	405.54
4742.8	1035.8
1387.4	2682.9
4196.5	1324
4237	1293.9
1895.2	4335.3
1700.5	2303.9
2717.9	2216.2
1228.9	1975.8
1613.2	2233.7
2041	2390.5
1415.5	2518.1
1550.4	2418.1
4529.7	2427.2
2036.6	2412
4096.2	1789.2
1861.1	2139.3
1651.6	1941.4
3952.4	1554.7
182.69	2105.2
1336.3	1579
1229.4	2061
1617.3	2182.2
1540.4	2369.1
1789.3	2212.1
1680.9	2112.8
3421.6	2559.5
2769.6	2098.1
2772.7	1774.5
2035.5	2395
4752	4190.9
2097.5	594.17
1195.3	2221.1
337.33	1306
2712.7	2168.9
2821.3	1650.5
902.43	2390.9
5161.2	873.31
4332.1	1441.8
613.89	2826.2
3536.4	2522.4
1708.4	2305.3
382	2881.4
4360.1	1228.2
927.59	2509.6
1549	1819.3
2614.8	1918.3
1650	2330.2
4653.7	2735.4
1398.5	2507
2409	2476.9
2441.6	2375.8
1372.8	2350.6
5491.9	2569.2
1277.3	1997.7
2167.6	68.081
1069	1554
2752.9	1589.7
1083.6	2544.1
3329	1147.8
335.89	2138.5
1715.4	1737.5
601.73	243.32
680.87	2472.5
2784.9	2249.5
3754.9	948.76
1844.3	2105.3
3836.7	121.69
5144.9	875.42
3567.8	1765.9
2193.6	2410.7
1415.8	2362.9
3546.1	1779.2
4032	2809.9
2266.9	2224.2
2761.6	1847
2303.9	2419.1
2161.8	2415.1
4199.2	1763.1
506.27	2361.9
2455.3	2472.1
882	2605.2
1342.6	2388.9
1891.9	2476.7
1282.7	1915.7
773.09	3084.1
1835	2182.3
5169.1	898.69
1824	2057.1
6458.7	4302.8
1167.3	1855
1183.3	1247.8
3190.1	4604.3
2774.6	2310.2
3130.9	1359.3
3867	1466.8
789.85	1551
2745.3	4460.1
1707.4	1873.4
3878	296.77
2595.6	2423
1792	1964.7
1701.7	1911
2730.8	1535.1
1641.6	2030
4344.1	2144
4263.4	1466
2151.8	2438.6
1670.4	1728.3
1343.1	4771.8
5450.1	3158.9
1029.8	651.37
2294.1	2320.9
5415.6	2184.6
1602.3	2272.5
1639.5	2047.6
1720.9	1862.2
4156	325.75
905.57	1107.1
1408.3	1502.4
1787.4	2086.2
812.13	1512.8
1094.2	1559.6
1319.6	1998.7
6489.2	434.35
2108.2	2458.5
6191.5	509.03
3247.9	2764
4232.5	1295
3298.5	1707
1693.1	2235.9
1842.5	2237.4
1386.7	1609.9
949.91	1435.9
2745.3	1703.3
137.74	2402.8
3023	1153.8
1771.8	2078.4
361.34	4182.7
3798.1	1506.9
1821.8	2240.2
898.4	2227.1
2722.6	2093.9
1000.7	1748.6
1754.2	2149.4
1842.4	2045.2
4245.7	1302.3
2771.2	2064.7
1417.5	2030.3
2682.9	2711
3896.9	1455.8
2042	1474.9
1715.6	2662.9
1837	4669.4
4628.2	1107.1
1834.1	2198.3
2886.8	1313.1
1549.5	1840.6
3656.2	1751
2739.9	1651.9
2603.1	1797.7
1635	2348.8
1190.9	2302.9
1328.7	2331.9
4738.7	494.86
2833.7	4621
5440.2	788.12
1247.8	1722.4
1644.4	1995.1
2245.2	2285.8
2708.1	1557.4
3986.8	2347.7
4620.9	1095.2
1623.6	2354.7
2963.7	2921
1667	1968.4
3833.3	1654.1
985.28	2233.2
6137.6	540.3
3431.3	633.47
2715.1	1735.3
1289.7	1271.3
92.208	1027.2
6956	862.46
5927.2	480.21
179.78	4484.7
635.03	2893
1731.7	2022.9
944.73	1442.9
2125.3	401.89
2185.5	2465.9
2925.6	2910.5
1674.8	1914.2
3809.5	303.25
3092.2	2918.1
4537.4	538.22
567.61	3932.3
1177.8	2826.2
226.64	1871.6
3332.4	1145.1
729.51	2167.9
2106.9	490.1
2068.8	1008.4
469.73	1498.8
5202.5	886.69
2994.1	2753.1
1982.3	2343.5
1190.3	2533.2
1690	1878
2455.5	2422.3
2574.2	2405.7
567.28	2193.7
4783.6	19.859
2058.5	1142.9
4496.6	2418.6
1498.4	2527.2
1538.2	2368.9
2722.5	1456.5
2304.7	2152.2
1636.5	2452.8
715.35	1682.4
943.9	1441.9
4724.2	3059.6
1127.3	1891.7
1706.4	1729.9
2825.1	1655.2
2645.3	2116.8
4156.3	298.98
1739.7	2325.2
1514.4	2599.2
1730.7	1867.1
2423.6	2150.7
5517.2	762.57
7061.1	3456.8
1987.6	2440
1846.8	2047.8
1787.8	2608.7
1218.8	1408.4
3919.8	1010.4
4254	1481.6
1724.6	1741.7
1636.3	2062
3134.3	1006.4
1652.3	2222.4
4245.2	367.91
1399.1	2329.2
647.64	2946.8
1669.2	1911.4
4914.2	3122.9
2092.3	702.04
3219.3	2755
7189.2	2310.5
2207.2	2334.6
1501.1	1700.7
4900.2	992.65
1235.6	1630.8
2097.7	565.18
1710.4	2697.8
4199.3	1298.7
1026.2	812.53
3095.2	2766.7
1311.1	2004.6
2894.2	1239.7
1766.3	2071.8
1302.5	2278.2
3709.5	1391.5
1621.8	2273.6
493.98	2179.2
2861.5	1326.6
2817.3	1583.6
2555.3	1707.3
5571.4	715.61
2815	1248.1
6182.8	64.89
2628.2	1887.2
3331.9	815
2512.9	2864.8
1400.3	1872.4
2768.3	2178.8
2166.9	69.896
2110.2	430.1
1967.7	2430.5
3439.7	2371.3
3178.6	1566.5
1991.4	2369.8
