2037.4	2117.2
2112.3	2623.4
1701.2	2453.7
1565.5	2484.1
662.89	1583.4
2078.8	2256.1
162.89	1156.9
3260.3	2642.3
5294.8	2990.6
1572	2200.1
978.43	2216.8
1578.2	2523.5
1834.5	2105.9
2191.4	4853.9
753.33	1644.9
1581	2060.3
1849.1	1976.2
1857.6	2007.9
1322	1572.8
151.9	1176.5
1573.4	2527.5
1300.7	1987.4
540.33	346.93
312.35	1210.6
1742.3	2477.6
791.23	1319.4
199.59	1066.4
1955.8	2519.5
1655.4	2232.5
244.01	1027.6
1913.9	2374.2
1567.9	1665.7
1768.7	2392.8
1606.1	2188.5
2744.4	1535.8
3850.2	2626.8
2228.6	2264.6
2099.9	2481.9
1898	2119.8
686.6	336.91
504.5	916.54
2589.6	2225.6
1563.4	1855.3
1711.7	2174.6
1732.4	2275.4
70.464	962.78
1325.4	1485.6
2339.9	2475.2
479.07	924.31
1171	4764.8
2314.6	2492.9
2742.8	1486.4
2736.6	1440.5
6961.8	738.48
3257.6	4639.5
941.63	2220.3
81.738	807.59
1322.2	1688.5
1655.7	2232.2
3271.2	4616.8
2254.7	2218.3
2240.6	2434.4
542.65	2175.2
4751.5	4551.3
1425.1	1763.4
1188.1	4787.6
1278.6	3250.6
6463.5	2417.5
1795.5	2224.7
652.67	1535.5
267.6	1165.1
4478.1	117.87
1196.8	4782.8
4311.4	1260.1
2549.6	2699.4
2231.5	2217.1
1687.9	2855.4
3247.9	4638.6
1613.5	2397.9
3244.4	4637.7
175.83	808.74
3259.5	4640.7
2095	2476.2
1784.5	2219.2
2217.1	2268.4
2216.5	2304.9
1841.6	1991
2081.8	2392.7
6439.1	2570.6
1426.5	2298.7
881.25	1402.4
5810.3	310.32
2284.1	2377.9
1911.4	2120.8
1325.4	2220
2214.8	2303.3
5893.7	1737.6
1709.1	2831.4
6638.7	2302.2
2232.1	2219
1777.5	2359.7
427.89	852.81
358.94	2052.8
2242.1	2196.9
1791.1	2124.6
3180.3	2458.7
1915.3	2237.8
6390.8	1464.4
1905.1	2208.9
1461.9	1480.8
1777	2441.4
1739	2391.1
1734.6	2477.2
1122.9	1316
1646.7	1951.6
1386.6	2284.1
1158.1	1688.8
1078.6	2522.1
2208.8	2296
2280	2484
2158.9	2485.8
148.18	1854.7
1579.2	2499.4
709.98	459.44
5965.3	4589.2
1916.9	2237.4
1710.7	2513
2243.4	2200.8
1922.4	2246.6
52.729	967.93
1832.9	2118.4
3581.6	2445.3
3237.7	2866.2
1552.5	1840.1
4610.3	1752.3
1907.5	2651.9
3788.1	2893.1
2123.5	2457
3248.9	4623.1
2107.3	2481
3249.7	4623
2673.7	2350.7
1743	2506
1781.1	2271.1
1967	2355.7
1431.6	2341.3
2187.3	4892.2
3252.8	4624
4205.7	512.51
1611.1	1972.7
3988.6	1648.2
797.74	2163
2413.6	1910.2
2433.8	1957.5
1781.9	2332.7
1447.1	2406.2
3860.3	4294.4
2051.5	2455.6
2252.2	2200.5
2219.3	2257.5
1590	2146.2
1272.4	1573.7
807.55	1818.3
3472.1	2749.2
1760.5	2411.4
2159	2457.2
5735.7	2558.1
106.57	2060.2
3840.7	2687.1
2096.5	2468.4
1142.6	2318.1
2426.1	1925.8
2212.2	4872
2376.2	2308.4
2181.3	4873.8
2186.5	4893.6
2397.1	2530.6
1344.9	1709.1
111.28	349.14
2211.2	4874.8
1296.9	2233.6
1423.9	2002.3
2191.7	2347.9
3970.5	1923
1435	2384
5672.8	1755.5
1874.1	2067.3
1218.9	4767.5
2395.3	2703.6
1014.5	1774.6
1420.8	2111.3
821.63	1734.5
2215.7	4888.7
1849.6	2775.8
1593.2	1805.3
1753.8	2100.3
2141.5	2466.3
1423.6	2001.4
1580.9	2172.2
5414.7	4506.8
2748.4	1475.2
266.29	1031.7
1548	1880.5
1182.3	4778.8
1678	2458
1567.6	2347.4
6887.3	1222
1032.4	1822.4
3240.7	1863.9
1931.4	2246
2243.4	2186.4
1430.5	1623.8
1765.2	2387.5
2692.7	2495.1
2284.4	2320
1225.5	1518.1
1876.7	2722.5
1849.9	2134.6
2219.4	4892.1
2727.2	2336.5
2267.3	2270.5
1961.8	2307.6
1740.4	2420.1
1826.8	2099.1
2621.1	2305.8
1306.8	1584.1
2286.1	2269.8
1830.7	2222.5
6256.3	1336.9
1295.5	2002.2
3297.1	4717
1663.4	2372.4
2343.1	2268.4
2278.7	2186.5
1440.3	1448.3
1963.6	2307.5
1874	2507.8
2061.7	2387.2
3412.9	2174.2
2060.7	2388.8
6742.6	240.63
27.53	1385.6
1617.6	2212.4
1686.2	2022.6
145.82	1193
2001.1	2359.8
2421.8	2169.3
6436.6	981.76
661.02	2727.3
1917.5	2261.7
3987.5	2059.9
2217.6	2314.3
2158.6	2466.7
1826.1	2316.9
1879.1	2185.9
3737.3	725.02
1304	1690.6
2193	2340.2
1826.8	2335.2
1283.4	3361.7
2352.2	2463.8
5608.4	4681.5
4463.2	3866.4
816.74	1014.9
544.24	560.76
5088.6	4372.8
4885	2097.5
1419.9	1621.8
4235.5	1857.9
5394.5	1823.7
1985.7	2468.5
2019.6	2354.3
1830.9	2201.2
2268.4	2614.7
2123.4	2465.9
1827	2641.8
2454.8	1909.7
353.04	2251.8
4331.5	3741.4
4187.7	340.86
5539.9	267.4
2335.7	2233.5
2202.1	2348.3
1931.8	2353.5
1769.2	2463.1
2427	2053.8
2176.5	4869.3
4408.6	438.48
1958.1	2287.2
1765.3	2307.7
1182.7	2346.8
2215.2	2284.2
1744.6	2266.1
2648.6	1759.2
1289	2034.7
1306.7	1689.4
5770.4	4095.1
1367.6	1700.9
1715.4	2486.8
142.16	2901.8
4885	2872.6
4050.2	978.87
1693	1935.7
774.59	2810
3263.1	4630.9
657.86	141.2
3860.7	4470.4
70.304	900.75
2051.3	2465.8
687.82	806.18
206.05	2409.4
1882.2	2299.3
4842.6	3622
2133.4	2437.2
1436.3	1601.2
2244.5	2300.3
1611.6	1887.4
2399.6	2452.2
394.75	260.19
253.01	1458.4
1841.2	1995.5
1657.6	2219.8
2077.6	2384.6
1295.2	1476.8
4386.8	277.48
2959.7	1482.8
1441.9	2356.8
1418.8	1606.5
4578.9	771.29
2069.5	2466
7290.3	1607.1
3307.5	4721.5
1859.2	2147.7
2754.1	3061
2193.1	4880.1
2502.4	2109.2
1886.2	2325.1
2692.7	2520.5
2457.2	2277
3967.6	1153.6
743.94	1249.1
2694	2340.4
5845.4	3003.2
2757.2	1425.2
1824.7	2111.7
1184.9	2245.3
270.17	2409.4
2825.7	1381
574.79	1231.8
2583.7	1652.1
2080.3	2623.2
1326.5	2079.2
2173.4	2312
2048.2	2651
4024.3	966.54
383.1	1333.8
1929.2	2483.4
1425.6	1568.1
1191.8	4866.3
2587.3	2018.1
4264.4	934.46
1190.6	2226.9
1922.9	2274.7
1560.2	1689.1
973.73	2272.7
1393.9	1704
1866.7	2041.9
4308.7	1351.3
1788.7	2181.3
2575.4	2241.8
1434	2398.9
169.6	767.82
1414.3	2543.6
4796	231.23
2004.2	2748.6
2217	2281.5
1768	2418.7
1815.3	2308.1
2115.1	2464.9
1647.4	2211.7
4314.6	1968.4
726.21	869.87
1092.6	2652.4
2027.2	2407.6
1829.7	2335.8
4039.7	951.25
3308.2	4720.8
591.85	1197.5
4874.7	1821.7
2657.8	1590.2
1228.6	1775
2493.6	2417.9
588.43	637.38
1640.7	2227.2
2462.9	2135.2
434.26	1290.7
4279.8	2815.3
985.17	1508.4
290.36	1273.8
1013.6	2303.5
2486.9	1935.4
1739.4	2210.1
1826.4	2278.6
2096.9	2436.5
404.03	1340.7
1578	2467.6
4481.2	136.29
2075.9	2383.5
1320.3	2241.7
1891.6	2126.8
2582.7	2523.7
3293.8	4714.6
2078.9	2464.9
767.18	1635.2
1668.6	1953.4
2836	1372.9
1735.9	2382.6
749.94	2816.5
1768.7	2438.3
2151.5	2446.9
40.807	1036.3
4242.2	2310.5
1288	1574.1
586.71	637.23
1777.7	2341.9
5066.7	267.68
1678.5	2366
1356.9	1413.8
1175.3	2238.4
1901.7	2108
1729.3	1939.4
1899.2	2280.6
1867.7	2355.2
610.85	112.25
1573.3	2475.8
2259.4	2202.5
310.43	670.3
1732.8	2336.6
1827.4	2377
1758.6	2462.2
2195.7	2446.2
1656.8	2404.1
1709.7	2499.1
2682	2458.5
1420.6	2279.1
1725.2	1949.4
2357.2	2457.4
5185.7	1394.5
1576.2	2461.9
1817.5	1983.4
763.15	2243.9
1775.5	2206.1
6009.3	1363.3
1743.8	2282.3
1364.9	1474.9
1682.2	2264.5
1825.3	2297.2
3749.2	2650.6
2184.4	2464.3
1701.1	2243
1795.6	2168.6
786.12	428.02
2909.8	2512.1
23.399	1010.2
2842.1	2646.8
404.8	2181.3
2634.9	2137.1
1829.2	2228
2952.8	1262
4479.4	138.58
2108.2	2461.1
1825.8	2379.6
1075.1	2675.1
1284.8	1196.5
1985.5	2391.9
5474.1	651.41
1436.3	2022.3
2733.5	2449.2
1261.4	1589.5
471.06	1453.8
4777.8	245.48
1818	2187.1
1388.6	2544.3
3630.8	2085.9
529.81	332.08
2257.1	2166.1
1669.8	2212.8
1866	2165.5
1663	2400.8
4127.9	1433
2170.3	4864
1662.9	2230.1
1330.9	1830
1078.9	1604.4
2570.2	1661.6
62.924	2945.8
170.4	1154.9
1321.5	1492.8
1865.1	2478.6
2741.9	1424.4
1276.7	1561.9
1533.7	1604.1
1827.9	2245.2
1695.6	2264.3
655.46	47.542
2815.9	2364.6
291.07	668.65
4685.5	1189.6
2741.7	2447.1
1411.9	2614
1454.8	1486.3
1424.6	1530.1
2522.6	1980.2
1203	2333.8
790.13	2058.1
1308.5	2237.1
2752.9	2337.1
653.76	1592.4
671.8	375.26
4836	3625.5
1896.7	2249.6
1254.5	2212.3
2802	2470.8
3342.4	2646.3
1716.9	2416.1
1871.7	2046.5
1846.4	2020.1
5785.6	2136.8
2362.6	2278.3
172.05	3707.9
4718	1876.1
4104.1	493.07
1923.4	2427.9
1611.2	2401
1850.1	2190.8
770.23	1700.8
1728.2	2404.8
1312.1	1812.7
1890.1	2239.4
1966.5	2306.6
5733.5	3105.8
2767.9	2067.2
1549.1	1633.2
3041	2238.1
443.58	818.89
2863.9	2071.3
1445.4	2324.5
1897.1	2100
2116.2	2453.8
1440.9	1794
1557	1891.4
2482.8	2407.5
2774.6	1850.1
1812.4	2332.1
1607.7	2153.2
4717.8	1895.9
289.48	1270.9
719.93	365.6
1277.2	2347.8
2811	2515
2675.6	4624.6
4846.7	77.01
2492.6	2307.2
2157.5	2846.9
199.79	2189.7
2079.8	2436
4108.3	653.9
990.13	1505.9
456.03	1389.9
3627.8	2102.5
1828.7	2168
3388.5	2763.6
1813.9	2405.7
382.87	1044.5
2791.8	2369.3
1874	2171.2
2219	4863.2
5398.1	1817.5
1436.3	2413.7
4381	463.88
1665.6	2254.2
2344	2468.3
765.19	1622.2
2419.9	1939.5
2271.2	2207.6
2016.2	2461.8
3649.5	2670.3
2807.5	2504.5
1835.3	2354.4
1819.9	2161.6
2078	2383.3
1846.8	2157.1
2082.8	2472.4
4151.6	1422.8
1574.3	1873.3
4202.7	586.76
1685.5	2046.5
3723.7	1830.1
2166.4	2343.8
1411.2	2334
4112.6	1420.6
1302.2	1617.1
1681.8	2037.1
695.18	2114.8
4638.6	2184.8
1895.8	2258.9
2400.3	2227
5843.3	4677.6
1621.8	2406
5179	4040.8
4865.1	2875.5
1825.6	2385.7
1578.7	1674.1
6108.5	1698.6
2524.2	2496.3
1654.3	2213.6
2368.1	2233.6
776.5	1707.9
633.96	548.56
1221.9	1545.8
2073.9	2375.5
2049.9	2401.4
2643.8	2104.9
1831.8	2124.5
4409.7	423.07
4623	743.57
2259.6	2382.4
4075.3	1973.3
2536.4	2395.2
3968.8	1126.6
1820.6	1980.3
2131.5	2377
195.64	2321.3
1431.8	2481.6
1811.2	1551.2
2911.4	2514.1
1322.9	2071.6
1299.3	1637.1
1418.4	2302.6
1898.8	2218.4
840.41	559.7
1694.6	2015
290.52	1112.3
1639.4	2378.6
1433	2539
2610	1714.3
818.71	507.9
4663.2	2953.8
2543.2	1708
2180.2	2567.1
1894.3	2211.5
705.2	297.25
2712.3	4625.3
1690.9	2447.3
263.24	1563
1193.4	2349.4
1815.1	2403.4
687.32	1420.2
3309.9	4733.5
2024.5	2480.6
1679.2	2243.3
2611.6	2026.9
2499.2	2238.7
1828.3	2026
2396.2	2458.6
2186.2	2549.9
1513.6	1897
1432.3	2453.8
118.04	1839.3
2029.8	2477.7
3689.4	2493.6
174.23	3116.7
2353.7	2412.2
5683.8	391.34
758.27	452.96
2293	2272.7
1751.5	2413.3
1921.2	2226.4
365.45	1336.3
2484.8	2403.6
1757.9	2361.1
2689.3	1619.5
2460.9	1847.2
332.28	2967.6
1733.3	2036.4
2494.3	2330.9
1638.4	2452.7
1263.5	2255.1
2345.7	2251.3
1674.1	1936.7
2500.5	2213.1
1894.5	2367.1
1874.1	2365.4
1890	2200
1829	2322.6
2435	2343.5
905.91	904.59
1903.5	2335.6
1677	2470.8
4721.3	3965.8
1413.6	1549.2
2331.7	2385.8
2082.7	2469.8
1813.4	2188
4105.1	3975.3
3990.2	219.03
1180.4	4877.4
2018.8	2363.9
3188.3	2567.6
858.08	2772.7
1334.7	2243.8
630.3	482.47
1901.8	2153.2
1684	2222.4
1569.1	2475.9
3309	4733.1
1882.9	2075.4
791.23	507.9
1435.9	2479.2
5297.1	4465.4
1991.4	2499.7
3665.7	1319.5
4378.7	875.14
2221.4	2230.2
4711.7	2975.8
5733	2974.8
1357.6	1728.6
1831.1	2155.9
530.32	337.83
2437.1	2013.8
5015.1	290.53
1813.5	2272.9
1350	1560.8
1443.7	2171.6
1787.4	2283.5
3891.6	1196
4221.3	1792.2
3932.6	271.83
4433.5	1926.1
3999.4	224.52
6451.4	2709.5
1996.1	2330
2138	2372.9
1416.6	1555.9
2655.1	2453.1
4442.7	1932.3
657.36	1135.9
3952.3	1517.6
3220.3	987.99
4723.5	2518.6
2876.3	2530.4
1732.8	2409.9
2265.3	2359
2220.2	2324
1590.1	1875.1
1279.9	1558.2
1831.8	2131.3
1580.3	2132.6
733.16	2638.3
5381.7	1833.1
3743.7	1198.1
1469.9	1807.3
5106.8	3928.3
1341.9	1574
641.55	1536.6
1426	1408.8
1816.8	2270.1
2507	2197.7
764.52	1745.6
671.21	1129
1946.6	2274.8
2269	2404.3
1749.4	2415.1
6767.2	1668.5
1821.8	2075.4
1651	1983.8
4380.5	471.68
287.75	1126.6
2494.1	2363
1855.6	2469.3
1632.3	1842
1620.9	1810
1611.1	1879
1340.7	2238.7
1425.5	1774
3893.9	1197.2
2904.1	2895.5
4110.2	1408.1
1267.7	1559.4
4597.3	3620
553.49	147.18
2343.9	2248.3
3735.4	1282.6
2847	1481.8
1210.8	1502.6
1580.6	2390.4
4729.7	2492.8
2218.5	2478.2
4592.8	675.24
2215.1	2350.7
2282.2	2404.4
1799	2035.5
1651.9	1986.9
1437.5	2558.3
1536.5	2372.7
1432.3	2282.1
1263.9	1258
1566.1	1705.3
1855.9	2244.3
1830.6	2349.9
1322.3	1912.4
1665.2	2220
1396.7	2484.7
1436.9	2557.8
4587.6	1689.6
1671.2	2235.5
714.1	293.69
2660.1	2458.5
2245.2	2315.3
41.919	869.06
3645.8	3033.8
3789.7	1124.5
6150.6	1527.7
2199.5	2366.1
3307.5	4738.2
1413.9	1902.2
2297.5	2288.4
1837.4	2066.4
3625.1	2111.7
5011.3	685.78
203.03	3198.7
1437.9	2270.8
326.54	2510
1432.3	2510.2
379.44	2651.8
1856.3	2176.5
1898.9	2241.2
1874.2	2316.2
6454.3	2550.7
1247.5	2215.4
2260.5	2329.3
648.53	569.75
3017.4	2082.1
2516.1	1923.8
1896.7	2340.2
177.41	2220.8
5053.5	3910.5
3733.5	1161.3
1475.7	2080
2043.1	722.71
5603	2465.1
1871.8	2378.5
1771.1	2340.3
165.43	3703.7
4445.7	645.69
1901.6	2165.4
1574.6	1824.7
6416.7	4313.6
1801	2033.4
4093.6	130.09
2390	2227.2
1700.4	2379.8
1156.3	1680.3
225.75	583.63
1712.2	2417.4
1244.5	1512.6
1815.7	2346
4584.3	2023.9
1849.2	2708
6333.8	1680
1880.5	2198.7
1880	2109.7
4555.7	1924.5
5188.5	745.41
4575.7	775.61
2515.4	1939
2409.7	2692.9
2133.1	2455.4
2368.7	2268.2
1505.9	2407.3
1398.6	1489.6
1474.2	1818.6
2136.5	2498
2351.8	2282.9
2574.7	2160
482.25	2092.8
1298.5	1700.4
1439.2	1597.2
1699.1	2038.7
2426.9	2347.1
2920.6	1292.9
3472.7	635.75
4141.4	116.8
5389.8	660.02
379.87	2931.4
2323.9	2254.7
2498.6	1825.5
5101.1	1660.4
1438.4	2312.6
2290.4	2415.6
2355.3	2304.4
2080	2628.7
2027.4	2461.9
2322	2250.8
179.39	915.01
1799.5	2319.2
277.49	1243.1
1154.5	4773.9
3179.6	2562.6
4233.3	3148.9
2443.8	2595.1
4434.1	1306.9
1398.7	2543.6
4419.2	345.63
4631.8	1793.2
1425	2284.1
3647.8	2558.4
1816.5	2237.8
4863.6	2832.2
2027.9	2461.6
4238.6	3882
431.72	786.7
924.91	1283.3
1426.1	2486.4
7202.2	1392.5
1296.3	1611.5
1426.3	1779
3514.1	1533.3
2507.6	1924.7
1422.5	1449.7
1385.1	1478.1
4099.1	111.35
2132.6	2466.3
1653.3	2374.1
2070	478.73
2474.7	1956.8
2247.2	2300.8
1475.6	2299
4185	845.92
2016.9	2374.2
2061.5	2425.5
4434.7	1924.9
791.02	2693.9
1358.5	2253.3
1722.1	2488.1
2039.5	2461.6
1426.4	2146.1
312.78	1090.9
1858.5	4029.9
317.92	2814.9
4665.1	3801.7
2275.5	2207
2235.6	2599.1
1520	2198.1
1427.4	1727.3
409.8	1288.8
2636.7	1710.1
1149.4	2498.9
2081.1	2447.9
1158.8	4772.4
1434.5	2359.2
7190.5	562.76
2960.7	2011.7
1747.1	2124.4
240.48	1509.1
1303.4	1942.5
3290.5	2198.1
21.482	998.44
3559.9	632.48
3494	3005
2509.2	2095.1
3710.9	952.48
4066.4	159.77
3282.2	4638.4
4107.5	818.76
165.26	1172.4
2251.9	2259.6
6634.6	2200.3
1344.4	1782.8
1353.6	2329.2
2741.4	1424
4522.2	1911.8
1720.1	2441.7
1896.8	2231.6
1329.5	1752
6620.8	2239.2
1932.2	2384.9
2293.3	2413.2
4319.9	1904.1
628.46	2741.4
3070.9	1499.5
1577.4	1801.1
2608.6	2146.5
2070.1	2399.3
566.78	1249
4388.4	2660
2564.9	1671.5
1426	2526.1
1922	2412.3
1821.4	2026.6
248.87	524.12
3304.4	4716.1
2276.1	2333.2
3972.4	2630.2
1481.2	2158.1
5339.8	3089.6
686.74	3065.8
143.56	3711.2
4408.4	1894.2
4217.7	3148.7
1295.3	1701.8
4759	2897
2022.7	2364.3
3913	748.57
3613.4	1857.4
1590	2540.5
1645.6	2208.2
765.95	438.67
1367.5	1692
1261.6	1246.4
4420.9	368.01
2228.1	2355
4598.3	619.85
2434.5	2154.9
4175.6	604.92
1426	2514
4419.2	1303.7
2255.7	2571
4739.8	3147.9
2063.7	2426.1
1876.1	2284.3
6192.9	1397.7
3311.5	4658.8
4491.5	1271.1
2195.6	2356.4
3505.3	3040
1663.6	2217.4
327.38	1072.9
1373.2	1535.7
64.947	943.07
1830.2	2309.1
2066.7	2621.4
1434.9	2443.8
4417.4	3400.1
3638.7	1286.4
3768.6	2665.3
1794.9	2493.2
669.77	1097.6
4005.1	206.47
2243.1	2445
1059.9	2699.6
6959.1	3354
379.4	1038.6
4093.2	2000.7
1428.2	1545.8
1862.7	2407.1
2324.3	2309.2
1176.5	4797.4
475.96	1919
1686.5	2478.7
2191.6	2332.1
2696.9	1592.1
2335.4	2271.3
2335.4	2322
2353.5	2255.4
1676.9	2400.5
1909	2298.6
1178.7	2524.8
718.8	558.28
6958.1	736.57
4058.1	1981.4
4370.3	1887.2
4080.6	998.87
4083.1	639.72
2495.7	2288.1
1438.8	1477
1367.2	1448.8
2714.7	1916
4373.3	461.62
1579.7	1884.7
1763.5	2102.3
3764.2	1243.8
2822.2	1361.2
3544.5	962.43
1425.7	2553.7
4363.5	2927.5
2045.4	579.98
1924	2492
1036	2261
567.9	1241
1141.6	4780.2
5783.7	2289.2
1852.1	2318.1
1440.7	2262.9
3326.5	3045
1445.2	3045.7
4245.6	969.24
1407.8	2109.2
2740.8	1455.9
3041.3	2589.5
6069.6	1534.1
3338.9	590.11
4145.9	623.53
1644.8	2395.1
538.72	2112.1
1424.8	2539
5452.1	4201.5
1453.7	1762
664.24	1483
1416.9	1597
1867.6	2050.5
1178.9	4804
473.49	1479.5
2808.4	2367.5
2277.6	2275.7
1864.8	2072
3974.1	1141.7
3275.2	4709
2642.1	4575.2
5790.7	4712.1
2987.5	1316.7
2764.2	2033.6
3146	568.64
924.37	3868.6
2634.8	2149.1
3739.5	2704.1
4250.9	973.19
1824.9	2369.9
1143.6	2186.9
1359	1266.8
1734.4	2519.4
1471.1	2346.9
1924.8	2256.9
2189.3	2472.3
2056.3	2412.4
3863.7	745.87
1925.2	2281.1
2180.2	2426.5
2507.8	1991.3
4815	2494.9
206.85	1818.1
1320	2356.8
1513.7	2324.6
317.37	1098.3
3768.8	2202.2
512.45	2108.7
968.36	2289.5
204.1	1050.1
2016.1	2387.4
2429	2013.9
1513.7	2541
1352.7	2301.8
1792.7	2041.1
4085.8	670.68
4425.6	420.93
2425.8	1918.7
4266	925.33
2997.6	1584
4267.4	928.41
1960	2328
2346.6	2459.6
4002.1	193.12
1891	2085.9
4590.6	1649.2
4166	1973.4
1636.9	2401.2
3432.4	2380.8
1827.3	2191.4
2424.5	2107.8
1704	2435
684	587.12
1188.1	4789.4
4002.9	207.92
2733.3	1686.6
3579.6	970.21
2783.4	1425
2611	2079.1
1482	1527.3
2081.7	2444.2
441.07	1783.1
1653.5	2420.3
1931.3	2314.4
2032.3	2452.2
1820.5	2059.1
3765.8	2023.5
3281.9	4640.1
309.02	2137.9
2483.8	1969
449.26	1802.4
1383.4	1710
2773.6	1584.7
1172.5	3051.7
3897.8	1423.4
3264.4	2958.2
1400.8	1575.4
4422.3	347.41
1668.6	2357.1
1554.4	1639.1
749.65	891.12
4581.8	2569.1
1503.4	1639.1
3967	355.74
1426.5	2284.6
2351.6	2275.5
2834.2	987.24
2767.7	1415.6
2487.4	2322.5
1762.8	2396.9
3026.5	2567.8
4271.1	952.95
2560	1732.9
1428.8	1697.7
7011.4	1820.3
2206.3	2388.5
1806.4	2619.8
1591.7	2419.3
3617.3	1264.2
6959.1	2130.7
4416.6	1889.3
5045.7	304.35
1906	2259.5
1876.1	2378
2758.9	1542.2
3490	3636
1806.4	2381.2
1239.1	2188.3
1913.4	2144.4
1600.8	1795.6
1900.2	2228.1
115.73	355.86
7000	1118.3
2167.7	2460.7
4299.3	778.89
164.27	2408.9
4655	879.77
804.16	1268.6
2787	2463.7
1434.8	2562.8
1969.2	2577.2
3949.9	1397.1
1487.7	1783.7
171.42	270.37
3993.2	2084.8
435.78	1858.2
3652	2825.9
4585.8	671.16
2269.2	2284.3
2043.7	574.67
792.1	1249.6
1353.2	1694.8
2192	2406
180.64	906.25
3525.9	2142.2
2279.9	2507.2
1832.5	2174.2
4098.7	1443
1538.2	1628.5
1731.6	2431.7
1033	2431.9
1413.7	1256.8
7201.6	1438.8
1244.7	1215.8
5666.7	1763
3797.1	425.79
4855.8	28.067
1881.8	2350.2
3274.4	1201.4
1394	2904.9
384.74	1036.1
1429.4	2583.8
27.872	2687.8
2266.8	2206.2
320.68	1173.5
4667.8	3985.4
2058.9	592.88
7170.3	3191.8
2883.5	2661.8
6818.8	1350.1
1746.6	2112.1
849.74	560.52
4344.5	185.36
3253.2	4605.4
4320.1	1958.3
4583.7	741.25
3628.5	2545.9
1484.1	2394.7
4855.8	2728.4
2333.2	2274.9
1320.8	2101
2063.9	2447.1
3253.8	4610.5
4089.7	1026.9
1378.8	1388.3
1147.1	2291
2441.1	1941.7
2660.3	2490
3071	1522.9
1415.1	1297.9
3748.5	472.3
1319.1	1631.9
1691.5	2501
1232.2	1187.1
2880.4	2463.8
1560.8	2528.7
2952.6	1254
4507	1935
1883.7	2167.5
4205.1	832.8
2063.7	2403.5
2515.2	2348.2
3915.8	2036.2
2432.6	2108.3
4494.3	1873.9
1353.8	2078
4356.5	3305.3
400.8	1062.6
2896.9	2502.1
1795.6	2405.5
2508.2	2343.6
1424.5	1688.8
1657	2442.1
3300.1	3035.4
3927.2	573.47
4429.7	1941.7
4543	625.23
597.88	1202.7
1432.9	1738.9
1294	1641.1
1949.4	2294.8
2790	1584.8
2754.7	2321.7
2803	2506.2
2605.6	1657.2
2194.2	2405.5
826.05	2787.7
4151.2	1951.9
6676.1	1999.6
4263.7	782.34
1510.1	1556
2410.1	1944.4
3287.6	4705.6
412.98	1245.9
1311.7	1270.9
4271.8	1932.7
55.128	3397.4
2615.6	2459.3
2575.9	2490.4
1911.6	2295.4
2638	2050.4
1502.1	2130.4
343.64	2241
1357	1664
1137.1	2795.6
1689	2216.2
2755.9	2368.7
465.33	367.94
1900.4	2254.9
1006.6	2151.8
719.13	2657.1
236.38	2445
6974	508.14
2258.4	2448
2263.2	2459.9
62.742	874.75
3939.4	1396.5
5470.1	971.88
494.56	1785.5
648.47	106.51
1513.1	2363.3
1467.4	1622.8
1859.4	2173.3
1291.8	2020.3
2959.5	1996.6
357.2	1089.9
2927.3	2525.8
3925.4	261.74
3904.9	697.43
442.69	1643.3
2503.6	1753.6
3514.1	2156.6
1833.2	2168.2
2172.9	2448
1884.3	2253.4
1101.4	1452.8
1644	1997
3846.1	2319.7
1492.9	1969.8
3468.9	3000.9
2418.1	1897.7
1326.2	2097
218.55	2968.9
3597.4	658.43
417.51	1247
1462.9	1824.7
2235.2	2447
1351.5	2090.4
3753.6	757.26
3037.1	2264.6
4633.3	2674.4
2624.6	1661.1
1836.6	2365.3
1387.8	1727.9
162.26	883.93
3897.9	1292.4
1270.1	1263.7
2026.5	2365.2
434.48	1952.9
4081.2	659.89
2428.6	3987.6
628.64	215.56
2914.7	2486.2
4510.6	1023.8
1049.4	2636.5
3749.9	742.05
166.38	1098.4
2427	2068.9
5804.2	294.58
1069.2	2322
1422.8	2534.1
461.69	216.33
5676.3	2078
1922.4	2332.7
1596.9	2078.3
291.38	1172
708.66	570.85
761.41	442.43
377.33	218.06
2405.7	3890.8
2431.8	2144.9
1743.1	2188.7
388.51	1387.6
347.32	1074.2
1685.6	2495.1
7035.9	2847.9
2148.4	2400.8
1423	2292
1668.1	2130.8
1499.9	1981.6
3983	2114.3
3198.5	2821.7
756.82	1855.2
4144.5	4760.8
1824.3	1962.7
2467.4	1833.5
4550.7	367.39
1512.1	2008.5
4367.5	448.99
3734	2575.9
1665.2	2255.5
682.53	410.55
5834.4	2428.8
450.43	113.53
6262.1	1394.8
2961.3	2426.5
799.02	1089.2
353.84	210.06
1358.8	1742.3
7339.6	2729.3
258.67	2110.4
161.63	1137.7
711.83	303.38
1253.5	2653.6
1890.9	2072.9
736.67	2985
3183.6	586.41
4090.9	2002.3
2343.9	2298.9
4507.8	1931.7
1783.2	1955.5
1761.8	2048.6
1796.3	2387.1
1072.2	2329.6
562.33	212.4
2510.3	1989.2
1610.2	2074.7
1692.5	2050.8
430.26	37.017
5614.7	2484.4
2616	1874.3
2945.6	1899.7
586.16	524.99
3359.2	2574.6
856.7	2092.2
4372.9	433.91
4414.2	2613.1
1675.9	2386
1875.6	2495.8
429.06	1867.6
1823.5	1959.5
4371.8	871.11
1867.1	2379
6893.9	2066.1
1519.9	2379.5
1873.7	2321.2
4554.8	2563.1
1766.5	1959.8
2527.2	1736.8
320.89	622.91
646.8	1557
1319.3	2075.1
4973.8	444.46
1604.8	2490.9
1798.8	1957.7
1224.5	1461
6921.5	2131.7
3962.4	1040.6
6078.4	1718.4
4323.5	2518.3
971.61	928.59
3890.7	2012.7
678.96	419.66
1823.7	2087.7
4758.9	2833.5
3921.6	377.19
1886.2	2177.9
3714	1826.2
3956.7	1404.7
2966.5	2501.2
1428.7	2131.2
6345.9	2996.4
891.54	1131.5
2642.1	2546.6
1378.5	1677.8
54.68	3396.1
1834.9	2367.7
2950.9	2434
1811.2	2371.2
3846	2179.5
3921	2637
1262.9	1197.1
4193.2	326.89
3279.3	2726.7
3520.5	986.34
271.88	2881.9
1467.7	2018.7
1632.8	2494.8
1677.9	2503.1
4678.3	2853.1
4244.8	870.63
3861.5	650.48
4406.1	1310.6
799.96	2391.6
5826.8	2154.6
3259	2809.5
1184.9	1888.3
2105	2446.2
2514.8	2172.1
4869	790.4
1206.3	1927.3
4737.9	630.8
4421.4	1300.2
2813.1	1892.2
1345.3	1857.7
3197.8	1302.5
4247	2117.2
3341.2	2573.6
3320.7	2764.2
3142.2	585.11
5759.8	1737.9
3320.2	3039.5
1601.9	2389.3
1716.8	2167.8
3750.7	775.09
5728.5	4107.3
2793.8	2003.6
1845.6	2000.2
3832.8	2591.1
3897.6	1538.3
1235.4	2019.2
3947.2	492.54
380.76	1992
2506.9	2206.3
2885.9	2880.4
1640	2045.3
5588.9	2487.5
2892.1	1856.9
1422.8	1275.3
2926.3	2072.2
2417.6	1895.8
2656.9	1775.3
112.72	3905
934.07	3085.7
2048.8	2373.1
5792.7	2150.9
3647.5	2841.4
374.76	18.764
3081.9	2956.1
3689.8	515.75
4158.4	1418.9
65.693	2889.6
880.29	2563.9
4173.6	1980.5
6430.3	2570.1
1251.1	2222.6
2744.3	1876.1
2184.2	2438.7
250.73	2963.4
