1965.2	1560.8
341.77	2742.7
2017.4	2185
2018.6	1584.4
295.2	1978.1
104.18	1062.9
2770.5	2493.9
104.27	1062.7
364.8	3108.3
1584	1996.9
1627.6	1541.9
374.47	2808.8
2899.9	2730.2
1648.2	1636.5
373.4	2807.8
2451.5	2440.8
1647.9	1635.6
1645.1	2390.5
1249.6	2993.6
449.55	3095.8
1626	1543.2
376.85	2812.5
1249.8	2994
1807.3	2513.9
1651.1	2431.2
1357.6	2022.3
1230.4	1541.9
1350.2	2411
1011.8	2334.3
1019.4	2330.3
1696.4	1791.3
1357.9	2023.1
1329.5	2276.6
641.03	2494.6
1588.6	2491.9
589.17	2147.3
1739.8	1910.3
369.49	2232
3198.8	2483.3
3198.2	2483.2
1739.6	1911.3
2174.5	2192.3
369.73	2231.7
589.41	2077.9
1070.3	2378.6
689.44	2145.4
1736.2	2044.1
1768.9	1941.2
1036.3	1782.8
679.61	2286.3
1621.8	1547
1666.8	1716.3
686.13	2622.9
221.04	2054.9
117.24	3422.8
2170.5	2167.4
221.93	2055.2
408.18	2021.5
688.83	2145.6
4134.8	1435.8
698.93	744.46
1342.1	2236.5
1341.1	2266.7
1533.5	2463.4
2212	2460.5
2203.3	2096.3
2060.9	2408.3
696.75	2004.9
1613.6	1810
1327.4	1659.3
2012.1	2441.7
4133.8	1435.6
1611.4	1828.1
2433.8	2315.2
2166.1	2196.6
1834.1	2212.4
1768.9	1941.1
846.29	1661.7
1382.3	1964.7
897.7	2221.5
1674.7	2727
1610.9	1570.6
1616.1	2452.4
1220.4	2516.1
1034.9	1782.1
1492.1	2497.4
957.85	1746.9
4000.7	2672.3
2162.9	2196
1834.1	2212.1
1759.5	1913.6
710.79	2485.6
1054.6	2564.8
655.07	155.91
2189.4	2116.1
1600.5	1759.4
1355.7	2370
711.47	2433.2
640.21	2550.1
668.7	2180.2
1743.3	2044.1
2186.8	2130.2
1069	1875.8
664.79	2387
958.27	1746.8
1083.6	1437.6
669.68	2179.4
976.14	1818.7
1621.4	1859.4
1117.9	1843.4
2384.5	2341.1
2582.7	2377.1
2153.2	2230.4
2201.4	2460.5
1117.2	1842
1777.3	2115.2
1825.8	2173.3
1600.7	1760.4
1264.4	1954.4
590.38	138.61
1081.3	1581.9
1519.7	2436.6
1600.9	1760.7
1747.7	2043.3
256.83	2360.9
719.01	2767.2
993.42	1490.5
799.92	215.36
1080.9	1581.8
354.64	2289.6
2060.2	2441.6
3330.5	532.03
2120.3	2306.1
1998.3	2476.2
1349.4	2043.6
1080.5	2388.6
1973.1	2448.1
1345.7	2189.4
1539	2452.2
1069	1875.6
1583.7	2276.8
1849.2	2337.7
1794.4	2121.6
3630.1	2125.5
1051.3	1811.3
1164	1896
1982.4	2430.3
1962.3	2429.5
1700.8	1996
1613.8	2288.4
1565.5	1974
2122.2	2304.6
484.93	916.27
2375.7	2356.3
638.47	1093.9
276.56	1214.4
2883.8	1101
2446	2109.4
885.51	1634.3
1559	2212.4
1709.9	2288.4
666.1	2441.3
2282.1	2229.7
436.05	2021.5
2040.9	2432.1
1376	1930.9
1535.1	2521
1207.1	1711.9
649.85	2276.3
2206	2103
1701	1995.5
1841.1	2221.5
3951.4	2698.6
1397.2	1963
3629.2	2124.8
1621.6	2271.7
1482.2	1935.4
1470.3	1939.8
1636.6	1896.7
1609.3	2294.5
255.03	2433.3
1691.7	1794.5
1983.5	2405.7
1747.6	2101.6
494.76	890.28
637.8	1112
1518.3	2526.7
3875.1	2060.8
260.07	2288
4131.2	1159.1
1724.4	1858.1
676.74	1996.4
1344.7	2189.8
1655.3	2155.2
637.27	1108.8
2209.1	2105.1
1679.6	2184
930.57	2315.7
2150.6	2499.5
1632.9	2068.9
1440.7	2149.8
1669	1754.2
1904.6	2310.5
1834.7	2193.3
886.68	1399.1
925.19	2367.8
1570.5	1935.4
1086.4	2479.4
1086.5	2477.3
1803.8	2435.2
1716.7	2174.9
1565.6	1935.3
1748.9	2434.4
267.93	549.28
1936.5	2474.8
1993.2	2464.2
2001.6	2441
3877.7	2058.9
1304.3	2509.1
577.84	1477.8
1529.2	2298.1
1589	2270.7
1220.3	2211.7
3644.8	1084
1744.2	1896.4
1516.4	2511.4
3636.3	2133.1
1419.3	1627.4
2253.4	2081.7
2003	2406.2
4145.7	1539
2206	2086
709.23	2399.3
1769.3	2101.3
1346.6	2300.4
1340.6	2334.4
1074.8	1583.4
1362.2	2844.3
2127.7	2292
280.48	515.24
2021.6	2476.7
302.65	2012.2
1568.3	1935
803.8	1562
2375.4	2359
4000.8	2536.7
1364.5	2136.8
1219.6	1880.7
2883.3	1098.8
1514.9	2492.8
1188.5	1895.2
1524.1	2429.9
1764.5	2101.5
718.14	2492.8
1607.6	1577.7
2205.7	2083.7
151.92	749.36
251.71	2496.4
1963.2	2405.2
2229.2	2073
3637.7	2131.8
1362.6	2843.7
1608.8	1589
1764.5	2136.3
781.62	1261.4
1754.2	1932.9
1651.1	2346.8
1649.8	1896.3
302.2	2012.9
2883.7	1100.4
1359.3	2252.1
1273.3	1984.4
653.67	1097.5
1584.2	2517.7
2019.9	2058.4
1039.9	2422.9
1657.6	1727.5
718.22	2493
1930.7	2462.7
1523.2	2220.5
1903.6	2356.6
1342.8	2330.9
3658.7	522.08
1915.3	2559.1
2027.9	2469
613.81	2146.2
2368.4	2337.7
2206	2084.4
901.35	1392.1
2590.2	2367.9
1060.5	2613
1586.7	1657.2
1662.5	1725.6
853.95	1695.4
3007.3	3205.7
1037.5	2426.4
614.45	2146.3
3079.1	1005
4132.9	60.439
1358.1	2252.4
3807.4	1399.8
1688.8	2194.8
807.44	1571.5
426.44	2099.1
1777.8	2151
1549.3	2172.9
1904.3	2314.8
1549.6	2172.3
929.45	2527.6
1756.9	2418.2
1607	1583.1
1650.6	1896.2
1440.2	2148.3
1764.3	2135.9
503.96	897.72
2331.6	2452.2
1594.6	1601.7
383.98	2032.9
1553.3	2453.1
1561.6	1757.9
1843.2	2221.4
1638.3	2231.4
1354.3	2526
1749.7	2437.2
999.48	1766.2
3807.6	1399.9
145.43	755.7
1736.1	2062.3
1531.2	2159.3
1587.9	1795.4
940.36	2056.8
1533.1	2488.9
1608.7	1589.3
1718.2	1859.7
1000.3	1767.1
3659.4	518.3
1672.6	1956.5
723.89	1599.8
1677	2357.1
1584.2	1733.5
1607	1580.3
1328.9	2540.9
323.47	3104.3
1536.5	2161.5
1536.7	2161.3
1650.3	2273.8
1539.9	2123.8
1718.9	2155.9
1533	2214.9
1753.6	2063.1
1774.8	2141.7
1533.6	1967.6
1255.6	2206.8
1605	2417.7
1214.8	1599.1
2023.9	1569.9
2100.4	2247.9
1660.5	1739.7
1934.2	2371.2
761.85	2183.6
2461	2443.3
2037.3	1560.5
1863.4	2512.7
2114.4	2381.7
1260.7	2295.5
439.68	2241.5
1638.4	2443.4
2084	2372.5
2113	2439.8
1844.7	2221.4
2114.5	2382.7
569.2	1477.9
1560.7	1758.5
1858	2610.2
893.81	1685.2
1981.8	2441.6
886.38	2212.2
1992.4	2352.8
1544.1	2029
1757.9	2059.8
1555.5	2045.9
1442	1923
1302.1	1547.2
3193.2	2153.3
1391.7	1506.2
3007.1	3205.8
3461.4	3183.5
385.7	1323.6
1991.1	2351.4
1744.5	2380.2
447.31	2830.4
1783.6	2567.6
1722.5	1916.2
2026.9	2053.7
426.46	2098.6
2288.9	2285.6
362.35	2301.3
1576.3	1743.4
1674.9	1757.1
1264	1765.2
4435.5	2060.4
1562.9	1952.2
529.56	2111.7
1688.7	1802.3
2095.2	2308.1
2458.1	2115.3
1610.5	2475.1
2163.8	2252.4
716.74	2802
634.37	2557.5
937.21	1782.3
1925.6	2310.7
438.57	2242.6
808.43	1573.8
1684	1954.3
1462.5	3034.5
1231.7	1907.3
1559.7	2164.7
1430.7	1945.1
1720.8	2082.8
1749.4	2437.6
4177	2542.7
543.21	2120.9
1930.1	2460.2
469.88	2492.6
2798.6	2155.9
1684.7	1972.2
2024.9	1552
440.5	2241
2003.3	2461.2
1566.7	1983.5
2480.1	2377.1
123.98	2271.8
1332.1	2058.5
1567.5	1982.2
4440.9	2794.9
2090.5	2302.3
1087.9	1587.7
790.56	1262.7
2207.3	2453.2
4205.8	1193.6
1930.4	2427.7
908.76	2632.9
2955.1	2870.2
1566.9	1778.7
1699.1	2145
4200	2752.7
1734.4	1929.8
1737	2149.5
1721.1	2109.3
197.57	2039.5
1947.2	2479.1
1561.3	1990.2
1934.5	2371.1
845.3	2037.2
1561.2	2210.4
1638.7	1914.9
1585.1	2206.4
1375.9	1969.5
1683.5	1954.7
1785.5	2112.2
786.41	1553
1773.5	2139.2
1082.3	2256.1
1417	1921.7
619.6	83.72
1234.5	2196
1624.7	2259.7
1886	2455.3
2454	2456.4
1561.1	2233.8
4435.5	2061.2
1447.1	1946.2
1001.1	1960.5
1338.4	2198.9
2202.6	2693.9
707.93	328.04
1744.2	2052.8
1604.4	1604.1
123.17	2271.5
1529.1	2124.6
1564	1777.9
442.37	2366.5
1728.6	2148.9
1588.2	1795.7
1282.5	1955.5
2068.7	2361
636.64	2284.9
635.54	2284.9
3326.1	1702.7
1949	2592.1
1595.9	1577.5
590.42	1433.5
1680.8	1806.2
1733.5	2149.6
2459.8	2451.7
1546.6	2133.5
636.56	2285.3
410.46	85.032
1756.1	1903.7
1550.7	1960.7
4178.2	2569
1554.9	2045.4
1230.4	2200.2
1576.7	1802.8
4330.3	1138.5
1648.6	2287.1
761.61	2183.7
1663.5	1722.5
1673.7	1727.4
1828.4	2644
2455.6	2454.9
1573.4	1811.7
876.44	3419.2
1350.7	1540.2
1559.7	2048.8
342.21	197.59
1306.7	1802.8
4797	2023.3
4013.8	79.388
1554.3	1888.3
1511.9	2395.7
3325.9	1702
447.02	2300.7
1888.6	2282
1974.4	2407.6
539.2	2106
1341.8	1487.9
2202.7	2472.9
1992.4	2440.8
4214	3486.3
3029.5	1376
643.06	2313
430.68	62.908
3311.4	1794.7
3796.5	3236.5
3647	1294.5
376.07	1318.6
2355.2	2363.9
1949.6	2591.4
1706.9	2174.1
1539.9	2435.4
1231.8	1969.5
1096.2	2254.4
1345.6	2454.5
1687.9	2576.5
1388.2	1857.5
1660.1	1998.1
1479.1	1603
1622.9	2436.9
1080.9	1586.7
1450	1863.2
1392.6	1738.6
1659.1	2726.2
729.94	1565.7
2286.6	2271.8
2124.9	2422.5
2266.2	2338.4
1976.5	2358.9
1513.1	2396.7
2479.6	2403.1
303.21	2843.5
3213.1	1605.5
1555.8	1555.8
1339.8	1475
1165.6	2237.1
3447.3	1634.6
1049.2	1568.6
1607.5	2475.6
1599.6	2465.8
1840.9	2251.2
1923.7	2434.1
527.15	2485.8
1481.2	2049
1210.1	1872
1068.1	2238.1
1730	2047.9
788.31	1673.7
1815.5	2641.9
1937.1	2418.1
1174.4	2176.7
1705.1	1880.2
1678.6	1734.7
2030.2	2445.2
1169.5	2242.6
1817.4	2640.7
112.5	2983.5
1537.8	2275.1
1530.1	1665.5
635.82	2311.9
2882.1	1080.6
3038.3	924.09
1612.8	1619.3
1684.8	2218.1
4033.1	2122.4
1583.5	1538.2
1526.8	2123.5
1740.1	2018.2
1543.9	1915.6
1703.8	1827.1
1540.8	1899.6
2355.7	2361.7
281.35	1270
589.86	592.97
906.53	1760
1846	2353.4
1591.6	2396.5
321.29	2488.9
446.95	2302.6
2130.2	2417
1258.8	1345.3
1815.5	2641.5
2357.4	2360.4
908.05	1760.8
1589	2206.9
4218.6	2093.7
3267.1	744.38
1408.4	1822.6
2841.3	1834.4
894.06	1392.1
1552	1867.2
1516.8	2331.6
1506.6	1948.4
1524.6	2297.4
997.65	2692.2
4205.2	3109.6
1716.8	2047
1551.3	1888.5
1866.3	2670.9
1978.6	2605.4
997.2	2694.9
1530.3	1667.1
1048.5	954.98
1727.9	2217.9
438.8	2556.3
1505.3	1832.9
1458.4	2195.3
1559.9	2197.7
3105.9	1304.2
3188.8	1368.8
1519.9	2299.5
2715.4	1300.8
1733	1959.8
216.48	2424.5
1535.3	2434.8
447.05	26.561
2234.8	2067.1
333.01	2486.8
1936.4	2467
218.74	2349.8
4180.1	2568.7
2024.4	1551.9
1274.2	1944.2
2286.9	2276.9
1482.2	2075.6
1114.7	2258.4
1571	2278.9
1632.2	1897.2
2888.1	1248
1598.8	1609.5
1730.8	2568.3
1243	1900.6
2030.6	2445.3
1539.6	2221.8
3211.4	1754.3
3222.8	1756.3
1481.3	1741
3514.6	938.95
1656.1	2122.9
1559.8	1559.6
1866.7	2670.5
1531.1	2061.1
3756.8	1060.1
1040.1	1259.6
2074.1	2376.8
2885.6	1055.6
1699.6	1819.8
1758.9	2134.3
235.97	2246.8
1553.3	1845
1290.5	2020.2
2499	2086.9
1674.6	1756.5
1219.1	2057.9
1536.8	2218.1
1309.4	2109.2
1228.8	1523.3
2261.3	2197.5
1978.1	2601.5
1571.6	1834
894.85	2478.9
616.69	2797.1
1569.6	2055.6
1743.8	1961.4
1690.2	2347.9
663.32	2038.7
3322.3	842.01
2210.9	2242.2
3341.2	522.54
1776	2084.7
180.09	1319.6
558.72	665.93
678.89	2298.8
3222.6	1754.3
1680.2	1735.3
1039.8	889.4
1642.3	2433.6
1704	1807.6
1020.4	1228.2
955.36	899.95
256.9	2507.5
1601.8	1590.5
1640.5	2180.8
2269.6	2255.6
2192.7	2355.5
1278.7	2406.3
1215.4	2257.5
517.97	2214.6
1472.4	1734.4
652.32	2192.7
1761.1	2569.8
1543.6	1560.3
2913.9	1165.4
2459.2	2452.3
1627.1	1843.5
1507.5	1832.1
3432.2	1736.1
620.79	106.94
1358.8	2289
825.56	919.42
1567.3	2120.4
2190.3	2370.3
970.25	2566.1
386.4	2810.2
543.68	2121.4
2885.8	1055.8
2133.6	2309.2
1513.6	2488.1
1462.2	1765
1101.4	1347.3
631.06	2302.3
3783.6	95.95
1100.7	1345.3
1576	1718
225.28	2217.5
421.58	2781.3
1507.4	1832.8
226.3	2221.2
1224.3	2239.8
561.67	517.44
1929.6	2455.7
1668.2	1956.4
1681.6	2096.2
1647.1	1687.1
99.546	2485.8
1228	3439.9
970	1739.9
1273.1	1524.8
1697	2044.3
772.25	2435.8
1625	2194.8
1027.2	2432.2
3046.6	905
219.64	2347.4
1554.7	1989.7
1366.1	2068.4
2073.5	2578.8
1766.6	2442
3222.3	1753.1
576.87	2128.8
1117.2	2132.6
1497.6	1740.1
1193.9	1712
1610.8	1859.5
215.08	2497
790.57	215.2
1697.2	2044.2
2080.3	2407.5
637.44	3061.6
4184.3	2567.2
3384.6	1037.3
1731.9	2076.3
1688.3	2046.1
631.58	2303.4
3013.7	2074.9
598.36	1012.6
1341.8	1987.4
517.84	845.45
1132.1	1107.3
1537.3	2374
1296.9	1952.5
260.75	1936.8
928.19	1088.9
3331.6	1435.2
1500.7	1897.1
3538.6	1880.3
1921.1	1548.7
1375.4	1991.4
1574.4	1551
2210.5	2239.6
1515.3	1741.2
707.09	2895.9
2453.7	2463.2
1715.9	1871.8
1271.3	2312
1357.6	2301.3
388.68	2809.6
1170.8	2245
1521.3	2498.3
1283.2	1387.3
2389.2	2022.2
4052.2	2761.2
1005	2245.3
1502	1897.8
1502.8	2470.6
3432.4	1736
474.63	1914.6
1251.1	1552.2
2599.7	2013.2
2040.6	2445.3
1116.2	2259.2
1513.9	2330.9
1979.6	1530.5
1197.9	1939.7
1761	2566.7
1499.4	1740.9
700.85	1964.1
1937	2459.6
3012.9	1598.4
3885.5	2875.8
1503.1	1898.7
3197.2	2543.9
3632.1	1387.9
2780.1	1887.8
1840.6	2347.8
1548.4	2101.2
238.01	3083.4
1961.4	2370.7
1038.7	1259.9
1224.3	1704.4
1642.2	1922.1
1243.8	1898.5
3042.1	905.16
1562	1715
1554.2	2038.4
3396	1632.9
1292.2	1957.3
2858.1	1955.2
389.97	2808.7
1612.4	2426.9
1598.5	1804.1
2263.4	2117.1
1950	1527.7
1069.9	1160.3
2445.8	2457.2
1209.3	2260.9
220.34	2346.2
1840	2255.1
1925.2	2322.1
1536.1	2346.5
1469.3	2197.3
898.18	2390.3
765.38	2161.4
2941.5	1052.8
800.21	120.84
261.13	2767.4
1740.1	2178.7
214.05	2499.1
1303	2000.7
1481.8	1929
1785	2165.2
921.93	895.7
1472.9	1731.7
2259.9	2117
1743.1	1979.4
1541.9	1949.5
1249.3	1895.5
1585.3	1630.7
4817.1	3412.1
2586.7	1946.6
599.84	2395.9
791.97	1612.4
1031	2259.7
1409.2	1597.4
1040.9	890.71
2265.5	2218.6
218.36	2420.9
2785	1578.8
1921	2437.8
1481.8	1930.5
2443.7	2060.3
1096.8	1109.9
1745.6	2309.1
1061.3	1808.4
600.05	2395.8
3968.6	855.68
2094.1	2368
493.13	898.95
923.41	1641.9
4389	2917.8
1801.8	2225.3
4007.9	2835.9
2677.5	2634.2
1246.7	1896
2098.9	2472.3
840.94	2447.8
1568.3	1945.7
1207.5	2261
962.94	2095.2
1899.2	2282.7
1919.2	2432.9
1340	1978.2
3118	2478.7
1600.8	1614.5
700.53	1978
1253.1	1550.8
216.22	2440.2
861.58	1656
3026.1	1026.6
1596.4	1785.2
3372.1	1501.3
2548.6	2012.8
1168.9	1872.3
2285.7	2216.4
1459.6	1931.5
1583.1	1840.3
1533	1642.8
1514.1	2362.8
988.97	2868.7
707.79	715.09
4009.6	2835.2
1169.3	2726.2
1250.9	1548.2
1743.4	1961.5
2580.1	2013.8
2503.3	2010.9
3222.2	858.48
3080.2	2199.8
261.98	1821.6
4063.3	1561.9
1375.7	1991.5
2127.2	2488.4
894.13	2523
2250.1	2099.4
1730.1	2048.7
895.54	2436.2
2941.9	1053.4
4803.2	937.44
444.53	2383.3
261.16	2506
3158.8	1594.9
2455.1	2337.4
1202.7	2265.6
899.06	2363.2
2120.2	2448.5
654.53	1102.7
1374.5	1991.9
1254.7	2629.7
3217.9	1621.4
1959.8	2369.3
3152.6	924.05
2934.8	2156.8
1592.4	1649.4
1512.9	2535.3
1580.2	1628
2181.8	2338
1621.9	2320.3
3875.4	268.14
1137.1	3351.1
1414.4	1833.5
440.23	2443.5
774.59	1626.6
826.48	924.38
3964.9	2342.5
1728.7	2131.2
2360.4	2237.9
4432.9	2536.8
2726.1	1292
763.2	1218.8
1252.3	1551.1
771.29	2483.8
1995.4	2421
2815.7	2016.1
773.92	1625.8
3538.9	2709.7
1427.7	2186.6
217.19	2443.1
2150.4	2489.9
3879.1	1435.7
1754.8	2145.7
1688.5	1882.5
2586.1	1948.6
1264.2	2992.7
1586.8	2405.7
3490	907.21
1722.7	1846.1
1379.6	2028.3
1494.5	1520.5
846.36	1346.7
1658.7	1841.8
3180.1	1654.1
3152.4	924.32
1943.7	2414.6
1705.5	1880.9
441.33	2488.5
1581.9	2008.1
1226.3	3445.1
508.07	868.23
2288	2217.9
1205.8	1962.2
1637.2	2261.2
782.53	357.44
1507.9	1737.6
2841.4	1956.6
1506.2	1854.3
3638.7	3175
1658.1	1717.8
2839.1	2402.7
1680.5	1843
1512.8	2486.2
2985.3	1307.3
856.35	2198.8
2287.9	2257.9
665.9	1047
2812.1	1981.5
1500.6	1515.5
3392.1	1642.6
1668.8	2018
1599.8	1637.2
3994.4	2818.8
2711.8	2702.9
2052.6	2418.8
2155.1	2251.9
4181.6	2521.2
1467.3	1522.3
3964.6	2341.5
2517.8	2377.1
1142.6	3274.7
3014.6	2351.5
1912.4	2307.9
1734.3	2184.8
1619.8	1656.7
1676.8	1743
1916.6	2353.5
1248.9	1894.4
1021.9	1232.2
3099.4	854.74
1026.8	2446.3
1580.8	2688.1
3578	1458.9
3781	2584.3
499.64	1264.8
1652.6	1837.3
1512.8	2485
1571.5	1630.6
1270.7	2989.2
1229.6	3379.5
1915.8	2352.5
119.05	3080
1033.1	1758.4
1447.1	2142.9
2265	2346.8
3037.7	1807
1867.6	2462.6
2151.2	2272.6
1577.9	1721.7
1559.9	1917.3
631.68	2323.9
3056.9	1046.7
1919.2	2437.8
1932.8	2433.5
1607.1	1878.5
398.63	2148.7
3891.9	1428.4
1675	1821.9
1650.9	1836.7
1345.3	2487.5
2856.6	1993.6
1099.9	2747
2261.9	2100.1
480.06	2102.5
3443.1	2699.2
1529.9	2513.5
632.53	2322
1570.8	2173.6
2893.8	1378.9
2265.7	2340.8
1347.3	2195.5
4741.8	2126
1594.2	1664.3
669.18	1045.3
2893.7	2059.6
485.66	2063.2
108.93	3073
1537.8	2305.5
1262.3	2993.3
2095.5	2469.2
1581.1	1838.8
1951.9	2444.8
942.29	2200.8
439.98	2712.9
1536.4	2338.9
101.37	153.93
1525.7	2533.8
1503.5	2473.4
426.37	2078.2
3629.7	1611
3072.4	1918.1
1874.7	2412
253.63	2350.2
3502.6	1625.7
2262	2182.4
488.87	2253.7
458.32	2482.4
2152.4	2272.2
4433.5	2536.8
1716.3	1915.6
1137.7	1864.7
1512.7	2461.9
1784	2129.5
1593.7	1693.4
1319.3	2788.9
488.27	2253.2
4010.4	87.611
3577.9	1459.2
1804.1	2126.5
1913	2311.1
3536.8	913.91
742	111.63
1207	1382.6
1169.8	2215.4
4113.8	2553.9
552.85	391.53
2244.2	2103.5
100.97	158.23
250.8	2421.8
1014.5	2543.9
4052.4	1266.1
835.19	1295.1
771.04	2533.3
2932.7	1393.2
1274.1	1932.4
3630.8	250.71
2815.2	1269.4
3300.9	1334.6
2104.7	2440.2
1321.3	2447.2
1525.5	2532.3
1518.6	1654.8
238.45	1963.8
218.33	2366
1931.4	2448.1
470.83	2363.6
1738	2435.6
1758.5	2433.4
1519.3	1654.3
474.33	2302.2
1525.5	1698.1
1479.8	2105.8
3676.7	391.79
1109.7	1539.4
632.11	2219.3
1635.2	2288.2
2835	2532
4528.1	2423.4
1938.4	2351
2510.3	2075.1
768.78	583.87
1462.5	1511.8
3010.9	1198.2
2506.3	2368.1
4443.5	2525.1
252.7	2349.7
1622.9	2708.2
2161.3	2289.3
3109.6	1196.4
4739.9	1064.8
1491.4	1930.1
400.35	2165.9
4314.8	2597.6
2495.2	2030.4
4442.6	2522.5
1482.9	2107
1256.8	1894.2
672.87	1044.5
4441	2519.6
1822.3	2192.6
2504.3	2045.3
1930.4	2358.4
3403.1	1397
954.96	2257.4
774.52	2430.2
1929.8	2599.4
854.48	1325.5
4515.1	2524.7
1252.5	1571.7
1991.2	2452.8
477.2	2260.8
257.04	2277.1
4442.6	2524.1
4115.4	2535.9
3538.6	2474.2
1714.4	1917.5
2127.2	2281.8
3459.2	775.85
4314.7	2597.6
2505.2	2040.6
1510.1	2300.3
978.75	2207.8
1922.5	1559.6
894.34	2490.8
566.04	339.35
1482.9	1518.4
2859.4	1283.3
2811.3	2043.4
403.23	2069.5
2261.4	2218.7
1223.8	1699.5
249.22	2443.2
2838.1	1578.2
1596	1672
2492.8	2073.4
4060	96.446
2339.5	2192.7
473.05	2302
3462.9	504.21
2345.9	2355.2
1754.1	2158.9
1390.3	1839.6
4183.3	2483
3763.5	2529.2
2726.3	2837.4
2458.8	2076.4
722.28	1809
1724.9	1845.5
220.43	2290.3
1519	1654.9
1297.4	1481.1
3941.7	529.34
733.77	1800.9
3875.1	3233.3
387.3	1158.3
1154.2	1846.7
4184.4	2515.6
1358.4	1510.3
4689	306.2
1662.4	1893.6
4774.4	1835.9
1555.7	1502.5
2811.5	1690.3
1977.9	2372.6
1501.9	2375.8
1250	1543.9
2945.6	1035.3
2318.3	2182.7
1028.5	1442.6
1650	1926.6
2199.6	2112.2
4513.6	2929.7
2261.8	2189.7
1364.1	2064.3
1518.2	2298.2
1585.2	1545.4
887.1	2743.8
369.49	2772.9
2997.2	1424.1
4182.5	2482.4
2784.2	1645.7
841.17	2434.5
838.65	2476.2
2192.2	2289.7
1471.3	1836.3
953.04	1462.6
752.88	3465.2
625.71	2487.9
4580.5	2358
1607.4	2239.7
2259.3	2223.3
1450.6	2396
2889.3	1630.6
1512	2207.2
2355.8	2372.1
3963.3	2442.2
1172.6	3321.1
249.36	2444.5
1723.6	2092.4
1596.2	1888.1
2104.5	2460.6
2011.9	1570
435.83	2108.1
378.19	1149.1
1509.9	2254.5
1223.7	3451.2
3463	703.64
3260.2	746.91
222.08	3448
3707.9	3215.1
1469.2	2048
625.42	343.4
2945.6	2190.5
2296.4	2236.7
1525.9	2403.1
2264.5	2347.5
3719.9	2035.7
3131.4	1874.6
1026.2	2526.6
1469.5	1929.3
1510.9	2254.4
2853.2	1406.3
440.15	2507.8
452.73	2476.2
3134.1	957.59
3751.1	1980.7
2123.1	2367.8
785.01	1466.6
4031.3	2022.5
3446.7	1719
2935.8	2197.6
1240.1	1312.2
554.7	395.01
775.7	2430
1369.9	2039.4
1454.3	2330
4537	2423.3
2053.2	2477.1
3763.2	1488.3
1450.3	2395.7
3551	715.64
2789.4	2203.6
2771.4	1685.2
549.62	2119
1215.8	1265.9
178.82	2007.5
621	2155.2
2735.1	1298.7
2857.3	1212.3
635.32	2318.3
2295.8	2251.2
772.17	2447
2841.7	1407
2495	2031.4
1525.1	1883.4
1130.1	1246.7
1239.7	1795.4
1469.9	2047.2
654.54	2526.2
954.32	2258.7
1318.1	2324.8
1570.3	1656.9
909.83	969.13
1738.2	2113.7
1535.4	1991.7
1028.5	2491.2
1535.7	1878.9
1482.3	2284.6
4828	60.448
1684.6	2612.9
1256.2	2295
2167	794.86
2512.6	2389.2
2977.5	1380.5
632.23	2338
1507.8	2612.7
1016.3	2546.7
469.82	2385.6
345.3	2636.8
250.07	2373.4
1580.9	2685.4
2011	2421.6
251.22	2371.9
1466.9	1607.2
2153	2272.1
1593.7	1695.6
1531	2513.4
1562.9	1858.7
3324.3	529.95
2904	1173.8
251.19	2371
1052.2	2126
2816.9	2125
2296.4	2253.1
2297.2	2237.5
2442.1	2148
1727.6	2119.6
2002.7	2426
1228.4	1694.8
750.2	3464.6
193.5	2381.5
1918.9	2401.1
2182.4	2107.9
1145	1270.4
955.49	2245.3
2753.5	2229.9
469.23	2384.5
1425	3273
1528.4	1833
3914.3	536.64
1526.8	2386.3
2898.1	1038.5
3432.9	1393.7
4686.3	2703.9
3796	2817.9
3401.3	484.77
1029.4	2971.8
1587.3	1745.3
1660.9	2725.5
1337.3	1406.2
1466.4	2188.3
4032.9	2020.4
2129.6	1043.3
1561.1	2344.9
2770	2040.2
2156.3	881.94
3460.8	626.55
1242.3	2277.7
3451.1	709.44
4409.3	1207.6
2919.2	1973.1
1557.5	2234.3
3025.9	1588.8
1308.2	2017.5
1447.7	2145.2
1439.7	1593.5
1981.7	2371.7
1027.8	2504.3
1553.3	2117.4
1587.7	2129.4
2438.1	2827.2
1156.8	2337.4
1625.4	1556
1977.5	2394.3
1713.8	1805.3
3280	1325.3
1534.1	2303.8
1014.2	2783.8
2476.2	2460.1
2996.2	2137.1
1005.9	1466.1
1331.4	2665
2743.7	2189
1505.6	1776.3
1224.8	1553
971.08	1922.7
1454.4	2078.1
1228.4	1696.2
1551.5	2070.4
1277.6	2293.6
1690.1	2144
107.85	104.2
863.71	1599.9
1597.6	1514.9
1538.2	1992.2
1494.9	1843.6
2626.5	2091.3
887.34	3013.8
3131.2	1874.3
1975.7	2376.8
964.13	2209.1
484.26	1642
1000.7	2489.1
3551.9	2543.4
1545.2	2050
90.622	1034.7
1716.5	1804.3
1053.2	1536.9
2795.7	1620.7
893.8	2534.8
4524.3	2552.7
3018.8	1011.2
4687.3	2703
3667.4	2794.6
956.07	2461.4
2096.3	2422.1
1563.4	2234.6
3076.1	2336.8
810.02	1731.1
3542.2	3201
1298.1	1482.5
440.21	2570
472.44	2323.7
2789.4	1693.5
1492.5	2266.6
1039.2	1752
1000.9	2490.4
839.4	2431.2
3556.2	491.53
2444.6	2459.5
1722.4	2023.3
2099	2478.6
2791.7	1597.5
3350.5	741.53
1424.8	3273.8
2480.7	2333.5
1519.9	2239.6
2750.7	2216
4085.9	1584.4
4745.4	2673.3
1878.9	2452.6
839.95	1680.2
2834.1	1633.4
873.07	1350.3
1883.1	2465.1
2357	2277.4
879.79	2230.9
2843.4	1421.1
1436.2	1872
4757.9	2063.6
4081.3	488.38
1300.1	1518.3
2330.4	2117.7
1571.5	1762.7
633.14	2340.2
3567.2	3193.4
1044.9	2311.5
3690.3	1524.7
346.36	3131.7
1492.4	1865.5
1598.2	2899.4
254.73	2299.4
1029.1	2267.7
1466.7	2191.2
1455.1	2078.2
2238.5	2174.9
1338.6	1848.9
1511.6	2268.6
3120.2	1503.4
936.75	2234.1
2355.2	2372.1
778.17	238.89
2108	2396.9
2498	2453
3320.8	2733.9
859.09	2289.8
890.92	2197.1
1201.1	1840.3
3947.9	1409.1
2966.7	1142.7
2744.9	3003.7
771.02	2357.4
954.13	2246.7
1560.2	1902.8
134.7	109.57
3703.3	2062.2
772.04	2530.4
371.55	2589.1
2231	460.04
421.83	2921.2
1990.5	2457
1067.6	1766.7
296.61	496.71
932.67	2885.5
2742.1	2292.6
4828.3	61.142
911.16	1854.8
4228.5	1266.9
2240.3	2173.3
1577.5	1692.2
904.86	1365.3
1491.6	2267.3
2253.4	2554.6
3905.1	2862.2
193.58	2302.6
2762.8	2382.3
773.39	2478
1695.3	1846.8
1569.7	1740
498.12	2080
1490.2	1886.9
2096.7	2421.9
3216.9	723.71
1538.2	1516.4
2215.5	2038.3
1189.4	2419.3
487.29	261.05
2269.1	2283.1
1740.8	2086.3
1894.5	2299.9
1434.7	2192.7
1486.8	1908.8
107.25	102.42
2814	1367.5
4370	684.15
1037.6	793.27
2298.5	2245
1687.7	1993.7
1911.9	2385.2
1599.3	1526.8
1238.4	1933.5
3465.7	421.27
905.39	1862.4
2050.5	2442.5
254.24	2297.5
546.99	2001
3373.3	2131.8
748.06	1492.6
1547.7	2146.2
3351.3	816.12
1047.6	2145.1
956.23	1454.5
3876.7	247.06
1143.5	2350
233.96	2313.4
3013.8	1115.5
1697.3	2023.7
1759.2	1962.1
3591	801.01
4443.2	2478.4
472.42	2087.7
1609	1688.1
2450.8	2333.5
997.92	1749.9
1547.8	2148.5
1759.2	1964.1
3450	1659.1
1196.4	1470.4
2829.9	1653.7
3375.8	2010
3357.8	769.72
1918	2400.8
1686.7	1736.5
2747.1	3004.7
1458.2	2297.7
3146.6	791.8
4242.7	295.61
954.01	2263.2
610.73	2125.3
480.46	3081.9
1746.7	2134.7
2867.8	1279.4
1728.4	2054.8
1301.1	1518.3
1319.3	2181.7
1125.7	1636.3
1494.5	1957.2
1472.3	2290.2
440.06	2092
3143.5	1461
1520.3	2266
2984.3	2237.6
991.1	2178.7
3343.7	1023.5
2357.6	2165.8
1495.5	1843
4083.8	415.9
643.39	2325.1
2206.5	2251.5
4441.1	2480
2172	2258
1534.6	1742.1
1282.5	2298
1531	2406.3
3591.6	801.41
2967.5	1171.1
778.01	1607.5
2853.9	2156
1458.2	2297.8
3895.9	3257.5
1523.2	1810.1
2805.6	1276.6
1135.3	1883.9
3276.3	953.07
1471.7	1499.8
782.27	1479.8
3406	749.5
1756	2594.2
2498.3	2391.1
3175.9	739.89
828.32	114.58
1806.7	2125.8
1783.2	2135
2213.1	2298.8
866.25	2181
560.51	3143.2
1167.9	1629.3
1043.6	1556.6
2161.7	866.84
2135.4	2450.1
1534.5	1741.5
1340.8	2704.5
1643.8	2165.6
4793.1	824.47
687.2	2888
216.2	2515.3
1530.1	2386.1
1177.4	2802.7
777.62	241.17
526.01	3065.5
2224.3	2265.7
772.33	2498.4
732.56	1490.3
3063.7	1274.4
2967.5	1170.9
4085.3	485.26
1618.4	2253.1
933.72	2198.9
2175.8	728.06
641.29	2379.6
4084.7	485.37
1854	2289.5
1920.5	2320.4
1556.4	1696.7
2497.5	2391.4
2713.2	2359.6
2780.6	2283.5
3214.1	725.23
3252.7	1317.1
1827.3	2279.9
2742	2292.7
4137	3399.1
255.31	2295
2250.8	402
2830.6	2264.8
1275.4	2293.4
552.07	3072.9
2263.8	2107.1
1474.5	2423
2960.7	2485.5
1195.9	1466.3
1757.8	1958.5
1586	1514.2
321.25	836.17
1421.2	1747.8
1174.1	1104.1
1196.5	1471.8
2012.2	1572.2
2799.3	1625.9
2201.1	585.75
1618.7	2271.8
1218.4	2652.4
1605.8	1715.4
855.5	2286.7
2456.9	2059.5
1526.4	2403.3
2951.7	2538.7
1925.7	2418.2
1764.3	1963.8
3060.4	1046.3
3785.3	75.721
3575.8	468.94
2723.3	2299.1
1264.3	1355.7
700.48	1980.9
3920.8	524.99
1604	1529
4500	2638.3
3704.9	2068.9
519.36	2099.1
2180.2	729.3
195.09	2240.9
1496.9	2128.3
1474	2423.3
2817.4	1615.7
1037.7	794.28
875.68	2176.9
1530.5	1738
3584.6	896.99
3575.3	468.42
2681.6	3023.8
2160.6	2307.1
1528.8	2402.6
3579.7	1196
946.54	2196
2474.8	2457
1043.9	1557.3
1299.4	1406.8
774.46	2476.5
2166.1	772.96
1174.8	2802
3370.5	2134.7
1057.6	953.88
778.62	237.9
2270.8	2480.1
1227.3	1289
777.41	1606.6
3354.3	768.11
2137.6	2273.9
2087.9	1610.4
659.33	1070
1650.6	1968.8
735.07	2086.9
1990.8	2061.9
838.96	1679.8
2074.6	2356.1
3202.6	2014.4
1499.2	2196.7
388.13	2046
2843.1	1292.7
500.24	431.77
1695.4	2029.3
1718.6	2052.2
580.38	1355.1
2790.1	1957.8
1525.5	2400.4
4013.9	2510.1
2293.2	2265.5
217.2	2516.7
1324.5	1796.1
3423.1	1236.9
2775	2142.1
1526.2	1811.7
2194.4	648.34
2135.4	982.07
1904	2410.6
1316.6	2673.5
4443.3	3322.9
771.79	2547.7
1557.6	1806.1
1524.5	1810.4
1930.6	2346.7
902.07	1864.4
1797	2003.9
