1222.2	2639.2
1974.8	2252.6
1974.6	2251.8
1702.7	2485.7
963.6	1381.9
1312.5	2117.5
1539.1	1744
1047.6	1488
963.35	1381.5
1353.4	2142.5
3451	286.21
1912.4	2537.4
4747.6	3286.2
2173.4	2297.1
108.14	2879.3
1076.1	1097.9
2216.5	2608.1
2147.7	2299.8
2174.9	2296.1
1495.6	1782.6
1276.8	2054.3
2473.1	2500.2
1497.2	1663.4
1111.3	2269.1
1111.6	2268.3
418.23	2810.9
991.2	1908.1
1969.6	2534.6
4678.2	2446.3
1496.5	1660.4
348.75	925.58
245.17	1234.3
1911.1	2550.7
418.58	2810.7
619.97	1557
1497.1	1663.3
764.19	1670
1020.8	1871
1910.2	2036
1224.3	2017.2
925.88	1802.2
2075.1	2587.4
981.31	1120.1
2497	2661.3
4810.9	2443.7
926.45	1802.6
556.39	2781.2
1293.2	1771.1
2693.5	2854.8
876.6	1833.6
2692.1	2855
1096.8	1313.5
722.03	1341.3
1011	3029.7
1796.5	2181
1211.4	2014.5
2496.7	2661.3
1229.2	2023.2
1147.2	1971.3
1297.2	2385.2
1014.7	3031.5
730.97	230.19
357.51	914.05
730.82	659.48
608.8	1646.2
357.59	914.18
2837.2	2037.2
1165.3	1975.1
1284.8	1897.5
3375.3	1720.4
3375.3	1722.7
1148.3	1389.2
724.18	1332
1316.8	2084.7
998.45	3024.6
1862	2408.4
982.62	2327.6
2223.5	2631.2
3208.8	2811.2
2308.6	1975.9
920.58	1782.8
920.84	1781
1110.8	3065.5
1849.8	2183.7
3375.1	1723.6
954.96	1374.9
1195.6	3167.8
1505.1	1659.3
674.93	1295.7
524.43	1125.4
2696.9	2853
1759.8	2276
1010.7	3306.1
1396.6	2139.1
1276.7	1577.1
1114	1339
4732	2443.9
422.06	977.44
4213.4	2903.9
2173.8	2224.5
3376.9	1540
954.87	1375.5
2193.5	2596.7
1746.4	2449.8
579.12	1183.4
1029.8	2223.2
1342.3	2095.2
1117.8	2327.9
1165.2	2303.9
773.02	1692.6
719.7	248.9
1227.8	2004.2
2058.4	2506.1
1804.8	2070
526.05	2050.3
1780.9	2181.3
719.75	248.65
1298.5	1612.1
3719.5	496.76
1908.7	1165.8
1254.3	1500.4
688.17	2106.3
3148	923.34
1863.3	2284.5
1202	1507.2
454.46	1444.5
2863.8	3170.4
2286.1	2018.1
1208.4	2001.6
3298.7	2490.3
549.27	2211.5
109.11	2102.4
2222.1	2631.1
2417.5	1819.8
686.32	1680.2
947.25	2319.3
1039.7	1481
1344.4	2101.6
1830.7	2242.1
989.7	1855.5
2886.4	2548.1
3399.4	1542.7
2153	2255.5
2177.5	2576.8
526.21	2050.3
3939.8	13.125
199.2	622.68
1851.3	2261
1244.9	1561.8
109.65	2103.2
368.76	926.25
795.57	2258.7
2206.6	2296.7
1386.6	1695.8
933.1	763.11
1804.8	2070.2
4770.8	2446.7
690.91	3388.9
3148.3	924.6
4198.5	2875.4
931.18	2831
217.95	623.76
1005	2586.9
2130.9	2363.9
1481	1773.2
1401	2376.1
2288.2	2018.1
523.84	1125.4
935.68	2190.2
324.84	1974.1
1270.8	1597.7
1344.5	2382
1344.2	2101.8
1290.1	1896.3
438.76	976.07
2131.1	2328.3
1631.6	2261.1
2142.2	2293.4
3395.9	1748.2
1126.4	1969.8
1647.3	2271.8
3421.3	1552.5
1184.7	1387.4
324.97	1974.1
1291.9	2634
1860.3	2417.8
2794.9	2221.8
381.55	3395.8
967.97	2328.3
3298.8	2525.7
1232	1543.9
2746.5	2242.5
1299	2064.5
596.07	1173.4
1234.9	1525.5
1242.3	1563.8
4212.6	2841.7
1623.5	2188.9
190.45	2726.5
794.63	2258.3
3903.7	778
2356.4	2591.8
1756.3	2400.4
3397	1700.2
368.03	925.98
3363.3	1442
3400	1520.1
934.75	760.83
1234.3	1524.1
4316.7	961.56
3375.3	1746.8
1863.8	2285.4
1273.2	2021.3
1344.1	2105.4
1819	2349.3
948.97	2304.6
543.64	2229.7
1792.6	2385.9
2427.1	2515.8
1213	1436.5
84.748	2476.4
1172.2	2002
1901	2352.1
1286.8	2631.3
1413.5	1776.1
142.48	510.06
2470.8	2848.9
1406.3	2418.4
380.3	3393.8
1404.7	1765.4
1899	2547.4
1791.2	2385.5
3397.7	1653.9
1421.7	1787.5
1125.4	3070.1
2021.9	2480.9
1886.4	2513.2
1479.2	1773.5
1782.2	2181.4
2161.3	2238.1
1792.7	2386.6
1532.6	1715.9
1406.8	2417.6
2427	2515.8
3397.6	1653.9
2368.7	2441.4
3399.7	1564.7
1340.8	2781.9
1420.1	2126
1862.3	2190
2126.4	2329.5
1104.6	1970
1532.8	1715
986.59	1857.4
1383.7	2127
1794.9	2192.6
2293.1	2029.3
704.54	1622
107.68	990.97
3375.3	1746.6
961.65	1850.1
3904.1	778.19
1535.2	1755.5
1301.1	2077.2
3399.3	1564.8
1077.1	2244.1
2426.8	2779.2
142.22	510.45
84.191	2476.2
4065.2	2087.4
1263.3	2038.9
1003.2	2566
2745.9	2242.8
2139.6	2336.9
4184	676.76
2234	2235.9
1117.2	2327.9
606.91	2244.9
1758.4	2252
1383.1	2128
1482.6	1851.7
2015.5	2511
1194.3	1960.7
1482.6	1846.2
2424.3	2777.8
2004.6	2478.9
1043.3	2326.7
1381.7	2134.5
2262.7	2805
634.81	223.29
1194.4	1961
1087.1	1224.1
1926.4	2446.2
1987	2478.5
3129	3391.9
1746.5	2328.9
1137.3	1311.7
1047.4	2237.6
534.25	1134.1
2188.1	2231.2
2169.5	2244.9
1020.8	1853
2015.1	2509.4
415.47	2822.8
111.95	3484.9
1421.7	2329.8
1634	2001.7
1499.6	1727
2197.4	2227.2
543.32	2229.9
692.06	2763.1
2137.3	2335.8
99.386	2127
755.94	1864.4
1482.5	1851.8
2358.3	2593
4453.3	1430.4
1037.7	2232.3
2119.8	2368.7
523.17	1111.8
1545.8	2445.8
2163.2	2241.7
961.79	1175.5
2163.5	2241.3
690.23	2762.2
988.21	2497
2232	2287.6
2248.8	2577.4
1499.2	1727.6
544.86	2230.1
1284.5	2074.6
1350.2	1599.4
988.46	1826.1
4229.1	237.93
1429	2369.4
1557.1	1882.6
338.33	2183.1
1875.5	2292
1542.1	2727.2
2627.1	1725
75.351	2463.8
1350.8	1601.1
2005.9	2509.2
1427	2415.5
2090.9	2479.3
1800.6	2085.1
4769.5	299.31
687.37	2354.4
1491.4	1726.2
1487.4	1804.2
2161.4	2454.8
3398	1608.4
1546.4	2446.9
202.24	2150.4
2056.4	2479.4
2235.5	2624.1
1757.8	2403.4
557.51	2076.7
2626.9	1724.5
4488.2	905.15
2176.9	2649
2655.8	2334.8
2139.9	2315
2082.7	2489.1
755.34	1865.7
203.45	2151
1426.2	1813.5
2167.1	2310
2946.7	1691.9
1346.1	2072.8
1582.2	2037.8
1634.1	2002
534.41	1134.3
1153.8	2343.1
1729.4	2433.4
1747.3	2361.1
2418.4	2516.8
1487.4	1804.7
1550.6	1984
1428.4	2343.6
847.29	2174.7
4769.4	299.44
1546.6	2447.6
1550.4	2427.8
3407.6	636.41
193.31	2141
757.26	2261.6
623.96	1540.2
2173	2473.1
991.94	2217.8
791.25	2573.6
107.67	2157.6
600.6	3015.5
855.69	1458.5
673.7	1283.5
1460.5	1912
1231.3	2270
1541.9	1964.8
2022.5	2674.9
350.95	2826
268.11	1931.9
3177.4	1480.8
1074.9	2334.4
1280	1690.4
1173.4	2016
1955.4	2382
3455.1	1496
1863	2402.9
3176.9	1480.7
624.14	1540.1
1863.3	2403.4
4733.9	1614.5
112.37	989.92
953.87	2208.6
1567	2924.3
3105.8	1229.8
1560	2011.8
685.05	2356.8
2128.7	2627.3
1789.9	2175.7
340.62	2146.3
970.24	2340.1
1826.4	2138.2
3443.2	1452.9
2005.2	2455.2
267.5	1931.6
1089.1	2261.3
1783	2276.8
2772.7	1715.2
3970.4	77.931
1077.8	2247.3
323.98	2303.7
1463.5	1846.3
1922.9	2538.9
2197	2227.3
1054.2	1050.5
473.83	3141.3
990.33	2905.9
2162.7	2502.4
3420.6	1583.5
991.95	2218.7
2181.1	2310.3
2306.4	2451.1
3376.5	1606.4
250.83	1213.4
4003.1	418.72
3930.2	2654.6
2137.9	2316.9
752.92	2358.1
73.963	2264.5
3442.9	1452.6
2056.6	2488
2646.8	2008.2
3398.6	1608.4
1394.2	2527.8
3909.3	2149.2
1996.8	2411
1988.6	2616.7
332.47	2485.6
2174.9	2208.8
3024.3	1624.5
3430	1608
793.3	677.24
194.88	2140.8
1153.6	1935.9
3694.7	1712.8
605.91	2225.7
2948.8	1705.8
1937	2383.3
1644.7	2412.5
1012.7	2164.6
700.76	2421.7
978.64	2216.8
934.29	1275.4
4485	274.67
539.05	2066.2
2300.1	2019.9
1360.2	1961.1
2792.1	1808.3
930.06	1259.5
1884.2	2538.2
3947.6	2001.4
2288	2271.1
1560.1	2575.6
1231.4	2271.4
1791.3	2364.3
1681.3	2110.3
2890.9	1225.2
1076.3	1890.8
301.64	227.42
1744.2	2364.5
3377.5	1485.8
1248.3	1987.3
1690.1	2140.5
930.29	1259.8
3099	1959
3387.8	1607.5
1897	2620.6
4160.6	2159.4
1388.2	2618.8
539.15	1621.7
2223	2586.5
766.84	1655.7
2004.4	2488.8
2985.7	2160.6
1023.1	2696
2791.8	1808.9
2705.3	2194.7
683.63	2357.2
2707.3	2195.4
2128.5	2625.7
1361.9	2413.2
1758.3	2311
3607	2656.7
1867.9	2380.8
2245.4	2578.3
341.25	1415.6
1485.4	1863.9
2768.9	1841.8
1682.7	2094.7
1509.6	2431.8
2747.1	1853
1755.3	2440.6
2129	2376.8
1416.3	2395.6
2383.9	2435.4
2822.8	1663.4
1503.5	2433
301.74	226.98
945.51	2744.6
144.62	1826.6
4820.3	1577.9
2617.6	1875.3
994	1812.2
992.4	2220.8
1795.2	2260.5
2370	1878.8
1782.9	2277
2152.9	2422.2
1467.4	2638.5
1539.2	2194
2716.8	2211.2
995.5	2561
1838.4	2367.4
3605.7	2655.3
1898.5	1155.4
1849.9	2403.9
71.823	2267
1940	2386.4
475.36	517.83
1398.2	2897.4
3245.2	1407
1456.6	1734.8
2591.9	1828.8
3069.3	2587.6
2161.5	2453.5
1846.1	2420.4
3800.6	946.75
2691.3	2320.5
2312.2	2085.6
3277.2	2506.8
2877.1	1608.9
2617.8	1875
3924.7	776.73
4012.1	607.78
3034.6	2217.5
2882.9	1465.8
2827.7	2277.5
3804.8	576.56
3144.5	1767
1681.6	2302.9
3643.9	1187.7
2206.3	2577.2
4217.6	476.16
4671.5	2430.7
1465	1831.7
1700.6	2151.8
1768.9	2242.1
3918.6	776.64
4028.5	2489.3
2162.2	2268.5
1075	1318
1846.1	2422.5
2324.7	2318.5
2562.8	2479.2
604.88	2225.8
813.59	1754.9
1482.6	1757.5
678.75	2760.6
778.4	2098.8
2827.1	1575.5
2399.7	2535.3
2013.5	2487.2
2730.6	2306.5
3439.7	1324.8
148.31	1822.4
707.59	2286.3
2021.6	2693.1
3309.8	2473.9
1341.4	2469.1
2776.5	2291.9
1768.6	2240.9
2556.9	2627
1800.6	2090.8
1370.4	2143.1
1418.7	2421.4
2743.4	1853.9
4745.3	2421
777.61	3430.8
2086.1	2495.7
1678.2	2421.5
3274.2	1738.8
3273.3	1737.9
106.6	1902.5
2202.3	2511.4
1342.9	2469.3
1457.1	1733.6
1683	2109.7
2385.1	1847.2
2542.3	2557.2
4479.6	292.7
1839.3	2183.5
2083.3	2469.5
2721.4	2220.9
222.7	1951.8
1485.1	1864.9
2423.4	2488.6
2065.2	2704.6
2352.2	2333.8
3545.9	401.48
1801.2	2090.6
2627.9	1686.7
1803.8	2100.9
1542.1	1965.2
2628	1686.4
1345.6	2468.6
1416.9	2395.3
2317.2	2575.7
2779	1582.7
1574.5	2012.5
2887.1	2262.5
1474.1	1737.3
2178.1	2242.4
1555.1	1930.4
3753.1	2007.1
3015.8	1471.8
538.9	2233
2667.2	1547.9
322.59	2497.3
806.89	1414.1
1279	1888
985.13	2397.9
340.94	1990.2
2320.7	2096.7
3392.7	1607.9
2717	2211.4
3032	1304.5
1850.5	2167.1
3515.1	1699.6
2882.8	1466.9
1791.3	2419.2
933.52	1087.6
2587.9	2489.7
700.99	1720.5
2472.7	2907.5
2714.8	2811.1
1215.5	2262.7
2324.3	2318.5
3117.4	3458.1
1051.1	2238.1
423.14	2854.7
1308.8	2054.6
2031.8	2548.8
3919.7	841.17
706.87	2286.2
1798.1	2163.8
223.47	1954.3
1797.2	2186.5
1303.9	1669.6
1332.7	3175
1783.4	2373.3
2507.1	2495.1
2052.3	2658.8
1434.4	2420.6
1552.7	2426.5
1963.3	2406.4
4162.7	2536
2827.1	1528
2333.1	2307.3
1848	2272.4
1674.7	2413.9
1067.6	2477.5
2303.7	2761.1
2160.5	2336.8
2325.6	2078.4
2195.9	2414.7
2462.5	1855.2
1484	1875.3
143.47	1829.3
1750.2	2265.6
2128.8	2625.9
1849.9	2167.2
2557.2	2625.5
2229.3	2469.3
1304.5	1669.6
2333.6	2307.4
4214.4	1239.1
328.33	1964.8
1151.3	2337.6
2370.1	2820.3
1784.5	2071.8
2909.6	1709.2
302.75	1389.8
2182.8	2655.7
3635.9	2166
1871.9	2314.1
2587.6	2490.2
1753.8	2222.9
2407	2120.8
1455.2	2491
3979.5	186.21
2732.3	2567.7
2159.5	2272.8
1791.8	2317.7
2913.3	2519.1
1638.8	1987.2
1494.4	1801.7
1230.8	2041.9
1532	1934.3
2623.7	1660.5
91.031	2132.2
1466.5	1640
2846	1141.3
322.77	2210.8
1457.5	1736.3
1044.6	1850.5
1796.8	2187.5
2325.1	2219.2
355.21	896.2
279.61	2337.8
1799.1	2164.6
1404.4	2158.2
937.61	2509.5
2231.9	2424.8
3468.9	561.65
1187	1961.6
1446	1899.6
3281.3	1466.1
3940.7	1397.9
979.38	1811.2
2318.3	2746.9
3234.5	1194.6
1370.8	2402.8
3719	206.36
796.92	2502.3
1841.2	2256
2055.4	2658.5
4452.1	2417.3
3043.9	2363.1
1214.6	2262.9
2494.5	2510.8
2421.5	2488.8
2571.7	2537.8
2732.4	2567.4
1572.7	1905.2
2335	2086.2
2409	2511
1239.8	2012.6
462.67	77.87
3234.4	1194.4
355.41	896.57
1727.2	2450.6
1779.7	1170.1
4353.9	345.2
4108	537.46
886.83	2328.5
4093.3	1755.2
1726	2380
410.94	3109.6
3330.5	1206.4
611.1	127.1
1024.2	2458.3
762.41	677.66
1451.6	1871.7
1455.3	2490.4
2735.2	1632.2
92.416	2130
3602	1953.7
1793.3	2286.8
1803.2	2099.4
4245.6	1877.7
2406.1	1819.6
714.59	235.02
1750.1	2264.1
2200.1	2386.7
3513.6	1813.6
1494.3	1801.3
2685.7	1926.2
3347.6	2625.9
1184.2	2246.5
3265.1	2091.2
173.3	2268.3
978.56	1383
4161.5	2536.3
4555.4	982.28
2331	2098.3
4043.5	372.99
2729.7	1758.2
2010.8	2407.8
2776.9	1583.3
2007.8	2694
3310.3	2548.4
2696.8	1877.2
4354.7	345.27
2241.9	2341.4
1728.1	2462.3
221.06	2857.1
1457.8	1739.3
1150.7	2336.6
222.33	2858.4
3734.8	493.9
3576.5	640.87
1297.9	1641.4
4498.4	2473.6
4169.4	2889
2434.2	2528.1
1555.6	1916.1
2451.7	2229.5
1612.8	2018.4
3115.8	1559
897.72	1135.7
1639.1	2293.5
4279	2039.3
1033.6	2191.2
2756.9	2253.5
1363.1	1565
1917.3	2013.8
1762.8	2346.3
750.44	2139.2
1262.4	2068.8
644.89	712.02
2704.8	1890.6
2936.6	2063.5
2720.2	2317.7
1145.9	1945
1796.8	2164
1840.4	2254.2
3272	1455.1
3210.5	2627.4
3552.9	1564
1780.2	2472
1711.9	2749.4
3553.7	1564.1
2179.4	2481.9
363.89	911.16
2684.3	1916.5
1518.8	1709.9
2521.7	2900
2174.5	2365.5
984.42	2453.3
677.65	1269.9
2233	2512.8
2679.7	2329
3579	2261.2
2893.4	1282
2367.4	1875.8
1445.5	1899.5
224.73	2860.5
2383.1	1966
1782.7	2440.8
3413.7	1865.6
2851.9	2208.9
1763.7	2348
962.05	2179
280.53	2337.7
419.92	2353.1
4071.6	1733.9
3265	2093.4
2224.6	2299
3137.6	1528.3
1846.8	2297.6
1726.1	2462
2282.1	2637.1
2250.6	2534.3
378.23	2688.1
603.12	1592.4
2388.4	1977.6
4245.6	1877.8
1792.5	2290.6
2381.4	1964.8
3411.4	1865.2
1675.5	2440.7
798.63	2303.9
707.65	231.07
1711.7	2141.8
1784.2	2229.8
2224.2	2299.8
1792.9	2424.1
3332.2	1022.2
1556.4	1894.2
350.43	2173.3
2335.1	2330.1
2695.9	1584.9
2188.2	2247.3
362.34	882.92
3413.1	1865.7
4746.4	307.56
2087.8	2424.2
1673.3	2653.7
2257.8	2318.1
351.51	2172.8
985.07	2397.4
4028.2	1141
3159.8	2182.4
1532	1934.1
355.67	935.71
59.084	103.99
440.94	2028.2
2370.3	2167.5
2203.4	2443.7
80.556	3306.8
1951.1	2402.8
2368	2407.3
3140.9	2234.7
3534.2	361.92
3452.8	904.52
3117	1014.2
408.78	3109
4312.8	1743.4
1334.3	1936.9
1564.9	1992.4
3279.1	1463
2256.3	2315.4
980.88	2036.3
4470.1	1661.6
3398.1	726.71
3962.4	2107.4
3287	2290.2
420.01	2351.4
859.68	1222.8
1856.3	2252.1
2076.4	2485.3
1009.3	1625.3
848.75	586.79
3372.7	1420.8
3841.6	2839.4
1294.2	2096.5
1555.8	1916.1
2949	2510.4
2302.5	2101.2
2081.8	2430.2
2171.2	2429.7
3317.8	2506.3
3360.1	2195.3
2190.4	2315.5
544.55	2193.4
2388.7	1977.5
2877.5	1301.8
2377.1	2007.4
1500.2	1898.8
409.04	3109.1
1084.4	2565.2
2852.1	1321.7
1794.6	2287.2
2468.9	2430.3
1616.8	2016
2791.1	1410.8
1872.7	2321.5
1244	2049.3
1854.3	2406.5
2596.8	1872.7
3127.5	2252.6
2469	2543.5
2374.6	2012.6
2591	2719.5
1965	2247.3
4108.4	551.53
3425.8	1627
2162.4	2417.3
442.15	2031.8
2199.3	2248.3
3587.6	2344.4
3180.9	1073.1
2741.8	1474.6
2290.7	2043.8
3612.4	2200.9
2722.2	2327.3
4263.5	1235.8
1752.1	2282.2
4040.5	2171.4
520.17	2385.1
1461.3	2203.2
1724.9	2443.9
4022.6	1829.9
1114.9	1552.2
2239.7	2506.8
1921.5	1166.4
917.85	1521.1
1823.9	2394.6
1621.8	1962
748.76	899.06
1457.4	1902.9
2216.9	2341.7
1571.4	2445.9
4559.2	3327.8
1906.6	2015.6
2376.8	2601.3
2174.7	2449.6
2143.1	2267.8
1772.4	2365.4
3531.9	1815.3
2327.8	1950.3
408.82	2829.8
603.07	1592.4
3591.7	320.18
1457.3	1813.2
2697.9	2830.7
1790.2	2424.1
2763.4	1932.4
941.06	1883.2
851.16	967.66
2112.9	2486.5
1075.8	1050.9
1610.7	2022.6
1003.7	2217
2451.9	2576.8
3558.5	2159.9
4572	1790.1
2152.3	2384.9
4572.4	1789.4
1418.1	2396.1
2108.4	2588.2
1867.9	2272.8
1850	2233.1
2141.8	2346.3
3181	1073.8
421.21	2317
2829.5	2272.3
976.69	2004.9
1514.1	2379.7
2198.1	2400.1
2370.7	1956.3
2730.6	1128.6
3602.9	947.74
3614.6	2202.4
3625	2141
1468.1	1672.9
792.06	2220.3
1792.9	2202.9
2209.7	2493.3
3364.1	765.08
2510.9	2496
1451	2380.9
1955	2391.3
1701	2232.3
1731.9	2368.4
374.85	1929.8
3408.9	1577.2
2116.3	2373.4
3159.1	996.69
1262.5	2070.4
3425.5	1625.2
363.11	1988.1
1697.5	2131.9
1298.6	1641.2
3186.7	2249.6
1087.1	2538.3
3360	2195.5
938.17	2291.9
1039	1052.6
1501	1899.4
1846.3	2264.9
2232.1	2455.6
4654.7	1633.3
2640.2	2353.4
1274.2	1724.4
1643.7	2258.1
1063.7	1229.6
1832	2173.7
2214.1	2339
1147	2256.4
2512.6	1809.2
2210.3	2492.9
1063.8	2160.2
2445.7	2780.3
1561.5	2049.6
2204.2	2426.3
3163.6	3347.6
2764.8	2313.8
1277.7	2335.9
1718.7	1163
1493.7	1761.1
1846.2	2306
3692.8	1607.2
451.44	1988.7
262.93	1172.1
1722.7	2443.3
2732	2575.5
1209.4	1992
2595.5	1873.4
2380	2323.6
1456.2	1884.1
2142.7	2455.2
1247.9	2331.2
1578	2214.8
3640.1	269.9
1130.9	1345.5
1210.2	1990.3
1226.3	2302.7
1996.9	2486.8
1561.4	1995.7
1792.7	2426.7
3532	1815
1536.4	1885.9
2315.7	2111
1388.8	2145
2069.1	2399.2
3690.6	1611
576.75	2240.8
1654.8	2440
3009.5	1485.7
3895.5	2085.5
1850.3	2210.3
936.56	2551.5
3768.3	792.33
3948.6	1908.5
3942.3	784.27
1467.8	2820.1
2082.2	2432.8
1102.4	1460.7
2823.6	1357.4
3786.4	2107.3
3727.4	2168.7
2439.4	2416.4
1692.7	2513.9
763.74	2391.4
1765.3	2130.9
3311.2	2548.7
2142.7	2478.8
1279	1714.9
3697.6	2125.8
1321.8	2354
2581.8	1701.9
1881.3	2566
2713.1	2277.4
3763.6	2138.2
968.01	1881.2
2907	1214.5
1270.8	1678.5
1473.2	2380.7
2623.6	1645.1
324.06	2287.2
3751.3	2114.5
2339.2	2341.7
2782.6	1409.1
3331.2	801.18
2824.8	2296.4
2746.7	2571.3
2064.2	2401
3163.9	2230.6
2276.3	2065.4
848.89	847.56
1266.5	2341.6
2540.1	2519.6
2045	2684.6
2136.9	2418.8
1680.9	2317.7
2148.6	2490.4
1105.6	2014.5
422.53	2321.1
3619.3	2205
1868.3	2272.5
2633	1990.3
3285	2312.4
4308.6	34.108
1554	2198.7
59.864	2510.8
3688.7	859.73
2213.5	2497.9
3407.9	1598.1
1474.1	2381.1
894.89	910.4
2143.2	2267.4
1814.5	1138.1
2241.7	2504.5
2496.9	2776
1243.9	2636.4
2429.8	2881.2
2090.6	2596.6
1785	2155
1588.7	1877.2
2160.8	2437.3
2145.6	2620.5
1465.5	1813
4265.9	1000.4
2101.1	2423.6
1578.9	2214.7
1391.3	2093.9
2134.4	2563.7
3331	801.19
2413.7	2504.8
2874.5	1613.5
3269.5	871.06
2455.6	2084.3
937.42	2589.1
2135.1	2564.9
2097.3	2371.2
2167.5	2315.9
3782.1	857.27
3470.6	320.53
1147.7	1370.3
595.76	1522
80.911	2431.4
2784.4	2304.8
1412.9	2353.8
1524	1949.2
1096.2	1372.2
1557.7	1893.6
1752	2147.3
1911.7	2343.1
1331.3	1644.6
1867.9	2338.2
2787.9	1856.3
3793.6	113.86
1443.4	1924.9
1378	2683
2413.7	2503.8
1237.8	1704.3
956.19	3058.8
1238.6	2630.6
2731.8	2248.4
3162	2177.4
1281.8	1715.5
3551.4	2160.4
2910.9	1200
2375.1	2014.6
360.9	13.021
2158.9	2578.9
2182.3	2336.7
2873.6	2656
2234.5	2361.3
2146.7	2621.3
4172	2655.9
1796.4	2188.7
1924.2	2479.2
3425.8	1604.2
85.612	2888.5
1506.4	2314.8
2250.1	2332.1
2393.9	1981.5
1834.8	2146.3
4585	1080.8
1109.6	2981.3
2828	2958.3
1881.7	2335
428.68	1308.6
1697.3	2134
1982.8	2638.9
1555.3	2198.8
2589.2	1713.4
2259.7	2287.1
2530.8	2840.9
1432.7	2359.4
3030.9	2591.4
2377	1868.8
974.95	2026.7
2496.5	1705.8
140.02	2120.6
3557.1	2161.7
972.56	1813.3
2639.7	1927.9
24.089	1854.2
1345	2311.8
2667.9	1531.6
3948.5	2095.1
1292.7	1883.5
3162.6	1507.1
3132	2347.6
1857.6	2341
1846.2	2260.5
3095	1978.7
2190.6	2498.6
2711.2	2330.1
968.77	3057
3786.9	1272.8
3937.8	2019.9
2438.9	2535.7
4199.8	3137.3
2459.9	1783.7
3771.5	2160.7
2539.4	2523.6
1483.9	2095.9
234.56	1905.5
1967.5	2505.4
3159	1772.9
2713.8	1890.1
1686.6	2416.4
2138.9	2566.1
2854.9	3117.3
1505.9	2311
3168.3	1500.8
4642	1614.4
3678.4	1153.4
1710.4	2015.9
3621.2	326.92
227.42	1880.1
3788.3	1277.5
2304	2093.5
2134.9	2420.2
1984.2	703.89
2217.1	2439.1
2237.4	2475.4
743.57	632.59
2868	1301.5
3108	2316.2
2004.3	2423
638.38	369.31
2378.8	2610.2
3949.4	2093.9
1181.6	1633.4
2288.6	2007.8
1692.5	2300.7
1425.8	2118.8
4584.6	1081.4
2190.7	2247.7
2886.9	2095.3
417.39	2433.9
2351.6	2522.5
2337	1944.2
2792.4	2197.2
3186.9	1414
2162.3	2524.7
2526.2	2523.9
3511.6	363.42
2972.8	1301.9
582.18	131.96
3585.4	2037.9
1944	2554.8
433.43	2811.4
1290.3	1997.4
726.23	560.81
756.31	3353
2341.9	2200.1
714.37	2171.3
3878.3	3180.7
2303.7	2105.9
878.22	2493.8
3179	1112.4
1693.1	1134.1
417.62	2079.3
2861.7	2050.8
1728.3	2192.2
613.19	2879.7
2400.9	2428.8
4190.2	2321.7
4455.5	1102.2
4268.2	1984.3
2205.6	2502.9
2383.4	1857.6
3549.2	532.38
1497	1914.7
3424.5	1613.7
2366.3	2605.3
2303.9	2094.6
1066.5	1873.9
2671.7	2123.3
2183.8	2332.5
416.12	2431.4
2995.1	1952.9
2377.4	2273.8
2093	2576.3
1331.2	1644.4
3345	2928.2
1949.7	1161.8
2048.9	2468.5
3728.4	2168.3
674.53	1308.5
947.03	2344.4
3386.7	1711.8
2485.4	2730.4
1117.8	1719.2
3163.8	2222.1
2457.8	2198
603.39	2136.8
3608.8	990.65
2439.3	1887.2
2624.2	1645.2
1972.5	930.62
4248.3	3167.2
162.91	2242.1
1465.5	1673.2
3401	1884.1
2709.6	2249.1
1748.4	2297.2
2119.1	2523.2
2310	2241.8
3116.6	1014.6
169.6	2116.1
1097.5	1706.2
1611.6	2262.2
756.7	3351.5
598.2	1521.2
1977.4	1018.3
1024.5	1333.1
1446.2	1860
1872.7	2402.2
3669.8	545.86
2879.6	1206.7
2298	1997
2105.7	2565
418.11	2619.6
1790.6	2111.2
3451.9	303.43
4271	2010.2
955.03	1549.4
2132.9	2604.7
1990.2	2675.7
1607.1	2069.7
1590.4	2403.8
402.72	1948.4
1180.1	1631.9
1759.7	2295
2238.4	2298.6
582.25	1591.1
1334.2	2469.5
181.31	1541.5
134.24	3272.9
2257.9	2471.4
3679.3	1706.6
780.66	676.93
4069.7	225.69
1748.5	2298.7
2614.6	2236.2
985.66	2207.9
3547.8	1080.9
2835.5	2266.5
745.87	1795.2
1761.9	2294.7
1506.1	1813.8
2483.8	2731.2
1745.6	2297.2
76.677	2155.9
4304.7	1325.8
2328	2291.2
2157.6	2627.3
3680.6	1706.3
2156.9	2615.3
2631.9	1149.2
2451.1	2406.3
2137	2592.3
1050.7	1196.9
2523.2	2529.7
2458.1	2198.3
4010.7	1796.2
2534	1823
140.79	2119.5
3178.4	1119.5
418.6	2620.7
225.33	592.5
3799.5	778.84
1231.7	1450.6
1315.3	2309.9
2834.6	2266.7
1425.9	2427
1990	2674
385.56	2448.4
3499.4	556.78
2807.9	2567.2
681.84	1254.8
2178.5	2396.8
3682.5	458.3
146.71	2142.3
3887.9	1518.1
2247	2322.5
2202	2248.5
1336.5	2382.1
1564.5	1873.5
2604.5	1197.7
2933.2	2049.5
535.19	1081.6
3179.7	1112
447.48	2048.6
820.15	2248.5
3292.9	2534.9
2317.8	2432.9
1612.5	2030.7
2269.2	2229.3
1711	2129.8
4641.6	1182.3
2117.6	2493.9
2558.1	2536.4
3396.2	1445.2
3718.4	2121.3
840.58	2262.8
1863.8	2328.7
2798.3	2083
1295.7	1710.5
1556.4	1995.6
4275.9	3185.9
2125.8	2393.1
1037.7	2203
3365.1	1708.4
2599.2	1853.3
4150.6	81.356
1968.2	2506.7
4696	2571.4
612.14	228.12
2232	2321.1
3292.7	2536.6
2092.2	2576.5
2519.1	1847.4
1858.1	2198.5
1243.6	1834.8
2410	2530.5
1292.9	1663.7
3141	2234.3
2722.5	1488.6
804.84	2211.9
3282.8	1855.8
1507.4	2408.9
3889	1400.5
2616.4	2238
2603.9	1197.8
4460.1	1091.9
1067.6	2084.5
1944.7	2383.5
1613.9	1927.2
2004.3	2423.2
1966.2	2504.3
2022	2680.6
97.058	2176.1
2279.7	2790.2
2986.5	2883.2
581.71	1591.6
952.49	1582.3
603.78	441.48
3132.9	950.7
2719.8	1932.9
3235.7	1743.4
2197.1	2248.2
3146.9	1868.2
1296.3	1711
2249.4	2349.3
2098.6	2482.8
1545.9	2389.4
2840.8	1811.8
419.86	2469.1
2931.5	1671.6
3771	2160.2
1243.8	1835.7
3273.1	1391.7
1998.6	2447.6
408.77	1004.1
434.76	2813.1
4011.4	2116.2
1997.1	2449.3
3130.8	2204.2
1316.3	2037.8
1437.5	1659.6
1421.3	1881.2
3292.7	2535.6
1244.5	1472.5
4112.2	1140.9
2111.5	2604.9
2155.9	2615.3
3414.6	1913.7
1406.8	1750.3
1130.5	1346.7
2293.8	2414.4
1998.8	2449.7
37.135	3213.2
2756.8	1818.9
2620.9	2360.6
3761.8	118.56
3518.5	1686.1
2788.7	2110.8
1690.2	2439.6
1317.6	1794.8
2094.5	2578.3
1027.5	1875.1
2930.9	1670.8
2988.3	2884.3
3783.6	1267.8
4648.8	2000.3
2188.3	2307.5
1278.4	1995.6
2242	2300.8
3874.6	826.36
1236.3	2635.3
1835.3	2228.7
4304.6	1976.9
1316.9	2037.6
133.04	1901.3
4286.5	1980.4
2736.9	2295.1
2622.5	1147.6
1322.1	3110.1
854.38	1442.2
2299.2	2024.7
117.68	2237.8
2631	1985.2
1293.8	1662.4
2951.4	2066.1
3279.4	2015.8
3997.4	2167.3
1597.1	1869.8
1460.4	1886.5
2933.6	1673.3
3385.9	1606.2
2442	2551.6
1423.2	2976.5
2345.8	2310.6
970.84	3057.5
879.13	941.35
4011.1	2116.1
2021.7	2681.8
780.91	835.12
1728.5	2328.8
1949.1	2416.9
2092.1	2457.2
763.09	2489.2
676.31	2795.8
3635.2	2138.7
1691	2115.2
2439.3	2487.3
422.33	2381.9
3408	1620.9
4557.7	877.37
2163.5	2337.2
2521.1	1740.4
869.43	2373.5
115.4	2236.1
878.19	2535.5
1220	1551.1
808	883.93
2884.9	2515.5
1858.2	2248.5
1229.4	1510.6
3089.3	2506.2
1566	1911.1
2214	2340.1
173.51	1600.8
4640.9	1182.5
417.97	2497.9
1428.4	2427
3556.3	1999.5
3624.9	2209.4
894.45	1167.5
1425.9	2131.5
2461.2	2049.8
1087.6	1687.6
1992.5	2440.1
3609.8	1045.1
320.98	1964
4567.2	3321.3
2355	2301.7
4174	2676.8
702.96	2299.2
2461.5	2050.9
777.74	1659.6
1822.9	2157.4
4745.1	975.59
4011.2	2037.6
1273.8	1891.4
594.09	529.18
2185.9	2627.8
1990.5	2439.8
2125.4	2392.7
703.48	2299.7
1917.2	2562
459.11	2919.2
4833.1	933.95
2813.3	1669.4
757.27	2108.9
3881.4	3178.4
624.82	2042.8
879.03	2451.5
2195.3	2289.5
2163.6	2436.9
1041.1	1930.4
2247.1	2326.3
2442.3	2551
762.42	2441.2
1672.1	2125.7
2095.7	2511.3
2917.9	2918.4
4066.1	330.3
2387.6	2271.1
4040.9	2031.2
1057	2321.6
880	2449.1
1798.8	2103.5
3267.1	2734
2325.5	1962.4
880.25	1125.6
1103	2015.3
4389.5	414.01
752.18	2181
2669.8	1972.4
2588.4	1791
711.35	3101.7
4297.4	1695
1564.8	2134.7
2361.7	2550.4
1433.5	1880.7
3586	1063
421.25	2698.8
4076.5	2399.2
3616.4	2690.8
1332.1	2301.3
2317.2	2383
1818	2143.6
2494.9	1776.8
3131.5	2204.2
2438.9	2909.3
22.081	3218.3
118.62	2231
2401.5	2280.3
699.16	3100.8
2952.6	1548
334.55	2703.6
1024.1	2228.3
1057.1	2320.4
251.32	2355.4
2894.2	1751.8
2425.9	2264.3
1431.2	1788
2179	2261.2
4812.9	1953.5
3778.2	1291.1
2195.3	2289.4
405.4	2304.1
2590.2	1704.2
4254.2	3172.6
1635.5	2433.5
3943.3	2701.7
1469.9	3092.1
1721.5	2421.9
929.48	1131.1
2349.3	2321.4
3132.7	948.06
3622.3	2692.6
3659.8	224.26
3400.2	1424.1
3557.5	1999.8
3599.8	930.88
2200.9	2480.8
803.01	468.73
3620.5	2697.4
3088.3	1978.5
2918.4	2918.9
188.46	2610.9
3680.4	1707.4
3950.8	2672
190.3	1879.8
4188.7	549.98
3365.9	1708.3
2255.1	2301.8
3737.3	933.73
2240.5	2503.1
1108.1	1933.6
2630.7	1985.8
2955.3	1983.2
2325.1	2340
2784.6	2588
1408.6	1748.7
3488	565.05
2217.5	2492
2157	2584.9
1155.5	1397.9
1656.4	2110.3
1668.1	2401.2
1251.6	1647.5
1646.8	2482
1578	2056.4
1222.2	2279.3
1335.3	2102
2239.9	2480.3
2640.9	1858.7
1901.5	2635.4
1796.6	2235.3
1062.9	1924.9
3437.6	1644.6
2654.9	1578.6
1088.8	1729.5
2177.7	2255.4
2307.2	2034.9
1550	2370.2
4147	1250.4
2177.5	2421.8
4698.5	462.69
2927.8	1556.6
1278.9	1995.2
453.12	1679.6
1999	2470.6
2068.7	2414.9
1638.1	2027.9
3769.6	815.32
2675.4	2563.2
3133.3	954.93
2969.1	1710.6
2591.1	1873
419.93	2590.1
479.8	718.27
1888.1	2395.8
3154.2	1444.5
825.04	1725.1
2283.5	2860.1
4577.9	415.53
1098.1	1389.7
456.92	345.07
3389.5	1507.2
1044.8	2469
1796.2	2061.6
1687.3	2444.9
1430.3	1696.5
614.41	567
2972.3	1707.6
403.08	1455.8
2109.6	2450.2
917.47	1512.8
260.44	2332.7
4529.2	1972.6
1416.3	2116.7
1999.5	2684.6
2396.4	2283.2
2589.8	2219.8
949.69	1256.4
3253.6	1056.8
689.58	2286.3
3392.2	1423.4
821.99	1965.7
2247.3	2326.2
2492.5	2786.5
752.37	784.74
3900.8	697.53
1984.1	851.97
716.97	1354.5
2266.1	2420.7
2621.1	2482
2217.3	2403.1
2611.8	1740.7
772.15	2613.1
2384.8	2015.8
1583.9	2074.4
1985	982.3
2255.4	2587.6
2745.6	1124
529.45	2678.4
2287.1	1985.9
3088.3	2503.1
4086.4	1539.3
2391.2	1956.7
2560.6	2663
1263.8	1557
352.81	2273
730.37	1702.4
630.51	2057.7
2743.8	2115.8
2255	2327.7
2442.6	2447.6
27.2	1816.2
1068.9	1228.4
2851.3	3100.1
2171.3	2403
2481.8	1718.4
1702.1	2159.8
1050.7	1196.5
2222.7	2341.4
696.25	3102.1
2591.2	2074.1
2587	2056.8
543.57	722.57
1978.4	961.02
4132.8	2011.9
1432.3	1782.8
2195.9	2247.2
2585.9	2057
195.08	1280.2
404.86	1454.4
3509.5	687.41
2602.2	1197.6
424.52	2388.4
2978.6	1308.2
2311.7	2389.1
1014.7	1433.6
2805.9	2212.2
3277.9	1501.3
2490	1834.5
2384.8	2015
820.16	2248.4
2549.3	1699.6
2443.3	2396.7
3131.5	945.83
2942.9	2044.8
1092.9	1061.2
1225.1	2054.2
2985.5	1519.2
1521.6	1662.5
4691.8	3297.4
3097.6	1979.2
2247.6	2329.7
196.57	1279.4
406.15	2606.4
2706.9	1529.2
2841.7	1811.1
4148.5	1245.7
2348.8	2321.6
2587.7	2231
2139.1	2447.8
1242	2078
3782.8	1871.4
897.62	1753.6
501.56	1597.2
2390.1	2267
2441.8	2445.7
385.07	2448.4
1716.9	2716.1
1443.2	2326.9
1232.9	1572.5
4305.3	2063.5
1078.5	1500.1
1120.6	1717.4
2943.1	2044.9
847.73	2358.6
2288.3	2045.7
3923.9	2191.5
1865.2	2672.9
2334.9	2362.9
4401.9	1957.6
2195.8	2497.4
1793	2412.4
405.94	2305.9
4336.2	2567.2
1502.5	2385.9
2133.9	2268.6
4302.2	2537.9
2402.6	2405.4
3489.9	566.94
3071.1	2315.5
2200.4	2467.3
2491.3	2473.5
2101.1	2511
3279.7	1504.9
2149.2	2501.6
636.79	1545.5
2094.4	2559
1965.8	1326.6
2886.5	2192.1
1506.4	1906.6
846.39	2359.2
614.26	2675.3
1363.7	2465.6
3921.5	2205.7
185.23	2275
623.01	2047.6
4618.4	2006.6
2545.1	1984.5
2332.2	1941.1
188.19	2539.5
1276.1	1647.4
4031	2157.1
4170.4	66.189
1520.3	1661.5
1849.1	2302.3
266.89	2175.6
3502.6	2459.3
2450.1	1890.3
2425.6	2259.9
1849.4	2303.1
3688.5	1084.7
1735.2	2408
408.62	1004.5
2133.9	2352.8
343.96	2834.8
2437.9	2219.9
1409.9	1745
3685.6	1092.7
2075.5	2671.7
1973.6	2410.1
2031.7	2677.9
2614.7	1184.6
1702.3	2519.5
2325.2	2170.8
3619.6	314.54
1616.8	2649.9
196.07	1279.9
1879.1	2343.5
2038.6	2694.8
4465	1355.1
373.71	351.05
2676	2563.3
2896.9	1233
3271.2	1847.8
1499.1	2385
1707.1	2295
3902	2074.5
2402.4	2399.6
2521.8	2481.2
2881	2136.2
2675.7	1620.2
996.83	1828.3
1440.8	1872.1
2522.6	1824
2354.1	2082.1
2336.8	2388.8
3563.2	357.3
1720	2419
2441.7	2392
2251.1	2398.4
2518.4	1848.4
2809.7	1677.4
3356.2	2245.2
1354.7	2065.8
2354	2082.4
1636.3	1977.6
3990.2	887.62
2186	2401.5
1329	2148.6
913	1874.7
2393.6	1954.6
4551.1	3322.6
778.65	851.73
4170.1	65.932
2578.8	2107.8
577.3	2028.6
2101.2	2512.2
2701.7	1560.6
2335.8	2052.1
4489.5	436.17
2619.4	2526.8
2486.8	1836.3
1088.3	1528.5
2782	1846.1
2539.5	1812.2
2860	2071.3
2403.1	2406.8
416.34	2553.2
2914.2	1581.2
1443.4	2430.3
1954	2607.1
2577.5	2108.7
3765.1	859.97
3850.7	2072.3
3915.8	2182.6
4349.2	463.34
1443.6	2430.5
2288.4	2006.2
4370.4	1422.4
2199.6	2468.8
3678	1527.2
2364.3	2310.8
1428.1	2137
458.12	324.65
3273.1	1391.2
3744.6	834.75
2566.2	2497.3
1157.8	1796.1
1790.5	2057.1
1858.1	2375.2
2458.4	2796.5
2400	2301.1
4093.1	2098.8
1228	1793
3438.4	1643.4
2054.5	2684.1
2442.7	2394.3
2496.6	2707.2
2245.4	2757.8
2202.8	2467.6
4743.8	2409.3
225.74	1275.5
512.9	2573.9
3565.4	348.58
2538.1	1813.6
1582.7	2855.6
4070.7	2024.9
2510.9	2833.4
3166.6	1069.7
422.14	2568.8
1294.2	2691.4
2389.8	2267.1
1126.3	1278.2
2333.2	2596.3
4425.2	1153.4
2339.8	2369.4
2531.6	2146.1
2325.1	2170.6
2255.5	2495.1
953.48	2374.8
4514.6	315.21
3286.8	1386.8
2146	2436.7
2334.3	2364
636.06	1545
2811.2	2183.2
4308.8	2063.6
2412.9	2096.8
2095.4	2455.2
1785.9	2055.9
1585.4	2396.7
185.42	2275.9
2239.8	2480.1
1478.8	1864.3
2440.2	1890.9
2308.9	2045.6
3419.7	666.71
1103.8	1912.7
1725.2	2476
3068.9	2273
3954.9	248.4
1934.7	2389.7
2074.4	2671.8
1031.6	1673.9
4242.9	499.57
4421.1	1953.8
239.88	1041.3
2531	2136.5
407.5	2437.7
952.22	2373.2
3535.2	313.27
1482.5	1681.1
1996.6	2642.5
4148.6	2008.8
789.79	2762.4
3777.9	922.97
2176.1	2413.4
2582.8	2091.5
268.14	2175.1
3922.5	2546.9
2437.3	2220.2
525.24	2018.3
2029.2	262.85
3922.4	2526.6
1010.8	1937.4
3070.4	2275.2
2397.5	2814.2
3359.9	2210.5
882.12	2469.7
606.95	1587.2
3581.9	337.46
3379.8	1430.2
832.94	929.29
2713.4	2251.1
913.26	1872
4421.7	1160.2
3222.3	973.95
2264.7	2290.3
3339.5	2241.7
2769.5	2332.9
2591.1	2073.7
2305.1	2023.3
4033.9	2667.9
694.65	675.33
3671.6	2177.3
4037.2	176.54
2442	2393.5
3425.2	1672.8
3804.1	1556.1
1220.8	2353.8
1499.5	2385.2
2028.6	2685.3
199.8	2586.6
3154.2	2062.4
2242.9	2842
2040.7	2463.1
3324.1	2095.6
2353.7	1937.6
976.07	1859.4
204.05	1604.5
2404.8	2305.3
3991	887.65
1191.6	1916.4
1762.4	2434.6
3609.1	273.21
1533.5	2413
1834.2	1231.3
2035.4	266.65
2244.5	2523.5
2203.9	2429.5
868.69	2360.2
1009.6	1932.9
1289.3	1927.8
766.09	2528
397.57	2149.3
1545.1	2277.6
888.49	2720.1
2949.7	1405.3
2539	1660
394.21	1466.6
372.68	343.78
4695.5	2705
3188.2	2799.4
704.9	2341.3
254.04	2171.6
2035.6	2540.9
4369.2	603.4
3416	1567.9
2458.1	2599.8
1724.7	2473.2
1020.7	2316
2675	1823.9
676.34	2111
2654.7	1580.8
3270.4	1846.8
68.065	2055.8
403.08	2143.1
3603.2	1379.8
1221.3	2279.7
491.56	1552.1
2185.9	2385
1989.6	2669.3
1179.3	1504.9
744.73	2702.2
4106.2	681.37
743.17	823.34
4306.7	561.3
2440.7	2218.7
4006.2	2518.9
2725.7	2342.8
422.28	2664.3
670.93	1719.2
3840.5	348.01
1998.6	2427.4
1354.8	1670.6
4112.3	657.05
2118.8	2359.6
2192.7	2473.7
1444	2325.6
1209.8	1534.9
1904.1	2323.3
4143.3	656.04
423.48	2662.4
406.9	2499.6
402.33	1456.1
1197.9	1975.8
455.42	124.48
1786.1	2165
1463	1674.2
3350.3	2249.2
99.656	2239.3
1973.8	897.22
943.89	874.09
1762.5	2340.9
2561.2	2663.5
2849.5	1135.8
3677.8	625.03
2088.2	2694.5
2450.1	1904
1664.8	2324
2163.4	2262.4
432.62	935.56
2727.5	1943.5
658.87	2275.5
1224.6	2349.4
3274.2	2325.3
4036.5	2561.3
1282.5	1678.7
1333.9	2076.9
191.8	1282
2851.6	2072.9
2437.8	2388.8
3736.5	952.65
2959.6	1545.1
4054.9	772.03
4307.6	562.81
3745.9	991.51
2331.6	2391.5
1217	1992.9
3755.2	371.28
633.32	383.08
1184.2	1906.6
3763.2	932
1081	1365.7
1590.5	2886
2674.7	1545.2
977.57	2106.3
971.51	1309
2450.5	1890.7
1887.6	2394.5
2831.6	1400
1003.6	1250.7
1216.8	1427.5
4114	981.64
2712	1547.3
2336.9	2376.7
2602.7	1886.2
2331.6	2393.6
1805.9	2140
191.26	2604.1
4806	1706.7
1506.2	1880.4
212.87	2922.8
1218.5	1852.7
3054.8	1420.1
2376.2	1862.7
1557.2	2178.9
3104	1802.6
3184.2	1186.2
4514.1	327.28
4078.3	715.52
2018	421.54
2329.1	2173.5
2190.8	2327.2
2161.4	2472.3
976.99	1837.3
1310.1	2405.8
1054.5	1194.8
2613	1950.8
1689.6	2477.5
3681.7	627.57
4424	1153.9
1758.2	2263.3
2335.4	2398.7
2688	1952.7
2607	1830.6
1131.5	1438
4516.3	312.25
4831.2	56.916
1834.8	2228.8
1774.9	2347.5
1696.5	2468.4
1209.2	2737.8
2581.3	2231.5
2674.4	1929.7
2595.7	1850.5
3998.9	2034.7
3754.8	371.73
3476.3	2119.3
2192.6	2468.9
4163	2137.1
4014.3	778.22
2625.3	1638.1
2474	2229.7
4642.9	2506.4
3252.7	1577.7
985.17	1501.5
2131.2	2268.3
906.97	1544.3
3993.5	1440.2
2572.4	2110.2
2614.9	1168.5
1082.1	1819.2
1230.8	1795.4
3094.9	3431.6
2113.1	2462
2851.9	2071.6
978.2	2248.3
2000	2699
1106.3	1913.2
2315.8	2426.3
1587.3	2859.4
1051.6	1630.1
2384.6	1859.9
395.23	2148.5
1283.9	1488.7
4279.8	2067.3
1977.3	740.21
3767.4	865.89
1463.7	2182.6
4117.8	1035.1
2745.7	1129.7
3574	2068.7
2685.3	1882
1991.9	1167.6
2574.5	1787.8
584.93	1120.7
450.98	89.152
1277	2090
2136.4	2635
4423.8	477.63
2338	2402.9
395.87	2282.7
3242	2791
1888.9	2343.2
1589.5	2862.4
2667.9	1140.7
3408.2	1923.9
2266.8	2849.4
3399	1859.6
2662.4	2555.9
192.96	2323.6
2145.7	2549.4
1825.1	2378.7
2725.7	1588
934.08	1783.8
3423.3	1434
1721.8	2194
3090.1	1804.5
3658.8	1008.9
1236.1	2171.4
1976.9	740.47
4157	2543
2906.9	1752.2
1017.4	1811.8
943.1	1585.5
2145.9	2524.1
3658.9	2115.9
1357.6	2124
3138.7	1864.3
2556.5	2230.2
3874.9	2066.4
1724.3	2466.2
1446.5	2207.1
1359.7	2046.3
2384.6	2329.9
883.21	2649.2
3635.5	1010.3
1800.2	2400.4
1437.5	2225.5
2341.8	2595.4
2334.9	2399.8
3589.3	547.02
2275.8	2870.3
433.44	934.38
2338	2109.6
4810.4	1943.5
4163.7	2137.6
2725.3	1606
61.279	2102.1
1721.2	2195.3
2689.4	1939.5
736.91	206.89
3708.5	970.77
2580.9	2041.7
1090.7	1827.3
1232.2	1623.7
3163.1	1028.4
3950.4	1848.9
2267.3	2849.6
2303.6	2023.4
188.76	2466.4
544.2	2791.9
375.7	2177.1
2479.6	2109.7
501.81	1386.2
3398	1858
1546.4	2280.6
3454.3	625.21
2836.1	1801
807.27	2386.4
2242.8	2841.9
192.24	2637.7
610.45	2444.9
2602.4	1886.1
2383.7	2332.4
1768.7	2146.9
1169.6	2889.4
1190	1776.4
955.01	1867.4
2579.5	2040.7
3398.3	1858.6
2151.3	2323.9
2151.9	2325.8
3763.5	442.2
695.25	2785.4
1500.5	2236.1
2303.1	2131.8
2204.9	2353.4
684.21	2481.1
3385.4	1434.2
527.92	2677.3
1180.8	3340.9
1255.8	1894.1
2473.2	2212
1262.8	1899.3
1249.8	2290.8
611.99	2557.3
2065	2484
3976.4	786.44
189.28	2394.9
3790.6	2086
878.08	1724.3
4322.7	3428.6
628.84	2059.7
4108	570.2
2760	2559.4
3924.9	2164.2
2473.9	2229.7
1731.9	2139.7
2968.8	2074.7
3193.2	2677.2
2573.6	1935.3
3276.1	2421.9
2182.6	2525
2280.7	2892.9
1775.2	2420.5
3490.8	577.36
3369.3	1185.2
3099.8	2462.2
2957.5	1984.7
691.77	2783.8
2484.3	1722.1
380.07	2701.8
21.31	3205.6
3521.6	1349.2
4164.5	2486.8
398.21	1459.7
3600.4	1375.6
3634.9	1027.8
1976.1	736.73
3777	3463.2
1760.7	2146.8
608.36	2495.4
1592	2529.1
2148	2389.6
3604.3	2189.3
2996.9	1134.7
2867.5	1783.6
4489.5	435.52
756.92	2603.1
2050.6	84.633
2469.5	2211
4375.5	602.08
4085.6	2021.8
380.08	2447.9
2430.7	2538.3
1753	2054.5
3416.5	1546.4
1853.5	2294.9
1347.7	2905.1
3948.5	68.419
2613.1	1951.3
2155.7	2275.4
3780.8	1256.8
3271.9	2417.2
3669.4	2113.6
4352.6	462.46
857.27	1151.8
3739.6	2024.6
1841.9	2117.7
1928.8	2374.1
3925.2	2533.1
199.06	1594.7
1146.9	1341.6
3101.4	1528.8
247.04	2359.2
3787.8	2383.3
1983	2393.5
2135.1	2501.6
2481.7	2112.3
3661.6	2165.4
1291.1	2072.3
2382.3	2799.5
691.88	2784.6
707.32	2257.7
1024.9	1282.8
3146.2	1524.6
2515.6	2230.7
1853.7	2295.2
190.05	2393.9
437.71	2165.5
3510	1958.5
1722.3	2351.8
3207.9	2323
3886.1	1365
4106.9	833.14
2539.6	1393.7
1048.1	1926.9
1298.3	2011.7
2725.9	1589
3714.6	901.46
1015.1	1266.5
588.14	714.88
4161.2	32.903
1271.2	2243.2
3282.6	2749.2
2006.4	2662.1
2586.4	2417.5
2612.3	1953.4
3696.1	1064.8
3163.1	1028.1
1186.8	1517.3
1631.7	2231.8
3382.5	1620.6
1434.3	1840.9
2101.9	2470.7
194.24	2320.9
2117.2	2506.9
878.47	2546.6
2978.4	1155.5
2618.6	2572.6
3698.7	1101.7
878.2	2589.4
3253.5	1486.1
3928.8	2166
4024.6	2141.1
1933	2369
1978.2	2406.9
478.96	342.32
2500.9	1819.9
3437.8	1412.8
598.91	1831
3271.9	2417.2
1992.8	698.56
2440.7	2244.1
2026.7	2607.3
3630.2	357.18
2442.9	2435.3
794.2	734.35
737.11	2260.4
2426.5	1805.3
2556.8	2231.3
2867.5	2072.2
1371.5	1796.8
4308	2090.1
4082.8	400.16
3973	1513.5
2698.6	2239.8
1220.1	1936.1
2328	1963.5
408.73	2377.6
479.7	343.64
645.39	626.22
1124.2	1274.2
419.41	1907.1
878.5	2504.7
3256.4	1077.1
672.83	1459.7
2521.7	1719.5
612.34	2450.1
4203.2	2892.9
1038.1	1891.9
3927.5	2548.4
609.23	1559.9
3177	1430
585.86	490.37
2977.1	1695.4
1218.3	1914.8
