5293.9	1438.5
1702.7	2485.7
1974.8	2252.6
1270	2624.6
1096.9	2495
963.35	1381.5
1407.4	1904.5
7268	626.84
209.35	1318.5
3430	1608
2180.2	4859.1
1361.7	1594.9
1418.8	2381
1910.2	2036
1339.8	2405.8
7241.2	1677.1
1704.3	2328.2
1757.6	2509.3
1020.8	1871
324.27	326.73
4257.9	3398.8
188.57	664.07
1758.4	2536
1625.9	2274.1
1796.5	2181
1019.6	1869.6
348.75	925.58
336.07	1333.5
629.11	1582.6
2147.7	2299.8
2260	2574.8
1276.8	2054.3
3573.4	2302.7
815.21	1722.4
3088	2644
1078	1918.6
1344.3	1560.6
740.75	1588.7
5289.6	1999.9
892.38	1783.2
417.67	1013.1
1077.8	1918.6
1746.9	2541.4
616.92	403.66
4697.6	4384.6
5616.1	2263.6
1211.4	2014.5
816.47	1725.9
1187.8	4790.1
1670.3	2311.2
2175.1	2187.5
1113	2306.3
920.58	1782.8
1056.2	1897.3
958.18	1565.5
2643.8	1142
1023	1188.9
2477.6	2525.8
3277.2	2506.8
1179.6	4793.3
1039.7	1481
1898.3	2451.5
1005.7	1616.8
1723.3	2338.2
1757.5	2473
222.2	2157.1
190.04	632.42
986.59	1857.4
1162.2	4772.3
1666	2095.3
993.8	1854.6
1862	2408.4
1804.8	2070
347.29	1304
3258.6	4619.7
949.77	1567.3
1029.8	2223.2
3245.3	4642.5
1745.7	2449.5
7043.9	502.58
1192.7	1459.9
1627.1	2522.9
7296.6	1514.6
576.53	1462.6
2130.9	2363.9
6919.9	240.76
5107.2	1305.8
1005	1740.4
1111.2	1364.3
1085.4	1711.5
1016.7	2688.4
1758.6	2241.3
2988.3	2884.3
438.76	976.07
620.82	1585.5
910.74	1037.8
258.69	1269.2
5080.1	296.93
1851.3	2261
5751.5	834.34
1501.6	1991.3
2173.8	2224.5
1720.4	2525.7
5075.1	307.79
811.5	1434.9
1849.8	2183.7
326.75	1127.5
3246.8	4643.8
3235	4641.2
1891.2	4662.2
3235.8	4641.5
1393.6	2409.5
1333.1	1822.3
515.41	270.44
7218.4	2792.2
407.16	1431
1862.3	2190
1052.5	1910.5
920.05	1550.3
5463.6	2233.2
283.77	326.64
1052.1	1910.8
4311.4	172.6
3796	1352
1759.8	2276
1618.1	2512.1
356.06	1392.3
1693.3	2324.5
1801.2	2081.6
5079.1	300.88
1803	2175.8
128.54	2103.7
2285.8	2518.6
6854.3	2258.4
3260.4	1400.7
418.81	1396.8
565.66	1460.8
4899.1	4336.2
686.79	2403.6
1358.4	2396
1692.3	2309.8
441.87	1421
1102.8	1254.8
766.27	1656.1
2153	2255.5
1837.6	2246.1
6878	2277.9
6534.6	587.31
1699.3	2497.4
1794.9	2192.6
1482.6	1846.2
197.22	647.89
665.12	1456.9
115.99	547.68
1858.5	2181.5
1582.5	2205.1
687.49	2388.8
1547.5	2179.5
954.96	1374.9
2142.2	2293.4
468.77	200.02
2194	2505.5
6435.1	1275.2
1188.7	1484.8
368.94	1322.9
1411.9	2346.1
1112	1734.2
2161.3	2238.1
1232.2	1543.4
2205.6	2318.1
2450.6	1862
775.37	1692.4
972.98	1888.8
1418.8	2334.9
2028.9	2498.7
2004.6	2478.9
4871.8	918.56
250.16	1219.6
1051.9	1856.7
422.2	1654.3
1687.5	2490.5
1886.4	2513.2
436.18	1389.3
1868.7	2292.1
1230.6	2383.9
1631.6	2261.1
3240.6	4627
2908.5	1189.2
913.73	1544.2
1087.1	1224.1
3104.8	2248.5
194.62	2192.3
1421.1	2355.5
1928.4	2500.1
941.93	968.64
3237.6	4626
1729.4	2433.4
5927.4	1978.7
2452.6	2499.7
3236.6	4626
740.16	760.35
6675.9	1770.3
6816.3	538.16
7199	262.62
1177.2	4807.1
959.88	1778.9
603.95	576.62
2296.5	2546.9
1550.4	2427.8
315.67	1979.7
1738	2191.7
1780.9	2181.3
333.18	1982.2
2204.8	4894.1
1689.9	2425.2
128.42	1920.5
441.51	1447.6
197.52	646.64
2170.7	2242.1
1746.2	2201.8
2201.2	4878.2
2090.9	2479.3
1875.5	2292
5053	3102.5
1609.4	2516.9
7195.6	1454.7
2170.7	4879.6
2201.4	4877.4
1901	2352.1
368.03	925.98
858.72	1676.3
1745.6	2426.8
1545.8	2445.8
4516.9	2697.9
6951.6	954.73
549.74	1484.9
5269.6	763.01
1046	2267.7
1172.8	4785.4
1045.1	1654.4
2119.8	2368.7
1789.9	2175.7
89.335	2569.2
1487.4	1804.7
597.11	1757.8
930.82	1835.2
34.899	2145.8
1756.3	2400.4
1013.4	1643.3
1817	2120.4
2985.5	2146.3
7271.8	2359.4
1177.5	1796.6
3285.2	4720
2172.4	4881.3
612.14	903.31
5975.6	1974.2
2092.2	2576.5
1496.2	1981
1274.8	2349.9
1077.8	2247.3
1762.4	2379.6
546.05	1480.8
3872.2	1781.7
1037.7	2232.3
2169.6	4878.2
1800.6	2085.1
2119.2	2374.5
1938.1	2387.8
4861	1369
214.77	1150.7
1037.6	1873.6
78.722	2618.3
2395.6	1992.3
1460.5	1912
1730.8	2457.4
3868.4	801.44
1903.9	2344.8
1940	2386.4
635.87	637.68
1864.5	2306.4
2846	1141.3
1041.7	1462.3
4997	1868.1
3915.8	2182.6
1744.5	2316
2147.7	2279.8
1637.4	2417.2
1442.7	1652.8
1189.2	4771.5
682.27	2851.6
148.49	2424.2
1690.1	2140.5
1311.1	2375
1996.8	2411
1462.3	1845
2181.1	2310.3
4916.3	2985.6
2232	2287.6
768.57	814.79
2591.9	1828.8
1576	2441.8
1232.2	2278.7
3239	1124
422.76	2848.6
1751.1	2394
1097.5	2855.4
5967.1	1880.2
2005.4	2456.9
1732.8	2330.3
1888	2517.9
432.41	1683.4
1815.5	2212.3
968.75	1777.1
635.81	212.47
3257.7	4648.4
7304.1	1226.3
5390.8	2424.4
2834.9	1139.5
6530.6	69.657
476.11	633.16
2727.5	2626.3
2312.3	2072.4
42.709	1149.1
1131.1	1573.4
2073.9	2482.4
1635.9	1995.1
1795	2264.8
7262.7	624.06
822.06	910.18
1428.4	2343.6
589.51	2070.2
4693.9	2401.6
770.86	1637.5
2316.5	2020.2
2195.9	2414.7
1040.4	1346.1
1179.4	4776.6
2139.9	2315
716.95	485.66
6054.7	1830.8
2129	2376.8
1746.8	2360.1
4329.1	468.28
2344.2	2516.2
2358.9	2636.1
129.78	2113.7
1367	2303.4
3252.6	1533.8
5733.9	2293.2
1955.4	2382
6392.3	2176.6
3128.2	1758.8
4172.1	3167.1
3338.9	1192.7
2165.3	4874.5
1812.9	2692.5
2395.5	2002.5
3003.5	2683.3
3250.7	4633.9
1826.4	2138.2
1672.9	2453.3
2621.9	2470.1
2946.7	1691.9
1005.5	1114
1247.8	2922.5
2056.6	2488
1963.1	2433.9
1457.5	1736.3
2097.2	2339.1
1678.8	2111.7
404.46	2025.1
1791.8	2331.2
1372.9	2397.8
4265	1364.1
448.31	1660.7
2986.7	2158.8
1869.5	2317.9
1342	1563.9
2596.2	1668.1
1681.6	2302.9
1855.5	2193.3
3362.1	1061.9
3127.2	1760.7
1848	2272.4
2298.3	1985.7
1791.3	2364.3
1484.5	2448.8
322.48	1094
934.52	1285.8
3462.5	970.02
1344.5	2382
1700.6	2151.8
5714.9	2502.9
2004.4	2488.8
450.38	1398.9
3007.7	2225.5
624.14	1540.1
555.66	1456.8
1557.9	2027.4
1793.6	2363.9
132.69	1825.3
1823.9	2394.6
1100.2	3338.8
1806.8	2698
1554.5	1930.1
1394.9	2324.4
1848.5	2326.5
1758.4	2252
3179.1	1183.9
795.05	669.3
2560.8	2479.3
1986.8	2488.7
7264.4	1229.3
414.92	1498.6
3024.3	1624.5
2647.1	2155.5
2936.4	2914.4
3295.5	4724.6
1839.3	2183.5
3105.8	1229.8
4105.6	1630.4
6046.9	903.66
3440.2	288.02
1394.8	2322.5
6774.4	699.87
1074.3	1856.5
1820.6	2226.5
3344.3	1017.6
3400.7	1520.2
1484	1875.3
1838.4	2367.4
1183.1	4874.7
5215	2029.5
6049.1	4302.5
1024.7	2349
1793.3	2286.8
1465	1831.7
1482	1951.4
7120.7	703.31
1361.9	2413.2
2048.5	2460.7
1162.2	1959.5
2013.5	2487.2
351.98	2058
649.31	432.84
3207	1481.2
1750.5	2482.3
1485.1	1864.9
1822.3	2711.1
2141.8	2346.3
2164.4	2336
1425.9	2131.5
2325.1	2219.2
574.9	2251.1
1183.6	4873.7
2774.7	2578.6
1786.4	2400.1
942.14	1167.7
1472.2	1953.2
191.23	2129.8
2818.7	2178.7
179.44	2003.2
1837.2	2160.5
1675.7	2029.8
665.89	604.71
615.06	872.99
1649.8	2216.6
3296.4	4723.6
450.41	1391.8
2335.1	2330.1
2174.9	2208.8
1098.8	2535.1
6671.7	1628.1
1695.6	2481
1886.6	2476.2
3064.9	1575.2
3061.4	1568.1
2385.1	1847.2
1359.8	2313
341.25	1415.6
3136.7	1490.6
1323.2	2396.9
1446	1899.6
1726.5	2426.7
1890.3	2659.3
308.82	364.23
814.03	1971.2
1900.1	2326
530.82	2649.2
197.7	1328.9
422.27	2858.6
6039.3	922.95
2624.5	2347.4
2083.3	2469.5
3336.2	1020.6
1783.4	2373.3
3281.8	4717.5
6278.7	4574.1
1002.7	3344
5217.7	1223.2
1615.8	2406.6
6500.7	946.44
5645.4	2431.3
3454.2	1098.3
1753.8	2222.9
5855.4	2432.8
1802.1	2704.4
2320.7	2096.7
1122.8	2758.4
6591.9	1243.6
1963.3	2406.4
1803.3	2712.5
1768.9	2242.1
1849.9	2403.9
626.4	552.04
1340.9	3144.6
3015.6	1471.2
2087.8	2424.2
2188.8	2317.6
1780.3	2356.4
2398.7	2251
605.98	110.81
2884.8	2032.5
987.62	2903.7
1624.8	2501.1
1792.5	2301.7
990.53	1787
1847.7	2417
1790.9	2347.1
1792.5	2290.6
1374.6	2397.1
419.87	2236.3
974.3	1863.8
5790	2211
2701.9	1888.7
2627.9	1686.7
1607.5	1902.6
2117	2561.8
2370.3	2167.5
1708.6	2142.6
87.918	2628.7
1817	2395
2047.9	2474
3328.8	1092.5
5373.8	2254.3
4983.6	2386.3
1674.7	2413.9
3449.2	978.36
3365.2	990.21
2939.1	1394.7
6489.2	1302.2
1499.6	1727
1797.2	2186.5
843.86	1787.7
6468.1	548.85
880.98	2289
1429.5	2315.9
895.84	939.42
635.47	1521.8
2178.1	2242.4
1457.3	1813.2
1750.4	2296.1
1871.9	2314.1
3454.6	1099.3
6303.9	409.59
1725.9	2287.3
1044.1	1867.4
6608	1634
3350.8	1089.1
7218.6	1124.5
2112.9	2486.5
1833.7	2527.4
4956.2	1626
6499.6	589.92
725.95	905.14
1470.6	1900.2
1294.9	2289.4
1475.3	1944.1
1354.8	1586.5
1368.5	2411.9
844.39	1666.8
4180.8	2517.9
869.36	1806.6
1563.5	2049.2
200.47	1336.6
1708.1	2335.9
2175.3	2368.2
1793.4	2224.6
1187.2	4870
2621.9	2457.3
1791.8	2317.7
290.17	242.5
178.54	2007.1
2320.3	2371.1
841.85	2157.2
2290.7	2043.8
1062	1840.9
6276	1964.4
4338.2	2120.1
1093.9	3332.5
1101.7	2254.3
425.37	1737.2
1693.7	2034.9
6666.6	2092.2
398.57	3412.9
342.99	322.67
2158.9	4869.2
1680.4	2716.1
2357.6	2341
2588.4	2207.5
2462.9	1752
2207.6	4868.1
406.67	1650.9
2933.7	2249
6633.1	4744.8
1675.5	2440.7
2432.2	1816.3
4289.4	2993
2363.3	2270.8
495.68	1539.6
113.2	1982.8
1924.2	2479.2
378.12	3399.9
989.28	1286.7
3028.8	1363.8
704.54	820.35
1784.5	2071.8
1758.8	2456.1
1792.9	2424.1
859.68	1222.8
3246.5	1294.6
1971.8	2711.5
2485	1736.7
3117	1014.2
1803.8	2100.9
2325.6	2299.8
2241.9	2341.4
1780.2	2472
2451.7	2229.5
4302.9	1737.3
2324.7	2318.5
3388.2	1630.3
6062	4420.2
661.15	1663.7
6655.4	967.8
1841.2	2256
1044.2	1469.8
124.87	3280.2
2668.1	1548.5
3455.2	1511.4
1697.5	2131.9
1615.8	2524.1
7278.9	236.33
851.6	1670
1016.2	3380.3
974.82	1145
403	2804.1
1966.3	2500.6
1741.1	2414.2
576.45	981.64
1506.1	1813.8
1791.8	2110.3
3262.3	1465.3
963.59	1285.7
745.33	623.79
1711.7	2141.8
1818.8	2697.5
957.16	1353.1
1419.3	2390.1
1780.4	2456.6
5512.4	1329.7
395.34	1431.2
851.44	787.39
2010.8	2407.8
6989.2	236.36
2333.6	2307.4
319.94	1112
3452.2	1771.5
2188.2	2247.3
3291.6	2714.1
3491.5	3094.1
1727.3	2441.3
1848.2	2269.5
1846.3	2264.9
436.49	1718.5
1361.2	2912.9
387.67	3397.9
435.59	1493.7
2468.9	2430.3
585.67	1466.4
3828.8	2664.3
6116	1646.4
2325.6	2078.4
177.45	2896.4
6819.9	537.89
1781.6	2255.1
2162.4	2417.3
1468.1	1956.6
430.03	1707.3
3426.3	1140.9
438.3	1720.6
3332.2	1022.2
2442.1	2411.6
1363.1	1565
1119	1307.9
1421.3	1881.2
1518.8	1709.9
1961.1	2503.6
749.38	745.31
737.34	895.07
3521.6	846.64
1094.6	3361.6
1846.2	2306
2971.6	1103.9
393.27	1432.5
3298	4736.5
1315.7	2296.7
442.76	1680.2
1549.8	2399.8
4293.6	2878.1
1648.3	1989.1
1985.3	2425.6
1635	2447.5
5736.4	1449.4
2082.6	2460.7
1545.4	2540.6
1173.3	2251
3665.2	2171.4
1826.1	2122.9
772.38	623.51
1717.4	2424.4
1774.9	2368.1
2064.2	2401
3800.4	2666.4
1846.8	2378.9
2462.5	1855.2
20.105	1102
1965	2247.3
1439	2420.7
1467.1	1957.5
2021.6	2693.1
5359.4	513.88
2335	2086.2
2082.2	2432.8
7185.1	2284.3
1660	2109.3
4153.4	1578.4
1645.2	2447.7
1868.3	2272.5
465.18	93.224
1494.1	1819.3
1181.6	1633.4
6670.8	1902.4
1766.9	2726.1
1871.3	2499.4
3812.9	3380.3
7077.9	2059.3
478.52	134.8
57.293	2042.9
2200	2389.9
3103.1	1015.5
1845.9	2403
1432.6	1678
565.47	1490.4
1726.1	2462
6722	2750.8
3398.1	726.71
4721.2	2427.2
2455.6	2084.3
1836.6	2263.3
1867.9	2338.2
3800.3	2680.9
451.2	1429.2
1632.6	2429.2
2205.4	2329.7
3296.8	4736.4
1612.8	2018.4
3186.9	1414
6390.7	1136.1
2250.1	2332.1
2259.7	2287.1
4086.4	1539.3
3487.1	873.1
2837.4	1340.1
7139.7	1212
2183.1	2436.7
2900.6	1763.9
3950	1905.8
7022.2	231.28
726.9	909.93
2889.3	2023.2
2667.9	1531.6
1848.4	2289.5
530.98	553.32
2633	1990.3
3952	213.26
3011.6	1669.1
1335.9	1924.8
205.38	2159
2309.9	2596.1
5497.7	1191.1
3003.5	1644.1
1172.1	4885
1881.3	2566
764.3	1593.7
3436.3	1579.1
4719.2	1631.7
1709.6	2068.2
2776.7	1894.2
1765.3	2130.9
455.07	1649.2
1472	1941.5
1901.5	2635.4
1593.5	1891
7227	1544
2148.3	2594.9
1733.2	2379.4
3022.8	1475.1
2732.2	1116.2
685.31	1671.8
1323.2	2364.7
2439.4	2416.4
3298.7	2490.3
6419.8	1433.7
2319.4	1974.3
1659.8	2311.1
1706.2	2143.6
1492.5	1772.7
1063.7	1229.6
3272.3	4715.5
3381.1	1644.7
2623.6	1645.1
2901.6	1242.8
1630.3	2425.2
1932.8	2358.7
3299.9	2469.1
1418.1	2396.1
1693	2437.4
2987.4	2914.5
1837.1	2273.7
5627.9	1449.7
6372.4	408.04
3330.5	1206.4
2377.1	2007.4
1832.9	2531.9
1697.3	2134
1314.6	2884.8
4878.5	886.91
1832	2173.7
4485	274.67
2884.2	2127.2
1492.3	2351.2
2469	2543.5
1169.6	4883.7
1762.8	2346.3
1710.4	2015.9
955.03	1549.4
520.97	1551
5838.1	2411.3
3361.8	998.97
3388.6	611.81
455.68	1658
1046	1864.8
1874.5	2015
434.21	1734.5
57.094	1137.2
3029.9	2567.3
2441.8	2445.7
1692.5	2300.7
1524	1949.2
2987.2	2326.9
1697.1	1152.8
2468.8	1798.9
1860.5	2398.2
862.61	1788.5
1425.9	2427
2143.1	2267.8
1060.3	2084.4
1450	1724.5
3472.7	1088.4
4458.8	1095.1
2346.1	1902.5
1319.6	1931.3
7123.9	2317.8
1867.9	2272.8
1726.1	2201.4
1470	1937.9
1996.9	2486.8
2534	1823
2249.4	2349.3
3225.4	906.21
1194.5	1580.5
1483.9	2095.9
4995.4	747.19
1670.7	2121
2907.1	2669.2
1562.1	2545.8
89.231	2573.5
4995.4	614.87
1951.1	2402.8
1783.3	2339.6
1562.9	2018.1
1610.7	2022.6
3269.5	871.01
1833.8	2518.4
5731.6	2402.5
2008	2400
1372.5	2713.1
906.99	1405.1
3098.3	1290.4
7191.4	427.93
1843	2431.1
2500.8	1696.7
2143.2	2267.4
1108.1	1933.6
814.37	1045.7
1783	2296.1
1174.2	1411
1355	2775.6
3240.1	903.23
5599.9	370.06
918.74	1144.6
1720.5	2346.5
3295.4	4741.1
2512.8	2519.9
2238.4	2298.6
865.49	2752.7
3287.6	831.59
4763.6	84.15
1410.4	2659.3
587.83	1474.2
5297.2	1221.9
1811.3	2130.7
1668.6	2277
2189.3	2369.9
1618.5	2555.5
1120.3	1716.8
2449.2	2407.9
2177.8	2593.2
1714.1	2474.9
3433.7	1986.8
1557.7	1893.6
2332.2	1941.1
2904.4	1691.4
2143.4	2354.2
1837.7	4579.5
972.56	1813.3
1373.7	2323.1
1795.7	2391.7
4803.5	4270.2
1825.9	2447.6
1494.8	1702
1428.2	1687.8
2847	1280.6
2186	2401.5
124.55	558.53
2901.6	1763.4
2609	2557.2
2125.8	2393.1
6999.1	938.61
2614.6	2236.2
1619.3	1927.8
1582.3	2446.9
652.05	615.06
6145.4	2432
126.48	542.34
235.42	1501.3
2647.9	1150.2
5823.6	2447.1
1145.5	4781.5
742.33	784.19
7230.8	1110.8
5413.8	2151.4
1475.4	2357.4
2125.4	2392.7
124.52	559.17
2498	1712.5
2477	2660.1
355.82	2151
348.8	1344.5
1315.3	2309.9
2309	2590.4
1976	2485
2012.4	2606.4
867.55	1794.7
663.05	1441
1432.7	2359.4
1670.9	2067.2
1334.2	1527.9
6832.6	294.66
952.82	1336.8
114.11	1043.1
1975.3	2484.8
225.74	1275.5
1279.7	2767.7
2037	223.2
905.74	1414.2
2759.4	2863.9
1043.9	1641.1
2743.8	1126.4
2590.5	2087.6
1598.6	1903
502.49	122.89
968.45	1803.4
5411.1	2326.5
2587.7	2231
1183.6	2341.6
2240.5	2503.1
6227.5	2326.2
1110.1	1313.2
1271.4	2781.4
1985.8	716.66
3111.3	2198.7
2317.8	2432.9
1360.9	2361.7
3293.4	4719.8
1613.9	1927.2
1796.2	2061.6
7340.7	2306.2
1545.9	2389.4
1824	2703.2
3315.2	808.44
1821.5	2157.5
2217.1	2439.1
3440	1117.2
373.71	351.05
4675.8	232.37
3897.4	1786
7214.4	1118
1728.5	2328.8
3269.9	4641.3
2178.5	2396.8
1833	2253.8
1164.7	1855.2
2232	2321.1
1806.5	2720.9
3240.7	2930.5
1550	2370.2
5451.8	2179.9
2006.1	525.16
126.13	2161.3
754.84	1732
1638.8	1987.2
2486.4	1846.7
1784.5	2112.4
2377.2	1998.8
6486.8	2318.4
2022	2680.6
2555.3	1687
1185.2	2278.3
1018.9	2677.8
1686	2141.6
1572.9	1910.9
3035.5	1094
3394.4	1700.1
2607	2225.8
1687.3	2444.9
1525.1	1901.5
2674.7	1545.2
1062.9	1924.9
7002.5	858.14
1793.4	2307.8
946.34	1868.5
2247.3	2326.2
4476.7	1668.2
4926.8	835.08
625.07	1571.5
2536.2	1379.1
1892.1	2332.7
1958.5	2391.9
1656.4	2110.3
1723.6	2478.4
3507.7	1651.6
2310.6	2112.1
3123.7	1259.2
3473.1	1978.3
2516.9	4631.7
907.02	2884.7
7193.9	1465.3
453.12	1679.6
2589.2	1713.4
1964.4	2485.2
2004.3	2423.2
2092.1	2457.2
539.05	2066.2
894.86	1172.4
2581.8	1701.9
930.46	1394.4
3696.6	1891.9
2216.5	2608.1
7286.4	1533.7
3259	4711.4
806.54	1442.8
6394.2	1092.9
5189.3	2460.4
1719.9	2118.2
2014.4	2470.9
1454.9	1860.3
5140.1	2003.4
1571.7	2469.4
1998.8	2449.7
3272.5	871.88
6776.5	701.16
871.44	902.51
1634.9	2652.6
441.99	774.75
6115.5	3794.8
4275.9	3185.9
1710.7	2456.7
1589.1	2611.3
1758.2	2702.7
6832.6	115.48
3269.9	4643.3
625.82	379.81
2890.2	3196.2
2394.1	2256.9
1877.5	2348.1
2629.5	2353.3
3418.7	684.27
1048.7	2504.2
1964.9	2484.8
1762.6	2187
2177.5	2421.8
5481.8	1792.1
808	883.93
1567.4	2387.1
1566	1911.1
1502.2	1967.9
585.86	490.37
3328.4	1160.6
676.49	1661.1
3327.3	1219.7
1082	1514.5
1903.3	2475.7
6079.3	2334.9
1734.8	2214.2
2952.6	1548
500.08	1288.7
2348.3	1919.9
4881.9	4423.7
138.87	3729.4
1682	2437.7
1992.5	2440.1
1590.7	2650.1
2700.8	1930.9
1332.1	2301.3
1990.5	2439.8
3237.2	4604.3
1204.9	4818.5
3541.4	2208.1
2393.9	1981.5
2450.9	1901.6
692.47	2932.5
5132.2	3103.8
1796.6	2235.3
614.37	568.61
1077.7	1849.5
1728.3	2192.2
1469.4	1937.2
2177.7	2255.4
5332.1	557.22
597.24	1521.6
1425.8	2118.8
3393.2	1441.9
7188.2	302.58
2068.7	2414.9
828.68	1622.1
3291.3	2697.6
1507.4	2408.9
1504.4	2341.3
873.55	1121.6
965.17	1720.7
2947.2	2618.7
3186.6	1749.9
5706.6	463.74
149.71	507.28
3350	761.1
6478.3	1541.6
1058.8	1323.4
2506.7	2647.2
548	2785.6
1206.7	3251.3
5810.2	1263.6
3215.1	933.2
695.06	1625.2
818.02	1837.9
1990.9	2436.7
1681.8	2142.8
410.77	1308.4
781.9	2755.8
2134.9	2420.2
3591.2	1962.8
4732.8	331.01
6666.1	336.1
1284.5	2288.2
1022.4	2845.6
318.36	1106.1
2437.8	2209.5
182.12	2094.5
1281.6	2340.1
1198.2	2257
612.99	524.09
503.85	1384.1
1440.5	1870.2
2583.6	1713.6
3872.4	1771.3
455.37	1388.5
3396.2	1445.2
1834.8	2228.8
1555.3	2198.8
4540.4	974.79
914.75	1556.5
2323.5	2355.9
1923	2488.5
3222.4	975.89
1092.9	1061.2
2951.7	1131.9
672.83	1459.7
2890.8	1749.6
2695.8	4627.4
1154.7	2363.4
2951.6	1683.4
2985.5	1519.2
2588.4	1791
2183.8	2332.5
1590	2435.1
1047.3	1663.2
1732.9	2202.4
717.61	3275.4
1968.9	1331.2
6691.9	2418.9
7233.3	1108.7
1598.8	2108.5
2255.1	2301.8
897.39	1150.1
1725.6	2514
7241.2	611.57
5603.2	1478.2
5006	1442
6711.6	617.06
1179.3	1504.9
1757.6	2426.6
681.63	658.97
2465.1	2525
350.33	1110.6
2292.4	2653.4
1240.2	4744.7
6508.4	2279.2
1092.7	1712.6
1497	1914.7
2299.2	2024.7
6721.4	606.72
6605.5	808.47
3418.6	1122.2
728.12	913.94
4946.2	690.18
230.3	1314.1
1549.5	2223.6
3723.9	2173
334.67	1402.8
1495.6	1995.9
825.04	1725.1
598.91	1831
2450.1	1890.3
2518.4	1848.4
5725.3	2341.7
1564.2	2003.7
4267.7	1043.5
1748.6	2512.9
2131.2	2268.3
3372.8	1039.4
606.95	1587.2
996.21	1090.1
6756.7	3653.9
1449.1	2322.4
831.34	944.61
2028.9	265.08
1795	2239.5
201.27	651.43
5449.3	2659.3
2118.8	2359.6
976.07	1859.4
3118.4	2316.7
1157.9	1456.8
1059	1943.3
2217.3	2403.1
3391.7	727.93
1664.6	2130.9
883.22	1115.3
3395	1739.1
1966	2452.9
2217	2513.8
335.86	1367.3
2316.2	2427.6
1132	1702.5
1185.5	2331
5463.3	1931
1314.1	2345.7
199.69	1614.8
752.92	2358.1
5910.5	1181.9
1916.5	2565.2
2339.8	2369.4
1185	1985.4
945.95	1016.2
1835.2	2364.8
1973.6	2410.1
2189.6	2438.7
2589.8	2219.8
394.11	1529.2
2910.9	1200
2383.4	1857.6
2579.1	2651
194.06	1620
1694.7	2298
1651.6	2718.1
1286.9	3179.8
5159.4	780.98
1586	2394.2
4965.7	191.16
6775.7	1566.5
2731	1119.1
3203.1	1195.5
1179	4796.2
2015.5	2511
6605.5	2324.4
5718.3	2293.1
1696.5	2468.4
2011.3	425.65
1885	2294.7
1784.4	2140.8
4864.9	167.45
917.29	1112.4
2105.8	2564
2031.7	2677.9
3411.3	728.69
3480	1029.6
2317.2	2383
1628	2015
3511.3	1218.8
1211.7	2639.7
482.27	311.54
5639.7	1876.3
7288.9	1316.2
6091.7	2499.3
394.43	2147.1
398.21	1459.7
2782.2	2543.8
1998.6	2427.4
2687.6	1957.4
1083.9	1893.1
1476.1	2175.3
3294.2	4744.8
1098.9	1960
6515.1	490.22
4248.1	3160
2337	1944.2
1624.4	2423.3
952.49	1582.3
2616.1	1728.2
3685.2	3788.8
5724.6	177.13
3353	994.81
290.78	3208.7
2577.5	2108.7
2361.8	1900.6
3691.8	427.06
1759.5	2756
77.223	2334.4
1641	2264.6
3293.5	2648.8
1187.8	2022.9
1009.8	1759
3128.8	1013.2
1999	2470.6
1733.1	2541.6
5171.3	2462.8
1355.8	2807.4
3067.5	1671.1
1138.1	1373.4
1809.5	2225.9
1835.7	2390.2
902.98	727.83
946.09	1016.1
3378.9	742.36
1124.2	1274.2
3299.7	1236
4786.9	2486.3
224.08	630.92
414.47	1527.1
2467.6	1869.2
1873.9	2521.9
2202.8	2467.6
1599.4	2093.1
2251.1	2398.4
2192.6	2468.9
2833.3	2543.8
2836.1	1801
1515.7	1992.3
2986	1733
524.74	625.43
6079.3	663.29
2572.4	2110.2
1735.5	2439.3
3453.7	1046.7
3078.7	1108
2638.5	1659.9
1580	2195.4
5066.1	187.95
3010	1650.9
3395.8	706.63
6550.7	4564.1
1233.9	1836.8
1826	2304.3
275.56	290.06
529.9	569.83
669.59	603.2
2545.5	2492.7
1818.1	2240.6
3119.8	3356.4
579.78	1865.2
582.82	406.72
3253.6	1056.8
615.55	1527.3
2255.5	2495.1
1952.7	2414.3
1872.7	2402.2
686.68	2387.5
4851.2	1479.6
543.57	722.57
2029.8	270.52
3512.7	753.83
1575.6	2204.3
726.48	2316.8
3013.6	1119.2
2618.1	1567.9
5938.8	1747.5
188.2	2149.5
2969	1290.4
4917.9	2599.3
7022.7	891.02
188.31	2396.9
837.08	1835.1
2881	2136.2
685.38	2098.6
1195.1	2052
5470.3	568.69
3088.2	974.16
2567.3	2112.3
1175.9	1487.8
1556.7	2056.7
794.2	734.35
2326.3	2070.2
1214.1	4839.5
202.59	577.75
537.72	1561.6
3319.6	1525.7
2113.1	2462
3422.5	677.37
1491.1	2237
2609.9	1591
1724.3	2466.2
5165.4	897.93
1863.8	2328.7
984.5	1771.6
417.28	1954.9
1775.2	2420.5
7270.1	1517.3
7325.8	2277.8
1179.1	1704.3
3915.5	795.17
3377.5	1485.8
6951.9	1848
2986.8	1501.2
6824	48.814
1817.7	2244.6
7026.2	893.71
1488.8	2032.5
666.76	1444.6
2018	421.54
3391.6	1507.6
4066.1	330.3
870.15	2758.4
6086.2	2390.8
2202	2248.5
1003.6	1250.7
6083	2237.9
1073.1	1183.8
552.17	1498.1
2126.8	2586.9
3113.3	1455.5
1499.5	2385.2
1464.9	1940
2583.2	1931.4
776.44	1777.3
3136.9	2785.3
3276.1	4708.8
2782.4	2063.5
1751.1	1179.5
1566.2	2001.1
4497.2	2494.5
1537	1767
401.2	1641.8
602.18	2675.5
450.98	89.152
1774	2224.2
1198.7	2059.4
2331.6	2393.6
2017.3	423.7
1813.6	2238.6
7299.9	1547.2
2486.8	1836.3
791.87	1582.4
1294.7	2875
4105.8	1292.7
2457.8	2198
2597	1719
1084.5	1386.7
3898.5	1530.3
811.29	1397.4
2288.6	2007.8
4895.1	2085.6
2029.2	262.85
2813.3	1669.4
2618.6	2352.5
2783.8	1630
3258.7	1156.3
614.24	563.09
644.45	1482.2
472.08	191.85
1060.2	1964.4
1503.2	2387.7
4354.5	2497.4
4476.9	3245.4
1635.3	2457.6
572.44	3107.5
1984.2	703.89
1024.1	2228.3
2856.2	1833.6
3093.7	1353.7
457.8	597.4
2962.6	1460.6
1230	1827.7
1785.9	2055.9
736.91	206.89
1675.3	2478.6
4824.2	2477.2
2603	2153.4
1032.3	2876
3098.8	2175.1
2633.1	4080.2
909.88	1077.7
4725.5	4430.5
1928.8	2374.1
3422	1133.6
7179.3	193.95
1752.9	2050
1624.1	2543.5
753.11	1672.7
4325.3	2046.7
49.933	1119.1
1786.1	2165
1860.9	2339.3
1488.3	2143.5
1491.5	2238.5
796.75	1568.2
7119.1	2217.5
838.43	1652.4
1972.5	2486.5
4846	1244.8
1686.8	2479.7
1965.8	1326.6
2375.1	2014.6
3839.9	4216
312.2	342.69
2578.5	2178.5
3110.6	2663.8
616.96	115.11
3504.7	698.58
6003.1	2225.1
1463.7	2182.6
4742.3	2307.9
939.86	1792.5
797.77	2602.3
1446.4	1883.2
1145	1504.8
2449.1	2207.3
2992.1	2246.8
3691.1	701.39
1029.7	1826.8
1492.6	2253.3
5949.2	1741.5
959.19	1862.8
1614.2	2564.2
2331.5	2111.5
763.83	1644.2
2588.9	2247.4
3039.1	1291.7
5275.6	1099.7
3322.7	1100.8
2760	2559.4
41.549	3215.4
4774.5	165.73
1402.4	4706.4
415.92	1300.1
2121.7	2385.4
3251.7	936.93
1830.1	2328.8
1106.3	1913.2
1250.1	2721.5
5559.7	411.78
5764	355.73
2364.3	1873.6
2605.8	2354
1578.9	2214.7
1987.2	642.02
3985.5	705.2
3592	2200.3
1462.6	4715.1
1008.7	1623.5
3420.6	1129.2
3037	1293.3
1517.7	2656.8
999.72	1751.1
296.99	3416
2441.9	2554.5
3092	3567.1
1079.5	1897.4
1057	2321.6
2914.2	1581.2
1310.7	2646.3
2308.2	1997.6
1723.6	2314.6
1503.9	2245.1
1721.5	2421.9
2479.6	2109.7
3635.9	2166
4826.6	2543.6
1330.3	2409.3
360	1439.5
3256.4	1077.1
1639.3	2488.4
516.53	556.47
2601.6	4625.4
1506.2	1880.4
4513.3	1534.8
3368.8	949.14
2836.7	2303.9
6249.5	2135
1037.6	1232.6
3943.3	711.24
6614.3	2414.5
5183.1	2462.6
3337.6	849.89
986.19	1778.6
3174	2795.1
2000	509.43
2684.9	2563.6
2338	2109.6
1834.1	2463.7
1348.2	2310
2697.7	2542.8
1005	2586.9
911.95	1128.2
3037.6	1629.3
5152.5	2455.9
1779.6	2412
680.04	437.82
5810.7	2015.9
2602.4	1886.1
745.1	1756
3262.1	1089
912.98	1022.1
1351.5	2414.1
2975.2	1722.1
2354.3	4652.9
4885.3	2576.2
705.16	839.87
713.59	535.01
503.44	1287.2
3840.1	2150.2
2573.6	1935.3
427.14	2881.8
1753	2054.5
3633.5	503
971.54	1757.9
3363.8	1126.8
1559.1	2178
2693	2650.6
5003.8	19.587
1332.1	2800.6
2458.2	2055.7
6058.8	1225.7
1216.1	4727.9
403.08	1455.8
1815.8	2244.4
2960	1542.8
906.94	725.86
598.53	131.59
2423.3	2559
1086.7	1429.5
1437.5	2225.5
5642.1	2304
2441.4	2248.3
3727.4	2168.7
1717.3	1137.6
624.82	2042.8
1298.2	2116.4
1526	2272
6097	2390.9
996.35	1825.3
797.46	875.02
7315.6	1352.5
677.83	670.19
1427.8	3102.6
5655.6	1310.5
452.79	403.19
5635.7	389.8
2586.4	2417.5
6754.9	2411.8
3371.7	977.17
1973.2	967.43
2069.6	46.095
