5239.6	3270.1
1926.8	2548.7
1988.6	2559.1
43.802	2650.5
6070.7	1342.3
2676.6	2242
1732.2	2590.2
7268.7	2692.4
2687.6	2384.3
1491.5	1532.1
1781.3	2520.6
1372.1	1703.2
1486.5	1844
1531.7	2247.8
1907.2	2548.7
1824.6	2538
2077.1	2318.7
1732.2	2607.4
1288.9	2478.9
1563.2	2469
1806	2466.4
1583.1	2191.2
2709.8	2466.2
1548.8	2223.2
1947.8	2574.2
1560.4	1238
2194.1	4857.9
1119.6	832.73
1663.6	2628.1
3290.2	974.4
2430.5	2706.7
2046.5	2469.5
37.829	3003.1
4177.3	3350.1
1170.5	2021.5
5951.7	1438.6
3764.2	1817.8
1506	1897.1
5094.1	1010.2
1541.3	1906
4110.9	2694.8
1796.5	2156.7
5039	1879
1310.6	2517.8
1189.6	1756.6
2928.2	2517.3
1150.1	1756.2
3793.7	3633.8
4279.6	2432
2581.7	2277.4
1853.7	2384
1551.5	2161.5
1757.6	1814.6
1770.3	1858.6
1086.3	2400.9
2376.6	2265.1
2197.9	2279.7
3136.2	1511.2
3863.4	3585.3
2638	2298.3
1568.6	1946.9
3584.5	2633.6
1072.2	3157.3
1733.1	1814.4
1724.1	1986
1742.2	2610.2
3648.3	2247.3
1732.3	1972.4
2234.8	2178.2
1627.9	2419.1
4809.4	19.552
1728	1973.4
2680	2252
7151.5	1315.5
1625.8	2395.5
1317.4	2572.1
972.78	2674.9
1538.9	1274.2
2674.8	2277.1
5959.7	1467.6
1558.7	1790.5
1544	2003
1406	2158.4
3247.3	4641.1
2678.1	2233
652	2605.5
5032	2127.2
1173.8	2031.3
2056.4	2450.4
3250.6	4641.9
3133.3	1727
1172.1	2033.9
6947.8	2501.4
670.73	2702.1
1531.5	2247.6
1808.4	2510.1
2735.6	3040
6513.4	1694.6
2461.4	2140.6
1047.8	2103.7
164.03	308.82
4148.5	3260.4
1944.8	2553.5
1565.6	2266.3
6453.4	1398.9
6805.4	350.7
2681.2	2290.3
1861.2	2369.7
1601	1397.7
1551.9	1920.3
3270.1	3331.4
888.78	2582.1
2587.3	2428.7
1157.3	2357.5
1499.1	1551.7
1568.4	2476.3
5205.8	61.72
2051.8	2481.4
2106.2	2451.8
1869.5	2220.7
2650.3	2233.6
1169.2	2100.7
2054.3	2459
179.79	308.35
891.92	2384.3
2025.4	2440.2
1623.1	2389.2
6660.3	1330.2
5259.5	1664.8
5542.9	2504.1
1528.5	1684.6
1200.5	1395.7
3049.1	2311.1
1519	1764.1
3259.7	4643.3
2288.8	2045.6
1783.8	2058.3
6678.2	2673.5
355.09	633.99
1781.7	2070.5
2691.7	2291.8
2066.5	2488
1785.5	2046.6
1768.4	1864.5
1640.7	2431.8
1519.8	2245.8
1628.8	2378.8
2658.1	2288.9
1513.1	1580.9
1177.3	2103.8
2678.9	2240.9
5512.5	1244.4
1545.7	1992.7
7027.2	1323.2
2683.6	2244.8
3251.3	4626.4
1549.8	1677.5
1852.9	2161.4
85.807	774.97
3155	1555
3381.2	2180.9
1148.1	2403
1479.6	1560.9
1598.5	1853.7
3014.9	1985.4
1860	2191.7
1596.5	2229.9
5776.3	1715.2
832.82	3024.3
1863	2231.9
1307.8	2506
1686.5	1920.5
1541.3	2257
5529.3	3350.8
1607.5	2426.6
2208.2	2218
3368.3	1444.9
1800.8	2122
1801.6	2538.1
1136.5	2099.6
7063	1485.2
503.12	2288
2106.5	2448
1393.5	2157.9
1605.6	1868.8
3254.9	4627.2
1151.7	2001.9
1737.6	2300.8
1886	2529.3
1740.3	1971.5
1558.8	1784.4
2026.7	2414.7
1431	2754.9
1447.6	2521.8
5882.6	1455.2
1519	2246.5
2171.9	2306.2
5962.6	1480.5
2056.3	2493.8
1494.4	2447
5092.2	2088.8
5818.5	2070.2
1679.3	1646.6
1926.7	2470.9
1141.1	2409.5
1862.6	2201.7
2040.4	2487.1
1510.8	2492.4
1629.6	1575.7
2687.5	2353.6
1476.4	1782.3
1575.4	1967.4
2423.2	2101.7
1731.4	2598.4
1305.4	2507.9
2184.1	4878
3605.4	1394.1
1942.5	2313.6
1600.1	1781.6
1413.5	2113.9
5027.1	66.423
2682.9	2266.2
3173.1	2558.8
1860.9	3921.4
1161.2	2397.7
1488.1	1555.3
1125.1	2099.9
3695	2770.7
1651.9	2039.6
1653.6	2431.7
2213.9	4878.8
1384	1207.9
1213.2	1758.5
1710.4	1740.3
1673.4	1688.4
6522.6	1481.2
2215	4876.3
1094.6	2407.1
1889.7	2522.5
2185.7	4880
2215.7	2173.5
1533.7	1298.6
1534.7	1667.7
2512	2428
1580.6	2208.2
1186.5	2043.1
1175.7	2040.8
4515.2	3685.9
3515.5	2291.5
7059.6	1470.7
1558.8	2440
2183.3	4877
2503.8	2872
1502.9	1803.8
6946.1	2487.3
1278.1	2511.7
1541.6	1614.6
2078.7	2479.6
1025	2399.3
2220	4894.7
7061	1483.5
5471.7	1622.7
1632.3	2431.9
2689.8	2276.3
2425.4	2100.7
6012.9	1305
1969.6	2455.9
1458.7	2237
3710.4	2779.7
1506	1547.9
35.248	1417
1841.5	2271.2
1495.2	1919.3
2974.2	2307.4
6672.6	2296.1
160.24	347.09
2073.2	2478.9
5417.8	1770.2
3608.3	960.43
1900.7	2312.3
3187.1	2846.6
1470.4	1513.8
5066.5	1678.6
1508.1	1876
3173.7	865.45
2005.4	2414.3
1620.7	2002.1
1814.1	2542.4
1853.7	2196.8
1532.1	1636
1639.2	1863.1
2499.2	2091.6
3625.5	945.69
1894.4	2554.6
6685	1356.8
1535.6	2448.5
1623.9	2038.7
1177.5	1946.1
1558.2	2224.6
1599.9	2430.9
1177.4	2104.9
1989.7	2477
1255.7	2621.9
1917.4	2547.6
1480.1	1499.3
1744.7	2161.1
1812.3	2571
1231.1	2529.2
1514.6	1520.1
5357.1	442.76
2282.5	2075.7
1451.8	1974.9
4871.7	1291.9
2015.5	2364.4
1812	2096.6
1856.4	2170.3
1866.1	2201.7
1512.1	1885.3
1855.1	2226.5
1186.3	2031.2
1649.8	1863.8
1394.4	2328.7
1642.1	2415.9
993.68	2650
2644.3	2224.7
4335	90.323
1071.8	2406.8
1676.1	2569
1634.9	2394.2
122.75	209.35
1443.1	1807.7
1145.3	2401.8
1738.1	1799.2
4229.8	89.406
2075.4	2461
1706.9	2399.8
3065.2	2318.6
1514.2	1316.3
1719.8	1980.3
1285.9	2017.6
2320	2409.6
1539.9	2292.2
1878.8	2306.4
1030.1	2405.1
1417.6	2521.7
2260.2	2240.5
1791.6	2065.4
2457.2	2249.4
2365	2179.9
1638	1838.8
4577.6	889.41
1394.2	2421.1
2086	2451.2
1585.5	1774.2
2839.3	2468.2
2218.3	4892.9
1969.8	2435.7
3970.2	591.57
3266	3353.5
2036.6	2474.2
5148.8	4009.7
2139	2308.8
2164.1	2386.8
2907.5	2729.6
5110.7	1754.7
1458.4	1604.7
1200.7	4769
1554.4	2615.9
1750.3	1841.2
1612.5	1860.8
1780.1	2107.3
1816	2514.1
96.164	211.48
2004.4	2451
2076.7	2448.7
1814.5	2566.1
1638.7	1849
1852.3	2233.8
2025	2451.7
1778.6	2444
3867.7	1017.3
1691.2	1913.6
2179.3	4873.5
5145.8	2127
1506.3	1534.2
6661.8	397.22
1184.5	3353
5545.2	808.78
1749.7	1843.1
2516.7	2433.9
1165	2357.2
1296.4	2556.6
1970.2	2473.4
1177.1	1715.2
1267.8	2552.8
1544.7	2461.5
1380.5	2503.6
1257.9	2532.3
1964.6	2313.8
1694.5	2307.8
1907	2460.7
3515.3	3166.2
1630.7	2048
2015.9	2363.2
1875.7	2607.8
1698	1745.6
2097.1	2471.4
5520.3	1879.5
1488.6	1945.9
377.7	3098.7
1151.5	2320.8
1273.4	2502.8
1796.7	2733.3
1400.3	1496.5
1474.8	2254.3
430.15	3521.4
1555.8	1929
4104.7	3191.2
2782.3	2379
2657.9	2273.7
5468.7	2043
3044.4	2293.9
2186	2309.2
1512.6	1643.4
1497.1	1424.6
1329.4	1486
2691.2	2280.3
5479.9	229.34
1494	1486.3
2425.3	2114.6
1162.6	2010
2331.1	2174.7
6173.5	1984.1
4651.6	3046.8
1997.4	2587.5
2055.2	2083.2
3612.6	240.69
1414.4	2061.4
1615.8	2415.4
2489.1	2265
1533.8	2484.3
570.55	2229.8
1509.7	1547.6
1961	2473.4
1661.4	1656.5
2219.3	2244.3
1833.6	2453.7
4457.8	1211.6
1467.7	1545.8
1913.9	2489.8
2318.3	2363.2
1065.7	2873.3
3310.2	4725.2
7015.1	1315.7
1496.2	2101.7
1871.2	2228.1
1793	2534.7
3360.5	2370.3
1550.5	1998.7
1794.2	2721.7
1145.8	2505.3
1709	1933.4
1393	2372.1
2344.3	2161.7
2195.7	4884.1
1547.6	2051.6
1140	2516.4
2301.2	2650.6
1627.5	2386.9
2925.7	2171.6
1291.6	2579.9
1717.4	1941.7
3311.2	4724.1
1489.8	2126.8
1194.1	4872
2521.2	2388.2
4143.7	1342.4
1546.6	1682.6
1137.7	1979.5
3585.5	2949.4
1876	2274.2
4443.9	365.51
1272.4	2499
2095.5	2459.2
5071.2	875.47
1718.9	1841.8
2366.2	2425
4332.1	1347
2978.5	2293.1
1149.4	2322
1780.7	2112.5
1751	2333.6
1295.5	2530.9
1870.5	2201.1
2391.1	2311.5
1504.9	1568.1
3081.5	2326
1704.2	2499.9
1794.7	2084.7
1164.9	2096.9
2866.9	2346.6
2666.1	2385.6
1215.9	4771.1
2039.7	2459.7
5391.8	1122
6936.1	895.73
1784.1	2132.2
1573.6	1801.4
678.43	2843.5
3267.7	4618.6
4615.7	143.22
762.75	2349.4
544.77	2499.5
1977.1	2425.4
3265.1	4634.5
1528.8	1277.9
1468.9	2107.1
2228.8	2159.5
1745.8	2440.3
1509.6	1907.3
3296.5	4717.9
2326.4	2423.1
5277.4	1953.3
1059.3	2030.1
2221.8	2200.6
1480.8	1194.6
2892.3	2345.1
1369.2	1225.9
1645.7	1877.9
2393	2312.1
1749.8	2131.3
1134.7	2078.2
1561.8	1969.8
1549.4	1695.9
2253.3	2116.3
573.16	621.45
1256.3	2481.1
1716.5	1841.9
1823	2452.1
1853.3	2476.3
1190.5	4773.7
4712.4	280.6
1857.3	2346.2
2076.5	2451.9
1143.3	1458.2
1172.2	1935.9
1133.2	2022.9
6576.6	516.56
366.58	591.76
1573	1982.9
1982.4	2474
1721.8	2444
3777.5	2054.2
1197.2	1734.9
2162.4	2408.5
5445.1	3266.5
5392	4776.2
6417.7	994.82
1519	2249.8
2294.1	2253.5
311.29	498.13
3273	4649.1
4706.2	1137.6
1925.7	2284
1776.2	2145.9
1719.7	1967.3
3288	2656.6
1162.3	1725.1
5809.1	262.23
1093	1758.8
2713.3	1867
6060.2	410.28
2691.5	2606.2
2985	2322.1
1752.2	1807.3
1370.9	1479.6
1592.7	2042.2
2036.2	2460
5154.6	1867.1
5739.4	126.35
2989.7	2315.4
1233.7	2463.4
1264.3	2528
4811.2	2371.8
1478.1	1534.2
489.74	1823.2
1178.2	2080.3
1918.8	2531.6
1554.5	2473.5
1279.5	2522.3
1525.5	1300
1556.5	2476.5
1074	2104.4
1343.8	2341.7
1302.7	1420.7
1170.5	1982
230.11	2882.9
4284.3	1990.2
3066.3	2471.2
1522.3	1360.2
1723.2	2027.8
2917.3	1945.9
1166.6	1967.6
1536.3	2180.8
1976.3	2477.9
1186.9	2082.1
4197.5	3317.4
1278.7	1437.6
2017.2	2417.2
1037.4	2296
1313.4	2530.7
1628	2411.2
1695.3	1767.8
1593.7	1791.4
5575.1	576.74
1537.2	2164.7
2094.7	2502.4
5777.1	2017.9
1232.4	1413.2
7039.5	2716.8
5769.4	2052.4
4219.6	129.27
1502.8	1233.1
1838.7	2378.7
2677.8	1878.9
1177.8	2617
1539.8	2279.8
6758.4	2471.7
2066.8	2479.8
5453.3	1876.1
1597.1	1572.2
2114.3	2368.6
1583.2	1467.2
2583.8	2418.6
1140.4	2072.4
301.54	2191.2
5396.6	295.7
1609.2	1900.6
1742.3	2171.4
4485.3	207.3
1549.5	1819.8
1717.9	1749.8
1140.9	2059.2
1248.8	2541.7
1724.4	2000.9
1425.7	1399.6
1958.9	2479.5
4993.6	2575.4
5833.2	1120.3
1682.8	1710.1
1778.2	2457
1743.5	1837
1699	1738
2887.8	2360.8
3001.3	2365.9
5366.8	1896.6
1754.4	2388.9
4494.2	2812.1
1726.3	1837
1250.7	2529.4
4973.7	244.16
6500.4	1673.4
4020.1	1725.1
2030.4	3246.6
4739.6	926.4
1450	1774.7
1088.2	1745
1584.3	1455.1
5847.1	1384.5
1833.3	2318.4
1520	1321.4
1996.6	2479.9
2974.5	2323.6
1543.7	2071.8
2663.4	2268
1308.2	2570.5
2522.8	2262.3
1068.4	1928.5
4852.5	1377.9
3968.7	1135
1153.1	1498.7
2175.9	2420.7
1739	1856.7
1515.8	1396
1101.6	2400.3
2415.2	2405.9
3076.2	2481.4
5396.2	29.368
2221.8	4867.6
1639.2	2519.8
1212.3	1481.8
1751.7	2112.6
4512.6	172.83
4557.8	3835.6
1962.8	2443.7
3966.9	256.15
2317.9	2426.8
1921.1	2317
5179.2	918.22
5273.7	341.98
893.38	3161.2
2005.3	2445.4
6946.6	892.78
3095.1	1975.5
5973.1	194.5
3072	2289.2
7064.2	2288.6
5178.1	919.92
1630.2	1565.5
1613.5	1863
2630.5	1939.9
1561.7	2232
1030.7	1927.6
1642	1831.3
1952.8	2538.8
1916.6	2528.1
5570.8	175.78
1329.7	2553.3
1967.5	2643.9
1078.8	2516.6
1516.9	1284.7
589.55	1899.3
1450	1727.4
6605.9	384.23
1612.7	2649.5
3548.9	3089
6589.4	1378.2
1067.3	2511.4
2309.7	2412.7
1742.7	2662.5
1734.2	1998
1518.2	1361.8
3306.6	2512.9
2165.8	4066
1153	2081.4
1295.2	2507.9
1681.1	1664.1
6671.8	1590.9
4538.1	457.8
1021.6	2511.8
2617.2	1928.7
1483.6	1468.8
1405.9	2249.9
3723.6	2326.3
1300.6	2519
1489.4	1247.1
1629	1631.3
5310.9	297.74
4413.9	351.79
2098.5	2353.1
1899.8	2528.6
2332.6	2148.3
1480.6	1508.1
1210.3	1459.9
176.22	2232
6667.3	470.77
1217.9	1619.5
1238.3	1526
1638.5	2411.9
3473.6	2525.6
674.81	2920.3
3056.8	2675.6
1398.5	2377.7
3313	4737.1
4582.7	452.19
1996.7	2472.2
2468.1	2409.9
788.44	1172.4
5589.9	1989.3
1533.4	1646.8
6089.9	1440.9
1512.9	1397.1
1172.9	1498.9
2695.7	2300
5205.7	125.88
1578	1975.9
5295.5	299.81
4028.5	1309.9
5254.8	2687.6
657.68	1619.7
1577.4	1868.9
2696	2287.2
1282.1	2554.6
1363.6	1319
1331.7	2555.3
1362	1320.2
1741.6	2191.7
1408	2529.1
1337.5	2521.9
6730.3	483.29
5052.3	204.53
5045.6	425.8
4136.9	1284.6
1398.5	2521
1339.9	1525.3
1132.6	2094.3
1808	2564.4
1724.2	1872.4
1898.5	2472.6
1034.2	2338.9
6489.6	980.21
1611.5	2154.9
2517.5	2247.1
2170	4867.3
1717.3	2298.8
5293.4	299.85
5429.9	1116.6
3312.3	4736.6
2613.8	1926.1
1510.3	2203.4
1809.4	2579.6
1591	1491.8
2063	2243.7
1363.3	1445
3216.9	1042.2
4218.6	245.77
1139.7	1997.8
988.11	3028.5
4979.8	175.67
2178.9	2290.9
1799.1	2459.7
2315.6	2398.5
6433.9	2574
5671.1	286.36
4916.3	503.68
6068.2	689.77
1520	1326.6
5973.8	52.695
1552.9	2200.5
1965	2325.3
5971.7	1504
5343.5	1563.9
1625.8	1949.9
6402.7	1220.9
4348.3	110.53
2641	2020.7
5553.7	1303.8
3068.8	2455.8
1054.9	1832.5
446.85	2758.7
1165.6	2016.5
2954.5	1954.5
1301.5	2520.4
2984.9	2285.4
4583.9	1486.1
656.4	1967.4
474.56	2352.8
1544.4	1916.4
5290	299.5
1735.2	1898.6
1155.7	2329.8
6336.9	1319.9
5013	2567.6
5290.9	299.25
1945.5	2633.1
1782.3	2351.8
1808.7	2134.1
6999.7	1258
1905.9	2609.5
3169	1476.6
5418.4	1229.9
1702.7	1784.6
1161.1	2040.2
6542.2	442.08
6395	989.19
2619.6	1945.5
1216.1	1664.8
5215.7	101.62
2377.8	2127
4890.7	264.57
7026.9	888.95
1488.1	2012.6
2586.7	2357
3794.7	2446
2154.6	2356.2
6720	1560.5
1145.6	2323.1
1176.1	2007.3
2546.9	1963.6
5533.8	1776.7
1559.8	1949
1180.7	4880.9
4430.1	307.64
1738.9	2448.1
1708.7	2016.3
2398.9	2307.7
1515.6	1358.4
6286.6	1087.7
590.97	2860.9
6055	409.14
1160.3	1989.9
1247.7	1522.5
1522.7	1308.9
2002.6	2377.9
5142.7	383.7
592.05	2044
3650.4	1709.3
1432.5	2522.4
3943.8	1422.9
1793.1	2452.2
1120.9	1639.6
1531	2161.8
1780	2033.4
2290.1	2029
2604.6	2845.5
2433	2414.4
1281.8	2488.4
1834.8	2444
1308.1	2547.6
1853.8	2402.9
5235	108.07
1513	2317.2
5241.6	1541.8
1073	1899.6
2210.8	2244.1
1177.8	1652.8
1617.1	2431.1
4598	609.55
1944.8	2611.5
1471	1583.5
3523.7	1191.8
3852.6	2697.6
2338	2401.9
1281.4	2500.8
2176	2380.3
1144.7	1954.9
1377	1704.1
5499.7	138.59
4006.4	2002.2
3065.9	2027.5
1906.6	4685.4
1506.3	1554.4
1425.7	1372.3
1636.5	1578.8
5325.9	225.99
2359.5	2413.6
1166.8	1679
2660.3	2592
1190	1724.8
3730.1	681.66
2188.9	2317
1421.5	2056
2087.4	2450.5
3452.7	844.36
1629.9	1734.5
2468	2103.1
1162.2	1974
6097.3	1318.1
1261.5	2505.3
5175.3	2074.1
3236.9	2247.3
4922.4	488.41
1291.5	1621.3
4766.2	1025.6
1267	2473.7
1145.2	1492.5
4843	124.41
4971	1261.5
3833.1	491.59
4987.5	466.46
6949.9	2664.1
1441.4	1793.5
1143.8	2078.7
3007	2072.9
1454.8	1799.4
3311.1	4741.5
1274.7	1527
3144.2	1564.1
1474	1526.2
4703.7	130.26
385.29	611.08
2356.9	2399.5
2334.3	2400.3
5193.7	117.36
1546	2448.9
6506.5	1688.2
5395.1	856.15
1211.6	1521.3
1221.4	1395.7
2707.2	2855.1
5908.7	45.846
1859.9	2326.8
2428.6	2403.3
4605.8	588.64
6490.7	515.18
5397.8	191.08
2191.7	2318.7
4604.3	2822.7
6707.4	475.53
2494.1	1994.9
1755.3	2069.8
4460.9	335.28
1845.8	2168.5
1433.5	1972.2
5770.6	1410.5
1551	2509.8
1520	1723.8
669.86	1757.3
4906.3	574.5
1199.4	2104.3
6938.5	1334.8
1593.3	1349.1
7063.6	1137.9
1752.1	2097.9
4579.8	1791.2
3087.3	1970.7
1307.9	2587.6
1467.9	1461.5
2720.7	3046.8
4791.6	1582.6
4503.8	198.48
5056.8	188.48
1124.7	1954.3
3488.6	2096.6
6001.6	24.832
1816.9	2083
1720.8	1968.9
1202.6	2032.8
1290.5	2518.1
4641.8	621
1211.4	1659.3
1358.7	1525.3
2011.4	2390.7
6140	626.1
1719.8	1854.8
2024.1	2375.8
2196.9	1219.4
2375.6	2186.3
1242.7	1464.5
4980.8	216.76
4263.2	63.067
918.05	2434.9
3203.9	1484.5
1305.2	2578.6
1951.6	2315.1
4707	395.76
1498.6	1350.8
2175.5	2377.3
1295.6	2574.5
5967	674.99
2787.3	3119.2
1583.6	1780
1551.2	2493.3
1482.1	1880.7
1803.6	2452.5
1563.9	2129.1
1387.7	2521.6
2105.4	2512.8
4838.6	307.15
76.145	769.79
1708.5	1936.4
1162.5	1708
5297.2	392.28
2092.6	2483.8
243.73	1143.5
2187	1233.6
6719.1	482.02
2251.7	2296.5
4997.7	166.47
1679.1	1927.5
2389.8	2316.5
2522.8	2428.3
2354.3	2175.9
1142.5	2399.8
1809.6	2449.6
1994.4	2542
4275.3	655.68
6442.8	398.92
1053.6	2514.1
1452.5	1603.9
5524.1	992.58
4384.2	2012.6
1551	1811.5
5926.9	557.24
2250.2	894.23
6079.9	496.7
774.76	2923.3
6491.6	512.59
1524.6	2235.6
1526.6	2167.4
1207.5	2106.3
5260.3	1500.1
1062.9	1984.9
3284.9	4641.8
1138.1	2326
1510	1423.7
5116.1	411.92
159.74	335.92
6051.1	400.11
6149.5	695.53
6358.2	1361.1
4276.7	3218.7
1157.4	4778.3
353.13	1849.7
4885.4	239.77
1241.6	1410.2
1119.6	1667.8
1707.9	1727.5
5063.2	783.28
1810.1	2519.7
1109.6	1958.3
1524	1824.9
2810.8	1911.2
1665.3	1667.7
1713.1	1962.9
408.81	3145.7
4971.6	1266.3
1486.5	1433.6
6438.9	2599.3
1671.4	2037
2350.1	2306.1
1161.3	4777.4
1546.6	2286.8
4420.8	2943.6
2398.5	2323
2957.4	1955.7
1837.6	2375
1207.1	1687.7
3840	2279
1386.2	1529.5
5020.6	176.71
1307.3	2567.6
2372	2395.3
4582.5	3897.7
1556.3	2004.8
1611.9	2010.3
5129.4	471.8
1344.1	1507.5
1437.1	2329.1
2042.2	2499.4
1117.3	1958.1
1426.5	1591.6
5402.1	279.16
1040.7	2406.3
3806.3	2928.2
1808.1	2156.8
33.642	1965.4
2867.9	2336.4
1335.4	1460
3121.9	1967.5
1431.7	1367.7
60.376	779.49
1608.7	1506.7
3300.4	4718.7
1726.2	1803.7
2353.1	2173.3
7105.9	2712.2
2442.9	2151.4
1409.7	2102.5
1508.8	1376.2
1508.1	1378.8
2968	1966.3
3284.6	4643.4
6160.5	702.68
1289.8	2554.5
2125.2	2662.3
6077.6	495.31
1317.2	1654
1128.6	1488.2
1408.8	2513.6
2796	2628.2
2016.6	2445.7
6568.7	527.73
5321.7	230.21
1499	1466.6
4997.4	469.25
1303.2	1474.6
2736.7	2928
3132.5	2630.7
1459.6	1595.2
1279.1	2019.8
6400.2	275.38
2611.5	1936.9
6357.7	1266.6
3127.4	2771.8
1174.3	1390.7
7318.8	1309.6
1557.4	2524.8
2190.7	1236.2
1758.3	2348.4
1731.4	2056.3
2205.3	1125
1802.1	2093.1
1679.6	1896.7
3234.4	3094.7
3820.4	2287.4
1723.3	1956.5
2840.7	2443.7
1402.1	2509.6
2506.9	2125.6
6924.7	2339.8
1777.4	2460.9
4861.5	157.64
2102.1	2503
1575.1	2039.8
1474.6	2038.8
1399.2	2334.7
2993.2	2100.6
1789.3	2510.4
6641	558.92
1415.4	2335.6
4830.2	286.35
2015.7	2405.7
6030.4	68.337
2939.7	2925.3
1528.4	1290.7
1600.2	1689.9
5481.3	919.28
4678.7	406.44
1127.7	2013.6
5207.6	121.36
5961.4	1523.1
4675.8	412.73
5047.7	445.05
2230.4	2264.9
1774.2	2061.5
4615	135.03
5584.7	126.41
6778.4	505.51
1321.3	2561
1480.1	1388
1198.1	1652.9
1070.8	2362.9
4541.4	290.37
5344.3	223.49
5139.3	54.884
4826.9	539.52
1964.5	2426.1
4023.3	1885.1
5060.8	1361.2
1465.1	1550.9
5217.3	1303.1
5261.8	59.375
4579.9	881.83
5975.5	1519.6
24.245	2353.7
6673.7	488.68
3596.2	2948.2
6524.9	380.03
7023.2	753.76
6837.4	946.93
2269.9	780.88
1588.9	1326.8
3569.8	2350.2
2434.3	2657
2990.3	2302.9
1557.5	1258.6
2730.7	2725.3
1481.4	1352.9
1586.1	1722.2
1826.1	2311.1
4977.6	188.92
1578.2	1449.9
3857.5	948.37
1520.7	1239.4
5651.6	157.86
1577.2	2007.1
1517.1	2315.3
6506.7	579.83
4564	674.5
6334	1362.7
4977.6	1812
3415	2357.4
1505.9	2191.5
1605.9	1499.8
2465.2	2117.9
1916.9	2556.3
6405.7	1707.3
3391.7	2343.5
1417.3	1490.5
1958.7	2446.9
2390.3	2323.3
5556.3	648.23
5481.9	4870.8
3787.8	1837.8
5934.9	986.95
3068.1	2548.8
5785.2	1020.5
4676.2	412.06
5388	205.39
3313.2	4662.1
1175.3	1645.2
2793.2	4630.1
5965.7	660.75
4805	12.939
6511.1	589.2
1957.7	2441.3
4963.9	1268.2
1377.8	2529
5461.2	824.92
1894.4	2304.5
6118.9	730.38
4332.3	455.41
5650.6	159.91
2256.2	2405.9
1545.7	1939.1
6534.7	2462.3
4248.9	3342.5
1969.2	2466.1
5208.6	116.42
6569.7	523.6
2582.7	2279.7
1082.1	2111.7
1216.8	1427.9
551.1	1936.3
5982.2	1513.2
4569.7	481.72
3066.1	3117.7
1503.9	1470
1104.2	2510.4
2372.3	2516
1571	1700.2
1590.4	2130.7
1475.3	2035
1036.9	2097.8
1366.2	1193.5
1978.6	2434.1
2222	2213.1
1162.4	2030.1
570.4	2570
6399.9	317.72
5196.8	84.072
1872.3	2482.7
6255.5	2509.6
1772.9	2502.8
3721.5	2332.2
4140.5	1608.9
6356.5	246.53
3054.5	2304.5
6353.2	886.77
2229.5	2223.5
1093	1910.2
2362	2138.2
1574.6	1450.6
5048.4	789.46
2188.1	2269.6
1682.6	2607.9
5465.8	818.46
1247.6	1393.3
1407.2	1472.9
4853.5	1306.6
1444.2	1603.4
5350.9	166.61
5570.4	649.36
3802.8	2419.3
1597.1	1508
7140.8	192.71
5865.1	1117
1245.2	1397.6
4627	406.53
1410.2	1384.8
2170.1	2301
1788.5	2466.2
1238.6	1411.8
1598.6	1592.3
538.09	3348.6
2238.9	2281
6870.7	406.33
5638.7	696.51
2275.7	2299.7
6838.2	943.97
4821.1	1086.8
5014.6	124.46
5863.6	1480.3
1371.3	1528.1
4867.7	186.47
2672.2	2298.7
5911.5	35.538
1932.4	2522.5
4194.8	3351.8
1113.4	1999.3
4562.8	587.28
2672.9	2006
5068.7	2488.7
5443.5	823.67
5185.1	876.99
4666.3	425.09
1716.5	1907.5
5264.1	935.4
1682.4	2580.9
4427.4	314.45
5404	182.05
1387.8	1474.4
2017.3	2383.9
3779.2	2035.8
5574.6	1468.4
5407.2	833.08
1440.3	1594.6
2344.2	2144.6
4659.5	1708
3781.6	2318.9
1772	2345.7
2599.8	2620
1542.1	1824.9
6923.3	979.92
2616.9	1986.2
4979.3	479.48
4409.8	1243.7
1606.1	2489.5
5380.5	215.85
2680.7	1886.5
3091	2672.9
5066.6	406
1644.2	1968.4
2743.1	3031.5
1166.9	3395.7
1222.4	2004.8
6289.7	1158.6
2864	2468.6
2968.8	2327.9
5324.4	2690
1706	2025.9
1575.9	2303.5
1781.9	2372.9
2074.1	2366.8
1921.5	2476.4
5594	667.38
4565.2	3676.2
4242.8	2590.3
5081.9	981.52
1163.9	1768
3251.5	3046.7
5097.7	729.65
1758.6	1952.4
4596.2	1150.6
7030.8	2577.5
3857.1	657.95
4845	107.83
1385.4	2703.1
1490.5	1396.8
4955.6	168.94
4970.8	117.08
6626.2	1246.1
1682.5	1706.3
1170	1093
1171	2063.3
1781.7	2130.6
1582.1	2324
1075.6	2281.7
1190	1565.2
4519.4	498.65
5928.5	1102.9
1193.7	1623.9
2154.2	2328
457.17	2383.1
1332	1448.3
5330.5	311.06
1977.4	2335.9
3876.7	860.06
1686.2	1723.8
6174	556.01
1381.8	1541.3
1201.3	1524.4
2659.7	1906.3
5584.3	659.15
4838.9	278.03
5322.7	1246.1
2711.3	2264.5
489.73	1675.5
1116	2402
2766.5	2363
1697.4	1759.2
5753.1	250
2641.1	1914.9
1565.2	1750.3
6874.2	429.23
1156.3	2343.5
4624	205.58
1448.6	2281.9
1550.6	1653.9
1439.9	1592.4
1838.5	2484.1
5351.4	192.35
2799.8	2363.2
1184.7	2098.8
5514.4	866.9
1683.2	1713.5
1579.6	2499.8
2254.1	2280.6
1384.6	1475.2
4256.9	405.13
5045.8	793.82
4898.5	222.3
1696.2	1659
6157.4	583.35
2015.3	2428.8
2578.6	2027
2364.5	2361.4
3927.5	2695.3
4813.2	1952.8
578.96	843.2
5979.2	715.12
2862	2454.7
7002	1514.9
1569.9	2035.6
6501.3	964.08
1538.3	1403.4
2564.6	2051.5
2991.1	2657.2
4253.4	3092.3
4954.2	62.413
1712.3	2201.3
1813.1	2134
6712	1165.6
2519.2	2801.3
5948.7	976.61
249.26	3161
1769.2	2713.9
1036.8	2268.6
5356.3	226.24
5065.9	785.03
1516.6	1215
1404.3	2596.4
1415.8	1409.1
4072.1	3328.6
345.65	3416.8
1562.7	2568.5
5358.4	192.39
2168.8	4669.4
1712	1768.7
2896.3	2421
612.04	2735.5
2823.9	3161
3055.1	2362.4
1649.7	1626.3
5396.8	201.8
3813.6	2134.8
5453.9	1571
2297.5	2115.4
1781.1	2365
6135.6	55.137
1485.1	2305.9
3266.2	2632.3
4530.2	247.15
1215.3	1680.3
2876.3	2332.6
2198.8	1209.4
2355.2	2147.9
1783.5	2011.3
1151.1	1713
1959.1	2358.8
5550.6	1218.9
5314.7	183.83
6294	1133.1
1227.3	1570.1
6332.8	883.59
1227.5	1764.1
4767.7	1020
1340	1574.8
736.63	2137.3
5961	1080.3
1120.7	1996
6048.5	419.83
5223.6	356.89
1499	1904.9
4620.2	220.62
4912.8	514.99
4955.7	1024.9
4656.9	1485.7
1946.7	2332.2
6428.5	983.06
2834	2738.7
6196.4	690.3
1158.4	2303.3
136.12	3001.7
7148.1	1300.6
2906.1	1861.9
1070.7	2368.9
6068.9	1171.2
5599.3	114.3
5167.7	1867.8
2291	2023.1
2235.6	2223.3
6485.5	948.64
4828	31.497
4800.3	1864.1
5107.3	3997
5449.4	850.96
6864.8	1034
502.17	2713.5
1689.2	2553.6
1504.7	1317.9
6570.4	1246.3
5749.4	241.33
3811.5	2330.8
3068.3	2363.5
1118	2401.1
3088.1	1957.1
1278.3	1480.5
1380.9	1225.3
2974	1796.3
2954.9	2200.5
5106.4	1889.3
4532.5	240.43
1630.6	1896.8
2814.2	2631
1581	1731.5
2269.6	2238.6
5542.6	2515.1
5564.1	585.87
1604.9	1823.4
6542.9	287.45
2864.1	3164.9
5962.1	1077.5
2445.6	2412.8
6414.2	520.56
1324.7	1556.7
5086.7	725.99
6050.8	72.535
4689.9	1885
4681.9	1675.9
6862.5	2577.6
3828.1	955.07
1403.1	2502.7
2254.7	844.63
2019.5	2380.9
1594.8	2421.1
3085.5	2472.7
2425.4	2711.5
2863.4	2336.7
1272.3	2573.2
5487.2	920.89
1181.9	2050
4597.4	432.26
2409	2388
4645.3	408.7
4652.5	580.99
6472.1	527.1
7227.6	996.27
4609	1101.7
382.32	2956.1
2896.8	2398.6
2433.8	136.81
1155.6	1449
4497.7	137.12
5244.7	66.615
4323.9	290.5
6594.7	373.07
1653	1678.8
1753	1983.8
1587.6	2308.7
5306	927.46
4585	3884
5000.4	486.35
2483.9	2121.1
6860.3	781.83
994.39	1453.3
2648.6	1897.1
4874.2	267.11
3234.8	2088.8
7028.6	868.92
4336.8	1888.1
4377.5	157.76
1153.9	1709.7
2927.9	2254.2
1434.1	1604.8
4857	253.83
2822.3	1909.2
5766.8	1798.7
5904.9	691.72
6321.4	1116.7
2243.1	2251.2
1597.4	1835.3
4905.9	1337.9
7119.7	4846.5
5034.1	498.6
4374.8	471.76
4276.7	36.993
2904.5	2497.1
1486.9	1542
5941.8	2033.3
1994.7	2465.3
2138.5	2657
6530.9	372.4
3370.4	1626.6
2859.7	2339.5
1957.1	2407.4
4374.5	701.25
2727.1	2214.9
161.12	2018
5411.5	1138.1
6876.1	626.48
6905.3	1223.9
5190.7	132.95
1622.6	2370.2
2144.3	2430.5
1119.6	2263
5482.4	848.26
1512	2294.3
1516	2503
3830.2	2329
1149.4	1814.6
3748.1	2317.6
4260	1048.2
6862.2	1053.4
4826.9	235.41
1154.7	2287.5
5971.3	649.35
1391.8	1761.3
5662.1	2051.3
5657.7	1157.6
1656.1	1631.6
2402.5	2322.6
1306.1	1479.7
1146.9	1906.7
1996.7	2646
1024.1	2498.8
5042.8	478.6
3105.1	1742.2
1661.7	1875.1
6357.2	971.44
3076.8	2496.2
5796.8	1100.7
6470.9	974.22
6695.4	1087.2
1203.3	1485.6
650.86	1568.3
3949.7	1162
2094.5	1822.7
1518.5	2173.3
6256.1	754.33
1323.6	1551.5
1350	1474.3
1660	1755.4
4394.6	1820.9
5082.4	979.72
1568.8	1824.7
798.08	2456.4
7018.4	763.07
6073.8	236.11
2354.1	2133.1
4445.7	2002.5
4933.8	51.384
6953.6	2563.1
2448.5	2596.3
3082.3	2677.1
5901.1	105.45
1528.3	1756.2
6192.1	581.36
1993.3	2454.5
4771.6	1507.2
7214.6	150.35
495.61	2896
1547.4	2137.5
1717.1	1813.1
7317.9	1300.8
1475.5	2030.9
1698.4	2182.1
1593.8	2424
5062	1858.3
1636.9	1822.5
7173.1	898.97
3775.6	123.37
1909.2	2538.7
4566.6	359.23
6806	508.6
3639.8	540.87
1562.9	1286.5
5874.9	1491.7
6491.2	303.45
1558.7	1746.7
1531.7	1942.9
3078.8	2457.2
1570.3	2505.8
4640	429.55
1699.7	1811.5
2177.9	2279.9
4846.7	317.43
371.41	2048.6
5372.4	199.3
7048.6	2273.7
5192.6	94.907
4624.9	385.02
3689.6	2906.1
6737.4	477.8
6721.2	1367.8
1497	2621
5729	1525.6
6734.8	455.35
5260.5	1559.9
2512.5	2601.6
1370.8	1658.3
1963.2	2460.8
5471.1	874.86
1589.2	1335
1307.2	2553.8
995.18	2214.7
1602.7	1600.7
1254.2	1650
6713.3	1347.9
1751.4	2700.5
5520.8	2494.8
3953	2703
1783.6	2502.7
3408.3	2365.4
5770.6	1376.1
1488.7	1814.2
2435.3	173.04
5904.3	668.64
2569	2086.9
5938.8	598.48
2532.4	2365.7
1553.7	1756.7
6940.7	1336.5
4062.8	1378.7
3871.8	3005.5
1479.5	1630.3
5717	735.47
2145.7	2371.4
2307.9	4657.2
2364.2	2372.9
5460	827.4
1322.2	2104.1
3290.1	4709
1302.5	2419.9
2381.7	2309.2
1464.2	1634.7
4930.4	50.452
2187.6	1204.1
5564.3	581.55
5410.8	26.055
5109.2	983.97
2348.5	2379.3
2385.2	367.49
3952.7	1323
1359.1	2519.7
5813	40.209
1483	1419.7
2365.7	2113.8
3034	2340.2
6844.8	926.77
1773.6	1906.3
1196	2062.9
6678.3	543.8
6748.2	2366.7
5449.8	848.32
1544.4	2192.1
1599.1	1355.5
6418.4	1624.7
1511.1	2206.4
2156	2401.8
3868.1	2154.5
5655.1	2028.7
1289.9	2565.1
1573.6	2611.8
2350.1	2129
842.88	3964.4
5154.2	937.62
5516.5	1416.6
7069.7	850.14
2334	543.16
2015.3	2479.5
5465.4	683.26
2359.7	2343
6687.6	1395.3
4976.4	194.52
1391.1	2502.9
5559.1	355.72
1210.3	2433.6
1571.1	1694.1
1494.3	2086.6
1831.5	2306.7
1511.3	2193.1
4774.4	596.74
3069.6	2489.2
1790.6	2434.5
1220.5	2410.2
3858.4	2691.6
1190.4	1774.9
1704.1	1787
5401.5	583.96
6723	127.53
1554.7	1949.4
4866.5	305.04
6710.1	655.23
4984.1	953.16
1681	2597.2
1697.8	2704.2
3997.8	3317.7
2046.5	2434.4
937.67	2311.7
2887.9	2383.2
3029.4	2074.3
1534.2	1294.2
1314.9	2601.6
1546.5	1834.3
1838.9	2436.6
1210.2	1392.1
219	2318
1705.6	2716.9
815.12	2596
1320.9	1534.9
3625.6	3426.4
5506.3	4724.2
1571.8	1298.2
5222.4	1408
2148.5	2369.9
6011.9	33.099
151.5	856.1
6189.1	585.95
299.43	4315
6339.3	613.2
2100	2374.5
3219.7	1827.1
2390.5	2804.3
4881.4	1291.6
3812.7	2162.8
4552.2	394.08
4009	2076.5
1669.9	1753.2
5828.4	998.19
690.51	1949.5
6389.6	534.21
6098.7	1328.1
2338.9	2385.4
3562.4	2063.1
1469.9	1331.8
2641.3	2256.5
1453.8	1581.2
5868.2	1509.7
6539	298.92
4085.9	503.96
115.22	826.46
5153.5	957.79
6860.5	1055.7
788.7	1167.2
3107.1	2793.3
2601.8	2549.3
1660.3	2530.4
499.86	1637.5
1110.6	2407.1
5070.8	788.16
6374.5	987.23
1478	1658.8
1901.9	2609.2
1594.6	1371.8
6166.1	555.5
1517.3	2213.6
