2506.6	2782.1
1865.1	2569.8
1924.2	2578.7
1518.3	2637.1
3534.8	2094.9
4310.4	1686.2
1564.1	2636.2
1214.3	2533.8
708.61	2352.7
1255.3	1038.5
1656.9	2532.8
1432.4	2655.4
1639.7	2064.4
1428	2210.1
1840.5	2569.3
1718.7	2556.9
2034	1866.1
1563.9	2661.6
2335.6	2509.2
1327.2	2456.1
1736.1	2466.7
768.49	2699.4
1477.8	2886.5
1450.4	2183.7
1891.6	2602.8
1397.7	639.48
2182.5	4854.6
4363	1514.6
1466.4	2690.7
1275	1219.3
3305	2855.3
2655.4	2777.6
3693.8	2666
1091.5	2158.1
732.96	1755.8
4030.5	3006.8
4249.9	2787
1257.9	1611.3
1216.3	2283.5
1341.9	1672.7
3219.5	1599.7
1725.8	2100.1
1034.2	2620.8
2379.6	2576
795.79	1361.6
3751.2	2616
740.77	1362.3
4303.9	3626.8
4270.8	706.18
1094.6	2160.7
1799	2375.6
1350.7	2035.5
1676.9	1658.8
1694.9	1728.2
588.54	2339.6
1365.1	1880.8
2179.6	2273.6
4267.6	404.45
3970.3	2889.8
2547.6	2240.2
1385	1744.1
2071.1	2529.7
1536.4	2140.7
1645.5	1658.6
1628.9	1869.4
1578.2	2665.8
4054.1	1933.8
1640.1	1853.7
2222.9	2159.5
4308.9	1796.6
1090.1	2418.9
1634.7	1853.6
4319.3	1717.7
1059	2151.5
845.58	2179.6
2390.5	2667.2
1215.5	2509
1362.2	691.7
2574.7	2224.1
6918	1340.6
1541.5	1799.6
1344.4	1809.5
1052.7	1962
3235.1	4637.1
2576.2	2191.1
133.82	1108.4
6820.2	2768.5
735.75	1770.3
2026.1	2455.5
3238.3	4637.9
5949.8	2052.9
734.23	1774.4
1086.6	1895.5
1220.6	1196.4
1573.2	2284.9
1696	2520
967.3	3046.2
6307.7	1741.3
2918.5	2303.9
556.46	1881.4
217.5	245.63
1769.3	2609.5
1886.1	2577.1
1413.9	2207.6
6821.7	1372.8
100.73	2790.1
4326.8	1838.3
1807.6	2359.4
1454.6	946.27
1430.2	1792.2
3267.7	2882.2
109.81	2853.8
1116.3	1525.9
687.89	2271.5
1264.6	1070.5
1334.7	2467.4
1473.5	2151.2
2022	2489.3
2077	2459.9
1819	2191.1
1679.2	2205.4
721.6	1875.6
2023.8	2464.9
230.68	249.07
1057.2	2148
2076.8	2450.1
840.34	2160.9
6892.9	1316.1
104.02	2866.3
4879.2	4204.6
1312.4	1312.5
875.75	859.89
3759.6	2256.6
1290.1	1421.3
3245.6	4639.1
2289.5	2006.5
1709.7	1978.1
29.68	1604.6
216.19	244.51
1707.7	1990.7
4354.2	1845.2
2037.1	2496.2
1712.4	1962
1692	1734.1
878.92	2288.6
1499.1	2251.2
1696.2	2205.3
2562.7	2233.1
1285.1	1130
733.42	1879.6
2979.5	2419.6
6339.2	2435.6
1528	2000.1
6133.5	1475.6
4328.2	1696.4
3239	4622.1
1347.9	1312.8
1799	2120.1
117.95	720.96
4364.4	1524.7
5065.6	2472.9
673.31	2342.9
1237.3	1076.4
1580.4	1861.9
3482.3	1773.2
1807.4	2156.3
4348.4	1543.1
4026.5	2951
6331.2	2444.1
1810.5	2202.9
2372.7	2554.4
1576	1769.3
1441	2223.1
1306.2	2703.2
2557.5	2229.1
2186.4	2204
2729	1822.1
1731.9	2059.3
1687.5	2557.6
677.33	1874.2
1144.5	1688.8
87.864	1239.9
2077.3	2456.2
5013.2	2394
1587.7	1877
3242.6	4622.8
710.63	1727.3
1644.4	2260.2
1813.3	2544.1
1650.3	1852.1
1471.2	1675.4
1995	2420.9
4380.7	895.36
2634.7	2582.8
6138.4	1438.9
1564.2	2284.4
2149.4	2305.1
2178.6	4893.1
2026.1	2502.2
1218	2422.2
2602.6	2411
5222.8	2411.3
1568.4	1394.3
1887.3	2477
662.46	2352
1809.1	2167.4
2009.2	2495.4
1254.3	2489.9
1494.7	1254.8
5466.8	2099.5
1632.2	2026.3
1393.6	1772.9
2486.7	2026.1
1562.8	2647.8
2367.7	2560
2172.8	4874.8
1808.9	2469.7
1906.8	2311.9
1439.3	1523
1064.7	1893.6
1000.6	1900.1
4329	1762.4
2734.4	2148.8
780.77	4600
692.76	2336
1248.5	1072.7
660.71	1875.1
2321.3	2180.8
1523.5	1912.4
1330.5	2428.3
2202.4	4875.5
1164	613.77
823.54	1363.3
1612.9	1545.3
1558.9	1452.8
6129.4	2058.3
2203.5	4872.8
601	2348.4
1817.3	2536.8
2174.2	4876.4
2203.1	2153.7
1352.7	722.27
1323.5	1287.6
2673.9	2413.7
1559.8	2214.9
752.12	1788.4
737.83	1783
3133.2	2880.9
5975.6	2191.2
1137.7	1735.3
1303.7	2413.2
2171.9	4873.6
1550.8	2478.5
1257.9	1467.2
1087.7	1885.6
2316.1	2566.3
1340.4	1224.3
2049.5	2488.3
508.75	2336.2
2208.5	4891.2
1165.3	1564.5
4221.7	2098.9
858.39	2288.9
2988.3	2444.7
2489.2	2024.9
5792.6	2620
1934.8	2461.9
2700	2137.4
1214.9	2438.4
1275.3	1065.7
986.42	1986.2
1490	1989.4
1306.8	1276.6
3435.1	2233.1
7341.6	2314.4
213.05	283.02
2043.9	2486.3
1490.3	1382.8
3669.8	2769.9
1863.2	2309.8
5288.7	2103.5
1226.9	1007.4
4353.1	2721.7
1263.4	1580.8
4267.4	794.9
1973.4	2420.3
1474.4	1849.4
1704.5	2563.1
1799.9	2162.2
1322.6	1243.7
1504.6	1670.1
2614.8	1984.3
4077.4	2488.4
1822	2577.4
1152.5	624.04
1270.5	2426.6
1476.7	1896.7
751.43	1641.2
1460.6	2185.3
1673.6	2241.9
684.07	2350.6
1955.6	2484.4
4991.4	2486.1
1853.9	2568.3
1242.7	987.21
1654.2	2089.7
1701.6	2602.8
2224.3	2595.2
1290.4	1022.9
5565.5	393.82
2284.6	2041.8
1229	1838.1
4666.6	1381.8
1983.9	2368.9
1745.5	2028.2
1804.7	2131.4
1812.3	2167.4
1267.8	1592.1
1800.9	2195.7
754.31	1772
1518.5	1670.7
1032.6	2160.3
886.15	2243.4
1093.4	2602.4
1675.7	2199.7
2819.3	1994.4
569.8	2347.7
1487	2603.3
1700.1	2216.6
175.37	136.8
1144.3	1430.9
669.73	2341.2
1653.6	1639.1
1705.7	2079.9
2045.7	2469
1372.5	2231.8
3779.5	2267.6
1321.4	743.12
1624.3	1861.4
893.63	1748.5
2343.4	2405.5
1436.6	2338.8
1839.7	2303.5
516.94	2344.3
2578.8	2581.1
2255.8	2221.6
1719.1	1986.6
2646.2	2167.8
2396.9	2132.5
1505.3	1637.6
4637.9	238.58
1022.7	2373.2
2056	2459.3
1420.4	1514.1
3225.1	2469.8
2175.8	4878.4
1935.1	2441.2
4602.2	169.16
3674.3	2867.4
2005.1	2481.8
6365	2256.1
2113.7	2313
2140.8	2390.9
1411.3	1490.2
6245	1420.7
1195.4	1138.6
1189.3	4766.1
1314.7	2669.8
1665.9	1694.5
1535.5	1776.6
1703.9	2035.8
1706.7	2525.8
152.78	137.72
1972.3	2458.2
2046.4	2455.7
1702.4	2595.9
1504.7	1653.4
1798.2	2203.9
1993.2	2458.7
1700.9	2439.2
1544.6	2160.9
1582.6	1761.8
2167.9	4870.2
4801.2	2418.2
1277.5	1045.8
988.15	3310.3
4858.5	2884.5
5713	559.78
1666.3	1695.5
2680	2422
698.85	2271
2349.6	2641.7
1934.8	2480.5
786.88	1303.4
2296.8	2636.7
1283.6	2443.7
2510	2550.2
2276.4	2600
1930.1	2311.9
1586.1	2264.1
1862.3	2461.4
2910.3	2314.5
1484.9	1908.3
1984.4	2367.1
1438.5	1242.4
1598.6	1551.4
2069.4	2478.7
868.64	988.07
1223.3	1673.6
6741.9	1584.8
682.34	2214.7
2306.5	2549.3
6840.1	1310.4
1130.4	984.89
1181.6	2132
4921.5	4269.1
1465.1	1841.4
3104.9	2662.7
3136.4	2336.3
2966	2444.2
2147.9	2825.5
3767	2233.7
2164.5	2309.5
1477.7	1681.1
1278.3	888.67
1035.5	974.94
4354.2	1811.9
5870.5	2120.3
1260.1	970.48
2491.5	2037.5
722.26	1738.1
2357.7	2127.9
2561.9	2548.4
1019.9	3173.2
1952.5	2621.4
2044.7	1875.9
3891.9	2986.5
1072.7	1813
817.47	2242
2482.2	2136.9
1283.5	2478.6
2062.1	739.47
1281.2	1067.7
1924.6	2480.5
1545.7	1406.3
2205.1	2231.5
1772.4	2453
2742.6	2314
1217.4	1055.2
1874	2498.8
1573.5	1788.8
1090.9	1467.8
3298.2	4721
6935.1	1379.8
1228	1910
1820.3	2199.8
1676.2	2553
6242.4	2169.9
1532.6	2006.3
3916.7	2712.8
666.06	2501
1612.9	1801.6
1099.4	1598.4
2373.7	2110.8
2184.4	4881.1
1351.6	1888.3
660.22	2518.6
4072.5	1501.5
1312.6	2395.2
3595	2136.7
2343	2681.1
1622.8	1813
3299	4720
1216.6	1940
1184.5	4869.2
2666.7	2362.9
4946.5	2394.5
1343.1	1320.4
694.13	1691.1
297.64	2671.6
1782.2	2263.1
4656	909.33
2303.5	2543.3
2066.8	2466.1
4846.2	898.12
1627.5	1689
2397.1	2423.3
1262.2	1479.8
3441	2211.7
679.86	2215.8
1704.3	2041.9
1661.4	2307.3
2350.4	2596.8
1817.6	2167
2562	2220.2
1274	1099.8
3584.8	2263.4
2592	2126
1725.2	2006.9
715.2	1868.2
3268.7	2289.7
4299.6	2134.8
1205.1	4768
2009.4	2469.2
5620.5	1080.7
6632.1	979.45
1707.2	2065.5
1556.5	1811
145.94	2315.2
3255.2	4614.3
4762.2	85.16
6825.6	1386.5
4343.1	1336
1942.2	2429.6
3253.2	4629.1
1350.4	693.43
1322.9	2050.4
2219.5	2135.1
1654.9	2432.6
1263.8	1629.2
3284.5	4713.8
2349.6	2420.7
2064.9	2671.3
581.78	1771.8
3861	2743.1
488.17	966.7
3305.1	2288.4
632.04	675.4
1575.7	1798.8
2564.9	2221.9
1661	2055.1
676.01	1842.7
1374.4	1772.3
1345.9	1340.3
2245.9	2088.1
6390.8	1053.4
2273	2513.5
1623.4	1689.1
1759.6	2450.7
26.033	1596.1
1181.1	4771.3
4555.4	410.88
1803.4	2333.2
2045.5	2459.1
787.37	945.51
745.36	1626.2
683.82	1758.2
6744	399.44
199.59	121.56
1389.3	1791.3
1947.8	2481.7
1105.7	2508.3
3799.7	1472.9
808.07	1335.2
2137.3	2414
603.79	1692.2
3928.9	2763.7
7183	909.77
1563.5	2288.5
2300.6	2230.1
1365.4	1251.7
3261.2	4644.7
1228.3	2174.3
1889.9	2280.6
1699.7	2088.5
1624	1846.2
5952.1	2777.7
763.81	1319.7
4756.3	744.43
663.76	1367.7
3030.1	1598.1
5799.2	535.42
1655.3	2432.2
3450.5	2255.1
1670	1650.2
1093.4	965.12
1573.5	2049.8
2006.1	2467.7
17.536	1242.9
5506.4	260.83
3456.5	2244.6
2232.2	2489.3
2288.8	2594.4
1219.4	1523.3
1237.2	1039.1
1489.6	2344.5
738.23	1844.5
1853.8	2548.4
1315	2462
2318.3	2583.1
1342.2	723.82
1316.7	2468.4
591.45	1882.2
1105.8	1391.2
1011.1	886.05
734.95	1696.3
5291.9	1470.4
678.37	674.08
3557.3	2477.2
1327	804.07
1627.1	1920.7
3341.7	1706.5
734.04	1674.9
1517.1	2187.1
1941.3	2485.1
751.06	1845.6
4885.4	2421.3
975.65	912.78
1985.4	2423.3
530.04	2176.1
2381	2599.1
849.53	2230.6
1593.9	1579.9
1429.6	1535.7
5330.1	704.24
1329.7	2038.4
2068.5	2512.9
2967.4	2894.8
915.58	881.64
1937.5	2513.4
6853.9	1427.2
1412.6	1563.4
1319.7	631.6
1780.1	2367.5
2979.6	1605.7
3674.1	2506
1435.6	2317.8
626.17	2305
2037.5	2486.9
6436.6	2143.9
1385.9	1504.1
2085.1	2374
1419.9	1034.7
2734.5	2593.5
684.38	1833
12.826	1587.4
5601.7	248.77
1510.9	1789
1651.5	2104.1
4719.2	724.1
1532.6	1829.1
1623.3	1558.2
685.21	1814.6
2258.5	2616.2
1630.3	1886.3
1184.2	855.76
1922.8	2487.6
697.08	1340.8
6083.3	1087.8
1575.5	1496
1701.4	2454.5
1658.1	1688.3
1482.9	1198.3
3302.6	2312.1
3476.1	2320.2
681.7	2336.4
1667.4	2370.2
972.15	1575.3
1636.4	1685.7
2263.3	2595.1
5151.3	185.97
4041.4	2225
4837	1482.6
151.11	1411.1
4915.5	874.22
1153.6	1380
662.52	1352.4
1424.1	1011.9
5563.5	1460.6
1705.6	2234.6
1329.5	750.81
1963.8	2487.7
3436.5	2257.8
1343.1	1910.6
4278.6	1762.3
2373.2	2663.3
2703.7	2148.2
606.23	1619.3
6074.1	1174.1
5068.1	576.41
705.83	1367.9
2154.2	2425.3
1652.2	1712.1
1311.6	851.62
609.99	2337.7
2474	2396.8
3572	2492.2
5197.6	165
2210.3	4864.1
1499.7	2529.3
882.13	970.28
1663.7	2034.4
4650.8	110.58
5734.9	2602.6
1927.3	2448.9
4377.7	1847.8
2339.3	2425.1
1884.5	2312.2
5877.5	713.87
4698.2	650.15
3288.2	1749.6
1973.1	2452.3
6642.5	976.24
3590.8	1763.6
5728	321.22
3802.8	2228.1
6956.8	2119.8
5876.6	715.35
1496.1	1241.2
1466.1	1656.9
2866.6	1726.8
1541.3	2238.1
950.76	3071.7
1510.9	1631.1
1896.9	2556.7
1851.6	2543.8
172.94	986.6
2411.3	2633.5
1900.2	2727
575.85	2517.3
1332.3	701.03
1384.1	1869.5
1329.2	753.1
6331.2	491.24
1645.6	2197.7
5884.1	338.04
6206.3	2630.9
560	2509.4
2328.3	2407.8
874.36	2866.5
1640.3	1884.5
1320.7	805.45
1149	2690.1
5663.2	2862.2
701.18	1846.1
2349.8	2558.8
1571	1415.8
1655	1910.6
5826	1832
498.33	2508
2847	1710.2
1252.2	948.54
1533.2	1412.2
6970.6	2101.2
2358.4	2579.2
1291.1	652.63
1496	1347.7
5513.1	246.21
4621.4	887.9
2070.8	2357.5
1830.5	2544
2359.3	2096
1241.9	996.26
877.25	945.73
1597.5	2050.4
6387.4	578.41
859.7	1169.4
901.32	1033.3
876.07	2228.4
745.98	2583.2
1413.8	728.49
3975.3	3011.7
1030.2	2304.6
3301	4733.1
1457.9	2064.7
1964	2479.8
2553.8	2400.4
3631.2	1469
4107.5	1529.5
1323.6	1259.1
390.91	1350.8
1306.9	853.7
70.811	1812.8
2589.9	2240.4
5393.9	76.549
1559.8	1984.9
5494.8	248.58
4287	3663.7
5393.8	2810.7
3647.4	1516.7
1464.4	2048.3
1324.2	2425
2324	2636
3508.6	2003.5
2416.6	2641.6
753.41	787.3
1649.4	2129
2563	2594.3
2426.6	2583.8
5937.4	719.79
4544.2	522.93
5660	187.49
503.1	1369.6
2542.9	2579.9
1040.4	1027.5
671.55	1867.1
1695.1	2593.4
1625.8	1788.4
1854.7	2476.9
523.32	2242.2
5663.9	1190
1513.7	2403.4
3606.6	2142.1
2158.4	4864.2
2908.9	2343.5
5492.7	248.61
5661.8	1075.7
3299.9	4732.7
2843.5	1707.4
1185.8	1992.2
1696	2613.7
1442.3	1116.8
2045.4	2171.5
1102.4	869.87
3765.4	2729.3
6244.4	630.91
694.9	1720.7
5856.5	3617.2
5154.6	116.73
2157.5	2287.7
1729.4	2459.5
2336.5	2391.7
5615.4	2196.6
1437.2	2595.3
5095.5	445.57
6311.4	615.48
1332.9	758.83
6185.1	31.238
1532.3	2206.8
1929.9	2324.9
6819.8	1400.1
6677.3	4527.4
1482.9	1781.6
6088.2	1293.8
4471.5	52.904
2869.1	1836.8
5280.7	1395
3560.7	2454
2747.7	2769.6
1121	2946.9
725.95	1748.3
3403.5	1719.1
2361.5	2580.3
3975.9	2242.3
7270	894.23
6366.1	264.44
1112.1	749.34
1351.1	2174.6
5489.4	247.79
1646.2	1762.7
687.44	2228.2
6751	157.54
1423.3	918.38
5490	247.74
1867.3	2702.9
1704.6	2330.6
1792.5	2153.4
717.9	2363.6
1823	2659.5
4349.9	1061.4
5654.1	1191.5
1601.3	1597.5
717.28	1783.6
6622.1	1856.2
6644.3	973.95
2850	1733.8
849.64	1234.4
5023.3	237.56
1572.7	2137.4
5060.4	203.9
7260.4	894.82
1219.7	1776.2
2794.1	2311
862.54	2804.5
2129.7	2358.2
2622.2	1840.4
673.67	2217.4
743.83	1736
2713.4	1768
3022	2635
1373.3	1744.6
1169.5	4877
4646.4	835.49
1645.1	2442.1
1609.5	1903.5
2574.3	2214
1317.9	800.08
5979	1186.2
4250.7	1983.4
5792.3	532.03
723	1708.6
914.3	1027.6
1335.5	733.7
1970.8	2383.1
5335.2	328.89
1439.6	819.24
4476.8	1387.7
2607.5	2582.6
7283.5	3175.5
1719.3	2449.8
724.3	1199
1273.7	2002.5
1705.4	1945.7
2289.5	1987.3
233.38	1051
2499.4	2406.8
2323	2525.8
1774.6	2443.3
2376.7	2625.4
1798.8	2398.9
5042.1	243.38
1406.2	2250.6
5439.2	1274.4
617.01	1576.3
2195.8	2231.7
797.43	1215.2
1686.1	2242.9
4753.9	550.55
1861.3	2663.4
1216.7	1108.7
1423.6	996.67
7133.1	2927.3
2363.5	2396
2321.5	2547.3
2153.9	2382.7
708.76	1655.8
1082.4	1196.2
3580.5	4632.3
4827.8	1625.3
7134.8	887.3
4623.2	156.27
1274.2	1073.3
1184.9	819.61
1504.3	1261.2
5525.4	175.53
2390.8	2409.8
777.88	1252
475.63	811.67
800.79	1317.6
4559.4	1707.5
2169.8	2314.1
1083.6	1804.2
2059.3	2457.8
1435.3	1416.8
1404.1	2430.2
2556.3	2012.8
729.18	1682.9
7002.6	1517
2285.8	2554.1
5128.6	2844.2
4817.1	1983
5102.4	429.86
959.46	1169.1
4946.7	976.72
2294	2500.2
777.25	992.9
5022.8	120.36
5174.8	1218.4
1430.4	1507.9
5593.6	228.8
2822.1	2639.6
1142.5	1408.7
689.79	1843.3
3468.4	1896.4
26.262	1449
3298.3	4737.6
975.84	1032.5
4286.8	474.58
1229.1	1029
210.37	1284.7
249.95	230.99
2387.8	2392
2357.7	2394
5002.9	249.83
1285.7	2425.2
6337.9	2450.1
3469.7	2776
865.38	1027.6
904.27	858.05
6218.6	4507.5
6122	20.884
1806.5	2310.5
2492.9	2394.3
4762.5	529.72
6716	509.13
5601.1	143.01
2171.4	2316.4
4964.2	604.56
6428.1	580.77
3923.6	1495.4
1673	1986.2
4678.3	875.14
1790.9	2126.3
1602.2	2366.1
6028.4	1384.9
1310.1	2515.9
1292.8	1361.4
4063.8	1642.8
5084.2	518.3
764.04	1880.1
7085.6	1047.5
1443.7	857.56
1000.5	1728.1
1687.8	2115.8
1018.7	3214.9
3581.1	1753.9
2372	2694.7
1229.9	937.9
6759.9	1293.4
5494.9	1676.2
4641.9	139.61
4872.2	319.94
676.29	1655.4
5854.1	4233.3
4940.6	514.59
1749.7	2015.7
1626.4	1846.3
777.55	1772.9
2337.9	2576.8
1544.9	2117.7
206.58	1276.9
1066.5	1027.3
1979.9	2395.8
6375.9	602.52
1628.8	1706.1
1992.6	2380.9
1188.7	2327.7
2412.3	2139.8
918.52	949.51
5157.7	157.28
2449.7	2016.8
61.29	1808
4493.6	618.35
2367.6	2678.5
1916.5	2313.2
4544.1	521.05
1292	789.17
2153.6	2378.5
2351.5	2671.1
5689.2	795.01
440.09	2036.3
1419.8	1524.9
1310.5	2491.8
1338	1788.3
1734.7	2451.5
1785.1	2427.2
2523.4	2580.2
5240.8	2117
5381	63.229
110.91	717.61
2749.6	3017.2
767.21	1293.5
5497.5	340.13
2066.8	2491.5
20.885	843.48
2388.8	545.79
6932.7	493.97
2245.1	2284.5
5173.2	107.86
1566.8	1778.5
1300.2	2424.7
2690	2413.1
2384.2	2128.1
664.04	2337.3
1359.9	1922.6
4841.8	2441
5506.4	2593.5
6606.6	285.81
542.76	2512.9
1184.1	1137.3
1157.7	3415.3
3467.7	1476.8
1533.5	1820.3
6112	422.63
2292.4	901.7
5812.1	617.35
527.24	2745.9
6717	507.06
1504.1	2240.8
1268.8	2006.7
771.66	1883.6
5027.2	1803.4
593.37	1703.3
3272	4637.3
663.63	2222.1
1296.2	886.93
5738.4	180.72
212.08	273.03
6324.1	480.09
5863	809.55
6036.5	1445
5831.4	2730.2
1147.1	4775.9
2874	1701.7
5054.7	181.27
927.8	877.65
719.92	1238.1
1611.9	1527.9
5259.6	732.61
1700.2	2532.6
655.14	1661.6
1291.4	1503.3
3477.6	1475.3
1549.7	1422.6
1616.2	1841.9
3629.7	2752.7
5173.5	1223.1
1263.5	900.46
6698.1	2128.6
1554.2	1917.3
2378.2	2282.1
1151.5	4774.5
1341	2206.6
7047.5	2927.4
2977.4	2461.1
3860.4	1787.9
1778.5	2364.3
1013.3	1223.2
4817.2	2885.7
1104	1032.9
5199.2	119.5
1256.4	2385.5
2405.1	2387.2
4277.9	3697.9
1538.2	2011.8
1583.8	2007.7
5754.9	243.13
1050.9	1000.8
2244.8	1137.1
2011	2508.9
666.19	1661.8
1151.9	1118.9
5606.3	232.44
528.3	2347
241.84	1781.8
1737.8	2103.5
1183.4	2417.9
3271.2	2274.9
1046.8	939.68
3633.4	1751.7
1197.5	812.29
97.621	724.22
1467.3	1144.3
3289.8	4717
1637.5	1643.5
2383.5	2124.4
3927.8	2249.3
2513.5	2082.3
1060.1	1877.2
1304.1	822.39
1302.9	825.42
3420.5	1735.9
3271.9	4638.8
5874	817.24
2337.8	2637.6
1459.4	1199.5
5774.5	514.65
990.33	1214.4
761.78	988.34
2562.6	2567.9
4144.1	2720.6
1984.4	2452
6680.7	297.71
5520.3	180.05
1275.9	945.44
4807.4	595.05
1156.5	2749.7
202.99	2426
4437.8	2783.9
1176.6	1206
883.83	1751.1
6612	276.42
2838.4	1722.3
6083.3	1626.9
3656.6	2757.9
841.5	854.49
6928.3	1078
1318.3	2537.5
2408	465.23
1672.5	2323.1
3566.5	4624.5
2273.4	975.92
1734.4	2025.1
1423.3	1453.5
3386.9	1805.3
7262.2	2020.7
1628.4	1839.6
3225.4	2433.9
2550.6	2560.7
2626.9	2030.3
6762.4	605.98
1696.9	2459.3
5026.1	97.596
2077.2	2513.8
1555.7	2046.9
1195.9	1809.7
1031.4	2236.8
3450	1935
1673.6	2519.7
6859.5	561.72
1603	2337.3
4660.3	415.11
1986.6	2413.8
6242.3	49.346
3102.4	1820
1347.5	709.87
2037	2163.8
1465.4	1094
4519.2	529.76
676.03	1744
5395.7	71.693
6213.6	1509.6
4515.5	536.67
5661.9	210.27
2219.6	2255.5
1699.2	1979.4
4760.9	77.365
5363.1	261.13
6499.6	606.88
2398.4	2647.2
1261.1	837.52
824.9	1214.6
571.2	2278.3
4684.9	232
5543.9	172.73
5109.2	902.28
4995.2	959.45
1929.2	2429.1
4874.5	1682.5
5271.2	1321.5
1213.7	1061.9
5441.3	1262.9
5068.9	191.44
4734.7	825.81
6226.6	1507
435.22	2679.9
6892.6	498.29
1321.2	2548.3
5924.8	4240.3
6186.6	946.15
6525.4	1032.3
2281.8	934.72
1439	816.29
6400	2157.1
1299.3	1002.9
3711.9	2247.5
1393.9	670.73
2133	2557.7
1267.7	791.24
1425.4	1444.7
1313.3	2405.6
5154.1	130.46
1415.5	1008.3
4463.2	570.64
1346.8	640.62
5422.2	291.2
1489.8	1940.6
1560.3	2375.8
6734.7	574.49
4721	613.78
6010.9	1445.8
6914.3	2503.7
6492.8	2133.8
1244.2	2046.6
1591	1517.9
2552.2	2031.5
1852.1	2580.8
5010	1920.1
5552.9	2157
1156.1	976.18
1922.9	2452.9
2560.9	2238.7
5783.3	604.27
7262.5	258.63
4003.2	1905
6725.6	848.92
326.39	2998
6028.6	986.3
4515.9	535.81
5589.1	156.98
3304.5	4661.5
794.96	1204.4
127.98	3760.8
5848.8	725.27
2188	668.2
6740.3	583.4
1922.4	2446.1
5164.7	1226.6
2506.2	2594.5
5688.5	780.37
1856.3	2301.6
164.56	1029.6
4735.4	112.14
5421.6	292.99
2249.4	2406.5
1515.7	1931.8
282.11	1894.3
2391.3	2445.8
1934.7	2472.3
5397.6	66.655
6737.4	406.56
335.12	1274.9
601.18	1892.5
892.53	900.28
1409.2	1445.9
6233.8	1502.8
5065.1	234.25
6913.2	2416.3
1285.3	954.11
519.87	2503.8
3909.8	1546.3
1378.5	1353.3
1328.1	1449.1
1196.7	1804.4
543.91	1874.9
632.83	644.82
1943.2	2439.7
2209.1	2198
720.85	1768.6
806.08	2523.1
6168.2	537.1
5385.1	32.407
1824.7	2487.9
212.92	2544.5
1649.1	2509
7142.7	2107.2
3763.2	2331.9
6625.1	344.17
3766.5	2248.3
6049	991.22
2218	2207.8
641.97	1590.7
2396.9	2085.8
1411.8	1010.6
4840.5	906.43
2169.9	2262.9
1493.6	2661.2
5691.8	774.78
939.42	854.34
1144.3	954.94
4651.8	1395.4
1175	1137.6
5575.6	107.22
5319.4	775.46
6685.7	4502.6
1452.3	1147.5
6129.5	208.55
6675.1	976.39
935.02	860.84
4785.1	346.34
1162.5	834.1
6679.8	454.18
1712.2	2466.8
923.45	879.3
1582.1	1602
3509	2236
2228	2267.2
6115.3	628.36
248.09	1302.4
2273.5	2287.5
7065.9	949.79
4619.4	1185
5401.9	801.68
6126.1	2589.8
1080.2	1034.8
5019.2	73.024
836.82	2313.8
5682.3	162.51
1870.9	2536.5
1279	1075.9
654.73	1725.5
4716.6	525.56
2187.1	664.14
483.82	2392.3
5667	777.48
5394.6	821.11
4506.2	548.73
1622.5	1772.4
5479.5	887.99
1494.4	2622.1
4557.6	262.34
5606.3	134.68
1115.9	957.63
1985.6	2390
6055.6	3107.9
4846.6	1656
5164.2	948.59
1171	1123.4
2373	2091.3
4837.8	1677.8
7150.8	2085.7
1691.4	2320.5
4200.9	1936.5
1524.9	1832
7226	1245.9
2841.9	1790.3
4789	603.75
4903.7	862.49
2847.7	2778.3
5167.3	349.85
2984.8	1614.7
3044	2782
4868.2	535.57
1433.3	1692.8
7280.8	2639.4
7156.6	2072.8
604.35	1314.7
7170.6	1360
3263.5	2469.9
3428.7	2263.9
6683.4	1259.5
1605.7	1916.8
1552	2339.3
1705.9	2355.3
2043.9	2371.5
1881.6	2482.5
5854.9	731.3
4881.3	2493.1
5135.3	3157.3
5285.6	935.14
756.66	1377.6
6976.3	1611
4884.1	850.45
1674.7	1827.4
5162.5	947.29
5832.8	256.77
4747.4	156.61
4683	236.87
1023.2	1619.6
1275.8	849.14
4778.5	301.65
4796.7	251.98
7177.4	4010.2
1576.2	1488.5
1492.6	2209.4
728.32	1819.4
1703	2062.1
1559.4	2360.9
584.67	2153.1
829.53	1091.4
4666.4	438.5
5634.5	1203.5
1043.4	1214.3
2128.2	2333.2
1217.4	2067.2
1044.3	924.28
4750.1	624.06
1943.3	2335.4
4497.5	463.23
1582.1	1519.5
6407	537.97
1095.5	1047.9
850.54	1033
2930.6	1663.3
5332	781.67
4668.6	407.32
5074.3	1339.9
1333.1	2408.2
344.02	711.71
630.74	2340.9
3111.3	2314
1595.9	1566.9
6029.8	359.35
2896.7	1679.1
1585.7	1823.9
6093.1	649.89
687.09	2254.3
4784.8	195.64
184.89	946.04
1348.7	1281
1170.5	1120.2
1779.6	2489.3
5141.8	326.32
3163.2	2314
744.74	1873
5743.8	823.77
1456.8	1146.6
1351.3	2502
2247.9	2267.1
1111.3	958.29
4662.1	53.985
4838.5	909.34
4693	195.18
1590.2	1411
6390.4	564.86
1983.4	2435.2
2825.5	1819.6
2394.8	2348.4
4296.3	2324.9
5008.1	1935.1
274.45	188.4
5700.1	831.76
3258.8	2449.2
6671.2	1577.4
1551.7	2044.3
6190.2	1057.4
1564.1	1594.3
2783.4	1867.5
5181.9	2970.1
3259.3	2335.7
4772.3	146.56
1407.2	2310.4
1744.9	2073.5
2884.3	2123.1
597.86	1441.1
6196.3	946.89
206.75	1883.8
3904.6	2845.2
531.59	2134.5
5556.1	176.47
4857.5	901.25
1346.4	610.22
2549.8	2705.1
1167.3	868.1
6084.7	2167.9
3702.7	3039.4
1325.4	2599
5147.9	327.47
1092.8	3060.2
229.18	2624
3313.5	2400.7
2499.1	2550.2
4877.5	2166.7
3702.5	2325.5
1507.8	1294.8
5598.1	155.62
7078.2	1695.1
7328.1	2615.7
2772.4	2432.4
1764.1	2374.3
2646.2	3062.1
1287.9	2256.2
4007.9	1502.4
4694.3	291.23
846.03	1256.4
3283.8	2269.4
2243.7	1160.5
2386.9	2095.2
1707.8	1916.3
750.96	1301.7
1923.9	2359.5
4843.8	1440.8
5525.4	128.21
5982.8	1226.7
878.48	1097.1
7093.3	788.12
3507.2	1555
4949	970.68
1032.2	1099.7
3806.5	3025.6
6213.1	1051.7
665.43	1718.4
5786.4	543.29
5018	487.33
1244.3	1623.6
4780.1	210.92
5088.3	460.72
5611.2	817.12
4831.6	1447.9
1912.1	2330.9
6676.5	969.17
3605.3	1532
5909.2	802.15
692.32	2186.7
6270.7	2594.9
4586.5	3436.4
260.46	1067.4
569.96	2290.8
6326.1	1147.2
5377.1	248.73
2513.7	2751.5
2295	1977.4
2225.8	2205.7
6727.1	941.83
4671.1	162.2
4578.5	1523.8
4026.2	2504.1
5204.8	965.31
6676.3	1701
4379.4	2716.8
1512.5	2579.1
1303.2	742.3
6344.1	1347.4
28.486	1613.8
7245.1	2116.9
3800.4	2332.2
634.67	2339
3581.2	1736.1
966.47	969.71
6800.4	2144.6
4471.8	1782.2
989.25	2114.5
7176.9	2116.8
4673.9	181.7
1557.2	1819
4165.9	2723.7
3606	2753.1
2266.6	2219.2
1601.2	4049.5
5341.5	808.88
1529.6	1734.2
6275.1	395.59
4795.4	2276.4
6213	1049.2
2520.3	2403.9
6637.6	515.09
1014.8	1074.2
5284.7	675.6
6262.1	54.661
4870.6	1864.3
4871.3	1863.7
579.02	1515.8
4734.2	393.73
2551.2	2550.4
2421.2	420.68
1988.6	2385.9
4206.6	1783.8
3588.1	2479
980.28	2910.2
3264.7	2275
2304.1	2669.7
4393.7	1589.3
746.4	1799.4
5086.6	190
2462.1	2375.4
4485.6	532.6
2663.9	1831.3
6696.9	522.05
5339.5	1873.8
5170.2	885.07
208.23	2638
3314.8	2400.2
2358.8	608.97
805.46	934.16
4634.9	80.063
5051.9	199.85
4734.1	41.848
6812.5	375.09
1531.7	1432.8
1154.4	1856.1
7202.4	2795
5524.6	880.09
7348.9	2934
4751.3	641.92
2576.7	2036.8
6565.5	869.9
4323.9	1383.4
3613.3	1371.1
5044.4	208.83
2909.7	2424.7
6725.1	949.53
1345.6	2634.9
4504.1	101.26
754	1296.4
3368.2	2152.7
1159.7	1138.3
5025.7	193.8
2150.3	1865.8
4340.3	1087.3
5630.8	811.03
6010.9	1209.2
2234.8	2235.8
1502.8	1720.6
5582.4	1157.4
925.7	2680.8
5222.5	437.72
4806.2	229.76
4310.6	173.45
5055.1	2512.1
1245.5	1050.8
4414	2110
1961.9	2472.8
7198.9	2646.2
4268.9	195.46
2897.5	2246
3258.1	2279.3
1921.5	2410.6
4838.6	461.91
2612.6	2251.6
1310.9	2552.3
5156.7	1239.9
6780.6	683.19
7213.7	1539
5001.1	266.23
839.63	2103.7
2117.6	2438.1
642.27	2123.5
5711.9	808.65
1633.1	2349.4
1261.2	2505.7
5647.1	2203.5
729.18	1447.9
6716.4	2103.9
7168.8	83.685
6547.1	1133.8
6101.6	586.09
687.77	2162.3
4812.8	1087
341.88	2975.3
3465.3	3060.8
6030.7	1638.9
1451.8	1099.8
2579.1	2238.2
1002.5	967.05
715.17	1583.9
7115.3	3797.7
506.52	2490.8
4847.3	604.72
3492	1504.3
1595.6	1799.5
6046.5	1069.8
3572.4	2513
5509.6	1201.3
5618.4	1196.7
6933.4	1083.4
989.67	2625.7
3035	2799.5
5933.9	249.88
5360.6	2444.5
1292.2	2040
6269.5	769.19
1014.1	1065.5
1064	957.96
1594.8	1671.5
5891.8	1519.8
5266.5	831.28
1552.1	1833.7
6376.4	814.22
7223	781.14
4919.3	207.18
2387	2078.6
4979.5	1474.8
4776.7	238.59
5835.6	256.31
2433.7	3042.4
264.08	2717.3
5666.6	236.29
1641	1926.1
6425.4	564.37
1960.3	2461.3
6001.9	1481.6
6829.3	181.15
3711.1	2169.2
1346	2002.2
1627	1654.7
4848	1517.2
1197	1799.6
317.57	1268.4
4203.7	1795.3
514.89	4731.8
1567.9	1737.6
6880.8	972.11
576.15	2718.3
1842.6	2556.4
4726.3	354.47
6528	607.91
2687.1	1992.4
1404.9	750.77
1026	3423.8
6764.7	410.35
1472.9	1632.3
1431.8	1851.8
3576.5	2456.4
3254.6	2470.8
4795.4	370.65
1597.4	1634
2157.8	2274.8
4675.9	446.79
1505.9	2851.2
5573.6	149.63
6536.7	2146.3
5379.4	41.33
5090.1	27.792
5587.4	3292.8
6951.7	490.27
6334	1167.7
4340.1	531.75
6010.2	1361.6
6945.8	468.35
5493	1529.8
3977.6	2844.8
1061.7	1214.9
1928.2	2466.8
6406.7	653.86
1408.3	706.02
2371.8	2636.5
1949.8	2570.8
1528.1	1473.5
494.46	1267.2
6884.3	1057.1
6915.5	558.7
4516.5	2573
7100.2	2923.5
1666.1	2508.4
6453.8	2158
5004.1	1576
1435.8	1832.2
2486.8	255.11
5631.1	788.33
2652.3	2016.6
6168.4	568.32
2682.7	2329.6
1537.8	1766.5
7173.6	1343.9
7209.5	2915.7
554.4	2356
1229.4	1138.8
6464	565.43
2119.2	2375.6
1958.1	4678.4
2394.5	2359.4
4809	1094.1
3644.5	1528.6
3278.8	4705.1
553.48	2357.6
2953.4	2435.3
1197	1180
4761.9	184.23
2235.7	1139.4
5342.3	804.52
5420.8	64.022
5798.1	782.49
2375	2369.9
2429.7	379.48
4933.9	2364.6
2468.5	2578.4
5167.6	354.7
1260	880.69
2399.6	2055.1
3543.5	2284.3
6533.4	1014.4
1707.3	1803.6
344.29	1380.1
6391.6	642.23
815.63	647.5
4796.9	1111.6
1524.9	2198.3
1512.9	1265.5
6624.7	1322.4
1275.1	2083.1
2131.1	2406
5017.9	1986.7
55.659	2882.2
2334.1	2658.3
364.31	2691.5
2381	2072.8
4373.5	4057.2
5360.5	888.65
3269.1	2589.9
5536.2	279.69
2552.2	80.586
1983.1	2488
5687	638.51
2389.2	2326.9
6408.6	686.88
4796.2	330
2529.5	2550.2
683.67	4212.5
4060.1	2336.7
1537.6	1670.6
1228.1	1882.3
1320.5	2400.4
1280	2066.6
4595.9	711.87
3561.8	2502.3
1713.7	2429
6782.4	1101
7147.9	2913.3
791.87	1385.3
1603.1	1605.1
5616.1	535.95
6475.6	218.39
1537.7	1958.6
4695.3	435.25
6228.7	796.01
3116.2	1986
1492.3	2645.3
6049.9	595.27
2563.7	1916.2
2015.8	2440.3
761.58	2297.2
3301.5	2344.7
3499.4	1900.4
1353.3	715.36
2383.7	2717.5
1530.2	1842.3
1781.3	2434.3
888.51	855.03
4754.8	2225.4
359.15	2715.3
6280.5	2783.2
1013.1	1044.8
6980.2	3877.8
333.83	2605.7
1508	1275.2
5479.9	1611.6
2123.1	2375.2
5776	162.51
4156.9	1484
6422.4	568.78
540.12	3318
6047.3	726.98
2071.2	2380.2
4606	1196.1
3922	2636
4676.9	1382.1
4886.2	2006.3
4678.3	227.95
4846.5	1937.3
1541.6	1498.5
6073.8	965.38
2899	1675.2
6616.6	525.75
5826.9	1680.9
2364.6	2376.7
107.09	995.4
1265.1	766.87
1673.1	2218.9
1161.8	1227.9
6125.6	2610.4
6811.3	405.95
4464	260.03
4163.8	1471.5
4919.2	970.42
6545.7	1137.4
6713.9	1758.7
2897.3	2752.6
2609.2	2046.9
2558.7	2110.5
6354.6	748.98
621.87	2349.6
4862.8	904.6
6623.3	972.01
1325.3	842.71
4062.8	2368
1413.6	766.75
5890.6	675.86
1496.9	2218.4
