2088	2234.3
1871.3	2315.3
1871.3	2315.3
1905.8	2720.1
2057.9	2239.7
1882.8	2354.1
1893.6	2055.1
1790.6	2519.8
1905.8	2720.1
1261.7	2499.8
867.94	1244.1
1407.3	2605.7
2011.2	2303.8
1936.6	1652.5
1430.2	2204.9
1214.4	2084.5
1268.6	2082
1387.1	2172.2
2614.9	1283.9
2614.9	1283.9
887.22	1749.5
887.22	1749.5
1366.5	1936.2
2038.6	2557.8
1539.8	1922
1228.7	2052.9
1987.8	2300.9
1835.2	2517.9
1366.5	1936.2
1267.9	2083.4
1335.2	2134.3
2038.6	2557.8
837.57	2454.9
1228.7	2052.9
2884.1	820.92
2013	2269.4
1674	2494.8
1910.2	2060.5
2013	2269.4
1539.8	1922
3277.1	332.5
1100.3	2237.7
978.58	1826.4
1399.2	1771.9
2531.3	2726.9
3154.6	2129.5
1908.7	2059.1
1548.2	2116.2
870.69	2640.4
1388.2	2527.6
964.48	2312.2
1100.3	2237.7
2879.7	834.37
1675.9	2385.7
836.39	2365.9
1549.1	2010
1694.1	2504
920.16	1745.6
879.03	1827.5
1077.1	1926
2038.3	2281.8
879.03	1827.5
1085.6	1737.6
824.3	2279.8
1675.9	2385.7
1103.4	1801.2
1228.7	2052.9
1680.8	2408.2
2939.1	2695.7
1630.9	2699.6
1694.1	2504
2879.7	834.37
938.68	2630.9
1056.3	2336.5
859.81	1234.2
1729	2208.4
1950.6	1734.6
940.74	1560.5
1694.8	2219.2
1921.8	1700.3
1622.9	2179.9
2117	2061
2813.4	2252.4
1068.3	2320
2218.7	1958.6
1791.4	2531
1903.6	1728.1
2445.7	2824.5
842.84	1596.2
879.03	1827.5
842.54	2453.4
859.81	1234.2
2101.3	2089.4
2024.7	2311.9
2118	2060.9
1462.4	2423.9
985.97	1846.3
1462.4	2423.9
1622.9	2179.9
851.59	1684.9
2032.4	2541.8
948.7	1558.5
2558.8	2116.8
1041.8	1842
2799.3	2651
893.89	1770.6
845.6	1448.7
2812.2	2448.4
2031.8	2542
836.36	2641.8
1187.6	2025.1
2031.8	2542
878.9	887.17
3066.8	1161.9
1187.6	2025.1
3420.3	1206.6
893.89	1770.6
1068	1721
842.84	1596.2
1188	2026
897.19	1769.6
1665.9	2447.2
2550.8	2495.2
2100.7	2435.2
2100.7	2435.2
1694.8	2510.8
1747.8	2515.9
893.89	1770.6
1234.9	1597.4
1548.6	2441.3
1739.8	2296
2100.7	2435.2
1647.9	2499.9
1747.8	2515.9
1194.5	2367.8
1030.8	1847.3
1552.7	2506.8
843.25	1455.6
1281.1	1670.8
1132.5	1557.6
1715.2	2262.9
1064.6	2427.9
2040.7	2570
3180.5	1627.7
2010.5	2233.3
1027.1	1839.3
1277	1538.2
2001.1	2236.2
897.19	1769.6
845.6	1448.7
1679.1	2274.5
2165.5	2576.3
1218.4	2365.6
910.26	1540.4
3070.6	2214.6
853.54	837.7
1173.1	2733.3
3279.9	1301.4
897.19	1769.6
2058	2281.7
1701	2124.9
939.07	2296.6
1146.9	1416.6
1393.1	2365.7
2925.9	772.57
1770.8	2629.5
864.81	1680.6
1068	1721
910.26	1540.4
897.19	1769.6
2623.6	2402.1
1523.3	1919.9
842.84	1596.2
1399.2	1771.9
1305.1	2384.8
2429.9	2841.9
2175.1	2709.5
3597.2	2372.6
1484.5	1914
843.79	1594.2
2447.9	2827.1
866.74	1741.7
1027.1	1839.3
939.07	2296.6
3205.6	1354
969.05	2304.4
1551.6	2003.7
1021.5	2329
1219.9	2051.8
2051.4	2633.3
2882.4	1461.7
3426.4	1743.8
1056.3	2336.5
1027.1	1839.3
2995.5	2364.1
3431	2254.3
2136.8	2643.1
1700.8	2125.4
1021.5	2329
2938.5	781.61
2013.3	2544.2
1485	2427.2
1289.9	1685.1
2100	2242.8
3343.9	586.24
859.81	1234.2
1666.7	2350.9
1204.1	1520.2
2447.9	2827.1
2040.5	2570.2
1992	2260.9
893.89	1770.6
1046.5	1266.4
1393.4	2381.2
835.47	2284
939.07	2296.6
1901.6	2043
1395.4	2395.8
2591.3	1968.9
1021.8	2316.2
1365	1961.3
3154.4	2100.2
1539.8	1922
889.27	1741.2
1204.4	2029.4
2051.4	2633.3
1971.4	2325.9
2194.2	1959.1
859.81	1234.2
1562.7	2736.1
917.19	1545.5
2591.3	1968.9
2571.9	2024.7
1275.6	1688.4
1568.2	2071
826.43	2363.2
2805.5	2628.9
917.19	1545.5
834.73	2453.9
2828.9	2269.4
1257.1	1661
3189.6	2251
1665.9	2447.2
909.27	1731.2
2037.2	2327.3
1257.1	1661
2568	2129
1391.8	1770.9
2534	1587.4
2977.6	2850.3
1257.1	1661
2046.9	2567
1605.8	2311.8
1973.6	2326.9
1370.1	2517.4
1118.3	2813.9
1499.8	2438.2
1474.1	2417.8
1199.3	2016.1
1364.6	2611.3
1672.9	2405
1563.7	1974.3
2307.2	1552.9
1979.3	2334
1062	1297.7
1204.4	2029.4
1484.5	1914
962.86	2208.3
878.28	1827.2
1777.4	2494.1
875.22	2280.3
1664.8	2431.2
1009.7	1890
2197.3	2499.7
821.11	1402
920.63	2572.8
2066	2242.9
1066.1	1712.8
1374.1	2165.2
2291	2695.5
886.39	1773.8
1540.2	1963
2572.6	2013.1
3463.9	1179.9
2101.3	2089.4
1364.1	2165
961.15	1979
818.97	1428.3
3297.7	433.31
2119.4	2616.9
2570.3	2081.5
1613.3	2660.7
2085.2	2290.9
2569.9	2105
2106.7	2097.4
2514.8	1996.2
948.7	1558.5
1563.7	1974.3
3052.8	2023.6
2013.7	2583.2
1204.4	2029.4
2368.4	2260.8
2038.8	2305.6
2995.5	2364.1
2555	1974.3
1131.8	1932.9
2626	2446.8
1131.8	1932.9
2779.2	1350.9
2543.3	1937.6
859.29	1764.9
1514.8	2406.8
1210.7	1477.3
1999.9	2245.4
1207.9	2032.2
2269.3	1687.8
1509.2	2396.2
2698.1	2279.1
1132	1549.3
994.93	1636.7
1271.3	2069.9
1262.6	1591.1
2679	1168
2560.8	2035.8
872.48	1806.8
1508.4	2380.5
1977.3	2333.2
1367.2	1824.1
2309.3	1958
2038.4	2326.9
1207.9	2032.2
2319.2	2297.4
1961.3	2361.9
1540.2	1963
936.83	2313.5
1080	1366.1
2007.1	2251.3
2789	2249.7
1560.5	2097.3
957.7	1815.4
1504.6	2391.8
1625.3	2340.7
3591	1204.8
1971.4	2325.9
2689.1	1178.9
2111	2450.6
3062.6	2249.1
886.39	1773.8
1249.7	2065
910.26	1540.4
978.75	2323.4
1321.3	2094
2415.3	2847.3
1514.8	2406.8
1321.3	2094
3287.3	1400.7
2555.3	1958.9
3400.6	1754.8
1012.6	2395.4
2092.9	2593.7
2870.4	2309.1
1740.5	2315.2
3123.7	812.38
1671.9	2439.5
2447	2810.1
1415.6	2371.5
1012.6	2395.4
1245.6	2078.1
1778.4	2528.2
1614.2	2317.9
1693.7	2485
1949.6	2667.2
1412.8	1991.5
2231.2	2509.1
2744.4	2052.4
1362.3	2035.1
3400.5	2008.7
3463.9	1179.9
1504.3	2391.3
886.39	1773.8
2006.5	2257.4
2059.8	2304.8
1073.6	1725.4
824.34	2147.6
962.86	2208.3
2626	2446.8
1069.9	1878.9
886.39	1773.8
1415.6	2371.5
1768.3	2464.1
3444.5	478.28
956.93	2666.7
1059.3	2433.3
886.39	1773.8
2087.7	2532.6
3367.6	301.84
1560.1	2260.1
872.48	1806.8
886.39	1773.8
1971.5	2358
2686	1167.3
2673.6	1168.5
1012.6	2395.4
1055.4	2336.8
1780.7	2527.7
2995.5	2364.1
2584.9	1805.3
1319.5	2092.4
891.88	1095
2025.1	2239.4
1844.5	2972.9
2102.5	2459.8
2309.3	1958
3572.5	1106.2
1564.2	2453.7
2783.9	1268.8
2162.1	2128.3
1184.1	1524.1
3154.8	1392.8
1271.3	2069.9
2870.4	2309.1
3184.9	818.9
2489.7	2113.7
1032.4	2364.8
1678.5	2919.1
1073.1	1052.1
886.39	1773.8
1738.6	2427.1
2571.7	2036
1913.5	2518
2543.3	1937.6
1073.6	1725.4
1979.8	2314.6
1021.8	2316.2
959.67	2195.8
2571.1	2070.2
3168.1	1247.2
1697.9	2137.4
2020.9	2241.6
1642.7	2489.9
1692.8	2387.2
3113.8	1676.8
3572.5	1106.2
3011.7	2042.3
1105.1	1896
1404.7	2403.1
2389	2711.5
1806.1	2373.8
875.22	2280.3
2000.8	2446
1533.7	2386.1
1136.9	1330.5
2945.2	2255.3
2747.9	2053
2592.2	1490.3
1486.1	2432.8
3287.3	1400.7
2571.2	2058.4
1380.1	2395.2
1868.4	2490.4
2482.4	2118.4
2812.8	2476.8
1412.8	1991.5
2445.2	2341.8
3346.6	2117.9
882.09	2177.5
3591	1204.8
1887.5	2041.9
1673.4	2342
2571.2	2058.4
875.22	2280.3
875.22	2280.3
2445.2	2341.8
994.93	1636.7
1564.2	2453.7
1692.6	2392.2
1162.2	1477.2
1978.1	2316.1
1932.4	2464.6
959.67	2195.8
1681.8	2247.1
1293.3	1714.5
2705.4	2232.5
1241	2304.6
2559.9	2058.2
1673.8	2279
1876.3	2476.9
955.35	2309.1
1545.1	1932.1
2870.4	2309.1
2049.5	2242.7
2297.9	2705
2501.7	2104.2
1538.6	2054.1
937.75	2329.4
1743.3	2393.1
1362.1	2029.4
1037.6	2345.8
955.35	2309.1
2836.2	1830.4
1538.6	2054.1
1841.5	2399.4
1203.7	2050
833.01	2159
2837.5	1528.2
2447	2810.1
2158.7	1997.2
1560.5	2097.3
1080	1366.1
2134.1	2554.6
1150	2272.1
1162.2	1477.2
2190.3	2620.9
2055.2	2539.2
1350.1	1781.4
2041.8	2518.1
1840.1	2401
1233.4	2084.6
1543.7	2023.6
3548.5	1237
1712.8	2174.3
1486.1	2432.8
1665.8	2374.1
2660.1	1357.8
1673.7	2451.8
1073.1	1052.1
2003.7	2317.7
919.56	1524.3
2001.1	2236.2
1525.7	2094.5
2627	2415.3
1567.1	2440.4
1927.2	1659.8
1566.7	2079.7
3345.2	1582.2
2401.2	2189.8
2962.3	2593.1
1566.4	2115.3
2374.9	2512.1
1936.6	1652.5
1071.7	1707.5
1247.4	2074
2061.9	2301.4
2747.9	2053
1435.6	2359.9
2017.3	2317.3
2629.2	2554.4
863.95	1207.8
1342.4	1771.3
2195.2	2052.6
959.67	2195.8
1600.7	2141.3
2863.8	2256.6
2374.9	2512.1
3336.8	2035.2
2414.6	2203
2309.5	1931.9
2783.9	1268.8
3349	2608.7
1764.1	2509.9
1415.4	2355.2
863.95	1207.8
2482.4	2118.4
1543.4	2386.4
2402.9	2192.4
2522	2114.5
1345.5	2444.1
1150	2272.1
2005.8	2316.2
2657	1365.8
1073.1	1052.1
859.83	2295
816.41	2149.2
1070.6	2434.3
951.74	2301.2
2428.3	2791.7
2309.5	1931.9
1633.9	2208.3
1526.1	2053.4
835.05	879.98
926.73	694.1
1477	2220.3
1345.5	2444.1
3144.5	2022.2
2566.6	2333.6
3049.9	1123.2
1821.6	2572.7
3543.2	799.25
2415.3	2847.3
1560.2	2079.2
2414.7	2083.3
3345.3	2044.4
1913.2	2605.8
3428.1	2184.8
2420.9	2348.4
1247.4	2074
882.09	2177.5
1070.3	2352
1358.6	2022
2497.2	2353.8
2750.9	2002
2558.4	1964.1
941.35	1780.9
1013.1	2417.1
1073.1	1052.1
1665.3	2375.6
2137	2671.4
2445.8	2340
2660.1	1357.8
2788.3	2650.3
1900.2	2644.7
3277.2	1685.1
1435.6	2359.9
2047.9	2242
2629.9	2554.9
1515	2389.2
2129.3	2550.2
2835.9	2155.4
1919.1	2489.2
3444.5	478.28
2492.2	1948.9
1067.2	2237.7
3336.8	2035.2
2584.9	1805.3
1073.6	1725.4
2814.7	2652.4
1866.9	2473.2
2779	1463.3
919.56	1524.3
1894.3	2049.3
1993.2	2421.8
1764.1	2509.9
2170.2	1979.6
3591	1204.8
1169.4	2508.2
3431.5	1304.1
955.3	2380.8
923.71	2307.8
2609.9	2355.4
1677.1	2360.8
1850	2474.6
882.09	2177.5
1693.4	2289.7
882.09	2177.5
3109.3	1428.9
1989.2	2562.7
1722.1	2272.4
3409.6	604.98
1691.8	2373.7
1335.9	2146.1
1219.8	1404
2001.5	2278.4
2377.5	2361.6
2417.8	1704.6
2382.1	2205.6
1173.1	2733.3
2497.2	2353.8
2070.7	2241.1
3191.7	2243.5
1892	2473.3
2794	1690.5
3336.8	2035.2
2137	2671.4
3290.2	714.64
2046.9	2567
1728.4	2844
2375	2373.3
1641.5	2217.4
2061.7	2250.9
2245	2485.7
2042.8	2299.4
1633.9	2208.3
3501.2	1405.8
2263.2	2022.8
2356.1	2379.6
2815.8	1743.4
2445.8	2340
1611.2	2423.8
1523.2	2049
2377.5	2361.6
1730.3	2403.2
1533.1	2477.7
1372.7	2506.3
816.41	2149.2
921.23	696.7
3197.3	1727.7
1729.7	2196.1
2648.1	1721
1726.9	2418.7
2809.8	1174.5
2428.3	2791.7
1415.2	2407.3
1072.2	1704.1
1515	2389.2
934.61	1170.5
956.47	2288.8
3400.5	2008.7
3331.8	2041.3
2113	2459.6
1293	2611.6
1992.6	2416.4
1788.3	2483.6
1677.1	2360.8
2565.8	1513.5
2712.9	2003.7
1032.4	2364.8
2020.4	2469.4
861.31	1719.7
1119.9	1303.2
3360.3	1414.3
867.85	2286.4
2265.1	2528.3
1233.4	2084.6
2269.5	2015.1
2122.8	2351.7
3197.3	1727.7
1681.9	2395.8
861.31	1719.7
1895.5	2038.4
2303.9	2062.2
2185.4	1960.7
927.53	2170.6
1685.6	2381.2
3572.5	1106.2
3508.4	1005.8
1094.5	1557.1
2549.1	2566.7
3325.7	1265.7
1764.7	2570.3
1169.4	2508.2
3345.6	831.74
2180.8	2529.3
2043	2545.3
1988.5	2647.3
1094.5	1557.1
1968.4	1716.4
1314.6	1600.9
1691.9	2346.7
2929.8	1754.7
2954.8	2063.1
3061.1	983.44
2613	2309.5
2490	2702.1
1581.7	2289.9
2996.1	2447.5
2416.1	2842.4
2287.3	1919.2
1195.1	2422.2
2306.9	2590.6
1464.7	2363.4
2345.2	2295.5
828.54	2253.5
3426.4	1743.8
1540.3	2062.8
1692.1	2420
1626.9	2428.4
2199.6	2473.9
1595.5	2133.4
3541.6	979.3
1174.4	2283.1
1666.5	2512.8
2748.5	1973.1
3062.6	2249.1
3186.6	1728.7
1059.3	2433.3
2021.6	2466.7
1960.3	2368.6
2996.1	2447.5
1685	2269.8
2183.8	2616
2779	1463.3
2014.1	2250.5
1429.2	2351
1991.6	2421.3
3131.1	1751.6
3330.6	2042.8
1119.9	1303.2
2352.5	2311.6
884.68	1243.9
2441.9	2026.5
2779	1463.3
2140.1	2366.7
1891.1	1700.9
1683.9	2255.5
3158.9	1747.3
2352.5	2311.6
3032.4	2452.3
1540.3	2070.7
3045.3	1894.9
1119.9	1303.2
1772.5	2486.9
2748.5	1973.1
2118.4	2184
2077.3	2325.5
2752.4	2205.4
2058.5	2460
3539.2	2167.4
2053.7	2185
2367.7	2536.6
2128.4	2343.8
1119.9	1303.2
3015.2	2064.2
2094.3	2256.6
3482.3	2060.7
2925.9	2688.1
2803.2	2216.8
2473	2532.5
1910.8	2560
1303.8	2417.1
2051.7	2623.6
3288.2	807.3
1585.7	2072.9
1464.7	2363.4
1697	2142.1
2748.5	1973.1
2004.4	2583.5
1883.9	2041
1996.7	2340.1
2532.4	2251
955.3	2380.8
1623.6	2709.7
1094.5	1557.1
3062.6	2249.1
3330.6	2042.8
1674.1	2354.1
909.96	1530.3
993.5	2573.8
1517.8	2440.2
2865.9	1702
3507	1016.1
1168.8	2275.2
2705.4	2016.3
2393.7	2294.4
1119.9	1303.2
3534.6	1121.8
1303.8	2081.6
2564.4	2122.6
1072.1	2366.4
1293	2611.6
1169.4	2508.2
1006	2403.5
1254.6	2390.4
1119.9	1303.2
2055.2	2539.2
2554.9	1986.1
2415	2794.7
927.53	2170.6
2511.2	2328.9
1908.9	2480.4
1950.6	1734.6
1700.3	2198.4
2194.8	2635.1
2244.1	2735.9
3400.5	2008.7
2244.1	1919.3
1303.8	2417.1
2416	2285.6
2525.9	1972.4
1681.7	2470.4
864.9	1211.4
1551.9	2088.8
1699.4	2149
3522.3	2484.1
1700.3	2198.4
1661.1	2878.1
1619	2703.1
3117.9	2068.4
2118.9	2558.2
2416	2285.6
2450.9	1773
2393.7	2294.4
2019.7	2588.9
1926.1	2455.4
2532.4	2251
2395.5	2367.4
1548.1	2002.2
2096.7	2127.4
1665.6	2696.4
2850.9	1167.4
1417.9	2174.4
3589.6	2445.7
3392.4	1086
3005.2	2288
2350.3	2306.9
1429.2	2351
1345	2737.9
1623.6	2709.7
1243.4	1403.4
3062	894.07
2843.7	2287.1
3541.6	979.3
993.5	2573.8
1193.4	2381.5
1345.5	2444.1
1330.9	2148.3
3507	1016.1
2752.4	2205.4
1697	2142.1
1700.3	2198.4
1045.5	2523.1
1064.2	1952.2
3311.4	700.08
1530.2	1970.7
3061.2	953.9
2414.9	2281.8
955.3	2380.8
3131.7	1757.8
2525.7	1967.4
2450.9	1773
2534.9	1685.8
1454.1	2395.4
2563	2570.4
1595.7	2133.8
2371.8	2303.7
3141.9	2130.6
2495.2	2331
1244.6	2513.7
2309.3	2309.1
1619	2703.1
1263	1483.3
1077.1	1946.3
1909.5	2481
1464.7	2363.4
2825.7	2543.9
2413.1	2805.4
3329.7	2045.2
2635.7	2241.1
3015.8	917.34
1400.4	2484.7
1967.5	1695.7
3442.8	571.13
1168.8	2275.2
2355.8	2512.2
2447	2810.1
2793.9	2240.9
2273.2	2473.9
2318.4	2632.2
1563.1	2086.1
1926.1	2455.4
2584.4	2085
1523.8	2030.6
1664.6	2343.7
1714	2255.1
2704.7	1951.9
1695.9	2204.2
2207.7	2527
1162.2	1477.2
1996.7	2340.1
2405.2	2363.3
3018.2	2187.8
2258.2	1899
3088.6	2468.3
1241.4	2087.3
1011.9	2209.7
2822.3	1466.6
871.41	517.24
2051.7	2623.6
1983.4	2452.8
2261.1	2679.1
2553.6	2384.5
2779	1463.3
1173.1	2733.3
868.99	2288.4
1693	2431.7
2663.6	1797.1
2053.7	2465.5
1006	2403.5
1908.6	2467.1
1538.2	1926.7
2045.3	2483.8
1077.1	1946.3
1909.5	2481
1186.3	2030
2721.9	1706.5
1768.3	2464.1
1270.8	2034.8
3018.2	2187.8
2123	2169.6
1585.7	2072.9
1520	2068.4
1692	2704
1511.2	2795.1
2528.8	1973.2
1598	2132
861.31	1719.7
2287.2	2482.9
3522.3	2484.1
1530.6	1971.2
2613	1293
3132.6	2121
2502.4	2326
3522.3	2484.1
1051.1	2511.8
2035.6	2496.7
1606.3	2131.4
966.7	2563.5
3543.2	799.81
1467.3	1946.2
3166.7	1930.1
3482.3	2060.7
1700.3	2198.4
2061.7	2619.8
1544.3	1992.4
1528.8	1979
1674.3	2315.8
2627.9	2263.9
1493.7	2525.8
2152.7	2108.2
1776.9	1417.6
1692	2321.4
2175.1	2709.5
3239.3	1212.7
1027.6	1252.1
1363.8	2165.3
1691.9	2334.3
2122.1	2277.1
2619.9	1481.1
1574.9	2129
1103.4	1801.2
2413.6	2849.6
2865.9	1702
828.54	2253.5
1025.6	1930.6
2202	2049
2157.1	2118.6
2783.9	1268.8
904.91	1828.5
1854.2	2395.9
2553.6	2384.5
1516.4	2060.1
2422.8	2263.7
826.67	2583.3
2421.5	2240.5
2733	1459.6
2576.1	1998
2298.5	1924.4
877.04	2636.3
1623.6	2709.7
934.61	1170.5
2149.6	2419.6
2123.9	2168
3038.7	1983.4
2510.4	2349.7
1135.9	1776.7
891.34	2449.1
1573.8	2094.4
2482.4	2118.4
1172.3	1996
1626.4	2200.8
2773.1	1981.9
2012.2	2442.4
2009.6	2426.3
904.91	1828.5
2414.7	2083.3
2576.1	1998
2402.9	2507.2
2123.4	2194.5
1520	2068.4
2767.4	2244.8
2339.9	2307.7
2382.1	2205.6
870.7	2525.9
1043.3	1280.9
1892.5	2480.6
1722.1	2303.9
3196.2	2256
2510.4	2349.7
918.45	2389.4
2530.4	2358.2
841.6	2200.5
1999.5	2558.3
1210.4	2058.1
2129	2574.2
2052.8	2314.7
3196.2	2256
2586.1	1997.5
2509.9	2102.6
1666.7	2398.1
2568.4	2058
2172.2	2458.8
2752.4	2205.4
1585.7	2072.9
913.22	1521.5
2522.4	1961.6
3157.3	1746.7
2616.7	2110
1028.7	2232.4
1069.7	1705.9
2685.6	2348.8
870.7	2525.9
1380.1	1746.5
1287.3	2078.7
2546	2352
3202.7	2209.1
1552.1	2089.4
2094.4	2446.8
2306.8	1913
3117.7	1467.1
2203.1	2509.4
1027.6	1252.1
897.62	2567.4
3194.1	1739.7
1056.5	2367.6
2298.5	1924.4
3206.1	2245.2
1431.8	2215.4
2339.9	2307.7
1909.5	2481
3266.9	1413.8
1056.5	2367.6
3572.5	1106.2
2001.5	2546.4
3253.7	1438.4
1000.3	1225.1
1574.2	2084
2819.9	2305.9
1169.4	2508.2
3633.4	2620.9
1507	2423.7
2482.1	1988.9
2010.5	2508.6
1502.4	2449.4
3175.3	949.82
1404	2169.1
2843.7	2287.1
1998.7	2412
841.6	2200.5
2757.2	1973
1684	2438.7
1502.6	2238
2921.7	1342.5
1010.8	2344.5
1159.7	2038.4
1011.6	1335.8
2889.4	1917.5
1593.9	2136.7
2721.9	1706.5
2030.3	2411.2
3354.4	2016.2
1648.4	2470
1273.6	1531
1152.5	2264.2
2096.7	2127.4
1692.5	2308.7
2203.1	2509.4
2817.4	2630.6
2128.4	2169.4
2363.7	2374.7
2324.9	2677.3
2195.2	2306
934.61	1170.5
3119	1339.5
1646	2319.5
1865.6	2053.4
1173.1	2733.3
2148.3	2139.3
1502.4	2449.4
1720.9	2371.1
2095.5	2174.5
1071.4	1249
2838.8	2559.3
1159.7	2038.4
2129.3	2631.7
1778.4	2528.2
2366.3	2544.3
1629.5	2208
2270.2	2012.3
871.82	2523.2
2356.4	2381.4
2161.5	2360.4
1962.6	2457.3
871.47	2568.5
1984.6	2451.3
1518.8	1965.8
1516.6	2086.6
1982	2343.2
3068.8	2725.8
891.03	2285.3
2317.1	2318.8
2489.2	2293.9
2352.7	2130.7
2339.9	2307.7
1686.5	2929
861.86	2365.8
1329.1	2116.2
3206.1	2245.2
1548.2	2034.3
871.82	2523.2
2103.5	2203.4
2717.2	1620.3
1908.6	2467.1
2061.2	2448.3
1649.7	2387.2
1434.4	2381.2
2836.2	1830.4
928.43	2407.2
2891.4	1448.1
3289.6	2037.5
2223.9	2519.1
957.19	2180.3
934.61	1170.5
2119.5	2112.8
3253.7	1438.4
2650.8	1339.5
2168.8	2438.7
1454.1	2395.4
1695.3	2222.9
3339.8	2030.5
1154.4	2517.4
2105.7	2169.3
2300.9	1547.2
3061.4	2454.7
1919.2	2470.4
1652.5	2443.8
2540.7	1984.6
2665.8	2029.3
892.4	856.63
2000.5	2410.6
2838.3	945.53
2273.2	2473.9
2425.5	2205.9
871.47	2568.5
1066.1	1712.8
1119.9	1303.2
1567.3	2274.5
1154.4	2517.4
3314.7	689.85
2288.8	2059.9
1162.2	1477.2
1691.3	2417
3137.5	1736
1998.7	2412
3060.6	2256
1149.8	2514.1
1526.6	2016.3
1493.7	2525.8
878.86	1807.5
2022.9	2254.4
2133.4	2631.1
1494.8	2375.1
3230.5	1593.9
2628.3	2294.6
1720.8	2181.3
1742.1	2286.6
3368.5	1161.4
1285	2051.1
1866.3	2040.8
3117.9	2068.4
3532.6	2230.9
991.96	2560.7
871.83	2318.8
979.13	2297.2
2519.4	2322
1011.9	2209.7
2120.1	2391.4
2187.6	2045.7
1526.7	2413.7
2340.2	1883.2
1943.1	2412.4
1574.2	2084
3194.1	1739.7
1661.1	2878.1
2537.9	1621.2
1409.8	2341
1755.8	2442.3
2019.7	2588.9
3157.9	2177.9
2184.4	2496.3
1930.2	2411.6
2280.9	2514.8
1969.7	2370.3
3043.9	1896.8
1431.8	2215.4
1626.3	2156.8
923.36	2393
3048.2	2703.6
2574.2	1495.1
2684	2335.6
3310.1	704.42
2336.1	2538.3
1653.2	2448.4
2788.2	2264.8
1093.4	1964.1
2109.7	2484.6
2227.9	2467.9
2207.8	2442.4
1622.6	2429.3
2448	1750.6
3061.5	2462
1219.3	2460.3
3454	1182.4
2062.8	2494.2
1325.6	1780
2200.3	2520.8
1455.9	1973.2
1811.2	2413.4
1685	2269.8
1211.5	2356.9
2838.3	945.53
2402.5	2042.3
1984.6	2451.3
2650.8	1339.5
3226.2	2056.4
2053.7	2602.8
3085.5	2167.9
3035.7	2234.5
2400.6	2822.6
936.75	2624.2
1966.7	2352.1
878.86	1807.5
3347.8	1286.4
3306.8	1159
1011.9	2209.7
3165.7	1754.8
2029.7	2397.5
1649.7	2387.2
1000.3	1225.1
1045.4	2453.2
2315.1	2595.1
2697.5	1164.3
1548.2	2034.3
2584.8	2065.6
2140.5	2346.8
2731.9	1669
1689.8	2159.7
2620	2167.9
2363.9	2259.8
2663.1	2026.8
3074.4	2307.5
1562.5	2062.4
2574.2	1495.1
1130.5	1780.6
1618.7	2191.7
1699.2	2275.6
1954.8	2471.9
1869	2051.6
1013.4	2208.2
3311.4	700.08
995.56	1648.2
2062.5	2369.6
2707.5	2329.1
1376.3	2878.8
1908.1	2387.8
1215.1	1374.9
3043.6	1987.5
3223.4	2054.9
2574.2	1495.1
2047.8	2433
1336.4	2089.4
1556	2133.9
3012.3	2182.9
1578.5	2283
2475.6	2131.3
2377.1	2319
3156.9	1629.4
2707.5	2329.1
2223.9	2519.1
2649.9	1233.2
2146.9	2542.6
934.61	1170.5
1862	2480.2
2077.4	2426.2
2886.1	1615
2039.9	2494.4
1520.8	2586.4
1011.9	2209.7
3103.3	2269.5
2129.3	2550.2
2740.4	2234.4
1405.4	1935.1
1749.4	2618.6
924.21	1832.8
888.9	863.7
2315.1	2595.1
2338.2	1634.9
3266.9	1413.8
995.56	1648.2
1345.4	1811.9
1744	2284.7
1067.3	1342.6
877.04	2636.3
2613	1293
1867.1	2038
1626.4	2200.8
2613	1293
2359.7	2362.6
993.29	2374.3
1427.4	2098.1
1349.1	1810
1526.6	2016.3
3205.9	386.34
3234.1	2470.5
3365.1	2469.6
2072.6	2334.3
3482.3	2060.7
2954.8	2063.1
1623.7	2323
3251.3	1675.2
1011.8	2431.1
1661.1	2878.1
1574.9	2129
2635	1591
836.13	2297.8
2628.6	2326.3
2187.5	2433.2
2163.9	2304.5
2038.4	2336.4
2954.8	2063.1
2037.2	2424.9
1862.8	2391.4
3174.7	1904.7
2198.2	2528.9
3085.5	2167.9
2329.5	1896.6
2721.6	2212.8
3504.5	1157
2105.3	2187.3
3082	2256.3
2954.8	2063.1
1273.5	2289.7
1908.1	2471
2826.8	1951
3181.4	2262.1
2042	2481.6
2128.4	2169.4
1984	2270.8
2926.7	2676
1533.1	2477.7
2102.7	2080.3
2999.7	2904.1
1437.9	2375.8
934.61	1170.5
2806.5	2317.7
2122.8	2563.1
2094.4	2446.8
2037.4	2440
1551.6	2003.7
3586.8	1049.4
2363.9	2259.8
1287.3	2078.7
3012.3	2182.9
1022.9	1667.5
2525.9	1972.4
3223.4	2054.9
3011.1	2278.3
1684.9	2924.5
1351.3	2157.4
2764.6	2225.4
2363.9	2259.8
2540.3	2556.7
1043.8	1934.5
1652.5	2443.8
2398.9	2025.2
2939.1	2695.7
2589.2	1987.2
3117.9	2068.4
3586.5	402.68
3012.3	2182.9
1209.2	2787.4
2283.1	1951.3
2788.2	2264.8
2584.1	1551.1
3620.4	462.31
1532.1	2112.1
2806.5	2317.7
2186.5	2196.8
3330.3	2126.8
2111.3	2352.4
1211.5	2356.9
865.68	1691.2
979.13	2297.2
1414.4	2214.1
1639.7	2201.9
2329.5	1896.6
967.18	2539.6
3357.2	2511.2
2383.4	2303.1
3028	2457.2
1912.9	2595.3
1045.4	2453.2
2721.6	2212.8
2732.6	1662.8
3365.1	2469.6
2039.9	2494.4
2939.1	2695.7
1976.6	2414.3
1570.6	2131.4
2956.8	1096.2
3406.1	516.85
2632.8	1573.9
2488.6	2243.5
2232.9	1988
1231	2292
2041.5	2310.4
3155.9	2278.4
3504.5	1157
3301.3	2092
1219.8	1404
897.62	2567.4
2053.7	2602.8
1523.7	2077.3
2106.4	2633.9
2186.4	2195.3
3202.8	2251.4
1225.8	2264
2021	2336.6
2297.3	2467.8
2721.6	2212.8
2037.2	2424.9
1652.5	2443.8
2639.5	2356.6
1954	2869.9
1565.9	2104.6
1218.4	2437.3
2460.7	1441.1
2187.5	2433.2
2076	2515.3
926.13	1847.3
2567.3	1917.2
2264	2503.2
1317.2	2078.1
3182.9	2108.8
1999.1	2570.2
3242.1	1697.8
3345.3	2044.4
870.11	913.72
1515.1	2105.3
2537.9	1621.2
2099.6	2451.2
2703.8	2223.6
3365.1	2469.6
2624.1	1308.2
2060.8	2421.2
1683.7	2374.9
2161.5	2121.8
1493.7	2525.8
3157.3	1746.7
1796.5	2375.3
3180.4	2098.5
2898	2464.2
2626.2	2102.3
959.12	1249.3
857.98	1776.2
2161.5	2121.8
2007.9	2472.6
2475.6	2131.3
1450.2	2011.9
3424.2	1552
1867.1	2038
1991.2	2379.3
2124.7	2333.4
2223.5	2503.1
2154.8	2141.8
1993.9	2479.9
3350.9	1679.7
3165.7	1754.8
1288.9	2112.5
3189.9	2414.7
2548.8	2268.2
1684.9	2196.9
878.86	1807.5
2716.7	2311.8
3374.8	2256.9
3143.4	2402.8
2164.8	2235.6
2999.7	2904.1
1400.6	2379.2
1656.1	2240.7
3234.1	2470.5
1127	1566.5
931.13	2281.9
2005.3	2321.4
2022.8	2314.9
3424.2	1552
2189.8	2199.7
3163.2	1741.2
3532.6	2230.9
2746.8	2563.9
2652.1	2348.1
3536.8	1393.7
2812.6	2464.1
3118.8	2757.9
2429.7	1688
1288.9	2112.5
1354.8	1828
2069.5	2600.6
2192.7	2596.4
1011.8	2431.1
1493.7	2525.8
2300.8	1556.1
1842.6	2472.4
2187.3	2011.6
2620.2	1788
2137.3	2584.5
2120.1	2391.4
2716.7	2311.8
1218.2	2463.1
1522	1977.8
3189.9	2414.7
869.54	1816.2
1241.4	2087.3
2602.9	2330.4
2501.9	1618.3
2626.2	2102.3
2162.6	2634.9
2427.8	1705.6
2137.9	2040.4
1954	2869.9
2880	1403.8
949.94	1538.6
1264.5	2321.3
1241.4	2087.3
2361.4	2329.3
1058.9	2454.5
1520.8	2586.4
1100.9	1702.2
1366.8	2108.2
2124.7	2333.4
2184	2074.2
3244.1	1247.3
2189.8	2199.7
2227.9	2467.9
894.51	769.31
2023.2	2319
1989.2	2445.3
1728.2	2290.4
2069.7	2491.6
2065	2465.2
1903.8	2631.4
3200.2	2209
1300.8	2296.8
3090.8	2450.3
2111.2	2156.4
2488.6	2243.5
3215.2	1739.3
2896	2461.3
1638.1	2443
1528.6	2399.7
862.89	2132.7
2100.7	2102.7
2612.7	2108.4
952.21	1536.7
2130.9	2625.5
3350.9	1679.7
1968.5	2404.9
1051.2	2400.8
2669.5	2344.1
878.82	2386.6
2609.8	1566.7
1336.5	1862.5
2390.1	2330.4
2345.7	2380.8
2199.3	2210.9
2151.9	2102
2574	2167.8
3430.7	2506.3
2163.9	2304.5
3361.4	1111.5
2328.1	2089.3
937.56	2662.5
2763.4	2353.1
1296.7	2435.7
1058.9	2490.3
2197.4	2207.3
1634.3	2156.3
2241.3	1938.6
2564.4	2395.4
2548.8	2268.2
2186	2520.6
2553.4	2634.2
1523.7	2077.3
2786.8	1634.5
1877.8	2395.4
2875.4	2293.6
952.92	1851.7
2826.7	2213.6
2080.9	1427.3
2246	1908.2
2111.8	2093.4
940.31	1004.2
2136.2	2590.6
874.61	2588.1
2058.8	2528.8
3154.2	2228.2
3534.6	1121.8
3209.4	2189
2524.1	1954.5
854.71	2279.7
901.85	2298.7
2246	1908.2
2668	2345.8
3337.6	2066.2
3524.1	1674.6
2036.4	2491.4
1549.2	1938.1
2845.5	1554.3
2743.7	1980.7
3001.4	642.02
2627.1	2378.1
2161.8	2675
1406.4	2361.4
2619.9	1481.1
3085.5	1784.7
1913.1	2042.7
1717.7	2252.7
1336.3	1861.8
2063.7	2446.6
2875.4	2293.6
1172.5	2257.5
2459.7	2283.2
2494.3	2108.8
2537.9	1621.2
1655.4	2352.2
3320.4	365.43
1127	1566.5
2546.6	2106.7
2611.4	2194.8
923.87	2159.8
2323.3	2247.1
845.84	433.54
2280.4	2287
3357.2	2511.2
3117.9	2068.4
2763.4	2353.1
1906.1	2629.8
871.27	2536.9
2584.1	1551.1
1204.9	2319.2
2855.1	2310
3251.3	1675.2
1339.6	1853.2
2537.9	1621.2
3438.7	1627.6
1071.2	2942.6
3501	492.4
3223.9	1245.5
3544.3	1401.1
3000.6	1907.7
1618.7	2191.7
1047.6	2400.6
2768.9	2237.6
3532.9	990.3
887.08	999.91
3062.1	2130.2
1711.8	2397.7
2026.5	2484.5
1693.6	2247.6
3201.2	2586.2
954.3	2320.9
2628.2	1768.9
3159.8	1258.4
2315.1	2595.1
1217	1613.5
1746.2	2399.5
1917.9	2597.2
1734.9	2344.1
2711.8	1137.7
3280.4	1678.9
2584.1	2189.1
2005.6	2321
926.13	1847.3
989.22	1079.3
1067.2	2237.7
2552.4	2368
1920.4	1743.3
2151.9	2102
3293	1559.7
2075.6	2343.7
1692	2273.9
2065.6	2314.4
1414.4	2214.1
2382.9	2085.2
2435.5	1998
2154	2576.8
3350.9	1679.7
1406.4	2361.4
888.9	863.7
2000.3	2434.3
2816.8	1942.2
2297.4	1929.2
2484.1	2439.8
2003.1	2959.6
1528.6	2399.7
865.68	1691.2
2052.4	2503.2
2495	2118.5
2732.8	1120.7
3352.5	2506.1
2907.6	2362.1
840.9	2343.8
1069.6	1692.7
2487.3	2038.4
2407.4	2223
1734.9	2344.1
2477.8	2132.7
2339.2	1436.1
834.56	2311.7
1009.4	2558.6
1661.1	2878.1
957.72	2626.4
924.69	2402.4
1245.7	1597.3
2491.7	1940.1
1862.9	2310.8
3348.1	2041.3
2103.6	2111.4
3132.6	2121
2874.7	2261.1
1509.4	2071.9
2203.7	2487.1
1649.7	2249.3
2850.9	1581.2
970.67	2389.9
3303.2	1793.5
2205	2482.9
2449.3	2348.1
2427.3	2816.4
2857.2	2310.6
3085.5	1784.7
2030.6	2483.8
3063.1	2274.3
2526.4	1934.8
2413.6	2849.6
2077.4	2426.2
2230.3	1911.2
2576.6	2042.1
2175.1	2718.1
2033.7	2396.8
2696.6	2293.7
2532.6	1932.2
2072.4	2493.8
1472	2572
1877.8	2395.4
1379	2178.1
3123.3	2747.3
3400.2	719.95
2564.4	2395.4
2241.3	1938.6
2035.1	2469.8
1628.3	2345.8
2534.5	1978.4
1684.5	2261.3
3255.3	1463.2
2688.4	2019.3
1992	2464.4
1285.2	2292.5
2823.2	1959.6
2401.3	2311.5
2280.4	2287
2793.6	2632.9
2686.9	2239.8
3501.7	1012.9
2703.8	2223.6
924.03	2472.1
1096.8	1300.7
2063.7	2446.6
1610.9	2532.3
2054	2663.3
2628.3	2294.6
1376.3	2878.8
3368.6	310.49
3448.3	1193.5
2584.4	2059.7
2109	2581.7
2929.9	1900.9
3501.6	1023.9
2650.3	1540.8
2054	2663.3
1011.6	1335.8
2065.1	2669.8
2907.6	2362.1
1661.1	2878.1
3117.9	2068.4
3132	2116.6
2452.4	1730.9
2103.6	2229.8
2308.4	2708.6
3351.4	2631.2
2551.2	2243.9
2565.7	2030
2725.8	1737.6
1203.9	1953.2
2448	1750.6
1635.2	2173
2060.2	2332.3
3035.9	893.06
2022.9	2254.4
840.9	2343.8
2612.5	1296.2
1727.4	2295.2
2183.8	2616
2708.4	1988.2
1656.1	2240.7
2323.3	2247.1
3230.5	1593.9
2278.9	1945
2900.7	1082
1322.5	1719.3
3352.6	2066.9
2404.2	2815.1
1252.5	2086.4
911.15	2558.6
1159.7	2038.4
875.09	2157.5
2338.8	2511.5
2053.7	2602.8
1728.2	2290.4
2806.9	2644.8
847.16	2382
2658.6	1338.2
2195.9	2509.1
1041.1	2280.6
2755.4	2016.1
3352.5	838.36
1218.4	2437.3
2995.5	2364.1
912.64	2132.1
3038.8	1354.5
1563	2397.2
861.31	1719.7
2246.5	2030.3
2460.7	1441.1
2614.3	2156.8
1530	2124.3
2238.2	2043.5
868.96	1724.4
2786.8	1634.5
2728.5	1713.6
2706.6	1120.3
2260.5	2506.4
2423	2250.3
3524.1	2519.6
1211.1	2142.5
926.13	1847.3
3586.5	402.68
2760	2051.3
3372.6	1744.1
2090.8	2265.5
1468.8	2437.5
984.03	2295.5
1464.4	2372.8
971.68	2512.4
2325.2	1905.9
3256.4	2487.6
2655.5	1370.8
2201	2183.7
1629.6	2270.8
1717.7	2252.7
2303.8	2033.4
876.56	2164
3337.6	2066.2
2728.5	1713.6
1211.6	2058.1
2106.2	2181.6
1885.8	2465.5
3284.4	1694.4
1968	2546.7
3430.6	1626.5
3353.3	1260.9
2528.3	1948.4
2446.6	1662.4
2200.3	2285.2
2018.5	2561.6
1862	2480.2
2023	2335.7
2518.9	1893.1
1666.1	2920
2349	2121.7
3080	1319.2
1698.6	2386
1171.2	1984.9
3132.3	2209.6
1406.4	2361.4
926.13	1847.3
2603.3	2345.5
1575.7	2275.8
1224.8	2003.5
827.28	2706.8
2533.6	1717.8
3503.1	2182.7
1867	2035.5
1437.9	2375.8
2460.7	1441.1
2136.2	2590.6
2065.1	2669.8
1472	2572
1494.8	2375.1
864.38	1825.7
2110.9	2367.7
2447.1	2297.6
875.65	2372.6
2350.1	2346.3
864.9	1211.4
3589.5	1776
1935.6	2506
860.35	1828.4
3063.8	1871.8
1150	1779.5
838.06	1467.5
2445.1	2130.1
3217.4	2504.8
874.86	2394.2
2773.1	1981.9
1932.5	2442.3
1699.2	2275.6
2160.8	2586.6
2345.7	2380.8
2789.2	1698.8
3331.3	2223.2
1118.3	2813.9
2855.1	2310
2180	2296.3
2060.3	2569.5
3368.9	1159.7
2291.6	2045.3
1080.9	2297.6
1011.8	2501.2
2068.7	2317.5
827.28	2706.8
1240.1	2091.5
1349.1	1810
1387.9	1745.8
1565.1	2152.6
2619.7	2331.6
3386.9	2487.1
2320.2	2313.9
3348.5	2028.8
2164.2	2302.9
3092.3	591.05
2996.6	1415.4
2969.3	2463.9
870.11	913.72
2527.1	1945.8
1958.4	2538.8
2552.2	2122.7
969.53	1829
2225.2	1430.7
2600.6	1896
2130.6	2053.9
3053.4	2247.5
2338.9	2384.6
2374.9	1521.4
2088.1	2607
2068.7	2317.5
1973.8	2362.2
2199.3	2210.9
2435.3	2345.4
2241.6	1906
2009.9	2533.6
2755.4	2016.1
2427.8	1705.6
3256.4	2487.6
1973.8	2362.2
1236.1	1598.6
2033.7	2387.7
1382.1	1948.5
3431	2516.7
2349.1	2595
1570.6	2131.4
2015.2	2266.9
929.87	2149.4
2480.8	1618.2
1528.1	2029.2
971.68	2512.4
2545	1617.9
1186.8	2287.6
2299.5	2116.8
1844.1	2434.5
1669.5	2166.3
1699.2	2396.4
995.56	1648.2
3438.4	1266.5
2307.5	1909.3
3368.6	310.49
3558.8	2127.2
2323.2	1844.8
957.72	2626.4
2321.9	1539.9
1969.7	2370.3
1908.1	2467.3
2128.9	2386
2130.9	2625.5
2297.6	1568.5
2534.8	2229.1
2460.7	1441.1
3102.8	2073.3
3285.3	677.21
3360.3	1122.1
1252.5	2086.4
2745.9	2503.7
1664.6	2109.9
3229.1	1220.7
1174.4	2253.3
1750.8	2367.6
2160.4	2324.3
2913.2	1380.9
3293	1559.7
1938.6	2495.9
2016	2389.9
2246.5	2030.3
3224	2180.1
3362.1	881.59
3345.3	2040.1
2048.3	2595
2137.9	2040.4
3210.6	1752.7
2873.3	1304.8
2132.7	2404.4
3439	1068
2322.8	2512
1369.2	2186.6
3585.3	1685.2
1714.2	2363.9
3293	1559.7
1635.2	2173
859.83	2295
2054	2660.5
1566	2147.8
952.92	1851.7
2446.6	1662.4
2175.1	2718.1
2545	1617.9
2699.9	2159
3549.1	2478.9
875.09	2157.5
2047	2394.1
2308.4	2708.6
2995.5	2364.1
2437.8	2234.5
949.94	1538.6
1693.2	2368.6
2029.4	2487.1
952.92	1851.7
1565.1	2152.6
2322.8	2512
1516.6	2296.5
950.62	998.73
925.82	2149.3
1231	2292
2551.1	2532.5
3008.5	1068
1309.3	1804.5
3389.4	549.06
2179.9	2321.3
3546.6	2474.8
1493.7	2525.8
2810.5	2333.9
1220.1	2426.2
2160.9	2540
862.89	2132.7
1959.5	2479.2
3256.4	2487.6
3345.3	2044.4
2339.5	2320
2423.8	2189.6
1065.9	1508.7
1664.6	2109.9
3192.1	746.2
979.13	2297.2
1100.9	1702.2
891.34	2449.1
2325	2224.1
952.21	1536.7
2464	2132.8
3192.1	746.2
3345.3	2040.1
862.83	2615.3
3210.6	1752.7
1032.9	2216
3300.6	1333.1
2855.1	2310
3558.8	2127.2
1401.4	2183.7
2941	2179.3
2279.2	1950.7
2655.5	1167.4
3096.5	853.48
2159.3	2327
815.23	2568.4
3165.7	1754.8
1651.6	2471.8
1494.8	2375.1
2382.9	2085.2
3525.2	2177.2
2336.8	2079.9
3254.9	2485.4
1412.2	2566.7
2279.6	1999.9
3110.8	2275.5
1736.9	2266.4
2297.2	1555.5
2307.5	1909.3
2616.6	2099.3
862.83	2615.3
1661.1	2878.1
979.13	2297.2
973.59	2615
857.98	1776.2
3352.5	838.36
3347.8	2212.3
2255.2	2487.1
995.56	1648.2
2130.6	2053.9
1913.2	2605.8
3320.9	2138.9
2961.9	2043.6
3237.1	2227.9
2716.7	1885.4
1697.2	2166.6
2787.2	2021.7
2089.9	2636.2
1203.9	1953.2
1071.4	2400
1321	2840.9
2934.8	1004.5
3008.9	1295.9
2082.2	2615.2
1068.4	1183.3
3132	2116.6
1295	1663.5
2079.2	2318.2
3525.2	2177.2
1856.7	2395.4
2245.4	2552.5
1673.4	2287.1
1963.7	1742
2096.7	2127.4
3008.5	1068
3107	2251.3
2796.4	1342
877.04	2636.3
3620.4	462.31
1011	1345
3148.7	752.45
2867.6	1594.6
2769.1	2238.3
871.36	2452.5
1162.2	1477.2
3063.7	1383.4
3000.9	2452.1
1388.7	1861.3
1635.5	2438.8
2864.3	1083.4
3115	2257.1
2583.4	2139.1
2545	1617.9
2179.3	2584.4
2068.6	2607.3
1650.2	2426.8
3210.6	1752.7
952.92	1851.7
2322.1	1945
840.9	2343.8
2802.5	2477.3
875.09	2157.5
2362.9	2065
2693.2	1746
1302	1794.4
1526.4	2078.8
2083	2534.6
3433.6	2236.4
1521.9	2445.3
2328.1	2779.8
2579.8	1534.8
2989.2	1402.9
1779.5	2782.9
1506.9	2871.2
3118.9	2030
2792.7	1183.8
967.92	1990.9
2792.7	1183.8
1024.6	2459.4
814.8	2570.4
2958.3	1101.6
2785.9	1611.2
2444.2	1982.7
2391.6	1621
2092	2553.7
3443.2	1049
2294.2	1550.3
3348.8	1641.7
2603.3	2345.5
2124.2	2207.2
3524.1	1674.6
3440.1	2496
1045.9	2297
2774.3	2325.6
905.12	1117.1
2614.3	2156.8
1885.8	2465.5
2014.1	2261.7
2108.9	2641.4
3038.5	2123.3
3458	2189.9
1071.4	2400
1149.9	2652.8
1665.6	2110.7
2616.6	2099.3
3093.8	1130.3
2742.3	1677.8
3174.1	1906.1
3453.2	1637.1
1519.6	2401.3
3200.9	2534.3
3561.4	210.55
2135.2	2038
3067.5	1369.6
1699.2	2396.4
1666.8	2234.1
2179.8	2425.1
1015.6	2305.5
2444.2	1982.7
1710.3	2191.4
2285.6	2297.8
1699.7	2234
1397	2141.2
1217.7	1617.5
3350.7	2042.9
1937.6	2468.7
1991.5	2488
2404.6	2067.3
2459.7	2283.2
2575.2	2099.3
1548.1	2002.2
3326.5	2160.4
3148.7	752.45
1009.4	2340.2
2946.6	2254.1
1221.3	1740.3
857.86	1426
3539.4	479.4
2119.5	2112.8
2036.5	2457.8
3445.1	1237
1959.6	2670.2
3295.5	643
2555.5	2041.4
2459.7	2283.2
3178.6	1093.5
3005.2	2455.4
2230.3	1911.2
1329.6	1786
1621.7	2419.6
3344.4	1138.2
3323.6	2133.9
2604.6	1571.9
2567.3	2018.7
2325	2224.1
2431.8	1716
3445.1	1237
1945	2413.3
3253.7	2047.2
1695.7	2444.7
1645.6	2469.9
3291.2	606.59
1529.8	1942
2052.2	1418
2200.3	2285.2
2317.2	2362.1
2658.5	1966.3
3257.8	1188.2
2627	2390.4
844.23	2649
3291.8	1889.9
1269.9	2132.7
3210.9	2440.1
2536.4	1877
885.28	2137.4
1459.6	2236.6
2782.3	1880
2978.4	2912.2
2555.5	2047.3
995.56	1648.2
2562.6	2126.1
2159.5	2104.7
1581.2	2080
814.8	2570.4
3238.5	2228.1
2792.7	1183.8
2902.5	2424.9
2123.2	2376.4
3179.1	1439.9
2573.2	2131.5
1920.6	2410.8
2173.4	2522.8
3353.7	1170.2
1174.6	2346.5
3357.1	1514.2
3119	1339.5
2853.2	2574.4
910.88	2545.9
1294	1663.9
2230.4	2471.2
1989.2	2445.3
2066.5	2469.3
1991.2	2379.3
2895.2	2189.1
3022.7	1781.3
2843.9	1279.3
3360.3	1122.1
3376.6	2494.9
1309.6	2097.9
2583.4	2139.1
2088.1	2607
1963.7	1742
2876.8	1625.4
889.32	2567.9
2082.2	2615.2
1743.9	2372.9
2192	2074.9
2820.8	2603.2
2297.6	1568.5
3102.8	2073.3
2700.5	2330.3
2098	2235.5
3438.4	1266.5
966.86	2173.9
1506.9	2871.2
3445.1	1237
2566	1969.9
2317.2	2362.1
946.07	2306.2
2725.7	1724.8
898.7	852.04
3032	915.18
2817.7	1909.4
2833.8	1656.1
1360.9	2572.5
1451.8	2438
2040.6	2494.4
906.63	1256.6
830.2	1019.4
923.9	1545.3
2555.6	2018.7
2549.3	2525.7
2420.1	2299.9
3229.1	1220.7
2322.1	1945
3349	2608.7
2872.7	1465.3
3174.1	1906.1
1106	2284.1
2658.5	1966.3
1010.6	925.01
2279	1947.8
2411.2	1697.3
2218.1	2654.1
3523	483.29
3099	1345.2
3326.5	2160.4
1339.9	1783.7
1949.4	2662.3
2130.7	2356.1
917.28	1315.1
2072.8	2341.4
1009.9	2467.4
1043.3	1280.9
3063.7	1383.4
914.92	2583.6
3485.7	1074
1511.6	2067.7
1753.1	2521.4
2184.4	2083.9
2104.8	2623.6
1030.2	1630.6
2524	2129.7
2635.7	1790.2
987.26	2319.2
1780.6	2686.2
1452.1	2189.8
879.94	2470.4
2441.5	2050.9
3508.5	2494.1
2280.6	2220.6
2821.1	2604
3229.1	1220.7
2405.6	1613.9
2282	2210.7
3378.7	1139.9
1983.5	2349.3
3437.1	1613.4
1920.4	1743.3
844.23	2649
1714.2	2363.9
2487.7	2135.7
3378.7	1139.9
1546.4	2574.7
2025.7	2432.6
3156.5	784.59
2094	2481.3
2222.7	1891.5
1529.8	2417
2683.9	2320
2994.6	1337
966.21	2293.3
2034.3	2458.1
2402.5	2042.3
2437.6	1610.7
2627	2392.5
1421.8	1911.7
2039.9	2494.4
2545	1617.9
1639.7	2421.7
2038.7	2378.1
2318	1550
1236	2273.1
2111.2	2195
2446.6	1662.4
1185.8	2434.7
1769.6	2327.6
1259.7	2288.2
2353.7	2540.3
1000.3	1225.1
1042.6	1178.8
2430.9	1702.3
2175.1	2718.1
2551.2	2243.9
2121.9	2379.4
2648.1	1721
2549.3	2403.9
3116	1348
1920.4	1743.3
2576.8	2030.3
1552	2155.6
842.75	2119.6
995.56	1648.2
2117.1	2093.4
834.26	2488
2796.4	1342
1365	1961.3
2297.9	1864
1780.6	2686.2
2942	2261
1544.3	1992.4
3008.4	635.59
1660.1	2255.2
2086.5	2308.3
2579.8	1534.8
2151	2342.3
1019.3	1348.7
848.23	2397.5
909.57	1695.7
1159.7	2038.4
2188.2	2298.7
2406.8	2235.3
3558.8	2127.2
963.06	1805.7
2911.9	2280.6
2585.4	2026
2123.5	2368.1
2782.3	1880
885.28	2137.4
2573.9	2846.2
1259.7	2288.2
1896	2624.9
1667.9	2335.4
1583.3	2328
2106.2	2181.6
2552.8	1607.2
2283.7	2187
2025.7	2432.6
2433.4	1996.8
2876.8	1625.4
870.11	913.72
2792.7	1183.8
2717.2	2358.6
939.65	1125
2549.3	2403.9
2297.7	1589
2884.1	1936.3
2995.5	2364.1
2728.5	1713.6
952.92	1851.7
1477.8	2227.3
1697.5	2152.8
1011.3	2486.6
1978.7	2275.4
2009.9	2533.6
2987.3	689.96
871.82	2523.2
2306.7	2513
822.36	2117.9
2045	2581
2643.3	1960.5
1155.2	1773.3
2782.3	1880
1110.1	1487.5
874.78	2455.2
2108.2	2438.7
963.18	2179.5
3438.4	1266.5
2339.2	1436.1
2190.3	2419.2
1561	2068.9
876.16	1775.5
876.16	1775.5
1582.2	2772.6
1456.2	2022
3418	1540.4
3586.1	1150.1
2420.1	2299.9
2442.3	1600.1
1154.4	1497.6
2578.2	1962
2279.2	1950.7
1638.1	2423.1
3595.2	1783.7
2282	2210.7
2458.1	2337.4
2850.9	1581.2
874.63	2461.6
2280.6	2220.6
2332.1	2517.9
1653.1	2240.8
1252.4	2577.5
906.63	1256.6
986.97	1830.6
1891.6	2450.6
2204.5	2060.2
2123	2604.4
3505.2	2198.3
1749.6	2346.8
2397.2	1438.3
2322	2735
906.63	1256.6
1663.9	2113.8
3253.7	2047.2
848.23	2397.5
3521	2525.8
3353.5	2112.1
3376.6	2494.9
2114.4	2180.3
2281.3	2186.5
2435.5	1998
3020.6	1570.2
2993.3	1137.5
1119.8	2302.3
1417.9	2067.1
1980.6	2349.9
1752.9	2405.1
2095.5	2174.5
2507.2	2365.9
1088.7	2308.4
1068.4	1183.3
2986.9	2902.7
2318.7	2262.5
967.36	2386.2
2008.8	2397.1
1622.2	2460.3
1516.6	2296.5
1825.6	2533.4
2117.6	2400.2
3222.4	408.42
2631.8	2406.2
3091.9	1144.8
1494.5	2494.4
3445.1	1237
3431	2516.7
1122.5	2238.2
2728.9	1205
1240.1	2091.5
3146.7	2227.8
2252.2	2496.2
2820.8	1994.6
2075.8	2403.2
3445.1	1237
3214.4	908.94
2942	2261
2149.9	2640.3
2778.2	1706.7
2027.9	2253.7
2306.4	2477.3
2406.8	2235.3
3102.8	2073.3
2044.1	2251.4
2668	2345.8
3180.9	1093.1
3202.1	767.37
2695.3	1218.1
3558.8	2127.2
970.47	2549.6
2318.1	1639.8
2860.1	1126.8
924.9	1320.3
2627	2392.5
841.75	2718.9
2190.3	2453.7
830.58	905.65
1030.2	1630.6
2654	1805
3015.1	2264.6
2549.9	1695.9
2554.2	2081.4
2132.1	2390.9
3143.7	2282.7
1444.7	2206.7
3117.9	2068.4
1365	1961.3
991.6	1820.8
3214.9	2058.9
2860.1	1126.8
2801.3	2621.3
959.9	2464.2
1998.9	2464.1
824.22	2478.6
3352.5	838.36
993.18	1620.6
2151.4	2011.1
1259.7	2288.2
3104.1	1355.1
1180	1997
3558.8	2127.2
840.58	2445.8
2582.8	2133
2167.7	2314.9
3008.9	631.67
3321.5	812.09
2239.3	2025.8
2141.9	2027.2
1049.3	1605
2873.7	1409.1
2339.3	2320.7
2652.1	2348.1
1644.4	2331.9
1943.3	2495.6
2029.4	2298.1
3148.7	752.45
2533.6	1717.8
2556.4	2243.9
2840.4	1993
3212	1273.4
2070.2	2618.1
1712	2382
3558.8	2127.2
1566	2147.8
1145.3	2543.8
3032	915.18
2788.7	1235.7
3119.3	2278.9
3359.2	1108.5
2190.3	2453.7
1180	1997
3005.2	2455.4
1516.3	2422.9
3307.4	2087
3231.1	2135.7
1382.8	2537.6
3174.3	2024.6
3572	1243.3
2823.6	998.99
1776.9	2329.9
1238.7	2068.4
2779.8	1540.5
2714	1182.3
2037.5	2489
1134.9	2379.4
932.99	1779.9
911.35	2543
2840.8	2281
2052.3	2512.1
1009.4	2541.9
907.96	1265.5
2804.6	2013.5
2582.5	2117.4
2173.7	2539.9
2324.9	2677.3
2306.7	2513
3221.6	2483.6
1653.2	2448.4
2253.4	2134.9
2795.8	2206.5
2280.8	2306.7
2512.2	1789.5
2380.7	2297.9
2223.6	2520
3214.9	2058.9
2292.5	2009.9
3177.3	2201.3
2072.6	2518.2
2318	1550
1607.1	2452.9
3121.4	1295.9
1091	2350.1
3014.5	1059.1
1264.5	2321.3
1523.3	2127.9
2130.7	2356.1
2070.2	2618.1
1252.5	2086.4
2128	2407.3
2839.9	1154
1215.8	1661.6
2555.6	2018.7
3091.6	1143.9
3520.6	2527
3433.6	2236.4
3283.9	354.15
3501	492.4
1081.5	1269.4
2278.3	2222.1
1764.7	2398.5
2151.4	2011.1
2306.1	2509
926.74	1544.7
816.02	2540.3
2930.2	2399.5
1174.6	2346.5
3168.1	1831.4
1183.1	2064.2
2616.3	2103.3
849.7	2448.3
1150.3	1252.3
841.75	2718.9
839.14	2314.7
2822.7	2215.8
2567.5	2282.4
1753.9	2347.3
3000.1	2880.2
1646	2423.4
2169.1	2422.8
2108.8	2363.2
969.37	2479.9
3204.3	1227.9
3400.1	1838.9
3515.2	2024.3
1705.6	2332.2
2135.1	2388.2
1115.9	2409.1
2774	2530.9
821.77	2517.7
1145.3	2543.8
1951.1	2437.9
1638.1	2423.1
910.13	1295.2
3293	1559.7
2115.9	2214.2
2038.2	2356.5
2116.4	2594.3
866.39	1713.8
2130.7	2356.1
959.12	1249.3
2183	1978
2487.7	2135.7
3323.6	2133.9
3291.2	606.59
2249.6	2472.7
3465.9	1037.2
970.75	2469.9
1714.2	2363.9
3522.3	1223
2115.9	2214.2
3558.8	2127.2
1983.5	2349.3
866.39	1713.8
2614.9	1790
2600.5	2313.9
2149.2	2037.6
2996.2	1321.6
966.86	2173.9
2204.5	2060.2
3591	1204.8
2523.3	1919.5
3284.1	1881
2191.6	2532.9
2466.4	2116.4
1667.9	2335.4
868.96	1724.4
2234.5	2530.5
3445.1	1237
1045.5	2523.1
3056.2	2269.6
2542.5	2411.1
3219.7	1749.9
1661.1	2878.1
834.26	2488
1009.1	1877.7
2446.6	1662.4
2297.7	2390.6
2297.7	2390.6
2996.9	2880.3
2801.3	2621.3
3183.6	1105.7
1094.5	1557.1
2524	2129.7
3086.5	1569.7
2201.4	2516.6
3454.5	1663.2
3351.3	1335.8
2025.7	2432.6
3214.9	2058.9
1326	1827.9
854.41	1430.8
3504.4	2466.2
2156.8	2161.6
980	2658.8
2188.3	2413.6
3156.5	784.59
3119.4	821.12
1705.6	2332.2
3416.5	2045.9
2996.2	1321.6
2714.6	2373.8
1251.7	1719.5
1867.6	2468.8
2128.3	2408.4
876.16	1775.5
3289.6	1372.4
2601.1	2306.1
2706.6	1120.3
2085.2	2290.9
910.57	1279.5
3000.3	1875.7
2812	1359
2306.4	2477.3
1151.8	1777
1684.4	2111.9
936.46	1538.3
2036.3	2367.5
2889.4	807.95
2627.5	2037
3203.4	1274.6
2198.6	2421.9
2014.3	2416.3
3198.1	648.36
1626.2	2153.8
3433.6	2236.4
900.2	2160.2
2995.7	1604.5
1663.9	2113.8
1958.1	2491.6
943.85	2336.9
2567.2	2018.2
3226.8	435.9
1013.6	1669.3
3295.1	1763.2
2722.6	2303.4
3500.8	1062.9
2042.4	2651.6
2714.6	2373.8
3572	1243.3
3351.4	2631.2
830.2	1019.4
1186.8	2287.6
3014.5	1059.1
2471	1999.9
1173.2	2432.8
3300.6	1333.1
1501.9	2274.3
1277.1	2640.3
3384.2	2479.6
2697.7	1198.7
2324.7	2735.2
2874.2	1927.8
2374.8	1438.3
3226.5	1257.8
2993.3	1137.5
959.33	2275.5
2567	2007.1
2969.2	1696
2127.2	2324.8
1334.1	2164.4
3558.8	2127.2
865.51	2584.1
1843.8	2418.1
2735.4	2018
3411.4	1398.1
3238	1290.7
2047	2394.1
3470.2	1896.2
820.25	2455.4
3315	1192.8
923.9	1545.3
1466.1	2256.1
3031	2303.7
1113.3	2466.7
2803.2	2216.8
2601.1	2306.1
1655.1	2343.6
2071.3	2521
2310.9	2101.5
2314.8	1841.5
2066	2631.9
1555.7	1917.8
2631.8	2406.2
3119.4	821.12
2430.3	2057.5
2297.8	2533.3
1939.5	2955.5
1954	2869.9
845.84	433.54
871.41	517.24
1183.1	2064.2
3274.5	357.05
2970.6	1113.4
2310.9	2101.5
2880	2106
1696.8	2341.3
1012	2205
3181.3	1806.1
1012	2205
2514.2	2260.3
2158.1	2371.9
2337	2122.5
3342.7	2628.3
3020.8	1148.4
1449.5	2811.3
3219.7	1749.9
2475.1	1988.4
954.27	2316.8
1922.1	2633.3
1417.9	2067.1
1285.9	1912.8
3321.5	812.09
814.57	2537.3
2173.4	2522.8
3515.2	2024.3
1653.5	2419
999.92	2328.5
1183.1	2064.2
2433.9	2028.9
2412.8	2057.1
2357.1	2498.6
2430.5	1991.9
2981	1404.8
2122.8	2379.9
920.67	1162.4
1613.8	2193.2
2967.6	2754.8
3251.8	642.74
2725.8	2267.6
3176.8	2190.4
2437.6	1610.7
2042.4	2651.6
1253.8	1407.1
3377.9	1142.9
2321.9	1539.9
2155.8	2334.8
2811.5	2492.5
3255.9	1297
2002.6	2396.8
2038.2	2356.5
1703.3	1426
3119.3	2278.9
2112.1	2079
1073.1	1052.1
861.45	2123.9
2442.3	1600.1
2293.3	2070.1
2409.8	2448.4
2285.2	2089.4
1269.9	2132.7
1365	1961.3
1728.5	2395.9
2696.2	1231.2
2555.6	2018.7
828.71	1710.6
1069.2	1043.2
2884.1	1936.3
854.71	2279.7
969.79	2199.7
2924.5	2123.1
2344.8	2071.4
1364.3	1837
2187.7	2316.9
2204.5	2060.2
2812	1359
2119.4	2493.1
2846	1158.4
1656.4	2108.2
2746.9	2012.8
1978.7	2275.4
1967	1794
1466.1	2256.1
1655.1	2343.6
2446.6	1662.4
3220.5	2237
2164	2345.6
2255.2	2487.1
2234.6	2033
2437.6	1610.7
1652.7	2407.2
1506.8	2528
940.35	2174.1
2748.9	1437.3
1032.8	1263.4
1034.5	1624.3
3466.6	2075.5
3458	2189.9
3216.7	2424.1
3559.7	2176.2
1956.7	1423.6
3310.3	2191.4
2293.3	2070.1
3286.8	2578.4
891.02	2539.9
2627.5	2037
1679.1	2153.9
1177.9	1532.1
1166	2024
3573.4	1248.1
924.72	2460.8
2434.2	1606
2722.5	2519.8
3436.9	1053.8
1068.4	1183.3
3509.2	1396.8
3418	1540.4
2496	1678.8
2086.5	2308.3
985.95	2683.3
2406.8	2009.5
3090.8	2450.3
2337.9	2134.1
2745.5	2180.5
920.67	1162.4
1715.6	2210.2
1700.5	2177.9
2555.8	2036.2
3175.2	2224
2128.6	2491.8
1204.7	1979
1285	2141
2970.6	1113.4
3532.9	990.3
1583.3	2328
2284.7	2502
1012	2205
854.71	2279.7
3588.7	1417.3
2547.3	2847.5
1096.8	1300.7
3473.6	1179.1
1224.1	2804.6
2058.9	2449.4
1516.7	2585.9
2364	2517
1950.4	2533.2
2169.7	2419.6
3558.8	2127.2
2104.8	2365.7
3220.8	2520.5
3558.8	2127.2
1067.9	1731.4
1449.1	1850.1
3229	2533.7
1987.4	2384.3
1345.6	1778.5
3207	789.55
2430.9	2374.3
2278.9	2101.2
1978.7	2275.4
2942.5	2229.2
3224.2	2032.3
3289.6	1372.4
2762.3	1639.9
1474.9	1932.9
3504.4	2456
2643.3	2071.7
3588.8	1524
822.69	2427.4
2437.6	1610.7
2522.9	2171.7
1011.3	2464.4
1731.2	2305.5
1322.3	2607.5
3504.4	2456
1487.5	2414.9
814.57	2537.3
2269.3	1687.8
1205.5	2082.7
3636.1	1717.3
3183.5	2511.6
2884.1	1936.3
2115.9	2214.2
2585.4	2031.6
2411.1	2235.5
1753.9	2347.3
2089.8	2441.4
3303.1	692.24
3400.1	1838.9
2921.1	975.11
2696.2	1231.2
3199.2	800.17
1196.9	1778.8
2020.1	2533.2
2628.2	1768.9
2374.8	1438.3
2460.7	1441.1
1457.7	2012.7
1746.3	2327.4
1339.6	1853.2
3176.8	2190.4
2138.6	2357.1
1643.4	2219.5
2919.2	1903.9
2068.6	2607.3
3207	789.55
939.65	1125
854.71	2279.7
2291.2	2524.4
2129.3	2142.7
3164.7	2264.3
2375.5	2434.9
2553.8	2595.2
1826.9	2398.2
1019.3	1522.3
2678.9	1364.6
3353.5	2112.1
3220.5	2237
2697.7	1198.7
968.97	1853.7
1509.7	2235.9
2285.2	2089.4
1376.5	1725.7
2027.6	2458.4
2048.3	2595
1428	2360.7
2437.6	1610.7
1252.5	2086.4
2917.1	1645.3
1690.6	2359.5
2036.1	2583
1266.8	2113.2
1103.9	1301.8
3117.9	2068.4
1978.7	2275.4
3515.6	2517.1
1276.5	2072.1
3113.2	830.99
2848.1	2226.4
2286.2	2043
2684.1	2296.8
936.46	1538.3
1747.8	2515.9
3154.8	1933.9
1000.4	1928.2
1956.7	1423.6
2741.9	1756.1
3212	1273.4
2445.6	2252
862.83	2615.3
1844.5	2972.9
1029	1788.7
1684.4	2111.9
1278.6	1967.5
3176.8	2190.4
2234.6	2033
3505.2	2198.3
3200.1	707.1
3357.2	1219.1
930.93	2391.2
3311.7	2149.3
864.55	2500.3
1309.6	2097.9
3220	715.03
1155.4	1594.4
2643.8	2344.1
2543.7	1582.3
2876.6	2270.5
2575	1563.4
1555.7	1917.8
2286.5	2316.8
3047	2474.3
2935.3	1144
897.98	1751.2
1352.7	1918.8
907.96	1265.5
3163.8	1835.3
2279.6	2731.6
3183.6	1105.7
1019.3	1348.7
1252.4	2577.5
2278.9	2101.2
3056.8	1843.5
838.06	1467.5
983.19	2611.3
1777.4	2636.1
1107.8	2438.9
2211.8	2223
1506.8	2528
2796.7	2483.7
1501.9	2274.3
2712.9	1723.9
2115.8	2430.5
2191.1	2446.2
840.16	2702.1
2437.6	1610.7
3291.8	1889.9
2302.6	2109.8
1516.3	2422.9
2714.9	2035
3207	789.55
840.16	2702.1
2517.8	1984.5
1188.5	1655.8
3294.8	1463.4
3178.9	1263.3
1375.7	2406.7
1070.4	2516.2
3118.1	2065
2555.5	2047.3
2578.2	1962
1986.4	2486
2652.2	1381.9
1553.6	2266
2876.6	2270.5
2601.1	2306.1
837.24	2316.1
3536.9	1369.8
2950.5	2889.3
2279.6	2175.8
2714.9	2035
3165.9	506.59
2078.8	2635.8
2089.8	2441.4
3044.1	2071.4
958.46	2582.2
1285.9	1912.8
2585.3	2036.7
3205.9	2241.4
2285	2433.4
967.92	1990.9
2391.6	1621
3574.5	2168.8
1259.7	2288.2
2765.7	2028.1
1070.4	2516.2
1346.4	2100.9
2582.5	2176.2
997.32	2531.7
2566.1	2345.5
1684.3	2369.6
1735.9	2353.9
2415.3	2050.8
1944	2456.9
3367.9	2178.6
2337	2122.5
2811.5	2492.5
1116.3	2713.1
2437.6	1610.7
2996.2	1321.6
3218.6	1174.5
2292.4	1645.6
2078.1	2550.8
2725.2	1688.9
964.83	2697.7
2158.4	2479.1
1653.2	2448.4
1068.4	1183.3
2211.7	2293.9
2647.8	1717.5
999.92	2328.5
3198.1	648.36
1926.6	2459.1
2437.6	1610.7
2962.3	2593.1
3207	789.55
2774.3	2325.6
3216.7	2424.1
2745.5	2180.5
2437.6	1610.7
2582.2	1450.6
1196.9	1778.8
1245.4	1657.3
1225.6	1490.2
3566.2	807.85
2570.8	1950.9
2780.8	2412.5
2760.7	2325.5
3558.8	2127.2
3513.6	1058.1
906.12	1253.5
1777.4	2565.2
837.24	2316.1
1405.4	1759.9
2375.5	2434.9
1514.3	1978.5
2280.7	2503.1
3033	1121.6
1574	2338
1688.3	2111.1
958.46	2582.2
1973.8	2362.2
2037.7	1427.8
3219.7	1749.9
3055.1	1570.2
3218.6	1174.5
2437.6	1610.7
2460.7	1441.1
2941	2179.3
1998.9	2464.1
2437.6	1610.7
1159.7	2038.4
3021.3	1127.4
2536.4	1877
1713.7	2624.7
3237.1	2223.9
1722.1	2417.4
2327.5	1821.9
3503.8	2366
1095.8	2001.9
2131	2036.8
1033.1	2213.2
3119.3	2278.9
1276.5	2072.1
2520.4	2224.5
2950.5	2889.3
2285	2433.4
1066.3	1168.5
2375.5	2434.9
2706	2372.8
2080.9	1427.3
2000.1	2498.5
2445.6	2252
2067.9	2472.2
904.53	661.13
2332.7	2350.9
2819.2	1189.8
3044.1	2071.4
2415.3	2050.8
1506.8	2528
828.71	1710.6
2437.6	1610.7
2078.8	2635.8
1658	2305
2420.4	2852
1042.6	1178.8
2314.8	1841.5
2626.8	2474.8
2332.7	2350.9
1751.3	2426.9
1956.7	1423.6
