2055.4	2210.3
1811.6	2270.4
565.24	2313.9
994.61	1524.4
2024.3	2215.7
1830.5	2321.2
1810.1	1860.5
823.63	2350.5
762.98	1652.5
1736.1	2502.7
763.67	2465.6
841.54	1286
1231.6	2602.5
1910.3	594.63
1375.1	2188.6
1279.6	2116.6
822.49	2670.3
1161.9	2068.2
1975.9	2279
2775.6	972.01
1203.7	2096.5
1950.6	2278.2
1785.3	2501
1214.4	2068.1
1433.7	2364.8
1308.7	2139.6
927.79	2648.8
3208.7	331.72
1606.2	2474.6
1834.2	1868.6
940.62	1912.2
1042.1	1750.5
1619.4	2475.5
1779.1	2135.8
3072.2	2976.9
3782.4	1919.9
1831.5	1867.5
1443.4	2032.9
1207.3	2362.6
226.67	2677.3
1946.7	2277
1210.6	2504.9
698.11	2913.1
551.44	2305.9
444.04	1654.8
1444.4	1905.3
622.47	1666.1
218.83	694.68
371.01	1438.1
713.5	1367.4
2912.8	764.42
1610	2357.7
1176.3	2037.2
258.84	1111.5
4414	1420.4
3201.4	351.56
368.95	2659.2
1827.2	1866.1
1637.2	2178
1808.1	1843.3
644.09	2201.3
1616.9	2272.4
2788.8	3112
2741.7	1223.2
2074.8	2041.4
2093.6	2008.1
1318.9	2384
953.82	927.63
1545.7	2121.3
1990.8	2534
1154.3	1720.3
913.44	1606.2
2680.4	2001.1
61.151	344.66
601.38	1478.9
3029.3	2697.9
146.57	2683.4
684.81	2257.5
3578.4	623.13
231.71	2101.1
321.02	1284.4
426.22	1320.8
3802.5	2222.9
3343.3	227.71
673.8	1338.1
2068.8	2414.6
1043.2	1357.5
1439.1	2410.1
1689.4	2265.6
1573	2478.8
2157.7	2575.3
892.49	2289.5
3255	4640.4
818.28	1487.9
1211.9	1638.5
1662.2	2228.8
2001.5	2568.5
3240.5	4637.4
2812.4	1186.4
1975	2207.1
1423.1	2874.1
1041.5	1170.5
3243.9	4638.2
2154.9	2665.9
1617.3	2237.5
302.42	1542
932.22	2288.8
785.95	810.93
2825.7	1590.2
1262.1	2820.1
1221.2	2308.4
3275.9	261.15
855.55	952.36
1633.1	2654.5
412.6	1332.9
608.58	1200.8
211.24	1148
2655.4	1851.1
2767.4	2367.5
1421	1803.5
228.16	942.38
1227.6	1551.7
1079.4	2323.1
2754.4	3144.9
2200.9	2805
2662	2460.3
2791.8	3117.9
606.71	1560.7
576.22	1469.6
3876.4	812.06
441.63	2159.5
1448.8	1898.8
551.45	2206.8
814.62	1622.2
2659.8	2552.4
1645.4	2077.4
850.53	2295.8
3293.8	274.78
1970.5	2534.7
1095.9	1448.2
2068.9	2218.8
3647.9	211.59
1283	2106.9
1599.5	2316.8
992.59	1309.1
1130.5	1506.4
638.44	2308.1
407.98	1349.2
1955.5	2236
383.61	2142.3
1821.9	1844.2
4147.1	311.96
904.07	2280.7
4330	546.72
311.13	1237.4
1152	2014.7
1055.3	1943.1
329.03	1188
2181.4	1888.4
2723.6	1814.1
2699.1	1884.4
599.66	2237.8
2011.7	2659.1
1472.1	1983
139.23	2226.8
408.29	958.64
685.02	2420
3150.6	2171.5
1596.8	2423
343.18	1223.2
1118.2	2354.8
2001.3	2302.4
2692.9	2017.2
701.93	2114.8
1217	1548.6
3244.9	4622.6
2009.5	2564.9
1520.7	2267.1
1179	2493.5
1433.5	1898
910.17	1604.1
1606.1	2377.1
1468.5	1873.6
2332.4	1400.9
4055.7	854.05
3318.6	180.25
1941.8	2312.8
1356.6	1771.7
600.74	2076.8
1728.1	2475.8
851.32	2268.7
1596.5	2404.4
2177.8	2487.3
249.04	650.25
339.06	2569.4
2032.4	2218.7
286.31	1363.8
676.78	1317.1
3406.6	130.8
2425.7	2821.4
1441.9	1855.2
2700.1	1869.7
242.06	694.26
2695.6	1956.8
1246.9	2754.4
2060.4	2262.9
2694.8	1986.6
2080.7	2050.9
3248.5	4623.3
1228.9	2590.7
3322.6	1875.1
1967.5	2582.9
1690.1	2286.2
2003.6	2280.6
3079.5	1486.8
2678.9	1819
4333.7	550.59
3109.9	2091.8
2188.3	4855.9
446.97	1443.1
1393.8	2366.8
937.95	1050.4
1964.1	2220
1388.3	2356.4
2012.4	2630
2894	2201.6
813.71	1126.9
2684.9	1898.2
1939.2	2312
2003.1	2301.8
2335.3	2249.4
1923.1	2342
373.99	2166.9
1971.6	2226.2
4422.7	1403.8
3092.9	2142.8
1462	2013.6
1929.4	2305.7
2080.7	2431.5
342.28	1217.7
1196.7	2050.7
1295.2	2102.7
1328.8	2626
2680.2	1801.1
1605.3	2414.6
396.49	1996.3
243.63	2124.5
1193.6	2061.6
1531.4	2274.7
1184.3	4869.9
7225.2	4222.5
1855.4	2643.4
2217.1	2498.3
2968.6	1902.8
1281.2	1994.5
1997.8	2210.6
2025.9	2277.1
687.24	1337.3
1373.7	2514.5
840.76	2679.4
773.32	1659.2
3039.5	992.01
300.4	1290.1
4073.8	2055.8
1720.5	2443.9
502.54	2691.1
2088.3	2113.6
1315.5	2123.2
1461.4	2203.1
5011.5	654.06
612.4	1636.7
1221.4	2287
303.29	1289.5
1933.5	2338.6
2901.9	789.54
2889.5	790.85
894.45	2359.3
1725.5	2510.5
2660.4	1668.6
1293.7	2101.2
711.93	855.27
1989.8	2213.5
2070.6	2441.6
2323.8	1863.3
230.08	679.78
2147.7	2062.9
1034.6	1385.2
3034	1429.3
3203.6	2229.2
2583	2002
71.348	361.53
2698.6	1899
1870	2502.1
2660.8	1777.4
1942.5	2292.2
2696.9	1942.2
2533.5	2311.7
1986.5	2214.9
1632.1	2358.4
1234.6	2352.2
1765.3	2352.6
1960.7	2428.1
269.79	1264.1
1828.5	2472.7
1607.8	2309.8
2697.1	1927.2
3174.9	2438.3
6841.9	2671.8
2499.8	2297.4
1463.8	2424.5
1631.3	2364
1940.8	2293.7
1893.5	2448.1
1619.3	2207.6
1233.1	1694.7
2903.7	2140.1
105.22	2281.9
974.45	2211.5
2683.3	1926.7
462.3	2190.1
1835.5	2459.4
416.33	2163.7
1443	1816.3
2015.5	2217.6
2438.8	2839.9
1034	1949.5
2027.5	2274
6025.7	2249.5
1692.1	2368.4
1802.2	2380.9
444.77	2562.8
2790.1	3086
2141	1932.2
362.24	2270.9
3266.4	1106.7
814.66	2152.5
1160.7	1576.7
1993	2323.7
2019.8	2532.3
1323.9	1812
2002.8	2505.5
7234.3	2658.4
1181.1	2069.2
1437.7	1921.6
1659.8	2133.6
1357.4	2395.9
7279.4	2659.7
1606.7	2427.8
1083.1	2237.4
794.78	1463
414.12	925.57
1965	2209.6
1416.1	2005.2
1467.4	2408.2
1469.7	1993.5
4767.7	261.62
2133.8	2420.4
1175.2	2406.4
1467.6	2034.5
1595.9	2448.7
115.16	929.62
3175.7	1809.8
246.15	2122.4
1980.7	2292.5
2189.5	1969.4
447.19	2562.3
1516.3	2072.8
1186.2	4867.5
2399.3	2504.1
590.68	2075.2
5699.9	2228.5
3259.2	4630.1
2855.5	1332.1
412.51	2205.6
2627.7	2000.1
1968.7	2291.6
4221.1	419.18
2827.8	1068
354.77	1970.7
404.48	2150.2
245.07	2168.4
2324.9	1831.6
1417.1	1955.8
126.36	2247.3
3236.7	1924.3
617.02	501.7
970.3	964.97
1345.4	2144
2727.5	3154.4
1461.2	1991.8
3293.2	4716.6
1822.7	2585.5
924.93	2655.8
2144.1	2580.8
2465.2	2307
1153.5	2028.1
2985.4	1825.2
810.64	1712
608.37	1773.6
2124.2	2711.1
2834.4	1057.9
1383.2	2387.1
1282.2	2305.6
544.69	2046.6
5279.1	999.56
2770.4	2568.3
152.22	2090
2104.8	2546.3
1877.5	2473
498.77	704.04
3118.2	901.79
3053.2	2699.6
1121.9	2728.9
1826.8	2455.8
1715.4	2489.3
2154.7	1911.1
6354.2	3206
283.96	2124.5
423.26	2276
1134.5	2344.8
2747.4	2307.4
154.73	1885.7
1942.7	2555.7
1669.9	2239.5
1631.4	2344.5
2574.1	2309.6
2037.5	2216.9
3385.1	2627.9
330.96	2443.4
2889.7	1540.6
4226.5	1760.1
3218.9	712.13
2714.8	1529.6
2401.7	2339.6
1568.5	2165.6
2234.7	2471.9
2007.7	2274.6
1560.6	2156.1
4556.5	307.67
2769.9	206.93
2376.6	2348.3
3544.4	1187
2500.7	2293.8
1526.8	2393.1
1676.9	2378.2
2080.4	2449.9
1387.1	2448.1
1678.9	2158.7
6120.7	1403.3
2752.9	3050.4
663.59	2845.6
263.15	164.83
1396.8	2347.1
134.47	2270.2
6913.1	706.48
4213.6	2031.8
2183.5	4877.9
4218.5	1769
5798.2	849.57
692.62	2096.6
3170.8	2280.6
2709.8	1243.1
2920.9	1836
915.89	2328.6
775.91	665.07
1634.8	2252.6
1374.5	2173.5
532.01	2307.9
2177.7	2474.4
2258.3	2520.8
2273	1931
2096.1	2320.4
1617.9	2368.1
1814.1	1837.7
2315.2	1982.5
6337.8	1815.4
2291.7	1942.6
2172.7	1890.1
365.31	1943.7
1624.9	2352
3238.5	1269.7
2645.5	2576.2
2150.5	2073.3
437.54	2007
2156.8	2519.8
2002.4	2539.4
4809.5	170.47
1912.9	2615.1
1118.9	1320
1199.6	87.415
2182.3	4876.1
2752.1	2248.1
1489.5	2240.1
230.23	1933.8
1827.8	2601.4
2300.1	1817.9
2375.7	2617.2
1329.1	2311.6
3303.5	4721.2
3191.6	1173.8
1630.9	2393.4
1548.3	2399.3
2180.2	2457.6
376.87	1989.6
857.69	2172.2
1597.8	2493
2083.1	2440.8
3209.9	1666.3
253.46	2305.3
2194.5	2648.6
1978.9	2225.1
1275.2	2292.6
1208.9	4767.1
1952.4	2401.9
3148.7	1689.3
2373.5	2266.5
856.93	1288.5
2502.2	1915.3
2115.9	2336.2
1620.7	2217.2
3676	2426
1433.9	1976.5
4569.2	852.46
2986.7	1787.1
2094.6	2132.9
2046.2	2298.7
2021.8	2443
1709.8	2293.7
2392.8	2533.9
2102.5	2311.2
4653.3	174.02
3245.3	1941.2
3115.2	2094.3
1860.9	2544.2
3215.4	805.75
1492	1985
3553.2	1609.2
1889	615.53
1399.9	2406.2
120.87	2107.6
1957.8	2581.1
2971.5	893.61
4834.9	100.01
1959.7	2315.8
6248.2	337.26
588.68	2536.5
4216.6	1771.5
1607.9	2321.8
2747.5	1250
850.59	2160.5
2910.1	1858
2428.6	2243.1
463.39	2337.3
1078.6	1930
2687.5	2008.7
1081.5	2357
1055.6	2611.4
659.91	966.62
405.9	2193.3
3103.7	1730.8
2680.1	1839.8
690.16	1744.3
1645.1	2155.6
1141.9	4742.3
4017.9	1802.5
2459.2	2230.9
2635.8	1820.6
1613.8	2449.3
1643.9	2104
2096.4	2557.9
3289.6	4714
1000.9	2468.2
3879.8	758.34
2430.1	2331.5
1921.6	2349.2
1444	1897
2070.6	2078.4
2654.7	2570.8
3745.4	730.67
150.07	1200.8
3345.9	2453.7
2370.4	2260.9
3304.3	4720.2
980.48	931.45
491.09	2571.7
805.04	2290.6
996.45	2375.7
1584.1	2434.8
3932.5	617.09
3303.1	1135
2981.5	2096.3
658.97	1668.1
3097.2	1107.9
2458.2	2226.3
555.2	2211.6
2519.4	1611.5
2639.1	1490.2
1308.7	2349.2
3214	811.63
3271.7	1631.7
2775.5	1914.5
1511.3	2064.2
3806.5	1928.5
2571.8	2281.8
2322.9	2265.7
1159.3	2849.7
1868.9	2463
2667.2	2586.9
3152.1	2081.3
2786.2	2157.4
1214.2	2453.9
1958.9	734.24
3385.9	663.77
3102.1	2129.6
2420	2690.1
1465.2	2002.1
316.52	2442.6
1886.1	2437.9
1661.1	2219.5
2908.9	1769.4
1639.1	2162.5
1169	2735.2
2189.1	2518
2261.1	1807.3
918.91	1344.6
2012.3	2645.2
1941.3	2433.4
2654.9	2347.7
2835.2	1587.7
2016.6	2448.8
1436.9	1811.3
2007.7	2468.4
1142	1580.4
2099.3	2117
2640.6	1821.3
6601.9	757.35
1513.6	2062.6
2287.7	2468.9
2930.2	1496.5
1179.8	1554.8
226.78	2495.6
3086.2	2052.1
4685.5	2485.2
2582.3	2274.7
1996.8	2481.9
1523.2	2062.3
434.34	2551.7
1335.1	1808.9
3308.8	1834.3
2025	2640.7
1440.6	1886.3
971.88	1235.9
2137.3	2040.4
1136.8	1664.6
1632.1	2287.5
1675	2245.9
1631.1	2301.8
2096.8	2237.1
2780	1202.9
136.49	2046.6
2196.4	1965.2
2141.8	2051.1
1405.6	1963.6
2469	2205.3
2467.9	2176.5
2311.6	1823.3
892.71	2169.8
2128.1	2396.2
2100.3	2114.9
1138.1	1836.7
1892.9	2393
740.66	217.62
1478	2009.8
730.18	1550.1
2855.7	1885.6
1973.4	2424.7
486.28	2576.9
2008	2669.1
1409.8	1973.3
2357.3	2262.9
1669.1	2271.5
6608.8	755.7
3899	2123.4
2591.8	2306
2186.4	4891.3
2618.8	2315.7
1954	2551
2109.8	2580.1
4142.1	1830.1
4189.9	440.83
2322.7	2269.6
2717.9	1849.9
102.77	4824.8
2153.1	2440.9
404.5	918.96
3178.8	1685.1
2758.2	1991.9
1602.2	2253.7
985.74	2218.3
682.6	1307.4
4106.8	2405.8
1203.1	1516
2646	2305.5
2061.9	2429.1
2322.5	1810.5
3820.1	453.43
682.71	655.65
3216.8	1679.6
624.29	2267.5
2966.9	1901.5
1619.1	2227.4
3059	1412.3
1956.5	2537.2
1478.9	1997.8
3109.3	2227.9
1971	2494.9
1593.5	2297.4
1238.4	2067.9
695.49	2150.3
3394	2199.3
2999.1	1785.1
1620.9	2428
798.83	1027.1
1382.6	2167.8
2427.5	2806.3
3108.1	2223.9
476.49	3450.7
619.84	717.63
3240.4	1681.2
1508.5	2068.3
2936.1	1453.6
1177.2	4798.5
818.32	2140.8
1632.9	2274.2
2183.9	2497.8
2025.2	2402.4
2387.3	2342.5
2184.1	2262.4
227.3	1104.3
1378.1	2419.2
1667.1	2343.3
3007	1788
840.93	1832
277.62	2593.4
3225.3	2615.8
2391.7	2543.4
4742	1945.7
228.41	2491.9
2142.8	2328.2
389.97	2293.6
1923.5	2440.3
249.31	1876.8
1405.1	1995.4
2387.5	2266.9
1944.6	2322
2564.6	2236.4
1850	2468.1
221.19	2238.8
6561.2	759.19
6076.8	4603.3
750.36	2139.3
2076.4	2156.8
2737.9	2259
2025.4	2431
1179.9	4887.1
807.87	2371.4
4165	558.9
3806.9	267.35
2079.8	2115.3
2325.7	1395.1
3718.7	2428.6
1879.4	2453.8
2657	1837
2841.3	1878.2
7050.7	2049.2
1962.4	2391.3
2269	2458.3
697.67	476.52
229.5	2560.2
548.99	2015.9
1470.4	2220.3
4179.7	762.99
3224.8	987.32
2298.5	1979.7
1143.5	1507.9
3155.2	1673.5
2327.8	2274.3
1959.3	2392.8
3599.5	2134.6
1987.2	2229.4
2635.7	1849.9
1944.2	2425.9
1691.7	2256
1195.9	2008.2
1773	1840.2
2092.3	2364.7
2180	1964.8
1409.2	2375.4
1904.2	2394
1093.6	2775.9
4259.4	1726.8
3804.1	2457
65.28	1068.2
845.02	1831.6
4801.7	1123.4
1704.9	2419.6
1891.2	2394.5
368.4	403.86
2279.2	2507.2
1549.9	2097.8
802.73	2357.1
5201.4	628
2872.4	2276.8
2179.6	4873.7
1582.4	2423.4
3091	2165.6
1557.9	2123.3
2078.5	2467.9
2196	2420.5
2604.1	2269.3
3718.5	2444.9
127.5	2308
4863.3	149.53
3154	1332.3
2025.9	2480.1
1128.9	1550.9
1319.2	1842.9
1626.5	2212.5
469.66	1507.3
1943.1	2431.9
2819.1	1034.8
3024.8	2086
2695.3	3107
1929.1	2331.9
592.97	481.23
4852.9	2278.6
3055.2	1300.9
1992.2	2377.7
1582.4	2351.9
929.31	2420.4
5301.7	793.09
2388.3	2623.4
1443.4	1934.6
808.41	1136
2714.6	1937.7
2118.1	2314.5
1179.8	4890.5
2760.4	2065.6
2837.7	1874.4
2150.9	2416.8
602.21	2679.2
2522.2	2251.4
4675.1	2473.5
1132.9	1839.9
5552.2	885.39
1914.8	2455.7
1777	1855.5
1723.6	2459
2767.3	2279.7
1872.4	2369.3
3180.7	1884
2720.7	1221
1137.6	2241.6
1455.7	2056.8
1485.4	2231
2566.7	2022.1
606.32	626.33
6439.8	2222.7
2654.7	2523.1
2121.2	2534.9
2043.1	2406.4
3226	1282.7
2002	2479.4
3686.7	2153.4
51.366	1827.4
2968.2	2138.6
674.15	776.38
3268	974.51
7175.2	1923.8
745.89	1476.6
1156.8	1599.5
913.72	1168.3
236.64	2671.8
2773.1	985.58
1775.1	1835.8
2010.9	2413.1
81.026	4882
1549.8	2146.1
3902.2	804.55
2404	2523.1
2038.8	2308.8
4122.7	93.859
1544.2	2280.4
3279.7	1606.6
6366.4	2114
3401.6	2469.5
2794.5	1341.5
3153.4	716.88
2773.9	2269.7
2002.4	2312.2
1824.1	2372.4
2922.6	1571.9
2176.4	2521.5
3739	1976.1
2353.5	1786.2
2011.4	2323.6
2929.4	2111.8
1140.7	2496.3
4510.8	459.47
3366.7	1866.9
7253.3	2700.5
1868.3	2452.8
2104.9	2116.9
1947.4	2247.4
3242.6	2735.2
2688.9	2318.3
2076.3	2032
1963.4	2317.4
3305.9	4733.2
3080	2247.2
2005.3	2464
3750.9	2357.3
1884.9	2401.1
1999.7	2420.3
917.29	1620.8
403.06	936.99
3955.2	1805.5
1212	3451.8
1235.3	2099.4
2398.4	2199.7
1580.8	2417.3
3259.3	2769.1
3562.4	2012
2293.6	1854.7
2652.9	1387.2
4112.4	1774.1
4231.7	1902.1
918.72	2275.5
459.63	2149.9
1566.7	2149.8
434.59	2516.9
3670	2434.1
1033.5	1160.5
3288.1	2248.1
3425.3	524.42
3655	190.02
2227.4	1909.2
2006.2	2285.5
4944.6	1915.4
949.29	931.79
288.37	2559
2014.9	2617.9
4281.8	1866.5
2083.6	2661.2
3280	4712
2174.6	2136
3909.2	2118.1
950.89	2153.6
921.53	2357.5
2299.6	2451.8
2000.3	2402.4
2790.4	2308.7
1251.3	3427.3
1468	2022
931.37	2383.9
2173.8	2408.5
2039.8	2502.4
463.89	2175.3
1403.7	2015.7
2479.7	1587.2
2067.9	2433.1
2025.4	2396.8
2025.8	2539
2147.2	2056.2
1755.1	2353.9
1432.4	2333.9
2772.1	1981.2
472.44	1514.3
2763.1	210.28
1968.1	2455.5
533.1	68.503
114.66	2100.6
1312.7	1888.2
2208	2492.1
2138.8	2077.7
1952.6	2462.8
3187.8	1692.6
1059	1970
512.11	3736.7
1626.8	2154
2936.8	2308.3
3443.7	1118.5
1230.3	2324
3185.4	1679.1
2810.4	2296
3796.8	2917.9
4297	2469.5
2349.7	1706.2
2207.8	2620
4302.3	2110.4
1802.2	2454.6
5094.7	1859
4185	1211.8
2772.1	1584.6
5207.3	2702.7
930.43	2418.2
6864.6	2697.5
2737.4	2274.6
2601.5	1403.3
2176.6	1993
600.76	1590.4
3822.4	892
881.36	2131.9
2217	2450.9
2034.5	2477.5
2028.8	2448.3
1814.2	2609
3760.5	2424.4
2086.2	2101.9
678.86	1343.8
6087.8	725.64
1220	2018.8
1710.7	2384.8
3933.7	1334.4
1410.8	2359.9
3371.6	2763.3
241.33	1867.3
2073.8	2055.5
2754.3	1989.5
5440.9	1562.6
922.76	2026.3
339.2	2139.4
4234.3	1215.9
1067.5	2384.3
2840.8	2290.1
2696.3	2068.9
3153.9	1208.1
2347.5	2009.7
3183.4	2509.6
531.28	2361.5
2187.8	2147.8
1558.4	2095.3
2670.8	2359.7
472.85	1498.5
713.07	2249.3
3871.1	1867.6
2086	2046.6
1663.7	2342.9
2122.5	2604
6746.9	767.31
4225.5	1811.1
1997.6	2476.9
2810.4	1034.6
1450.1	1824.9
5651.6	1152.6
6217.1	236.06
1397.7	1977.1
1836.5	1843.9
1140.2	1657.4
4919.9	4638.5
3696.8	1936.2
2661.5	1987.6
2750.9	2101.1
363.96	1928
2570.5	2024.8
4278.9	2528.6
433.52	2512.4
223.37	2437.9
1149.2	2297
6657.6	558.26
1148	1651.9
2312.1	1448.4
388.49	2201.5
3454.4	1643.1
1539.4	2134.4
4511.8	262.7
3108.5	1964.3
1655.5	2370.6
739.84	1328.1
1987.9	2468.9
2638.4	1682.6
3904.7	2642
2780.3	1562.9
3018	1007.8
3303.6	4737.7
1827.7	2577
2935.3	753.35
1968.3	2296.7
545.35	1584.1
615.45	271.71
2136.2	2032.1
4085.2	1056.8
2042	2318.4
1187	1983.7
1632.3	2236.7
2031.8	2287.1
1551.2	2158.2
1256.8	2127.2
241.82	2252.4
2148.7	2183.9
820.55	834.97
2062.9	2547.6
4398	1023.6
3418.4	2014.9
2015.1	2488.7
2205.5	4875.8
4267.4	2519.3
3351.7	2290.7
496.19	1431.5
2450.9	2156
1683.3	2316
2851.8	219.02
523.08	2542.5
803.48	2366.8
2591.3	1782.4
546.66	282.23
1802.7	2265.1
4243.6	1771.9
2077.7	2065.3
3216	2159.9
2462.6	1542.4
2185.7	2470.7
2382.8	2340.9
2751.5	3097.6
3652.8	1434.8
1992.5	2468.1
3606.6	2162.8
2638.4	1773.8
2704.8	1906.6
2201.6	2817.6
294.5	1202.8
2647.4	1771.1
2036.4	2479.9
6882.5	2725.5
1839.1	2378.5
1347.3	2179.1
3802.3	2900.7
3337.1	889.16
1997	2453.5
1551.3	2308.6
2647.5	1828.9
2886.2	1857.8
1949.8	2445.9
3115.2	1754.3
2026.8	2346.2
3484.9	2176.8
5490.4	957.23
2050.2	2600.2
1522.1	2514.9
2015.3	2697.4
2770.3	2229.5
3321.4	1647.3
3922.9	624.21
2819.6	1274
3352.1	1938.6
2142	2311.1
1153.3	3352.5
2521	1563.8
3885.9	211.05
2792.4	2310.8
5791.2	2144
2688.9	1964.2
7017.9	4173.2
200.92	2095.1
1675.7	2263.9
2341.1	2189.6
3262.4	1517.1
1254.3	1687.4
4252.7	1810
107.05	2033.3
1676.7	2260.6
2829.4	1034.9
2174.8	2496.8
2989.5	1849
1461.5	2356.9
6253.1	32.972
2239.1	1959.1
419.1	2257.2
2946.4	1463.9
2470.5	2189.4
4695.6	2545.4
2995	1893.1
467.07	2147.8
1325.8	2322.8
4006	2488.5
2192.9	2121.3
2315.7	1949.1
1159.5	2041.9
4183.5	640.29
602.9	2697.4
1821.5	2460.5
1985.7	2312.1
3383.3	1970.5
6531.1	4412
5461.5	1895.2
5249.1	1924.8
1482.6	2222.9
2963.3	1364.1
1285.8	2324.8
2029.9	2705.5
1310.2	2563.9
1370.8	2330.2
939.98	2205.2
239.6	2247.8
2369.4	2310.2
5326.4	822.74
907.29	1261.2
254.46	1381.2
3586.3	1575
907.84	1622.9
3310.1	2208
2498.3	2108.3
3945.4	2514.7
1894.9	2425.5
2154.9	2599.4
3047.8	1426.1
2165.6	2252.3
2300.8	1964.1
1090.2	2299.8
2034.8	2290.3
3764.3	105.75
1163.2	1594.9
1212.4	1516.4
4320.5	2490.7
2334.4	2268.7
2146.8	2259.4
2149.6	2154.2
844.8	980.93
1911.1	2527
2671.3	2007.9
472.23	1429.4
5871.4	1180.5
3685.2	1468.3
3206.5	291.57
2190.6	2152.8
2346.4	2345.8
3250.2	4608.7
3100.1	1405.3
1980	2242.1
1352.3	1962
4470.1	2539.5
2433.1	2623
2639.7	1788.9
3492.4	903.19
203.26	2261.5
47.146	2588.7
3277.8	4638
1490.4	2074.8
368.61	2150.8
2547.9	1441.2
1419.8	1927.3
2309.8	2045.4
1803.9	2415.9
1641.8	2369.3
787.91	1469.1
936.87	2648.6
1104.5	1782.3
382.72	2248.8
2347.3	1723.4
1868.5	2449.5
2102.7	2357.9
2117.9	2650
719.75	1515.5
3216	677.99
2966.1	2502.8
1607.3	2061.1
857.43	2134
6282	846.88
2248.2	1944.2
346.17	2417.3
2105.6	2379.5
3217.2	1169.1
779.22	720.01
2443.9	1636.5
5715.9	393.4
2496.9	2015.9
259.51	1907.4
2459	2848.5
2331.9	2503.5
6015.1	2240.9
955.06	2192.1
685.11	415.57
1105	1578.2
3766.8	106.25
1919.5	2463.1
1599.2	2268.1
770.72	1760.9
2077.7	2278.8
5026.7	210.63
2471.9	2113.6
962.67	1461.1
1029.4	2521.4
3770.1	107.18
2340.1	2162.6
466	1965.2
1152.3	2747.8
2552.8	2023
3279.1	525.64
4238	1769.9
5492.3	771.88
3017.1	1807.9
809	2286
5651.1	1438
3773.3	821.12
418.91	2053.1
3602.2	262.58
730.4	2370.4
2140	2289.1
1701.6	2387.9
105.26	2558.6
418.42	2001.3
295.06	1925.8
2417.6	1997.3
4003.3	2485.5
3701.9	2161.3
1685.6	2234
2320.6	1403.6
2759.6	1977.2
393	1934.1
519.81	2618.6
2250.6	2478.8
2108.1	1998.3
3096.7	1757
3376.9	1843.3
4063.9	863.34
2062.1	2662.8
3142.7	2360.7
248.9	2332.6
2046.3	2290.9
3160.2	1251
2755	2413
1609	2251.2
5433.2	1867.6
3199.1	1257.5
4217.4	1917.6
2658.6	1501.9
434.34	2397
185.73	1971.9
436.8	2401.4
1557.2	2410.7
3711	2137.3
2032.2	2624.4
614.63	1207.8
1416	1984.4
1402.7	2412.7
2726.3	1269.7
984.36	1844.3
2889.4	975.2
475.45	1688
3427.6	531.25
2504	1864.1
2942.1	481.21
123.61	312.79
2737	2294.8
2494.4	1511.7
3655.1	904.85
3339.9	2186.8
3138.3	1249.9
556.58	2103.4
3017.4	2259.7
763.81	959.6
2755.5	2050.9
1979.1	2237
2025.9	2309.3
2088.3	2670.5
3617.1	584.23
2581.7	1944.5
6564.9	617.96
670.09	408.73
3905.8	2561.8
2113.2	1981.4
1600.2	2188.9
1141.6	2051.9
1657.7	2151.5
2289.7	2255.3
1638.5	2193.3
1342.1	2126.5
959.15	1281.3
1155.6	2201.6
1901.6	2451.4
2701.6	1979.3
448.01	2023.8
3218.8	602.68
3357.3	2144.9
2093.6	2066.2
1998.7	2440.7
5406.2	57.296
1864.7	2646.3
2521.7	2226.3
3635.7	2429.1
3041.5	1312.7
4877	127.47
2690.2	1934.6
235.07	1609.4
1906.4	2393.9
1441.6	1886.5
3688.8	1464.1
3811.3	266.35
1903.9	1312.7
2190.3	2238.3
2828.3	1801.8
3735.5	741.34
2770	2351.9
274.37	1877.5
1366.9	2193.4
4493.8	589.07
3036	1662.2
431.33	2454.2
2145.6	2034.6
106.37	2564
2986.9	2080.2
2096.6	2347.4
1103.7	1568.9
1882	2393
2641.3	1795
3310.2	912.23
6025.3	2222.9
3209.9	1356.3
4598.6	886.61
637.35	477.18
2219.6	2455.3
282.68	2145.8
2884.1	1444.9
1222.7	2057.3
3919.5	1141.7
2060.6	2625.5
3208.3	1299.6
269.04	2558.5
2052.8	2635.2
2185.2	1994.2
3057	2631.3
2320.9	1418.1
2065.9	2211.7
2693	1814.8
2941.9	1475.7
5462.4	2128.8
6196	1925.1
1466.8	2641.5
4311.4	496.54
803.55	1462.3
2888.5	963.11
3206.2	609.32
2473.1	1520.3
154.94	412.1
169.83	2794.7
3304.4	907.09
2177	2004.1
430.6	1666
6209.4	1912.3
2081.4	2648
2794.4	1585.5
2501.2	1945.5
4692	3657.9
4222.7	1912.5
2289.7	2025.4
3825.7	2172.3
4215.4	482.9
3799.5	1611.9
3802.6	2940.7
3131.3	740.14
2169.9	2071.5
1413.7	2379.9
2873.9	2255.1
3497.8	821.23
2477.1	1574.1
439.82	2143.3
1996.4	2440.7
2364.9	2012
448.53	826.79
1379.1	1912.6
6239.3	2134.8
2002.5	2357.2
4389.5	525.24
2346.3	1399.3
2086.3	2145
873.02	2378
2375.7	2538.2
790.63	923.31
5260.7	1826.2
2093.8	2352.1
554.09	1127.1
2814.1	1493.3
2952.6	1419.4
2865	1493.1
1281.7	1870.3
3853.5	1965.5
345.79	2129.8
2129.9	2307.6
657.94	1500.1
5613.2	1901.4
181.49	2107.5
4377	310.6
2292.8	2140.1
6068.6	2412.4
2080.9	2132.4
2460.3	1616.5
3877	1997.4
4176.4	606.36
2490.2	1880.9
592.97	2019
4099.8	2002.8
617.19	1045.2
456.25	2340.2
2649.4	2371.4
2320.4	1442.2
2635.5	1843.9
2783.2	1941.9
3929.8	2046.8
1642	2109.2
530.95	2440.3
1967.1	2521.5
1038.1	2263.9
2008	2582.4
3076.3	4603.4
2801.7	1796.7
2399.5	149.45
454.06	2454.3
2077.3	2418.6
447.81	1971.5
3824.4	935.47
2176	2392.4
1463.1	1980.8
2791.9	2224
617.65	1599
3763.3	2365
4642.5	1787.2
1319.9	1898.8
1663.8	2243.3
3990.3	400.39
6820.1	538.75
2343.4	2511.5
1582.5	2196.3
4642.9	2008.2
2485.8	2893.3
179.68	2133.9
6154	269.62
201.5	2289.8
4693.5	2555.2
4790.7	2351.1
2287.6	2125.9
2494.8	1885
3482.2	1179.7
2898.5	1502.2
671.07	2185
791.7	126.07
718.56	1510.6
1400.1	2239.2
2089.3	2374.3
1947.4	2412.8
325.61	2379.7
3834.3	898.59
1144.3	2045.7
2242.3	2483
3349.9	2153.4
3029	1440.1
1221.9	1728.9
2951.5	829.39
3003.4	1510.9
2491.1	2242.6
4006.4	321.67
6441.4	4260.6
2771.7	2354.7
2175.6	2433.7
2822	1598.7
2324.2	2642.1
2105.8	2364
3367.8	1945.9
2908.7	980.61
425.62	2402
1960	2449.4
892.03	2528
4875.1	2016.1
2132	1949.3
870.41	1778
4560.3	824.9
477.67	32.507
2103	2714.8
4852.5	353.31
6015.4	2768
2242	1940.1
2120.9	1968.5
2357.1	2279.1
1903.5	2479.7
3141.6	1799.4
3528	2300.3
4069.4	650.03
1656.1	2355.1
3541.2	306.33
2884.2	1035.1
1202.7	2518.8
568.12	756.51
5317.2	871.68
2813.9	919.92
1803.4	772.9
2779	1613.8
356.22	193.81
2936	808.5
6410.8	1541
1999.9	2473.4
1153.8	1434.1
3244.3	291.83
2014.9	2498.8
878.45	1311.3
3044.4	863.61
3809.1	962.27
2011.3	2463.3
2310.1	2502.8
175.42	2207
3812.4	1391.9
3105	2079.6
2284.1	2264.4
2558.1	1666
2384.6	2261.1
2207.7	2514.1
3048	1308.3
2302.8	1923.1
3862.1	2038.3
1521	2426.2
1098.5	2341.1
2021.8	107.67
2036.8	2638.8
3130.2	743.02
2678.1	1875.5
4201.4	1845.5
996.33	1251.2
1716.6	2375.2
6662.3	2293.7
2306.1	1946.7
3667.4	915.27
106.41	2519.9
852.02	2255.5
152.86	2810.6
2677.1	2222.2
4098.3	3282.1
3057.5	1930.5
735.82	2335.2
3016.1	2538.9
1912.2	2420.6
1559.3	2391.8
188.45	2367.8
2097.2	2609.3
3266.8	4707.9
1165.6	2564.2
2581	2031
3660.3	799.61
3728.7	1012.5
332.38	2171.1
530.05	304.65
2568.8	1800.8
3638.1	816.12
453.49	1963.2
3549.9	1131.4
2522.4	2645.7
3244.6	2465.1
2169.1	2523.2
1601.6	2302.5
1153.5	2335.8
2221.4	2523
804.99	2505.7
378.54	1409.5
547.24	1529.3
2301.6	2362.1
379.53	1407.9
3030.7	2655.8
3885.5	767.49
3134	814.85
2629.6	2020.8
3622.3	1150.7
2181.3	2506
3258.4	1335.1
1987.5	2413.2
3937.9	1816.1
2642.2	2533.9
4789.6	2479.9
727.11	1343.8
2139.6	2104.1
3639.2	220.86
131.75	989.01
2119.9	2108.9
2664.3	2194.5
2310.6	2463.3
1628.4	2063
3690.3	131.34
5737.3	51.917
3126.5	1274.2
173.72	2118.2
791.12	2139.6
358.15	2374.2
1976.2	2396.3
1550.7	2092.6
3442.5	1227.2
1918.6	2475.7
824.61	2296.9
665.85	3009.2
3324.6	1699.6
2922.3	2233.7
5347.1	198.8
3703.7	743.33
2840.3	1897
2563.5	1856.5
3343.8	1235.3
2845.6	2577.6
3926.9	1351.3
4318	2480.3
3482.4	576.94
128.63	965.25
5175.2	1065.4
850.75	2241.5
3387.1	1361.5
2101.3	2290.8
1804.5	2399.2
2957	1452
2010.7	2372.9
1332.2	2185.9
730.45	2416.8
2019.6	758.38
1586.1	2308.3
2967.9	1409.4
2030.6	2655.4
96.451	2285.9
2777.3	2372.5
3258.1	433.72
324.01	2447.2
931.65	2543
3210	355.57
1637	2308.4
263.64	3243.4
538.04	2020.1
2270.8	1557.6
1066.4	1454.9
1830.5	2611.4
1266.7	1946.4
1363.9	2050.7
452.94	2511.9
3983.5	398
2148.2	2512.4
3687.6	130.34
2933.1	2184.9
3861.6	2023
1999.8	2681.3
995.17	941.37
5087.8	321.49
2352.9	1385.7
2135.4	2298.9
745.32	1740.4
1964.2	2377.4
4423.9	89.504
2087.2	2028.1
360.42	1157.6
1226.3	3369.8
2293.2	2014
1313.8	2626.7
3355.3	2107.4
804.49	487
453.41	2000.4
3741.5	134.76
379.83	2287.8
2369.3	1983.8
3452.9	927.39
2175	2276
4679.6	296.19
2780.3	2449.5
3078.9	1001.8
5171	4897.6
2089.3	2479.5
4904.8	253.85
2827.2	1020.4
1940.2	2247.7
2988.2	1905.2
6352.2	4112.3
1579.4	2386.2
4031	298
3750.2	1835.2
1028.2	1377.3
3941.1	2388.8
3344.5	403.68
2302.8	1991.7
5117.7	2774.1
1145	2365.9
993.66	2479.8
274.18	2521.4
2774.3	1897.9
527.09	2409.8
2955.9	1369.7
5801.8	1825.8
2883.2	2554.7
346.8	1239.4
2357.6	2060.5
1995.3	2229.4
2831.6	1732.1
488.16	359.13
663.45	658.92
2098.3	2476.7
1231.1	2125.6
350.6	2363.3
6000.2	1856.8
3120.9	3236.2
2474.9	1566
2021.9	2432
1902.2	2521.1
1949.4	2364.3
2286.1	2028.4
3351.3	2107.4
4264.3	2001.5
3709.4	132.03
3205.1	1369.9
1345.1	1794.5
2628.1	2072.3
1095.5	2608.2
2279.4	1570.2
1151.7	2066
3699.9	128.72
2089.9	2169.2
2455.6	2170.9
1888.3	2652.6
291.37	2379.7
3279.8	485.97
2644.4	2324.5
5369.4	70.447
2879.8	1068.3
1978.7	2522.2
1156.5	1665.7
2113.8	2325.5
195.08	2095
2106.3	2086.1
6766.1	1556
3017.9	2273.8
100.72	3894.5
2863.6	1058.6
4255	1881.9
3950.6	2094.6
2916.1	834.22
1393.6	2165.9
1989.5	2441.4
2011.4	2602.3
3699.7	130.85
3281.1	1316.1
1173.9	2070
2873.6	2225.4
101.85	1819.3
2965.8	1514.3
553.12	2387.1
895.95	1873.5
6242.7	2134.2
404.4	1989.8
2633.2	1651.2
2234.9	1947.6
1280.4	1721.8
3204.5	628.39
218.95	2452.1
3824.6	59.161
3709.5	38.479
4273.9	580.2
593.93	1770
4060.7	2225.7
1459.4	1803.2
2289.8	2276.5
4148.1	52.317
763.75	1679.4
2554	4014.1
3866.4	827.24
1000.3	1432.2
722.86	2377.2
675.87	2394.1
1383.3	2211.8
2601.3	1555.3
2176.5	2424.1
2313.1	2035.3
5368.8	92.175
1393.7	2385
2920.9	1879.1
2671.9	1899.4
3573.2	1542.6
2625.6	1836.8
4557.3	1151
2276.3	1572.2
3947.8	720.47
1942.9	2468.9
3217.5	2173.8
2735.6	2242.7
2285.5	2113.9
1159.3	1672.9
3309.8	1944.9
3125.9	1787.2
529.14	2921.9
746.69	2078.2
495.7	2506.2
2676.1	2297.5
2923.5	2092.1
1684.3	2326.1
1024.3	1703.6
1905.1	2439.4
2357.6	2046.8
4118.2	2457.9
2195.5	4652.8
3634.3	236.12
2946.5	1425.3
5881.1	1194
6511.2	560.83
577.14	2013.1
2812.3	1488.2
567.59	667.27
3582.4	2179.7
3203	568.51
3248.9	675.86
4072	820.96
1918	1205.3
3747.8	1838.9
449.02	1559.6
32.021	1757.4
3975.8	66.664
2697.1	1793.8
2074.2	2129.2
1234.1	1535.2
1479.6	2295
422.01	2582.1
3938.9	1351.7
4390	939.3
1010.1	1047
4372.5	609.27
3944.5	2264.7
1103.6	2036.7
3716.9	2166.3
1041	1914
4009.8	3306.8
2401.1	2408.1
892.04	2491.4
2400.4	145.96
690.3	2923
4252.7	1775.5
2135.9	2341.3
2503.3	2189.1
3981.3	1104.6
3732.5	739.56
374.25	2734.1
2378.3	2020.4
551.38	2286
1589.4	2265.7
685	474.75
2823.9	1523.9
2923.6	2084.5
3463.3	1169.3
3275.3	1140.5
2347.3	2310.9
235.24	2632.4
1988.2	108.13
6949.9	2054.1
