6462.3	4691.8
4334.7	1069.5
71.427	1775.9
6328.1	1161.8
4151.1	1094.6
4203.2	820.89
330.6	1444.3
5987.6	1662.3
864.39	1879.1
7012.3	3054.5
584.48	817.33
4203.2	820.89
2065.6	2895.6
1174.4	1999.3
382.77	969.52
4006.2	1074.8
224.62	1060.9
382.77	969.52
5113.3	1589.9
7306.1	256.53
382.77	969.52
2724.7	2512.2
6155.5	2271.1
3038.4	3129.5
6856.5	957.5
2831.9	3751.1
260.22	1604.7
3265.8	1886.7
161.96	1320.7
169.52	2861.7
7336.2	2233.4
5058.1	2955.5
6925.4	2408.1
3430.3	300.22
209.03	1524
6626.5	2533.6
3480.9	1811
6462.2	1106.2
209.03	1524
7244.5	1643.9
7154.1	2643.4
6965.8	2172.6
4162.2	1079.2
7249.3	1641.7
1379.7	3975.4
191.72	1690.4
3229.8	1945.8
327.69	1345.5
3274.4	1610.3
6869.3	1439.5
234.85	1574.3
209.03	1524
6469.4	1835.7
4151.1	1094.6
4530.3	1709.2
5058.1	2955.5
5272.4	3988.2
4938.5	788.65
6700.8	1275.6
6602.7	2625.5
7296.4	2107.7
4876.5	1145.6
6707.4	2129.4
3967.5	1046.3
3125.5	1823.3
193.79	1148.9
3378.2	1301.7
238.11	1602.3
266.82	2825.7
1434.5	1905.1
7215.4	3264.6
1259.1	3632.2
1716.3	3052.6
6902.8	2608.2
7302.1	2224.9
3534.6	2036
7302.1	2224.9
7302.1	2224.9
5966.4	1768.9
168.37	1172.7
672.24	1136.5
7311.2	2437.7
1828.5	893.1
2379.8	391.18
242.29	1660.9
1985.5	1880
1496.9	4070.9
1180	590.07
1453.5	4068.3
101.62	1184.2
3368.4	76.223
6810.8	1558.5
189.51	1698
6564.5	2506.2
183.79	1659.2
1076.4	2747.3
970.48	1313
7343.7	240.93
246.07	1636
2013.1	2941.9
6666.8	853.63
3444.3	3890.1
1879.5	2933.4
7201.4	2075.3
246.01	1101
238.11	1602.3
973.37	1300.1
6979	1026.7
3412.9	409.61
3355.9	2105.8
5435.1	3437.2
4097.2	695.95
3102.5	1769.2
326.83	1337.9
6356	1047.9
5873.8	2181.6
3967.7	1070.2
1265.5	4077.8
5554	3057.8
101.62	1184.2
482.66	908.34
4207.6	652.74
6653.4	2695.6
1434.5	1905.1
4809.7	489.3
3659.3	2202.5
4220.4	700.57
3967.7	1070.2
1593.3	253.68
2149.2	835.7
5362.7	1526.5
339.21	1559.6
3435.7	27.904
3232.1	877.55
6653.4	2695.6
5425.6	1330.7
3209.1	432.23
4964.1	776.61
4197.5	671.73
455.02	1504.3
7306.3	305.78
1483.2	4083.7
7072.7	2199.8
3932.8	1040
1473.3	4084.9
6266.6	482.3
5689	2702
973.37	1300.1
1462.1	4063.4
5578.4	2757.6
234.75	1174
5128.3	83.105
3587.2	1109.6
1890.8	506.9
1374.2	468.21
6426.2	1386.2
1474.7	4067.6
7072.7	1281.9
7110.6	2759.3
380.14	1525.4
438.96	928.49
7224.4	1391.7
1949.4	2969
1225.8	867.86
3541.2	2645.5
3911.5	1516.8
4478	974.17
2823.4	3140.3
100.79	1243.7
2532.4	929.55
493.42	1413.5
4934.7	736.93
5807.7	3762.8
7072.7	1281.9
2089.6	1945.3
1715.2	3092.9
6074.4	1301.5
211.2	1630.5
6993	2275
3587.2	1109.6
169.52	2861.7
478.16	1372.1
1919.9	408.08
3077.8	2390.7
389.02	1129.4
876.2	1976.3
3388.9	1558.9
879.22	2518.4
4202.5	772.5
937.26	2071.3
1593.3	253.68
4328.6	1057
5270.1	3984.6
1226.5	2432.8
356.13	1518.6
313.9	1623.2
3339.2	3106.6
7140.3	1644.4
2532.4	929.55
169.52	2861.7
5828.4	284.09
391.81	1996.8
390.81	2041.8
2027	3130.4
6869.1	2285.5
4165.9	664.18
3183	74.287
2732.1	1573.9
4011.4	1045.7
7263.2	2490.2
4067.3	434.77
193.92	1606.8
4421.6	732.71
1452.9	573.15
1954.2	2958.3
3442.4	37.343
1039.3	2949.7
2732.1	1573.9
3712.6	1807.6
2777.4	893.87
7140.3	1644.4
4418.6	441.82
3712.6	1807.6
3712.6	1807.6
374.14	1320.3
4165.9	664.18
5451.7	929.92
1000.2	1795.5
3336.2	43.424
193.92	1606.8
2540.1	4031.3
4153	740.35
591.55	1008.2
5274.2	3990.9
5274.2	3990.9
4418.6	441.82
2126	1631.4
5274.2	3990.9
319.19	1637
3606	2555.7
3712.6	1807.6
7311.8	1467.8
4370.9	1064.8
7209.9	2415.7
153.2	2783.5
2345.7	3034.1
1230.5	1412.6
3062	2537.8
540.61	1213.6
6710.5	1278.7
1319	3346.9
3212.5	1640.4
7018.3	1265
3105.7	216.86
7210.8	2413.2
1544.4	2846.3
235.26	1077.8
1934.9	367.47
5608	332.72
193.92	1606.8
5852.4	396.18
5740.8	1249.5
2613.8	1601.1
1463.2	4083.7
7209.9	2415.7
194.1	2562.4
1474.7	4067.6
1923.1	1664.5
201.74	1051.7
1319	3346.9
1469.2	2683
7209.9	2415.7
6005.5	2538.1
2693.6	3196.1
159.68	1155.2
7198.6	2314.7
7209	2472.6
6915.8	773.46
5472.7	1141.6
1829.7	892.92
3712.6	1807.6
4067.3	434.77
5926.1	3421.5
6683.6	754.9
7209.9	2415.7
3712.6	1807.6
7210.8	2413.2
4733.3	434.93
1211.9	1765.6
6093.3	2297.2
7075.3	1301.7
6697.7	2137.3
1142.4	840.25
4265.2	78.669
7208.2	2527.6
1010.3	404.55
3999.8	1523.1
4143.9	664.43
4150.7	764.61
1336.9	1046.8
2769.2	845.49
7348.3	2337.4
5802.1	897.63
740.22	660.55
3948.1	1076.2
3712.6	1807.6
6907.4	2432.5
7043.5	2009.5
2498.8	3467.4
3649.7	1791.2
3271.3	3024.1
2732.1	1573.9
1319	3346.9
1144.1	2668.8
7209.9	2415.7
4608.7	460.64
740.22	660.55
6810.8	1558.5
2534.7	4028
6810.8	1558.5
4742.4	485.11
6422.2	1374.5
1462.7	4103.6
5270.1	3984.6
190.18	1707.2
7209.9	2415.7
6927.9	2828.9
1682.9	3733.4
4414.7	989.19
3369.5	2652.8
704.39	1912.5
237.5	1411.3
6094.9	2298.4
4187.1	667.62
1249	828.08
7075.3	1301.7
7210.2	2358
1201	661.29
6022	1307.2
4026.5	1039.4
388.54	2931.8
6356.3	1348.1
3816	132.56
3285.9	871.43
336.84	2831.1
244.26	1652.9
5419.8	2535.6
4214.7	722.45
3837	1048
274.53	2615.5
3993.6	425.23
2534.7	4028
7080.6	2321.2
2344.4	491.07
473.74	1534.2
7348.3	2337.4
1163.8	828.61
3736.5	2115.9
687.96	1255.2
5686.4	2329.3
1201	661.29
361.23	973.64
1202.7	304.94
3059.6	2614.5
6125.7	2314.2
932.11	1391.6
5857.8	259.83
179.61	2502.6
1078.8	1144.8
6855.5	671.84
229.34	1181.1
7041.4	2282.5
2534.7	4028
327.05	1092.9
5451.7	929.92
527.05	2665.6
3559	53.738
4318.3	443.06
5757.2	3736
1934.9	367.47
7018.3	1265
6658	2533.2
1409.8	4062.3
2248.8	2333.5
258.81	1963.9
7198.6	2314.7
2126	1631.4
1110.8	1009.3
3170.7	879.44
194.46	1622.4
4841.9	1795.8
17.612	3262.9
4131.4	433.57
6690.6	687.31
4318.3	443.06
4166.6	704.17
1167.2	1763.5
5886.6	364.93
486.03	1363.6
4345.1	1004.6
7209.9	2415.7
4337	973.67
4179.3	1534.1
5321.1	4687.6
14.103	2251
6094.2	2274.7
7209.9	2415.7
465.34	2685.8
4365.8	430.77
6497.9	2355.6
3105.7	216.86
5921.1	284.95
7209.9	2415.7
2524.1	2003.8
6664.1	2131.3
230.46	1122.3
3105.7	216.86
6174.7	213.83
738.42	980.05
4503.8	469.48
7348.3	2337.4
317.71	1354.5
4333	1061.9
1163.8	828.61
4016	985.98
5663.7	1017.7
5214.4	1797.2
318.87	1604.8
3428.4	1538.9
4615	472.94
4168.1	696.06
1092.7	1023.9
1089.2	612
6677.8	2666.2
7080.8	1286.3
1640.4	2939.1
7348.3	2337.4
91.871	2499.8
6975.9	1085.3
5821	2161.6
3415.9	345.64
5643.7	1321.5
6553	2474.5
272.68	1102.1
3105.7	216.86
7210.8	2413.2
2712.6	1559.9
5741.5	1287.1
3668.2	3687.8
6501.5	570.69
6203.4	449.34
4183.8	765.61
7116.5	2271.2
4873.6	706.65
6584.8	2850.8
5971.3	1710.6
3000.7	63.961
3712.6	1807.6
6174.8	1764.9
6901.8	2694.3
3569.7	952.04
1055.9	3073.4
3105.7	216.86
6130.2	1991.7
4510.4	462.15
5971.3	1710.6
3738.3	1014.5
2957.7	3265.1
4104.3	414.05
6492.1	1813.6
4526.4	454.75
1319.5	1757.7
475.33	1526
259.25	1108.5
3062.4	2327.4
6275.8	471.25
155.39	2167.3
475.33	1526
14.774	1780.4
1963.7	3148.8
4903.7	732.09
182.2	1689.3
4193.6	818.43
852.49	1741
75.641	2650.1
2082.7	3071.3
272.27	3697.5
3649.7	1791.2
4559.5	667.66
3000.7	63.961
1404	1718.6
4742.4	485.11
934.05	3393.9
5991.2	1272.5
331.96	1451.9
7066.2	2117.2
4921	401.3
6130.2	1991.7
7209.9	2415.7
4364.8	1067.5
6983.1	3044
1756	3384.9
4273.7	1310.5
4273.7	1310.5
209.48	1671.9
7209.2	2525.2
4903.7	732.09
2265.1	1619.5
3533.6	2175.6
5375.3	4471.3
3528.1	2641.7
4172	1063
3781.5	1017.3
6894.2	2790.9
6520.9	2995.5
354.42	1026.9
5608	332.72
6983.1	3044
2962.9	1985.7
6901.8	2694.3
7209.9	2415.7
4057.6	1067.6
5971.3	1710.6
1824.1	630.15
4293.4	1037.4
5629.4	1805.6
6246.4	2537.3
7206.9	2580.8
2962.9	1985.7
1135.1	1438.1
2734.8	2236.9
3833.8	1100.9
219.65	1208
5022.7	61.808
2305.7	1818.3
330.85	1456.8
2028.6	3157.3
7119	2489.9
5690.3	340.15
4296.6	1022
4903.7	732.09
2266.6	3986
3135.5	987.68
3105.7	216.86
4250.2	673.8
7158.4	2369.1
317.71	1354.5
4947	3653.9
2662.2	125.17
155.39	2167.3
2244.9	594.45
3220.3	1626.3
7212.1	2354.4
4028	1033.6
3251.4	4235.5
7296.1	1120.2
893.04	718.72
4015.1	988.01
5778.9	957.93
1535.4	1276.3
2266.6	3986
258.81	1963.9
3448.7	43.402
5234.6	2120.6
2534.7	4028
317.3	1596
7263.4	2068.4
6371.7	3509.7
472.68	1372
2126	1631.4
6907.4	2432.5
2891.4	2857.7
111.14	1483.4
6901.8	2694.3
325.7	1458.2
483.51	1219.9
3715	917.47
7227.6	1408.2
3427.4	1536.9
6482.7	2018.1
5584.8	1665.6
6072.8	1757.6
4277.1	228.93
2634.1	1822.5
3428.6	1535.7
258.81	1963.9
6541.3	587.7
2419.2	2245.1
258.81	1963.9
5674.9	1520.8
184.47	1122.6
5973.9	1740.6
6972.9	1080.4
309.19	2633.9
2007.1	1845.6
3194.9	707.45
6658	2533.2
6905.8	2459.6
4190.9	1085
1531.3	2047.3
6553	2474.5
4207	1056.4
238.76	1205.4
5961.6	1702.9
4132.2	411.93
239.67	1419.2
6737.8	3032
331.64	1315.6
62.522	2905.3
569.57	1849.2
863.52	3611
4166.6	704.17
969.51	441.94
1020	1426
6907.4	2432.5
2534.7	4028
7209.9	2415.7
2385.7	1606.1
3355.9	2105.8
258.71	1882.3
3439.9	89.455
91.871	2499.8
3649.7	1791.2
6658	2533.2
3738.3	1014.5
6218.1	1638
2421.2	798.28
6638.1	2846.2
6696.5	2054.1
7068.1	1269
6912.5	2347
777.02	2037.6
4604.1	1070
28.742	1646.5
6201.4	1779.2
4329.8	648.05
457.82	1543.4
988.69	1632.6
1866.9	2971.2
7245.3	2469.3
1020	1426
4936.8	1114.7
1020	1426
809.02	1403.6
3265.3	2955.8
677.12	1101.3
6690.6	687.31
6640.3	2133
813.97	1402.8
7009.7	2878.3
4273.7	1310.5
4071.9	662.91
3988.6	435.25
239.07	1669.7
6896.7	2615.1
1755.5	2919.3
3898.5	977.57
4921	401.3
6901.8	2694.3
1020	1426
4076.5	394.42
4802.3	191.47
1858.7	3042.5
4094.9	1076.8
590.55	2140.7
6978.9	2166.6
239.07	1669.7
1131.5	2061.3
7068.1	1269
2126	1631.4
2672.8	1784.4
5256.7	1861
6335.5	568.12
4266	1765.6
7210.1	2470.1
4500	809.54
60.973	2348.2
5851.3	436.77
5629.4	1805.6
6024.1	1279.2
2962.9	1985.7
28.696	1663.7
1737.6	3552.3
5634.3	865.13
809.52	2015.6
5256.7	1861
3044.3	2741.2
3647.9	1782.8
1274.8	2074.1
14.103	2251
2501.4	1838.2
4872.6	1049.7
418.77	1129
3926	403.71
973.84	3322.2
6935.6	721
227.88	1669.4
6737.8	3032
5115.1	1379.5
1789.8	503.86
91.667	2409.6
3000.7	63.961
4921	401.3
550.14	1846
4222.4	1063.7
1804.4	1677
6901.8	2694.3
6088.3	1992.1
2021	2966.3
157.05	1065
1219.3	1765.9
1020	1426
4047.7	591.71
4216.8	1086.2
4921	401.3
3736.7	1019
547.28	962.04
483.51	1219.9
5424.2	866.21
6983.1	3044
2112.5	896.22
6901.8	2694.3
2574.7	3045.4
3358.5	1453.2
3298.7	3101.2
130.87	2597.7
4717.9	1540.3
741.28	647.56
3837.4	1095.6
6647.9	409.39
4239.8	1058.5
3553.7	317.96
1020	1426
3898.5	977.57
2126	1631.4
258.81	1963.9
182.2	1689.3
7068.1	1269
3898.5	977.57
3649.7	1791.2
2484.1	3689.4
5484.6	1863.4
783.99	2525.4
426.41	2514.2
5365	2414.8
339.23	1492
1679.6	1683.4
4222.4	1063.7
1428.8	3007.3
2436.6	864.88
1233.3	1956.2
758.87	1872
1402.5	3336.2
3287.2	1819.9
4921	401.3
5584.8	1665.6
4985.5	2119.7
756.92	2121.9
1991.1	3921.6
1991.1	3921.6
1863.5	482.96
754.54	670.89
7200.9	2034.2
68.214	2626.3
1273.3	947.05
5932.8	408.09
5686.4	2329.3
4903.7	732.09
1020	1426
3358.4	2722.3
3898.5	977.57
840.76	2914.1
6111.5	2884.4
5550	1701.6
6450.7	2197.5
181.1	2516.2
973.84	3322.2
3038.4	3076.6
5828.4	284.09
6735.2	718.63
741.28	647.56
5902.8	1938.3
258.81	1963.9
580.47	2885.2
6492.4	657.79
741.28	647.56
1233.3	1956.2
4729	1108
1273.3	947.05
6901.8	2694.3
6028	1277.2
1162.1	1111.2
3036.8	3050.8
5716.7	1278.3
5888.2	1837.6
3430	3612.9
4702.4	1141
5656.3	1909
1540.8	1702
3362.5	3620.9
4439.1	1548.4
332.07	1318.5
3649.7	1791.2
5424.2	866.21
354.42	1026.9
2263.5	1853.1
4740.2	1546.8
4006.2	424.98
4263.5	439.45
973.84	3322.2
7332.8	227.73
7040.4	1577.8
4155.6	444.2
4954.9	746.13
67.454	2773.6
3362.5	1380.9
935.99	2876.9
5828.4	284.09
3067	2701.3
7304.1	2633.9
6203	1757.6
101.28	2274.3
3101.9	2959.1
5570.2	1986.6
7035.5	2194.6
3898.5	977.57
7307.8	2543.4
274.48	2163.3
7091.4	2518.6
200.29	1641.9
739.9	1118.1
3358.5	1453.2
1577.8	2987.7
6901.8	2694.3
3246.4	2961.4
3036.8	3050.8
3101.9	2959.1
6003.9	355.94
510.4	908.02
1824.1	630.15
1240	3072.9
6995.2	3044.2
258.81	1963.9
151.66	1652.5
973.84	3322.2
3948.6	3434.1
973.84	3322.2
5363.7	983.68
5639.6	1906.7
1420.7	1713
2974.4	1548
3906.1	641.25
1261.3	482.95
2866.1	2402.9
1891.4	315.41
4699.1	1783
621.17	905.03
5902.8	1938.3
4087	593.61
4921	401.3
3900.2	1494.9
6371.7	3509.7
3164	703.46
4180.6	670.09
3844.3	3952.2
1877.9	1883.4
7113.8	1763.7
3202.6	2943
6764.1	2180.4
5209.9	1097.8
1183.2	1425.3
3952.3	2681.4
3893	640.19
5182.2	1753.4
2798.2	1990.7
973.84	3322.2
7149.4	3764.5
4533.1	1008.8
3038.4	3076.6
3529.1	36.827
1411.5	3329.2
4071.5	1059.2
2555.8	1835.2
2972.4	730.7
3184.1	1814.6
3893	640.19
4954.9	746.13
5615.2	1695.3
2501.4	1838.2
1859.9	2026.5
7278.9	2181.4
631.71	812.4
1012.9	980.06
4428.1	667.62
1545.5	3009.1
2263.5	1853.1
349.4	2940.7
3251.2	4237.5
2389.2	800.28
3036.8	3050.8
3361	1146.8
5212.7	1027.3
2670.6	1998.4
5686.5	1283.8
5685.9	871.81
3101.9	2959.1
2501.4	1838.2
3869	303.88
6201.4	1779.2
6057	1990.4
1590.1	360.92
5212.7	1027.3
5301.1	1849.9
3893	640.19
155.14	2562.2
155.39	2167.3
3362.5	3620.9
510.4	908.02
6864.4	2837.6
3059.5	2225.6
331.58	1316.4
2555.8	1835.2
3353.7	1167.9
6901.8	2694.3
6901.8	2694.3
163.5	1147.6
1464.3	2973.7
2972.4	730.7
1157.7	1329.4
3124.9	2947.4
7174.1	2767.8
3124.9	2947.4
4593.3	453.76
3223.3	2948.3
2277.5	3984.4
667.76	1267.4
4936.8	1114.7
1574.9	3350.6
4273.4	448.02
7098.4	2563.7
530.24	3035.2
