2398	2897.7
2298.3	2546.4
7204.2	2939.9
87.465	2454
2431.4	2848
1856.3	2898.6
2412.2	2858.8
7040.1	2314.9
3005.2	2319.3
93.704	2392
2910.9	2320
3018.5	2320
5841.3	2351.9
2740.5	2320.3
96.708	2367.1
695.26	2302.7
599.79	3691.7
2727.2	2320.5
1690.6	2438
531.08	2533.9
5642	2881.1
7276.2	2343.5
5695.2	2985.1
2741.1	2291.2
2924.6	2320
955.24	2752.3
118.06	2455.2
2392.2	2861.7
2426.9	2919.2
2727.5	2291.2
2870.6	3772.9
88.15	2430.3
1374.4	2428.8
5998.9	2862.6
4750	2926.2
3004.8	2305.5
2740.3	2305.9
2818.5	2290.7
6507.3	1287.5
1692.5	2370
2911.2	2290.2
1440.2	2665
2925.4	2290.4
3019.4	2290.2
3048.8	4666.2
6129.6	1924.6
2422.2	2842.8
2924.6	2305.3
2623.6	2906.6
682.38	3698.1
1877.5	2825.5
1304.4	2427.3
1886.2	2822.2
2797.9	3830.9
7291.4	2685.5
2041.5	2721.8
4749.6	2926.2
1839.2	2857.8
2384.3	2880.5
2039.2	2719.5
1790.9	2912.9
6502.4	1325.8
6699.8	2675.7
3018.5	2305.5
6760.2	1516.8
7327.1	2917.6
5222.3	2748.2
5200.6	3004.2
5425.6	1958.3
5430.3	2724.6
6642.9	752.77
6979.7	1753.6
5809.2	1331.9
5632.6	2889.3
1891.9	2913.8
1806.2	2893
5622.3	1937.1
6843.4	1502.8
3043.5	3709.4
5125.8	1943.8
465.3	2135.9
7315.4	1864.3
2420.3	2542.8
5630.7	2891.5
2135.3	2261.5
6798.9	870.08
6425.7	3711.8
2966.5	4239.1
6383.7	818.87
7027.5	2308.2
6940.3	1339.1
6699	796.78
5704.2	1051.7
5390	3033.7
6180.7	1207.9
395.46	2452.7
6705.5	2661
94.953	2418.6
4903.9	812.38
7345.9	2433
5795.6	742.92
2380.6	2583.8
7041.3	2417.2
4868.4	1782
7098	2216.6
1727	2344
6612.4	2678.5
118.06	2426.8
7205.9	1548.4
6019.5	2091.9
4701.9	1862.7
5210.4	2917.1
6038.5	2030.4
5395.6	2191.6
945.13	2732.5
372.86	2266.9
5568.4	980.3
360.5	2334.9
6432.6	833.92
4567.4	3590.3
6721.3	2151.8
1625.4	2229.3
3280.4	4522.3
1675	3410.9
7081.9	1437.9
6886.9	1473.6
6666.3	2390.1
5718.6	2501.8
6351.4	1240.5
6585.4	713.33
6522.8	1352.5
7113.2	2218.3
1367.6	2433.3
5212.3	2893.1
6106.3	1208.7
6867.2	1575.1
7081.8	1431.2
5214.4	2888.4
482.06	2444.6
6680.2	986.01
637.91	2946.8
2979.9	2845
6603.3	2249.5
5409	3001.7
6916.1	850.56
5167.5	2896.7
6019.1	2712.8
4895.7	810.59
7077.8	1109.9
7121	1126.9
5715.6	2591
6343.6	1212.1
3003.7	2381.7
6211.2	1849.4
322.14	4645.8
803.7	1811.5
5046.7	930.44
6949	1616.3
6836.9	1687.6
1687.9	2458.5
1693.6	2447.6
7259.1	1269.8
1729.1	3769.6
5150.7	2127.3
7292.1	2606.9
5719.7	2147.3
3277.4	1123.5
6606	2296.7
5823.8	2171.9
2092.7	2492.9
2895.7	4055.3
5003.5	1920.4
4816.5	1905.4
7106.4	1665
5646.8	2322.2
4886	1690.4
2769.3	3746.9
7205.3	1546.5
5169.8	1900
3115.4	4717.7
6554	1920.5
1897	2907.8
1373	2442.6
5799.6	1773.5
6921.4	1549.4
76.273	2876.3
89.339	2415.6
827.44	2625
4488.8	609.54
6200.5	2974.1
5460	2125.8
4532.2	1002.6
6616.1	1959.1
2733.5	2318.5
4754.7	1900.6
3168.3	2331.5
7286.8	1614.6
813.89	1764.9
5627.4	2490
6457.9	2289.6
7048	2234
7339.9	2266.8
5628.7	2402.7
6783.4	1559.7
6676.9	1359.3
573.8	2445.5
6330.6	2372.2
7264.4	2248.9
7265.5	2262.7
3486.9	2030.6
2393.1	2876.3
6425.3	2139.6
108.42	2368.8
6647.5	1377.6
6553.8	2300.1
93.574	2408.4
6507.6	2363.7
5095.6	2505.4
2201	2496.2
5548.7	2225.7
7169.3	1653
492.01	3306.5
6349.7	1255.5
7261.2	1796.9
538.26	4406.3
6100.1	879.11
127.84	2013.4
6652.6	798.57
2392.2	2892
6301.9	2100.4
5001.5	1965.5
466.51	2130.3
6392.3	838.86
6963.4	1577.7
1347	2414.7
6598	2166.7
5457.2	1971
2563.6	2535.8
73.278	2060.1
4062.3	2328.8
336.28	2337
5264.7	2291.4
1198.9	2458.1
5829.7	2590.3
1741.4	2354.6
1055.7	2696
7258.4	2468.8
6515.2	1358.4
7013.5	2304.5
7330.7	2276.7
1994.6	2318.1
5809.8	2017.4
6886.7	2021.7
6726.4	1463.3
5034.1	1667.1
1266	3755.8
6565.3	1930.3
5977.6	2670
5119.7	2005.2
6276.6	2071.4
1407.9	2127.6
5146.3	1936.8
5545.1	2012.7
5706.1	1758.8
6012.9	2704.9
6765.3	1480.2
5750.7	1766.3
6672.1	1965.8
6765.4	2509.6
6077	2062.6
2925.8	2413.7
6903.5	1316.8
6592.9	2269.1
2971.3	1857.7
5252.9	2904.6
453.11	2127.2
6801.6	2326.2
7226.7	1757.7
6197.4	1846.5
5084.6	1671.9
6709.1	2187.5
5523.1	4470.5
5862.6	462.92
7159.4	1659.8
5983.6	2210.9
6764.4	2509.8
85.225	2446.6
4476.3	2656.1
1036.2	1815.7
1942.5	1822.6
7018.2	2186.9
1028	2450.3
377.88	1712.8
2592.9	3198.5
6601.4	2288.6
6210.6	2078.8
6076.9	847.24
5211.6	1998.9
810.09	1813.3
2110	2271.9
6902.1	971.38
6905.6	2024.4
5542.7	2013.5
5435	1925.8
6227.8	1853.4
6315.4	2109.2
1992.1	2931.8
7043.6	2228.5
1378	2071
6840.8	2323.8
2908.3	2412.7
1828.6	2541.7
6839.3	2280.5
112.09	2965.3
6600.3	1945.9
221.3	1890.1
6878.5	1114.7
6195	1846.7
6758.1	1531.4
1721.6	1837.3
6870.3	2159.8
1243	3858.9
6591.7	715.05
7061.1	2070.5
6498.8	2052.8
5993.8	2969.8
6116.5	487.6
6608.7	1955
6280.3	2237.6
4332	1820.8
2084.9	2733.7
3143.2	3732.9
3389.1	4489.4
6834.4	2006.2
3966.7	877.67
5402.4	3073.3
6989.7	2045
6329.8	3735.5
6959	1529.5
6800.6	1984.3
6969.6	911.42
7020.6	2228.3
326.78	2643.6
5601	2028.1
2559.5	2395.1
5986	2238.8
4926.2	919.94
6720	1968.3
5396.1	1733.7
5716.9	1121.2
3226.8	2334.6
6387.8	3929.5
5509.6	1968.4
2835.5	3805.8
1423.1	4882.4
304.69	2044.1
892.28	2623.4
2931.8	2299
4092.7	554.22
6396.8	839.89
1193.3	2696.9
4508.4	988.69
574.91	2712.6
4734	1685.3
5435.7	2593.5
7175.1	2259.1
6655.7	2161.4
5088.4	1004.4
7201.2	1757.2
4724.3	2376
2997.9	2298.8
6992	1762
7042.8	1413.4
2904.1	2298.9
3025.9	2298.9
2720.6	2299.8
3393.4	4272.7
1147.7	2672.7
7269.3	1602.7
6441.9	824.9
6270.4	1464.2
5279.6	3353.8
76.777	4521.5
6951.7	1624.4
6249.3	547.5
6684	2117.5
5722.1	1151.3
2449.1	3447.3
447.01	2110.8
6908.5	2030.4
5438.5	2207.1
6960.3	910.25
5871.8	2060.9
6602.9	1997.9
6313.5	1321.4
1913.9	1942
6125.6	492.44
321.07	2640.5
399.47	1729.2
2843.1	3099.1
6191.7	2050.2
5440.1	2201.8
2633	2664.1
5504.3	1965.4
2257.1	2090.2
2359.1	3679.3
5851.6	2689.7
5398.6	2699.5
6876	2202.6
2355.8	3689.7
7026.4	2209.8
6022.9	2506.6
1625.1	2366.8
663.19	1708.1
6954.8	905.09
758.03	2939.8
5079.5	1859.8
2689.2	2436.6
459.75	2121.8
582.9	3366.5
2374.5	2969
7117	1824.5
3403.5	1310.3
7013.6	2201.3
3961.2	1312.7
5177.8	1659.3
1530.8	4014.1
6690.4	1160.8
492.34	2368.2
4948.2	249.01
6677.3	1974.5
6955.5	2510.7
2917.8	2326
6023.8	2865.2
2218.4	2603.3
2321.4	2535.2
4714.2	2607.8
89.816	2996.9
4951.1	3342.9
3038.9	4258.2
7115.7	2314.4
5018.3	541.06
6709.3	2497.7
1480.5	2329.6
121.09	2439
6021.8	2420.2
2935.5	2299.9
2751.4	2300.3
6686.9	977.64
4545.3	1654.7
2167	2346.9
806.67	1729.2
1429.5	4441.3
2362.7	3670.7
5959.4	1747.4
5020.3	543.32
7021.3	2211.5
3892.4	2395.7
7050	2975.3
6823	2296.3
172.99	2463.3
5608.5	298.17
7306.3	339.54
3306.4	4170
288.07	2329.6
5985.6	2683.4
6850	2185.1
5823.3	2573.2
3407	1407.7
837.43	2120.5
2931	2312.2
1312.7	3865.8
5604.4	1943.7
6148.1	1231
4497.6	2669.1
584.87	2592.3
4095.1	2794.6
170.52	2259.8
6077.6	455.86
1945.3	2711
5185.7	1270
6838	2342
1715	2438.1
1896	1753.6
6590.2	2405.4
944.8	2720.7
7072.8	2345.9
6698.3	1918.9
6618.5	2135.6
1615.8	2479.5
6632.2	2009.4
4312.1	2904.8
7059.7	2207.7
6873.9	2022.8
1386.3	2046.4
6835.6	1560
3010.5	2325.3
2712.6	2301.7
2689.5	2558.2
7099.5	2346
1682	2614.1
3002.3	2398
6292.6	2687.4
185.72	1847.6
5417.3	3395.8
6018.6	2587.2
7002.6	2319.9
5587.9	1969
6189	1294.6
1856.9	2031.4
81.569	2380
7146.7	2320.3
6918.3	2499.1
1692.3	2554.7
6915.8	2330.9
2413.5	2941.9
5101.8	1987
7002.5	2231.1
6170.1	505.7
4181.5	2471.1
7191.6	2124.7
4981.9	458.66
1703.6	2437.3
585.83	2594.1
5129.7	2228.4
5458.5	1988.2
7073.4	2396.4
205.1	2328.6
2044.6	1873
936.13	2645.2
2804.2	2301
130.14	2454.9
6523.5	764.82
7073.9	2251.5
1698.8	2436
5223.2	593.89
6995.4	2318.7
1352.9	2057.3
7071.7	2347.9
173.37	2465.6
1809.6	3270.1
6530	1429.4
6739.1	2132.3
5114.9	2018.6
2302.6	2533.9
293.06	2692.4
2896.5	2300.3
6678.8	2232.9
4346.3	2628.1
3929.9	1207.8
5276.7	2239.5
5195.6	2933
6437.8	664.63
3290.5	4519.3
5697.8	3406.1
281.87	2459
6747.7	1490.7
4793.2	2923.1
7027.4	3330.6
2460.8	2523.8
6917.7	2327.6
15.553	2413.3
5594.7	1618.9
193.69	2453.3
6645.5	1452.6
2037.3	3704.3
610.84	2925
6423.9	2358.3
318.84	2973
235.31	4478.2
5632.6	655.96
6862.1	2019.9
6917	2446.7
6718.8	2285.6
5395.7	3314.6
6874.6	1135
7074.5	2342.1
5392	3286.7
4081.3	807.19
3230.4	4482.8
6022	485.49
4963	3052
6918.1	2522.9
1622.8	3005.5
6498.3	1372.9
6421.3	2506.4
2415.4	2908.1
571.29	2593.8
3880.6	2996.6
6097.2	897.67
709.53	1650
7055.9	1721.9
6995.6	2457.7
5413.3	2670
6616.6	2442.3
3397.9	4364.2
3145.4	3045.9
6213.7	1424.2
573.75	2593.5
5785.8	3400.7
6969.8	2289.3
571.23	2592.4
5989.9	2042.8
1169.2	2415.3
6030.2	2870.9
2699.2	2449.9
6026.3	2191.5
3892.7	1745.6
5872.3	437.1
4200.9	1659.1
5323.5	1888.8
247.39	2890.5
6921.5	1588.9
6600.5	2353
6631.3	2217.1
6430.4	2231
1828.5	3363.2
2383.2	2215.7
6802.2	2153
3019.4	2398.4
5800.6	375.87
7072.4	2310.4
2038.5	1872.5
2886.1	2460.7
3219.7	4274.1
2754.7	2303.4
4235	3957.7
3076	4761.2
347.8	2303.3
925.84	4404.3
6002	2685.4
5329	1988
1301.5	2418.5
6429.3	2562.6
461.56	1773.9
4179.5	1359.3
2308	2538.8
3309.8	1483.9
6006.4	2982.9
3990.4	1771.4
6607.3	2363.1
6018.3	636.36
4214.1	2735.4
4081.9	2348.9
5730.2	346.41
5594.6	292.3
7074.1	2314.6
5835.9	2168.2
6445.2	2065
5670.1	3384.6
5917.2	453.3
6713.1	2269.5
5914.7	2337.9
1095.8	3155.5
6575.2	2565.2
6922	1591.7
2924.7	2963.7
1668.7	2530.2
2679.8	2440.6
449.69	4509.3
7159.7	2924
4831.4	1953.1
2102	2233.2
5324.2	2898.8
2196.5	2664.3
5933.6	1111.7
4992.7	920.63
6155.6	2585.6
6221.1	454.32
6565.2	746.27
6303	501.6
6939.8	1592.4
5094.6	79.632
6635.2	2134.2
7049	2025
245.83	3902.8
3915.7	1194.2
6654.5	2121.1
6027.8	2707.3
7131.9	1725.7
495.95	2454.6
6595	2175.6
6019.6	2255.9
6335.4	1285.6
4301.7	734.22
6704.3	2514.9
2547	2575.9
506.76	3731.4
6179.1	3005.8
6379.4	547.41
2180.3	2364.2
5779.1	3394.9
2173.1	1970.1
7268.7	1303.9
6196.6	3005.4
6845.7	2057.1
4906.3	2395.1
7014.3	2104.9
351.77	1573
2854.5	4016.8
1955.4	1855.8
629.64	1701.1
7196.2	2352
6836.4	2054.3
3871.3	1591.1
292.98	2823.9
790.06	3316.5
6680.7	1947.2
5451.5	2338.2
6703.6	2446.4
5588.7	704.94
1853	2433.5
1753	2039.1
7261.6	2382.9
1378.5	4046.4
6732.4	2140.9
6833.6	2162
6965	1645.4
6300.4	2628.1
6893.9	2264.3
362.18	1891.6
7337	2392.7
6724.4	1972.6
2348.9	3644.1
4765.2	3603.7
479.91	2340.6
4528	1884.2
4712.9	2929
6000	1734.7
4519.2	1031
534.64	1870.1
6920.3	2322.3
7227.1	1260.2
3345	2209.8
2147.5	1746.2
5453.1	789.4
1874.6	1760.4
5150.3	1899.4
48.882	2757.7
4845.7	2921.1
2045	1876.5
22.018	2004.8
7071.8	2410.1
5697.2	3373.7
6085.8	2180.6
7006.7	2430.2
7073.8	2412.1
4350.9	2547.5
6001.9	1726.8
1402.3	1581.7
3352.8	2399.3
6963.6	2515
353.71	3956.2
5268.2	4301.9
5368.5	2982.6
7041.2	2405.2
1847.4	1775.2
6526.8	1399.2
2288.5	2192
149.76	1910.5
6840.3	2057.3
88.845	2380.5
4945	3064.2
442.72	2816.2
2015.3	1876.6
6851.8	947.96
6087.1	2265.5
946.08	4393.5
6838	2438.9
6745.7	2162.9
5339.5	810.44
3707.7	1789.2
2838.6	2391
2055.3	1869.8
2924.7	4562
5123.5	1896.7
1828.5	2027.4
1926.6	1782.6
6220.9	2275.5
2785.7	3079.1
2551.1	3118.7
6828.3	936.78
7168.1	1496.7
6886	1971.2
6919.2	2351.5
6773.1	2389.1
5275.8	1939.3
445.75	3616.4
5283.2	2094.8
6807.7	2331
6879.7	1267.9
5745.5	2325.2
6948.8	1647.8
6571.9	1855.3
4572.3	2229.8
674.35	2065.3
6620	2074.2
5890.2	2416
6898.4	1324.4
6121.6	1224.9
5998.1	2663.3
2521.3	2920.3
6156.7	2192.1
7153.1	1171.2
1082.6	4695.5
6221	2506.3
6463.6	2582.4
7279.2	2256.7
3638.9	2174.2
6924.9	2368.2
4658.5	2692.9
4719.7	1805
6561	2307
110.98	2325.8
1116.4	3556.5
6899.8	1971
337.5	4480.9
6561.3	2444.1
89.835	2463
2856.8	2553.9
6970.4	2040.8
7303.7	2685.4
6698.9	2522.9
6513.1	2228.8
132.19	4102.4
1275.7	3693.7
7336.7	2456.1
7026.5	2197.1
1120.3	2967.6
5974.5	469.51
6283.1	2481.1
3905.1	1936.7
6510.8	1442.3
132.56	2331.6
6920	2467.6
1179.6	1979.9
1093	3875.9
6465.5	2294.4
452.83	2948.9
1963.2	1834.4
2031	2533.4
768.68	1992.6
5810.9	1967.3
4384.2	1979
6773.4	2449.3
7337.8	2417.3
1972.7	2926
6832.4	2406.7
1346.7	2330.7
5416.5	3014.3
6807.8	2454.1
3620.7	3091
6989.4	2461.9
6320.4	3762
6991	2187
6159.6	2348.3
2883.7	2965.1
352.5	3956.8
5490.8	2510
6515.1	2065.8
15.241	2405.4
6892.4	2030.7
415.73	2981.1
2427.1	2949.8
3041.7	4524.7
6466.2	2439
6367.4	620.1
6920.2	2300.2
6575.3	2151.8
3390.7	2329.6
6415.4	1857.1
6513	2230.7
6823.2	773.92
6513.8	2514.2
6962.2	2291.9
6155.2	2115.4
244.06	2329.7
3750.1	2902.3
455.56	2630.9
6154.3	2116.7
6915.4	2345.1
6463.6	1285
6776.8	1548.8
1906.2	2830.2
7262.9	2412
6022.4	2056.5
4384.2	1094.4
5743.4	2247
3706.1	1915.7
1241.3	3355.3
6655.9	2001.1
1195.3	2005.5
6685.1	1930.3
6792.2	1684.2
7063.6	2296.9
6908.2	2509.8
7248.3	1273.4
6159.1	2513.8
5382.3	2665.5
3760	2807.6
2877.4	4291.5
6285.6	567.61
2917.3	2374.2
6875.2	1971.8
6644.5	2142.3
6072.9	3544.8
1960.2	1894.8
5139.3	1964
3043.7	4630.9
5586.6	3286.3
1670.4	4202.4
6824.7	927.64
85.45	2367.3
5357.2	903.34
5560.2	2599.7
7196.7	2372
5357.3	2304.4
7008.7	2523.3
3809.2	1454
4099.3	2179.4
4613.4	14.503
4752	2454.3
2656.1	3100.1
2003.1	1911.6
2841.8	2739.6
4199.7	742.12
816.99	2034.1
6267.4	2077
1019.9	3155
7021.9	1248.6
5742.8	2598.8
403.51	3005.4
4753.8	2776.2
3912	1768.5
5282.9	1637.3
5478.5	47.847
6906.5	2509.2
1099	3884.7
6699.1	1198
2013.7	1871.6
6640.7	1997.8
1494.5	2044
119.16	4503.5
1815.2	2034
1727.2	4451.3
4067.3	1751.6
6778.7	1551.4
3807.5	1454.3
2342.4	2698.2
5570.4	1262.9
6931.3	2208.1
5018.1	2206.8
5799.9	2022.2
6652.4	781.71
1758.5	3032.1
582.64	2257.2
7214.8	1812.8
3608.2	4815.6
7214.2	1808.7
6043.2	1763.4
2569	2964.7
6486.8	510.94
4546.7	906.94
3083.6	2755.7
5868.2	352.89
6595.4	741.39
499.19	4499.2
311.86	2224.5
909.87	3029.4
44.504	4354.6
5388.6	2664.5
6159.4	2352.2
6763.2	2127.9
2742.9	2439.9
6300.7	4112.7
6440.5	1054.6
6090.9	809.57
5745	2425.7
3011.6	2374.1
6780.9	904.35
1688	2495.2
6772	2170.2
6409.9	937.09
7013.5	2504.5
303.12	2184.4
4179.1	2032.6
5348.9	2744.9
2671.6	4837.5
7261.7	2409.3
79.651	4425.3
865.89	4456
1595.5	2053
4907.3	2505
6952.9	1337.3
4170.5	1743.9
2305.7	1969.2
5279.6	1197.3
455.2	2019.9
6862.1	2182.5
2193.8	2724
6441.5	1057.4
7065	2352.8
4601.1	1512.7
324.34	3973.1
5415.1	3009.9
4606.5	1514
3835.9	4762.7
5331	2897
6075.1	429.01
4512.4	859.42
7256.2	1568.3
1049.9	2964.7
1295	2429.7
5401.5	2410.5
2733.5	2374.3
5413.2	1199
6757.8	1552.7
4905.5	2593.7
4069.2	2544.6
3993.8	2158.5
6871.4	1974.2
6770.9	1450.1
4944.6	1880.2
2149.4	2367
6002.6	1760.6
5985.9	3546.1
3976.5	1713.1
5216.7	1619.1
1020.3	2057.6
3426.8	4654.6
5244.8	2680
4542.6	1881
259.21	2134.7
3238.1	1003.1
7306.6	2688.6
1402.4	3371.9
3049.6	3809.2
6324.8	415.33
6167.8	2006.1
5156.1	2167.7
7197.2	2331.6
2028.3	3615.8
6220.2	2593.7
6782.4	2172.1
1189.9	3779.1
6247.3	520.64
6464.8	2299.5
4168.1	1743.2
5092.7	1627.8
607.36	2718.1
2632.9	2643.8
5090	1627.7
7069.2	2036.9
392.54	2467.8
593.18	2255.9
827.18	2918.2
1677.7	2614
6625	1993.9
3944.2	2613.9
6772.4	1526.3
439.93	3674.6
7032.4	2282
2461	2851
6329	567.41
2758.3	2361.2
5686.9	3058.9
2354.6	2712
7210.7	1769.3
7077.7	1413.3
5225.3	2491.6
7014.6	2015.2
4612.1	2400.8
3822.8	2569.1
6632.1	2069
6944.4	1643.6
5191.6	2973.1
4030.6	2193.2
1624.9	3063.3
6433.2	1847.1
1676.8	2992.7
4960.6	1615.8
2884.9	2286.5
2792.7	2286.5
2554.7	3106.2
6775.9	2765.5
4917.5	1872.3
6335.5	1225.6
4333.8	4310.1
1833.2	1799.7
3064.8	3811.2
4189.2	2799.5
2149.8	2922.8
5432	2333.7
1759.5	3688.4
5271	2433.3
5274	2986.1
1913.5	4613.7
6852.4	2049.7
4567.6	1894.2
5182.7	1614.9
179.46	4407.8
6573.9	806.89
3705.4	1918
3936.4	4399.1
3044.7	3001.3
6138.4	2027.6
4074.7	1096.9
6740.8	2164.8
4485.2	3025.4
1299.7	2713.5
5019.6	2181.1
2933.8	4551.1
4111	2624.3
4500.2	1706.2
1230.8	2839.5
7335.7	2495.6
1001.7	2755.3
28.199	3790.6
7082.4	1870.8
65.917	4525.6
3204.3	2921.3
2320.7	4596
433.51	3341.8
6089.1	2349.6
2804.5	3390.9
2859.1	2556.7
4584.7	2590.9
5404.1	3265.6
1472.3	1923.9
7298.7	1865
3696.1	2450.7
6580.9	1870.4
6379.3	540.94
6769.1	2168.5
7305.9	1860.7
6860.4	2298.2
6887.4	2057.8
4297.7	673.4
5042.1	759.17
4785.6	2935.3
6174.3	1178.1
2980.3	2284.2
5246.8	2368
2234	2974.3
2582.7	3445.1
1663.1	4523.2
