3349.6	2706.9
3349.6	2706.9
3349.6	2706.9
5973.6	1961.7
3003.4	2574.7
1363.5	1264.3
2233.7	1078.2
2240.5	940.28
1179.9	1284.8
1360.7	1228.5
2229.9	1033.7
2229.9	1033.7
1360.7	1228.5
5132.5	1844.6
2229.9	1033.7
1182.5	1315.3
2816.1	2374.6
3835	973.62
6690.7	2414.6
1242.3	660.95
845.07	1399.7
2560.5	1000.9
3058	75.788
3803.4	2980.7
5132.5	1844.6
654.76	1379.3
770.73	693.01
2091.2	254.28
3346.7	979.63
1359.4	1232
2979.4	60.954
1630.5	1159.7
6234.3	2123.6
2238.6	1066.6
1188.8	1199.5
835.37	653.73
2968.5	953.2
270.52	1217.7
743.96	1455.7
1389.1	366.16
1849.1	1062.6
1092.6	2120.1
1640.7	1166.4
260.79	1479.8
2091.2	254.28
270.52	1217.7
405.21	1527.5
270.52	1217.7
835.37	653.73
47.578	1402.6
4963.4	907.12
960.07	1228.1
1707.6	740.58
3439.7	3230.2
4673.9	1719
2355.8	878.53
3833.2	3180.7
3087.1	745.85
6418.7	1014.9
1185.5	1291.8
1165.6	1225.7
2064.6	627.24
1402.5	1150.6
1295.5	408.76
1882.3	1008.6
713.24	730.77
2563.7	883.53
2046.2	634.11
3574.6	2978.8
2064.6	627.24
3439.7	3230.2
3241.4	1941.8
2037.3	651.2
146.4	1315.2
1139.2	921.55
4339.9	1963.9
52.038	1782.5
4701.9	1871.7
3743.3	470.7
897.78	2528.1
2333.2	101.48
1141.3	2282.8
1158.9	1073.2
6743.5	3021.6
3443.3	2009.2
2556.3	1019
241.13	2055.1
1707.6	740.58
3358.1	3058.9
1158.9	1073.2
6927.8	2874.1
1739.6	1000.3
2333.2	101.48
3538.8	1005
2563.7	883.53
5988	2095
126.24	2224
2281.3	585.56
1631.4	345.49
2987.3	500.49
1170.9	1974.4
1359.8	1247.3
51.599	2452.9
2355.8	878.53
687.38	1438.8
606.79	1299.4
848.43	1407.9
694.69	1473.8
2217.7	977.76
6743.5	3021.6
2165.2	382.72
5979.1	2093.8
5785	2076.4
411.21	1299.6
2283.5	2156.4
5782.8	2078.1
1841.7	953.01
957.51	1239.2
847.58	1420.7
1710.9	740.01
417.42	1404.4
2610.8	1933.8
2541.8	883.61
111.11	1187.1
5842.8	2419.5
3379.3	3059
2991.7	3162.6
468.23	1480.6
1745.3	1944.9
6776.5	3351.9
51.599	2452.9
6707.5	771.31
3834.5	3232.2
2271.5	114.99
3720.1	163.61
4187.7	1836.8
5383.3	2897.5
4183.9	3279.1
466.88	1268.7
2257.2	588.55
2955.5	484.76
430.77	1524.3
4715.4	1862.1
430.77	1524.3
399.5	1599.6
5944.2	1889.9
627.05	1458.6
7043.4	1988.5
887.6	1333.9
6927.8	2874.1
3635.8	1719.6
3461.4	2584.5
6897.7	1455.5
6158.5	1912.7
2051.8	629.49
1083.7	1792
66.432	1721.7
2987	481.68
1073.8	3284.8
5775.4	2061.4
2527.1	1990.9
3105.5	2186.6
1073.8	3284.8
125.05	2206.5
249.27	1389.9
3229.4	2669.5
2271.5	114.99
2533.1	953.52
52.681	2498.1
829.26	1349.3
1530	778.16
4615.1	912.07
4727.6	635.11
2223.3	1059.8
3388.1	1939.8
1642	1156.6
2987.3	500.49
465.88	1461.9
2262.2	1969.8
5975.9	2091.1
5814.4	2388.2
1327	2101.2
60.684	2075.6
5814.4	2388.2
698.64	1385.7
2328.3	168.25
6654.3	1322.7
54.13	2544.2
2676.6	2913.9
3508.4	3156.2
700.52	2103.7
6392.8	2837.8
2540.1	881.13
6158.8	2092.2
1361.5	1142.1
2230.6	925.13
2734.7	139.41
2595.5	111.17
284.67	2218.1
2676.6	2913.9
1593.6	217.03
185.11	1656.4
1814	940.7
185.11	1656.4
2533.1	953.52
264.97	2183.4
102.05	1208
3243.3	2548.4
649.4	807.57
2321.9	2764.1
2779.8	207.01
6515.6	2899.9
5954	1952.3
3231	2536.9
1862.3	1096.1
6974.4	2907.3
6725.6	2469.2
2465.3	67.812
445.98	1462.5
161.62	3405.6
2781.4	209.01
178.51	1652.5
100.66	2247
1530.2	385.29
1519.5	753.7
6841	1348
408	1426.6
318.03	1575.1
855.88	1179
6725.6	2469.2
203.31	1417
662.68	1961.7
470.14	1451
2781.4	209.01
836.97	1409.6
2271.5	114.99
682.67	1391.4
1698.7	362.74
245.11	1078
410.25	2638.7
668	1342.7
105.33	1152.1
2147.5	265.23
7222	2312.6
130.1	2090.5
6417.8	788.05
260.89	1215.1
847.21	762.86
2329.9	76.193
266.52	2183.3
3544.2	1835.2
4600	1603.8
5558.9	2820.8
3843	3001.5
3153.9	2033.2
3229.4	2669.5
627.12	774.79
1303	3195.2
2486.4	64.405
857.33	1178.7
1090	2356.3
3602.8	186.02
6169.1	2091.2
6725.6	2469.2
6228.1	1874.3
325.09	953.43
403.35	1590.7
6499.2	1018.6
734.93	2427.9
1824.1	967.95
627.12	774.79
627.12	774.79
2779.8	207.01
473.88	1480.5
1763.7	1702.4
1675.1	1005.6
208.49	2810.3
3834.9	1836.5
2142.5	1292.9
1223.2	1190.9
788.23	1913.2
2257	2280.1
2029.7	625.63
7021.8	1981.5
6858.4	2790.6
130.1	2090.5
2090.5	1756.4
2486.4	64.405
2259	121.23
3193.7	34.125
138.28	1680.5
1193.3	1175.7
3178.8	1867
2069.2	613.32
1172.2	1278.1
5988	2079.9
402.87	1285.9
6928.2	1669.2
297.97	1539.2
5520.6	520.06
3275.9	94.559
3186.3	3040.6
2253.5	232.56
1585	1193.6
1195.7	1190.3
1090	2356.3
4813.8	3340.7
5115.9	1850.1
5220.1	1858
730.08	1443
6784.3	1819.7
1026.1	1333.7
2368.7	211.95
4837	1330.7
1357.8	2009.6
6169.1	2091.2
105.22	2098.2
1888.5	1082.9
5183.8	607.97
1026.1	1333.7
2997.9	484.8
1714.2	173.41
6339.8	771.82
1223.2	1190.9
1225.7	560.66
3315.3	2941.7
3347.3	4255
6417.8	788.05
3833.2	3180.7
3287.1	1589.8
6775.1	1946.3
687.96	1456
2767	462.44
2290.5	547.64
6417.8	788.05
2253.5	232.56
2475.4	811.95
1468.3	196.04
5965.5	2058
1468.5	3823.1
4736.1	937.79
56.149	2352.6
163.83	1579
2557.6	145.89
5634.1	2058.5
2486.4	64.405
2876.4	1677.2
839.62	1395.8
2029.7	625.63
4203.9	1691.4
4707.9	3177.2
396.22	1986
1965.5	87.753
2049.2	298.98
963.49	522.33
6418.3	2033.8
1859.2	930.17
1374.6	884.06
1462.4	2746.3
3835.4	939.79
1634.6	1173
2020.9	3797.9
55.37	2446.8
2206.5	2184.5
1824.1	967.95
836.97	1409.6
108.83	2097.6
6330.8	295.92
2206.5	2184.5
5436	2008.1
4089.3	3089.4
45.78	2308.6
1331.6	630.72
2066.8	54.77
43.985	2447.2
1561	373.08
2094.6	242.98
2475.4	811.95
6537.4	2171.1
2957.1	964.27
325.09	953.43
189.69	2928
6947.9	1079.2
1549.8	362.83
2279.9	863.85
482.47	1497.3
972.6	519.86
1316.9	2684.9
3705	3251.9
43.985	2447.2
694.71	1810.7
5719.8	2077.1
3595	185.92
1972.3	110.7
7290	1618.5
55.37	2446.8
1420.6	1211.6
6841	1348
2274.1	1000.2
2350.8	219.25
2134.5	267.67
3241.4	1941.8
1168.9	1293.2
1026.1	1333.7
511.13	1678.2
1814	940.7
2816.1	687.04
4834	1295.4
5324.7	2894.6
1260.8	1831.8
2174.6	1043.3
5554.9	2673.4
85.533	2613.4
6339.8	771.82
6999.9	1573.4
4954.8	1867.5
4706.2	50.979
3797.1	4226.5
944.2	1237.1
714.57	1408.8
2112.5	789.46
446.05	1497.7
1791.8	432.85
4349.8	1754.5
6716.4	2596.4
1116.9	1157.7
55.37	2446.8
209.14	964.35
853.24	1415.5
2554.5	861.01
2271	835.51
417.78	1266.5
2561.4	971.44
2957.1	964.27
296.09	2947.3
2553	139.96
2021.8	616.19
1421	1366
2257	183.33
1554.7	2053.1
6884	1232.1
682.67	1391.4
2979.4	60.954
4348.1	1996.5
2808.3	2965.2
2343.5	288.26
1497.9	154.53
44.089	2491.6
3191.2	3043.6
1188.7	1005.9
5064.6	1658.7
2261.8	100.6
724.46	1579.8
4141.2	1613.1
785.11	2131.7
1693.8	176.92
1362.1	1215
2894.9	1169
604.63	1391.8
3008.1	907.64
1088.5	2513.6
3446.2	729
2437.2	2305.1
2275.7	831.55
2894.9	1169
55.37	2446.8
1114.4	1496
2559.8	971.17
3880.1	1936.5
852.53	2063.7
2253.5	232.56
1602.9	236.25
2286	600.72
2551.4	139.28
1701.1	1010.2
895	1237.4
2257.1	203.16
2064	644.01
1451.4	2876.3
6475.2	2159.2
7286.9	1821.4
5580.5	480.26
1637.3	1140
682.67	1391.4
1354.3	1241.8
5093.3	404.02
712.73	2006.6
3285.1	60.901
2493.6	883.96
1324.9	419.57
1172.1	1063.7
2483.9	873.43
1888.5	1082.9
6145.7	2127.3
5639.6	2044
5925.6	1942
235.38	1403.3
2365	221.98
1379.9	921.89
1602.9	236.25
1164.2	1062.7
599.26	1414.5
1168.9	1293.2
823.78	1395.2
6899.9	1518.9
899.25	1235.2
2475.3	199.29
5554.9	1914.3
2329.8	177.67
3970.2	1990.2
760.8	648.83
1001.3	1303.9
4812.8	3105.3
313.84	1615.7
1451.4	2876.3
5436.1	2009.8
2718.7	60.2
2299.4	524.68
944.2	1237.1
1280.5	2200.2
371.42	1715.7
6118	2065.1
5942	2089
838.13	601.33
2894.9	1169
638.59	1464
3624.5	1574.6
396.22	1986
5826.3	1919.9
849.33	616.8
851.51	1196.5
1105.2	441.11
1161.4	2121.2
1865.9	1115.3
2561.4	971.44
408.62	1571.3
2894.9	1169
633.23	1969.4
2557.6	145.89
2126.3	2018.3
1218	1246.8
7021.8	1981.5
1302.8	706.64
772.39	642.91
3008.1	907.64
1814.5	953.18
6954.5	2098.5
1451.4	2876.3
845.33	1195.1
1676	93.219
5257.5	254.1
407.49	1516.3
6152	2068.8
823.78	1395.2
1883.3	1062.6
3506	725.84
598.94	1382.7
7021.8	1981.5
2894.9	1169
440.67	2057.6
2718.7	60.2
875.01	1366.2
135.64	1685.8
2093.3	69.735
2959	862.87
2285.1	1015.9
601.8	1312.9
4524.5	2018.1
838.13	601.33
2892.4	2713.7
2894.9	1169
2281.4	2818.4
1182.8	1772.8
2174.6	1043.3
4510.3	447.41
6011.6	1984.9
605.15	1308.9
1498.2	543.24
1816	959.51
2339.4	290.64
1586.1	922.55
2991.2	810.29
1583	941.84
2313.6	2704
7115.9	1066.5
6752	2019.5
1183.9	1119.2
1843.6	997.9
5923.5	1944.8
130.39	2128.6
476.9	1071.6
7265.9	1254.1
1300.2	2198.2
1196	1180.8
1375.2	1135.7
1608.2	902.66
4945.1	1879.8
43.471	2489.5
427.72	1566.1
6475.2	2159.2
1451.4	2876.3
6723	1700.7
4106.9	2376.1
6827.1	2439.5
2833.1	691.61
415.39	1417.4
1451.4	2876.3
5699.9	1939.9
854.21	1191.2
2531.5	1004.8
1252.1	892.4
5485.5	1889.1
853.24	1415.5
1842.9	2374.3
43.471	2489.5
482.05	1475.8
6684.1	705.31
5441.8	285.07
1554	1722
46.416	1236.4
1666.4	96.948
3355.9	2966.8
2959.1	479.64
5903.7	1750.7
1295.7	2677.7
2006.5	204.35
1648.1	1126.7
2755.1	3180.5
6806.4	786.81
1384	1145.5
6162.7	2633.7
2894.9	1169
593.64	1399.1
5898.5	1850.6
6581	2155.4
4661.6	2987.8
6082.9	2051.2
1359.4	1050.8
5032.1	1844.7
4929.6	381.92
6600.7	1308.6
1307.2	517.48
2285.1	1015.9
2141.8	1967.4
1553.9	421.83
408.54	2549.4
276.63	2016.6
2818.6	673.85
1104.8	523.86
2518.6	864.41
6716.1	2754.2
5803.6	2029.3
2281.7	826.46
1603.1	925.84
119.08	1165
4642.8	1971.1
699.17	1435.2
855.55	1376.5
2665.6	2091.7
2341.6	73.97
1355.5	486.06
834.39	1403.1
1008.9	1292.8
2731.5	2374.6
7055.4	2942.3
6991.3	1992
2250.5	1005
2959.1	479.64
6499.6	2035.1
295.48	2055.9
3351.2	23.206
7051.5	1998.3
867.04	1008.9
663.28	1355.2
2365	221.98
6978.5	1712
3880.1	1936.5
621.71	1381.9
1209.8	1608
2222.7	1079.1
4140.9	2672.1
1438.7	720.82
2340.7	308.31
2569.6	1889.1
2719.4	526.13
187.67	1705.6
2483.9	873.43
6806.4	786.81
1745.4	345.25
1371.4	1111.8
3567.5	2360.1
2147.2	224.74
56.997	2460.8
2363.3	229.73
6679.7	2529.2
6605.8	2178.6
2114.6	144.81
1847.4	1737.1
1923.2	325.9
7224.1	2581.2
5715.9	363.13
453.28	3102.2
6668.6	2178.5
7115.9	1066.5
1842.9	2374.3
2876.4	1677.2
4776.8	1743.4
867.29	1860.9
6806.4	786.81
5582.9	1719.8
6044.7	1974.1
3029.5	935.26
3319.2	3179.5
1331.9	1766.3
1176.3	1275.7
57.456	2506.1
473.58	1564.4
1517.6	3767.6
4158.4	2656.4
2257.4	225.52
621.56	1492.3
2145.3	222.72
2279.9	1009
4815.7	2015.4
2363.3	229.73
6499.2	1018.6
2250.1	1017.3
401.38	1623.3
3020.1	809.15
1359.4	1050.8
298.98	2048.8
2961.5	905.53
2894.9	1169
6379.5	2831.9
6684.1	705.31
3154	3314.9
2134.1	784.72
4726.7	116.11
929.81	641.17
3231.2	2495.3
2752.4	111.37
2682.4	94.463
1897.4	1003.9
2988.3	925.19
3573.7	651.38
2107.8	1938.4
1689.6	752.66
161.62	3405.6
3351.2	23.206
2822.2	673.03
6596.6	2167.3
3565.5	2452.5
78.732	2536.6
1896.3	964.94
1669.2	1027.8
1897.4	1003.9
2257.4	838.17
96.292	1772.1
6593.9	795.84
2740.3	99.1
3609.3	657.43
409.89	1418.7
2157.9	797.03
51.086	1310.6
1451.4	2876.3
2157.9	797.03
6806.4	786.81
4215	3298.2
1115.8	2926.7
2467.1	1661.9
6008	2043
6806.4	786.81
1388.3	1103.5
2894.9	1169
2762.7	1009
3419.9	933.25
776.12	684.36
3375.2	1767.7
6316.5	392.62
96.292	1772.1
6339.8	771.82
3582.3	646.92
6156.8	1955
3384	1607.7
5913.1	1749.7
2341.6	73.97
5969.2	2037.5
1735.5	311.87
2822.2	673.03
4177.2	70.82
2279.9	1009
3613.7	646.27
2822.2	673.03
6818.5	1937.5
3720.2	16.747
3244.7	3166.5
4349.1	2697.4
4567.6	1852.3
6008	2047.4
2141.8	167.34
3023.1	927.96
2095.3	262.72
6995.2	1573.9
6906.8	1644.2
2341.6	73.97
3826.8	41.097
2248.4	620.36
6722	651.61
839.43	645.84
2509.1	881.25
67.964	2220.8
3573.7	651.38
2095.6	237.76
3264.6	3185.8
5912.6	2079.7
4885.4	2047.3
1567.4	1791.5
1230.8	489.94
1301.3	453.87
6286.3	2113.6
5670.1	407.66
4225.5	195.37
2255.9	608.28
3720.6	3317.4
5888.9	1896.5
5782.8	2078.1
1735.5	335.78
6806.4	786.81
6104.9	1934.9
2510.8	878.27
273.89	1038.5
6215.2	3058.7
96.292	1772.1
5760.2	1466.4
3466	2875.2
3003.7	56.484
161.62	3405.6
409.89	1418.7
6437.9	418.83
3970.4	3078.8
822.9	681.34
1301.8	2700.9
675.58	2810.1
863.89	668.77
1749.6	345.31
1402.4	319.63
1451.4	2876.3
3402.9	3263.9
1160	1081
7320.7	2091.8
6743.4	741.2
3248.7	2494.4
3644.3	644.31
6156.8	1955
1359.4	1050.8
6021.9	2108.9
5812.1	2448.2
6559	4475.4
876.07	1356.9
2901.6	444.74
238.47	1411
673.38	729.74
2483.4	1864.7
1626.4	2462.6
4465.6	1983.3
96.292	1772.1
58.998	2414.1
7295.4	2619.6
3606.8	661.28
3825.3	39.132
2265.1	838.53
428.73	1497.2
2958.6	2014.9
7045.8	2849.1
97.211	1170
626.61	1497.7
96.292	1772.1
3632.2	2001.3
853.75	717.57
326.15	1580.6
4742	901.96
4732.7	1830.7
1662.2	1024.4
3348.7	954.36
3171.1	2438.4
4699.5	381.47
1624.4	116.39
2257	253.5
2205.7	543.34
1910.6	2037.6
2641.3	56.145
4552.2	2973.4
626.61	1497.7
1689.8	261.85
6820.1	796.37
257.1	2174
1237.8	1786.5
5812.5	2444.4
577.69	1509
673.79	1366.2
212.55	1667.2
6818.5	1937.5
7179.9	2746.3
2325.6	2569.7
3587.6	1367.1
2272.9	852.06
7295.4	2619.6
3862	1798
6750.7	2005.7
6219.5	1864.6
4742.5	3100.2
6575.5	2168.9
869.41	1218
4760.9	2026
4049.5	3092.5
2276	142.83
6446.7	2809.5
1752.3	291.99
2551.2	1021.9
2901.6	444.74
4215	3298.2
6769.4	1991.2
6360.4	1844.8
2248.1	221.33
3264.6	3185.8
7295.4	2619.6
313.56	1643.3
6592.4	2150.7
4681.8	2029.9
2482.9	2773.1
1155.7	544.44
4066.2	1607.7
208.16	1396.1
3499.4	2662.1
6766	704.82
3895.4	1592.8
279.32	1023.4
4681.8	2029.9
2663.5	783.44
796.13	1887.3
308.81	976.95
6509.1	2167.9
1235.1	2019.5
3761.7	720.98
2364	955.68
6180.9	2117.1
2901.6	444.74
2131.3	460.38
208.16	1396.1
3720.2	16.747
610.79	1404.3
6849.8	1615.7
7012.5	1719
2649.3	27.253
34.834	2115.5
6901.1	1682.1
5042.6	835.21
1764.3	1721.2
863.89	668.77
2651.6	1926.8
3342.9	2998.7
6145.7	2127.3
137.07	1717.9
1212.7	409.15
1471.8	225.51
1726.4	492.65
1378.1	3024.5
1633.8	1210.2
2507.3	862.95
5959.1	573.44
862.19	1289.4
1043.3	528.68
1713.1	198.47
476.02	1530.2
2799.7	3186.4
2788.8	3130.7
1333.5	456.53
5387.7	2759
3989.5	1994.7
2835.3	107.22
1637	338.27
2209.8	1938.6
5318.4	2009.2
4012.7	1849.1
944.08	1848.8
1345.7	597.5
473.58	1564.4
1259.8	3028
2233.5	1095.3
5192.9	1872.7
263.67	2232.4
2893.4	906.98
4173.7	2014.1
5861.8	2447.7
4711.5	942.85
2205.5	1050.8
2211.3	910.41
3366.8	3129.7
673.79	1366.2
6967.1	1683.6
1693.3	947.58
3841.5	4204
7267.2	1788.7
6829.9	2545.1
2645.4	2653.7
5469.7	385.02
2861.4	2762.5
2069.1	150.83
6132.2	526.41
1355.1	1257.4
401.38	1623.3
1345.7	597.5
72.138	2079.1
1713.1	198.47
4277	3042.4
7267.2	1788.7
3319.2	3179.5
1728.3	171.74
4017.2	3178.6
1152.4	547.33
993.02	781.9
413.53	1500
1402.4	319.63
2248.1	221.33
6660.9	688.83
3156.3	69.269
291.74	3381.6
7184.8	2716.9
4446.5	1548.9
841.99	1191.6
2892.5	618.96
1671.1	384.8
3901.2	733.61
4312.8	1988.9
2761.2	2088.2
2629.9	103.11
4937.5	811.48
714.05	1356.1
1471.8	225.51
908.88	3040.8
410.57	1564.3
2261.1	243.54
2724.4	911.45
2483.4	1864.7
3245.6	1588.9
3008.3	757.84
1745.8	3824
3511.3	2439.2
2423.5	79.049
2614.3	3129
1156.6	1082.1
291.73	2741.6
279.32	1023.4
716.57	766.06
2651.9	785.04
959.75	1342.5
2387.7	2297.5
4293.8	1182
1654	1024.2
1645	2453.2
944.08	1848.8
1475.9	263.35
2819.6	1599.8
6525.6	2036.7
1271.9	2027
606.41	3582.3
1654	1024.2
774.34	829.89
1837.4	2578
2741	198.71
2095.3	262.72
414.85	1533.6
3351.2	23.206
3074.3	80.645
2148.5	271.64
3488.4	65.573
2162.4	765.96
6155.4	2399.7
3419.5	3271.2
853.75	717.57
88.352	1762.9
399.81	1307.9
3529.6	1840.5
3057.5	764.28
5597.5	1940.8
904.74	2089.7
2859.6	3138.5
5796.1	2086.7
1569.3	985.05
5863.7	4462.4
6316.5	392.62
1415.2	1296.9
2399.3	74.773
128.8	2779.8
853.75	717.57
2884.2	1911.3
380.05	933.14
3351.2	23.206
423.15	1423.6
453.21	1960.9
1710.8	379.41
1462.4	2375.3
4571.7	1995
414.85	1533.6
77.509	1914.4
1550.8	2881.2
6925.2	871.5
1078.6	1143.1
2151.7	241.52
1187.4	1182
3346.5	4232.4
205.11	1141.3
3644.9	3050
38.98	2314.2
2591.3	1294.2
6725.6	677.86
4289.8	1613.8
2069.1	150.83
1275.4	2674.3
1065.8	2576.9
2900.2	1175.1
586.19	3113.1
6531.6	3020.5
6531.6	3020.5
1204	1206.5
1348.4	509.67
863.89	668.77
2070.8	272.6
717.25	1356.8
2483.4	1864.7
2902.7	2737.5
2069.1	150.83
2650.4	1615.8
1726.5	396.4
2253.1	227.45
1636.1	330.15
2562.4	2727.7
1345.7	597.5
308.81	976.95
4681.8	2029.9
3956.6	1849.5
6907.7	1689.2
2133.5	858.2
6180	2927.9
2053.4	296.75
247.23	2176.1
1252.3	765.58
5751	727.75
664.57	3165.6
2181	723.29
6809.1	3340.2
4490	1874
320.45	2629.6
6923.4	870.81
3851.7	3097.9
3466	2875.2
2152.7	434.46
6809.1	3340.2
6625.7	1406.1
664.57	3165.6
1738.2	398.36
4158.2	2734.9
1894.7	1098.8
223.68	1601.5
2813	904.55
309.91	1037.4
20.819	1791.9
76.754	1768.6
3973.8	3091.3
1352.9	926.82
3810.1	854.98
5521.3	964.11
2961.6	1928.7
4630.9	183.71
2367.9	219.49
2565.1	80.124
4457.8	194.68
2131.3	460.38
2181.9	2131.6
512.39	2103.1
6315.2	388.94
1166.1	1316.3
6162.6	2882.6
4158.3	2544.7
899.89	556.95
1039.7	2852.2
1961	111.27
862.19	1289.4
1654	1024.2
1745.8	3824
2819.6	1599.8
4012.7	1849.1
2560.9	156.02
1139.3	938.28
5867.2	2078.5
1938.1	329.05
1090	2356.3
2186.2	728.22
1041.9	2005.2
2352.5	78.46
2551.2	1890
1369.5	3000.5
2641.3	56.145
4246.3	1603.8
1658.9	1073.9
2893	905.89
2520.6	1891.5
6736.2	2978.5
158.7	1315.2
43.313	2529.2
1415.5	1769.9
435.34	2251
2859.6	3138.5
1849.5	145.64
6536.5	726.15
4996	1647.1
2483.4	1864.7
3590.3	657.37
5597.6	1937.4
414.28	2806.1
6385.4	3052.2
2828	121.95
4682.4	1866.5
6531	354.07
4329.8	2930.4
4319.6	1841.7
6531.6	3020.5
1744.1	370.35
5927.4	2047.3
3599.6	666.3
6367.1	291.05
6809.1	3340.2
5877.2	2889.6
6765.7	2005
1078.6	1143.1
2665.6	2863.3
3453	1314.3
1065.7	1150.2
6765.3	2000.4
4912.6	2292.2
4063.6	25.706
6333.2	1376.5
617.56	3569.9
855.96	1163.1
6849.8	1615.7
4571	966.37
3672.4	1254.9
1001.5	1238.9
3148.8	2936.5
5758.4	1137.5
7206	2950.3
1230.8	482.75
6044.7	1974.1
