5163.6	2912.8
3214.7	2594.8
822.16	2275.2
492.59	2465.5
5152.8	2978.1
5152.8	2978.1
5163.6	2912.8
7051.9	2331.8
3277.6	2357.9
503.2	2385.8
3374.7	2359.2
3291.2	2358.5
7037.2	2440.6
3194.7	2357.7
507.6	2354.4
2949.1	2271.2
426.24	2957
3180.6	2357.5
2487.6	2473.1
1143.6	2575.5
5597.8	2427.1
4104.5	1947.8
5297.6	2989.9
3292.3	2328.5
3194.7	2357.7
6593.4	4261.9
538.83	2468.3
4633.4	2968.9
4580.2	2996.4
3375	2330
2194	2802.4
492.27	2435.2
2163.6	2459
7076.5	2783.9
6877.1	4483.3
3277.4	2344
3194.8	2342.6
3375	2330
6729.9	1360.2
2488.9	2396.1
3375	2330
242.17	1990.1
3292.3	2328.5
3292.3	2328.5
919.08	3304.1
1143.4	2575.5
4535.4	2964
3194.8	2342.6
6395.6	1488.3
208.51	3250.9
5152.8	2978.1
2093.9	2455.9
5194.8	2897.5
6605.7	4878.4
7076.5	2783.9
6226.3	3136.3
6703.1	2833.8
4628.4	2947.7
4558.6	3018
6226.3	3136.3
1011.1	3286.2
6726.6	1391.8
7314.5	2659.5
3194.8	2342.6
7108.3	1672.3
6728.1	3293
6354.4	3230.7
2598.7	2542.2
285.61	2523.4
6900.6	2690.5
6776.1	799.72
6982.9	1729.5
4626.4	2459.7
6969	2800.1
4599.3	3019.3
5730.1	1713
6960.2	2160.5
6820.3	1453.3
1619	4865.4
6805	2166
872.18	2096.5
7256.1	1784.1
3307.3	2590.7
6969	2800.1
6478.1	2662.2
6604.2	673.42
819.32	2422.9
4862.2	1990.2
6601.7	891.37
6843.4	2291.2
7092.5	1398.8
6776.1	799.72
6745.1	1421.7
6880	2900.3
6745.1	1421.7
949.38	2471.9
7319.4	2649.1
505.31	2419.8
4811.5	1988.9
7293.7	2456.9
6734.3	1143.5
5604.2	2509.9
7059.9	2440.3
1386.8	4740.7
6958.4	2192.8
151.31	2293.5
7288.2	2660
540.73	2433.1
7215	1495.8
7089.2	2262.8
6687.3	2108.9
3109.3	2444.9
2598.7	2542.2
6877.8	2332.6
477.06	2358
468.89	2065
7102.8	2366.6
879.92	2322.8
6644.2	903.91
1895.6	3379.1
6923.8	2194.9
1526.4	2033.6
2901.3	3252.2
2854.4	2928.9
7215	1495.8
7192.9	1628.8
7059.9	2440.3
7201.9	2153.3
6844.5	1439.5
6604.2	673.42
6745.1	1421.7
6977.9	2194.7
2157.5	2462.6
6265	2604.1
6690.9	1417.1
7038.9	1631.5
7214.4	1489.1
6265	2604.1
3073.5	2828.5
6859.8	1057.1
5756.2	2315.1
7216.4	4535
7281.8	2359.1
6894.8	2877.2
6701.1	611.97
944.56	2682.4
7083.7	2681.6
5805.6	3684.1
6776.1	799.72
7296.1	1231.3
5517.8	2873.1
7174.1	1625.6
3487	2362
6777.1	1976.1
7128	4199.5
1139.4	1769.8
747.68	3008
7108.3	1672.3
6819.9	1652.5
2485.1	2494.6
2490.4	2482.7
7296.1	1231.3
1483	2529.9
647.26	4290.1
6900.6	2690.5
5517.8	2873.1
4896.2	3433.9
5366.5	2521.5
7281.8	2359.1
600.89	2634.6
4832.3	1464.7
6912.3	2228
905.63	3233.4
6960.5	1541.2
6734.5	928.54
7045.3	2787.9
1387.5	3263.9
7092.5	1398.8
910.42	3255.9
5824.3	2774.2
6777.6	1972.1
4628.4	2959.2
2162.4	2473
6128.4	3034.6
7214.1	1687.5
621.8	3396.9
495.72	2416.1
557.15	1722.8
6329.8	1085.4
7151.7	2859.1
6798.9	4156.2
6429.7	1421.3
6867.7	2018.6
3479.4	2358.7
6912.3	2228
6368	3613.5
7092.5	1398.8
7246	2559.1
5366.5	2560.5
6735.1	2261.3
6876.9	2207.6
7286.7	2257.3
5366.5	2560.5
7125.9	1707.5
7057.5	1537.5
6673	2910.9
3041.1	2223.6
7286.7	2257.3
7286.4	2273.4
4226.9	2347
4555.5	3008.5
7223.1	2288
524.65	2357.2
6845.1	1443.3
6735.1	2261.3
503.38	2407.5
6735.1	2261.3
6131.1	3004
6369.4	3983.1
6798.9	4156.2
7192.9	1628.8
6529.4	2449.3
6299.4	3173.7
7283.9	1763.8
2411.8	2517.4
6667.2	1114
842.84	1863.9
6430.6	3242.4
4571.2	3014.9
6833.6	2200
1920.6	2610.1
873.7	2089.7
6611.5	906.82
7123.1	1633.9
4296.5	2046.5
6807.2	2208.9
1756.9	2489.5
4449.7	2704.6
4583.3	4810.3
6734.5	928.54
840.51	2325.1
6675.9	2695.6
1982.7	2491.8
7109.1	2541.6
130.46	2334.8
6030.5	3158.9
4738.5	3036
6951.4	1543.7
7281.8	2359.1
7271.9	2269.8
607.74	1589.9
1759.7	2491.3
6876	2012.2
6690.9	1417.1
6912.3	2228
6645.9	3907.6
633.73	3391.3
3644.7	2485.3
6807.2	2208.9
1756.9	2489.5
1993.6	2123.6
6820.6	2163.8
1920.6	2610.1
6912.3	2228
7079.8	2676
6951.4	1543.7
633.73	3391.3
6876	2012.2
6737.6	2400.8
1920.6	2610.1
3194.8	2342.6
7060	1378
6808.6	2303.5
6944	1897.2
4442.3	2231.4
775.63	1626.9
6771	2335.2
7244.4	1718.3
6912.3	2228
633.73	3391.3
7223.1	2288
5515.2	3690.5
7244.9	1322.1
7181.6	1633.1
7063.3	2342.2
6771	2335.2
490.94	2456
6002	2640.2
2207.4	1800.7
2320.4	1824.2
7286.7	2257.3
6811.8	2178.5
848.88	1812.9
5329.9	2813
6821.3	2326
1920.6	2610.1
6650.9	1087.1
6835.3	2203.6
1144.6	1770.2
252.72	3075.1
6685.8	747.1
7314.5	2155.7
1920.6	2610.1
910.42	3255.9
6788.2	1979.2
6844.8	2207
176.19	3473.7
7057.2	2233.1
597.18	1956.3
5826	2583.5
3181.2	2342.4
509.11	2611.9
7281.8	2359.1
6827.6	2466.8
6817.6	1994.3
1062.5	2082.5
6652.2	897.23
6766	1973.6
6729.6	1483.3
746.02	1895.7
5366.8	3645
3419.5	3818.4
6541.9	623.01
7314.5	2155.7
2865.8	3277.9
5747.4	3515.4
6500.1	655.64
6823.6	2002.4
6808.6	2303.5
1333.5	1861.2
599.73	2478.1
5870.8	3052
933.92	3369.4
6817.6	1994.3
5348.7	1066.8
6889.8	2924.9
7150	2093
885.32	2723.9
7122.7	1590.1
6777.6	1972.1
6770.7	678.06
7287.3	2292.7
1530.1	2775.7
6946.8	2222.3
3134.6	2433
7064.1	2357.3
6683.2	1427
7238.9	2595.4
6880.9	2022.3
1238.3	3355.6
6128.7	3687.1
881.96	2639.8
6265	2604.1
7031.1	3648.5
6734.3	4534.1
1781.5	2077.5
87.507	3091.4
3202.1	2336.7
1774.6	3364.4
6611.5	906.82
6029.7	2417.7
6417.9	1413.8
5661.3	853.91
6914.3	876.77
6906.3	2602.4
7306.6	2297.2
6866.9	2200.6
6750.2	1500.4
7213.5	1717.2
6909.4	2343.9
3270.2	2336.8
7148.1	1813.9
7181	1474.5
3270.2	2336.8
3202.1	2336.7
3270.2	2336.8
521.26	2827
2361.5	2762.5
7190.2	1478.7
6652.2	897.23
6995	1736.1
6164.9	3740
1792.7	2430.4
7110.5	1680.3
6383	570.57
6890.2	2160.9
6750.2	1500.4
6255.9	323.62
845.57	2067.1
7216.6	2126.2
6911.9	2407.5
6758.3	676
6844.8	2207
6819.8	2046.1
6814.2	1511.9
376.56	1808.6
6582.3	709.82
1527.1	2774.1
2140.8	1855.8
6746.8	1478
5256.6	2948.2
911.21	3251.9
7021.4	1580.6
987.93	3276.8
1745.8	2756
5151.7	2766.8
7043.1	2665.2
6877.5	2675.4
6865.4	2198.6
5151.7	2766.8
7293.2	2277.4
6906.3	2602.4
2397.9	2392.2
5126	4815.6
6748.5	669.75
1833.3	3224.5
6807	4162.2
3270.8	2477.4
819.53	2056.2
1011.1	3286.2
1613.8	2727.5
7137.3	1805.5
932.13	1828.8
6820.6	2163.8
1721.9	2988
5614.2	2245.9
6208	1411.5
6650.9	1087.1
686.96	2366.5
6750.2	1500.4
6880.9	2022.3
7135.7	2326.2
3187.7	2363.9
7094.1	2783.2
5516.5	2788.2
3236.8	2582.9
3233.3	2667.4
6697.8	2160
885.32	2723.9
5525.4	2804
6983.7	2430
6660.7	1122.8
7322.6	2533.2
3773.4	4894.1
543.81	2448.1
6906.3	2602.4
3205.8	2337.4
3205.8	2337.4
6652.2	897.23
6252.9	3244.6
7096.1	4258.1
1139.7	1677.2
1320	4706
5151.7	2766.8
7050.7	2022.6
6660.7	1122.8
6833.2	2178.3
6734.5	928.54
6913.8	4715.3
6808.6	2303.5
1097.1	2478.4
596.07	2085
4433.9	2885.9
6700.4	2912.5
736.72	2313.3
7061.2	2662.2
6833.2	2178.3
6821.7	2521.8
512.76	3043.1
1872.7	2032.2
3298.2	2350.7
5368.9	1154.1
3109.3	2444.9
6719.8	1437.3
4923.7	2691.4
1254.1	2651.1
5563.7	2807.4
65.127	1639.5
6383	570.57
7030	4556
5665.5	1180.9
7281.5	2406.4
2511.5	2473.6
2271.9	1753.3
6815.1	2439.6
477.06	2358
7323.3	2396.5
7223.1	2288
6833.2	2178.3
2378.3	2517.8
6869.3	2061.3
1530.1	2775.7
7309.5	2275.5
6862	2013.7
5074.8	2247.9
7267.9	1778.2
3282.9	2363.8
3360.1	2339.8
7243.2	3250.7
6699.8	4499.8
1773.6	3038.1
3375.1	2344.4
7178	2665.1
2277.3	1898.6
2865.8	3277.9
6906.3	2602.4
6808.6	2303.5
5360.6	2393.6
6750.2	1500.4
583.24	2248
485.01	2370.7
7021.7	2320.5
7322.6	2533.2
1205.9	2864.9
7323.7	2441.3
774.1	2444.9
6798.3	2197.2
7274.4	2292.7
6387.7	573.38
483.35	2813.1
7218.9	2133.3
7172.4	1438.6
2499.5	2471.7
1255.7	2654.4
2194	2802.4
6907.9	2196.3
7323.7	2441.3
1326.3	2335.4
2426.1	1882.9
6951.7	1984.5
3360.1	2339.8
554.93	2467.7
6534.2	718.29
7223.1	2288
2495.4	2470.3
5705.7	1521.9
6808.6	2303.5
5690.4	1276.7
6909.4	2343.9
1163.4	2481.9
2510.8	3282.4
6750.2	1500.4
4295.5	2479.5
6803.5	2217.2
3219.1	2582.5
280.87	3347.2
3360.1	2339.8
6887	2270.6
6116	2650.2
5078.3	1331.7
285.66	2510.2
3103.6	2456.4
6758.7	832.27
5108.2	2953.1
5002.7	2027.3
781.47	2478.3
7100.2	1650
5036.1	3162.8
2575	3396.1
3328.6	2569.4
7323.3	2396.5
363.76	2408.5
412.44	2776.6
810.52	2466.5
6841.8	1516.6
5454.2	3321.3
143.4	3486
6906.3	2602.4
673.75	2019.9
6544.1	4732.7
1313.1	1593.1
6862	2013.7
6912.2	2531.7
5377.8	2374.6
5372.3	2535.3
7025.8	1200.5
6913.5	2335.8
5372.3	2535.3
5729.9	1820.2
7234	4561
6514.1	704.99
886.66	2593.8
7323	2550
4915	2104
6719.8	1437.3
6906.3	2602.4
4594.2	2991.4
1234.7	2654.2
6615.4	4839.3
6662.1	1127.5
1117.3	1982.3
6877.9	1479.9
6948.2	2600.8
6888.4	2654.5
4926.6	2537.4
3750.6	2515.4
6372.9	2853
7081.3	3178.3
1237.8	2651.9
3907.3	2572.3
7135.7	2326.2
1234.7	2654.2
2230.1	2781.9
2328.8	2498.2
7098.5	2785.5
3281.5	2491.3
7090.8	2329
5526.4	1987.2
7247.9	1308.1
2571.1	3267
6770.4	2123.2
2500.2	3258.1
7084.1	1648.4
6823	2395.3
6845.8	2252.9
7090.8	2329
5940.1	2858.1
905.97	1602.9
6770.8	2149.3
3194.8	2342.6
6566.5	731.06
7090.8	2329
2419.5	1882.9
5680.3	3477.6
6220.1	2769.3
3306.5	2339.1
524.65	2357.2
1745.3	2469.5
399.38	2129.2
138	2651.2
7072.2	2662.9
585.16	3072.4
220.12	2328.6
6913.8	2590.6
317.02	2031.9
5530.1	2947.3
3223.3	2585.5
1459.4	2515
7082.2	2864
5098.8	2243.8
6827.6	2401.3
714.91	3029.5
1521.8	4865.2
1795.1	1778.5
6566.5	731.06
6825.6	914.61
7325.8	2370.4
6834.2	2283.5
7229.8	2235.6
5875.7	2176
6814.6	925.91
7090.8	2329
6130	3185.1
1148.6	2324.2
7271.2	2582.8
7084.1	1651.5
1241.3	2855.9
5440.6	2870.3
3260.2	2481.5
6761.2	4810.5
6466.7	3081.1
937.55	2633.3
3049.2	1947.5
1895.5	3232.2
4281.1	2897.5
6834	1460.6
623.4	3000.9
6744.2	2606.4
6522.7	583.79
6758.7	832.27
6522.7	583.79
7100.2	1650
6456.2	620.58
6848.8	2176.2
7062.3	2022.9
7209	4375.8
7137	3158.6
6866	2163.8
7090.5	2677.5
7154.8	1704.7
883.98	2477.2
6803.5	2217.2
6906.3	2602.4
7023.7	1585.8
1823.1	3009.7
6909.2	2420.9
7254.9	4386.9
6455.1	3998.6
4295.1	2966.1
6522.7	583.79
130.46	2334.8
4418.2	2456.4
5733.2	1677.2
7211.8	1165.4
5348.7	1066.8
6831.3	2050.2
2071.1	3261
7023.6	2102.1
1254.9	1985.9
5730.3	1866.3
2334.1	1860.8
146.5	2115.4
7324.4	2392.7
6819.8	2046.1
4215.2	2936.8
870.9	2737.9
3080	2378.6
7307.8	2141.9
6916.7	2433.1
6906.3	2602.4
1038.8	2688.1
2913.1	2294.8
4650.7	2039.3
7281.5	2406.4
6455.1	3998.6
6770.8	2149.3
1766.4	2432.8
6750.2	1500.4
4694	2632.4
7071.7	2301.9
32.274	1786.1
6825.9	2487.1
5750.1	1319
967.08	3015.1
714.93	2607.1
278.91	2447.3
6307.4	978.68
5004.1	1667.3
7073.5	2020.1
6063.7	1601.8
149.86	2069.5
7324.4	2392.7
7211.8	1165.4
6251.6	2861.4
834.85	3197
5721.7	2906
2248.8	1759.7
6961.3	2210.9
1920.2	2663.7
5036.1	3162.8
2426.1	1885.5
1167.2	2001.7
6913	2547.3
1173.9	3203.9
6779.2	2404.6
6815.1	2439.6
7323.9	2505.3
459.2	2778.8
7207.7	2067.2
1830.3	1543
6652.1	2624.6
6942.6	2484.9
6580.5	1915.5
6796.4	3495.8
6658.2	4734.1
6874.7	2408.3
2219.1	1776.4
6747.1	1466.7
516.49	1899
2302.9	2178.6
6824.1	2049.7
496.65	2370.9
2070.6	3247.7
1801.3	3035.1
2396.3	1886.3
6926.8	952.78
6779.9	2476
6904.1	4210.5
7104.2	2533.8
6785.5	2173.1
4839.9	1466.1
3256.2	2941.9
1167.2	3403.4
2437.2	1880.1
5808.2	3639.4
1752.1	2479.8
5084.3	2255.3
2303.8	1784.4
6779.9	2476
1241.3	2855.9
5528.5	3370.3
6582.3	709.82
7172.4	1438.6
7062.3	2022.9
7324.5	2412.9
6778.3	2342.2
6859.4	2164.8
793.34	3088.5
1016.9	2664.9
6941.7	2605.4
7172.4	1438.6
6745.1	2470.7
7232.9	1777.3
6802.9	1927.9
154.25	2479.9
2006.8	1701
6687.6	4757.6
4765.8	2035.2
7054.9	1385.6
902.07	3205.4
7070.6	2648.6
4679.8	2999.8
6779.9	2476
1930	1743.8
1419.7	1887.5
6745.1	2470.7
6779.9	2476
7304.2	2267.9
1460.1	2374
6813.3	2571.4
4468	2033.4
5813.7	3088
6778.3	2342.2
191.61	2321.2
6823.1	2491.1
7073.5	2022.9
1858.3	3219.6
6742.2	2268.4
496.9	2478.2
6527.3	2460.2
7253	2129.3
7094.1	2783.2
6903.9	2429.1
6779.9	2476
6687.6	4757.6
4839.9	1466.1
6825.4	2463.8
7290.9	2266.1
3082.4	2409.7
1053.8	1640.5
7325.7	2509.1
5536.1	2198.1
6730.3	1506.1
736.72	2313.3
7324.5	2412.9
155.5	1871.9
6139.7	3958
6779.9	2476
6803	1550.1
2340.5	1838
4715.1	2819.9
733.72	1625.5
6961.3	2210.9
972.93	2786.3
3953.3	2446
7282.9	2438
94.756	3461.6
6820.5	2425.2
657.51	1637
6901.2	2884.7
6942.6	2484.9
845.73	2909.3
6745.1	2407.6
5926.4	1150.4
6427.1	2813.6
6779.9	2476
1241.3	2855.9
6580.5	1915.5
6939.4	2793.1
4775.8	3165.6
363.16	2398.2
6880.9	2022.3
5967.7	2153.7
5171	3001.6
5482.3	3495.5
6778.3	2342.2
6758.7	832.27
7325.8	2370.4
6798.3	2197.2
4415.6	2439.7
7072	2039.1
6778.3	2342.2
7249.8	1119.8
6778.3	2342.2
6778.3	2342.2
4406.1	2473.1
241.8	2327.3
570.56	2920.7
916.46	3279.1
4406.1	2473.1
7090.5	2379.3
6691	1352.2
6750.2	1500.4
5155.9	2898.9
7282.9	2438
302.36	3352.1
2510.8	3282.4
6742.2	2268.4
5129.4	2897.4
982.73	3353.5
6838.1	2041
1681.5	2027.3
7072	2039.1
6770.8	1652.4
7080.8	2312.9
7313.8	2586.8
7237.5	1182.8
6745.1	2407.6
6869.3	2652.7
2378.3	2517.8
2770.7	3184.3
6636.5	739.23
3187.1	2412.6
7050.7	2022.6
6858.9	2184.8
6154.8	3754.3
2322.8	2325.3
1752.1	2479.8
212.98	2503.9
4480.1	2733.3
1133.4	1651.7
6807.2	859.18
492.99	2353.4
6833.6	1428.2
6745.1	2407.6
7091.6	2608.1
1037.6	2853.9
6913.8	2590.6
119.93	3490.2
7001.5	4363.3
4337.2	2385.6
7268	2253.4
4516.6	2479
2489.6	2276.1
2149.6	2668
3932.5	2639.1
1834.7	2351.2
1752.1	2479.8
6433.1	3308.6
7025.8	1200.5
6742.2	2268.4
1502.1	2662.4
6744.2	2606.4
2755.8	2988.5
2363.4	2781.1
6738.1	4141.5
7313.3	2539.6
6272.9	3993.2
6662.1	1127.5
2395.3	1881.3
6838.1	2041
5026.5	2256.6
6991.6	4108.7
272.19	2364.1
2692.9	3402.2
4760	2029.8
6750.2	1500.4
119.93	3490.2
2577.9	2521.3
797.08	2588.4
6935.3	2212.8
6745.1	2407.6
6811.8	2178.5
6545.5	655.03
1636.3	3081
794.67	2757
7232.9	1777.3
575.89	1653.8
6730.3	1506.1
7086.8	2034.9
4846.2	3031.6
6770.8	2149.3
6443.5	1356.5
6306	2745.8
6456.2	620.58
6545.5	655.03
6739	4421.9
1751.7	2315.2
6431.5	2317.4
1489.9	1925.4
6869.3	2652.7
6745.1	2407.6
6845.4	2118.9
3328	2480.8
5344.1	1293.8
6662.1	1127.5
4764	2680.8
6745.1	2407.6
3187.1	2412.6
6864	915.25
2485.6	2535.8
764.97	3219.5
6630.5	1008.1
7090.5	2379.3
425.9	2454.2
5717.3	2146.1
3148.8	2898.5
3110.3	4049.5
7281.7	2435.6
6687.6	4757.6
1521.8	4865.2
4701.6	2038.6
6745.5	2543.6
3905.3	2460.7
2704.7	3051.3
4602.7	2055.8
2770.7	3184.3
1063.4	4275.9
6848.8	2176.2
4952.9	2792.1
6662.1	1127.5
7313.8	2586.8
6515.4	1831.1
7019.4	4073.5
6901.2	2884.7
6515.4	1831.1
1793.2	2012.8
6856.4	2810.1
6381.4	546.43
6443.6	2575.7
7277.2	1526.7
6057.7	3170.4
2084.9	2458.7
3895.7	3074.5
3187.1	2412.6
4471.8	2740
6730.3	1506.1
6744.2	2606.4
5347.3	2908.9
2110	1898
6863.7	1963.5
6741.1	1395.4
132.56	3468.4
2766.8	3167.7
6063.5	3576.2
1169.5	2249.7
6794	4410.3
3279.1	1952.1
4362.3	2381.9
18.08	3466.7
2204.2	3262.2
5057.5	1291.7
237.26	2013.7
3040.7	1924.9
7098.5	2785.5
2132.1	2457.7
2004.8	2405.9
6779.6	677.48
4775.8	3165.6
3402.4	3076.5
6914	2308.8
2534.2	3010.2
6745.5	2543.6
766.79	3229.5
6946.1	4757.8
6381.4	546.43
6745.5	2543.6
2704.7	3051.3
7133.1	2060.1
2595.5	2642.9
6887.3	2865.6
7133.1	2060.1
7086.8	2034.9
944.5	2491.3
794.67	2757
238.8	2328.9
1773.6	3038.1
6838.1	2041
1109.2	2088.8
6744.8	1476.9
2856.3	3391
7041.7	2300
5155.9	2898.9
6381.4	546.43
3507.7	2403.1
1014.1	2743.1
1967.3	2499.9
7100.2	1650
7210	1470
512.76	3043.1
7172.2	2061
5467.1	1437.8
618.43	1560.7
6979.7	4069.9
6724.5	1502
3103.6	2456.4
6592.6	2649.5
2504.8	3309.4
7086.8	2034.9
1780.4	3037
762.04	2584.2
3252.5	2322.2
3252.5	2322.2
5528.5	3370.3
6603.8	2646.7
4243	2548.4
6830.4	1427.8
2620.6	2110.2
2206.3	1800.6
6552.9	2345.3
18.08	3466.7
4879	3002.9
6903.9	2429.1
428.63	2027.7
4765.8	2035.2
2070.6	3247.7
91.009	1721.4
6838.1	2041
4644.7	2346.1
3279.1	1952.1
7030	4556
6566.5	731.06
5129.4	2897.4
1347.1	1668.1
2600.9	2708.8
3526.1	3066.9
3111.8	2386.4
6779	2175.2
4737.3	1544.6
4862.2	2698
6745.1	2407.6
5808.2	3639.4
5575.1	2658.4
5961.7	556.32
4836.8	2791.5
7323.9	2505.3
5014.5	2072.9
6877.3	4282.7
3879.4	2013.9
6913.8	4715.3
6592.6	2649.5
2078.9	1640.9
2522.2	2189.9
4406.1	2473.1
4492.6	2737.8
6489.3	2458.9
6443.6	2575.7
3372.1	2649.1
2472	2296.1
7232.9	1777.3
7152.9	2261.1
7154	2046.4
6591.2	628.76
3121.3	2769.8
2762.7	3429.7
7040	2331
6838.1	2041
3296	2543.1
4577.3	2878.8
6810.9	4336.6
6741.1	1395.4
3252.5	2322.2
2132.1	2457.7
5030.6	3041.9
1460.1	2374
7021.4	2057.1
