4030.8	2386.3
4461.6	2402.4
4048.5	2401
1420.3	1918.4
269.96	2423.4
1498.7	1209.1
2421.1	1030
3202.1	811.63
1294.3	1234
1083.3	1296.2
2417.3	985.48
2419.1	985.43
1494.1	1173
1376.4	1896.2
1778.1	1102.7
1297.8	1263.8
211.61	2707.8
3200	960.94
457.55	2377.3
1781.3	435.85
676.68	1455.1
2755.5	959.75
2881.6	59.549
823.17	2900
979.35	1949.6
1397	1070.1
1139.2	472.67
2389.2	147.89
2745.7	990.86
1493.2	1176.8
2660.9	73.185
1775.9	1107.4
1975.3	2009.9
2427.2	1017.9
944.44	1272.3
919.38	597.76
3187.2	918.2
398.6	1136.4
841.12	1404.9
1606.1	258.66
1479.6	1133.5
2704.4	3175.3
1786.9	1114.9
7266.3	1237.5
1958.6	265.03
563.11	1018.4
471.69	1480.9
268	1236
796.56	673.33
74.341	1398.9
3242.4	2025.6
770.83	1294.1
1378.4	833.69
1679.6	3064.6
773.91	1939.8
1893	950.6
1828.1	2990.5
3274.4	1610.3
2919.6	457.22
1301.5	1240.2
1280.5	1173.8
2234.3	564.1
1535.8	1092.6
1500.4	303.51
1503.7	1083.2
856.37	637.69
2758.7	837.28
1235.7	875.68
2981.5	1791.5
1678.3	713.67
1679.4	3065.7
3045.9	2788.4
2882.9	481.37
161.96	1320.7
1250.3	866.86
671.23	2108.4
71.427	1775.9
829.51	2013
2452.5	544.57
14.766	2468.4
2193	112.24
133.3	2315.2
1269.8	1016.7
5913.1	1730.7
990.73	2099.8
2047.8	1077
2001.1	1986.2
2454.2	543.54
3084.4	188.07
933.02	1151
891.48	2945.4
738.38	1331.7
2060.8	147.06
3229.8	1945.8
2434.6	879.47
1556.7	2035.7
244.78	2181.9
1382.6	819.33
1878.8	235.89
2902.2	480.4
3347.6	2557.9
1494.9	1192.1
70.579	2281.9
1892.8	950.48
779.17	1389.7
689.73	1246
942.6	1357.9
788.53	1424.8
1766.6	1050
5996.2	1739
1005.3	2728.8
1547.6	2036.7
1363.1	2051.4
110	1504.5
6547.2	2334.5
1361.3	2054
2006.2	894.83
1465.5	1047.3
942.13	1371.2
1022.7	978.82
209.03	1524
455.2	2905.1
2737	837.55
129.74	1196.8
462.17	2839.5
5858.1	3896.2
5111	246
372.54	1527.2
3827.2	1109.1
5545.6	1678.5
68.925	2371.1
3536.6	345.47
3581.7	349.51
2133.7	129.29
6340.1	1121.8
2606	1818.6
439.92	2384.3
6728.6	2395
750.06	1099.4
1836	669.2
2440.2	526.16
500.86	1478.9
835.71	2006.2
339.21	1559.6
466.38	1554.3
1888.8	3038.4
499.71	1498
4617.4	1549
712.59	1391.7
1309.2	3016.6
5470.6	1131.2
4199.5	824.27
6608.6	1259.5
1613.6	2906.1
1239.4	871.75
856.79	1821.9
83.109	1718.4
2469.3	522.08
3097.3	191.19
1765.9	1999
601.54	2744.7
4897.3	21.418
2976.1	204.25
242.69	2162.5
759.03	1089
6897	2543.1
2003.6	165.15
2727.2	905.55
68.901	2416.1
304	1585.9
2219.4	567.93
2712.7	3115.1
3393.9	1007.6
2408.9	1011.9
437.39	2163.8
1788.4	1105.6
2470	542.29
368.19	1503.9
3236.5	1869
1544.6	2034.9
2352.4	1046.8
4282.4	203.01
77.621	2055.7
2354.3	1047.6
790.71	1335.5
2333.5	136.09
7337	2431.6
69.103	2460.4
4593.6	161.76
2394.8	3038.5
375.52	2134.7
447.54	2688.3
2038.3	945.86
1352.4	2040.8
1494.9	1079.3
2416	870.52
2551.6	136.11
2425.1	111.85
355	2181.8
4595.3	160.22
1305.4	331.12
309.99	1589.4
2655	760.97
186.76	1660.8
2029.1	1012.3
334.72	2143.3
338.64	1021.9
6914.9	2455.8
676.21	785.84
4764.5	3689.4
2959.3	154.75
4802.3	191.47
1591.5	1887.2
3082.2	2208.4
2028.4	1043.5
299.51	2729.1
6895.9	2514.9
2048.4	144.36
352.69	1505.3
3229.6	1927.5
2961.5	156.96
180.33	1657.2
109.26	2224.5
1261.3	482.95
2202.9	542.31
6462.2	1106.2
478.16	1372.1
380.14	1525.4
951.36	1124.9
3082.9	2425.5
208.15	1423.2
356.02	2011.1
6202.1	1156.2
2313.2	270.05
930.16	1360
1879.1	206.37
771.15	1340
1958.7	251.32
246.01	1101
3587.2	1109.6
760.45	1290
101.45	1184.3
2937.8	82.129
438.98	3001
250.13	2039
1009.4	743.86
1341.3	588.61
639.43	882.16
2333.8	57.081
200.53	2170.3
1588.6	1904.5
340.8	1503
4156.3	425.85
1477.2	2997.4
6821	2306.1
3084.2	2273.6
603.33	791.71
1681.9	275.97
2067	140.62
952.5	1124.2
3271.8	2296.6
3225.7	1952.5
1775.8	1995.6
3084	2319.9
1775	2861.5
580.32	772.05
191.72	1690.4
275.66	2616.8
3336.2	43.424
1454	1047.8
653.67	754.63
706.24	720.73
1553.5	1156
549.88	1435.1
988.81	1807
1330.1	1089.8
1251.9	4110.6
600.08	2047.8
1452.9	573.15
973.06	1261
429.99	1975.5
2331.7	2917
1225.8	867.86
4387.5	1536.8
4761.8	1144.3
391.81	1996.8
2530.5	927.47
1938.6	181.2
2122.6	137.22
1836.9	279.23
146	1682.6
948.14	1251.4
3229.5	2954.6
1680.5	699.95
1286.1	1226.7
1556.3	2019.3
319.1	1334.9
4883.9	1104.2
120.28	1641.7
7093.2	1632.6
2558.8	149.91
175.39	2870.1
2102.9	243.02
2488.1	339.76
1309.4	1135.1
3270.6	2296.4
7113.7	1469
969.3	1957.6
1037.8	1945.9
1132.6	1279.7
3401.6	635.88
1134.8	1281.2
2441.1	164.99
3358.5	1488.4
6507.2	2620.3
1362.2	2036.2
115.44	2078.2
1092	1282.4
365.47	1324
585.85	1494.6
2913	463.55
1721.3	150.19
7252.2	1716.3
974.08	1268.4
933.1	695.78
6904.9	2310.8
420.88	3004.5
260.23	1229.6
1592	1828.3
2658.9	1582.1
4149.7	698.58
780.28	1407.1
3182.2	387.39
2471.6	488.62
751.9	885.61
1999.6	272.62
2669.1	762.3
1197	315.5
1534.8	2001.5
1339.1	2903.6
1506	2894.3
75.047	2275.7
3353.9	1867.9
2400.3	142.01
1324.3	2046.3
2200.5	105.34
6492.2	1868.3
933.16	1346.2
2197.2	562.54
2646.4	4512.9
2920.9	3098.7
1898.2	1668.7
1142.8	416.11
1905.7	317.57
1951.7	63.963
3098.7	1815.9
5607.2	1459.3
1109	968.12
127.38	2582.8
3199.9	925.94
1779.4	1121.8
1019.3	2770
73.478	2321.3
6499.1	2268.8
758.83	1307.1
670.14	1464.4
119.17	2077.6
3659.7	3590.1
6626.5	2533.6
1027	2055.5
3619.7	3783.2
63.435	2277
1085.3	730.54
1816.5	112.72
62.079	2321.7
1284.9	473.49
2393.4	136.18
1984.1	881.29
2475.8	2003.9
2401.1	1001.4
735.18	664.03
5893.5	3361
4831.7	166.73
1276	471.06
2464.1	811.23
558.28	1451.1
1505.1	241.44
168.1	2944.8
6185.4	4363
61.011	2365.3
229.34	1181.1
562.33	2153
3071.9	186.64
1514.9	262.13
6788	1255.7
72.247	2364.9
264.02	1650.2
6663.8	1034.9
2461.8	952.88
2422.4	172.84
1994.9	278.92
1316.3	3370.6
1283	1242.4
2117.5	1034
7110.9	2337.5
5698	398.71
3014.7	646.23
3370	1191.9
482.68	2383.9
6356	1047.9
2360.8	992.94
6137.7	2417.6
5161.1	183.53
6972.9	1080.4
6861.5	1454.2
2391.5	3009.6
3353.8	1556.9
1593.3	379.52
530.59	1414.9
807	1357.6
2290.8	731.14
6520.2	3091.1
5349.9	205.03
1009	2803.6
3063.1	2508.7
2040.9	875.27
71.956	2409.9
1240.3	254.25
948.02	1365.8
2050.2	925.37
2460.1	781.94
1249.7	830.05
3212.7	897.98
3175.7	929.76
4718.6	808.23
2889	49.256
1218.3	860.17
273.03	1978.1
2555.3	86.783
6470.6	2640.1
5610.8	597.54
541.76	1452.4
3935.5	430.72
681.05	2127.3
855.78	2001.2
2514.1	225.28
1222	277.93
60.325	2453.6
6941.9	2283.2
6737.4	3596.6
1023	1805.2
1997.6	146.98
578.97	1625
679.88	1887.6
6350	3496.7
1700.1	154.78
1496.6	1158.2
3875.3	2527.8
690.91	1339.9
1039.3	2949.7
6500.4	2355.9
2867.7	729.49
6937.4	1637.4
2465	777.73
5140.7	2538.5
71.994	2454.2
646.27	1509.7
2753.6	929.88
2290.6	1933.1
5699.3	1658.1
1550.5	428.66
1839.9	125.81
1858.2	681.11
2887.4	48.471
1357.6	1091.9
1356.3	1045.8
2106.3	214.17
2916.8	476.12
1041.4	2970.2
2437.1	1998.5
4938.5	788.65
1947.3	3279.1
1782.4	1087.3
541.09	1459.2
1488.3	1186.4
284.7	1970.5
2981.3	709.12
3079.8	41.49
2688.8	836.06
1340	399.09
1283.5	1007.4
2678.7	823.19
1506.5	1156.2
1924.7	2028.3
5385.2	1098.1
1555.8	1887.1
237.5	1411.3
2678.2	127.49
1018.4	1416.8
1967.3	82.18
1275.2	1006.1
684.27	1363.6
1760.9	1117.4
917.95	1344.8
6614.5	1332.4
1361.7	1043.8
2093.9	260.44
1268.1	1933.8
2187.9	182.73
590.55	2140.7
909.1	552.03
805.41	1365.5
3973.6	2795
7026.6	1258.7
1711.3	3068.2
1115.6	2043.9
2581.3	53.269
2478.5	463.35
755.11	1302.2
93.719	2284.5
1429.3	644.99
1710.9	1976.5
1510.7	2037.7
740.22	660.55
6194	2538.6
5300.1	66.638
7113.4	2270.6
1364.5	1744.7
1036.5	1942.8
1000.6	521.23
944.89	1142.6
1590.3	199.96
2873.7	451.89
2032.5	1064.3
2755.6	930.64
475.33	1526
6005.5	2538.1
202.14	2056.1
2893.9	54.899
3206.2	1795.7
970.48	1313
5087.4	1586.4
1201.8	1591.6
922.18	545.7
1516.8	3022
752.78	1297.7
3552.1	1757.1
1036.4	2914.1
937.81	1141.2
1010.3	404.55
257.07	1884
474.04	1469.8
1758.2	1972.7
658.41	1450.3
1507.1	1136.9
2301.3	810.91
687.34	1336.5
5029.8	1579.8
3521.5	2154.9
347.65	2051.3
2578.9	52.175
1334.3	1199.1
252.7	1621.9
2099.4	42.932
3177.7	827.24
2472.2	967.8
683.89	1259.4
810.98	2120.7
798.34	623.49
418.08	2569.8
3524.6	2526.3
6993	2275
1005.9	1357
2357.1	994.12
4523	414.9
1641	1912
687.96	1255.2
1222.9	647.9
1445.6	1041.5
2510.8	227.47
1724.8	861.89
2434	850.79
1722.8	883.64
4321.9	402.49
6764.6	732.06
1539.6	2434.8
1759.7	927.18
1999.4	937.32
1551	1890.8
137.09	2109.4
154.81	1317.6
3785.8	99.514
103.38	2283.7
1309.8	1125.5
1118	3246.8
1754	841.36
2401.7	2999.9
61.557	2319.3
495.13	1521
2315.7	2004.8
1704.5	3002
3484.7	13.4
4039.4	1222.2
2672.8	1784.4
3031.4	652.07
486.03	1363.6
1939.5	3096.1
6019.2	557.92
949.2	1137.3
2726.4	962.92
1366.6	838.05
2305.7	1818.3
684.14	1469.6
6134.6	373.43
59.827	2407.5
557.5	1430.3
6446.3	539.29
2644.5	83.891
1702.4	1671.2
52.939	1260.9
1001.8	409.5
7049.1	2292.6
2443.8	521.68
2778.3	1578.2
102.5	2549.4
2146.2	138.46
1793.6	1073.6
3723.5	3799.9
6501.5	570.69
1518.2	1086.6
606.53	2671.2
3882.8	2159.4
677.19	1350.5
1517.4	1800.4
2584.9	1969.6
1639.3	1823
653.86	2102
597.51	1598.8
3237.1	714.65
3156.1	3642.9
1469.3	1017.1
1556.8	391.38
1829	1086.2
1249.5	2891.3
1279.9	519.34
4990.6	771.52
279.96	2150.2
2303.4	727.11
1294.7	416.78
2712.9	815.93
1181.7	3965.7
1447	1998.4
2472	771.96
1752.4	865.12
34.582	1279.7
1662.8	1982.2
791.81	1385.1
950.65	1326.5
7285.1	3034.1
2065.7	119.37
5289.5	1967.8
927.82	1353.6
1530.9	1112.2
1826.1	1949.7
2969.5	1558.8
7341.7	2719.7
2438	955.53
3160.8	434.42
2482.6	1823.8
233.74	2050.6
1819	284.85
4632.4	1558.5
4735.6	3700
527.67	1415.5
2438.4	175.54
6721.3	1561.9
2609	1918.1
708.03	1331.1
1089.3	1023.3
2409	1029.7
1874.8	2594.4
1110.8	1009.3
914.9	1373.6
6799.7	2531.9
1248.9	881.29
190.18	1707.2
2676.2	824.64
6447.5	541.59
934.44	688.43
1504	1053.4
2848.8	3266.4
1638	361.46
73.695	2379.5
2105.8	265.55
6218.2	1791.3
2739.3	1990.9
1862.5	199.95
214.47	2033.4
2326.9	171.55
5392.4	2637.7
2064.5	207.58
4131.7	1129.3
2457.4	1994.4
6681.2	677.37
6063.5	341.09
4844.8	2114.5
6498.3	649.62
2620.7	1590.6
6552.5	600.98
1318.2	1752.2
429.67	2535.3
3249.9	896.39
4223.2	1080.6
3967.7	381.65
1290.7	1224.2
73.58	2424.3
376.17	1597.4
2248	2913.5
1141	2578.1
2107.1	235.22
1340.3	1213.8
1635.4	360.39
1828.8	1078.1
1212.3	2066.8
2435.5	183.38
7329.6	2075.7
2437.4	967.45
673.29	1493.1
2460.2	848.85
1087.6	1135.2
244.62	2042.7
3180.1	866.88
5137.7	2184.2
2020.2	2968.5
6690.6	687.31
2456.3	3119.4
2311.3	727.09
2988.6	31.966
341.49	1037.8
6169.5	2407.1
2574	107.97
2695.1	57.808
1800.6	1010.8
3207.7	891.92
2985.2	657.51
968.13	1571.2
1361.8	846.68
2714.4	1914.7
1488.9	408.37
2305.9	725.51
2626.6	1982
2918.2	2411.5
4963.7	616.74
1516.4	1044
1325.2	1109.8
1315.8	1145
1828	908.04
60.541	2484.5
3952.1	4584.9
1906.7	264.4
3020.1	659.87
480.44	1364.7
1747.9	873.3
96.113	1295.8
1338.2	3017.9
2335.1	741.1
6647.9	662.75
5732.4	3286.5
2448.2	3419.5
329	1990.1
1664	1970.1
6602.1	634.91
1519.6	1044.5
5570.4	2944.3
3199.9	1561.3
2105.4	1036.2
802.1	664.14
788.54	2590.2
6780.1	773.23
189.02	1357.3
7149.1	1213.7
2284.4	745.13
1964.3	3385.7
3869.9	2644
6201.7	2342.2
2345	44.337
1618.7	1971.5
1748.1	285.83
3020.2	633.18
3369.1	22.847
2233.2	577.98
3024.3	648.62
3022.8	633.61
4198.3	794.32
2370.8	128.13
2622.6	3006.7
2833.9	2666.1
5340.5	3894
1664	1975
1884.7	219.82
3240.7	889.32
1962.8	272.14
6550	1324.7
6742.6	903.8
2199.7	81.168
3071.3	34.088
2428.2	558.32
6685.8	602.77
800.08	666.11
2704.4	833.66
6881.8	936.47
2275	751.5
2395.1	130.33
2618	3088.9
1492.1	2033.3
133.7	2486.3
2713.4	17.026
6521.3	3002.4
1411	390.1
1297.4	2999.3
7123.8	2410
3533	2283.4
1011.5	984.94
3360.6	33.861
793.6	2562.5
6988.7	1351.4
1158.5	559.72
6735.2	718.63
1762.9	1832.9
2706.1	829.74
366.32	984.52
4962.5	3761.1
111.11	1764.3
302.95	2568.3
884.49	2657.9
2221.4	165.23
2856	1906.7
677.2	1260.8
7214.7	1398.2
5651.4	217.53
786.06	699.98
103.66	2560.8
7332.8	227.73
1019.7	572.94
1641.6	361.93
1319.1	342.42
1332.6	2957.2
2634.5	3182.2
1271.3	1024.2
6419.3	1815.9
5734.3	208.64
1126.6	3241.3
3051.2	644
1827.7	1839.7
4893.8	3405.3
5255.7	1506.7
1539.1	2397.3
6791	3936.7
704.31	1419.7
5298.5	765.34
368.48	1331.8
812.62	635.09
3575.5	1317.9
6568.3	1781.1
731.75	2107.8
93.188	1905.2
76.447	2517
5871.2	2713.4
3017.7	663.98
3102.2	245.21
1836.2	907.68
499.01	1449.5
2700.2	910.84
2866.1	2402.9
140	1157.3
498.36	1531.7
159.69	1491
703.91	2133.3
1087.2	575.38
250.29	1610.5
3285.9	871.43
825.44	1982.2
1807.5	970.41
2747.9	966.3
2021	2966.3
3362.5	1380.9
1542.9	128.12
2001.9	295.14
1279.5	3345.9
3068.1	2703.5
2650.6	27.609
315.5	3707.5
712.93	1444.9
2070	112.86
6416.7	523.19
326.92	2134.2
3328.4	1844
1539.1	2393.6
661.47	1458.7
764.92	1313.6
209.48	1671.9
4757.4	842.33
5058.1	2955.5
307.53	2482.5
2903.6	1980.6
5830.9	3407.4
6389.7	2697.5
617.24	2021
1215.5	2436.1
3600.1	3780.5
3822.7	1444.6
2903.1	1978.8
966.28	1165.3
3120.1	409.17
1866.9	2971.2
2428.2	77.384
7307.8	2543.4
1766.3	265
2048.7	1079.1
5298.9	776.29
5719.7	3285.7
1229.1	2425.7
3844.9	1489.5
1896	292.2
2600.3	3087.2
6393.2	2696.1
239.07	1669.7
2604.4	1960.5
4227.1	1087.4
2902.2	2999.2
1180.1	518.37
2105.5	3121.5
32.056	1546.9
1508.5	2654.8
6392.8	444.74
3241.2	1806.2
339.49	996.37
4042.4	1081.6
2794.1	744.08
432.22	1953.2
477.69	863.56
2524.3	2001
4873.6	706.65
3164	703.46
4563	1107.6
1593.1	2034.2
5283.2	698.26
5769.7	3634.1
211.82	1402.2
2528.1	94.009
483.38	1453.9
1480	1099.3
6876.9	1615
2205.9	92.816
7148.9	2324.9
6879.2	1625.1
7289.5	3035.7
191.02	2027.4
1093.7	529.98
5962.8	1727.3
861.88	3610.6
1943.4	2028.1
809.02	1403.6
1065.6	471.35
1200.8	345.7
6764.9	878.44
1826.1	3110.8
1777.9	1158.8
2701.8	813.47
5932.8	408.09
480.97	1453.5
1063.1	502.9
1834.2	134.07
781.18	1379.8
6451.7	4049.7
111.79	3434
1445.3	391.75
783.99	2525.4
3490.4	1217.5
2527.3	122.44
1654.1	310.78
155.39	2167.3
1055.7	2058
2335.7	1847.8
224.39	2011.5
5992	919.39
549.06	1519.3
421.27	1938.1
2420.5	1046.4
1065.8	1953.8
14.103	2251
2370.6	944.95
674.11	2145.1
1584.7	2397
3274.3	866.44
2390.5	999.77
2399	855.59
2681	3064.7
1460.2	1056.2
6972.3	1636.8
1851.7	890.58
231.05	1251.3
6982.6	1599.2
1490.4	1538.4
1379.7	3975.4
5915	389.46
1417.2	2809.7
1948.5	164.75
2372.1	117.99
1489	1203.6
313.81	1649.3
1100.3	694.37
87.931	2059.1
1960.4	90.833
4984.4	2106.1
6983.8	1597.3
4094.9	1076.8
503.24	834.4
2083.6	3056.4
1177.5	521.3
809.09	865.68
324.34	1539.2
1410.6	298.69
1800.5	323.94
6525.4	581.89
2827.6	71.468
5684.3	2165.2
5068.4	2901.7
2834.2	1570.6
936.12	1136.7
5207	1029.2
1562.5	402.31
2421.2	798.28
787.78	2109.1
2281.2	2258.2
2643.6	67.07
4396.5	989.67
804.62	1304.1
1203.2	347.36
3806.8	2571.4
322.2	1597.2
1814	345.46
2156.3	969.21
3598.3	437.48
469.06	1933.9
72.049	1676.3
4437.3	1838.8
2865.8	2398.1
1656.2	282.78
4699.1	1783
1268.3	1025.9
2054	3052.4
523.86	848.89
500.54	912.07
4743.3	645.69
771.05	1401.9
4436.7	664.31
624.64	2103.1
1315.3	1107.3
3506.4	52.18
754.37	1865.7
6462.3	4691.8
6072.8	1757.6
2523.5	1817.5
305.41	2143.6
284.11	3669
1800.5	970.19
550.75	967.82
2824.1	787.53
4371.6	1104.6
1598.5	399.63
324.99	1569.7
2518.6	94.157
2897.8	64.319
2441.3	173.21
4071.5	1059.2
3064.2	621.62
887.76	2368
2932.7	3751.8
557.59	902.71
70.482	2036.6
317.71	1354.5
1874.2	932.13
1838.4	929.44
1535.4	1276.3
2283.2	1980.5
1652	3278.2
678.72	1213
1707	922.94
747.89	1066.7
6243	2069.1
702.05	1069.5
2258.4	78.117
1295.2	2942.2
514.47	933.64
3901.4	1514
428.18	921.66
2361.1	127.53
493.74	1369.8
1698.6	672.65
1971.2	268.35
632.22	1616.1
750.77	2111.4
481.39	1486.6
159.73	1488.3
6706.5	2834.9
6791.3	753.08
869.29	1215.1
2114.7	222.91
1300.1	1127.3
1876.2	3445.7
510.4	908.02
1755.5	2919.3
56.139	2282.9
1233.3	1956.2
6733.9	656.67
5442.6	1830.1
2511.2	13.521
92.253	2546.6
7210.8	2413.2
92.432	2343.9
1804.4	820.67
810.68	1582.1
6391.4	1989.3
957.72	1278.9
1022.2	651.33
520.2	890.29
1937.9	284.46
808.43	1304.8
3585.9	758.76
3950.1	2618.2
1707.6	247.97
574.29	2110
1377.3	513.21
1998.8	267.26
1445.9	388.43
224.13	2029.9
1465.9	533.4
517.26	831.72
4299.3	1090.7
1925.2	1877.9
5486.2	410.8
2680.1	3122.9
6029.2	3548
1558.1	437.74
5003.2	164.06
1858	3380.1
2452.2	489.07
3063.5	2958.3
3083.6	577.02
1879.4	2799
1479.7	1930.7
3616.9	331.37
6789.7	752.46
1909.5	1886.7
1891.9	2754.8
5758.1	1667.2
890.79	2625.1
7348.1	1711.8
3064.9	2959.3
1472.3	478.42
1470.4	2638.7
1513.5	1171.8
223.62	1606.9
2376.6	934.31
1087.4	537.77
41.772	1787.1
93.785	1763.2
4168.7	647.08
1201.7	653.07
3178.5	839.18
3329.9	2177.9
152.4	2583.6
3380	1513.3
1467.9	473.39
2744.2	15.963
4455.3	66.186
59.964	2055.2
6789.6	1572.1
6696.5	2054.1
6366	1794.9
464.95	1570.9
175.62	2833.7
2407.3	2489.5
1505.8	234.05
2484.1	3689.4
1720	173.95
690.1	1352.8
3636.4	4630.2
4087.2	1829.8
3553.7	317.96
2537.4	1835.3
6969	1659.6
925.12	1022.5
4320.4	1764
2217.7	225.85
1481	3617.4
5634.4	1247.8
423.47	2325.4
2356.2	49.831
6707	2836.7
1342.5	2826.2
2497.1	59.308
4471.9	3578.6
1319	1151.7
3057.7	869.89
1431.1	2886.4
4302.2	1061.9
85.079	1393.1
59.735	2356.9
4179.9	1061.4
19.971	2284.9
5433.9	1655.5
1628.3	208.83
6449.3	2830.9
760.35	1023.5
3592.9	595.13
2999.5	663.41
5289.4	1502.7
7034.3	1573.1
629.5	2972.4
3000.7	63.961
5865.5	1913.5
5285.4	4683.8
3842.1	3947.8
973.84	3322.2
5865.9	1915.6
2447.2	147.13
1572.9	1988.4
2298	763.06
5066.7	3911.9
1875	2679.5
925.1	3741
1226.5	2434.4
1191	1081.5
6183.7	1505.9
1132.5	1938
856.99	1222.2
1226.5	2432.8
1391.8	2277.6
2844.8	38.01
6957.5	1456.4
293.41	3657.9
950.77	1107.8
7174.1	2767.8
4123.1	39.445
6731	747.64
1112.8	1183.4
3351.5	3854
777.02	2037.6
1185	3199.7
1659.8	2914.4
1675.7	1890.6
