6535.757324 3272.536621
62.590233 2293.109619
4146.157715 5194.621582
2934.592773 6516.232422
3148.347168 3149.712891
5511.226562 608.299805
523.540405 882.272827
3920.351807 273.972717
2367.993164 5814.544922
5127.430176 1198.730225
2397.371582 5715.191406
1730.577637 5484.368164
2293.479492 5559.814941
3836.468994 3969.549805
841.809082 5122.981934
5448.090820 2423.675537
2368.095703 760.948975
2339.853760 688.016846
4192.269531 4635.958008
6247.017578 838.418396
4283.985840 3342.417969
5789.991211 5790.519531
982.934326 983.920471
3726.888672 1621.709595
4983.640137 489.863617
4282.547852 5624.793457
3244.547363 1733.995483
5957.726074 3398.482422
4713.657715 716.598999
1557.328735 1424.453491
5994.623535 623.919495
1989.987061 675.677002
6289.264160 4638.818359
746.045898 908.068787
2513.346924 982.249329
1752.148315 4975.146973
541.874390 768.304199
981.616943 4607.310059
976.211243 5625.166504
2358.534180 982.225708
1549.907593 4192.420410
6326.587891 5990.845703
6358.520508 5708.682129
977.187195 5790.635254
100.742332 4868.877441
2271.114502 4055.700928
5789.598145 1973.853394
791.203674 4244.322266
1453.470947 768.938965
609.804443 5325.116211
1744.921143 975.398438
5109.967285 4634.823730
2260.159912 122.458206
5123.763184 4650.764648
2202.833984 972.414246
2476.757568 2435.983643
209.419510 5991.579590
1455.199707 6257.992188
1071.670654 3476.039307
2711.069092 109.556793
3331.643066 779.268005
3876.933105 774.268372
123.801880 899.621033
1356.261108 5410.805664
2529.751465 2400.986328
2807.084229 1840.290771
1208.672607 73.576080
1818.110718 1395.504150
1066.179077 6118.152832
7048.994629 3926.796875
4079.393555 1609.626587
5271.901367 5530.945801
6331.984863 5700.257324
2579.878662 206.068604
154.831131 6114.099121
5663.444824 5142.729004
1756.225342 5414.184570
6323.182617 5781.881348
2252.260742 5788.631348
448.408966 2809.225586
4908.366211 1581.171265
152.879959 2675.766113
7147.129883 7066.611816
2475.356201 770.427063
552.332947 1838.039429
1737.604980 4042.609375
3200.488037 1780.449707
1134.343628 912.812012
103.601891 5614.572754
3962.323730 2593.298340
2807.399902 2583.515137
4131.148926 35.672085
1574.530029 784.012512
4406.212402 1970.790894
4734.523926 5405.230957
1886.853271 3965.228516
1569.375366 1541.255615
5859.062500 318.672699
3079.485596 2625.886475
7316.532715 5433.064453
1588.461792 5066.276855
2782.523438 840.377136
4286.633301 1499.572876
974.869751 5423.391602
5902.988770 308.863281
5786.089355 2811.973145
5139.993164 163.175156
2471.995117 6366.814453
1548.257812 1191.062500
5044.239258 2478.513184
2879.518799 1560.308228
502.228149 1142.390503
6958.337891 5973.564453
5112.943848 3715.110840
1540.857666 1787.982300
5182.342773 5877.666504
1454.928345 785.846985
1732.630371 4191.915527
1518.901489 4319.131348
1189.268799 6030.854004
4572.502930 4368.341797
1191.985840 5070.871582
2342.370361 321.869110
4722.480469 5673.911621
5102.904785 759.200439
4297.818848 102.766319
184.276001 1181.232666
1419.191406 2409.608398
708.806274 99.898376
1279.963745 6232.539062
4605.169922 6290.073730
2426.981934 3544.113770
1366.977905 463.613831
2047.378784 4764.942383
4984.095703 443.930023
6345.072266 1211.909790
841.654053 5991.794434
4209.624512 913.804382
4492.347656 629.225647
838.054993 5776.216309
4747.755859 162.247940
191.018814 1344.113892
4066.092285 863.374268
4917.629395 1394.229980
5099.613281 1566.343628
5936.187012 1550.885742
5284.363281 24.842443
828.616760 2445.388916
3277.167969 5747.671875
5397.909668 3413.469482
5525.122559 2314.677246
3724.792725 5544.223145
6320.442871 1305.813721
5414.228516 2095.510742
4400.962402 1763.436401
2255.468506 5205.109375
161.601425 1243.342041
1392.867432 580.232300
1619.357666 5420.181641
6320.720215 4285.341309
3890.504639 3822.945312
5424.613770 3250.804199
3401.410400 4646.460938
5956.489258 1395.441040
5996.532715 2838.590332
7221.837891 5412.601074
1315.954102 5230.589355
3059.769531 842.518433
236.365051 6596.090332
1554.515991 1852.049561
783.491211 1302.950439
1430.712280 5416.818848
5940.045898 5531.338867
1313.345703 5992.328125
1344.027832 169.301346
5175.607910 5178.373535
6247.436035 403.866333
870.344788 1457.883911
239.478745 709.731079
230.779068 5173.697754
4597.687500 134.925079
1470.968140 1440.967407
506.349762 230.867249
1400.256226 162.706268
56.723820 161.644638
5047.805176 755.000305
1598.606445 5565.029297
1725.371704 163.955994
156.382355 1572.407715
1968.555176 5745.625488
5863.561035 306.741821
5423.056641 5890.521973
1768.416748 44.363270
2432.119873 3397.128418
5927.746094 6972.145996
1645.055054 3393.123535
5726.065430 2868.576904
140.952652 650.626465
3023.489258 605.874878
2962.995850 41.384975
179.957352 41.322353
5410.554688 4647.729492
5138.476562 5403.492676
1322.121094 3102.998535
1746.378906 704.590027
599.115234 846.159912
1851.924316 5990.500977
5291.428711 405.532867
5224.699707 6171.166504
4041.832764 1240.927124
1194.673462 232.176834
1524.302612 6246.625000
6353.787598 2301.566650
4918.255859 5366.677734
6479.640137 1588.527588
5640.400879 1218.514893
3024.406738 4955.330566
5423.181641 4898.791504
6185.801758 5773.823242
1223.343506 469.730377
1537.942871 2714.074219
4469.721680 3167.484619
4574.004883 5970.514160
298.692749 4314.799316
3720.286865 1750.463623
6376.622070 3554.616211
6218.078613 6267.338379
4557.930664 4027.121582
7241.630371 2964.466309
5523.028320 900.035095
6881.928223 1054.056396
565.443237 1529.097412
4488.326660 3431.341064
6430.007812 1663.118774
1183.717407 7157.175293
700.357971 828.170654
3387.824219 292.997192
2208.463379 6793.001465
1841.867310 6054.876465
197.105103 1203.822876
6509.090820 6285.543945
2215.795654 1632.099731
5235.900391 5837.950195
6575.135742 2380.258057
5409.840332 4381.016602
5800.951660 1445.063477
1356.700928 4775.289062
271.301025 5116.098145
6161.639160 4468.429199
4373.773926 1347.503540
5969.696777 3252.914795
1612.294800 1511.312256
2003.957031 5651.522461
4469.031738 3977.365479
4252.210938 4414.256836
3569.715332 4573.486328
3862.214111 901.460571
858.927734 4760.204102
5056.104004 7142.546387
3538.468018 1844.071533
5650.739746 474.625824
4341.516113 1390.650269
5732.831543 5050.616699
1906.219727 6110.804688
4568.010254 2663.060303
1048.042725 5281.945312
5985.126953 4100.958496
5657.610352 6753.224121
4180.296387 1997.209839
4987.583496 5212.730469
487.877258 2966.351807
2045.100342 2855.776611
3199.160645 5882.011719
5109.860352 4779.851562
857.305420 195.972916
1743.982056 6408.649902
177.627548 2837.243652
5670.930176 5851.941406
808.828796 3950.690430
906.758667 5847.715332
5455.741211 4682.572754
4196.104980 2422.342529
2062.889648 5641.872070
1507.830078 584.163513
6948.900391 6913.052246
1006.437439 68.953407
6357.386230 4341.907227
5771.601074 60.902504
998.480652 1739.720703
1296.539062 5086.844238
4756.268066 2850.981201
5519.172852 1291.754761
920.198669 981.193298
3218.496826 7060.984863
828.712830 5763.154785
323.251648 3668.290283
3915.766602 3384.352539
62.743847 2197.190918
6265.492676 1599.995483
2086.426514 618.365662
1285.958130 799.311707
2579.868408 4503.709961
3746.608887 1587.604980
2118.907227 691.911316
6974.523438 863.825256
971.249207 5016.835938
818.305115 5984.265625
5398.968750 2499.148438
630.898438 480.416077
223.925552 3044.460938
5890.725586 6908.918457
5384.165527 3345.013428
3308.135986 1486.746216
6373.773438 906.655762
68.210213 2661.311768
1413.127563 6446.459473
4775.352051 4365.989746
4330.062012 2437.223633
1697.074341 7118.149414
1606.323975 4235.183594
466.384552 441.525604
5226.365234 3452.299561
1775.601196 4793.846680
1910.879883 4749.003906
769.506470 5534.889160
709.078735 971.911743
662.990112 91.320312
5121.019043 352.816986
1256.567871 1454.959717
5740.387207 7067.608398
4803.863281 53.491871
700.931885 1307.283813
320.960510 196.939758
968.236145 5519.019043
53.633678 910.966980
3687.587158 5570.558105
3583.338867 6170.519531
3189.506836 5312.801270
2972.453369 6251.874512
3087.382324 5315.375977
2130.305176 393.917236
816.632202 4796.316406
4299.956543 1648.817627
631.135742 2685.563232
1736.590210 5609.627930
5282.061523 167.930603
831.936096 5447.169922
5697.959961 1467.530518
2835.293213 5973.435547
4455.880371 465.180359
5314.381348 5441.028809
885.608276 4031.484375
597.122559 1413.548218
2096.051758 2921.665527
1554.692627 6492.098145
6691.720215 2634.955322
2029.357544 6540.682129
4911.456543 3632.379883
328.360840 4995.117676
1218.226196 6660.042969
5035.377441 2298.107666
2826.166016 7035.684082
7299.061523 4854.685547
481.235718 6047.717285
1162.976807 6404.904785
1215.435791 1828.455078
5077.855957 7343.010742
2758.809570 3331.607178
6353.499023 5365.919434
3673.249756 3089.054199
2765.546631 624.667786
6121.077148 1830.927002
4699.642090 2776.605957
3927.902100 7264.505859
2796.048584 4584.244629
2161.551514 7240.588379
3933.734375 3735.013916
4927.546875 4417.948730
309.445953 4503.816895
5780.431641 2579.029541
4186.519531 3806.765625
5045.882812 5028.952637
5513.105469 5800.848145
5386.835449 5819.557617
5505.238281 3961.408936
5645.137207 3053.832764
5112.026855 65.656265
1097.002930 1316.024902
5550.628906 2697.167480
628.834839 852.349976
4966.516113 2334.020264
1664.146973 4881.174805
613.551514 2634.752197
4391.722168 840.303528
5528.888184 5053.885254
14.125326 2689.507568
2363.590576 5107.958984
2161.864990 977.725647
344.259247 16.951319
2391.625244 892.686768
6902.539551 1095.260864
6276.541016 1318.024658
4178.857910 2894.043457
4730.071777 2332.616943
2645.583496 4592.427246
1875.151001 7326.462891
4129.476074 2471.457031
446.531189 5059.182129
602.650024 2484.348633
57.062107 2701.320801
5961.876465 3381.461426
945.137695 2423.445068
2485.433350 6849.945312
1461.559204 2757.837158
5028.750488 3726.424072
2180.685303 1120.443115
1310.064575 6052.629395
3947.520264 6992.102539
3560.545654 970.631714
3692.247070 3514.874268
4375.717285 538.125183
349.643250 397.423462
5362.339844 3090.165771
3580.705811 4671.124512
5260.995605 1038.879272
4988.373047 1294.518799
4623.823242 5401.435547
2104.127441 5337.007324
2197.827881 1821.349854
2644.475586 1992.590332
6981.237305 2989.576172
4964.958496 3689.808105
296.062561 5287.077637
1598.259521 5410.621582
2983.753418 4911.040527
68.311813 5045.710449
5284.874023 4458.175293
4386.808594 7156.312988
2286.502930 480.998688
920.381409 2639.096436
1353.439819 5419.778809
1123.107788 184.652390
637.629150 5328.586426
3533.877686 4805.942383
4644.355957 3247.914062
1229.042603 3075.413086
1716.814331 2915.068604
1282.190796 5629.020020
607.693481 2091.199219
6303.623535 2636.605469
1772.856201 515.705444
5959.167480 2550.888184
2807.709961 6184.596680
1459.480591 2563.471436
5285.975098 4433.112793
2976.144775 2747.222412
1101.994873 5285.577148
4990.562500 6205.689941
2071.222656 4679.816895
2649.207764 5539.637695
1689.204956 5204.998047
1358.750244 117.978668
5317.325195 5780.496582
393.170227 1295.650391
1374.384644 1011.926880
2972.011963 3210.742432
5390.322266 1821.143311
6249.728027 4530.337402
6497.240234 112.410706
2450.553223 3523.495850
7314.065430 4410.756348
4124.549805 3010.188477
5905.512207 3964.974121
5318.254395 1111.366455
3585.932617 6281.807617
6152.811523 532.381531
5327.713379 5098.394043
1342.826172 1504.933472
2330.399170 4382.354492
1241.592529 311.687500
5496.482422 4323.002441
2722.912354 5144.912109
5647.875488 5039.357910
2089.907715 2766.078369
2234.432129 2724.012207
1991.784912 2244.947998
2871.262939 2233.537842
1982.280151 2234.483643
2234.209473 842.400696
2034.102417 2560.062744
1983.356079 580.343872
2034.529419 2916.389648
3019.783691 2331.338867
1062.569946 2566.021240
2999.523682 850.692749
3025.101074 2858.996338
2412.813965 1864.776245
2201.357422 1184.302856
2458.788086 3017.789551
2623.552979 2785.557861
2711.127686 2263.987549
2631.923096 745.516968
3061.012695 2275.470459
1185.382690 1996.713867
740.052612 2541.457031
2159.301270 2507.500488
2530.120361 834.320374
4125.996094 837.295715
2438.121094 1998.927490
965.198975 1862.829590
850.825134 946.005249
284.595886 3083.728027
2012.497681 2528.625000
2854.743408 942.360168
1945.487061 475.400879
2842.986816 2839.101562
1705.012085 2517.700684
2102.406738 2200.587158
2450.205811 4036.573975
831.117737 1961.650269
2431.114990 2372.615723
781.395996 2438.988770
965.885132 2777.393555
2293.243652 2332.467529
2593.778809 2263.391113
2618.133789 2562.622559
1967.367554 2519.103516
2373.090576 2147.308838
60.384941 220.932220
642.540344 2181.764404
475.168243 3193.912109
797.510254 686.502258
2287.010742 1903.904053
895.332458 851.922180
2361.277588 3055.100830
3046.644287 230.682556
933.802124 2213.302002
2723.026367 2636.709961
2361.595703 1993.419922
2635.160400 2132.135742
942.410217 685.370422
1466.689087 831.794373
2229.579346 633.753601
2033.599487 744.183472
969.753662 1679.201538
994.660156 2019.076172
668.325256 4144.468262
2441.559814 819.027710
2856.053467 2086.363525
960.066345 2174.750244
1061.230713 2017.740723
2693.622803 825.648926
2192.834229 1756.955688
135.454681 2191.846191
4115.419922 997.823120
526.049194 2381.384277
533.932861 1630.307007
2113.011475 1659.232422
3030.976562 3022.414307
2844.792236 4177.202148
2437.496094 2312.111084
2526.843750 1816.706543
2277.902100 2970.704346
2083.661377 2872.340820
4144.594238 2001.989990
304.829559 2349.680664
2349.024658 1992.971191
2446.885010 1103.273193
958.752625 4102.677734
1521.160889 751.031433
1567.824219 1173.895264
1754.185425 2294.416016
232.723770 1093.915527
926.715942 2186.277832
856.383850 2830.825684
2532.725830 1033.613892
3542.947754 1777.564453
1544.141113 800.543640
2921.510742 2006.625000
2142.604736 4134.405762
2315.731445 1075.149414
1153.281372 758.179993
2593.193115 1240.672729
924.740723 4133.249023
142.835709 2183.820312
2427.219238 2332.916504
4086.685547 1263.933350
1805.161377 1045.759277
2897.876953 2260.650146
2078.529053 2296.088623
2333.937988 735.083740
2294.290527 2260.002441
2102.661865 1519.827393
2005.563232 878.136658
2536.772705 2445.159424
1061.379395 2339.275391
2093.765869 2514.745361
1816.395264 2363.860352
1578.215088 1782.858154
2590.412109 4083.748535
2476.667725 1857.038086
3075.061523 1867.763794
2430.988525 496.948029
3036.873779 2730.887695
1029.176270 2101.874268
75.234001 2039.901733
2145.478760 790.041748
2371.841553 1811.749268
2769.107178 1988.209839
2345.010010 3339.512207
1157.297729 940.761719
2569.129639 2228.928955
2344.738037 1054.047974
1845.036377 2066.511719
2810.957031 834.863037
216.923080 1168.286987
2517.416748 35.212631
3045.416260 264.067535
1170.330811 1938.987549
749.084473 2227.030273
2556.965820 2930.223633
1089.557739 251.761795
1080.473267 2348.026855
2514.684326 2781.967773
2398.259766 939.253784
2152.589844 1750.250366
1766.373779 1871.990479
2448.051270 1806.679932
2049.525146 1638.782227
2346.662842 935.999023
1126.548340 3128.076416
2948.581299 3760.561279
1079.068481 844.884338
228.909668 943.203796
1860.702881 779.587463
854.851501 1935.121094
2381.348877 51.075169
18.554495 843.425476
975.564148 2203.715576
405.337372 2439.142334
2438.346191 2443.930176
2747.773682 4143.406738
2371.540039 2699.176758
2108.567139 583.235413
1777.050903 916.997375
3667.430176 857.489319
2198.376221 983.758789
2239.496094 2473.150146
115.379654 988.449158
49.773506 2153.240967
2594.810791 606.167297
2527.111084 2334.985840
2332.281006 1035.870605
98.201828 2967.025879
2156.635254 4086.208740
52.625603 2260.046143
89.666359 2155.607910
2278.038574 1923.967163
1571.698608 379.020874
371.235718 2495.449463
1898.940186 1345.336304
2961.903809 2696.688477
1994.118042 2341.114502
380.840118 799.437073
1199.160156 629.845093
1930.762207 2518.545654
2239.780029 2167.339844
2309.286377 1649.138184
2384.268555 2020.887573
2498.395752 197.530991
847.435730 4165.371094
2278.485840 2300.872559
2043.906006 58.368526
2752.422363 1869.312500
2247.421387 2207.198730
1873.661011 970.134216
1727.909302 2704.019287
789.116699 2062.686523
2513.262451 424.641174
788.009155 2992.812988
1083.486084 1981.027466
710.057312 648.951904
742.883728 263.525574
2473.620117 2244.819580
2474.272217 805.940369
2547.894775 2221.058594
2362.884521 322.483734
1466.383179 135.964233
1998.530396 1836.808960
2521.151123 1992.029663
2461.936035 2460.755859
2013.780151 2451.633789
2115.402588 1470.817261
363.980988 2328.736328
2535.102051 1081.367554
1260.980225 2067.778564
91.731682 1798.796997
37.206688 2739.196045
1880.030518 228.342407
2515.302002 675.024414
3498.075684 2411.674072
710.533081 2184.941895
864.211426 1679.253784
2438.506592 220.182495
639.242554 1896.813354
1703.599854 2791.539551
1070.598022 2489.632812
1743.496460 2108.134033
2809.405273 1122.824097
814.761292 1929.058838
822.784912 4721.134766
3122.885254 1509.953125
259.439667 489.830902
2120.152832 1298.572021
850.887329 773.825378
1075.357666 1960.504639
2195.991211 725.963562
4176.170410 2100.712891
1852.890991 2371.404053
2476.660156 1055.812256
1306.257812 1801.344360
2728.355225 1799.598389
1862.950806 2385.420898
2442.196045 1942.653809
2804.459717 749.873230
1877.167725 1292.778687
2047.285767 2339.103760
1753.250000 903.012207
2213.487793 1822.600220
685.490417 301.989624
2438.437012 2108.341064
2549.759766 1921.281250
1943.468262 4596.171387
1926.024414 935.459534
2197.205078 579.358154
1825.980347 1819.993896
142.031662 1937.868408
52.996220 2705.654053
1978.938110 2587.489502
2998.433594 1711.753906
2118.327393 1765.238159
3426.958984 3529.612793
2241.779297 1442.065918
1987.948120 28.936356
2050.990479 2878.035400
2607.699463 3671.941406
2008.043091 1758.744141
2259.675781 2865.668945
1988.117920 3004.094971
1995.548096 2198.263672
629.678040 2354.753906
841.039429 2647.594727
1542.112183 1742.409180
2227.081543 2047.595093
254.187119 1415.618042
1032.011475 643.199524
1831.160400 1580.831055
1726.931396 3699.769775
2440.081055 2943.753662
2279.602783 2351.463379
2476.046631 521.684326
2456.941650 607.054688
682.278931 1920.182129
2062.883057 1777.764526
1758.628296 3513.298584
2749.235596 1543.288330
2548.677490 4104.719238
2162.669922 1338.635986
632.486877 695.783813
2297.602295 2529.027832
2246.788818 1798.589233
2286.368164 2974.597656
2945.160889 2372.063965
1773.884399 3333.361816
1021.651733 513.268127
2379.994873 539.078064
502.958160 593.916199
1872.911011 928.733337
1616.990967 2281.307373
1132.773071 1850.200928
788.011963 2260.280762
2478.919189 1584.651367
1903.180054 1846.205322
737.024963 2383.636963
1303.729980 1821.698364
4745.696777 2229.761230
1837.669678 940.940674
1570.955688 1120.899536
572.822571 508.984863
2868.970215 2978.249023
941.864197 2634.104492
1720.391235 3037.342285
2013.129272 1645.909546
2225.801025 2036.915649
2683.837402 2976.780762
2159.979004 2226.823730
1829.493530 1702.070679
2058.505615 2490.679199
2197.906982 1906.532227
1453.454346 2548.716797
1313.873901 1975.923340
699.053955 1801.739990
1817.384766 1835.530640
746.307800 867.945618
1476.614014 3206.353027
1725.223022 2741.764648
1741.501221 2731.743164
1703.623169 3553.159424
3915.958008 672.858154
2459.553711 705.228882
2149.629883 1781.942017
1920.965210 3049.281982
1855.203369 2836.102539
550.011719 1709.746948
2481.639160 809.337891
1873.476196 2360.389404
2801.548340 2335.198486
1580.513672 2503.377930
544.494812 218.209274
1774.981079 1385.212280
1030.785889 599.587158
865.490112 3959.180176
2403.626465 666.385681
2415.248047 419.929535
1899.169922 2151.100830
2549.425781 751.796997
4084.446289 1354.607544
1471.844604 4165.194824
2841.743896 1754.784790
1068.402710 485.266998
2243.808838 2453.793213
1823.921265 1177.898193
951.927185 263.209503
2760.937012 1765.139893
2647.394775 3275.311768
1051.400269 657.208496
2960.429443 1802.515381
1720.818237 4039.697754
2354.852295 2634.933838
1958.062378 769.884521
1857.297607 2855.022461
1140.232300 1151.065430
3049.344482 2264.933105
583.469910 2233.167480
1734.684326 1706.873291
895.475769 2862.451416
1769.230469 935.384216
2458.098389 3058.807861
1011.322998 774.646301
2024.580688 2445.145020
3532.033936 274.162750
2226.636475 2091.552246
4021.226074 1138.671143
671.923828 2231.074463
2715.138916 3023.115723
1777.785400 1773.746948
1984.655762 1707.892090
2290.552979 2196.100098
2430.850586 1741.159058
982.336487 1675.085815
843.088623 2854.710938
610.917480 2232.155762
1975.543091 2985.066162
1098.585815 1971.271973
1674.001709 2014.211792
1721.488281 2449.287109
2509.923340 2485.995850
1483.746338 1775.421143
889.789795 1782.048828
2242.885254 2550.269043
2119.871338 1218.547974
2038.635620 2451.045898
628.390747 2131.010986
2383.468750 1515.771851
1725.646362 1872.013550
1899.943481 2015.917969
1953.344971 1792.764526
3407.130371 2551.241211
2003.916504 1834.652222
1483.621582 2889.155273
1574.022705 1742.236084
2587.778076 2762.843506
1254.412964 1718.834717
915.228210 1798.767578
1216.997925 822.009521
2225.727783 2494.908691
862.019897 2759.623779
1802.046265 349.753937
628.949402 2020.290161
3389.236572 1678.453003
1725.885620 3399.993896
1995.538208 3656.075684
1721.823120 2417.746582
1981.723267 1060.886841
1967.587646 943.789307
2591.494385 1721.825806
2727.550781 1916.853027
1477.040649 934.409790
738.139954 1739.059082
2755.881104 2283.719238
1857.063965 1901.807129
2509.943848 732.681885
2497.604736 731.507629
1723.848389 2419.386963
797.959106 3041.400146
894.967773 2684.841309
1764.422363 2485.214844
2110.716797 1152.894775
2869.882568 3430.273438
1875.481567 632.691956
2374.354736 2465.636719
2004.669189 2763.907959
1824.464233 2226.804443
761.795349 2761.097900
1701.099365 1721.202515
731.612732 1818.069458
1973.595825 4105.249023
1823.525635 2472.497559
2010.102295 2454.045166
2442.153564 2877.740967
3009.721436 2201.374512
1843.512573 1515.398560
932.150574 2736.688232
1938.462891 1928.986206
1823.675537 1708.897949
1806.446777 1341.834106
2876.000488 570.920227
2331.917725 3072.799561
1721.665894 1899.661377
1697.093018 1814.098267
1685.441895 2396.374756
1796.881470 3643.154541
2450.816895 1628.819458
1946.456177 1830.310669
3064.932373 2369.280518
2244.394531 1854.889160
1578.567627 1859.150757
2555.728760 1853.707886
1705.642700 1869.660767
294.016693 2519.068848
1924.675049 3430.973145
3827.575439 458.033020
1702.043091 1971.634888
2350.867432 4031.773926
2687.554688 2609.878174
1390.039062 1552.873047
2453.251709 1908.270874
2594.003418 2628.447510
678.798096 1734.415527
1840.366211 2928.052002
1805.518677 2172.782715
764.424438 2278.302979
1619.726685 1795.666626
803.238831 1657.131592
1198.947144 590.611633
1473.711060 1472.247925
938.326538 2230.296875
2435.562744 732.406494
1836.888672 2459.786621
2946.803711 3215.161865
1726.087402 1131.222412
1192.638428 2476.015137
1688.939453 2315.409912
1173.372192 2149.640381
2205.264404 613.928650
1127.334595 1599.095093
886.280334 1165.948120
