5415.1	1285.7
6068.3	2410.9
4992.1	1035.2
1745.6	2962.1
4572.9	1006.4
5671.8	1150
1603.2	2645.4
723.24	2399.2
5402.2	409.22
2153.6	1222.9
2458.5	835.14
2190.7	2206.5
4183.8	930.91
5480.7	2389.8
6229.7	2736.3
1111.7	2572.8
5323.6	981.64
6535.8	2107.8
6432.3	1327.9
6654.6	2846.8
6123.9	1445.9
843.96	2423
4096.1	1936.6
5874.6	2041.3
2357.4	1954.5
4782.9	138.08
2880.6	1939.8
5333.3	1116.8
5624.4	220.21
2177.7	2343
1460.3	1984.9
6436.1	1403.4
4572.7	993.56
4128.6	2019.9
4582	966.79
6206.2	1159.1
5127.8	2038.9
2194.7	2343
3820.1	1918.7
334.97	2584.7
6614.9	2253.8
4882.7	1735.4
3881.7	1685.4
3936.2	1686.4
6173.5	1165.3
4933.9	1739
6934.4	1545.4
3014.3	2196.5
5305.5	662.75
6386.5	808.76
6655.4	1385.4
5948.6	1158
6550.9	682.81
2152.6	1731.4
4049.2	1692.2
1582.2	2008.8
2195.9	1729.3
4581.7	530.07
1513.5	1039.7
4156.6	811.58
6736.6	1187.9
3868.8	1910.4
5306.2	646.06
5912.5	580.02
6121.6	2416.3
3779.2	455.44
931.79	2710.2
7136.3	1728.6
1482.7	1974.9
3062.6	3397.2
4596.7	513.06
209.76	2566
5503.4	698.56
3682.5	802.8
5335.4	977.48
5929.7	1824
2305.8	2197.4
7101.8	1632.9
5573.4	2065.2
2415.5	2003.8
4831.7	1731.9
1143.3	2966.6
2671.3	1994.8
1635.4	1982
5290.7	660.32
2185	2350.2
4560.5	963.88
1454.2	2336.8
6625.2	2434.8
4549.6	501.85
2286.1	1721.6
4581.9	510.98
5086.7	1720.5
5864.4	313.62
4016.9	1923.5
7101.2	1633.9
7020.2	2335.5
4782.2	1727.6
6120.4	2414.3
6012.4	851.87
5528.7	2349
6865.8	2441.2
1821.4	2912.4
1436	2936.5
6476.6	1066
2245.6	1217.4
2791.5	1595.6
6116.9	2297.5
2791.3	1928.4
7274.8	1391
1668.3	1996.9
6580.3	2134.3
5808.6	2472.4
5641.7	2046.2
4555.3	844.82
2122.5	890.55
5497.8	1298.6
7009.7	1002.7
4279.1	1942.2
1559	1785.7
882.33	1906
2853.7	1591.7
6713.9	1450.6
2427.3	1680
6577.8	716.84
1486.9	2351.4
4569.6	1953.9
3922.7	1943.3
4563.4	508.64
6997.5	1652.1
5474.8	2787.2
6048	1867.3
1645.6	1316.6
3727.4	851
4541.4	2240.2
5665.7	1808.9
5473.4	2788
5606.9	1976.4
5762.3	1800.8
6170.9	2092.7
3264.5	1923.7
4562.6	528.89
1474	1974.8
3934.3	624.1
2673.5	1931.8
5141.2	1987.4
1481.2	1784.3
5604.9	1809.2
945.55	2669.9
4569	827.51
5010.8	2064.3
5483.5	880.91
3744.3	2005.5
3789.2	201.74
6212.7	2079.8
5949.8	2557.5
4817	2025.2
5971.9	1844.6
5866.9	2548.7
3591.7	2214.4
2315.5	1972.9
273.68	2424.2
7338.1	1775.2
5115.2	2459
3673.5	1654.4
5566.6	1804.4
4394.4	2132.5
5952	2382.2
137.84	2420.1
7096.8	1409.7
4323.4	1945.5
1732.8	1974.3
5917.9	1228.2
2609.9	1934.4
5935.1	1168
4653.5	1958.6
3746.3	457.89
3612	2632.4
5788.5	2471.6
1884.1	965.29
6652.2	2939.5
5883	2474.8
6132.5	2121.1
1329.6	2006.2
5929.7	1797.8
4096.7	1901.7
5236	2554.6
5626.1	2032.8
5878.9	807.14
1558.7	1842.5
4313.3	1981.9
5351.5	2273
3255.3	758.54
4144.9	762.72
5945.6	2129.3
5500.8	168.78
904.07	2427.8
6443.6	1360.7
6660.5	2719.4
2409.8	2209
3623.9	1654.6
5325.1	1088.7
6546.1	2328.9
794.06	2787.8
4092.1	1693.8
6588.9	1979
1824.7	3014.6
5055.9	1982.9
6540	2199.1
5863.6	2197.7
4392.5	2336.9
4906.2	2030.5
2276.8	2729.9
5238	2362.3
153.03	2421.1
6889.2	2709.4
1552.9	1942
2392.8	1896.2
7181.5	1734.6
7289.4	2305.3
3303.6	1650.2
5786.8	2471.4
1799.4	2372.2
4542.8	1954.1
2756.8	1666.4
1953.6	1723
4603.8	1686.7
7021.8	2451.4
3738.9	746.39
2715.5	1671
6491.9	1573.6
345.73	2653.3
5115.9	2262.9
5118.3	1987.6
2926.1	1882.5
1567.9	1968.7
1255.7	2039.1
7205.8	2384
5973.4	1835
2166.1	2517.7
3384.5	1858.5
5750.5	1805.4
6038.4	1026.3
2289.2	747.89
7006.3	2370.6
1103.9	1324.3
1349.7	2004.7
2923.4	1880.8
3278.9	803.64
4771.6	1216.8
3954.5	1944.4
6607.3	1983.1
238.07	2425.5
2868.7	1973.8
6575.7	2449.2
5114.8	2036.1
6110.5	2036
6110.5	2072.6
6290.4	2087.5
5921.8	1244.6
6303.6	2394.5
5456	2039.4
5333.9	966.16
6975.9	2049.4
3949.4	1688.5
1473.7	1050.6
1429.7	2975
5613.9	2038.5
2291.5	758.5
4163.3	1599.1
4732.1	151.97
3725.9	1928.4
3894.7	1686.6
6995.1	2225.1
2179.1	1087.8
5866.7	2461.8
6719.8	3203.7
2572	952.9
1636	1945.1
6818.7	2364.3
3951.4	1687.1
6181.7	2125.6
5399.7	1963.2
5239.1	1033.2
3636.2	1658.8
5463.6	2207.9
4746.7	2033.7
2340.9	1700.2
6487.4	1895.3
1855.7	2142.5
3058	1879.1
3261.9	165.35
6490.7	1049
3814.1	1987.2
4031.9	166.92
4570.9	2007.7
4207.8	83.654
5455.3	2020.2
5859.9	815.73
5237.4	1035.9
5240.2	1994.9
5736	2047.3
4844.4	170.57
5329.4	934.64
1717.9	2397.5
7010.8	1191.7
1621.9	1983.5
6029.9	2134.5
7117.8	1718.8
2023.4	1911.4
5465	2300.8
5325.6	1041.4
5889	1062.7
5945.3	2113.3
5643.3	1816.8
1838.5	2593.4
4596.2	130.32
5662.5	1152.5
3820.5	68.406
4149.9	1950.8
864.19	1990.9
4681.1	2166.8
2173.8	1719
2865	114.45
4946.2	1742.7
2446.9	1972.1
4473.5	917.01
6244.8	2095.3
4637.8	292.38
2570.5	950.02
5002.6	1722.4
1839.7	2384.3
4517.7	788.99
1833	2127.7
6380	657.74
4209.4	1676.5
4964.4	1944.1
4294.9	925.71
4701.4	1604.1
1387.9	1788.8
5117	1988.4
3694.9	69.003
5728.9	1033.2
5461.2	1558.9
3061.2	1877.2
1610.2	1950.7
4902.1	1074.7
1673.9	2220
6059.5	1932.4
6748	1183
5771.1	308.6
5139.7	132.92
2567.9	945.92
7169	2242.2
5698.5	1801.6
1264.3	2026.6
5801.4	547.75
1840.1	2467.5
3416.8	72.79
5500.4	711.02
5000.5	1718.5
4471.5	919.59
2743.7	1670.9
6160.6	2097.4
2294.1	2210.8
248.29	2555.6
4856	181.6
210.01	2348.6
2041.1	1921.3
6249.4	2158.1
5510.1	2074.1
3665.6	1942.6
4294.1	924.3
4034.7	1690.7
5944.1	2115.4
4715.6	1724
5679.8	1881.2
5284	913.07
5342.7	1099.4
7259.1	2243.3
5143.3	2036.4
5519.1	211.93
4771.3	1728.3
1485.5	2030.1
3982.9	1756.2
6832.8	2451
5507.8	2011.5
7118.7	1653.9
5640	1099.1
5501.5	711.51
5731.6	2054.1
3825.4	76.55
1459.1	2307.1
6348	2619.7
6143	2089.7
5359.5	1758.8
4973.8	1743.7
5266.4	268.14
2940.9	1690.6
6581.7	2143.7
5094.1	1732.7
6119.3	2425.7
226.38	2209.1
5343.3	930.07
6074.8	1873.2
4214.8	90.561
5527.7	2083.4
6461.9	2200.4
1624.1	1322.2
5861.1	2274.5
6532.6	2303.7
6297.7	2249.1
6350	2541.8
1527.8	1031.4
6367.9	2858.4
6822.5	2222.5
7322	1792.9
4565.9	3298.5
6301.7	2240.8
3293	1655.4
7062.4	2883.2
4979.1	1812.7
6490.8	1064.1
6564.1	2186.4
1863.1	1910.1
7246.9	1788.5
618.87	2795
5528.5	1865.8
3106	64.199
6379.7	2348.9
5006.3	1725.6
5653.8	1815.7
5843.2	1166.8
2245.3	569.37
3834.7	19.102
2607.2	1953.2
7058.3	1055
2104	888.71
4565.4	1694.7
1669.8	2307.7
5372.7	297.31
7326.1	2276.7
7177.3	2263.2
1438.7	1963.4
5779.9	1305.1
6116.9	1939.6
6566.7	2191
5638.9	2074.9
5730.5	201.91
4307.1	1906.8
7010.6	2073.4
5921.9	569.91
7086.6	1067.5
6026.5	2100.2
7075.4	2223
7228	2273.9
2229.4	1726.8
1841.4	2600.1
5920.6	1086.6
1816.1	260.85
5567.1	1870.2
6047.7	2326
1964.5	1725
5007.3	2542.4
5583.5	2061.5
5855	815.1
5075.3	1008.8
2019.2	1972.9
7067.8	2785.2
6179.7	2130.9
538.36	2415
3263.4	1887.9
4947.6	1810.7
4445.7	1950.3
5314.2	960.76
6097.3	1883.9
6990.4	2064.1
218.71	2872.4
6139.9	2096.7
619.16	3097.6
6814.8	843.26
1848.2	2241.6
4312.5	1909
5918	600.56
6852.5	1549.2
2317.2	1695.8
6043.3	2220.1
6948	1297.7
6956.6	1637.2
1843.3	2377.9
6295.4	2404.9
1561.2	2291.8
4795.6	1801.2
2797.4	1892.5
986.85	2831.8
6319.8	1177.5
6172.1	1948.5
6805.7	2313.9
7067.6	2785.2
5380.6	2054.6
867.14	1979.4
6125	1887.1
2445.8	1693.2
7056.1	2086
1595.9	2034.1
5858	2622.2
1567.6	1157.2
2321.4	2149.1
5718.1	2460.6
2730.1	1949.3
5985.2	306.3
5857.9	2187.7
6504.9	1571.5
5310.6	651.46
142.22	2388.1
2289.4	2401.8
5129.2	1985.8
4749.2	2003.7
4151.8	1967.1
3924.3	1759.5
4911.7	136.44
5860.9	2536.3
7099.2	953.25
4846.3	1804.5
1730.7	2017
4795.7	2035.3
211.55	2801.4
6577	2195.2
2408.9	1903.8
1531	1030.9
3367.8	727.34
1829.4	2739.6
1840.4	2554.9
3402.8	1926.7
2153.2	2922.4
2311.6	2368
5840.5	1830.2
6085.4	1939.6
6533.7	2164.6
2178.1	1978.8
7158	2352.8
6605.6	2189.4
5684	2086.4
6940.8	1617.1
4369.9	1881.2
6252.9	619.44
6077.7	1880.8
4437.9	1986.4
4188.3	61.885
7104.8	1699.8
2153	2919.7
491.37	75.422
6889.1	2230.5
6872.2	2356.8
7048	2251.1
6140.5	2117.2
3056.8	2484.5
5868.9	2356.8
1739.5	1139.9
5478	2278.8
6198.5	1950.6
6645.1	1145.1
6180	1825.2
4024.3	80.662
5721.8	2272.3
5257.9	1999.9
6126.3	2381
4989.3	204.6
5083.9	227.79
1295.8	2860.1
6145.9	1236.4
5963.9	1252.2
2836.2	2206.2
6967.3	2054
2206.4	2926.6
4908.1	138.97
2831.9	2293.4
5681.4	2028.1
107.96	2876.1
6548.3	629.4
309.82	2164
1548.1	2127.6
5624.2	2040.9
6843.7	2441.6
2831.6	2192.7
232.68	2804.8
6861.2	2209.3
5334.3	921.19
5634.9	1090.1
6746.7	1215.4
6543.1	2019.3
997.83	2738.8
6117.9	1275.4
4075.5	985.76
5858.5	2354.5
5898.1	435.04
1504.4	1939.5
6335.3	660.87
6230.3	1160.1
2289	1897.3
7231.7	2130.5
1962.5	1900.7
732.19	1816.9
7170.9	2280.3
1188.7	2449
5330.3	2018.9
5351.8	1973.6
5660.5	1736.8
5059.9	1657.2
5450.4	2074.5
60.845	2230.2
4975.9	91.795
2831	2613.3
5720	2213.9
6191.9	2136.4
5796.9	2122.8
2831.4	2511.1
5293.7	1043.4
1860.9	1934.5
2059.9	3526
2873.4	119.85
1848.2	2341
5009.6	2247.2
3973.3	1974.7
2061.2	3529.2
5856.1	1937.5
5722.4	2359.5
3867.7	1989.6
6901.6	2212.9
6560.3	2027.1
6821.8	2542
5550.9	2076.5
5940.4	1231
1537.7	2963.6
5965.4	2128.6
5913.3	1182.2
1147.1	3035.6
4975.3	117.73
4400.4	3785.9
3556.3	1848.5
7335.4	1729.1
5499.5	1862
2101.7	1999.5
5629.9	3978.2
6030.2	2065.3
5800.1	2114
6140.4	2107.4
5816.8	1745.6
6539.2	2853
5485.3	2279.8
7257.8	2397.8
1837.4	1089.6
1614.3	1953.4
5601	1335.4
3690.6	791.07
6994.5	975.72
5961.3	2137
5482.4	2094.4
2548.6	4314.6
961.67	3407.1
5657.3	1135.6
6617.5	2039.7
5460.2	1678.5
5862.6	1818.2
5663.7	4252.1
3219.7	483.33
4920.7	2339.4
5009.5	2446.3
6381.2	1037.5
6120	2073.8
5317.8	666.26
4747.6	2000.2
5274.4	218.8
1650.7	2008.3
6123.4	1454.9
4996.1	211.38
305.33	2170.6
4532.1	2008
7245.6	2444.8
1939.6	1986
5482.6	2769.3
2244.4	2342.8
6222.8	2239.2
298.84	2157.1
1846.2	2161.5
6440.6	2432.6
2270.5	2496.7
5892.3	2294.7
1847.3	701.1
5265.3	885.78
899.32	2434.4
6307.5	3283.3
7257.6	2347.6
697.72	1828.7
7235.1	2375.7
7071.3	2257.8
2616.9	1926.9
1437.7	1035.9
7243.4	2343.9
4010.5	3928.2
5098.4	230.98
5062	1978
6326.9	3046
7045.6	2222
5316	663.88
3217.5	484.83
2042.1	1898
4814.3	84.119
7150.4	1296.1
6063.8	2241.5
6394.5	798.85
3428.6	49.543
6662.5	2554.5
5456.3	2100.9
6999.4	2336.1
4042.2	1453.2
507	63.845
6339.7	2655.2
6889.3	2034.9
5324	971.07
5629.7	2067
3815.4	1952.7
6840.2	1556.8
4404.5	1977.2
1112.7	1336.7
4479.8	127.78
93.392	2195.4
5264.4	2002.2
6380.5	629.37
5008.3	2635.8
6902.6	2483.6
495.16	2006.6
6164	1278.4
1136.4	2137.6
6821.4	2183.1
6532.3	2448.9
7075.9	2093.9
5459.3	1682.4
60.054	2128.5
4173	937.54
4285.5	910.3
5339.8	2055.2
7042.3	2223.8
2827.1	2321.3
6640.6	1114.8
2268.8	607.75
3809.4	1946
5795	552.69
5927.5	1077.1
5802.2	2014.9
6482.1	2177
5640.4	287.53
110.61	1944.9
5738	2066.4
2263.7	1967.3
5320.1	669.95
5737.4	1074.5
2037.3	1899.5
5961.5	1227.1
6137.5	2370.9
6173.7	2118.1
80.179	2350.8
1819.6	2445.1
6017.4	2144.5
2242.2	2928
111.83	2804.1
6600.1	2035.6
5279.7	2040.7
6661.3	2213.5
6192.3	1199.3
6329	2896
6749.3	2132.7
4817.6	562.96
6873.5	1079.2
5726.7	2265.1
3932.3	2086.2
1979	311.63
4962.8	1698.8
4874.4	2121
2456.2	2910.2
3934.4	2086.8
4994.7	155.82
7114.1	1083.3
1833.5	2436.2
1649.7	2005.4
2824.9	2527.5
4341.2	77.691
5476.7	282.6
3266.9	1958.1
5218.5	224.07
6025.9	500
5694.6	854.89
1510.3	2063.7
2153.2	1902.5
3825	1152.6
4730.5	173.64
2009.4	2559.3
5228.2	1953.9
1591.8	2010.3
5223.2	2020.8
6458.9	2389.3
1871.8	1995.9
1537.8	2945.9
6784.8	784.62
1364.4	2035.4
6798.3	2387.2
354.69	16.224
5484.7	889.61
6637.2	2040.7
1541.4	2959
5013.5	2439.8
2824.3	2229.6
5570.9	402.77
4981.7	219.89
3917	1654.1
6234	2748.5
2009.4	2513.4
5546.4	2040.8
4656.8	42.069
311.46	2000.9
64.57	1910.9
2010.1	2425.4
399.81	2195.2
7287.6	2552.1
6737.4	1510.9
6135.5	2397.2
3322.7	892.44
6730.5	746.85
1964.9	2001.3
6347.4	4072
282.59	2433.4
6594.7	2149.7
1667.7	2123.2
1518.2	2459.7
5460.8	2465.4
6800.2	3407.1
6441.9	1449.1
6581	2028.6
3718.6	1959
4099.4	2739.8
5699.2	276.65
2455.7	2911.1
7309.1	2159
6438.1	716.16
2185.8	2466.4
6239.5	2462.8
5910.6	1108.2
858.39	3386.2
3933.3	676.08
5338.8	933.97
3848.9	3547.9
2460.7	1979.4
5586.8	456.16
6781.2	1968
2124.9	2911.7
6903.8	2321.3
78.288	2445.3
4683	2319.2
5799.1	2297.1
7242.2	2610
859.28	1898.1
5467.8	131.08
254.39	2374.4
3578.1	1936.4
6459.6	2421.6
4345	1988.9
5475.1	2405.3
6999.5	2405.2
5727.5	2312.6
4687.7	2327.4
4103	1931.8
1515.4	2306.2
5786.7	1303.8
666.08	2126.9
7258.1	2508.1
6847.2	2081.9
4733.5	499.64
314.65	2907
2333.3	1959.6
5863.2	2722.3
5335	1068.8
7230.2	2104.8
6223.4	529.69
6864.4	1239.8
7237.5	1763.8
5365.1	284.67
7033.7	2082.5
3698.5	923.35
6522	708.92
2593.9	1872.5
7204.2	1785.5
6195.2	349.54
6508.8	754.83
5364.7	300.28
1077.5	2003
5513	2046.8
4569.2	846.09
4561.4	823.47
1322.4	2054.3
5264.3	1046.6
6171.2	2268.8
5714.6	2198.6
5827.9	2076.4
1564.2	2837.8
3794.6	472.51
6993.6	2254.4
80.752	2860.4
1579	1980.5
6637.6	2144
4811.2	1684.6
5787.7	2116.9
2373	219.93
3860.2	3534.7
6412.2	3195.8
5124.9	2565.8
5258.2	271.35
5095.2	189.97
3332.5	1981.2
1109.4	2457.1
2335.1	1963.2
7223.2	1940.5
6554.4	2204.9
1829.2	2675.5
6061.8	2429.6
5680.1	1166.4
405.54	3115.8
6552.5	2441.8
96.691	2199.5
6828.3	2343.7
72.84	2311.5
5707.1	2373.5
354.5	2071
1663.5	1945.9
923.88	2723.8
3091.6	1394.6
5261.3	1038.8
7043.8	1025.5
6704.9	818.85
5683.8	1158.2
5886.2	1181.9
4279.9	901.74
6199.3	1202.4
4347	77.91
4555.4	1968.2
6113.2	2446.2
6803.1	3409.1
1355.5	2813.5
2603.5	2902
5017	25.378
2989.7	509.89
1328.1	2027.2
570.28	1770.9
1979.7	1037.9
6875.4	2087.7
6564.4	712.13
7082.1	934.13
2008.9	1984
5182.1	40.129
5613.7	1136.9
5548.1	339.09
5315.9	947.03
3128	2097.2
2321.2	1967.8
5693.3	863.66
6111.9	2096.5
5779.3	1314.5
395.87	1973.9
5802	2102.3
4844.5	2330.4
5708.6	1717.8
5327.8	2062.4
5264.9	875.66
6507.7	2162
2703.4	1868.3
6327.7	3160.5
878.34	2343.4
6330.9	2667
3797.2	475.43
1692.2	2058.8
7003.7	2235.4
730.26	2078.4
3154.6	1552.3
3783	2104.1
4909.8	148.79
4055.6	1933.1
6906.6	2412.6
6252	2071.9
1678.5	2296.6
3976.8	2644.7
5095.1	215.09
1703.1	1841.7
3292.5	2003.2
635.95	2974.7
3732	1995.2
5709.9	2485.4
2898.4	941.72
4043.2	3401
5446.8	2013
3813.8	1935.2
5127.1	2001.6
6841.6	1547.9
6666.2	2546.1
520.3	3105.3
3087.9	74.016
7339.5	1832.8
6212.5	1819.3
4593.1	863.85
2095.8	1977.8
5017.7	2078.5
1958.8	317.46
5937.5	1270.3
5071.5	1003.7
4723.6	2739.5
3785.6	2103.4
6014.1	1798.1
6896.1	2429
6292.9	639.34
2151.7	2675.1
6730.9	1147.5
4902	2573.3
1518.3	3420.5
6151.3	1213.4
6467.2	3160.9
5715.9	1737.2
1870.3	2864.7
2075.8	1990.1
7120.6	1341.5
5698.8	1747.9
4977.3	151.74
4686.6	1384.9
3728.2	754.27
6871.8	991.55
6185.4	1230.9
4039.7	480.11
7073	953.19
5296.3	239.8
6804.2	2441.8
721.69	2764.8
5667	2410.5
6868.6	2425.6
6881.3	1290.7
769.27	2400.4
4853.9	1645.4
5524	2017.2
5938.8	1237.4
6829	2404.3
6465.6	3159.9
2815.1	2240.4
5543.8	334.22
6828.3	2160
3227.6	1591.1
3380.3	1934.4
7229.6	1678.1
5497.6	227.56
5834	2985.3
6182	1229.7
6930	3214.1
624.82	2130.1
3903.7	1911.4
6907.7	2388
6321.4	674.65
6185.8	312.75
3930.5	1976.7
2160.6	2694.2
5088.5	242.09
104.93	1928.7
6188.9	2425.6
1513.5	1966.4
7039.5	1346.4
3391.2	1934.4
5938.9	2121.4
1333	2057.6
5670.9	2369.3
971.78	2549.2
6804.5	2406.6
6476	1082.4
7096.7	1668.4
3020.3	1287.4
3819.4	1973.8
6115.6	2746.9
7027.9	1059
5153.1	166.7
6419.8	1299
1826.7	1259
7008.7	2117.7
4837.5	122.66
5637.7	1713.1
5503.6	331.94
289.99	2168.2
6268.3	1866.2
5492.1	2182
6556.7	2276.7
1703.7	906.91
6613.7	1411.9
4493.7	93.375
7296.3	1226.3
5308	249.34
7244	2510.2
2297.4	2150.1
1160.2	2115.4
273.4	130.56
1278.4	2010.2
1147.2	2191.9
7228.8	2361.9
5305	987.52
5296.9	926.97
2177.4	2257.5
5383.7	315.16
5272.2	888.92
4750.5	2020.8
2213.4	2894.4
5249.4	2474.3
6055.6	1813.4
4890.7	1648.2
280.95	2340.5
2053.6	1989.1
1809.2	2966.1
7007.3	998.09
1197.9	2371.6
2815.1	2270.5
5104.7	238.64
5545.3	2037.2
766.85	1632
2958.4	2729.4
4730.4	2133.9
1617.4	2466.4
1470.2	2939.7
7075.1	1195.1
1690	1704.8
5703.3	401.02
2482.9	414.37
6176.1	307.71
1413.8	2915
2069.3	2618.7
5716.8	2103.8
2831.5	4169.1
4931.5	1651.1
2100.1	1963.6
4749.4	2024.2
5998.9	419.97
6243.2	2577.8
2874.8	1960.4
6012.8	869.54
3818.5	1977.5
4549.5	524.07
5899.5	1132.6
5249.7	2282.7
5448.1	2046.7
4998.9	123.9
7330.1	2497
7062.4	2671.2
4212.5	1604.5
5897.2	1077.9
5749.6	318.38
1417.6	1937.6
6855.7	2440.4
5798.2	2474.5
1817	2981
2138.8	2681.8
1730.6	349.81
5792.9	2649.3
2235.1	3053.9
5025.2	2319.6
6735	2192.6
351.02	2190.6
5593.3	1299.1
960.63	2867.8
3788.9	2101.8
5911.7	1096.9
1524.1	686.06
4073	72.467
5383.4	309.1
204.04	2096
5382.7	430.09
6242	2491.5
5984.2	1796
7193.7	1126.4
1409.5	1971.1
6580.3	2202.8
793.54	2452.8
6881.5	2687.8
6544.2	799.61
6050.2	2207.8
6131.3	577.44
5267.1	263.85
983.32	1857.7
91.59	3369.9
22.828	1824.4
6899.1	1514.2
5795.4	2565
5405.6	1688.9
5362.5	2178.3
245.33	2657.3
5350.8	1684
6676.8	1408
4357.9	2678.8
6547.5	2399.8
5508.3	2026.3
2156.6	314.77
6520.1	778.46
3897.5	1107.4
6668.2	2603.8
5612.6	4326.5
3263.8	1575.5
4999.8	2375.7
5699.5	800.05
2030.9	2488.1
6807.6	2410.7
4990.8	2793
4434.8	1967.2
2348.8	763.41
4805.9	2007.2
6027.5	508.21
4456.7	2935
2568.1	3179.4
318.95	2212.5
1262.2	2315.1
6636.5	603.31
7012.7	2120.2
3266.1	1577.3
1736.1	2223.9
4009.2	2319.9
6469.7	605.48
5380.2	178.87
6150.7	1171.5
4750.9	96.731
2661.6	2598.3
2021.1	2918.9
1859.9	2855.9
3952.6	2318.8
4568	89.901
6807.7	1958.5
2138.3	2503.3
6535.7	2211.4
1279	1984
1266.4	2228.5
1960.2	291.06
1464.5	2024.9
1464.4	1993.1
2143.5	1954.3
6104.6	2148.8
3183.5	108.3
7330.5	2451
5657.9	2071.7
6270.4	1849.1
6621.8	1444.7
5711.3	320.72
6240.4	2402.6
6721.1	1543.8
7328.2	2544.7
7249.9	1192.8
4568.6	767.3
202.63	2577.2
6736.7	1212.4
3829.4	2315.3
6143.8	1172.3
6868.1	2697.3
820.62	2306.6
2423.1	1637.6
3049.5	2512.5
3135.2	673.53
5067.6	2006.8
7269.8	2234.9
6278	666.94
948.03	2805.6
2364.1	2006.7
6830	2424
6145.1	2078.3
5318.8	1113.5
7085.4	2599.1
5249	2561.9
2509	1871.1
1545.7	2265.7
5419.8	482.07
4546	867.9
7001.9	2416.6
3206.2	1855.2
5511.6	343.27
1272.5	526.01
1917.9	2207.2
4903.5	1593.1
6893.8	2505
5377.4	431.78
7288.1	1526.8
1579.2	1807.5
828.1	2210.7
2186.2	2457.1
5616.1	1142.9
4065.7	872.93
3039.1	480.49
2021.2	872.89
518.53	2199.5
5018.8	1643.2
416.96	2188.7
1592.9	397.87
3446.7	1601.8
6684.9	2854.5
6930.2	3102.9
1682.5	2323.5
5744.6	2040.4
6895.5	2490.7
2153.6	352.26
7087.3	2488.9
2417.8	2408.4
6940	1647.3
1631.5	908.81
1928.9	1986.9
179.75	2241
6915	2247.9
4546.9	291.97
4861.5	1691.3
6953.2	1607.8
1915.8	2880.7
6466.9	727.72
1581.3	1813.8
4837.3	1777.4
4642.7	1981.1
2661.6	2926.4
281.78	334.08
3011.4	2250.5
1503.2	2681.8
4613.1	1604.3
4785.3	1814.4
6830	861.33
4989.5	1659.1
1714.7	2387.3
6840	2544.6
2193.3	2393.3
784.02	2412.9
2097.6	1933.3
6993.3	1012.8
4747	496.35
6021.3	1023.4
3968.1	1599.2
5255	3120.3
5870.3	2650.7
6612.8	1478.3
6072.7	1947.8
3916.1	420.33
2552.4	2949.6
6673	754.01
6021.5	1020.8
2519.9	3777
4159.4	1940.2
3712.9	2936
251.51	2642
5640.8	649.66
6847.9	2712.8
5743.2	2634.7
3574.3	62.065
6156.1	1958.9
1170.3	2692.7
1490.9	2950.4
3144.7	2366.3
2824.5	1592.9
4626.7	465.84
4057.6	2960
2186.2	2439.9
5277.6	285.45
5364.5	2279.9
1591	436.46
2417.6	2414.5
4541.5	802.31
1877.7	1732.1
7228.2	1934.4
6811.5	2076.3
2197.6	2222.2
5499.1	340.24
3415.9	4120.8
4700	1965.6
5707	3155.9
6894	2443.4
7077.1	1605.3
5709.5	2213.4
5848	1049
6129.1	1280.2
6620.6	2424.9
3575.2	2998.5
1323.1	2479.8
5363.3	2477
4600.4	849.11
2637.8	2931.6
484.07	2373.6
6817.4	832.04
3754.7	2101.2
5672.3	1895.1
4409.2	2119.4
1728.3	1915.1
5568.3	2330.2
1518.4	2028.2
5654.2	1039.6
6181.9	2093.8
3606.2	2201.1
6540.1	2177.4
2886.6	1951.4
4910.9	1757.6
4844.9	1998.7
3878.8	2940.1
6015	505.68
1720.8	2209.2
1863.3	2857.8
7004.2	2485.8
128.62	1733
6202.2	629.95
5364.2	2285.7
1706.4	1918
1603.8	2424.8
488.62	3208.4
3062	316.95
3076.3	3439.6
6642.5	1947.3
1732.2	2006.2
2865.1	3496.1
1569.5	2634
2103.4	2341
733.17	2409.3
5533.6	341.39
4891.1	2365.1
6974.9	3050.1
5250.7	2375
5479.9	131.35
4004.5	1147
7171.4	1680.7
6462.9	722.56
1674.4	2557.8
2786	926.82
2872.9	761.95
1262.1	2810.4
5844.5	809.97
4711.3	1265.7
6220.7	2633.9
1523.4	2688.1
5818.4	590.01
324.45	4139.4
4048	379.13
5793	2570.7
955.24	2102
5126.6	2003.6
2220.4	2886.2
6923.9	1549.6
587.89	2429.2
6248.7	2072.8
6950.3	1604.7
3952.4	1911.6
2403.1	1611.8
2199.5	2242.7
7039.8	1666.3
7194.8	2093.8
4557.2	769.01
5875.1	489.98
5591.2	416.38
6976.8	3055.3
5771.6	435.48
4954.9	2806.3
1245.1	3671.8
1145.7	2977.7
7227.6	2404.3
5269.6	2544
7003	2502.3
4887.4	1819.9
5209.6	102.47
668.07	1885.6
335.57	2200.2
4013.3	2527.2
2141.5	2890.7
6052.7	2203.9
513.4	3167.1
3145.7	1592
4026.2	48.435
1616.2	2831.3
6212.2	1845.1
6560.1	1306.9
7001	2533.7
7156.9	2486.3
736.14	1807.4
4461.9	1679.7
4400.9	78.704
6344.1	1333
4675.2	2071
4109.9	1968.9
1748.3	1441.3
5936.9	412.41
5789.4	451.27
6912.9	965.37
318.03	1935.9
5336.5	3170.6
1441.8	1734.7
6344.2	3004.4
6614.6	2716.3
231.53	2332.1
5248.8	2184.9
5380.7	2035.3
7326.4	2667.9
6237.9	2555
1328.5	1762.9
2612.3	2934.5
768.26	2061.5
1665.9	2832.9
4585.8	1006.3
3584.8	1652.6
5517.9	2561
6403.1	696.38
7113.3	1690.2
1616.9	2833.7
4556.8	2227
7274	1795
1264.2	1980.1
5736.6	1765.7
6538.9	1673.8
1414.5	625.83
6866.1	2091.3
4888.8	1779.7
6929.8	1265.7
6739.6	1947
468.62	2550.4
4542.4	147.39
1803.3	1714.5
6573.8	2173.2
2894.2	110.1
3721.8	61.312
6894	2383.8
4685.2	369.57
3608	2316.2
6235	2481.9
6362.9	2952.7
5128.7	2270.1
5146.3	2021.6
6869.3	2466.6
3763.7	52.21
2247.6	2349.6
7326.1	2971.9
4931.5	1010.7
3828.4	1965.5
1134.5	1473.2
4873.5	2935.8
3884.7	2787.4
3327.6	4155.8
3529.5	62.361
6125.9	2396.5
4815.4	1941.5
5518.5	1716.7
4191.2	1938.8
2235.9	2678
2416.1	3165.8
1115.3	2297.8
5231.4	313.11
2040.3	799.94
5618.8	1148.6
4510.1	1950
7169.5	2295.1
6825.1	2081.9
1111.9	1537.2
1807.5	2029
3884.5	2786.2
7003.1	2538.2
3602.9	2408.5
1528.1	2832
2300.2	2886.9
5363.9	2451.7
3991.3	864.24
6286.6	728.51
956.94	1716.2
6138	1310.1
7305.4	2969.1
3137.9	1145.5
5804.9	1244.1
5442.6	2115
1635.8	1443.2
5390.4	860.74
7331.2	2468.3
4574.5	3400.6
4263.3	2217.3
5624	1731.1
241.22	4692.1
5250.2	2159.2
6260.8	2225.7
7182.6	2331.6
1172.1	2721
5980.3	2290
4262.5	2247.4
6696.1	2835.1
4109.7	945.65
6741	3726.5
3766.1	2936.8
6660.2	723.47
3049.9	1593.9
7156.4	1476.2
4570.3	1995.1
6548.4	2260.7
5727.6	231.32
3062.3	1592.4
6193.5	2737.5
7194.4	1125.8
3586.1	2410.4
1250	2301.4
1142.8	3049.7
7147.3	2627.5
5510.2	1860.4
4141	3590.7
3059.4	2524
3005	2235.2
2169.9	2716.2
