1391.8	2392.9
1379.8	2393.1
369.24	2252.5
3590.1	1849.9
4073	2498.1
4518	1863.1
2056.1	334.11
1339.6	2934.3
5303.2	1904.3
4825.2	2134.6
3859.1	2182.2
2711.9	1876.1
4165.3	139.5
634.29	1395.8
4428.3	1615.5
6133.6	2576.6
914.83	2397.7
4359.8	1858
910.98	2397
4475	2955.3
3739.2	3200.7
4867.9	227.34
6278	2040.7
4523.3	1620.2
6209.4	3028.4
6038.7	1046.7
3924.3	1697.5
6136.1	1162.4
4305.3	1610.5
4480.5	373.56
633.85	1378.4
402.03	1618
1030.9	547.02
1077	2827.2
2195.1	1905.2
1387.2	2392.8
6875.3	1497.2
24.614	2976.3
1106.9	2012.6
1790	2491.7
7274.4	2623.5
503.09	2350.3
3329.5	1731.2
5761.7	2141.7
6905.3	2377.9
4796.3	1849.9
6030.7	2311.3
6033.1	2399.6
1112.8	502.49
5759.6	2143.2
1190.9	2000.2
4652.3	1780.9
1790.1	2515.4
969.29	2421.8
736.75	2064.4
3526.8	1811.3
1613.7	1750.1
2650.1	3100.6
4896.8	461.99
3528.1	1712.7
5092.9	2291.7
3399.5	1643.9
7193.9	2207.6
4900.3	2614.4
4188.5	1732
560.75	2312.3
1310.4	402.34
4166	380.34
816.97	2489.1
2649.5	458.57
1053.2	729.54
1792.2	2519.3
3702.1	2181.5
6137.5	2585.9
2143	155.18
2333.1	3125.3
4742.5	3444.4
1102.2	2551.5
4769.3	2496.7
590.05	1333.3
1330.9	1778.8
4097.6	2935.8
942.16	3832.2
1336	3089.9
2785.8	1735.4
6729.4	1274.1
3219.1	1963.5
1332.5	1779.9
2865.5	196.28
7019.2	1934.4
6540.2	2210.2
6802.9	1079.4
2177.7	2307.5
5951.7	2198.4
3790.1	3149.5
7024.7	1570.7
127.78	2029.7
3996.6	1854.9
1293	799.69
2204.3	2010.3
4696.7	2625.4
5535.3	597.17
7192.2	2568.9
4161.2	54.535
1515.2	1738.2
6698.3	1273.2
1457.6	3096.3
2217.5	1798.8
6085.4	3337.6
4529.7	1183.7
6024.8	2216.2
942.42	3832.5
4769.5	2414
3303.2	1759.3
5757	629.04
2808.9	2298.4
4806	2623.6
149.25	2024.8
6409.8	1143.3
7070.3	2129.3
3207.3	3101.2
5593.1	33.198
2944.7	2499.2
4253.6	2066.9
7122	1512.8
625.38	2813
7102.5	1487.9
2228.2	1727.3
5075.4	2933.1
4712.6	2406
269.55	835.4
6826.4	1478.2
5088.2	2279.6
4398.8	148.82
5983.9	2759.7
6026.4	2249.5
109.12	1772.9
5758.8	631.32
661.44	1891.5
4639.5	2914.1
847.34	2873.7
7062.3	1983.1
5689	2027.1
7075.3	1518.7
5599.9	42.668
6216.1	792.67
4479.5	2159.8
3301.1	846.01
4101	2493.8
2812.1	2167.5
2468.3	2290.9
1692.7	1751.2
6489.6	1166
1500.5	2048
3703.7	1533.5
7274.8	1648.9
419.64	1509.1
5324.2	1613.9
3750.4	3108
6384.1	1158.8
5316.7	970.06
7141.7	2726.2
4378.9	1853
2808.3	2207.9
4819.3	2619.4
6241.8	2054.3
303.02	817.11
569.54	1581.1
6083.5	1025.4
3655.7	2629.1
3176.3	2494.1
6699.7	1287.8
1461.9	736.99
5145.3	784.56
1613.9	1043.2
254.58	1602
5525.3	558.14
2526.3	912.36
2405	930.37
6558.9	969.9
6489.9	1167.1
5323	1615.5
6537.6	2247.5
4602.4	872.52
5759.1	2495.9
3077.6	3601.8
1136.6	2140.4
5959.9	1701.6
2263.9	2917.8
407.74	2277.5
2051.3	941.62
6773	1295.2
378.61	1461.1
7144.9	1296.5
1589.9	184.94
3455.5	1615
1015.7	1250.9
2223.7	19.158
1458	1098
1387.2	4052.4
5712.1	84.414
7114	1486.7
5077.5	2647.1
1079.6	2783.1
1799.5	3130.1
4487.4	2164.1
242.74	2469.5
6894.1	2303.1
5750.6	2771.6
5045.5	1568.9
5048.3	1570.2
7038.7	2173.7
6539.3	2323.4
3583.2	1680.7
5868.3	3570.4
3816.7	1961.2
5103.9	2407.1
4793.4	2131.4
4635	3159.7
4803.3	3094
5092.1	2964.8
4647.6	1612.4
648.45	1398.7
5896.2	3527.1
1385.2	4080.6
4623.7	2075.8
7213.2	1598.3
3983.1	1695.6
258.36	2283
1425.5	434.25
5180.3	486.66
1086.6	2552.8
6507.3	1285.2
6043.6	2410.8
5756.5	2516
2581.4	1880.7
5975.8	448.51
1924.8	1678.2
2299	1117.2
764.39	3577.6
570.98	2327.7
3159.9	2513
644.13	1314.7
4461.8	1616.9
1327	4051.6
2001.6	3225.6
1312.5	3209.3
3715.2	3209.7
6953.5	2787.3
7229	2337.2
4501.2	1862
4755	2505.5
1300.9	1389.9
4497.5	377.06
5955.5	1677.3
5822.7	126.33
6079.2	460.12
3373.3	883.38
7068.8	2713.3
742.52	1847.5
2319.6	3177.4
260.11	2007.7
6912.3	1359
7151.4	2272.2
6044.7	2498
1080.9	2368.3
6437.5	630.92
6641.3	1425.2
5850.2	1123.8
5388.4	83.977
1424.3	2655.7
4409.3	2068
4776.5	1270.5
3181.9	2489.6
6534.5	2560.7
4537.9	894.3
6236.8	1935.6
6983.3	1699.1
152.23	1551.9
235	2528.1
1090.3	2210
6253.4	3086
4406.5	26.106
473.84	1342.7
1377.1	4065.7
6323.2	2148.9
7084.6	2361.4
6081	458.34
4670.1	474.51
1797.2	2776.4
2250.1	3181.1
7006.1	826.34
1406.6	2400.7
5755.7	2332.8
832.85	2288.5
6552.3	3152.2
6637	1412.8
3796.3	2838.9
6951.8	1509.2
6349.1	1233.3
407.45	963.55
7322	2720.8
4649.1	3073.5
5907	1954.9
4836.6	86.603
3178	2283.4
6465.6	1270.8
5053	126.66
2874.2	1561.5
5006.3	957.55
250.53	2009
1090.2	2831.3
430.59	1954.8
6712.1	1050.9
682.36	2134.7
7042.4	856.26
6529.5	2797.2
3059.3	2807.1
1363.5	2400.5
1018	2096
483.98	2119.6
2464	2131.5
1546	1684.3
1341	4082
7061.6	2618.4
1653.5	4069.3
6593.8	1805.8
4277.3	2143.5
3492.1	2690.9
5056.3	1582.6
7228.5	2390
5941.8	2202.1
5900.1	2133.6
6539.2	2481.1
2476.4	2205.6
5103.2	2509.1
5971	1125.8
5840.9	238.4
6824	983.62
5392.9	2296.3
5988.4	2244.5
635.89	1328.8
3408.7	1691.2
3923.9	2850.8
6892.6	3148.6
1446.1	3088
3104.9	4592.9
2258.6	1989.6
2520.9	28.7
6463.7	1272.5
2189.8	2621.1
3229	3209.8
3697	867.84
1172.7	3789.2
1478.3	3141.6
6831	2148.2
6537.5	2554.7
7273.9	1663.4
762.62	2017.8
5154.7	457.18
2093.7	1623.8
6751	1387.7
1433	3714.4
6881.2	729.12
3633.7	2828.9
7261.9	2012.9
3156.1	4666
6684.3	1311
3801.1	2512.1
2497.8	2497.8
7147.7	1585.3
609.79	1578.4
6598.1	1813.2
713.03	1200
6388.4	2156.5
7153.5	2277.1
533.54	1605.4
4703.8	3498.6
1551.7	2208.7
1657.8	2874.8
2599.7	34.391
2052.3	3079.9
1634.3	1895.1
1115.7	2151.2
3910.1	2936.8
6063	1918.8
371.52	1659.2
4529.7	898.5
1642.9	2125.7
927.05	2404
1029.6	2483.7
6542.2	2343.5
817.18	582.57
3018.8	1828.1
7145	2911.7
3802.3	1833.6
4284.7	1602.5
326.39	1653.3
334.13	1696.1
4742.7	1789.3
6343.8	470
1945.8	3130.2
6828.4	674.54
4172.9	1531.1
262.37	1986
1592.5	4010.2
6415.9	508.78
6188.7	385.7
5716.7	183.44
705.91	2261.3
1215.7	1256.1
5732.2	603.21
6840.7	2059.6
184.87	1769.1
830.92	2203.4
397.25	1414.9
3951.9	2919.3
2591.8	1726.4
6444.6	2833.8
5579.8	143.16
7118.5	2727.2
1715.1	1942.9
6915	1464
3312	2367
5260.9	1829.1
705.51	2407.7
2809.1	2191.8
4388.5	149.5
6615.2	625.11
6931.1	1320.8
188.82	2640.3
1635.2	1901.5
5986.5	2322
186.13	1406
6721.3	693.6
1007	1261
608.48	1404
5253.7	995.66
6202.9	399.48
5939.9	282.96
636.25	1353.8
5826.6	223.95
618.3	722.14
7325.1	2236.6
5730.3	605.09
7014.6	1897.9
5892.7	1942.7
59.308	1795.9
7003.5	2174.1
5749.2	2540
6586.3	2406.9
6668.1	662.06
209.74	2102.1
1298.4	3220.6
7236.9	2329.6
6541.7	2267.3
5275.9	2087.8
679.93	729.99
5392.1	2220.1
75.802	1596.8
6357.8	480.38
521.8	1611.5
1793	2921.6
5605.2	144.13
499.69	2130.5
5900.6	261.51
6167.6	1210
1895.7	2959.2
4192.7	328.39
6653.8	2023.8
7102.2	900.11
4798.2	1799.3
6419.9	3482.8
5968.1	1698.6
1628.5	4026.4
1597.5	2675.8
4648	3223.5
1308.7	3039.6
572.99	808.41
7028.3	2047.8
3313	2258.9
302.1	1018.8
703.97	2331.4
5341.7	1621.4
5991.8	2427.8
5634.9	256.07
6828.9	976.2
7273.8	2384.9
5570	2882.2
6548.5	483.44
62.262	1785.2
1730.1	2790.8
1547.3	2483.2
367.85	968.98
6559.2	593.08
604.06	859.56
4124.7	2993.7
2983.7	1831.2
5252.8	1040.5
606.95	783.39
5237.9	2067.1
1555.2	2506.8
702.66	2401.9
3313.3	2318.3
696.8	2240.9
1548.5	2391.7
1616.3	4028.5
3956	580.05
836.68	430.12
3701.2	2595.6
962.73	1805.2
3814	1833
6547.6	2356.9
6036.2	705.21
289.03	840.41
6990.1	1689.2
1119.9	2009
3309.3	2587.1
6085.5	340.95
1619.7	4007.6
6282.7	440.25
5992.4	299.66
3312.8	2646.8
703.19	2542.4
5961.7	1116.1
507.47	857.73
6624.8	634.78
845.39	698.59
1809.3	814.02
7134.1	1580.2
5575.5	3133.1
790.6	1369.4
5254.3	992.59
6669.9	563.08
6678.3	668.27
6609.5	1214.6
524.71	1557.5
3699.1	2607.4
6560.5	595.87
343.55	3348.3
642.7	756.95
4876.6	1590.8
5758.1	3430.1
5903.6	1956.2
419.59	927.9
5245.8	2065.9
6865.2	1339.7
1548.9	2573.6
3310.6	2475.7
800.7	652.55
1006.4	1262.7
6550.9	2798.9
5275.2	2086
5956.1	1110.2
3403	982.03
4753.2	2129.3
7196.7	1982.4
122.81	1607.2
2713	1893.2
5879.5	2095.5
1930.7	1020.5
6101.3	2842
2106.8	188.6
6625.7	637.05
3489.2	2035.3
3674.6	2829.5
6679.4	670.98
207.78	2106.9
6570	2167.5
403.27	1401.1
6869.3	707.96
2036.4	956.78
816.95	2230.3
5395.8	2325
906.81	711.18
7067.7	869.6
1604.7	4052.7
397.93	2353.8
196.32	1037.7
5399.4	2384
4582.8	2322.9
606.01	1575.6
5865.4	1124.5
6954.2	776.65
7279.7	1589.4
2670.8	2079.1
5521.6	536.53
5400.1	2284.1
6598.5	2559.6
7229.7	1638
5394.7	2424.9
7031.9	839.46
245.84	1667.5
5165.4	2898.5
7273.4	2334.2
6538.6	2337.4
708.11	1215.1
6033.2	217.54
709.45	712.28
1899.6	1713.5
5840.2	2549.5
7330.1	1671.3
232.46	1112.8
733	2918.1
893.71	1504.1
1562.3	3336.9
6991.2	1685.5
146.03	1590.6
568.8	1592.4
832.11	935.14
6839	2166
6651.7	810.01
5947.6	1101.9
5968.4	2147.7
6198.4	3724.5
6502.9	1186.6
397.73	2470.8
7092.5	1557.6
6839.3	2164.2
343.92	987.53
703.57	714.51
3524.9	2034.2
6535.8	2574.7
3888.3	2943.1
1258	1599
1858.3	2116.6
101.47	2260.4
4023.8	1736.6
5234.1	1820.3
6425.6	451.83
5273	997.43
6995.3	809.61
2453.3	2371.1
6985.8	1175.3
5310.3	3350.2
2343.2	1603.8
4418.5	349.35
1499.3	174.56
6758.2	2429.7
7345.8	2444.8
3699.2	2525.4
700.48	2501
5621	1028.5
6005	188.81
6288.9	344.35
5096.2	2439.9
2229.2	3178.6
5858	1353.3
6181.3	388.81
6178.4	3285.3
6923.1	1330.5
224.05	3393.3
6920.6	1317.3
7271.7	1396.5
7270.4	2999.8
3187.5	3133
704.1	2284.8
4019.6	1884.3
6610.1	1214.3
2477.8	2524.9
3909.7	2919.5
6877.8	807.84
636.16	834.38
700.66	2396.2
5688.8	595.82
393.46	2402.6
6193.4	2034.8
7063.9	2730.3
5977.3	2496.7
5912	148.63
1543.3	2475.6
1489.8	1931.1
6016.1	2498.5
6175.1	1215
2619.5	1808.2
390.34	1515.2
6194	767.87
1253.4	3194.4
7278.1	1606.3
6760.6	2082.3
354.9	1678.8
2629.8	2693.3
6120.5	290.84
6085.1	3247
6281.6	371.17
1545.4	2565.7
3738.2	2071.7
1546	2333.7
6201.7	330.39
4398	1707.6
6545.6	2589.7
384.7	813.29
6776.3	1324.3
702.53	2566.8
2215.5	3035.6
7119.4	2966.8
6483.9	1982
5004.7	1574.3
5245.2	2042.1
1185.2	2013.3
2495.8	2527.1
4405.6	4130.2
423.63	939.42
6484.7	2521.4
3341.2	3665.3
4965.6	912.95
1491.8	2498.6
3355.9	880.81
1128	3289.1
261.56	1014.1
1261.1	206.49
2048.8	1830.9
6257.4	335.34
5086.6	2996.3
2005.5	1847.5
5247.1	2048.3
5953.9	2315.1
3676.4	959.79
6037	2243.9
5832.6	2590.4
789.4	658.58
429.11	1915.8
7280.7	1606
1104.2	2682.2
5455.3	232.91
6643.4	488.25
6298.5	1095.4
156.63	3040.4
2554.5	1325.1
7209.7	1656.6
5023.4	1210.3
1670.4	2073.4
1183.8	3294.7
5394.2	2523.7
639.62	1086.9
6483.9	2521.8
6080.8	3252.3
700.94	2571.9
1835.3	3219.7
144.99	2749.7
5148.6	3294.6
2112.1	1926.9
6877.4	1137.8
6517.4	1963
1370	2251
353.04	1641.5
6095.7	3519.9
981.06	1801.1
533.54	1018.8
5260.9	2983.1
781.89	2946.1
827.04	2219.4
5665.5	2025.3
5609.6	2503.7
5580.7	1650.6
3506.6	2011.9
1719.6	3320.8
2730.4	1270.9
1575.5	3837
6299.1	1095.7
6430.6	1783.8
3837.2	3282.9
553.31	1858.1
4229.7	2821.8
1865.7	2925.9
6471.5	2341.5
6060.7	1779.8
1526	2696.6
7153.5	1525
1901.3	3167.2
3780.8	1523.4
2758.3	1874.3
4472.4	403.88
477.07	2225.4
6857.9	793.24
4755.2	3044.3
5768.1	635.24
266.26	2090.9
4646.1	2986.7
6323.6	1265.2
701.39	2426.5
5105.3	2118.2
6656.4	1386.4
6376.6	1949.5
5965.4	2151.7
7130.4	1517.8
5346.8	1876.2
6209.1	1735.7
5691.5	2503.1
567.48	1594.3
7131	942.73
1267.4	2229.5
3699.1	2190.4
7082.9	829.72
6585.3	2421.8
34.736	2542.9
6193.4	1056.9
323.4	1702
145.8	2566.8
7231.9	2897.1
5949.4	2545.3
665.76	1068.7
4978.3	2301.5
4758.6	1816.6
4111.8	1767.1
3650.6	3201.7
5043.5	1308.1
825.7	634.53
3064.2	1556.7
1269.8	2251.8
4378.1	2945.1
1445.2	4020.2
3799.9	2291.4
268.63	2089.7
113.63	2025
6889.2	1482.4
351.2	843.11
6994.8	2819.8
3818.6	4363.6
6176.3	292.67
1796.7	3260.9
4576.8	1794.5
5604.5	2879.1
564.53	738.31
4890.5	2214.9
2470.1	3071.1
7151.3	1525.7
4817.5	3008.6
1280	1955.2
1141.5	3326.3
4628.6	2390.5
6778.7	544.65
62.984	1210.5
627.82	767.08
16.348	1203.1
1886.7	2902
3761.5	1862.6
1904.9	3380.8
5451	229.47
4053.8	2375.7
435.8	2141.1
25.683	2880.1
1780.2	2466.3
4317	2964.2
2484.7	3529.8
5977.2	2246.8
5938.3	209.44
6894	2467
5984.6	2506.4
5024.3	1862
1670.1	3205
3940.8	2375.9
702.68	786.95
6681.8	1845
1779.5	1165.9
1587.3	3173
5947.1	3229.4
945.66	1818.2
6125.7	3677.7
5361.6	2347.5
4936.1	417.49
6485	2973.3
2739.3	1618.1
381.57	3011
7139	1282.8
333.87	2542.1
4327.6	2935.8
664.41	740.29
2505.5	1587.1
3432.5	376.35
3800.7	2291.2
4977.5	2301.3
3931.2	2901.8
1488.3	1769
6113.2	1731.3
1190.6	2017.5
6115.3	1731.9
5682.6	1947.2
6631	2803.6
3548.2	835.39
6668.2	1999.8
6604	2427
1407.4	1721
2485.4	1896.3
6476.7	460.03
6790.3	2024.9
3910	3089.9
666.17	1073.5
4396.8	3798.6
4315.5	2955.1
2153	2271.9
4932.7	2614.1
782.4	663.2
6625	2054.9
4775.8	1878.3
5997.1	1702
2682.2	2076.5
3348.9	1889.6
870.6	607.32
6019.5	613.24
2917.4	1867.6
392.96	806.3
4588.6	2384.8
634.12	933.85
6583	2501.4
3534	1134.6
1173	1057.6
1589.3	942.43
5699.1	1936.2
3197	3079.1
4434.3	2324.6
5542.3	2116.7
3248	2293.1
2768.9	400.31
7151.3	2941.4
6582.5	2344.1
4591.9	3253.3
6206.3	1061.6
2023.7	1915.7
6181.1	1215.8
3231.6	3105.6
7215.6	1023
4812.9	2776.2
6977.8	1923.9
6213	3798.2
1611.7	4039.9
2004.1	338.4
5267.6	2807.6
6561.9	2489.5
415.26	2468.6
3240.2	1777.5
6072	1765.8
262.73	2540
2726.9	1340.7
2981.5	2619.6
4592.2	67.431
2864.1	1154.7
4261.2	346.03
4925.2	422.84
2827	2685.7
2498.7	2507.3
3221.2	1782.5
241.3	2097.4
6504	3125.1
4989.7	954.35
2415.2	2406.1
5495.8	2504.1
1371.3	2257.8
6776.2	611.35
2842.7	2192.4
6583.3	2425.3
1184.9	2910.1
256.59	2456.9
6817.3	3503.2
813.35	1375.6
6701.1	1366.8
6464.9	2169.9
2880	1826.8
1218.4	2152.4
1912.3	113.6
2654.5	754.6
1268.6	1967
5904.9	1925
1878.7	2994.3
3462	2937.1
4179.7	837.64
430.83	773.09
3126.4	2454
6578.8	3123.7
6996.7	2086.8
6351.2	1944.6
5765.6	3484.1
5542.2	1708
6150.6	753.34
1388.8	3694.9
6394.1	3089.6
6340.7	354.16
5246.6	3323.2
4806.2	2783.3
3920.8	1689.5
158.48	1733.1
6392	1250.7
6584.7	3132.5
6738.2	3379.5
685	2043.6
2342.3	1866.3
5779.5	1903.3
2051.2	67.509
6967.9	1484.8
1901.8	1843
2422.1	1599.6
6988.2	1432.8
4789.5	1881.8
1787.6	3647.2
5218.2	2892
7091.4	2891.2
6648.3	3098
2548	916.03
2297.2	1822.9
6333.6	376.3
6871.3	2369.8
2693.9	2744
5299	3351
382.58	1949.6
6890.5	2295.6
2924.1	2642.7
1039.5	787.44
3951.1	2996.1
3265.6	691.32
1985.2	2818.5
6751.6	1862.9
6308.3	1099.2
3633.4	2739.6
6076.9	1782.7
3663.9	2461.6
6197.5	759.45
4170	681.13
608.86	4331.8
6147.9	2042.7
5428.7	1861.9
6541.6	499.66
4184.1	2509.7
62.226	2455.4
3393.4	1176.7
1731.9	1854.9
1503.6	3186.8
