1705.9	1303.8
2865.3	2330.8
7259.4	1794.5
287.97	2531.2
4106.5	2804.5
2865.3	2330.8
4992.1	1035.2
4158.1	952.76
4992.1	1035.2
3289.6	821.68
5925.7	1217.5
4573.2	959.76
2463	985.27
2253.1	2907.9
3699	957.92
2865.3	2330.8
2080.2	1051.8
5923.1	1254.1
1705.9	1303.8
4109.6	1937.3
5674.7	1156.1
2034.1	2886.4
4172.9	924.54
3287.2	921.07
3287	965.2
5001.9	1066.3
4158.1	952.76
2822.1	945.47
6089.9	2071.8
6168	1207.4
5864.4	313.62
1635.4	1982
4183.8	930.91
3275.2	924.38
6845.7	1568.4
2153.6	1222.9
2989	1868.3
4700.2	2367.6
2285.2	2133.6
6253.3	517.21
2989	1868.3
1635.4	1982
3699	957.92
4109.6	1937.3
4096.1	1936.6
1460.3	1984.9
4109.6	1937.3
6778.5	3378
5013.2	1932.3
5912.5	580.02
1511.2	1180.5
1522.9	465.98
1482.7	1974.9
1997.3	1972.6
1515.2	1190.6
4059.3	1924.7
5664.9	1162.9
1603	2692.4
1511.2	1180.5
5013.2	1932.3
4059.3	1924.7
7322	1792.9
2238.1	562.63
3685.5	1871.7
6654.6	2846.8
6344.7	3229.1
4086.9	440.63
1484.2	2006.9
2157.8	1223.9
4954.6	1975.2
4831	2376.8
3293.4	951.33
1686.5	715.67
3287.9	951.34
2473.7	998.26
6550.9	682.81
2154	1232.3
4583.5	530.96
2475.7	987.97
7013.1	1592.2
7114.7	1654.9
1408.7	2676.8
7162.6	1675.4
3009.5	1689
2807	2749.3
1686.5	715.67
2033.8	2026.5
6135.3	1215.7
3755.9	427.24
3248.5	467.14
3755.9	427.24
3868.8	1910.4
2154	1232.3
3009.5	1689
4059.3	1924.7
1882.3	672.05
3230.5	484.4
1661.1	707.57
1686.5	715.67
1846.6	1868.9
3988.3	1904.2
3300.1	814.02
4128.6	2019.9
1513.5	1039.7
6733.9	1467.9
6924.7	1414.8
5274.5	635.01
5473.8	2199.1
4461.8	815.75
6360	1263.1
6800.9	1561.2
1863.3	682.68
1582.2	2008.8
6116.9	2297.5
1863.3	682.68
4059.3	1924.7
5686.1	2019.6
6200	2114.6
3059.3	1130.4
4537.6	3272.6
5618	1983.3
4596.7	513.06
5956.6	2062.5
5086.7	1720.5
4579.6	994.43
3293.4	951.33
2308.9	2130.9
3277.4	923.78
1755.7	1042.8
7161.8	2115.5
2854.2	3971.7
3927	2348.2
2938.5	494.63
6192.4	2073.7
4392.4	1889.4
5880.1	2211
1938.3	1949
1865.9	682.43
1868.1	696.63
5865.1	817.03
5941.7	427.31
1790.3	3030.1
3922.7	1943.3
7319	2672.1
1477.4	1984
2975.1	2341.9
4086.9	440.63
6206.2	1159.1
4882.4	1737.3
1773	1056.3
6713.9	1450.6
2294.6	2585.6
2701.3	1855.5
6026.6	860.1
6066.6	534.14
1482.7	1974.9
3273.3	809.33
1773	1056.3
7116.3	1717.8
5335.4	977.48
1249.7	2467.1
1747.8	2306.5
6924.7	1414.8
1653.2	896.4
1311.9	3692.1
1671.2	735.01
5276.5	618.11
1923.1	423.79
5880.1	2211
1778.5	443.76
2308.7	1709
4993.7	1052.8
4313.3	1981.9
2232.9	604.84
6206.2	1159.1
2273.1	1207.2
6110.5	2072.6
4016.9	1923.5
1527.4	2467.4
2305.8	2197.4
4974.6	1984.4
1923.1	423.79
5929.7	1824
6464.8	1437.3
4420.8	1945.6
1732.8	1974.3
1856.4	683.44
4094.6	437.8
5610	3962.5
6577.8	716.84
1187	2473.2
2675.5	2009.2
2273.1	1207.2
4160.4	927.64
2117.9	994.66
4016.9	1923.5
3249.5	483.54
6604.1	1482.9
2475.7	987.97
3755.9	427.24
6710.3	1303.6
1126	2830.3
6099.9	2045.5
4342.8	1902.2
6207.1	2091.4
1834	2566.7
2902.8	2306
6183.2	2073.1
1747.8	2306.5
5880.1	2211
7101.2	1633.9
1561.8	286.74
5929.7	1824
6048	1867.3
3179.1	1998.7
4359.4	1886.4
1624.1	1322.2
4103.3	2782
5345.9	1025
2286	2688.4
4130.1	2020.8
5880.1	2211
4011.6	1912
4607.6	142.75
1771.2	1054
7241.1	1734.9
6512.3	676.15
1899.2	1745.8
1755.7	1042.8
2490.4	565.42
6819.6	1961.1
6859.4	1461.4
2095.9	1047.2
3789.2	201.74
3922.7	1943.3
3748.9	2318.1
1625.7	1322.8
1512.1	1788.8
4996.1	1052.8
2208.5	2332.9
5897.7	2707.8
4420.8	1945.6
2473.7	998.26
3410.4	66.975
1937.3	2401.4
1878.1	658.78
1843.5	691.03
4086.9	440.63
6245.4	2111.2
4763.1	296.86
1512.1	1788.8
5920.3	610.38
2823.2	969.46
1643.4	1315.7
6893.9	2195.9
7096.8	1409.7
6952.8	1567.5
4077.4	462.02
3103.8	89.001
4729.8	1722.9
7184.4	1106.3
1590	1840.1
2279.2	2285.6
2308.9	2130.9
2724.2	1952.7
1834	2566.7
5508.8	712.14
6029.6	875.71
4420.8	1945.6
4011.6	1912
1512.1	1788.8
1485.5	2030.1
6683.1	1464.7
6537.1	2730.4
2395.5	30.44
354.99	1743
1675.1	4526
5291.5	643.2
1547.3	2216.9
4436.5	1946.2
4653.5	1958.6
3116.8	1336.2
4585.5	849.35
3103.8	89.001
3369.7	729.26
3249.5	483.54
6056.6	2090.7
6710.3	1303.6
3730.5	1941.3
6158.5	2208.7
2885.4	1980.1
1878.1	658.78
2274.2	2910
4016.9	1923.5
7197.6	2123.3
3179.1	1998.7
1345.9	2040.6
6714.2	1521.4
6862.4	1472.6
4177.5	961.58
2630.1	162.64
7086.6	1067.5
1332.9	2391.1
4734.8	1947.3
3084.5	1472.3
3693.1	67.474
1755.7	1042.8
1697.3	1893.1
4653.5	1958.6
1422.5	2140.3
6157.1	2208.2
6711.3	1517
6773.9	2001.1
1340.2	2227.3
4907.2	2028.3
4200.6	1666.5
5606.9	1976.4
2518.1	407.15
5881	2560.3
4197.2	92.659
4431.8	1897.1
6540	2199.1
6936.9	1608.2
1273.4	2309.7
4882.4	1737.3
7078.4	1627.2
5881	2560.3
3410.4	66.975
1621.4	327.51
1401.8	2142.7
2630	1953.3
2617.2	159.38
5526.7	1802
4390.9	1898
5864	2489.6
3832.3	1996.2
6047.2	2039.7
1453	2049.8
5063.5	1950.2
2017	1976.7
6898.8	931.27
5941.7	427.31
6893.9	2195.9
2189.4	1983.4
1590	1840.1
1903.5	325.97
3725.9	1928.4
4639.1	1959.3
6245.4	2111.2
3179.1	1998.7
3744.3	2005.5
1529.9	1997.6
3978	1893.6
4838.1	181.58
5026.2	1929.1
2277.1	2914
6338.9	507.77
2800.2	905.7
6054.7	2085
4634.7	1622
993.07	2706.9
2902.8	2306
1507.9	2000
2117.9	994.66
280.78	2861.1
6607.3	1983.1
5855	815.1
4112.2	2327.8
3305.5	1651.7
6460.9	1210.8
5866.2	2284.4
3725.6	1954.6
2259.2	236.64
3416.8	72.79
4070.2	1923.1
2777.3	1854.9
2294.6	2585.6
5104.7	1729.3
1047.8	2839
2017	1976.7
4294.5	1899.9
3273.3	809.33
6492.8	3414.7
7294.6	1799.2
6223.4	2754.5
5858.4	2108
1068.1	1641
3014.3	2196.5
4915.9	1960.2
4021.9	1911.2
7078.4	1627.2
4167.7	960.98
6156.9	1884.5
5948.4	2214.3
1548.1	2127.6
4076.1	989.2
1878	1990.9
1399	2014.8
3397.1	1924.4
1417.5	2020.6
4066.6	2158.2
1621.4	327.51
6262.7	2123.6
5010.8	2064.3
2163.8	2642.6
7240.2	1161.6
4700.2	2367.6
1420	2003.6
6540	2199.1
4197.2	92.659
3101	1980
1487	2034.3
3135.7	2299.3
5859.9	815.73
4180.8	962.03
2620.6	1868.6
1528.8	2019.8
5104.7	1729.3
6044.7	2103.2
1779.8	962.79
6559.9	1975.1
6040.1	2078.1
6327.7	3160.5
4592	101.28
2844.6	949.55
3726.7	1952.1
4032.3	210.13
1226.6	1902.8
4911.7	136.44
861.33	2414.3
1664.7	724.71
1834.2	530.59
5635.7	216.75
3421.7	78.872
6302.2	616.31
3179.1	1998.7
2630.1	162.64
3418.7	74.057
4440.5	1948.1
5487.5	1797.6
5240.6	382.82
3732.6	870.24
5867.6	2285.9
5526.7	1802
1832.3	528.79
3729.2	1933.9
5855	815.1
2308.9	2130.9
3729.2	1933.9
2071.3	1013.4
4149.9	1950.8
5867.6	2285.9
3922.7	1943.3
1664.7	724.71
1147.6	3730.2
5864.9	2458.2
2054.6	1713.6
2308.9	2130.9
5866.2	2284.4
4471.5	919.59
2073	1015.6
1418.5	2001.3
5483.4	2178.5
3421.7	78.872
4342.8	1902.2
1504.2	1190.8
2046.4	2115.5
5454	2018.4
3754.4	2123.4
6117.9	1275.4
4825.2	1801.8
6851.9	1550.4
6207.1	2091.4
3677.9	1878.2
1498.2	1850.2
1116.4	2408.4
4831.6	1460.7
6439.4	1182.1
4754.6	2041.7
6964.6	3039.7
3893.1	1754.1
5856.1	1937.5
6550.5	1967.3
1644.6	1998
2249.4	231.23
5860.9	2536.3
4390.9	1898
2016.2	2385.5
6634.5	2873
2474.1	551.33
5816.8	1745.6
4149.9	1950.8
6181.2	1266.3
4904.9	2035.2
3261.9	165.35
2350	288.92
7022.7	2079.6
5487.5	1797.6
2630.1	162.64
1577.5	2043.1
6648.3	1974.7
5454	2018.4
2167.2	1075.1
5076	173.58
3027.4	185.06
1903.5	325.97
1413.2	2300.4
4907.2	2028.3
5241.4	1028.9
4033.6	165.56
3144.4	2292
4132.8	2156.6
5862.6	1818.2
892.99	2428.6
5755.9	258.24
2117.9	994.66
1498.2	1850.2
2693.3	120.49
3753.7	1859
5948.4	2214.3
2444	1971.5
7058.3	1055
1530.4	2034.6
3027.4	185.06
3305	952.06
1498.2	1850.2
4070.2	1923.1
5843.2	1166.8
7062.4	2883.2
3908.2	1959.2
31.03	2405.1
3816.9	3538.7
401.08	3179.4
1463	2048.4
4322.5	106.24
1561.2	2291.8
1650.7	2008.3
4061.8	1761.4
5266.4	268.14
5843.2	1166.8
3776.9	908.48
3058	1879.1
7166	2259.8
6617.5	2039.7
4839.6	2372.7
7075.9	2093.9
4565.4	1694.7
6429.6	1306.6
3111.5	102
4850.2	176.26
6565.5	728.46
2966.9	113.68
4416.4	1986.6
5498.2	4417.1
3211.5	918.84
5575.7	1806.4
6541.9	2162.9
3732.6	870.24
3088	1980.8
3088	1980.8
5858.4	2108
1542.8	1780.9
5234.1	1996.9
5412.2	394.95
6212.7	2079.8
5921.9	569.91
7067.4	2837.2
2317.2	1718.6
2530.2	968.95
6349.9	507.93
6550.3	2858
4445.7	1950.3
132.08	2118.9
4006.1	1761.2
3285	1643.6
4413.9	1984.9
2046.4	2115.5
5118.3	1987.6
1621.4	327.51
6212.7	2079.8
1487	2034.3
7237	1686.6
3806.6	69.383
3025.6	183.34
238.4	2490.8
3978	1893.6
6081	2040.5
358.04	2206.1
3715.5	797.37
5816.2	1567.9
6116.9	1939.6
4897	1800.9
6940.8	1617.1
2908.8	1754.1
3893.1	1754.1
2994.3	1754.7
1673.7	288.15
3636.7	1887.6
5819.4	2075
2904.9	934
1666.5	310.1
6916.5	2338.8
3694.9	69.003
7073.4	2872.9
6901.2	2624.9
6350.4	2488.4
2317.2	1695.8
6805	2628.9
4473.5	917.01
6053.2	1713
4645.6	2003.3
6116.9	1939.6
1127.9	3715.3
4088.1	923.55
1466.4	1853.4
5860.9	2536.3
4856	181.6
4746.7	2033.7
4095.2	919.49
3061.2	1858.5
3510.8	77.276
5446.8	1769.9
3018.2	1749.7
1621.4	327.51
1565.7	1155.1
5731.6	2054.1
4431.8	1897.1
1761.2	984.72
1736.8	280.34
675.04	2270.9
6087.3	2133.3
1144.3	3708.1
1144.3	3708.1
3892.6	1985.5
3892.6	1985.5
5754.5	210.47
5575.7	1806.4
2499.3	4231.6
5575.7	1806.4
5975.8	2102.7
7067.4	2837.2
3728.4	1948.2
1415	2214
4017.9	1377.3
6617.5	2039.7
3049.8	48.192
2158.5	1032
2161.6	2287
7301.2	1739
7166	2259.8
4838.1	181.58
2481.2	1017.4
4644.7	972.21
5455.3	2020.2
4589.4	143.83
5861.3	2496.6
1567.6	1157.2
3022.7	1965.5
6967.3	2054
1565.7	1155.1
1893.9	545.89
3272.3	911.5
2139.1	1795.1
3775	1887
4412.2	1949.9
5369.4	3036.8
3249.6	68.711
5676.3	2092.8
5640	1099.1
2294.1	2210.8
2755.2	3599.2
6617.5	2039.7
5250.1	1982.2
3299.6	4207.1
5083.9	227.79
6349.9	507.93
5858.9	2231.8
4412.2	1949.9
5755.9	258.24
6852.5	1549.2
1608.7	331.15
3669.1	1874.2
5860.1	419.08
3973.3	1974.7
1657.2	1702.3
2407.6	991.05
6087.3	2133.3
5549.3	2048.9
5855.7	1946.9
4694.5	1792.4
5944.1	2115.4
3178.5	2010
3106	64.199
1163.1	2311.9
6349.9	507.93
3402.8	1926.7
4476.1	100.37
1565.7	1155.1
5816.2	1567.9
2306.4	2423.8
5941.3	2054.4
4512.2	67.61
6022.2	2070.7
1847.5	257.94
1510.3	2063.7
2450.9	981.58
6829.2	1543.1
1991	1030.4
4734.8	1947.3
4897.3	1806.2
2470.8	172.98
2583.6	1945.9
906.24	2237.3
920.09	2453.2
1865.9	1857
2863.3	1772.9
3965.2	1945.3
5024.4	161.13
5724.8	2056.9
684.13	2409.2
3028.4	1572.8
3821.9	51.72
1134.7	3687.6
1692.9	299.23
5250.1	1982.2
2958.1	127.7
6617.5	2039.7
4479.8	127.78
5472.2	2087.9
4301.5	1904.5
3217.5	484.83
3972.1	1960.9
3965.2	1945.3
3768.7	396.23
4473.4	58.562
6859.6	1512.8
6710.5	1485.9
5617.8	1970.8
4064.4	405.93
6360	1263.1
5063.1	2015.7
2732.4	1930.5
7073.4	2872.9
666.12	2596.2
6032.3	2043.1
1415	2473.4
2132.1	2485.9
4034.1	220.4
5586.8	456.16
6077.6	542.97
2022.4	2583.6
4412.2	1949.9
5581.5	2574.4
3067.4	2339.3
2023.4	2402.3
3972.8	1972.3
4975.3	117.73
6077.6	542.97
5002	2164.4
3867.7	1989.6
1903.5	325.97
3815.6	1760.5
2541	123.17
5245.1	1963.9
1903.5	325.97
4714.3	1722.5
6010.9	2122.6
5514.2	675.45
2289.4	2401.8
5430.8	1385.2
3256.1	433.42
2267.5	542.43
3912.6	1943.9
1498	2003.1
2827.1	2321.3
2016.2	2385.5
1884.5	626.88
6443	1401.3
4198.6	826.58
2193.2	256.9
3689.2	897.06
6234.3	2651.5
6637.6	2144
6394.5	798.85
5351	1945.2
1415	2214
4382.2	1900.9
5458.8	2217.6
2483.3	864.48
2015.4	2594.4
4715.6	1724
3978	1893.6
7294.6	1799.2
6896.7	2243
5963.9	1252.2
6443	1401.3
6315	2435.9
4061.8	1761.4
6019.5	2072.8
1567.6	1157.2
3500.3	55.587
4856	181.6
4897	1800.9
5407	430.49
4382.2	1900.9
893.88	2326.4
6380.5	629.37
5562	1873.8
5705.3	777.74
4445.7	1950.3
5507.8	2011.5
3957.9	1653.3
1497.1	2013.4
7103	1691.7
3972.4	3533.8
5779.9	1305.1
1908.6	335.76
6401.8	1360.8
3211.5	918.84
4996.1	211.38
6251.1	458.11
6709.7	1528
4014.6	1986.9
2826.7	2390.9
7258.2	2542.6
5901.8	2530.9
4198.6	826.58
1584.2	433.96
1336.5	2036.7
6238.2	2303.4
5468.2	2288.6
4256.5	2650.4
5661.9	1114.6
3960	1978.3
3811.9	1167.9
6446.2	1414.4
6565.5	728.46
4039.5	58.409
6582.7	2257.9
6637.2	2040.7
6027.7	1492.6
3017.9	2638.7
1987.3	285.2
6838.2	1482.9
2004.8	204.83
4714.3	1722.5
6198.3	1897.2
3757.3	2003.5
6030.2	2065.3
1591.7	252.36
5861.1	2274.5
6024.7	1009.2
6146.1	2095.2
5861.1	2274.5
6058.5	1868.7
6471.9	1022
1847.5	257.94
5720	2213.9
4065.7	1953.8
4989.3	204.6
5482.3	2279.3
2017.6	2390.1
4017.9	1377.3
6100.3	2397.2
6581	2028.6
6198.5	1950.6
1577.5	2043.1
4897	1800.9
3703.8	918.25
6774.3	2110
1893.5	543.36
2060.6	1639.8
5801.4	547.75
1494.3	1103.1
6851.6	1492.6
1689.1	2057.8
6522	708.92
3917.1	1976.7
4065.7	1953.8
3254.8	409.17
6842.3	1487.3
3202.2	69.729
2425.6	146.1
6088	2040.7
5600.1	1134.9
1567.6	1157.2
5478	2278.8
7335.4	1729.1
3755.7	1888.5
5638.9	168.13
3705	74.869
5234.1	1996.9
1846.2	2161.5
4113.2	2014.4
5731.6	2054.1
4478.6	97.772
2877.5	768.29
4290.7	3631.1
1130.6	3732.4
1492.7	2021.1
6617.9	2036.5
1771.7	1120.1
247.99	2433.5
4378.7	59.394
1310.2	3737.8
6538.8	2315.5
5679.8	1881.2
1492.7	2021.1
3862.6	1982.5
5866.9	257.54
7152.1	1486.2
5369.8	311.49
7061.9	2131.2
6612.7	1465.1
5683	1148.1
3021.9	1753.3
2206.6	2480.4
6179.5	2218
3917.1	1976.7
6394.5	798.85
7011.3	2379.1
5265.6	2039.4
5022.7	2065.5
7084.3	1166.5
1591.7	252.36
2139.1	1795.1
2856.3	130.75
5228.2	340.33
6740.8	752.75
3861	3518.3
7264.4	1388.5
6097.4	2136.4
6455	1199.7
1743.4	1684.9
1658.3	2011.6
1591.7	252.36
5682.6	2242.2
1547.5	2026.1
3926.3	1934.8
4449.3	1909.3
6349.9	507.93
3687.4	935.96
6729.3	1162.8
1871.8	1995.9
5500.4	651.17
4315.5	1951.5
1832.8	320.92
1478	1070.3
6600.9	1455
938.79	3394.7
3180.2	69.018
1237.1	2801.7
6051.9	2545.8
4843.5	192.83
3743.8	2016.3
4353.7	1963.3
5693.3	863.66
1138	3724.9
3951.3	1936
2470.8	172.98
938.79	3394.7
4061.8	1761.4
1415	2473.4
2878.7	2177
5463.3	1850.7
3061.2	1858.5
6573.6	2431.2
2538.5	2915.9
4334.1	72.631
5655.1	2077.6
6066.5	2069.4
6402.8	1018.3
3210.8	945.11
3926.3	1934.8
6982.1	1803.6
1837.5	1179.8
1591.7	252.36
3817.7	3537.3
5500.4	651.17
3920.8	421.97
6561.6	635.41
6253.3	2085.4
6864.4	1239.8
5940.4	1231
6446.5	1200.7
3501.5	4137.3
5707.5	3126.2
1469.1	1795
2627.7	171.91
2638.6	1956.1
6671.5	1468
3797.2	475.43
6491.3	3407.1
3254.8	409.17
6916.5	2338.8
1478	1070.3
1204.9	2162.1
2267.5	542.43
3684.4	904.03
1413.3	2556.3
1591.7	252.36
1788.8	1929
5934	1213.6
3912.6	1943.9
6418.2	546.64
2256.9	1209.7
465.51	2458.4
1437.5	2144
2894.2	110.1
1415	2473.4
2036.5	2120.3
6537.6	2208.6
5586.8	456.16
5657.3	1135.6
1348.5	1976.8
5275.3	617.01
6985.9	2893.5
1437.5	2144
5586.8	456.16
5720.5	2364.8
1396.6	2027.9
1492.7	2021.1
697.16	2480.2
2025	2137.3
1415	2473.4
2854.7	126.57
2720.8	1922.1
1847.5	257.94
5654.9	1875.7
5680.1	1166.4
2205.8	2522.5
3904.2	1972.2
5722	2453.8
4340.9	41.471
2025	2137.3
6191.9	2136.4
2727.4	1893.7
6600.9	1455
6252.1	2121.8
1684.3	2050.1
1611.1	1763.6
5450.4	2074.5
6584.9	2188.4
1362.9	1973.7
6616.1	2151.4
1138	3724.9
1511	2102.1
4748.2	2371.2
3788	2256.3
2027.2	266.84
6875.4	2087.7
7086.5	3190
4174.6	918.48
7103	1066.6
1801.5	354.42
5235.5	1959.5
6024.1	2069.6
1415	2473.4
7331.2	2377.7
3904.8	1969.8
2981	2013.9
5643	1989.8
6840.2	1556.8
5683	1148.1
4007.1	3758.8
2981.9	1866.1
3021.9	1753.3
3157.9	2178.1
3975.1	44.92
6201.1	2091.9
1739.3	1116.5
282.59	2433.4
6347.4	509.18
1684.3	2050.1
1847.5	257.94
4428.8	1958.1
5445.6	1691
5471.5	1354.5
901.6	2468.4
1719.9	404.1
7292	2662
4064.5	2370.8
1667.5	373.38
4453.9	1906.2
4994.7	155.82
6015	2033.2
4834.3	131.58
5318.8	1113.5
3957.9	1653.3
4780.4	1699.9
5720.1	2299.9
207.09	2906.4
4921.1	2043.2
1805.4	2752.6
4780.4	1699.9
1230.1	2008.1
5233.1	345.02
4976.4	202.87
7226.5	1175.6
2501.2	946.61
4428.8	1938.8
1415	2473.4
2276.4	56.644
4461.9	1679.7
2874.9	123.87
4093.4	483.62
2024.5	2600.1
1528.4	1082.7
2894.2	110.1
2015.4	2594.4
2678	1858.2
1798.8	377.09
6931.1	1500.1
7264.4	1388.5
6442.6	1195.3
1685.5	746.97
3202.2	69.729
3718.6	1959
5031.9	2074.5
5654.9	1875.7
4876.9	2120.1
5320.1	669.95
1494	2922.7
3917	1654.1
3695.2	1591.7
5636.7	2174.5
5577.2	2372.3
4787.3	1805.1
3059.1	1757.7
2018.3	2192.1
2475.6	166.54
4894.6	2023.3
4976.4	202.87
2152.9	2076.2
1109.4	2457.1
6652.7	2150
6961.5	2237.5
4741.1	2536.9
1522.4	2285.5
3797.6	1638.3
2018.8	2318.3
5498.8	343.44
1415	2473.4
6395.8	702.08
1478	1070.3
5348.7	1082.8
2980.1	2058
5339.8	2055.2
5570.9	402.77
2284.1	1221.4
4757	119.63
2916.7	1129.2
5606.1	2108.9
1583.8	449.3
1317	3698.7
6213.5	2107.7
1719.9	404.1
2992.3	4185.9
5348	1958.4
2981.9	1866.1
1502.3	1701.5
6520.1	778.46
3136.7	2284.8
1135.4	3727.1
4151.8	1967.1
7156.8	2436.1
3817.3	1956.4
7194.2	2090.4
1510	1027.1
4472.3	87.785
6798.6	1703.1
4107.4	438.72
2100.1	1963.6
2017	2323.2
5282.8	2042.1
3400	55.201
4838.1	181.58
2477.7	853.54
4174.6	918.48
1528.4	1082.7
2117.8	1901.7
3061.2	1858.5
4776.1	126.61
6310.8	589.85
1652.4	1306.8
1583.8	449.3
6241.7	2457.7
2015.4	2594.4
1583.8	449.3
6145.9	1236.4
4006.9	1921
7170	1615.7
5501.9	2414.9
4996.1	211.38
3885.4	2585.5
3718.6	1959
2456.9	170.36
4858.8	2339.9
4143.7	879.58
1528.4	1082.7
6522	708.92
6660.1	2621
4482.1	63.587
5804.9	1244.1
2933.2	1232.1
1249.1	2048.1
4423.6	1995.3
1415	2473.4
7171.1	2264.3
2931.7	468.97
4107.4	438.72
1191.7	3715.9
3926.3	1934.8
2761.1	3588.9
1483.9	1853.9
6926	1423.4
2010.1	2425.4
2312.4	2330.7
4707.1	1302.4
4864.5	2121.4
2931.7	468.97
3991.6	877.43
1877.7	1732.1
2825.7	1995.7
4032.8	495.17
6395.8	702.08
458.13	2485.8
4779.7	818.56
3854.9	1634.2
6671.5	1468
7105.6	1710.3
1511.5	2096.7
3882.7	1203.1
2477.9	868.37
7157.2	2459.2
4802.1	2942.8
7331.5	2402
1528.3	1081.3
2445.5	2910.1
6670.3	1469.9
3917	1654.1
3562.2	1878.1
2078	1656.6
2186.3	2099.4
1499.1	1183.2
4159.4	1940.2
982.36	4233.1
6246.3	2450.8
6603	1975.5
3567.3	1860.9
7157.2	2459.2
2818.3	2637
6237.4	2465.5
4174.6	918.48
3168.6	2282.1
4212.5	1604.5
3809.4	1946
4504.1	2426
3938.2	2024.9
2678	1858.2
2544.8	955.01
3211.5	1887.2
3184.9	2023.1
5940.4	1231
2015.4	2594.4
5390.4	860.74
2058.3	2551.4
6410.1	1885.2
2423.6	372.17
6241.7	2457.7
6806.6	1695.2
7073.4	2872.9
3084.4	1876.4
2027	2108.5
1514.9	1808.1
3939.2	2024.1
5703.3	401.02
4352.7	1907.4
4688.3	1675
5877.8	825.63
4449.2	1670.1
2562.6	842.08
4825.9	2130.1
558	2169.5
6707.8	809.77
613.37	2136.9
2435.3	333.02
1108.9	2459.9
1514.9	1808.1
2841.6	1746
6713.3	1315.4
1585.6	389.47
5456.1	224.84
1565.4	1168.9
6446.3	3168.6
2452.2	131.48
2092.2	1652.1
3938.1	1987.8
7032.6	1647.6
1899	331.79
5446.8	2013
4989.5	188.64
5046.2	165.52
6823.6	2162.9
1404.6	2333.8
4206.3	1607.9
6901.1	1513.1
1548.8	1272.8
2841.6	1746
1483.9	1853.9
4981.7	219.89
2014.9	2418.2
6537.9	2718.6
6721.1	1543.8
2017.4	2675.8
5577.2	2372.3
1433.6	1999.3
7238.3	1937.3
5235.3	363.24
7156.4	1476.2
6360.7	2902.8
1547.5	2026.1
3598.6	4098.5
3512.7	49.274
1934.2	412.75
623.57	2789.2
4861.6	2061
3394.4	54.966
5448.1	2046.7
5019.3	231.65
6550.8	2024.6
2971.5	2062.9
6239.2	495.03
6688.9	1489.9
6647.6	615.06
1413.8	2915
1528.3	1081.3
4227.6	1615.9
2638.6	1956.1
6288.6	2019.6
2112	1652
6814.6	1749.1
5290.6	239.94
3748.7	2303.4
1178.6	2465.2
6453.1	2338.3
2840.1	2321.1
1323.4	2470.5
1628.5	340.98
4654	2008.9
1373	2003.3
7185.5	2064.3
6600.6	2112.8
5912.2	1200.7
1621.5	1523.6
6240.4	2324.2
1075.7	3730.6
6943.2	2019
5876.4	822.29
7064.5	2853.5
5877.8	825.63
6338.4	2921.1
6625.3	749.91
6239.3	2065.2
3693.6	935.32
3942.6	402.27
1855.4	1273.2
1528.4	1082.7
6911.3	1583.3
6085.3	2049.2
5563.3	2067.7
4208.2	1653.7
4158.6	910.92
7283.6	1142.9
5629.2	2064.1
6475.5	1014.9
5490.6	2104.6
1628.5	340.98
1071.9	1876.2
1628.5	340.98
4449.2	1670.1
6420.4	1255.5
4283	1894.7
5017.7	2078.5
7326	1747.1
5801.4	547.75
5568.4	2255.3
5695.8	803.99
7274	1795
1804.5	656.45
5981.1	1797.5
1262.2	2315.1
7264.4	1388.5
1700	2843.8
5710	2484.5
2461.5	538.43
6512.3	701.12
2046.7	2134.3
1690.6	678.44
7281.5	1142
1628.5	340.98
5675.1	1144.9
3255.6	882.96
5669.9	1975.7
1630.5	339.54
2114.6	1627.3
6361.1	2720.2
418.98	2433.3
3333.5	1590.2
3489	44.799
6649.5	776.14
5004.1	1045.5
5321.1	1962.2
5678	2040.3
2273.9	2180
5517.4	353.3
5708.6	424.02
4051.1	2369.5
6562.8	824.14
4794.2	1639.7
6170.9	1317.4
4111.5	440.95
6032.3	2043.1
4557.1	1001.6
6591.4	2145.6
4911.9	1814.3
4136.8	2120.4
3951.4	2073
3770.9	1858.8
1817.8	534.89
1322.4	2054.3
1630.5	339.54
4838.1	2292.7
5657.2	1973.4
5321.1	1962.2
3297.9	909.9
6823.6	2162.9
1565.4	1168.9
2094.4	1786
7333	2471.8
6787.3	1687.2
3935	2938.7
6812.9	1751.5
2143.9	2938.8
2992.9	516.81
4963.1	1819.2
6079.3	2113.6
6251.6	2132
5228.3	1699
6240.4	2324.2
5557.2	2984.6
2559	4198.8
2364.1	2006.7
2507.1	534.51
1542.5	1846.3
1699	2004.8
1269.4	2157.5
6189.9	2904.8
6841.6	1547.9
7227.9	1715.7
4859	565.93
4837.7	1808.8
5683.5	1991.3
6030.2	2065.3
5517.4	353.3
1958.8	317.46
4911.9	1814.3
3085	885.41
1487.2	1818.1
1721.4	1287.2
4029.4	409.73
4745.8	1983.5
4847.9	135.02
5937.1	419.79
1543.9	1801.4
2055.3	941.94
4493.7	93.375
1411.1	2167.2
2843.9	938.34
3048.9	1852.1
3295.9	894.14
5877.8	825.63
2046.7	2134.3
4963.1	1819.2
2997	2351.1
6394.7	1390.9
2257.9	2297.7
1844.9	706.65
2825.7	1995.7
1899.6	557.85
3083.2	2325.7
302.91	98.304
1628.5	340.98
1329.4	2236.1
4112.4	2425
1310.2	3737.8
2550.7	121.01
1329.4	2236.1
6574.1	735.77
2636.8	134.95
3123.3	2749.8
6723.9	2191.1
6649.5	776.14
5862.4	4006.8
4987.4	1832.9
4424	1967.3
5226.5	1703.5
2100.1	1963.6
1085.3	2838.3
1605.9	1837
4380.5	54.065
1587.1	428.67
3238.6	1576.2
1310	3684.8
5519	1305.8
6647.3	2166
3628.9	1928
2110.3	1807.9
5683.8	1158.2
5255	3120.3
7286.3	1144.5
5155.9	2004.3
4851	157.64
3266.5	825.97
6237.9	2555
1799.6	370.92
4980.9	1662.8
2654.4	140.54
4212.5	1604.5
2258.6	39.175
1120.4	1440.2
1828.6	549.45
1577.2	1854.4
3110.4	1219
2207	1796.9
747.85	2538.8
4136.8	2120.4
3936	2054.9
6227	542.41
6443.6	1206.4
5690.5	1877.1
5286.8	2044.5
6898.4	2162.1
4324.2	1879
3821	40.9
359.14	2388.2
6582.7	2257.9
6931.9	1597.6
6927.8	1427.9
6837.5	2699.8
4695.8	1909.8
5093.7	242.18
3618.5	1593.2
5320.1	669.95
6208.3	2058.4
3775	1860.5
5937.1	419.79
1146.3	2130.9
1863.3	2857.8
6578.3	1490.7
7211.9	1792.3
3938.1	1987.8
2285.5	2028.4
4901.9	19.216
3072.5	1871.6
1825.9	2749.3
7305.4	2969.1
5886.2	1181.9
1741.8	1115
4059.7	1984.4
694.02	2464.7
6647.3	2166
4745.8	1983.5
4479.9	2697.5
1681.9	2843.5
6044.7	2103.2
3719.9	909.88
4874.4	2121
5585.2	2472.8
2038.2	1919.4
6681.2	1503.7
4951.8	1798
1702.2	2854.4
3266.5	825.97
3721.8	61.312
7325.2	1555.8
2046.7	2134.3
6839.7	2070.8
5782.9	513.27
409.31	2415.3
3874.4	1927.6
5997.3	2000.1
1585.9	246.19
4986.7	1704.6
5460.8	2465.4
6141.4	2079.3
2527.2	4303.3
7032.6	1647.6
1700.8	1981.8
4458.9	1678
4384.2	1883
2460.9	164.39
6273.2	1892.8
3285.1	1835.5
2661.9	2893.2
1659.8	889.5
2979.5	1761
1732.6	671.94
6506.2	2160.3
7039.8	1666.3
2485.6	165.15
4495.7	836.9
1314.9	2218.3
7126.9	1344.3
4182.2	912.01
4502.3	1943.2
4055.2	2396.3
3938.1	1987.8
5829	3106.6
4042.7	2320.7
7023.3	1613.1
2654.4	140.54
303.18	1638.6
5791.4	534.93
1508.8	2639
1630.5	339.54
6839.7	2070.8
5524.7	1964.9
3819.4	1973.8
6839.7	2070.8
3058.5	3994.6
2109	1646.8
1373	2003.3
3277.2	86.226
6106.2	2049.8
6239.7	2658
4874.4	2121
2355.5	1850.6
4773.9	2370.4
6231.9	2987.4
6832.3	2127.7
4813.7	2711.2
1805.1	348.28
2197.9	2243
4946	1832.6
4723.8	2666.2
6425.5	1228.5
1444.2	2489.3
1882.2	2860
5937.1	419.79
6958.3	935.53
5678	2040.3
2347.7	186.75
3265.5	492.59
2000.3	1674.1
6546.4	675.03
3472	77.439
5199.7	63.081
4901.3	1794.2
2213.8	1625.3
51.765	2464.3
6711.5	2135
6824.4	1061.2
6117.5	2331
1727.6	389.09
2877.4	92.961
4748.1	2569.8
2840.1	2321.1
1988.9	1931.1
1275.1	2084.8
4512.4	77.915
6377.1	651.69
4055.2	2396.3
1362.9	1973.7
7211.9	1792.3
4032.8	495.17
5862.4	4006.8
5498.4	2175.7
4434.8	1967.2
3292.2	808.14
3825.9	1213.4
1503.8	2686
6902.3	2558.3
5198.8	48.157
1538.1	1115.2
2034.4	2235.8
3012.4	2274.3
5731.7	2435.4
482.91	2320.7
6156.3	1905
5608.1	2101.4
6901.1	1513.1
6749	3041.6
4901.9	19.216
5782.9	513.27
625.23	2925.7
6227.9	2641.8
5265.3	1963.2
6647.6	615.06
4001.6	2109.6
4461.9	1679.7
1518.2	1723.5
1371	2001.4
4841.9	1303.9
4546.9	291.97
1949.5	363.94
6554.3	2709.6
4032.8	495.17
4384.6	1892.1
1219.8	2864.7
6574.1	735.77
2024.5	2600.1
7318.6	1295.9
5345	1939.7
1509.4	2105.2
2024.5	2600.1
7108	1057.7
5458	1363.2
4829.6	1819.5
1543.1	2956.8
4581.4	92.522
5679.1	1184
2966.8	2076
5357.3	535.73
6625.2	2026.3
1599.8	249.71
1495.8	1183.9
6354.8	2847.5
2453.6	2900.6
3747	2235.8
4584.8	104.87
3991.6	877.43
5267.1	263.85
1601.2	344.39
2124.9	2911.7
2592.8	855.41
980.33	2866
1585.9	246.19
5625.8	2399.7
1985.9	1665.7
4591.8	967.31
2653.9	1940.6
3676.3	927.74
4946	1832.6
3819.4	1973.8
6055.3	2793.2
6839.4	1546.4
1348.2	2068.2
5550.9	1737.2
555.21	2169.8
4502.3	1943.2
4084.7	886.98
6566.2	2321.8
6520.3	1696.3
1714.5	2561.2
1564.4	1166.5
4713.2	2462.6
4779.4	1815.4
6830	861.33
1244.6	2457.3
6434.1	1880.7
1596.3	1855.8
1509.2	2030.9
109.2	2391.9
5870.3	2650.7
1335.5	1751.7
4723.8	2666.2
6988.4	950
6930.8	1588.8
3763.7	52.21
6353.3	575.96
4510.1	1950
6224.4	2885
5517.2	2802.6
7004.1	885.37
4841.9	1303.9
6925.2	1401.6
4693.1	938.91
3843.5	2012.3
7159.9	1652.9
5603.4	2153.6
1771.1	1965.6
2053.6	1989.1
3333.5	1590.2
5682.6	1999.2
2996.3	2513.9
3258.4	1564.7
1543.1	2956.8
1714.5	2561.2
1542.5	1846.3
4914.3	1650.4
3981.7	1970.3
720.94	1823
3894.4	1651.9
4132.7	2192.1
3168.6	2282.1
2148.4	1034.5
6503.1	2138.8
2616.4	163.11
480.11	102.17
2635.6	2912.5
2681.3	3176.7
6156.1	1958.9
3162.3	2428.6
6546.4	675.03
6237.9	2555
2157	1046.6
3763	1931.7
4191.2	1938.8
6565.8	3631.8
5607.1	1140.6
5534.7	1725.6
2244.6	946.45
6344.7	3229.1
5625.9	1877.1
2869.1	909.32
3068.8	1729.3
5945.6	1246.7
6552.8	2011.6
6377.7	647.03
4723.8	2666.2
2171.5	1203.7
4775.4	1906.3
1949.5	363.94
1863.3	2857.8
4541.3	72.607
7152.6	3134.8
2198.5	2886.7
1985.9	1665.7
3089.7	3386.1
6956.3	2245
694.02	2464.7
6993.5	1523.2
2980.6	1753.1
6284.7	2090.1
1564.8	1859.1
5227	1714.5
2264.7	2101.9
4653.3	2545.6
2641.9	3177.3
6946.4	916.99
1260.9	2556.9
1579.7	3710.7
1190.2	2550
6156.1	1958.9
6839.7	2070.8
1681.9	2843.5
4737.7	2538.1
3747	2235.8
6224.4	2885
2994.1	82.115
1721.4	1287.2
2894.2	110.1
5629.6	87.469
5828.6	1566
6770.1	1726.9
1666.3	1925.2
1109.6	2383.4
6156.1	1958.9
4653.5	2011.4
6925.2	1401.6
1493.4	2143.1
3109.6	441.35
3761	22.904
6738.1	2005.9
2244.6	946.45
1841.6	927.73
4989.8	138.84
6228.8	2489.1
2473.8	577.21
7125.7	1224.7
2293.2	2562.1
4937.4	2064.3
2181.9	1190.8
5209.6	102.47
6316.2	786.86
4722.6	101.58
5780.3	2973.5
5390.4	860.74
1945.1	1302.3
4531.7	230.38
5493.8	1776.1
2054.3	2874.2
4059.2	1957.5
6100.6	2721
1529.4	1054.9
1683.2	934.08
3747	2235.8
5046.2	165.52
5046.2	165.52
1321.6	2562.8
1247.7	2396.8
6839.7	2070.8
1526.5	2919
5914.8	1166.9
5603.4	2153.6
5774.5	443.97
5378	303.14
4711.9	815.56
3751	2416.1
2124.3	217.76
4166.2	2960
6696.1	2835.1
7096.7	1668.4
3748.9	2232.1
5273.5	185.56
4862.4	2051.7
3213.6	972.17
1592.5	2943.1
3746.8	2635.6
1681.9	2843.5
1939.3	2878.4
5634.8	1891
5308	249.34
2026.1	2604.1
5199.7	63.081
3891.3	1561
2097.5	934.28
7269.5	1300.6
6620.1	2699.5
4789.8	1988
5575.8	2431.2
3719.9	909.88
2170	2732.2
1167.1	2850.7
2292.1	2182.3
3767.6	440.58
877.44	2726.1
2188.1	2364.5
5634.8	1891
4920.7	1749.4
5596.7	1887
1413.5	2562.4
4502.3	1943.2
3761	49.295
2199.3	982.14
4055.2	2396.3
2199.5	2242.7
6785.1	1848.9
1683.2	934.08
850.76	2768
6868.7	2806.4
4700	1965.6
1545.7	2265.7
7188.6	1741.3
2231.9	2899.1
2157.7	1211.7
4767.9	142.46
3928.7	2282.9
3851.6	2105.9
2148.4	1034.5
2084.7	191.41
4510.1	1950
4946.9	1501.8
1882.2	2860
4779.7	818.56
4595.6	850.32
5585.2	2472.8
6520.9	699.68
5662.9	1877.9
4111.5	440.95
2038.3	2144
4838.1	2292.7
6150.1	2748
5019.3	231.65
2145.4	1041.1
7138.5	2832.9
7087.5	1498.1
4862.7	571.08
5046.2	165.52
1683	2016.3
5791.4	534.93
3932.3	2074.1
6024.9	830.44
4835.6	1818.1
4838.1	2292.7
7067.1	2898.7
5178.6	1903
3960.7	2966
2244.6	946.45
5369.9	3131
5936.9	412.41
4510.1	1950
5322	111.62
4502.3	1943.2
5583	2081.9
6546.4	675.03
2244.6	946.45
4077.5	1771.3
6546.9	722.93
3763	1931.7
2963.1	3179.1
5879.3	476.99
4600.4	849.11
3939.6	2015.1
2074.3	243.41
811.01	2622
6681.2	1503.7
3074.5	1595
7017	1655
2244.6	946.45
6574.1	735.77
1379.6	2823.9
5936.9	412.41
6738.1	2005.9
1537.8	2642.2
3023.2	2096.1
5659.4	1839.1
