7127.5	2749.1
3946.9	1005.7
238.74	1653.4
5683.4	1067.6
2080	1165.4
2022.5	924.05
1860.5	1178.1
1615.3	1591.9
2201.3	2220.7
2806.6	166.18
551.72	788.34
2845.5	797.83
6827.2	3103.1
4433.5	1798.6
378.63	921.55
3605.9	1019.6
79.981	1146.1
420.1	888.17
3393.6	3234.2
1802.1	583.14
340.61	950.13
3819.2	757.64
2166.8	2377.7
4371.1	719.18
6311.5	2674.3
2659	1089.9
215.7	1597.3
7235.7	2642.4
224.44	1217.5
3256.5	2963.9
6909.4	2117.5
4640.1	2733.6
3580.1	2296.6
5783.6	1747.8
450.54	1340.3
3412.4	315.01
498.8	1848.8
5775.3	366.02
288.71	1434.2
5958.2	1065.1
6103.3	2678.9
3656.6	1891.3
2785.2	1061.8
5357	903.97
7236.9	3514.4
271.73	1617.3
2263.7	2376.4
443.71	1229.7
4174.2	1589.5
6847.2	2240.9
191.02	1567.2
162.57	1515.9
1703.2	1660.6
1351.3	1328.9
4840.1	2668.3
4423.9	1811.6
5422.2	2928.8
7307.6	2194.5
2251	758.9
7257.9	2292.5
5481.7	1719.9
2701.2	2305
2639	1911.6
3558.7	993.85
5344.5	3135.9
230.7	1059.4
4304	2211.2
83.078	1666.3
1133.5	1790.3
175.1	2118.9
5397.1	1852.4
6129.7	3352.1
5476.8	2470.6
6104.1	2521.3
6140.9	2002.9
4589	1130.5
7192.7	2171
4718.6	1884.5
4134.5	1575.5
202.14	1085.2
287.76	1329.8
5605.7	2345
5788.2	3151.5
4756.1	372.37
85.095	1722.7
6788.5	2872.6
1181.1	3671.8
2339.1	449.56
972.18	3693.9
179.15	1049.6
2366.2	2506.4
3241.8	978.75
141.59	1696.1
6618.8	1983.1
34.29	1718.7
67.43	2136.5
1403.6	51.746
2094.7	2160.8
201.01	1630.6
4664.2	3570
4720	22.711
1366.6	3566.8
2486.2	617.47
4959.3	1661.6
98.204	1180.3
194.41	1597.5
167.36	1650.7
3892.3	1902.9
4247.4	513.89
4844.3	3202.5
577.21	4536.7
4301.9	2276.2
3874.9	23.518
286	1322.8
7183.1	2435.3
2574.4	2101
2581.8	1084.3
993.34	3704.5
4870.9	2622
206.98	1022.8
295.49	1004.6
3819.8	586.36
2092.6	2274.5
50.426	2151.9
3668.5	339.37
1052.9	1694.1
6435.7	1803.6
3559	1019.4
6225.1	2244.3
4351.1	3095.1
1704.1	1649.6
165.25	1629
5896.9	2614.9
4618.5	2106.6
2091.4	2387.9
4283	982.62
4736.6	1737.8
1425.8	977.55
3809.3	609.99
257.1	1577.1
2326.5	157.18
1167.1	3685.8
4634.2	354.05
3522	982.46
1158.8	3687.2
6464.7	3401.1
4766	1267.8
62.332	1715.9
1148.3	3667.7
2096.5	2271.4
89.691	1246.2
2190	2175.1
4365.2	888.64
5431	1238.3
1266.4	3162.6
2221.5	1047
1158.1	3671.5
7106.9	1316.9
7146	2597.6
339.33	1515.9
400.36	909.18
6495.8	957.67
1946	2688.8
5061.7	3027.7
6139.1	1731
2150.2	30.349
2002.5	246.78
1394.7	1670.5
14.523	1273.4
4960	875.34
291.24	1493.7
2147.4	744.83
2503.1	712.11
7230.9	1403.7
6892.1	2866.4
5177.5	3069.2
3386.1	961.47
60.85	1691.2
3729.6	2059.8
4344.9	627.35
5740.7	135.79
440.06	1361.4
413.72	1579.9
6836	2520.4
512.65	991.63
3390.4	1572.9
6216.3	443.95
7175.6	3096.4
2839.2	747
662.81	1840.3
6518.8	3650.8
3941.3	993.16
6836.8	2386.4
336.82	2016.4
179.11	1591.9
41.339	1749.8
595.71	1854.3
5373	200.2
5856	1064
5955.1	224.83
6612.2	2865.3
3474.1	2071.6
6183.9	1198.3
965.56	3699.6
5501.3	3095.5
3778.5	601.21
4260.9	804.95
3987.7	2067.5
3613	990.02
5330.1	2442.5
3950.8	358.68
147.94	1602.2
1634.5	1206.7
129.09	1725.1
3446.4	3077.6
4840.5	961.39
5467	2459
3439.8	2084
3494	1818
2887.3	2008.3
5611.3	1063.1
4043.5	347.61
3552.4	1818.1
4022.4	1821.5
335.65	1302.6
2796.6	648.35
1531	1001.2
5994.6	1716.5
4291.7	2788.8
279.19	1522.7
6268.8	3140.6
3763.4	680.01
127.2	1305
6698.8	2289.5
5511.8	1448.8
3828.2	339.53
2041.1	1845.3
6501.8	3438.8
148.02	1700.7
1094.5	3692.7
3611	1818.1
7198.9	1388.6
7001.5	2115.1
6928.2	2371.7
3320	2283.7
6938.8	2282.8
398.54	1675.4
3530.8	2356.3
335.52	1299.2
3144.9	640.52
4219.2	305.29
4635.7	2709.7
6381.3	925.83
4291.6	2542.6
6929.3	2369.5
2754.6	2345.5
89.123	1161.8
5219.5	281.93
7028.1	2441.2
43.976	1669.6
2158.6	2396.2
6162.3	2903
1258.3	3210.1
1150.3	3687.5
6700.5	2432.8
4292	1049.5
1025.1	3687
277.05	1978.7
59.846	1135.7
4250.6	688.02
25.269	2633.1
6700.3	2361.4
1381.5	2498.2
5276.9	3066.6
165.56	1091.3
4569	893.68
6928.3	2437.2
5740.3	96.156
5106.1	2442.5
5871.7	2887.1
2355.3	1855.8
4109.9	365.77
7089.5	2858.1
3118.7	2969.2
6699.5	2434.7
3204.4	1822
6929.3	2305.8
3780.6	1448.1
7000.4	1955.4
1501.8	2227.5
6753.4	1113.2
2624.1	1924.9
6407.5	1415
5401.8	1112.6
6277.2	2593.7
382.04	3143.3
699.15	1828.3
3756	602.44
2786.8	749.82
1208.8	1267.2
3141.6	926.64
7343.6	2309.6
1535.3	888
460.21	810.48
3537.6	1025.6
3669.4	1817.9
3473.6	28.558
1568.2	931.48
776.49	821.54
3961.2	1804.3
6372.4	2562.1
3555.3	2067.3
4196.4	51.399
7160.9	3098
6928.9	2307.8
3660.9	337.99
551.24	740.61
1725.9	113
4969.6	2117.5
1648.1	143.27
3699.8	344.27
4157.7	924.78
1151.9	3707.2
370.11	3148.4
141.86	1705.3
6279.2	2509.6
3228.4	3305.2
1215.5	3517.3
5887.7	2422.7
5644.6	3380.2
795.82	2387
84.517	1483.3
1500	2226.6
3800.8	604.32
446.72	1199
7108	1333.5
6700.4	2285.9
6313.3	973.6
1601.4	1219.5
3627.5	984.02
5888.1	659.95
4526.2	1542
6471	3540.5
3209.8	3084.4
3095.7	2086.7
198.36	1649.2
4912.7	1621
2757.9	716.43
1788.5	1216.7
98.353	1059.4
3929.8	350.57
4479.8	132.76
4219	2128.7
2713.9	360.84
275.09	1607.1
5790.2	2159
6344.9	1177.8
1990.8	864.21
449.81	1348.8
3491.9	4419.4
6255.2	778.02
165.4	1093.1
5791.3	2949.7
5451.9	2857.8
2164.3	2414.8
269.65	1647.2
2102.6	44.866
3927.4	302.83
1547.1	653.69
716.04	1259
2339.4	1065.6
6733.4	1422.6
4903.6	855.77
319.49	1043.2
1241.4	1097.6
25.529	2615.3
6462.1	2602.3
2254.7	41.108
3333.2	943.03
1653	309.9
7056.4	1299.3
5841.2	2520.8
1123.5	3731
2635	2604.1
2667	1785.7
5387	1013.3
3522.1	641.42
6173.2	574.94
3583.3	2053.4
44.74	1683.6
4720.2	2739.9
4300.5	1793.1
3072.1	378.55
1823.8	133.11
2320.7	24.627
1976.5	826.63
87.993	2028.9
2042.6	160.85
448.37	1353.2
3957.9	925.51
6279.6	2255.1
3949.9	895.77
4128.2	2091.7
6847.4	4086.5
2271.8	2385.6
1501.1	2250.6
6277.8	2258.1
4803.9	1691.5
3559.8	331.73
6035.6	2072.8
4196.4	139.78
2184.9	24.487
6281.7	2422.3
4090.2	1514.3
3621.1	297.05
85.571	1207.9
4292.2	2415.4
6391.5	2669.3
3803.9	4006.9
2090.5	547.02
6701	2243.7
432.34	1239.7
3945.3	997.65
6234.3	764.46
3621.1	924.13
6135.1	271.65
2051	1816.4
44.384	1734.1
3577.6	310.51
3990.5	354.35
3779.3	634.14
6403.8	1415.5
5580.6	3378.7
4686.7	200.63
6960.7	1215.9
3461.2	2846.8
6279.4	2199.8
6929.2	2451
7020.1	1129.4
1229.2	2150.9
3435.4	314.81
1103	297.3
6289.1	478.7
120.8	1182.9
4203.5	204.01
7343.8	2341.1
5411.6	2147.6
2812.3	2303.3
108.78	2185
1913.3	101.76
1754.9	193.33
2818.6	745.93
1625.4	1214
3898.8	568.29
5338.8	3156.8
1696.6	1633.4
2081.4	1599.4
3033.9	1827.1
6884.4	2084.1
6995.4	926.39
2545.5	1083.5
2050.3	1279
4282.3	1308
1578	1918.4
3089.9	374.62
2365.4	1543.3
3347	1020
7220	1627.3
2843.1	384.6
2405.8	1555
3891.8	343.85
210.39	2001.2
147.28	1672.3
110.64	1186.9
6105.3	2591.4
1875.3	140.18
4670.4	1803.7
276.68	1599.4
44.319	1725.9
4097.6	3006.6
3537.7	589.24
133.99	1687.5
2835.4	794.31
6244	3293.7
5843.2	2531.8
3483.6	1880.4
6571.1	1944.8
2864.7	1815.9
3948.4	572.68
2438.3	1565.4
6258.4	1760.1
3592.6	344.84
6374.9	3546
2278.3	1050.2
289.36	1441.3
62.069	280.18
6699.1	2304.8
1386.2	1939.9
7237.5	2437.5
7002.4	2122.3
4678.1	1349.2
6495.3	3560.8
1252	564.75
6696.3	1356.4
58.741	1727.6
6928	2555.2
4034.9	595.91
6191.3	2882.2
4392.6	1885.8
6737.7	4346.2
1389.7	2592.2
3779.5	1003.8
976.57	1392.2
2939.9	1921.1
1950.6	2681
278.85	1035.6
1694.8	342.33
4194.3	104.83
1166	2642.6
7030.4	953.69
7345.2	2389.3
3655.6	1011.5
1694.2	1627.3
4476.8	757.2
3905.4	975.82
1156.7	1857.4
1328.4	2197.2
6281	2584.1
1167.4	2640.2
364.72	1688.9
3607.8	2205.9
5254.3	2324.3
74.865	1280.4
4129.3	4047
203.94	2107.8
289.35	1446.4
4108.7	3026.7
3500.5	595.42
1902.6	245.42
3913.4	958.91
3586.7	588.33
1843.5	3839.3
3558.1	2277.1
4676.3	1333.4
3664.9	594.63
3928.8	1761.4
429.27	1239.7
6003.6	2339.7
20.389	1553.9
3319.3	1786.7
2839.9	2702.5
3538.3	3587.3
4976.1	2182.1
3630.2	977.83
3396.6	3288.3
6469.5	1959.4
1400.6	1310.8
6685.1	3001.1
2155.7	805.42
3335	2808.4
1920.4	3965.8
3133.7	1517
2562.6	184.41
3495.2	4546.7
4515.1	1633.4
145.84	1663.7
4930.8	800.34
564.57	3044.1
52.037	1605.8
3073	657.06
6259.8	462.1
4915.9	3644
62.542	1477.3
7063.1	980.26
283.51	1446.9
958.68	916.97
3837.4	78.894
7337.5	1499.4
5855.9	1976.8
2335.5	1824.3
3464.9	1761.9
1490	1694.9
5579.1	2886.3
536.23	2018.9
3166.3	1516.7
2795.3	1542
1041.4	420.59
2294.3	2939.6
2298.4	1809.9
4723.1	3437.3
165.2	1083.2
1259.4	3488.3
6238.9	284.05
763.52	600.35
1956.4	775.76
4014.7	919.91
1328.9	2298.7
1647.6	3903.5
3622.2	1025.8
5374	841.88
6418	1646.2
2800.5	2257.1
94.953	1278.3
1688.3	1622.8
2868	376.31
86.418	1491.1
601.38	871.93
287.15	1302.6
769.83	3563.5
2895.4	1527.4
6021.3	250.7
3777.9	641.92
4008.8	315.26
6511.8	598.45
6327.7	498.04
5479.1	1608.2
7344.4	2436.4
6939.5	2131.8
6974	1110.8
5316.1	480.95
4272.8	1152.9
6284.2	2368.3
3259.9	1805.6
1331.7	2197.9
3231.5	1025
1369.8	1565.6
6347.1	334.29
3987.5	4178.7
5963	3255.1
7103.1	1304.7
1942.4	2326.8
4935.1	1818.7
2666.5	1037.2
61.178	1579.8
1673.7	1665
3947.3	598.45
261.13	1615.5
6445.5	1906.5
4781.3	3010.4
4410.1	1757
6568.2	631.87
3984.8	997.51
6978.9	913.66
96.25	1717.6
1469.4	1607.4
823.1	987.36
1001.6	449.86
2904.8	1921.6
98.315	1717.5
1850.3	3995.5
6919.7	1459.7
3929.6	596.19
3603.3	357
81.802	1730.5
3226.9	3202.4
5245.3	926.7
3412.5	923.97
6282.4	2445.8
7183	1081.4
6812.8	792.9
2743.6	379.07
4719.4	1393.4
4121.1	3044.7
3831.8	1020.7
1705.4	1853.8
2233.1	2310.5
193.12	1666.5
5879.7	3354
6948.2	1199.7
117.87	2153.7
3502.4	3431.7
1857.8	1885.3
4303	1473.2
4825.4	3401.3
7345.5	2433.7
2061.5	3724.6
44.664	1438.8
6580.3	2370
1158.3	1856
1593.3	1190.5
1160.9	2643.9
59.318	1598.7
5093	3418
6436.1	2879.8
2727.7	2957.9
1938.5	1879.2
3860.3	1163.1
3489.2	1794.1
3420.9	1763.2
2908.3	2252.2
5843.5	3347.9
2660.2	994.98
240.91	1210
3593.1	326.99
1008.5	3650.3
1760.4	3759.6
181.26	1665.5
4073	1667.4
4970.4	2322.9
1562.6	640.99
7345.7	2450.9
2319.9	1571.6
6280.5	2278
1845.9	1626.6
3622.8	1523.1
3020.6	546.78
7096.1	1007
1463	1937.3
3727.8	2976
1566.5	17.886
231.27	1991.7
6673.9	698.15
2972.1	1897.5
3840.8	1026.1
6282.5	2363.6
6194.6	2129.8
552.23	905.92
823.42	990.64
3463.4	666.31
4673.7	1351.6
5651.3	3178.9
7127.3	1032.6
2071.4	1144.8
6048	2164
30.125	3042.6
6157	3374.1
2854.5	1486.9
503.6	765.06
5855.4	2623.9
3517.8	4831.4
3908.3	998.05
5187.4	1614.4
6723.3	731.37
3517.4	922.95
2577.9	712.31
2101.8	1825
32.825	1748.8
6745.7	1078.5
3856.4	1762.9
3492.6	1802
3731.8	1760.4
859.41	1967.4
7167.9	2909.1
5683.3	2341
901.74	2397.4
297.92	1479.5
6698.7	2032
3928.4	1003.9
2624	1546.6
1696.2	1685.8
6549.5	1697
4666.8	1727.1
4758.6	3189
6898.7	2115
6928.2	2513.1
4235.9	1513.4
766.27	2196.8
249.1	2120.7
4209	4560.3
4209.7	4560.4
2268.8	3843.5
390.87	883.14
7217.7	2139.2
764.5	682.09
5187	2236.8
5748.9	320.98
1249.4	2114
3014.4	616.27
6857.9	823.98
2483.6	1786.6
2089.1	1824.7
5484.9	1742
1514.1	2865.9
817.44	1741
5780.8	2158.1
4305.6	1682.6
1003.1	3647.3
3495.6	3402.7
1912.2	139.68
757.48	603.86
459.15	799.75
1286	1928.2
2420.4	1798.7
1646.9	1892.8
6520.8	2009.4
602.63	691.77
6320.7	1784.7
1986.2	1161.1
5190.5	2234.8
7282.1	1170.9
1549.6	679.51
2365.3	1797.6
3246.8	3344.1
1914.5	1200.1
1354.3	1825.7
4545.2	653.21
3813.5	1452.2
1740.2	1874.5
625.81	1847.8
4570.5	648.9
5249.7	925.1
163.97	1396.4
3318.4	1804.7
2530.7	739.87
246.27	1064.1
3801.2	578.73
3851.3	1468.6
4048.8	356.41
4065.6	1794.5
1078.3	3222.2
6169	224.33
6971.7	1138.8
3667.8	358.6
2567	675.21
47.108	2780.5
5827.3	3393.6
6244.8	370.57
1298.8	1264.2
6095.5	2667.1
546.41	1878.2
6154.3	3372.2
6020	2998.6
6015.6	2869.3
1580.3	2383.1
3928.4	1916.8
3488.5	923.67
1939.6	1312.7
2755	365.74
3743.7	2267.7
49.999	1702.3
493.84	1217.8
4505.3	1972.6
6224.2	369.86
7153.1	1056.1
4565.9	231.14
3382.1	3332.6
3466.1	306.79
1710.4	3824.9
432.46	918.37
4923	810.91
4269.6	811.66
4699	1352.5
2248	1814
103.52	1647.1
1010.5	3651.2
6510.2	4479.2
1105.2	3228.9
4210.8	2778.6
1402.3	1912.4
6674.3	1861.4
4741	2980.1
2660.3	643.91
355.57	1118.8
5184.8	149.31
7050.4	1435.7
642.01	1995.8
554.92	897.99
1630.8	1886.8
420.35	1815.9
6926.7	2575.4
6152.5	1210.6
6929.2	3520.7
3321.1	2740.8
3793.5	607.9
1554.3	3319.8
3598.8	2231.7
3683	4428
5313.1	428.44
2999.7	4263.8
2806.9	2634.7
2108.3	282.79
4617.7	2650.1
3442.8	577.97
781.48	1916.1
2935	1768.3
1000.3	3645.3
6057.9	300.27
2936.4	559.25
3388.4	3365.9
4087.6	934.65
3457.5	1774.5
3681.9	1001.3
6557.5	3525.4
3881.3	520.64
3693.2	3970.1
3492.8	576.95
2976.5	624.99
5696.3	60.835
5752.7	1909.7
5865.8	3359.8
7058.7	2103.2
341.19	978.33
2155	2327.3
4053.2	583.41
3374.2	3047.3
2827.6	621.21
1776.4	1254.6
3663.2	3342.6
5572.8	2123.6
3495.5	3351.1
4357.6	3191.8
5824.4	3346.9
3076.1	1908.1
4705.1	2978.9
2654.4	3944.6
3511.2	305.05
5065.1	1845.8
3414.1	265.05
1677.1	1664.3
1433.3	1943
6482.4	1939.6
3443.8	1517.3
1892.8	1869.7
3641.6	574.03
4312.9	1607.8
2704.7	1804.7
4657.5	634.73
391.26	948.04
6811.4	2859.1
5585.7	2860.5
163.73	1393.7
3945.4	2235.4
6505.7	2605
7210.7	1105.8
7257.9	1148.4
47.92	1200.2
5268.4	843.41
3865.6	520.65
7086.8	3637.8
5676.1	1575.4
6592.6	2619.6
4537.9	2959.1
2155.8	505.79
2456.7	2955.2
2845.2	4201.1
434.18	1361.6
1031.9	689.49
4940.7	3471.4
2954.7	394.6
7135.8	2354.6
4027	3914.9
