1295.5	1389.6
3223.8	2318.5
7189.1	1687
46.466	2828.7
1815.4	1269.7
2414.7	2328.7
4495.6	934.31
4491.1	946.52
5247.6	1028.7
2849	845.02
6067	1203
4030.3	894.05
1893.5	1066.3
3516.9	2956.1
2430.1	1034.1
1101.4	2348.4
1890.8	1072
5537.1	1113.2
919.12	1505.6
4167.9	1904.8
6068.3	1206.1
2358.8	2918.9
3651.1	893.84
2843.6	940.54
3651.3	939.59
5256.8	1058.4
5243	1038.7
3172.6	911.58
1558.4	1983.4
6300.7	1195.2
5514.7	129.19
5913.9	3255.9
4516	926.06
2833.9	945.37
6644.3	1404.4
1647.1	1302.7
3199.6	1856.4
179.35	1074.6
2659.4	2123.3
6174.6	394.98
3132.7	1860
6452.2	2415.3
1365.2	1238.9
4964.4	1937.8
5263.3	1959
4187.2	1895.5
4507.1	1916.3
3386.9	2353.7
3879.6	1848.8
6038.7	563.5
1143.4	1283.4
2772.9	978.68
2477.5	1913
3152.7	1926.3
1598.9	1158.7
4418.2	1905.4
5846.2	1154.7
752.91	1333
1595.9	1149.2
4573.7	1869.5
4417.9	1905.5
5959.4	602
3279.8	408.1
4929.3	1889.5
5885.8	2899.5
2567.5	2340.8
2870.1	454.58
1584.6	2003.9
846.93	1526.7
837.26	2072.6
4286.4	2330.5
2849.9	970.8
1767.2	673.51
2845.9	971.1
1902.1	1078.2
6504.7	570.03
1555.4	2344
5106.4	557.02
2854.8	943.7
7212	1630.5
6488.5	1285.8
1066.1	2673.4
7061	1545.4
1692.5	1767.2
792.47	1277.2
684.38	1132.2
2375.3	2013.5
6269.4	1200.7
4068	401.99
2859.3	479.46
4814	470.74
5037.9	1933.3
2417.6	2337.2
1728.4	1761.1
2643.6	1916.9
1059.4	953.76
2840	500.14
1748	664.92
1297.7	840.44
1368.2	1918.8
4309.1	1882.9
4038.9	791.64
4521.9	2001.9
1588.3	1004.6
6778.7	1411.4
6972.3	1361.7
5974.2	772.04
6482.4	2615.5
4725.4	803.42
1446.6	1049.7
6592.1	1400.2
1957.2	634.78
3491.9	1926.2
2550.6	2190.8
1431.8	806.86
5228.9	1985.6
1709.2	1958.6
6341.4	2092.8
1741.8	1282.1
630.64	1286.5
5854.5	1967.6
5499.8	631.1
1425.7	2002.8
4582.6	1639.3
2436.3	1022.3
3657.8	925.94
3558.3	2103.9
551.89	1400.6
956.88	1282.6
7215.3	2171.8
3528.9	2954.5
2543.6	2337.8
3275.3	446.34
1672.4	1960
4057.8	1845.5
5480.1	2332.2
1433.6	1993.1
1961.4	633.64
2858.7	497.78
5486.2	643.51
6042.9	410.08
3086.8	2998.9
2516.6	1941.3
1303.7	1969.1
1576.4	1979.7
809.78	2359
3615.1	398.65
5880.4	997.51
5733.9	1779.6
1356.3	1156.7
6757.7	1394.3
1727.4	2208.1
3080.8	1841.7
5691	684.32
6405.4	632.03
4236.7	1886.5
4483.3	809.95
1883.4	1015.5
6503.1	1373
4846.6	854.21
1418.2	2574
4083.4	2195.6
7139.3	1463
1753.2	847.85
1810.5	4097
1757.1	692.57
5458.7	601.42
659.39	1484.6
5477.6	2621.4
1861	395.46
1745.2	1748.8
5248.3	1044.4
2766.4	1951.8
2560.3	530.57
6329.6	1149.4
1253	1399.7
4227.9	1897.4
2605.8	1918.9
5222.6	2276.1
1729.1	2206.6
850.26	2077.8
2016.1	373.74
5535.9	1717.4
5614.4	1281.8
2302.8	1939.3
1283.8	2018.3
1951.1	635.31
4411.6	417.99
5916.6	3256.5
6602.6	644.16
2144.7	2900
342.19	2174.9
1648	2333.7
3639	896.95
2461.7	941.47
4379.2	1903.3
3615.8	440.55
6642.9	1421.7
1904.2	1068.3
3287.4	414.76
6111.5	989.84
4081.4	2511.1
1557.4	1954.5
1944.7	1918.5
4423.4	1915.5
1367.6	2563.6
2461.3	2301.8
1663.9	1962.2
4082.7	2299.1
5481.1	2524.2
7285.4	1666
1891	971.47
633.32	1298.1
5679.8	1763.1
1230.9	2089.7
4555.6	1863
1237.4	1407.7
4506.9	2759.9
5547.4	1019.3
4078.9	2511.2
4523.6	2002.5
5481	2428.2
6327.1	2048
3367.1	61.776
1354.4	1154.6
6769.2	1416.5
6536.1	605.12
1389.9	2091.5
672.99	1400.3
3592.3	440.24
4118.7	937.57
6905.3	1408.1
3192.9	913.07
4125.5	2195.2
3358.4	1914.4
3559.4	2194.5
1238.8	1407.7
802.25	1913.6
5250.7	1044.5
1665.8	2338.9
1040.7	782.6
2906.8	1913.8
1368.1	1213.9
3355.4	51.738
1770.9	2127.1
769.2	1082.6
3581.2	429.08
4401.1	419.04
6376.9	2088.1
5006.1	290.99
819.71	1910.5
5581.2	430.02
1891	1089
1254.8	1399.9
393.94	2136.5
6773	1131.4
7000.7	1517.2
4843.4	492.25
3078.9	77.765
4294.9	1660.1
7278.5	1101.6
1173	1899.9
2651.2	2268.5
1221.4	2183.6
2917	1946.8
1366.2	2399.5
2854.2	498.38
6158.5	859.27
1997.8	1947.7
6677.2	2103
837.49	1906.8
1585.3	2028.2
6726.7	1411.2
6213.5	2732.5
2060.9	81.152
6434	2371.1
1356.8	2998.3
4827.7	492.48
1170.2	2238.3
4823.9	1929.2
3386.6	1198.9
1367.6	1230
5262	913.6
2958.9	92.98
3747.3	695.26
3308.5	454.88
1525.6	2009.6
6754.5	1243.4
4104.4	1922.4
6303	2177.6
2447.3	1996.4
1057.1	941.41
2703.5	2934.7
1659.7	1997.5
3187.4	2726.1
3578.2	1980.9
1443.8	2037.2
6469.3	1346.4
5886.7	1013.9
4509.9	955.39
5095.3	1301.1
6964.7	875.62
1021.9	2260.4
2427.9	1918.2
109.82	2744.2
3517.3	48.742
308.52	1589.1
2379.5	2700.3
4639.7	1920.4
1509.1	2144.8
6301.8	2177.1
6057.7	1208.7
6144.4	1812.7
911.07	2412
4358.2	1954.4
4564.6	1643.5
5182.1	1903.4
1800.2	1376.1
1353.6	2491.2
3620.2	50.211
3962.4	1852
4969.2	2019.6
6985.4	1559.9
1437.3	2407.5
6262.9	1860.8
6955.4	1484.7
1358.9	2156.8
3226.3	61.174
1983.8	173.39
1487.8	2147.2
2783.1	1949
2823.1	118.61
5109.9	1709.6
3216.2	1859.2
6414.8	2386.3
3272.9	1971.8
1501	1961.9
2437.5	1997.2
4641.3	1921.5
2734	1927.3
6781.3	758.73
5835.4	325.19
247.66	2165.1
1643.3	2025.1
1148.4	1902.4
2703.4	131.04
3173.4	1912
4625.8	1921.2
1763.8	1986.9
2714.4	1999.4
6200.7	2113.4
1634.8	1994.9
2581.9	1893.8
653.81	2531.3
3897.8	1843.6
3533.3	2958.5
6076	290.66
2404.1	953.85
1523.4	2005
3168.9	1564.6
63.844	2064.6
2462.1	2302.4
1609.8	1997.4
1620.2	1090.3
3199.8	3304.6
6222.8	1847.7
5690	701.81
4515.6	2204.6
4600.9	1648.5
6769.6	1266.8
5464.8	2220.7
4099.6	1935.7
2713.4	138.33
3904	44.521
5243.7	1945.2
2359.7	1875.4
1725.5	2391.1
930.56	1870.1
1842.9	1121.5
1240	2030.3
294.12	2502.2
4821.1	848.64
6642.3	2232.7
7233.4	1691.5
6370.1	2727.8
5062.4	2241.3
425.26	1994.3
825.64	2263.4
818.98	2067.8
4384.2	1891.4
7265.9	1659.9
2841	972.77
1187.9	1834.1
5553.8	2426.2
104.68	2633.1
6210.7	2204.3
5601.4	2019.8
1481.7	2013.7
2925.9	1915.6
1065.9	2065.2
136.19	2445.1
2139.9	126.22
1784.1	1996.7
5286.9	2037.7
4152.2	2286.6
7305.8	1129
367.43	1496.2
1068	2050.6
4967.6	2019.9
3501.5	55.077
3493.7	1964.5
2490.1	1980.7
3992.8	859.21
4837.5	512.42
4513	955.18
2918	1858.7
1634.1	2017.8
651.96	1932.4
1512.7	2026
1886.9	919.31
5158.8	1713.6
1507.7	2001.3
1503.8	550.47
3787.9	11.383
3197.1	914.93
4100.7	1933.3
5890.5	2894.2
1024.7	2049.6
4484.2	31.882
4201.1	1935.2
1282.7	851.22
1922.6	479.8
5656.7	168.47
3800.9	48.707
6474.6	622.07
2715.7	1999.7
2404.8	180.04
3905.7	45.629
3974.4	1904
4352.5	1668.6
4801.4	242.23
4860.7	916.83
5466.8	2414.6
5771.6	1785.1
1920.8	478.13
4102.5	1915.4
5474.8	642.5
255.95	2268.4
3176.4	1917.6
1579.8	1105.2
3176.3	1931.3
5466.4	2510.6
4293.9	1919.2
1749.3	682.8
1643.9	4154.5
1371.5	2336.3
1545.1	1766
1730.9	2144.5
5464.8	2508.8
4592.1	887.26
1581.5	1106.9
1066.6	2048.4
4990.4	2111.6
3909.1	50.418
3981.7	1860.2
1588.1	1159.6
2396.1	2099.9
5291.6	1992.3
5682.5	2165.2
5008	240.27
5153.8	1786.9
6902.7	1497.7
5237.9	1957.1
3873.1	1858.4
1657.6	1830.3
5292.8	1993.5
475.33	1507.4
6463.5	1107.1
5040.3	2008.4
5632.3	3295.4
3458	1727
1553.3	2048.9
6593.8	1918.2
1234	2038.7
2029.2	262.89
1375.7	2261.9
4056.1	1853.6
505.71	2400.8
5866.5	2923.8
1415.1	812.98
5420.8	1639
2732.1	1931.4
6315.9	1248.7
4356.1	1961.3
3596.6	123.38
3154.6	883.4
6632.9	1927.3
4409.1	1670.9
2568.3	167.03
1684.8	2039.2
3568.8	1615.6
4521.4	1949.4
1546.1	2191.2
6016.5	425.68
2665.5	221.09
2562.4	156.79
1058.4	2476.8
5845.6	2050.1
3772.3	864.52
4331.2	144.93
3304.5	2495.7
3573.2	2120.3
5462.3	1715
4165.8	2272.7
5771.7	213.54
1164.8	1226.8
1591.1	1840
1892.1	282.26
3191	2180.6
5554	2331
1024.8	2081.9
6929.3	863.09
551.79	2147.5
2663.4	219.15
2861.9	970.53
1692.6	1825.6
4429.4	1903.1
2963.2	888.28
907	2055.7
3344.5	1930.8
2091.2	20.062
5313.9	985.13
1834.8	3521.7
1562.1	2048.4
4181.1	62.487
3414.1	2264.6
2733.7	1947.2
3288.5	1734.4
5269.8	221.46
2965.4	890.6
3257.7	901.24
5590.6	1981
4111.5	1923.7
6603.8	1976.6
4295.2	2325.5
6703	1945.4
3997.7	1632.6
5525.8	951.02
3234.1	75.461
4869.1	139.99
6652.7	693.25
4463	85.098
4805.5	1964.4
5832.2	2442.7
2883.3	184.32
4249.7	1658.8
4939.9	1964.9
4060.7	852.55
2629.1	1993
1184.9	2082.4
5062.4	2247.5
819.4	1907.7
2296.7	1942.3
5584.8	385.47
5885.7	1997.1
6048.2	553.33
3629.5	21.824
1750.4	1757.4
723.32	1419.3
5528.7	69.777
593.84	2471.6
1936.8	1956.2
675.69	2143.9
4367.9	1738.7
436.33	1978.5
1914.8	1987.4
2397.1	2098
5464.7	2008
1496.1	357.04
6355	2056.4
1116.1	2077.8
7150.9	1556.2
4184.7	56.649
3344.7	138.45
5589.5	1747.2
5126.6	1915.8
1535.5	1954.4
3354.5	2321.9
1604.8	1041.3
1523.6	1060.7
6292.1	1920.6
4252	1731.3
6990.4	1568.5
3343.9	1733.2
3401.3	1727.8
3377	1732.4
2043.9	133.81
3612.5	1867.9
3978	1937.5
2501.2	976.57
1538.6	338.3
872.62	2232.6
4983.5	160.89
295.69	2525.4
1056.7	2473.9
653.27	2402.9
1751	1739.8
5321.2	2958
5549.5	2022.6
4421.5	969.55
5410.6	2011.5
6317.9	1924.8
1614.6	4135.1
3592	126.79
1098.8	1911.5
1374.4	2512.8
4731.9	121.27
5032.5	2000.3
4426.9	908.26
2921.6	1861.1
3646.7	51.091
6182.4	1821.3
2523.6	1760.4
1202.5	493.21
1187.5	1255.6
6719.2	2135.3
4636.4	1873.3
6485.7	2059.7
2285.9	77.65
6608.2	2883.3
5729.5	2060.7
1548.1	4127.6
1637.9	4126.2
3327.3	1957.3
4264.2	1961.4
5527	70.59
4308	1661.7
6843.6	1659.5
4422.4	1666.3
1446.8	2037.8
6177.9	2867.1
4102.5	1929.7
506.4	2339.5
3201.3	2098.1
6642.1	1984.7
2040.9	213.08
2506.4	979.85
3347	2268.5
2565.2	2388.7
2381.7	1956.5
3504	58.617
1911.2	1092.9
4906.7	963.61
5933.1	2043.2
3782.1	52.463
1377	2294.7
415.98	1576.3
2569.4	1981.4
1039.7	1850.7
851.48	1380.3
1984	500.91
2828.8	933.91
2503.7	1768.3
3800.9	1865.9
3946.3	1906
5585.6	897.6
3891.8	30.764
1387.9	1897.2
5822.3	1092.5
1717.3	2219.4
2070.8	3734.8
6622.8	1980.6
4817.8	1914.8
1695.4	4148.2
4970.7	159.86
5890.4	207.44
1373.9	2386.4
2897.6	1917.8
6356.1	480.01
6903.2	1495.8
2291.2	82.26
5183.2	1911.6
6427.9	620.55
3406.8	1942.4
5309.8	1643
1853.1	1070.4
6236.3	2107
6260.5	2082.7
5467.5	2349.6
4976.9	1773.4
7213.4	2157.9
2715.9	2010.5
2961.1	63.233
5778	272.28
5658.5	113.35
2931.4	1917.5
4073.9	36.1
1651.2	1120.2
1474.5	1295.1
2688.9	2222.9
675.16	2127.8
5082.1	129.6
1182	2003.3
2251.1	99.66
1612.7	2063.7
1354	1200.8
6623.5	1376.2
3906.7	767.53
2419.1	1917.9
5077.5	1780.5
2710.1	120.21
2885.6	1930.4
7092	1487.9
3245.1	2286.6
6713.9	1929.5
2679	1775.3
4334.3	1921.7
5506.1	241.8
2722.2	1939.2
6967.9	916.81
300.73	2488.2
3637.6	29.878
1533.8	4099.7
2524.2	74.992
3960.2	1886.6
3081.2	101.74
6661.4	1989.7
4348.1	78.293
5682.8	2066.8
3946	1865
2827	501.12
2557.7	1954.9
3398.1	1913.9
4080.9	368.68
4867.6	81.588
6909.9	1460
6755.3	1430
5195.9	1895.5
4376.1	385.52
210.08	1604.1
4636	1949.9
3082.1	1937.7
294.22	2472.9
1464.2	765.52
6797.1	2520.1
1064.5	2559.6
3272	982.41
5898.8	2894.3
5339.6	909.35
5444.7	255.52
1508.8	2406
4800.2	1932.1
3368.5	2284.5
2614.2	2334.5
1508.6	2489.2
3406.2	1940.1
4723	32.321
5826	380.73
4509	2105.9
3304.1	1961.2
1841.5	322.09
3435.2	1736.1
3008.8	37.888
5585.2	2015.6
3096	1918.9
5722.3	1778.3
1472.9	2053.7
2288.7	1897.7
1714.5	2220
4834.6	352.88
2863.7	445.31
1775.8	643.65
3348.2	1915.7
1599.1	2000.5
3188	2311
736.8	2399
1976.9	580.49
6768.3	1455.1
4523.4	819.3
1729.1	370.81
1100.6	2091.3
1499.3	2389.8
6685	2104.6
6411	715.48
5596.6	1923.9
95.722	2360.4
4933.3	1895.8
5666.2	2184.8
1913.7	950.53
739.29	2483.8
5723.9	1779.6
2578.4	1890.3
7346.7	1760.3
6792.5	2187.4
4796.2	222.05
6479.6	1333.2
2948.5	732.75
4424.8	1740.9
1004.9	2055.1
1656.9	1123.7
3085.2	66.52
4875.3	145.32
5125.5	1780.7
5577.5	419.03
3887.9	1856.3
3156.2	3458.3
6473.4	595.12
5804.1	1852
6577.7	2386.7
4650.8	1925.9
6233.7	2077.8
4258.2	1629.1
1597.9	2010.8
7287.8	1724
3286.5	2978.8
5382.5	1167.2
1767.4	358.18
6435.8	1289.1
2773.2	946.48
4989.5	166.27
6255.3	376.75
6755.3	1474.9
4382	1966.3
3189	2598.1
161.29	2370.3
43.196	2803.1
5271.3	919.58
1347.4	514.82
1434.4	2033.4
6378.4	2280.5
5462.2	2436
1011.9	2561.7
5842.5	1106.7
4326.9	1953.3
5865.2	980.63
6482.5	1347.9
6875.9	840.88
855.3	2559.3
533.33	2215.5
5249.2	1786.8
5744.7	1664.2
3465.2	2509
1169.1	585.66
6888.6	1430.1
148.15	1694.2
5759.7	1782.6
6341.5	1875.1
6212.3	2112.8
1408.9	1999
1271.8	374.9
5460	2403.6
4060.5	1559.5
6289.6	2069.7
5459.1	2499.5
6208	1835.2
5674.3	626.4
2083.2	148.87
5339.7	2144.4
5241.3	1977.6
5274.6	227.2
5693.5	2247.5
1057.7	2321.2
4089.4	2097
1156.1	2336
791.77	1963.5
6343.3	1927.8
1616.6	3402.9
5173.2	1783.9
3184.4	917.48
2310.3	1839.9
1985.4	496.01
1551	1700
5932.7	533.59
1577.4	1070.9
6901.5	1438.8
3524.3	2081.1
6545.9	637.92
4290.7	1952.6
4426.5	1935.1
3606	358.47
6892.1	1433.8
3293.5	45.899
2897.2	52.931
1544.5	1954.5
5784.7	1128.2
605.42	1485.8
5689.6	2247.4
7280.2	1612.6
4814.6	1898.4
5993.4	248.64
3242.6	72.662
5585.7	1983.8
5412.9	1430
4506.8	1997
6714.9	2136.1
655.58	2491.2
399.15	1481
2806.9	3650.9
1489.6	4161
1593.5	2019.4
809.64	1959
1881.2	1081.5
3362.2	1660.9
4292.5	19.533
6185.4	2074.9
5668	2211.7
5877.9	1858.1
1120	2065.7
4230.3	1958.6
5643	113.85
7142.2	1839.4
5106	196.61
255.74	2079.9
6651	1402
5548.8	1067.2
2480.7	1766.1
1666.1	2468.6
6324.1	2186.8
3354	1947.6
6690.9	869.3
6216.4	2278.5
2807.5	1956.6
5924.7	2086.1
6960.5	981.87
1580.2	229.84
2457.8	1771.1
2114.7	251.77
2506.9	216.36
6583.8	564.59
2563.2	512.39
6812	1629.9
5740.4	2063.7
6483.2	1123.6
3865.8	1937.4
2742.1	1953.6
1366.1	326.28
1469.8	576.26
1653.5	2024
2518	1932.4
4653.7	1885.2
6273.3	382.87
3169.5	936.58
5081.9	492.14
1998.9	1986.1
5146.3	805.16
3603.6	1850.9
3648.2	1622.6
1401.8	1171
6637.7	1392.1
462.83	3685.2
2283.9	180.49
5965.7	2884.9
1215.9	2495.2
4194.8	77.739
3178.9	1997.8
1946.5	1967.5
1439.8	1530.8
1630.1	4148.2
3383	1905
2569.2	145.31
441.29	3684.5
5027.3	1776.2
510.58	2468.4
2511.8	1681.9
5675.9	1823.5
4173.1	1854.2
3369.3	2317.9
2371.3	1873.4
4609.8	71.055
5859.5	2057.6
1537.7	1985.5
5515.9	618.91
1833	1164.5
3360.9	1905.7
3170.5	1575.7
6716	2344.2
1823.6	139.45
2548.2	186.67
5083.2	490.71
6570.9	1685.5
6514.7	521.01
1765.3	1955
2277.4	691.01
6082.8	1215.9
6475.3	1125.1
1484	4129.7
4648.3	2947.8
1101.4	1854.6
3081.3	102.79
2797.3	1950.9
6408	1279.2
4107.3	444.9
391.26	2284.5
2861.9	425.52
418.78	2265.7
1562.2	1038
2132	2514.8
1301.7	812.29
3635.5	887.45
6722.2	2664.6
1469.2	280.71
1318.9	1984.7
6317.1	1276.4
4283.1	1919
5648.5	108.35
3368.3	2320
1370.7	2018
759.94	2215.2
3747.9	2950.1
1064.7	2484.9
2385.6	2105.4
4965.4	2033.3
5244.6	471.24
5239.2	997.73
6801.2	2515.7
5975.7	756.92
6620.2	3201.4
216.32	2268.1
5293.7	683.05
5922.5	2424.5
1947.3	1986.2
538.32	2139.9
1671.5	2353.1
1062.6	2193.8
1065.2	2410.8
2113.4	247.72
2768.9	1912.4
1572.7	335.3
5784.1	1842
6074.3	1216
4247.8	2495.4
3339.8	1944.3
6382	2514.1
5399	204.87
204.05	2272.8
6335.7	2114.7
1497.8	1965.9
6298.8	1264.9
1768	1997.5
6785.8	2459.6
841.98	1894.2
5661.5	2053.7
6628.1	2153.1
6802.8	2481.8
6304.6	2060.5
1540.5	4150.1
1612.7	2104.3
7023.1	2214.4
2490.1	2938.4
2793.9	92.724
6682.4	1988.5
2808.3	1588.4
4507.9	912.87
6984.3	881.37
1921.8	292.23
5259.7	1921.6
6154.2	2038.8
748.15	2275.1
5926.1	2194.4
3340.1	1941.9
2528.9	2013.6
1164.2	1997.2
6892.1	1505.5
6075.9	1198.1
6824.8	725.11
3191.8	1854.1
2676.3	1757.7
4609.3	1587.6
3905.9	17.013
6341.3	2067.3
1845.9	1076.2
23.855	2441.2
6511.9	521.1
6784.3	2526.5
1359.3	417.48
4633.9	1931.7
264.46	2702.3
5963.3	615.98
5544.9	3213.2
1762.3	364.65
5699.5	2740
2522.1	2351.7
1934.6	658.28
4659.8	1882.1
5487.9	238.05
1468.9	1962.9
4329	26.132
4826.6	994.52
4200.7	1627
5806.6	1763.3
5021.8	1270.4
6652.3	2950.8
5201.1	2012.4
6784.2	2457.2
5769.9	1758.8
6388.1	2110.1
6103.2	1212.8
5261.8	224.94
7106.6	977.13
5700.9	2353.6
4816.1	1921.8
1068.4	2256.8
1946.5	116.81
6615.7	2972.8
2133	243.35
4407.9	464.56
1511.3	2421.9
1610.8	1047.7
2848.9	2930.1
507.55	2534.5
2885.3	2930.8
1540.7	450.13
6751.3	1336.5
276.7	1264
6469.5	1119.2
1301.8	870.61
4397.2	57.61
4092.7	1940.1
5307.3	2048.3
5819.3	1846.7
1623.9	2116
5500.1	650.27
5847.1	2908
4158.8	1627.7
4904.2	1608.6
5847.5	2148.9
1655.1	2313.2
5166.4	1794.2
2510.9	1771.7
1499.9	2207.4
3090.9	61.475
4343.6	1950.7
5469.2	281.85
1614	2107.7
4088.9	688.9
6699.2	2109.9
6050.2	1757.3
3433	1549.1
1623.1	2291.2
4382.3	1621.5
202.78	2366.8
5592.3	1942.2
746.02	2341
5848.6	370.68
2418.6	253
5550.8	1077.2
2530.6	2055.9
1007.4	2091.3
1711.7	406.84
905.91	1521.2
6122.2	483.08
546.19	2349.7
5814.8	2084.9
1461.9	482.04
1818.4	4104.8
6356.7	2086.1
1840.4	339.29
2122.2	2412.2
5593	1937.4
3124.7	1857.7
133.72	2034.2
6612.6	742.28
843.14	2468.9
1626.8	4153
1240.2	2046.6
4940.7	2296.3
5032.9	1971.5
5871.3	1724.1
1585.4	991.57
4070.5	23.743
6237.1	1476
4423.3	420.34
1573.7	2006.6
201.65	2369.3
2825	1957.3
4178.6	37.806
5383.3	263.44
1909.2	940.05
4843.5	947.89
1156.2	1191.3
1779.5	1476.7
4975.4	1887.6
4912.3	113.1
6321.5	507.17
4980.6	1609.2
1206.1	595.99
5342.5	2502.3
338.18	2522.6
1346.9	530.43
6278.7	1220.1
4369.8	1901.2
7075.7	1481
3394.6	1533.3
5486.8	289.84
5471.6	580.07
4931.8	1971.7
2555	142.84
4391.2	2294.6
2827.3	893.84
1156.4	1192.3
6841.1	822.3
6373.7	2605.9
5610.5	274.65
102.79	2538.6
769.42	3207
210.14	2312.8
4813.1	1972.9
342.64	2516.5
763.46	2109
3267.5	420.1
4421.1	419.46
1806.1	4107
4297.9	1910.4
2068.3	3738.5
1137.6	1906.5
6974.1	1370.6
733.48	2427.5
2699.5	2334.4
5785.9	3584.5
5815.3	2137.8
2553.4	503.78
312.17	2179.8
5287.4	2202
511.77	1926.9
2818.8	516.58
6307.8	569.6
4428.1	3296
6955.8	2201.3
4381.2	1615.2
6948.1	1520.2
7290.4	1741.7
1613.3	2099.1
5945.2	3274.9
1908.4	953.47
4944.4	2335.8
5589.3	3074.3
5927.1	2235.7
1383.1	1116.1
4663.9	2946
6716	1417.2
4445.3	1637.9
4869.4	1886.3
1848.4	3477.2
1638.4	2123.4
1583.1	1152.4
1248.2	2022.8
6757.1	2889.4
1493.8	2430.1
6271.1	1846.9
2501.5	1878.2
4941.2	2342.2
2362.7	2619
6378.2	2597
4030.7	886.2
1221.2	2308.7
7134	2007.4
5025.1	1962.6
5456.3	3102.8
3373.7	1996
5361.2	3224.3
1967.6	1028.7
1404	1814.5
2719.3	2016.8
5558.2	1090.8
337.53	2468.1
4280.6	710.88
577.97	3001
2097.7	1652.2
45.001	3022.1
5345.3	2405.4
6601.2	1563.6
2762.2	440.09
384.38	2116.3
1067.8	2174.5
1675.8	1786.9
3372.6	1995.2
5593.2	309.16
4548.6	1882
4973.1	1655.1
6009.8	805.37
4449.6	722.94
1983.9	914.36
5110.4	2107.5
2068.3	19.071
6677	704.67
4459.6	3214.9
1938.8	428.59
4395.2	710.49
1642.6	1791.9
2417.8	1762.9
6756.9	1255.2
1027.9	634.83
4912.2	26.049
158	1726.7
5459.5	1892.1
2949.5	36.124
374.35	1964
2530.7	1981
7081.5	1599.3
1837.3	327.69
5941.4	2050.9
5274.1	212.79
3042.1	33.426
371.3	2121.1
92.13	2378.5
2342	927.1
6718.2	1350.6
465.51	1949.8
2415.6	1762.9
1114.3	1910.3
5107.9	205.34
335.73	2471.1
6212.8	2720
6077.1	1243.9
338.5	2569.2
1177.6	2328.9
5269.7	1992.2
256.91	1461.1
5416.9	355.69
7123.7	1656.3
5178.4	3048.7
814.66	2117.7
1817	4130.3
2978.5	74.65
945.42	1366.7
4404.5	2631.6
4308.7	2002.9
4171.5	37.293
2381.5	2005.1
4444.8	3171.5
6632	1981.1
2527.8	2062.3
5621.7	149.75
6023.8	1177.3
4485.1	1574.6
2867.1	429.24
701.33	1374.8
6774.8	1911
3124.6	1943.3
5733.3	2908.2
2568.3	1908.6
6613.9	1627.7
4892.1	104.74
2369.7	2292
1174.8	1976.9
5759.6	1403.1
2381.3	2611.9
954.13	2412.1
1859.2	233.96
5417.3	2017.3
6050.6	2031.1
5223.3	1597.9
6530	2049.2
6464.9	1320.7
738.65	3084.8
5340.2	2236.2
1583.8	4157.3
335.33	2004.9
6008.4	802.27
192.92	2172.5
4863.9	521.87
2780.6	238.11
6587.2	639.84
1744.2	1936.3
3175.2	935.64
4245.1	379.86
2311.9	982.56
824.95	1319.2
6024.3	1174.1
5982.1	1991.7
5773	2048.4
4572.3	1631.3
4013.7	878.11
1082.2	1797.6
5837.4	2042.2
6146.1	782.68
6221	2123.9
1615.3	325.03
6561.7	1592.3
1300.2	462.45
4450.2	723.22
6329.3	1135.5
4783.8	1885.1
5292.5	2052.1
7267.9	1630.3
168.89	2485.4
4285.6	2208.9
5384.1	1109.1
6604	1399.3
1399.8	779.56
5598	1686.8
706.46	2414.7
7191	1239.4
2774.2	2917.9
5330.9	2534.8
1924.4	627.19
6383.2	543.75
523.3	2235.8
490.06	1228.3
6776.5	615.83
1395.8	419.11
6069.5	1195.9
2818.9	905.31
5282.2	1902.9
1302.9	460.83
1143.5	1765.3
3852.9	2951.2
6795.2	2340.7
4255.4	1271.7
4058.2	23.168
6397.3	542.55
4509.7	943.38
6063.9	1996.6
4418.4	1960.3
2656.2	2174.2
5606	328.12
5947.7	459.04
2565.6	2496.9
693.18	873.94
1725.5	1685.6
5850.3	1170.1
4427.4	423.05
6043	1999
4015.5	935.88
5086.5	1939.3
5091.1	1790
871.31	2197.2
2536.7	2060.6
1925.8	1903.1
1901.7	482.93
1005.4	2097.9
2149.9	144.26
4118.3	1910.5
5269.9	1901.8
984.39	2024.3
3191.1	902.97
6769.3	2104.7
1188.9	1269.5
2499.3	1754.9
5931	2372.1
6577.4	1552.9
5688.3	246.46
2036.8	265.97
372.46	2375.4
2610.9	548.94
5139.1	1794.5
1551.3	2028.4
3601.5	1943.3
6471.3	1845.3
5923.6	2271.5
1135	2848.4
1912.7	3216.2
2812.9	1987.4
2860.9	466.11
1574	1843.1
972.76	2078.8
424.19	2411.6
6720.2	2925.1
6892.4	1496.3
7144	1590.8
6006.3	796.59
4357	1745.6
1201.4	1990.3
6160.3	2034.7
5867.1	422.46
2231.5	215.18
5187.9	1798
4323.2	865.78
1578.6	1806.4
1309.9	1373.8
4821	757.06
5720	2010.2
5863.4	374.67
6132	444.15
838.24	1917.7
1401.2	1161.5
4994.5	137.78
1501.9	2169.3
3197.1	904.23
4571.7	3456.2
3657.6	869.14
6403.3	965.72
1527	2152.2
5042.1	1785.8
1209.8	2357.6
6430.2	1319.9
2616.6	2285.4
2709.9	2725.3
1495.9	1719.4
1992.4	515.24
4090.7	1561.8
719.17	2050.2
2316.2	98.208
903.15	2418
4513.4	2606.8
1815.4	4156.3
3019	36.186
298.2	2257.7
6378.4	537.53
2255.4	185.12
689.74	1109
6763.2	2154
6474.9	585.48
4294.4	2972.5
6901.9	1526.9
4629.3	1940.8
804.22	2363
2470.2	1951.6
1297.5	2060.6
1574.3	1839.8
4294.1	14.567
1087.2	637.3
1805.9	1660.7
1807.2	4087
6381.3	912.11
6693.8	2126.1
5313.2	2947.3
2473.8	1781.4
6078.1	1208.3
2576.6	2953.8
1109.5	1793.1
6065.7	2042
5116	172.22
2822.6	854.58
5344.6	2423.1
4970.6	164.81
430.89	1953.8
4362.3	59.418
6390.4	1813.4
2075.4	58.817
2321.3	748.95
1915.7	501.23
1576.9	1854.5
1321.7	1085.3
2483.3	1777.4
6347.7	2549.6
2713.5	2100.3
4308	2034.2
5727.7	239.64
6471	1130.5
4469	1734.2
2828.9	1958.6
6176	1971.1
4641.3	1860.1
3364.5	28.395
381.7	2834.6
218.55	2253.3
6756.6	1445.5
6976.2	1374.9
3310.9	2752.4
260.4	2375.1
5391.6	271.61
6358.4	3062.9
6402.3	962.16
1697.9	1940.4
2601.5	1869.7
6038.1	402.34
6842.9	2815.4
1967.2	2882.3
6270.7	1302.8
189.65	1942.8
4312.3	1964.1
5273.3	2052.9
5119	27.827
336.74	2121.3
1489.9	1974.3
5017.4	3150.2
6436.8	1303
1328.8	1212.6
5236.8	2007.6
5074.9	2286.6
5239.8	1966.3
766	2097.4
875.79	3639.8
2073.1	2888.2
4567.2	781.94
2451.1	992.26
4327.7	2065.7
4317.4	2323.6
6040	1997.3
6725	1449.3
5177.9	1776.7
2762.5	2927.7
2824.7	852.6
4327.8	2708.2
7267	1427.5
1081.2	2189.6
568.09	1998.6
5913.2	497.05
2489.5	1595
5088.8	1945.4
1441.9	1934.3
1089.6	461.18
6346.5	1844
2698.1	2199.8
4280.4	1899
397.13	3481.1
7230.7	1681.6
5999	2028.6
3379	2786
4583.3	1859.4
2121.3	216.99
4849.1	1595.6
3443.9	1821.7
3378.5	1945.8
1269.1	995.56
3250.1	1742.9
1815.2	628.97
6386.5	2044.2
7088.3	1618.3
2584.5	137.67
3126.9	798.03
1410.8	2398.5
7058.9	1341.7
4038	878.78
2199.4	1939.3
3512.1	2348.6
3371.4	1958.5
2632.3	1230.6
4383.2	2300.1
7337.8	1721.3
2276.7	191.59
1459.5	425.19
5921	519.25
3006.9	2934.1
1045.7	594.01
382.99	2039.8
6398.7	2030.7
5035	1988
555.74	2001
1303.1	3422.3
6278.7	3159.3
968.75	2060.8
3920.4	50.806
679.63	2033.1
404.37	2538.7
4331.6	2064.3
3197	1819.4
803.97	2355.8
1739	2981.3
6224.6	1972
1705.3	2558.6
1848.1	311.11
6255.6	3303.1
5172.2	1809.8
3377.1	1496.1
6454.3	1153.1
4823.4	3301.7
1944	2881.2
5939.1	361.05
7072.9	935.67
1199.6	2034.1
2667.2	114.58
4408.7	468.36
890.21	1842.8
6568.8	601.81
4044.5	55.193
5387.1	72.012
5129.1	1773
2821.6	2937.8
2846.7	469.27
3361.7	2055.6
7257.1	1652.9
4111.5	1904.5
1550	433.53
2714.9	106
3227.8	3211.6
2382.6	2614.6
1046.9	2025.7
4811.8	750.6
4247.4	18.31
6311.3	531.37
3514.4	2348.5
283.9	2173
211.19	1779.3
4355.7	477.75
1417.7	1431.3
4110.7	2077.7
4640.2	1940
2849.3	832.66
2439.4	1627.5
498.44	1940.3
5922.8	2446.5
5520.4	95.873
2461.5	2283.3
211.04	2326.3
744.93	3402.2
5354.1	2387.5
7034	2181.8
6277.2	1877.6
5151.3	2036.2
6951.4	1462.6
6941.5	3072.8
5406.1	105.12
1124.4	695.45
4822.1	3655.4
6379	2453.9
2755.3	272.22
2908.6	2926.8
6484.7	2700.6
3714.5	1616.9
7217.3	3007.7
4823.7	758.21
5039.6	655.18
4797.7	279.68
1528	490.24
6230.5	1291.2
5068.1	561.95
4581.1	1866.7
3220.8	2708
6458.4	581.72
343.76	2527.8
7286.2	1174.1
4673.7	2938.8
2772.1	30.269
512.66	2479.8
7032.7	902.76
6958.2	3397.6
5209.8	1805.8
5009.5	3645.4
4703.6	74.048
5860	1173.7
5133.4	2101.6
6020.7	685.64
6246.9	1896.5
1483.3	281.8
1579.9	1153.5
4266.7	1238.8
4761.9	2937.7
3559.9	2279.3
4708.1	86.845
2652.1	635.36
5597.6	310.4
2282.2	98.442
616.19	3084.8
2978.1	795.21
3372.5	1837.9
1173.8	416.28
417.07	2945.6
5154	3254
4860.6	961.98
6257.3	553.58
2409.4	1009.9
5025	1800.1
5726.7	2040.7
1514.2	2734.6
6890.1	1494.9
1049.6	2786.1
1140.3	1794.3
1695	1381.3
4068.8	1895.7
3215.4	2174
6228.5	2424.9
5785.5	1228.4
890.77	2403.2
1650.4	1129.3
5004.9	3245.8
5063	1795.4
6812.6	754.79
1268.9	2400.1
6721.5	2979.1
1665.3	1843.7
1610.5	2028.8
6866.5	2612.7
6426.3	2531.9
5681.5	3054.5
3380.2	1328.4
7099.6	949.59
7283.6	1707.5
3861.7	29.025
6279.8	452.84
2225.1	1943.9
1722.6	2862.8
1087.6	2686.6
2851.6	744.18
5007	643.72
6754.6	1227.4
4072.9	853
3283.7	1989.1
5799.9	1016.7
3378.1	2044.9
2500.4	88.696
4496.1	1950
3378.9	1359.5
6349.2	2037.3
2534.6	2502.9
5927.8	1711.8
5008.8	3641.6
944.69	2327.2
1674.7	1829
3239.3	2471.2
2566.8	1962.4
1641.9	1321.5
4307.5	1631.4
3579.6	2159.3
401.82	2337.1
3251.3	909.57
960.65	2032.7
1207.2	588.57
6137.7	1955.7
1578.7	851.59
3463.1	2947.4
6250.2	1926.1
2676.2	2628.8
6695.8	682.37
5342.3	2521
2504.3	998.79
5266.8	2007
6419.1	2331.9
7066.7	1033.5
5181.3	1005.2
5074.6	2296
2544.1	902.37
5890.1	3032.1
5755.6	1844.3
2469.8	952
2621.5	1739.6
6087.6	1230.5
6594.6	1958.7
6312.2	526.3
3376.1	1498.7
3545.7	191.19
3969.7	1841.5
2039.2	316.08
1997.3	2882
4624.1	49.516
251.72	3001.7
2545.4	2905.7
2189.5	1641.9
4977.7	2282
5809.1	1978.8
6492.6	2578.1
6657.1	1273
3531.4	1729
4822.5	461.95
1736	1834.8
983.17	1838.7
3511	2062.7
646.52	2659.1
1404.5	3418.4
7062	918.22
910.95	2204
4928.3	4580.5
5051	1787.2
6303.3	1935.2
393.49	2035.8
3633.7	2941.8
2648.2	1629.6
3559.1	2386
1723.8	2862.2
2997.2	69.372
933.23	1488.7
5557.8	2910.1
2592.9	3588.9
5302.6	679.38
486.85	2171.6
6136.7	1993.4
2732.3	1918
6276	1930.2
6744.3	2332.4
6972.6	1348
1594.9	2150
3338.5	405
4410.2	32.339
6490	1900.4
4949	894.72
2130.2	1647.3
5483.1	223.29
5329.9	2240.2
749.1	1127.3
7011.7	1048.6
3733.6	1901.1
5215.7	2032.8
857.02	1506.9
5995.1	330.31
7010.2	1047.4
4968.6	108.11
1263.3	2868.2
2377.9	1665.2
5412.5	1455.2
4093.5	910.08
5703.1	1751.9
5370.8	3233.8
5234.7	1980.3
1588.9	2667.5
1611.6	1019.9
4980	3056.1
3558.5	2488.6
4794.7	76.671
4807	78.027
706	2419.3
1270.8	2495.4
373.68	2041
4683.7	3200.1
6461.1	1291
3374.3	2045.4
5941.7	451.31
1543.5	177.14
5878	2584.9
2675.4	2610.6
2699.3	3854.6
6489	2650
918.22	2018.1
7279.9	1699
3557.8	2282.8
5318.2	152.89
5149.8	2034.1
3748.9	738.67
139.97	2910.8
6241	1758
4019.5	2944.8
6750.3	3106.9
5764.7	1858
5810.6	360.34
1514.1	2334.2
5246.9	33.167
4179.1	1118
3091.9	1625.3
7255.7	1194.1
6428.3	2041.8
5752.2	2015.2
2623.6	2296.7
4049.8	892.91
2637.8	347.71
263.51	2209.3
1716.7	2191.9
3293.8	425.8
4256.6	2658.2
5374.9	3145.8
5690.9	1850.1
1582.3	1791.8
5048.2	1787.3
1508.4	2496.9
3905.6	1893.9
3306.7	42.389
2622.8	920
3512.1	2356.5
4457.2	1907.4
6844.2	1863.1
4978.7	3055.3
4908	645.74
4229.9	700.91
4993.7	1938.8
5953.7	3258.9
7096.6	1618.2
4132.4	390.99
1649.1	1291.5
4903.5	129.25
5383.7	3531.4
1901.9	3774.9
3252.5	907.47
1662.4	301.73
3530.5	1657.7
3521.3	2712.7
2268.1	2892.9
2617.5	1613.3
6077.6	1110
3549.9	1562.1
6840.2	814.83
5792	1845.1
4433	424.95
517.37	2242.9
3367.4	2233.3
4492.2	2770.9
4453.2	3173.2
843.12	1386.7
1828.9	1199.4
7137	1450.6
6802.1	1975.2
3026.7	35.064
1907.1	3210.7
6625	848.56
5348.4	3042.1
1340.2	4243.8
4411.8	1757.3
6085.7	3591.5
3612.1	3266.9
4038.9	1806.1
4154.5	702.66
5034.8	906.58
1565.9	3795.5
5322.4	143.04
3907.1	801.97
6683.4	684.76
4682.5	1915.8
5136.7	2011.2
5972.2	296.9
5723	1042.2
4210.6	1741.4
6999.1	936.84
4494.8	1962.2
7274.8	3154.3
5952.1	446.9
6080.4	1110.9
4309.6	1993.4
1057.9	628.39
5799.3	3092.1
6951.3	1553.3
4304.1	3163.1
7068.7	1604.3
5057.2	910.18
2453.2	53.727
2055.2	2900.4
5596.2	226.26
6091.6	1824.5
1674.8	2334.9
3418	2076.6
5862.5	1814.1
