5540.395996 7066.993164
2785.499268 1862.369141
7093.119629 4789.063477
3171.046387 1862.798462
3171.046387 3171.046387
5499.045898 736.751953
3052.498535 736.751953
3895.131104 1479.289673
4474.989746 612.062988
5094.140137 1031.649902
3744.136719 3786.153076
1729.852173 2171.926270
1469.565552 2647.831787
2902.151855 5540.395996
3700.701172 4698.510742
7009.445801 1405.157104
207.086380 2178.641113
3590.050049 819.366577
6136.060547 6095.085938
6132.113770 2941.522461
5761.683594 6136.060547
4700.649902 1510.452637
6131.004395 1790.068359
2869.939453 1509.774170
6142.234375 1796.278931
5759.582520 6136.060547
5465.150879 1729.852173
5950.982910 3370.946777
6452.537598 2114.716309
2474.327881 2392.843994
6415.343262 1479.289673
1297.909912 5052.997559
3004.718994 6780.035645
1684.805298 1135.232788
4158.093750 1790.068359
6457.705566 6136.060547
6929.090820 2191.068115
1790.068359 6336.865234
821.934509 6136.060547
214.048965 1790.068359
3545.937500 507.214325
4694.153320 6756.400391
3239.495361 1353.237061
821.934509 4721.322266
801.525269 4838.189453
2884.333252 4022.133545
7228.958008 2641.372559
7235.824707 4218.146484
1785.207397 2189.425781
3021.977783 6336.865234
6415.343262 821.934509
1826.538818 2042.086548
4095.833008 2488.759521
7228.449219 4710.341797
3467.642822 1781.218384
5757.109375 2248.427490
2557.242432 5991.163086
1786.528442 7021.393066
4248.603516 2206.654541
2713.912109 1796.980713
2528.074707 1297.909912
6485.682129 1293.022461
865.954529 1045.702515
359.674652 5985.567871
2526.265625 4720.219727
6030.811523 2528.074707
1552.498657 6891.614258
1702.004761 4759.560059
921.110046 4824.492188
2471.960693 5142.233887
5730.577637 1497.823364
7057.690430 5535.282715
6882.254395 6163.850098
1476.539307 2299.655762
917.807922 2413.337402
6384.915527 432.649445
1662.117798 5391.612305
302.452087 5086.342773
6546.588867 7228.498047
3673.576416 5090.499023
1064.432129 1470.973755
2138.247559 742.523743
6445.592773 6461.918945
5757.109375 2192.736816
921.110046 2526.265625
1641.109497 3239.495361
3191.151855 1093.001709
2940.341309 6299.560059
1782.918457 6308.488281
6877.446777 6248.518555
2471.353027 3239.495361
1729.059937 1433.129395
2940.341309 3818.569336
7107.509766 3357.515381
2404.978760 6489.772949
5896.341309 1492.909302
1459.298462 5085.088379
6308.488281 6615.958984
4880.596191 2839.302002
625.030945 2106.759277
1477.415527 5939.368164
4173.143066 1028.757812
1972.378174 1349.803711
1188.593628 86.277649
6346.946289 6224.495605
2462.214844 2812.148193
6893.962891 7038.915039
2450.221680 553.312256
4767.903320 1304.773193
4301.351562 3718.939941
2842.799561 1559.525757
530.172729 1744.463013
2351.610352 5968.436523
7157.009277 1017.755066
5085.750000 742.523743
1432.883057 1229.931885
1349.803711 2731.360352
7113.995605 6457.705566
3995.990723 5172.804199
1922.044067 3807.856689
426.371277 5791.730469
694.910950 6308.488281
5996.431641 6279.276367
2404.978760 5756.133301
6719.940430 6979.962891
7092.856934 1782.918457
1127.920776 2584.260742
1535.573730 4826.904297
682.357422 4749.081055
2274.785400 4880.596191
3060.725098 6140.075195
4828.239746 4269.381348
731.204407 1794.341919
2190.744873 3100.952148
6711.289062 4809.796875
1233.904785 2019.087402
2464.984863 5755.430664
491.192108 5947.499512
4474.585938 1461.854736
2464.914062 5080.756836
3536.023438 607.989502
1374.291992 5865.383301
7277.186523 4172.909668
1198.166626 5756.133301
3116.520752 7149.783203
7111.732422 2471.730469
6308.488281 1003.057434
7074.921875 6508.248047
5297.020508 1909.819946
5938.625000 2662.066895
5511.425293 3367.617920
3697.047363 5532.948730
3181.906006 5818.051758
5260.152344 4483.769531
834.658569 2106.759277
3011.262207 4497.517578
7042.752441 6463.518555
5757.644043 635.255798
1735.001221 700.487000
6890.577148 333.967285
3873.879395 4846.541504
5956.082031 2063.626953
6248.518555 1027.393188
5955.421875 6540.571289
703.966125 5756.857910
3926.008057 5258.438965
5831.267578 6191.930664
3064.696533 1026.112183
712.204041 7134.632812
2915.723145 4483.769531
2085.054932 5815.180664
1327.256592 6026.981445
1184.874268 5258.438965
5825.551270 4765.252930
2709.444824 956.606995
5732.181152 5155.052734
3958.223389 1062.771240
623.131104 2818.112061
1786.918701 4720.219727
704.671387 5730.294922
4575.597168 7061.462891
1309.540161 5901.156250
2449.052246 705.452393
5711.346680 6994.483398
1040.546021 605.937256
3743.143066 6591.953613
2826.710205 6776.291016
1631.873535 605.937256
7049.962402 7149.783203
4483.769531 3044.528320
7182.000977 5953.853027
5749.170410 749.523376
2106.759277 917.807922
5542.210449 3369.106445
5910.914551 6894.384766
5549.804688 3364.790283
636.287231 2960.635742
1901.559692 6188.687500
3026.046631 6188.687500
2936.355713 1445.317749
7045.265137 1445.317749
5950.129395 4631.314941
7238.612305 7273.208496
4409.304199 2093.652588
4483.769531 4710.142090
4172.909668 1029.379395
2632.684570 6535.841309
2740.630127 5759.231934
5742.603516 3934.623291
4876.593262 4409.304199
1545.453369 629.235535
4043.863770 6128.055664
1942.877441 2101.933350
781.340210 5210.525879
25.469780 6181.878906
5634.904297 1564.777832
3031.458252 5148.569824
5749.170410 6776.291016
6550.767090 5138.152832
6212.065430 2551.842041
1105.008057 3110.849609
4444.318359 6868.781250
1787.305908 2106.759277
2811.368652 7142.566895
405.161438 6471.535156
2335.040527 3116.778320
1757.258301 4652.629395
4129.705566 1883.165649
2468.818848 2938.252441
5525.326172 749.658264
6298.526855 1775.470093
6269.399414 1896.029541
3524.925049 2842.799561
6171.536621 821.934509
5258.745117 154.212173
946.140259 691.809937
3421.152588 621.738586
2952.021729 4114.995117
6346.563965 6410.348633
2250.898682 1018.267822
6847.928711 5860.016113
3833.812744 6179.781250
3445.141357 743.518921
5260.853027 6151.424805
5970.974121 2555.045898
6640.854492 1775.470093
1199.160156 4329.170410
3571.948486 5085.222656
1156.927124 3504.283447
4043.513916 2713.041260
5965.729980 4329.170410
1431.651489 1399.126099
4284.689453 5267.079590
3506.579834 4836.153320
1789.281860 826.741272
4398.044434 6937.710449
7210.787598 2596.078857
4166.571289 5053.560547
5614.597168 3909.599365
4800.114746 6116.350098
5942.755859 610.928467
5778.147949 5050.800781
1418.599365 5725.203613
6392.921875 2924.126709
2800.523193 4470.026367
1163.358643 3498.990234
6529.080566 4065.641357
5769.173828 7313.493164
4497.375488 3034.652100
6481.524414 123.081009
3820.357666 2941.264404
3679.463379 2836.258789
3180.867432 6951.428223
2228.125732 6410.348633
12.206253 2250.898682
2422.132080 5248.275391
7045.265137 4329.170410
5698.863770 7174.820312
1199.160156 3138.097412
5235.456543 5842.159180
6410.348633 3032.166748
1929.608521 1242.210938
435.796356 5691.908691
1359.256958 1972.378174
3653.988525 3700.701172
803.703003 712.204041
3671.293213 2507.552490
6392.921875 704.532043
6240.889160 2422.132080
5807.788574 3032.166748
5675.522461 2836.275635
5522.351562 5802.026855
1199.160156 1199.160156
4033.893799 3724.865723
1030.097778 4315.290039
2248.427490 5878.167969
4800.773438 3355.945312
1552.815430 7048.982910
5449.941406 6462.735840
6462.456055 1199.160156
5795.561035 2915.723145
6116.350098 1565.595581
3931.168701 6040.461426
2874.352783 6093.966797
3175.703125 1199.160156
7273.874512 268.749420
1895.745239 5979.034180
7269.698242 3110.849609
6895.416016 81.640022
22.325115 6827.006836
5236.480469 3657.505371
1664.158325 6891.083496
6827.006836 5494.055664
2351.610352 2633.272217
1563.608276 2842.799561
964.738159 3102.726074
3209.803955 6308.191895
1844.161743 3194.959961
2619.508057 5101.216797
6040.461426 3678.110840
4397.344727 1581.879395
6893.962891 4273.871094
6468.156250 7178.149902
6468.156250 956.294617
7002.027344 3825.839355
1199.160156 814.204895
1199.160156 3571.948486
3843.622070 6852.082031
1929.608521 6040.461426
4839.619629 4198.986328
1479.661865 6095.085938
336.009094 5861.447266
2248.427490 6485.735840
816.814453 6484.745605
4789.635254 7273.874512
1859.848389 1479.661865
1601.231934 1859.848389
4016.509277 5294.316895
4474.989746 5178.994629
3100.103760 7181.660156
2820.256836 4166.571289
4088.552490 5701.957031
3678.110840 821.934509
3086.088623 6350.969238
1641.859375 5599.825195
5469.863770 1407.502563
4471.651855 5418.906738
2981.516357 6041.812500
225.903275 5968.870117
4434.949707 7082.939453
5006.860352 5445.447754
1779.805786 6822.120605
1800.630005 6538.462402
6489.935059 6834.247559
7036.726562 6817.323730
6875.831543 2631.614990
2553.064209 6738.219238
2217.937256 3937.169434
152.047333 7168.613770
1566.312012 7264.652832
4216.387207 1952.521362
1402.535400 6869.666016
1079.630859 4695.769043
2772.166260 5484.345215
3724.865723 3551.462158
1050.978638 3560.428467
2842.743896 1696.859863
2728.023438 6827.006836
6493.269043 6508.248047
2878.041992 3100.103760
1253.731079 1102.535645
579.161621 6608.573242
6541.830078 1828.794922
6834.247559 5423.893066
5108.138184 1600.759521
6213.492188 1181.552002
1338.735229 3708.738281
5719.512695 4584.346680
3832.164551 5276.450195
3542.057861 3317.157959
5727.476074 2126.805420
5721.960449 5680.770020
3146.220703 1745.803223
6843.762695 515.622986
3077.031250 4642.721191
6523.181641 636.198425
5085.222656 1468.676880
2874.352783 6093.966797
5484.345215 6524.108398
760.276672 2480.403809
5626.943359 1338.735229
6179.781250 5091.796387
741.772583 2632.276855
835.528320 1744.260742
1512.583130 5727.476074
1168.037842 4748.352539
7057.174316 3540.235840
6213.492188 387.387909
2519.235840 2868.040771
6504.625977 1047.587769
6757.311035 1894.281128
1421.512573 5835.333008
3540.235840 3100.103760
5844.175293 6608.767578
3364.582275 4584.346680
5263.341797 1073.005005
1976.153687 6647.941406
3648.823486 3343.772705
139.485046 3110.849609
2506.666016 1712.993042
2106.759277 5788.285645
749.931946 1323.949707
3110.849609 5784.562012
2495.028320 3343.772705
6181.067383 3435.209961
6213.492188 5686.693848
5831.518555 942.018738
3187.854736 6442.628906
3678.110840 816.814453
3678.110840 7164.127930
6251.830078 1199.160156
3081.756836 3685.292480
4104.961914 6608.767578
6098.549316 5542.331543
3949.944580 5492.062500
6376.685059 5861.447266
4584.346680 7272.752441
4826.605957 5910.914551
1780.161499 1376.926147
4198.116699 2726.791260
6825.870117 842.575806
2126.805420 3678.110840
2555.130371 4445.437988
1485.752075 7284.580566
4448.806152 2981.516357
1562.594727 5062.720215
3532.896240 6858.368164
3642.802246 5824.799805
6608.573242 2772.166260
5296.103516 3507.842773
2719.171875 7163.698730
6643.584473 5866.598145
5791.379395 1627.283081
1479.661865 3146.220703
1918.382690 1376.926147
5782.605469 3253.797119
6285.183594 1976.153687
5790.257324 942.018738
2693.842041 803.206299
7037.105469 2634.337646
1376.926147 6242.315918
6567.440430 4761.842773
2800.335693 4549.797363
6043.900391 6106.232910
5251.534668 3240.175781
2842.743896 2395.571533
5484.345215 4445.734863
6376.685059 3145.112793
6723.354004 6154.709473
3521.534180 4688.229980
6460.585938 4104.961914
5877.266113 1101.460449
5626.943359 5083.555664
5963.942871 5791.379395
5931.115234 7024.001465
6513.130859 4443.913086
5896.835449 3931.785156
1841.875122 3669.045410
1057.562256 798.373291
6623.325195 1332.447998
6383.191406 3617.507568
6098.549316 4213.002930
3074.420410 3802.746826
123.081009 5687.736816
3678.110840 4466.781738
5542.331543 214.122665
1899.544312 6523.181641
813.346191 5086.627441
5850.222168 6517.357910
306.074524 4128.268066
5418.906738 3652.987793
2726.791260 7177.693359
6484.745605 6181.158203
2960.635742 3089.730469
2389.646973 1492.648560
3642.315430 2391.825684
1641.664062 2448.192383
4055.867432 2448.192383
2448.192383 904.869751
2064.375977 3065.767822
2064.375977 671.459900
247.676285 2955.349854
879.939575 2293.790283
1173.143188 1706.477051
3189.487305 3438.430420
2509.935791 241.573959
459.427094 1974.525391
3089.730469 334.311493
2417.018799 2385.923828
4106.428711 2098.241211
2888.520996 1849.942261
2694.687256 1162.366699
3631.730225 2573.996826
382.271240 2141.705078
1162.366699 2394.748535
1747.410522 2597.300049
2515.359863 972.160583
4043.361084 1167.895630
3242.262695 2143.157959
1162.366699 2014.328857
3438.430420 998.631409
380.419067 3494.717041
1909.780884 2620.844482
2771.104736 1143.604614
247.676285 773.561340
126.664299 3252.412842
2075.101807 2590.538330
2140.999512 31.478970
2515.359863 2967.915283
1162.366699 3017.136230
2395.213135 2515.359863
1227.524780 2265.420654
1162.366699 2095.169678
2515.359863 2840.079102
2776.453613 2484.312256
2338.126709 2750.938232
2671.801758 2265.420654
1852.769531 2052.996094
113.290047 2748.396729
722.844849 2337.177002
426.051483 2739.426270
879.546143 630.026184
2496.443848 3140.306396
1227.524780 1143.604614
2265.420654 3011.404053
2979.089111 3011.904297
3262.836914 2372.796631
2329.538330 2058.634277
2503.601807 2409.208984
3065.175293 90.476112
994.717102 629.006165
2170.841553 2293.137939
1783.528442 729.960205
1723.814331 913.431091
773.561340 2394.994141
799.689453 1875.884399
638.170410 3351.858398
2490.912354 912.356628
1839.427490 2239.319580
913.431091 2307.197510
2307.580566 2791.161865
2330.596924 944.542664
2083.760498 3523.902344
1318.132080 2882.574219
4034.668945 1611.130249
597.172363 1904.849365
755.482544 2429.812500
1878.166626 1354.629028
921.798828 3014.730957
980.977905 4077.520752
2197.408203 2167.266357
2383.535645 2035.717407
2390.032227 3227.246582
2319.716064 234.493515
4067.058105 1656.784790
1847.489624 3491.529297
2463.651611 2409.208984
2418.116699 944.542664
912.356628 4004.004150
2750.938232 844.640747
1763.512329 870.336792
1756.121948 2313.200195
1260.508667 1186.898438
1643.441040 2113.653320
2750.938232 2599.960205
2665.178223 870.336792
4363.612305 2137.605225
3220.506592 930.373230
2696.341797 2128.106689
3722.297852 4057.632324
2484.468750 1260.508667
2262.985352 1639.467896
2876.669922 3117.473633
188.600983 4054.987549
2203.906982 2899.395752
2241.428955 3236.959961
4018.469971 1237.164429
2783.757812 1233.807617
3788.025635 2509.659668
2167.531250 2466.986328
2186.205566 831.723145
1858.063232 2604.792480
2410.747559 345.227966
2804.989990 1058.606689
2513.138672 1012.402527
3782.866943 3140.556152
2147.689697 2338.130615
2551.955566 2429.934326
1847.489624 2878.491943
2493.656494 4018.469971
1290.562500 1486.687500
2967.915283 1824.744019
496.803558 247.909698
3110.339600 1573.356689
1339.149414 2205.908203
1260.508667 2947.165771
2056.653320 930.373230
2487.659180 2019.822144
1738.926147 2252.765869
2313.200195 3269.370605
1683.936279 1693.026367
2310.467773 2134.700928
984.268127 1704.450317
1639.467896 1595.988159
2654.493408 80.274750
325.185120 3575.100830
2615.407715 2335.011719
3696.629395 3082.495850
2891.828857 205.548477
517.336304 2319.376465
2581.758789 2335.468994
2369.480469 344.111725
736.989746 2493.328369
2471.948975 1815.632324
2262.192627 163.061569
2205.081543 2167.017090
1531.103516 159.367462
2487.659180 2772.657227
2726.113281 1966.892090
2516.820312 1260.508667
385.196533 2676.658936
3891.570801 974.447205
3164.960693 1049.433594
402.073608 1009.506409
2967.174805 867.839661
915.817688 2489.572998
2444.433350 48.723526
2161.377930 1682.470459
188.600983 2942.155762
377.055176 2312.797119
2589.881836 2492.620117
529.445557 1316.376587
2466.345215 3011.130371
2524.858398 672.794067
3573.848877 1110.199585
2929.213623 1643.441040
2264.800049 1032.989258
2477.131348 2331.439453
1327.055908 3244.607422
46.941807 2201.020264
2980.577393 708.161743
2345.070801 2411.903076
2868.364990 868.940369
2161.377930 3844.353760
2202.822021 4023.525879
315.199646 2566.056152
46.941807 2203.952881
2410.681641 1891.179932
1229.771240 603.211853
452.094330 806.117554
1780.848145 2508.412109
1774.924927 1646.391724
1839.427490 2491.689453
605.088318 882.080200
1037.576660 754.350037
1688.366333 98.482140
2221.598633 2125.879395
1708.294434 3259.178467
2309.007812 2402.559326
2414.546143 1755.983643
1324.334961 4070.312256
2309.007812 2272.760254
2726.113281 2161.377930
703.125732 2917.186279
2315.074951 2540.015137
904.897583 188.600983
1354.629028 1708.021118
882.153076 2122.878662
3144.186523 395.004791
880.853638 2666.099365
179.875183 1633.357910
385.700897 745.763550
385.700897 368.363434
2553.654541 2318.939453
2553.654541 1012.230835
2509.811768 2375.844727
2395.807617 2067.996826
1623.754517 2161.377930
1847.521606 1531.103516
2416.479004 2042.292847
2261.072266 221.404114
656.311584 1285.197998
632.600525 1590.830322
2067.996826 2291.622803
2341.031250 3274.787109
1964.088257 3615.048584
193.185257 2693.726318
36.785042 1918.091553
1985.217773 256.069733
2312.744873 766.853394
3294.622070 2540.015137
1324.334961 2295.050049
777.734375 1740.036133
1325.224609 3733.677734
1552.895508 1970.872559
2049.454102 2640.877441
188.600983 2275.702637
2129.094238 2596.874268
2341.459717 3073.406250
2813.049072 2894.648926
228.189270 4556.548340
3111.199219 3077.674316
363.624084 558.144287
2195.143066 4165.059082
628.443481 425.663696
1042.012695 2034.185669
1058.606689 1925.487549
2265.420654 2063.186768
2735.258057 2325.112305
2308.885498 144.783829
1990.494995 1614.882690
2973.835205 1964.962402
1965.019531 2497.630371
2811.866455 2780.016602
2129.658691 693.802734
1987.886963 4154.294922
2186.856689 2983.124512
1986.959351 1125.791992
1300.220581 2063.085449
628.443481 2213.200439
2935.748779 1852.399292
2508.768311 2481.039307
2017.460938 4438.427246
1893.178955 987.727600
2935.748779 703.423889
1912.254395 1602.535278
58.455139 2011.898682
1173.801880 2661.973145
2551.816895 3797.740234
2479.188232 2961.689941
2065.340576 1527.267334
429.964294 4323.079590
3572.290039 1956.241211
3683.272461 177.148682
2300.216797 1905.584229
2738.638184 3881.103271
2118.573730 1938.357910
2642.722656 2245.439697
2063.596924 2311.664062
2034.138184 2500.161865
717.010925 2599.930420
1277.083374 2150.290039
2883.587891 1977.854248
2947.582764 1831.594849
357.693176 1688.922852
1137.181763 734.769531
2082.975342 1860.221069
1965.019531 2988.419922
2497.630371 1599.627686
971.614807 2318.939453
2935.748779 591.649597
3336.722656 2213.200439
2932.521729 1823.311279
2126.048584 1965.019531
1835.501953 410.055847
2521.189697 2141.077881
2599.459717 4036.027588
3236.959961 2586.453613
334.311493 968.314941
2411.903076 2338.473145
2168.391357 1938.357910
2255.592041 1586.429565
1599.627686 2434.529541
1835.501953 1307.139282
1126.394653 581.882202
2443.035156 2213.200439
2213.200439 674.807129
3117.225098 720.593750
346.773682 3065.175293
2422.976318 2002.047485
880.814392 2151.765625
2528.772949 2114.724854
2035.108765 2038.250977
2213.200439 2446.267578
868.940369 3683.272461
4004.999023 2901.757568
1929.500122 916.669983
435.734833 2303.364990
2213.200439 1663.422852
2108.086914 2959.245117
993.763611 2588.058350
1552.895508 2379.897949
2770.541504 1892.653320
2366.163818 2052.324707
2591.652588 2139.400146
2336.302979 2366.163818
1850.316406 3140.556152
1989.577637 2405.196533
1058.606689 2035.951660
3240.991455 2619.175049
2996.154297 3197.058350
708.339172 1808.175415
2309.414307 1929.500122
2330.056152 3478.098633
1059.910034 2466.986328
1545.760742 2354.759521
2124.269043 2354.759521
2044.461914 2897.956299
4359.125000 2213.200439
2515.007812 2213.200439
1852.399292 1786.056274
1681.773071 410.055847
1929.500122 2697.033447
1655.751709 1701.507568
3631.730225 1174.885376
1905.525635 3065.175293
2491.171387 2544.250000
2521.431396 2577.607910
1663.422852 1830.101196
1701.507568 4090.067139
1830.101196 678.791382
930.996338 2955.349854
503.401154 760.537964
3347.498535 382.848511
1527.267334 2941.881592
2409.880127 2330.056152
2265.420654 2783.425293
1769.394165 4069.301758
2887.967041 1843.929565
305.120392 3466.634033
2210.563232 2619.598389
1899.607056 2698.875488
1006.992004 357.550873
829.724487 1818.559937
2731.035645 3050.979980
2153.877930 3134.793457
2793.356934 2006.847778
2050.070801 2816.194092
3503.199707 3158.937012
2038.295166 758.026794
3379.464355 1316.584351
3311.514648 1217.633789
2848.661377 2223.285156
2924.666992 2408.096924
1638.549438 1746.637207
3011.391846 2783.066895
1796.857178 83.583298
2212.134033 3117.225098
2954.469971 898.102844
2067.131836 2192.433350
3172.656250 387.623749
2366.163818 2965.004883
3891.570801 2618.190674
760.537964 2546.727783
2478.770752 2777.125244
1981.730591 2009.505005
3171.856201 2050.070801
2777.909424 2099.446777
3167.340332 2037.024414
2891.172119 1725.237793
937.489258 2865.921631
713.330566 1577.548462
2078.149902 1528.104126
2793.200439 2113.521729
1611.880371 2124.572754
1861.700928 2618.370361
3661.788330 3512.977051
1564.572021 1543.242188
184.170059 1963.380005
522.041992 2508.768311
1898.002197 916.669983
435.734833 2212.134033
1967.638672 2171.440918
2322.468994 1655.718262
1725.237793 1987.886963
2303.036865 2045.753296
2033.651123 2206.551514
2424.414551 2138.286133
2113.521729 1413.619141
1896.399658 2583.140625
677.519409 2037.024414
2714.994141 3207.835449
2674.700928 1805.105713
888.284668 2493.221436
1042.846313 715.015137
2279.155762 677.519409
760.537964 2127.652832
2040.923218 368.988373
713.330566 2097.200195
2714.585205 1627.314941
2004.816772 2581.198730
2765.326172 2955.805908
1552.895508 1726.192749
2117.568604 188.600983
2123.906250 1213.499512
1965.178711 1552.895508
1897.677612 2781.974365
2765.326172 1265.411743
1602.420410 2037.024414
2874.000244 2340.425537
1809.794678 2259.754395
3132.016113 2330.056152
2544.250000 2330.056152
2130.209473 3384.146484
2213.200439 1545.854370
2153.186035 1597.259155
2040.923218 2521.275146
2116.734375 2921.693848
3032.260254 3480.878174
1905.525635 713.330566
2398.143311 2357.207520
2122.878662 2466.312012
4107.036621 2182.419434
710.144409 2062.224121
1839.971924 1611.880371
2330.056152 1396.533447
2010.068848 4023.194580
2167.347900 1783.071899
2619.598389 2518.953857
2506.578857 2842.094971
1707.814941 2575.808594
3262.509521 1981.730591
83.583298 2895.553955
2003.743164 1895.158569
2139.210693 1996.035767
3509.299072 2673.982178
2538.538330 1701.507568
2618.370361 3204.128906
4107.036621 1911.842773
1786.512817 1954.828247
1627.314941 2460.649902
1809.794678 3666.496826
2663.386963 3181.213135
2026.841187 4107.036621
1947.866943 3877.955322
1297.407349 1937.958130
2686.534180 1933.985962
2036.693359 1920.017700
1777.467407 2192.433350
777.107849 2212.134033
1952.738281 3480.878174
2800.921631 2493.807617
2003.746948 2035.314453
2402.497070 3179.090576
1597.259155 2684.604492
201.858261 1655.718262
2507.509277 984.443909
2673.982178 2702.196045
1868.146118 2011.520142
2970.715820 1917.155029
2903.067383 3135.406250
2413.477783 3232.925049
1320.299316 2044.167603
1990.667725 3699.185547
136.721893 2521.275146
2186.385742 3034.319824
2931.657715 2947.582764
2409.506104 2330.056152
2956.754639 2116.734375
2923.763428 549.667297
1963.380005 1375.605957
2996.341064 2475.713379
1963.034546 851.517456
3420.304199 2210.563232
2510.066650 710.144409
2128.000977 2521.431396
1211.852539 179.875183
