232.47	2277.8
929.23	3490.9
4301.1	1889.8
5247.6	1028.7
5256.8	1058.4
2849	845.02
6295.6	2594.2
1365.2	1238.9
2490.6	81.313
4496.3	823.44
2441.2	1015.6
5540.8	1073.2
6310.3	1279.1
1588.3	1138.6
2077.5	89.623
3652.8	807.55
1890.8	1072
1893.5	1066.3
635.53	2722.2
5247.3	920.55
3651.1	893.84
289.83	1661.9
1592.2	1175.3
1361.2	1207
6466.9	1255.2
5252.5	1017.2
168.69	1728
1791	128.05
812.09	1393.5
3199.6	1856.4
3199.6	1856.4
6038.7	563.5
3970.7	1902
1499.9	430.96
2077.5	89.623
6473.5	1336.1
2268.3	705.26
3180.1	828.15
6405.4	632.03
4516	926.06
2877.2	61.178
1587.8	1142.4
5342	4111.6
3291.4	36.771
402.08	1150
6310.3	1279.1
1936.9	1033.4
3516.9	2956.1
6065	1238.5
6393.5	2025.2
1597.8	1049.8
3380.2	2184.6
777.72	1072.4
317.78	1044.9
1729.1	2206.6
5815.3	371.92
3169.8	916.84
3199.6	1856.4
7253.7	2526.2
5527.7	980.08
2833.9	945.37
1977.9	625.02
6488.5	1285.8
4489.2	816.21
1703.5	2694.5
5458	616.76
1948.9	651.28
6327.1	2048
6010.5	786.91
3217.6	1850.5
749.53	712.84
691.74	1372.9
684.38	1132.2
1657.3	1771.2
5814.6	371.28
3380.2	2184.6
2485.2	3058.1
1574.7	1947.5
5637.4	3179.5
6390.4	956.01
270.43	1253.7
6308.8	1314.8
6504.7	570.03
3188.3	944.17
2867.9	214.4
5560.8	1004.9
1043.5	976.34
6740	2141.1
938.74	588.97
4031.9	927.03
5819.8	2018.6
868.58	1393.1
6405.4	632.03
4489.2	816.21
2436.3	1022.3
6224.2	1509.2
1902.1	1078.2
2016.1	373.74
6701.6	1094
7242	2146.5
777.72	1072.4
2669.7	24.41
3516.9	2956.1
193.88	2187.5
2831.7	833.4
5380.6	91.923
2845.9	971.1
6488.5	1285.8
3368.5	2284.5
937.97	1377.4
5843.2	1790.1
672.99	1400.3
1297.4	469.02
1388	2019.3
209.44	1447.6
6642.9	1421.7
7098.7	2199.2
932.51	1029.1
2841.6	482.19
5248.3	1044.4
6321.9	1242.7
728.48	1387
1572.6	1774.1
2841.6	482.19
1523.1	514.17
5106.4	557.02
1961.4	633.64
4846.6	854.21
486.12	1259.8
684.96	1141.2
5258.6	917.18
5786.8	272.38
4827.2	511.29
1598.6	1992.3
6390.9	1195.6
1592	1781.1
6142.3	836.27
6090	1143
1113.5	2072.3
285.6	1501.4
7014.1	1598.7
5977.2	758.5
1303.4	851.66
1572.4	1098.7
6981.9	1254
319.26	1625.8
6390.9	1195.6
2500.2	1171.8
284.54	1498
6346.5	480.15
3215.1	1836.1
1883.4	1015.5
3625.9	1919.6
5669.9	228.47
4109.9	926.37
1957.2	634.78
1363.5	2490.9
209.44	1447.6
2346.6	1957.1
2440.9	995.11
771.37	903.83
6305.8	1289.5
1882	1013.2
4814	470.74
1883.4	1015.5
4505.3	953.61
210.48	1439.9
264.82	1607
7314.5	2796.9
1592	1781.1
2854.8	943.7
783.66	1913
510.21	2620.4
4858.5	900.27
1598.7	1138.6
1882	1013.2
4858.5	900.27
3263.6	2546.6
333.09	1361.2
3357.6	2528.4
2860.6	498.18
5944.6	368.62
6219.3	2548
6446.2	2091.9
4806.3	461.94
5262	913.6
3094.8	1942.4
6346.5	480.15
1143.4	1283.4
1048.7	2060.7
5478.2	1959.9
4887.8	1603.7
303.38	2119.8
1592	1781.1
476.2	1246.8
6255	2049
1172.7	2562.3
352.99	1108.2
1957.2	634.78
954.26	2057.3
1592	1781.1
3229	1864
5258.6	917.18
1792	1983.4
1572.6	1774.1
475.33	1507.4
6346.5	480.15
3170.4	824.05
1177.7	577.76
675.15	1345.3
5527.3	1073
3639	896.95
4084.6	2776
82.86	2048.6
4801.4	242.23
6177	2055.2
1956.1	414.81
6479.5	1293.6
5402.2	3415
6284.9	2494.7
100.8	2223.2
5246.7	1941.2
517.81	2130.4
5928.6	2033.4
1709.2	1958.6
4331.2	144.93
6156.2	845.17
2875.7	479.18
1218.6	2182
2868.3	64.462
1598.6	1992.3
2868.3	64.462
1604.8	1041.3
1818.3	1672.6
342.19	2174.9
1751.1	707.63
7010.2	1047.4
3261.7	2544.7
2016.1	373.74
2568.2	490.43
6247.4	2018.6
4275.9	18.137
7242.6	2871.7
113.35	2220.9
5527.3	1073
5779.1	266.93
784.97	1916.9
1963.2	649.2
1137.6	1846.7
5697.9	1771.1
3444.9	1855.1
845.2	664.79
4407.9	435.02
6158.5	859.27
2447.3	1996.4
3148.7	871.48
1904.2	1068.3
747.9	2112.1
5313.9	985.13
1729.1	2206.6
570.92	2100.2
2488.4	1974.9
2111.7	2591.3
3275.3	446.34
845.2	664.79
5529.2	1680.7
317.1	1633.3
6168.6	1989.4
317.1	1633.3
263.04	1249.4
2606	515.22
1065.9	2065.2
4994.9	1616.2
2004.8	1919.7
2111.7	2591.3
1711	3022.1
237.05	1430.4
4060.7	852.55
266.8	2442.3
114.44	2199.5
1729.1	2412.3
2511	1034.2
1667.3	1771.6
5797.2	273.23
6226.1	2037.3
5478.3	626.52
2417	243.68
1369.2	2230.1
1410.3	1141.6
3263	1972.8
1068	2050.6
3346.1	139.93
4821.1	848.64
4509.7	799.5
5302.7	1636.1
1354.4	2241.2
307.03	1069.5
1620.2	1090.3
3186.3	1923.6
529.83	1437.8
3668	930.76
5081	1769.2
1370.8	2228
5088.8	532.24
6991.7	2087.9
475.33	1507.4
2146.1	2903.5
465.22	1501.2
2768.3	1943.9
3110.4	2856.2
760.26	2074.6
924.35	636.46
4592.1	887.26
7274.5	2418
764.7	1904.8
5942.3	335.71
2699.3	2100.5
2581.8	1684.9
2571.3	1977.2
4827.2	511.29
1370.8	2228
6315.9	1248.7
317.1	1633.3
6521.5	616.33
1643.3	2025.1
4592.1	887.26
4828.7	511.38
2618.8	1688.8
3380.2	2184.6
6049.8	551.76
6810.5	2436.4
1729.1	2412.3
4377.3	1970.8
5818.5	2544.5
4292.5	19.533
4826.3	2997.9
3230.1	2795.4
4801.4	242.23
6228.5	495.19
255.81	2042.7
5789.8	252.32
573.63	1430
512.95	2136.4
1751	1739.8
5533.8	958.66
4828.7	511.38
1195.1	2078.8
4801.4	242.23
4027.9	765.55
5789.8	252.32
2659.1	22.032
636.36	2472.8
4814.7	86.132
314.8	1593.7
163.59	1597.3
2357	1965
142.18	1651.2
409.77	2992.2
6063.4	1228.3
2543.1	1931.9
1272.2	1424.9
4429.4	1903.1
7253.7	2526.2
4827.2	511.29
1369.5	2561.2
3997.7	1632.6
2519.3	1761.9
178.5	2261.7
1573.2	1935.5
5774	2695.7
3493.7	1964.5
6991.7	2087.9
1649.3	1119.2
3772.3	864.52
1359.2	1928.1
1524.4	1944.4
1487.3	1779.7
5749.5	153.1
5856.7	2004
336.79	905.55
3346.1	139.93
6469.3	1346.4
402.2	2249.9
5749.5	153.1
5221.4	961.27
7068.3	2739.3
2370.9	1897
2828.8	933.91
4190.2	3114
1884.7	1030.7
1218.6	2182
4275.9	18.137
6461.5	1247.4
6463.5	1107.1
1604.8	1041.3
6409.4	717.32
3978	1937.5
282.69	1674.5
4262.5	2379.5
4084.6	2776
4801.4	242.23
1494.3	2060.7
2861.8	968.25
4187.6	1970.9
813.15	3033.9
1692.6	1825.6
1604.8	1041.3
2128.8	249.07
93.352	2484.7
2459.7	1695.8
5771.6	158.44
4756.7	757.19
319.26	1625.8
2569.4	1981.4
675.64	1127
3225.4	2839.8
872.62	2232.6
5332.1	161.47
5896.6	2746.8
5978.9	408.83
6461.5	1247.4
1581.5	1106.9
5717.9	2644.4
2902.3	1945.4
6045.5	2060.2
613.61	911.47
5316.1	987.44
1373	2224
3186.3	1923.6
266.04	2280.6
5888.5	208.08
1125.1	1906.9
1492.4	2059.4
3264.2	1733.4
1585.3	2028.2
2800.9	3640.5
335.87	920.96
1705.7	1975.2
1098.6	739.62
2687.4	694.87
2887.2	181.32
3651.9	766.98
6464.4	1354.1
264.2	1620.7
1903.3	1032.6
5706.6	677.46
2604.5	1763.3
4513	955.18
3035.7	37.504
436.33	1978.5
1431.2	1713.7
307.03	1069.5
1842	3543.1
6769.8	1469
2143.6	155.19
5871.7	1973.7
1357.2	313.15
3907.1	54.594
5771.6	158.44
3578.2	1980.9
2434.7	870.06
7211.5	2840.1
6066.4	1219.7
1719.7	2140.3
5124.3	1600.3
2917.9	1879.8
5451.1	2900.2
393.8	2169.3
1892.1	282.26
6708.1	2418.8
6026	1161.4
938.93	3128.3
5258.9	905.82
1064	2104.8
6217.3	1848.6
3086.8	83.614
2553.6	1758.3
5474.8	642.5
2171.8	1737.3
1148.4	1902.4
5971.7	241.72
7262.2	2047.6
237.05	1430.4
2112.2	2671.5
5493.7	1026.6
552.96	2112.6
2143.6	155.19
1385.6	1783.5
4413.3	709.26
3773	1906.2
7262.2	2047.6
1911.2	1092.9
6642.8	1981.5
2354.1	192.83
1347.4	514.82
4305.3	2326.4
3327.6	2588
401.91	2286.8
1660.7	3289.9
4779.2	792.74
5548.8	1067.2
739.41	2469.6
3495.6	1962.7
5822.7	2454.6
6264.4	379.76
5332.1	161.47
6474.2	1353.5
1806.4	1341.9
2509.2	1266.4
5464.7	2008
2598	2395.9
1375.8	2173.8
383.31	1325
7149.1	1843.8
6148.2	512.16
2917.9	1879.8
1729.1	370.81
1634	418.3
400.13	3296.4
1113.5	2072.3
5501.4	65.716
1716.6	374.32
1126.8	1853.5
551.79	2147.5
1235.9	1827.9
5016.9	1235.5
5771.6	158.44
3801.5	1904.3
1267.8	1818.8
5779.1	377.71
5271.3	919.58
3277.2	944.47
981.4	1249.7
5086.8	4004.6
1023.7	2016.8
375.01	1009.3
2713.4	138.33
778.25	2121
4218.2	3139
7149.1	1843.8
7174.1	1691.8
548.74	2122.9
1685	1949.5
3614.5	51.392
2828.8	933.91
5993.4	248.64
4099.4	1911.2
837.75	2650
1693.4	462.3
3778.2	1904
5991.4	249.06
1173	1899.9
1667.1	176.83
813.46	893.57
3184.4	917.48
6955.8	2201.3
2143.6	155.19
6991.7	2087.9
6252.9	1260.2
3117.6	757.21
4790.1	197.02
1612	2116.6
4506.8	1997
5867	1072.1
5989	2055.4
1435.7	1539.6
1380.4	2278.6
1435.7	1539.6
6230.2	1781
506.4	2339.5
1422.1	1156.1
3504	58.617
3373.7	1996
965.99	1334.8
3858.7	2089.2
5440	1014.3
4082.9	128.64
3801.5	1904.3
1091.9	2091.7
5920.7	983.8
2604.5	1763.3
3350.7	29.58
5850.9	1973.6
1422.1	1156.1
5779.1	266.93
667	2210.4
5888.5	208.08
524.67	2123.4
7253.7	2526.2
800.01	2105.5
2134.2	2024.4
1190	1257.2
4771.5	71.31
5920.7	983.8
2822	94.544
1370.3	2170.4
7056.4	1596
2583.2	133.28
517	2166.2
5822.3	1092.5
1577.4	1070.9
4845.8	843.5
4355	2941.8
5779.1	377.71
7253.7	2526.2
6414.6	640.57
867.97	2219.8
3169.4	789.79
392.45	2171.6
1347.4	514.82
506.84	2241
5888.5	208.08
2964.9	81.558
6351	1145.8
5584.8	385.47
1091.9	2091.7
5960.7	402.41
1435.7	1539.6
6317.1	1276.4
6013.8	2042.3
1721.7	2035.9
5549.5	2022.6
7262.2	2047.6
2122.5	1691.8
3801.5	1904.3
3170.8	813.75
403.98	2282.9
630.16	2530.2
272.86	1654.4
5297.2	910.14
107.3	2276.4
1721.7	2035.9
376.95	1335.2
2397.1	2098
1612	2116.6
5549.5	2022.6
6252.7	371.6
1611.9	2116.7
5415.3	1446.2
5549.5	2022.6
2837	487.27
4025.9	917.22
1469.8	576.26
375.01	1009.3
3184.5	784.61
179.89	2276.3
1100.6	2091.3
589.22	2403
1355	470.28
1444	2001.8
1370.3	2170.4
4636	1949.9
1202.5	493.21
2897.6	777.32
148.15	1694.2
4499.4	1901
6537.6	2634.7
5536.1	965.25
2390.3	2009.2
4417.6	3205.1
7134	2007.4
810.45	1962.2
5313.9	985.13
6421.6	1200.4
3490.7	1334.6
3267	697.97
1775.2	1531.4
6363.6	882.12
3513.8	68.339
5674.2	1561.8
6307.7	1267
335.58	2454.8
1062.6	2193.8
1502.8	2396.6
176.66	2370.9
4086.7	165.69
5706	1956.4
1667.1	176.83
6422.3	1165.1
591.11	2423.2
336.61	2456.8
1719.1	182.13
6185.4	2074.9
2340.1	195.69
870.54	2138.7
5810.3	2635.6
5481.9	150.97
7304.2	2168.1
5241.7	904.36
7253.7	2526.2
3228.7	86.132
5193.9	3773.2
6672.6	958.89
420.7	1144.8
2713.4	138.33
4054.7	910.5
5365.9	42.34
6036.4	434.54
1968.2	588.34
105.67	2635.4
2347.7	811.44
6180.6	1076.3
1142.6	1838.5
6088.2	289.97
3504.9	21.777
4052.8	848.81
4850.7	970.03
6474.2	1353.5
6082.8	1215.9
567.16	1424
6298.8	1264.9
549.93	2125.6
6362.3	514.08
1347.4	514.82
176.66	2370.9
6470.8	3004.5
5533.8	958.66
4849.7	742.5
3169.4	789.79
2069.9	3722.1
6716	1417.2
1126.8	1853.5
2132.9	2611
4698.4	92.821
1378.3	1097.9
1503.2	2302.8
1068	2050.6
1815.7	1180.2
159.11	1722
2457.1	1539.5
4085.1	129.98
4542	789.33
5589.3	3074.3
5839.1	1127.2
5238.1	463.85
3901	3334.3
6252.7	371.6
3241.8	1407.6
486.4	3652.8
1617.7	2635.8
833.1	1368.5
1528.5	2653.5
2303.7	160.9
2917.9	1879.8
2329.7	928.27
327.24	3629.4
6953.1	2187
5148.9	2043.5
2234.7	20.729
5674.2	1561.8
274.25	1096.5
6338.7	2682.8
6329.3	1135.5
3372	32.135
2560.5	1681
406.32	2277.7
386.61	1296.8
1147.6	2079.2
2094.2	46.098
3513.8	68.339
4943.1	2619
6511.9	521.1
1503.2	2302.8
2528.9	2013.6
4015.2	770.49
1689.3	2350.1
670	1444.6
5728.1	234.05
2719.3	687.62
6722.7	2142.8
5622.6	131.33
337.33	1332.2
3329.5	1740.4
2000.4	1937.5
5241.3	1977.6
4395.2	710.49
6062.1	1187.9
869.32	2300.6
4483.3	41.645
5550.8	1077.2
3625.4	848.03
6663.7	1873.9
1881.2	1081.5
2569.2	145.31
1667.1	176.83
5592.2	267.63
4767.4	821.6
2148.2	119.7
494.17	3642.4
2457.9	1764.4
5037.3	70.209
2132.9	2611
2312.6	105.99
4489.5	1860.6
567.7	2927.8
3408	634.93
7253.7	2526.2
1768.2	1624.5
6723.8	3119.5
1446.8	2001.7
1774	2040.6
6714.9	2136.1
5215.7	2032.8
2370.4	1962.4
6544.9	2844.8
381.22	1477.9
1768.6	1980.3
2852.5	62.127
5615.3	830.06
2373.5	2122.2
6319.4	491.81
3169.4	789.79
5247	214.55
501.26	3646.1
5402.2	3415
5391.6	271.61
1136.5	577.76
6326.8	1138.3
5403.1	121.48
6221.7	1082.8
4052.8	848.81
5887	2426.1
2855.5	922.87
2569.2	145.31
5898.5	3255.8
1320	1787.9
1345.8	311.15
1935.3	440.71
1719.7	2140.3
122.49	2631.5
6511.9	521.1
503.52	2359.3
5258.7	1037.2
5674.2	1561.8
3522.3	2949.8
391.47	1013.6
7192.7	2813.3
4596.6	71.888
6475.3	1125.1
2340.1	195.69
297.05	2420.6
2943.1	14.431
2419.3	1662.1
348.44	1129.5
3772.3	864.52
6764.4	2350
725.41	1883.4
6024.3	1174.1
3251.5	2761.9
2827	501.12
359.81	2122.6
4220.4	679.28
5522.9	870.46
5037.3	70.209
5992.9	1057.6
2822	94.544
2457.9	1764.4
3306.3	17.879
7253.7	2526.2
5228.1	929.87
1425.6	2038
2430.4	2941.2
182.98	2230
4996.7	709.11
6570.7	2634
982.42	1302.7
6527.5	1893.2
870.54	2138.7
222.13	2087.2
4156.9	894.03
1659.6	1746.4
2032.3	258.33
5679.7	1971.3
222.13	2087.2
384.18	2226.7
6461.4	1303.8
6580.8	3154.6
2970.1	75.523
2234.7	20.729
6204.3	2017
5719.3	1999.9
2840.5	86.946
772.97	1966.1
4849.7	742.5
4860.8	516
2725.1	1211.1
412.13	2315.2
4239.5	627.35
90.514	2038.4
2308.4	1933.8
2800.9	3640.5
5378.5	61.268
258.53	2290.2
5483.4	1045.4
491.21	1229.1
2518	1932.4
3451.9	2513.3
2755.8	49.46
823.89	875.43
4331.6	2606.6
2506.9	216.36
900.9	1511
1167.9	1230.9
3451.9	2513.3
3085.6	776.36
5741.3	2920.9
2517.8	1195.2
7265.3	2059.1
5454.2	909.27
4070.5	23.743
845.74	1951.1
515.64	3645.5
2457.9	1764.4
1624.3	1966
1031.2	983.43
4849.7	742.5
4852.5	749.82
1664.3	2031.8
846.14	1953.7
1298.2	800.35
6403.8	554.06
5821.7	2546.8
1659.6	1746.4
1335	1936.5
5792.4	2616.7
5502.5	655.88
6436.8	1303
872.17	2141.5
4486.5	791.79
2461.1	778.19
406.83	2040.2
5359.9	47.939
5263	2218.8
1158.4	1195.4
5075.8	548.07
398.67	2043.7
3463.7	612.84
5507.8	983.46
6483.2	1123.6
4025.9	917.22
5678.5	1458.9
5142.1	4363
306.38	2305.7
6510.6	516.27
6618.9	1350.3
944.79	1021.3
4259.7	24.216
5360.1	841.3
5352.8	2973
6829	2896.8
295.69	2525.4
2529	2006.8
2464.6	1774.5
2684.8	953.87
148.15	1694.2
5609.9	829.49
829.82	1890.7
6026.3	778.68
7023.1	2214.4
5632.4	835.02
3956.1	771.85
5636	847.26
384.95	2055.1
6068.4	2515.8
5996.5	1979.1
4961.3	700.45
7010.2	1047.4
3467.3	2763.6
1583.1	1152.4
5118.2	555.22
6050.2	1757.3
2528.9	2013.6
5615.3	830.06
1409.1	2574.3
6333.5	441.8
6221.7	1082.8
3416.7	629.69
1120.9	1271.8
3306.3	17.879
1840.4	339.29
6428.8	1190
550.28	2011.3
503.56	2167.2
5643.7	853.13
3354	1947.6
5594.8	2023.4
982.42	1302.7
7309.8	2994.9
6829	2896.8
1033.8	646.12
1376.7	1177.9
6431.2	1180.2
342.64	2516.5
2589.2	1769.1
2221.1	68.687
5539.8	1064.7
4811.8	750.6
6451.8	1259.2
6900.8	2170.8
2238.3	2033.9
5421.1	372.56
3447.1	626.72
5276	891.64
2681.5	2189.3
4158.7	2951.3
134.46	2155.2
4953.8	2129
2822.8	956.43
806.74	2103.5
6988.9	1592.7
5889.7	3142.8
895.66	639.91
5609.9	829.49
5943.2	452.47
1405.3	1552
2466.1	1606.4
5728.1	234.05
1059.3	2199.5
211.12	2002.5
6084.2	1034.9
1105.5	2084.3
2719.3	687.62
1812.8	140.06
3191.8	1854.1
1169.1	585.66
2653.8	1943.5
2164.2	2030
4001.8	786.16
5221.7	2301.7
2552.7	1870.1
823.6	2123.6
2430.4	2941.2
575.66	2617.4
6746.9	2419
2904.3	1853.6
2689.5	681.22
2069.4	219.95
5632.4	835.02
1169.1	585.66
318.13	1654.2
2693.9	680.88
1193.1	548.25
337.53	2468.1
7009.6	2740.8
2366.7	2578
1012.3	594.04
2706.2	151.86
1762.3	364.65
6024.3	1174.1
2687.8	1766.4
1842.9	1121.5
7096.6	1618.2
4804.3	745.63
1783.4	195.48
4017.4	756.68
244.3	1672.9
3230.1	2795.4
2089.8	2182.2
3465.2	2509
2148.2	119.7
6984.5	2116.3
4030.7	886.2
4279.1	644.78
5383.3	263.44
218.55	2253.3
5454.5	1612.9
5998.3	1080.4
6549.8	2467
5519.6	1042.9
3101.7	1952.1
3436.4	1148.9
1046.9	2025.7
4486.5	791.79
405.3	3643.1
6174	829.06
1059.2	2268.3
420.7	1144.8
3226.7	1561.5
733.48	2427.5
1059.3	2199.5
1995.9	1661.5
5198.7	80.745
6074.3	1216
5543.6	1066.1
1286.6	552.67
5943.2	452.47
6594.4	1629.8
1769.6	1940.4
2075.4	58.817
2080.4	54.13
2686.8	262.62
1849.1	325.05
7339	2629.8
7006	2214.2
6052	1175.5
5000.8	765.42
4368.2	1903.5
5590.8	810.93
3191.1	902.97
2812	450.11
6160	2014.2
4549.9	913.52
746.04	2353.6
3357	2664.8
6793.3	2524.7
2080.4	54.13
3051.9	35.393
5403.1	121.48
6174.4	556.89
2094	1971.7
4061.4	1967.3
2464.6	1774.5
5352.8	2973
2625.5	2953.8
2052.2	87.745
5403.1	121.48
3716.3	702.66
970.19	666.49
4030.7	886.2
795.73	2173.2
907	2055.7
1009.9	1307.3
2684.8	953.87
1953.5	2013.7
4987.5	721.75
4926.1	68.092
1783.4	195.48
1098.8	1911.5
337.93	1140.8
1299.6	1098.8
829.82	1890.7
5878.9	1142.2
1175.2	564.85
178.78	2373.8
2027.7	362.83
5812	360.77
5403.1	121.48
7006	2214.2
5780.6	396.26
5519.6	1042.9
2517.4	4364
759.94	2215.2
1837.1	1160.6
1120.9	1271.8
6221.7	1082.8
5037.3	70.209
6733.1	1436.1
5403.1	121.48
2231.6	192.02
6054.1	1185.8
7075.7	1481
5941.7	451.31
5859.5	2057.6
3416.7	629.69
833.88	2074.1
773.98	1910.5
2362.7	2619
6480	1183.3
741.78	2282.9
1066.2	2426.1
1683.7	1974.5
2435.7	1942.1
6018.3	1187.7
964.32	600.52
3582	440.1
744.73	2409.6
2851.7	917.5
6733.1	1436.1
6676.4	2336.1
764.43	2110.5
1209.8	588.66
5074.9	2286.6
4797.4	931.47
5504	872.76
4954.8	709.16
1783.4	195.48
4206.5	623.86
5848.6	370.68
2639.4	1770.1
6955.8	2201.3
3385.8	634.52
1727.5	2694.8
5925	405.3
6008.4	802.27
6684.7	2664.4
6625	848.56
829.06	2181.6
7049	2184.2
1509.8	966.66
1413.6	1458.2
6034.6	1078.7
1421.4	1960.2
1610.8	1047.7
2632.3	1230.6
1137.6	1906.5
2705.5	1747.8
232.82	1155.5
6313.6	1307.2
2759.4	3497.6
5893.7	1979.9
4091.1	1559.8
1454.6	580.83
5630.1	144.21
5680.9	1996.1
1137.6	1906.5
2847	826.05
3416.7	629.69
203.61	2157.9
3496.2	707.83
1206.9	541.27
2749.4	1855.3
5691.5	937.99
5037.3	70.209
591.15	1032.4
611.63	904.9
296.28	1290.4
5955.8	555.6
6261.4	1501.7
2772.7	245.93
5779.6	249.29
1227.7	2151.3
1783.4	195.48
1953.5	2013.7
244.39	1412.9
981.35	669.85
6319.6	2037.6
2279.2	1630.6
550.48	1236.2
2621.2	1776.2
1046.9	2025.7
5636	847.26
469.23	2231.9
3380.9	17.184
2583.2	133.28
2312.5	175.89
972.76	2078.8
7344.7	2255
3605.7	51.807
136.11	2859.7
1129.3	524.75
402.44	2423.5
1759.4	2140
368.37	2351.8
789.85	780
5564.6	814.31
5946.4	3271.1
5914	394.84
2466.6	1452.4
1404.1	1176.6
5505	934.16
5955.8	555.6
6313.8	1714.1
3076.4	767.35
6229.9	2061.2
5204.3	1975.9
1849.1	325.05
1030.7	986.89
6233.9	455.65
6618.9	1350.3
5328.5	154.17
3257.9	2962.3
1715.8	2428.5
297.6	2162.7
5389	1165.3
316.12	2168.8
4238.1	640.72
6017.7	464.56
1880.8	1074.7
2858.2	910.13
6132	444.15
5793.2	361.31
6756.6	1445.5
6947.1	2065.9
5691.8	2386.3
1007.6	2087.6
5780.6	396.26
471.61	1268.8
6173.8	1066.7
3414	676.85
4016	838.34
4507	786.16
6157.9	1061.4
4940.1	2637.1
4800.1	924.06
4903.5	129.25
4004.2	808.37
3840.1	1574.1
2818.8	516.58
3165.6	954.53
7123.8	1659.3
4574.2	804.83
386.61	1296.8
591.91	2117.4
4107.7	944.13
5027.4	735.73
254.07	2350
202.39	1453.8
5403.1	121.48
6313.8	1714.1
521.22	2230.2
1057.9	628.39
2561.4	1903.9
384.18	2226.7
342.64	2516.5
5324.8	150.51
5558.6	2912.7
1545.7	866.14
4192.3	395.12
5507.8	983.46
1061.2	2418
2841.2	2937.5
258.41	2980.9
1501.2	420.69
5944.1	392.02
5480.3	109.69
4056	688.77
6309.1	2990.8
3215.4	1905
6698.3	1103.2
6196.1	1074.5
135.17	1737.5
6955.8	2201.3
4156.9	894.03
2849.1	936.88
3640.1	1553.3
1174.8	1976.9
188.37	2244.5
4929	633.16
4239.6	644.64
693.18	873.94
7073.3	2231.5
2846.7	469.27
402.44	2423.5
6323.7	2674.1
6194.5	1621.2
835.26	756.41
1642.2	1846.5
4239.1	638.54
6984.5	2116.3
5792.5	1393
878.78	2043.6
968.88	961.3
5609.9	829.49
4449.4	709.81
1066.2	2426.1
2531.8	1774.9
4976.8	748.02
2135.9	2917.3
6477.3	1171
471.61	1268.8
1521.7	2680.4
5682.9	3041.5
5204.3	1975.9
1537.1	422.21
2147	147.95
3607.3	1837.6
4916.9	681.99
5007.3	3170.1
5950	446.82
1061.2	2418
5783.5	1970.7
448.42	1982.3
3897.9	771.33
516.32	2240
755.68	2203.7
6118.5	1042.3
5783.9	1968.4
3380.9	17.184
1360.1	1197.3
5349.4	3090.3
143.69	2209.3
1061.2	2418
842.81	2101.9
5025.3	43.23
6554.6	2634.5
6625	848.56
6311.3	531.37
3743	1895.1
4239.3	613.79
605.41	2719.3
1133.4	2073.5
2497.4	2948.7
1652.4	1844
2312.5	175.89
257.59	1613.3
943.89	579.19
2468.3	857.73
6086.5	2513.2
3189.9	774.2
6274.9	1158.3
1361.9	1127.6
6035.9	2072.9
7023.1	2214.4
4936.8	2643.8
2614.8	1738.3
1880.8	1074.7
1536.1	438.65
3380.9	17.184
3940.9	711.4
477.94	2132.5
5502.5	655.88
2468.3	857.73
1197.1	564.68
4124.3	684.87
5390.1	1076
5049.3	777.75
3073.4	766.39
3466.9	1838.3
356.64	2974.9
2083.1	46.583
855.96	1952.2
1337.2	2502
6622.1	761.13
7103.7	1546.2
2075.4	58.817
6196.1	1074.5
4049.4	1541.5
6076	2882.4
5406.1	105.12
362	1139
3971.8	1928.8
855.96	1952.2
306.81	2656.2
1610.8	1047.7
6075.8	2884.8
6966.3	1434.7
376.85	3635.5
4796.5	737.59
3440.7	641.66
3246.9	1292.6
6035.3	3583.6
3371.1	1719.8
5839.6	1019.5
6035.3	3583.6
3450	623.95
3450	623.95
2689.5	681.22
4412.3	863.37
964.62	604.5
5564.6	814.31
3432.6	680.87
6022.5	489.35
2435.7	1942.1
5185.9	3318
6775.2	2153.4
4993.7	1938.8
5374.9	50.137
2568.7	1779.5
6174.4	556.89
1783	1679.6
3466.9	1838.3
5374.9	50.137
7205.2	2655.5
2110	2660.3
6436.7	660.84
1911.4	605.98
3747.3	695.26
773.59	1892.9
5940.8	362.73
2369	1935.9
96.696	2581.8
3504.5	714.35
1111	565.96
3554.2	2287.1
686.41	1101.5
4457.2	1907.4
4231.7	550.75
3371.1	1719.8
4682.5	28.057
5153.9	1621.5
4038	878.78
5260.5	1008.4
1545.7	866.14
6863.6	2951.1
302.56	1303.4
4936.8	2643.8
6844.2	1863.1
2339.3	2709
3201.5	3214.1
6554.9	2951.2
3422.5	1099.6
3415.4	2779.3
4807	78.027
6303.5	2457.9
1402.9	1465.3
1090	1921
1783.4	195.48
4379.6	1933.6
1820.9	622.3
5374.9	50.137
346.23	2302.6
576.15	2990.9
4997.8	475.11
1521.4	515.11
6162.8	512.65
3896.5	793.5
5156.6	790.36
2787.7	453.85
855.96	1952.2
7073.3	2231.5
3332.4	2704.2
2849.1	936.88
4682.5	28.057
1700.2	1839
1265.6	369.14
5387	56.979
4966.1	752.11
2075.4	58.817
1406.6	466.18
4238.1	640.72
2279.2	1630.6
5713.6	2695.8
2164.2	2030
5847.8	414.09
542.22	1218.9
5725.8	2042.9
4265.1	401.4
3593	683.17
2773.9	30.918
477.09	3640.8
3517.9	1842.8
4090.5	839.54
6725	1449.3
4796.5	737.59
66.387	2206.3
322.29	1505.2
346.65	1600.4
1167.9	1230.9
6299.9	2052.5
3889.2	1900
6313.6	1307.2
145.13	2508.1
824.53	2097.5
6236.3	396.33
5711.1	2675.9
5328.5	154.17
2723.4	2930.8
1219	1771.3
476.84	1013.3
1031.6	1861.2
5229.2	889.65
6443.2	1146.3
4435	912.71
4458.5	780.07
2499.3	1754.9
4624.1	63.853
6483.9	2753.6
802.65	1965.1
1302.9	460.83
1119.8	1903.4
2364.9	2511.8
4038	878.78
1923.5	497.53
2801	261.23
1041.3	2804.9
4995.3	733.06
3251.1	1314
393.81	3641.7
556.3	2106
3607.3	1837.6
3435.6	647.28
4090.5	839.54
2719.3	687.62
5352.3	2457.4
271.71	1660.9
1765.3	1955
4015.5	935.88
1186.1	416.74
996.77	2026.1
5974.9	2072.8
2623.6	2296.7
1674.7	1829
5991.3	757.69
5792.8	2889.2
2787.1	2926.2
5940.8	362.73
1138.1	1914
1265.6	369.14
910.43	1852.9
642.14	816.91
1783.4	195.48
6761.5	2132.6
1138.1	1914
6267.6	1275.6
3229.5	2232.1
1772.9	1578.2
1813.4	1664.9
4991.5	726.08
6621.4	1293.7
1154.1	1272
6411.8	1844.7
2584.5	137.67
5378.5	61.268
4260.7	641.31
4917.6	797.58
146.18	1659.3
4926.1	68.092
2696.5	681.04
1473.4	2047.4
5351.2	2583.6
6035.3	3583.6
4395.6	864.71
847.32	833.49
970.19	666.49
5075.5	3433.3
216.32	2268.1
1574	1843.1
6236.3	396.33
5242.7	900.57
960.65	2032.7
6075.8	2884.8
1111	565.96
529.13	2615.2
770.47	2741
2066.8	129.64
4412.3	863.37
4960	2043.2
5360.1	841.3
5098.1	786.54
6483.9	2753.6
2833.5	926.65
6977.8	1222
793.14	2343.8
3897.9	771.33
3437.9	608.54
1219.1	1245.2
4239.5	627.35
74.354	1966.5
1374.9	1110.3
5459.2	634.27
6872.4	3203.3
5049.3	777.75
5621.7	149.75
3380.9	17.184
4178.7	3121
5847.8	414.09
1893.7	1122.3
1752.7	2860.8
5014.1	3181.5
1584.2	1169.1
2648.2	1749.2
5183.5	2003.5
4066.6	756.58
1098.5	1844.6
2477.6	1761
6010.2	2096.2
1367.4	1101
3605.7	51.807
6156.8	387.78
257.19	1391.1
5773.2	2928.6
2825	869.01
6348.6	2398.5
5318.2	152.89
409.18	2190.3
5480.1	851.51
6117.2	1094.1
5366.4	132.09
888.93	1407.7
2312.5	175.89
6609.8	1295.3
3534.3	2152.7
483.88	2707.9
4090.5	839.54
152.74	2362.7
5598.2	235.91
4260.7	641.31
2514.9	1025.5
5990.3	415.39
1611.8	1071.8
1873.7	1107.6
506.28	2221.3
5072.2	517.01
1984.1	1921.4
2413.3	2940.8
5374.9	50.137
6035.3	3583.6
5378.5	61.268
4972.4	780.98
3338.1	2290.7
2148.2	119.7
3215.2	2207.5
5706.2	1998.3
2568.3	1908.6
2689.5	681.22
6517.6	2698
348.21	1544.5
6240.3	395.2
4264.1	556.22
4234.3	3234.6
3714.7	1618.7
2148.2	119.7
4063	755.07
2529.1	2004.7
3444	2284.8
1783.4	195.48
4966.7	775.55
5780.5	358.63
6156.8	387.78
6769.5	608.49
3242.8	1365.3
1168	2312.3
3611.3	754.95
1457.5	420.28
3246.9	1292.6
388.74	2237.2
6156.8	387.78
1514.4	2509.2
5185.6	2949.9
4874.1	50.183
4889	50.644
605.41	2719.3
4411.7	2577.3
4917.6	797.58
5920.1	406.79
2689.8	712.54
5623.3	855.14
963.13	649.35
2115.7	2989.6
5638.8	297.81
402.15	2232.5
1611.5	1061.7
1196	2062.9
280.08	2488.9
2620.2	1778.2
4963.6	1608.5
752.08	2625.8
2637.8	347.71
3410.5	399.22
4964	1619.6
4889	50.644
1300	2612
5049.5	1923.5
6481.5	630
5824.3	1011.8
3507.9	1091.6
6681.4	2933.4
1777.1	2869.9
5005.9	3127.8
4090.5	839.54
5634.1	855.57
6565.1	1765.1
1382.2	435.63
1736	1834.8
2075.4	58.817
5517.3	957.41
2477.6	1761
4917.6	797.58
4156.9	894.03
173.11	2316.7
3531.4	1729
4098.9	915.89
795.73	2173.2
4017.5	1327.9
968.88	961.3
2027	1666.1
5057.9	773.85
4395.6	864.71
5931.2	378.19
1633.1	796.91
2477.6	1761
5887	2426.1
4038.9	1806.1
1114.3	1910.3
2091	2493.5
3489.4	2943.9
5879.2	2557.4
2565.7	1756.6
327.24	3629.4
4056	688.77
3988.3	3094.9
1650.4	1129.3
4918.2	890.56
1265.6	369.14
1103.1	2069.7
