105.98	2317.1
6716.1	2754.2
6884.9	2967.9
5355.9	1096.3
5363.9	1124.9
2985.2	851.3
2144.4	2348.2
1635.5	1193.5
6409.4	2848.2
4643.1	880.01
2563.3	1011.9
5633.6	1142.9
6335	1343.1
1360.7	1228.5
2226.1	79.728
3836.2	837.82
1630.5	1159.7
2229.9	1033.7
6729.8	2449.7
5353.9	988.45
3835	926.93
162.51	1721.5
1876.2	1139.6
1179.9	1284.8
2555.9	888.91
5359.9	1086.1
52.038	1782.5
7258.5	3310.2
477.68	1554.6
2997.6	1891.8
2386.3	1917.5
5638.1	474.49
3035.5	2529.2
1335.2	518.59
1954.2	153.58
6481.5	1396
4647.2	1749.6
3344.4	850.2
5962.8	481.65
4660.7	982.29
3171.8	41.441
1359.4	1232
2141.3	2269.6
3608	44.176
270.52	1217.7
5917.6	1213.9
4327	3048.4
307.14	2737.5
6115.9	1307
422.09	2754.8
1368.8	1144.1
6162.1	2552.5
948.08	987.7
62.35	1231.2
1066.7	2269.9
5621.4	355.05
3334.5	939.52
2495.9	1913.4
3466.8	2591.5
6109.5	1187.6
2968.5	953.2
2303.4	575.8
5012.6	950.99
4635.7	872.21
112.63	2607
5543.3	694.4
2270.7	602.13
1984.2	1968.3
4983.7	569.96
3015.6	1885
512.96	867.38
848.53	1322.7
826.34	1056.3
2059.7	1755.9
5620.8	354.68
4158.1	2566.3
316.5	1634.7
1855.6	1951.5
3897.5	3090.3
6042	874.96
146.4	1315.2
5915.2	1251.3
6200.3	469.79
4213.5	976.13
1104.5	2053.1
5654.5	1075.3
1265	887.32
2941	1964
770.73	693.01
3347.9	967.25
1380.6	2049.5
1038.8	1346.6
6246.7	611.09
2972.1	845.57
2558.5	1018.8
4093.9	3289.5
1640.7	1166.4
2324.1	321.06
3477.7	450.63
5132.5	1844.6
1288.7	842.15
2786.7	15.237
472.87	2762.8
71.974	2235.4
2966.8	839.41
5320.8	126.75
2981.7	981.18
6496	1344
4337.8	3116.4
1143.4	1318.8
2707.9	1704.9
1608.3	1092.9
1870.7	262.12
1194.3	2072.9
202.8	1424.2
6330.4	1362
4339.9	1963.9
1122.4	945.58
3744.4	451.77
3826.5	960.46
5935.6	1175
887.6	1333.9
2577.8	1696.8
2970.4	484.17
3439.5	1654.1
5213.6	633.75
2285.8	584.27
4988.9	914.23
411.21	1299.6
591	1193.4
4212.7	840.1
4921.6	76.619
3743.3	470.7
1902.3	1999.9
6407.4	1257.7
2607.7	1708.2
5183.8	607.97
6140.4	1212.6
6811.8	2717
158.64	1564.5
6521.3	1444.7
5545.3	677.42
1139.2	921.55
1849.1	1062.6
609.18	2657
403.35	1590.7
5518.4	978.43
410.75	3166.7
157.9	1561.4
5912.7	339.04
3012.5	1872.2
1623.2	1105.8
514.36	2156.6
1111.7	2979.7
4859.3	1650.1
926.44	1023.3
1062.9	2280
89.961	1510.8
2504.4	1979.2
2564.1	990.47
483.98	1076.6
6331.7	1353.8
2217.7	977.76
4218.4	443.28
2219.3	979.83
4650.5	1009.1
90.878	1503.4
142.51	1667.9
6825.7	2871.3
2016	1760.1
2991.4	951.49
1341.8	1833.6
415.24	2653
5642.6	1086.1
1884.9	1101.7
1621.5	1103.8
5641	1088
4867.3	1970.7
203.19	1423.1
3163.1	3043
2987.3	500.49
5406.4	230.98
3674.7	1800.5
867.11	2463.4
6017	819.83
4658.9	870.62
3047.7	1978.7
5694.4	253.01
980.74	1359.7
876.6	2107.6
4881.9	1951.8
5043.3	1648.2
2938.8	1844.9
1932.3	1764
814.24	1051.6
1880.2	1987.8
6797.2	2175.6
4678.2	1766.4
1713.3	724.16
3225.2	2526.4
1387.5	1835.9
3028.3	1900.3
5364.9	985.26
143.56	2218.4
1868.5	1761
837.1	1354.6
5577.1	209.22
3335.6	846.08
847.21	762.86
179.05	1608.8
4975.4	1021
3822.8	929.99
253.89	2628.1
5277	2030.4
4282.7	986.99
1777.2	2015.4
2254.2	357.54
6487.7	1350.7
2540.1	881.13
1912.8	2543.1
85.466	2251.3
1029.3	2063.7
421.52	2173.1
1495.3	2042.4
1455.2	2013.4
4571	966.37
5755.7	762.21
3777.7	453
491.13	2271.6
3003.9	60.283
1352.7	2045.6
2834.3	81.933
2998.7	837.2
6683.8	2657.7
264.64	2220.7
816.54	1084.9
5974.9	603.73
5620.8	2559.1
1770.9	468.56
1121.4	907.3
6676.4	2879
3701.8	22.081
6923.6	2919.3
100.66	2247
5622.2	1142.8
1108.1	2988.3
662.68	1961.7
2286	600.72
1401.6	1827.5
1417	1828.4
4249.3	98.744
807.47	686.67
3777.8	444.6
5206.3	633.15
2598.6	2028.1
3311.2	895.23
1642	1156.6
6921.3	2939.5
4219.2	166.37
1476.3	2253.1
700.52	2103.7
2637.5	2003.7
205.85	2551
2025.6	642.66
938.88	608.05
4937.2	1653.6
187.55	1695.6
1745.3	1944.9
585.95	1512.4
260.89	1215.1
6418.7	1014.9
2527.1	1990.9
6211.3	1998
2262.2	1969.8
204.46	2447.3
114.85	2786.5
457.02	1273.9
5003	981.06
3412.3	3279.7
102.24	2225.1
2198.5	2446.7
736.62	1478.8
2072.1	1756.9
5083	106.78
1844.6	1980
6038.5	856.43
6092.5	1911.3
1170.9	2267.4
1220.1	1224.3
2588.8	2028.9
2529.9	1969.9
3486.7	146.96
4185.1	835.78
4656	857.78
1094.4	1806.6
1160.9	2196
314.88	1018.4
1906.2	1049.9
2537	1979.4
226.97	1589.5
3850.7	966.49
4104.4	745.09
1172.5	2264.9
5556	696.31
6033.5	1945.1
398.04	1555.7
212.95	2720.7
387.65	1549.7
3049.1	1969.5
1634.9	486.58
266.52	2183.3
951.16	622.99
3256.8	899.74
6678.6	2541.1
1835.7	1749.2
5406.6	200.23
3116.6	2125.7
1903.7	1763.6
2729.1	2007.4
4952.5	581.67
1168.4	2343.4
5927.2	1181.9
399.5	1599.6
6300.5	559.77
680.74	2149.2
3942.4	891.62
4228.7	487.87
1891.7	1770.4
4340.7	3994.3
5650.5	460.97
5603.3	2901.7
2199	2254.4
4973.9	1901.1
1906	2487.7
5064	175.97
6268.4	2096
4620.9	2850.4
5683.1	1205
6166.2	524.6
130.1	2090.5
5482	203.8
697.27	1387.8
417.91	2178.3
2088.9	1735.3
4653.6	857.48
4953.9	581.6
2795.1	2016.6
5680.6	1206.3
4200.6	813.31
5218.6	125.22
2616.1	38.854
2484.6	182.19
3718.3	22.033
185.11	1656.4
158.73	1573.7
1270.6	2074.4
128.81	1639.6
1075.8	2013.6
6114.7	1297.8
4324.3	3185.5
3403.2	1952.8
2813.3	1937.5
2605.2	2651.5
4515.2	517.35
1168.4	2586.1
3725.6	3002.6
2812	1769
55.606	2491.8
2497.8	1899.6
342.96	3123.5
4567.1	1008.1
3798.9	1794.7
1939.5	1083.1
2347.5	976.95
1530.2	385.29
1421.3	1987.2
4727.6	635.11
5686.3	185.07
1424.9	2027.2
204.59	979.73
2626.2	980.6
6477.5	1406.2
1071.7	2215.7
5568.7	140.73
4617.4	925.02
5429.7	139.77
2526.7	1913.2
2536.7	983.62
3338.8	3161.2
1625.3	1121.2
316.85	2290.8
4408.9	65.942
6469.6	1308.7
6470	1173.5
1375.2	1135.7
6417.8	788.05
3063.2	1977.3
155.23	1733
4443.9	3038.3
1813.7	2749.7
6158.3	1327.1
618.77	2177.5
2997.4	975.98
1853.4	2058.9
520.54	1722.4
1446.6	1883.3
1098	2924.6
2489.3	197.55
6724.9	2607
2005.1	1761.4
5335.2	59.424
4114.4	739.81
189.95	1688.3
1393.5	2080.8
582.99	1181.2
720.36	2721.2
752.68	2268.4
5132.2	155.68
473.4	2650.7
5908.7	434.93
6102.4	1176.9
1353.3	1197.6
2013.5	2487.1
2415.6	2002.5
1615.8	2047.3
666.83	870.87
2480.8	956.24
1179.9	2178.2
900.96	2104.9
507.42	2287
1967.1	84.197
1415.6	1887.4
1285.4	2110.4
2643.5	1776.6
1343.4	2081.1
4827.4	3254.1
203.39	996.19
1026.1	2076.2
1331.6	630.72
2816.1	687.04
3756.1	919.37
3834.6	800.26
6106.2	1292
138.28	1680.5
1642.7	1120.3
5769.2	753.65
2643.5	1779.9
4657.4	1011.1
3375.2	1767.7
788.23	1913.2
1231.5	1770.3
35.443	1273.9
6242.9	1995.7
6490.2	1407.6
2414.3	117.62
1432.7	1996.6
1837.7	131.06
3692.2	80.524
5709.3	190.98
500.3	2195.5
2554.5	861.01
3504.3	2999.6
5633.4	1161.3
3620.9	1763.9
2608.6	1602.9
3053	1906.7
737.27	2587.9
314.28	2214
2557.6	145.89
3615.3	2989.7
5584.6	1094.6
3990.4	3465.1
5364.6	973.72
1459.1	374.72
1398	1833.8
1897	1972.9
2643.4	1772.4
5560.5	721.25
2088.8	1754.9
980.36	1952.2
5905.9	272.3
6381.8	1830.3
235.38	1403.3
2260.5	2038.2
4941.7	971.77
677.41	2115.8
2131.6	185.93
1188.5	1841.6
4565.7	767.32
3548.7	53.611
5389.9	1674.7
2250	1063.6
1002.3	1949.1
2049.2	298.98
1658.3	407.54
715.99	2385.9
5354.8	2906.5
318.41	2327
728.6	3090
4923.6	859.66
4999.5	1012.5
1801.9	2515.5
1020.7	2127.6
1902.5	2482.5
5915.6	278.37
5273.9	193.52
6481.2	1413.7
2493.5	2683.1
2634.6	1295.7
4826.3	1398
4288.5	1805.8
1178	2211.4
474.75	1257.5
4576	135.46
5633.2	363.59
2095.8	1946.7
1525.5	469.22
1437.4	516.11
6419.9	2931.7
652.73	2151.6
5906	275.36
1516	472.96
960.85	1904.7
453.72	2185.7
744.63	1941.7
6228.1	1874.3
5820.8	233.11
4576.2	116.9
1087.9	1869.7
4916.3	187.65
5378.5	993.35
2645.9	1023.6
853.96	1316.8
4653.1	229
547.68	2114.3
495.15	895.06
2262.6	239.54
436.46	2186.5
3880.6	2007.8
4756.5	164.85
6512.2	1448.7
286	2192.5
2416.1	1965.7
3946.4	81.895
2964.6	942.72
5928.3	280.18
3508.4	3156.2
1456.9	2735.6
1162.5	2631.6
3546.4	54.302
5926.5	280.61
1384.7	1893
1814.3	136.06
515.83	1067
2983.9	954.83
3487.9	2003.9
2272.1	150.1
6036.7	1946.5
5285.9	1071.7
3280.7	776.72
2181.7	1038.1
1371.5	2161
1366.6	2884.5
5929.1	1143.7
1554.7	2053.1
6585.8	2123.1
1180.4	2315.8
6509.9	2112.3
5699.9	1939.9
410	2376.8
1720.8	1099.4
3395.6	87.714
2684.5	2028.7
839.62	1395.8
2237.8	2241.8
6037.2	1209
5674.9	1151.5
4364.7	90.037
1317.9	2101.2
5449.9	916.63
2694.2	1777.5
3126.4	67.468
1775.7	1965.9
637.14	1462.2
5207.9	138.49
2510.7	2296.8
6122	372.87
637.71	2130.7
2525.5	2649.9
1945.2	2022.4
214.01	2241.1
509.43	1540.2
4205.9	34.796
5983.1	1068.7
2593.5	145.77
1172.9	2207.8
5853.2	1198.5
3006.7	83.354
82.273	2260.2
5886.7	1163.1
1858	1028.9
4212.2	829.34
3851.7	3097.9
5266.7	269.62
2645.4	2653.7
5973.8	490.48
325.48	2295.2
3333.5	811.27
313.12	2216.5
1734.9	381.47
1278.6	2205.4
6212.7	418.16
2608.5	148.16
5426.4	922.54
6286.4	1326.1
923.69	2135.4
6085.8	513
6700.3	2139.4
6341.8	1340.6
1575.4	2034.8
2600.8	2777.3
3504.4	3152.2
6683.5	1901.7
210.42	2057.7
4756.3	145.52
3334.8	835.6
320.37	2323.2
6751.6	1907.6
147.12	1713.2
5403.3	979.52
91.064	2310.1
2599.1	2778.9
23.671	1566.1
1302	2180.5
1180.2	1045.2
291.74	3381.6
5795.2	219.5
1927.1	2127.7
4802.2	1130.6
288.57	3380.4
6786.2	2927
4981.2	1039.5
1300.6	654.79
245.11	1078
3349	807.14
57.456	2506.1
1327	2101.2
490.35	2556.7
1391.6	469.58
4731.7	644.28
1167.9	2289.8
2427.7	1992.1
2134.2	148.01
2293.6	873.68
135.64	1685.8
2903.9	1929.9
2506.5	2676.4
2992.5	831.97
908.11	2146
4714	2029
5725.6	1723.9
720.71	2000.8
4740.6	942.44
6434.8	1266.2
2786.5	1342.6
1668.1	962.69
3560	1843.2
6381.8	953.62
3683.7	90.055
3721.8	1428.3
6333.9	1331.5
410.2	2553.1
1280.5	2200.2
410.76	2497.6
56.997	2460.8
2810.4	1410
1301.2	2008.6
1192.5	399.53
6433.6	1232.5
492.57	2577.2
192.03	2544
6691	1500.3
1788.2	2033.3
3120.6	107.17
1059.1	2141.6
1913.8	2643.6
5148.7	110.87
4725.2	1826.3
4636	860.31
2827.6	2640.6
2736.9	165.2
2685.9	2944
2044.1	2350
286.28	1215.6
1936.1	326.86
4228.7	958.27
5565.1	158.3
5853	414.03
1354.3	1057.1
1227.3	2050.4
2257.4	838.17
6834.1	801.53
976.25	1889.7
5069.9	4442
3398.7	48.719
4225.5	896.13
4993.7	1032.4
5634.3	1162.8
6131.2	1286.6
689.18	1378.5
6636.3	1450
674.27	2128.6
6375.3	583.83
1565.1	442.07
56.965	2411.4
3245.5	789.05
5362.9	971.29
4236.5	722.84
3334.2	811.32
6740.7	2937.5
3231.2	2495.3
1049.3	1886.5
215.4	2561
3942.8	52.04
1196	1180.8
79.007	2491.6
325.04	2194.7
1559	1265.2
42.802	1775.4
3098.5	2932.4
5678.1	1153.2
4686.1	845.11
3210.5	3265.4
5903.7	1197.9
1603.9	123.13
4347.5	1994.6
5903.7	267.92
5220	1855.5
602.43	3574.8
2518.9	2683.2
712.08	1431.4
91.177	2589
2553	139.96
3252.4	1900.6
3527.6	1601.3
3089.5	2326.8
4312.8	1988.9
2685.1	2027.9
6201.4	2759.5
3510.9	720.08
184.56	1132.3
1424.7	3021.7
2265.7	848.92
3149.2	70.983
3733.2	444.73
323.35	2317.6
7005	762.98
974.05	2126.4
2245.5	38.249
3404.1	97.822
193.16	2225.8
6209.1	418.81
79.131	2395
1928.2	2070.8
4187.8	817.31
2920.1	327.91
823.78	1395.2
6081.6	442.56
2151.5	787.89
2595.6	2780.3
5790.4	247.86
1247	286.25
2754.3	1780.8
2423.4	1948.2
717.61	2131
4548.4	767.82
6115.4	1258.5
505.11	2346.2
3729.5	25.129
5643.9	1147
3807.2	880.51
6859.4	2697
1621.6	1169.6
2147.2	248.3
957.88	526.15
5750.7	374.82
4137.9	808.89
2423.5	79.049
610.43	3565.2
2049.4	1819.2
4974.7	102.07
214.1	2457.3
2718.7	60.2
1988.4	1939.1
2446.9	1640.3
3573.7	651.38
2870	2638.5
1302.8	706.64
6320.2	2134.3
4731.4	646.57
1488.1	2094.1
2902.2	1967
1368	2080.7
1281.6	2074.4
4951.4	1859.7
3886.8	2017
2912	1957.3
4726.4	103.42
5697.8	903.43
256.07	2294.3
5771.4	307.14
7126.2	1747.8
6841	1348
617.56	3569.9
4797.1	2960.5
3055.7	1986.1
1355.5	486.06
6350.5	1205.4
4912	45.12
5264.3	873.33
3374.6	884.67
2506.5	3121.1
2992.4	931.37
2368.1	194.91
4820.5	4160.6
6520.4	1056
1950.2	85.322
2544.7	2676.8
727.72	2243.3
3671.1	3233.9
6289.7	461.2
1798.6	2359.6
5366	1104
2850.3	756.29
1147.7	2996.6
2649.3	27.253
6909.7	2875.9
4492.3	93.663
6479.3	1190.7
2592.4	178.08
874.8	2566.2
2422.7	118.76
932.66	1881.4
217.99	1197.1
1882.7	2053.6
7064.7	959.31
2449.3	1648.1
5583	1107.3
6425.6	3067.5
2954.5	501.43
247.23	2176.1
4381.2	728.79
5612.9	942.31
5270.4	174.96
6042.1	1127.7
2477.2	167.28
1882.1	1831.9
2562.7	130.75
2410.3	2648.6
5334.7	998.33
3666.5	1000.2
3843.2	3261.8
62.474	2275
4407.5	679.76
2582.5	2676.8
599.29	1478.1
2296.1	585.22
1491.4	2106.8
281.15	2094.8
3545.4	1797.1
1976.3	1737.1
1851.4	338.05
1281.7	2028.8
101.39	2136.5
303.6	2268.3
6470.2	1362.9
7097.4	3031.6
2745.7	121.3
1946.6	134.1
1795.3	1964.6
1317.8	2047.3
3140	65.113
440.67	2057.6
4983.9	809.46
5585.6	727.99
2709.1	1385.7
333.09	2357.3
2028.4	2007.9
2273.7	129.44
2427.3	1956.2
1258.2	4768.5
4369	1946
129.73	2329.9
4930.2	998.74
1141.4	886.42
1914.4	1998.1
2503.2	3117.9
2546.8	98.547
189.69	2928
6678.9	2850.8
6352.6	1318.3
4728.9	534.26
714.62	1418.1
2818.8	617.44
1179.3	1835.4
1339	2884.7
2642.3	1222.8
5419.3	1700.9
4896.2	856.58
3824.8	41.707
720.18	1998.1
631.18	3569.2
1963.6	1826.6
3471.4	1143.6
2952.1	504.62
4988.9	810.7
4985.5	816.47
1415.8	2084.8
467.26	2055
1540.4	721.52
5663.9	285.27
1371	2482.1
1418.9	1808
1140	1997.9
1893.5	2623
4987.4	595.12
6076.2	1234.9
1060.8	2144.6
4632.4	848.23
2761.2	2088.2
501.43	2042
5164.5	43.712
5094	1990.3
1384	1145.5
5183.2	623.98
491.14	2046.5
2145	784.73
5601.9	1053.2
6486.9	1189.7
4200.1	965.98
5409.7	951.81
6660.6	844.17
4834	1295.4
6287.1	455.88
6306.2	1286
2064	644.01
3862.1	31.315
4904	1948
3376.8	3236.9
4565.1	1186.6
2271	835.51
2684.5	2020.8
2652.3	1784.9
3317.8	3190.1
32.717	1748.7
5099.1	764.18
688.82	1942.6
4999.4	557.47
5926.4	2097.7
5125.4	769.28
7027.4	2871.3
5128.4	782.1
295.48	2055.9
1626.5	2515.5
1549.5	1976
5086.7	770.41
7290	1618.5
3899.5	3152.9
1354.3	1241.8
2026.9	652.22
1673	1726.2
1928.2	2070.8
5103.9	765.38
206.35	2793.8
6265.4	470.75
5835.3	1018.1
2107.2	804.28
3858.7	944.86
3075	56.863
1734.4	398.39
6063.2	1114
478.73	2049.5
407.32	2207.1
5136.8	787.91
3938.5	3539.7
2600.1	182.36
854.83	1366.7
4234.1	1602.6
2890.2	1187
775.58	796.76
1192.8	1255.7
6064.6	1107.8
415.53	2444.2
2629.3	1787.1
2642.9	12.209
5633.6	1134.8
4944.8	816.11
6093.5	1191.3
4175	2671.7
236.56	2245.4
6614.7	2776.3
3613.7	646.27
5380.6	960.96
4605.2	2870.6
2781.8	1001
6696.3	816.1
6534	2905.8
2957.1	964.27
289.81	2201.5
6488.8	1441.1
5168.9	2009.3
859.15	660.29
5690.8	903.19
5567	373.07
1209.8	1608
2490	3113.8
5418.7	188.54
876.43	2240.2
89.639	2050.5
5663.9	964.84
936.59	2129.7
2851.5	682.11
2088	75.441
2990.4	1889
509.56	977.08
2811.1	1970.1
5657.3	1930.9
3084.5	2992.3
1006.6	2346.3
1291.9	1999.9
696.06	2156
3862.4	3261.7
1451.2	2724.9
2669.5	2382
4712	2034.9
2818.6	673.85
2827	92.116
5713.1	908.98
659.52	878.16
189.36	1714.5
2822.2	673.03
1149.1	581.3
411.17	2509.1
3349.6	2706.9
251.94	2489.1
378.92	990.52
2363.3	229.73
1848.4	359.2
6074.9	1237.1
2836	1780.3
5814.4	2388.2
6657.7	1472.1
4937.5	811.48
2197.7	92.204
4190.2	803.09
7179.7	1143
3584.7	186.82
188.74	2382.2
38.903	3435.9
2281.7	110.73
6472.7	2043
4206.4	934.38
3629	656.88
5368.4	311.47
274.57	2272.9
4858.4	1598.6
6049.3	1152.4
2137.4	2457.3
4965.8	990.9
1495.8	1447.5
1088.2	1518.1
1271.9	2027
3822.4	798.54
500.16	3553.7
5778.8	745.54
409.35	2452.2
158.7	1315.2
743.19	2768.1
406.76	2345.5
409.12	2282.2
188.53	2042.3
1026.1	3047.4
5924.4	1227.8
5637	1135.8
1223.8	595.1
5993.2	528.29
2052.2	271.89
1447.7	1999.9
1951.4	126.06
2087.3	80.387
110.95	2693.4
1665.8	409.78
7068.4	2671.8
5356.1	2053.5
5613.7	1113.4
4407	737.06
2749.8	1945.6
5674.9	885.09
3355.5	923.38
6668.6	2178.5
1737.9	1974
4695.1	965.47
1283.6	2448.1
2355.1	3146.7
3380.9	3071
2230.5	44.826
3360.9	26.182
5714.2	277.98
5662.9	409.74
315.22	2382.1
597.27	2174.3
2054.6	1829.6
3301	3234.8
3283.2	3155.4
6309	2103.3
5342.6	153.52
6581	2155.4
974.14	670.96
3342.7	925.28
966.37	2188.8
67.964	2220.8
879.24	1371.5
3376.3	3191.8
7076.7	2706.7
5111.9	789.97
4710.6	72.871
2054.6	132.51
283.87	2097.8
209.63	1208.1
441.47	2981.2
672.52	1945.9
5944.2	1214.3
2089.1	238.25
58.998	2414.1
1782.8	455.91
5617.5	343.66
5471	193.49
5383.1	2055.4
5571.9	379.37
4967.5	989.74
1936.4	3864.6
1300.2	2198.2
1139.2	1362.8
4671.5	993.46
5267	870.17
5527.1	254.5
6445.6	1362.1
5471.7	194.78
2469.8	165.36
6107.2	1257.2
6627.4	1308.6
5565.2	371.18
1416.4	2080.7
2796.6	693.96
2354.1	3013.6
1848.3	1758.6
250.78	2563.9
6485.4	1244.1
881.05	2301.8
1284.2	2532.6
2764.7	2299.1
6460.6	2542.2
5577.3	1121.2
794.53	703.2
3728.8	467.83
418	2326.9
2988.3	925.19
6074.9	1240.6
7179.9	2746.3
638.52	2144.8
1302.7	559
5810.3	2060.3
4166.6	923.03
5912.8	1746.7
5082.2	777.78
2338.3	59.914
4367.4	671.99
6328.9	638.87
2680.8	1785.8
6091.9	2107.5
2766.5	704.7
123.23	2609.1
5732.1	387.38
6415.2	1029.6
2685.7	2654.3
4442.6	1712.1
701.64	2217.2
4602	1519.6
1178.2	1753.8
1371	853.59
5589.7	1010.5
4586.1	2019.2
992.45	1269.7
5657	2997.8
1014.1	1948.6
2853	1758.3
345.44	1016.9
6337.9	1370
7211.1	2150.5
1450.9	1998.1
4694.7	783.32
2245.2	350.57
5304.4	95.058
1292.1	2049.8
992.18	1952.2
4201.2	829.11
3582.3	646.92
257.1	2174
4174.1	751.91
769.99	787.24
1596.9	1963.5
1116.9	1157.7
5759.4	337.58
2142.5	1292.9
845.25	754.22
68.373	1905.9
6763.1	679.44
5087.4	398.92
4927.6	313.09
5824.7	321.54
1477.2	2159.9
1682.1	253.74
3444.9	2785.6
119.47	1478.7
538.96	945.04
1967.7	1957.3
3787.6	1584
938.4	1029
2560.7	1796
254.65	2180.3
5715.8	920.92
202.16	2610.8
3335.7	40.035
2157.4	235.93
2560.9	156.02
1629.3	2041.3
5808	2057.6
3380.2	85.025
2834.2	1362.3
5246.2	148.08
406.69	2543.7
133.47	2303.6
103.9	2400.8
1091.5	615.46
5656.9	885.64
7033.6	3310.5
5487.5	298
3745.7	1839.3
427.72	1566.1
5602	1007.4
6875	760.98
6618.3	1178
3946.2	3505.4
1850.4	2006.2
1001.5	2095.3
1855.4	345.84
3723.6	475.26
6174.6	498.11
6616.9	1407.1
5127.4	148.48
2110.7	1971.5
1110.6	1505.6
2838.3	472.14
2807.3	997.63
553.67	2145.3
4395.2	692.86
5468.1	321.87
2534.1	996.48
2994.2	918.71
5865.5	385.82
6226	598.97
6471.4	1384.1
568.76	3607.5
3455.1	2906.6
4694.1	337.18
5375.7	319.89
395.95	1308
5149.6	851.89
3577.4	693.11
4189.4	889.24
4652.6	843.42
6206.3	1135.4
1064.2	2500.7
4167.3	918.79
4150.2	66.973
4175.9	855.13
577.52	1936.8
3719.2	482.64
2539.7	1030.9
4903.6	167.15
2345.8	910.14
33.318	1532.7
5175.5	1636.7
6551.6	410.74
5148.8	804.5
129.03	2383.9
195.67	1431.8
5208.8	117.46
6733.2	1766
267.55	2287.4
1261.7	538.53
2637.1	1929.4
304.86	2264.7
416.46	2560.7
5265.6	183
1042.4	2007.7
2883.4	2376.1
6623.7	2171.9
4955.3	927.82
1279.7	2607.1
3931.3	3097.1
6539.4	1592.8
1336.3	508.43
6069.8	501.57
5543.5	186.54
3390.4	729.88
1950.4	3856.2
4484.4	3057.1
4263.5	485.62
5692.2	969.4
1273	2689.1
6111.9	2109.9
3603.5	1797.8
2985.7	945.36
5597.5	1940.8
835.75	2053.8
67.208	2289.5
3550.5	572.2
4398.8	696.64
1037.2	676.62
4173.7	2014.1
4958.9	555.05
318.1	2463.3
2146.6	442.27
1080.7	1993.4
728.64	821.32
1433.2	1898
4395.1	690.26
6446.6	2039.3
5093.3	404.02
4966.1	267.06
2732.1	469.86
4375.8	667.64
4605.3	771.52
416.23	2455.7
2071.2	1831.8
4378.8	721.6
206.52	2728
6482.5	1233.3
575.96	1203
421.59	2639.4
3206.9	3104.7
2757.2	1974.1
1922.9	309.09
2276	142.83
5158.8	268.86
5047.1	750.38
144.02	3207.4
5666.8	395.69
1278.6	2524.8
1357.8	2009.6
551.24	1972.6
3244.6	808.5
1289.4	2201.1
421.42	2263
6186.7	1125.3
1358.9	2008
3887	33.279
1176.3	1275.7
2915.7	762.15
26.651	2253.6
1279.9	2524.1
1447.1	2056.9
5397.2	193.42
6759.7	3089.5
5494.7	431.25
5401.3	223.9
3149.1	1658.1
4392.7	665.32
3424.2	1223.6
1368.6	2084.8
2539.2	900.64
2012.1	1838
4177.2	70.82
133.53	1674.7
1033.9	3836.1
2590.2	850.5
1645.1	2513.2
3354.9	795.16
5881.9	1087
2965.7	855.8
1611.7	2061.8
4542.5	2017.2
1066.3	2419.1
2702.1	1751.7
1620.6	1161.8
1216.3	592.76
3172.9	51.194
6074.7	1111.6
4981	208.66
3482.8	484.22
1001.5	1238.9
680.92	859.55
4283.4	730.98
4235.4	3073
4462.9	746.06
3212.2	2891.7
3281.2	3213.6
203.02	3222.4
1714.7	196.1
712.81	2003
1138.8	2609
5616.1	362.88
2805.8	619.63
2078.7	87.429
4056.4	3259.9
5041.1	1622.5
1643.7	2897.3
5211.2	98.193
231.75	1207.5
3057.5	1970.2
729.81	1999.9
3418.8	4331.2
705.97	1386.6
1643.6	2899.7
6441.3	1250
494.35	3547.7
4932.6	803.21
3606.8	661.28
3901.9	3226.3
6948.9	3325.5
2689.5	1764.7
5347.1	953.63
7028.5	3320.5
3618.6	645.03
3615.2	643.5
3604.1	630.54
3589.3	875.51
995.77	586.68
5648.2	889.89
1569.3	985.05
6141	596.71
925.63	2094.2
2046.2	892.18
596.86	2152.5
6072	2089.5
5443.6	123.12
2607.9	1797.6
5996.5	535
1313.7	1776.1
3563.2	1989.5
5572.4	166.63
7035.2	3000.9
202.84	2588.4
6331.8	667.28
6581.8	1881
718.72	3440.8
653.88	1938.3
5972.3	432.01
1281.6	2046.2
1802	1691.1
2539.5	817.58
1320.1	475.49
4542.2	1483.2
595.12	1151.2
2888.4	1939.7
1610.4	862.51
2639	1767.3
4459.9	34.399
479.91	1981.7
3843.7	912.37
3839.1	919.45
1411.6	735.8
3428.8	1264.1
77.509	1914.4
129.89	2534.7
1364.8	1550.8
1279.4	2701
5953.7	2696.2
3000	3127.4
3815.6	4206
3992.3	3249.8
5715.9	363.13
2870.1	3034.1
1171.3	1779.1
1313.6	1907.7
1928.7	169.06
1418.7	2055
1593.9	706.94
5314.3	82.505
87.468	2355.7
287.96	2956.8
4968.8	515.99
1345.7	597.5
6198.1	586.88
3240	818.39
5831.1	998.35
4243.2	431.86
695.33	2006
5333	2062.1
135.56	3445.9
3350.8	930.47
4460.1	34.518
1942.4	1843.3
1049	493.41
5456	130.52
4369.7	725.76
1826.8	163.84
1259.2	547.44
3590.3	657.37
4667.9	1618.5
5405.2	2001.5
2670.1	1619.5
5259.7	281.58
468.3	1256.9
1317	2084.7
6646.3	2174.1
3760.4	719.59
2565.1	80.124
593.73	3561.3
3807.6	1592.7
3414.2	872.2
6439.1	1378.9
3290.6	727.38
5257.5	254.1
193.19	1569.2
1017.1	1897.7
716.44	1420.1
1933.4	1982.2
3124.1	1941.8
5921.2	1241.7
917.94	2827.1
697.84	2131.5
6258	470.01
1860	2510
4980.8	114.75
1941.3	1185.9
5659.3	527.12
376.86	1057.5
2422.4	1713.8
4624.6	846.93
6454.8	1214.7
3762.3	923.84
4603.6	835.5
2589	1768.2
3701.9	29.255
4217.9	213.35
695.82	2007.6
1001	624.46
997.63	1945.5
251.7	2505.5
4214.5	927.3
2227.2	456.76
2863.9	1005.1
3739.8	4307.5
4404.1	702.87
3871.3	3158.6
509.64	3554.7
983.35	2069.1
5469.8	352.9
2816.9	711.02
3579.1	868.54
3644.3	644.31
130.33	2465.3
342.8	1631.8
736.7	2102.4
3331.6	976.91
855.16	611.78
393.76	2184.1
1555.5	2070.3
2754.2	915.27
1952.3	1828.6
6039.4	833.54
5339.2	2068.2
1678.7	2893.2
5761.5	347.02
992.95	1959.7
905.9	573.94
781.85	1899.1
766.98	728.87
1800.1	211.71
843.54	2075.4
1014.7	1956.8
5306.8	1093.4
4511.4	913.44
6986.6	2293.1
4635.4	1616.8
5116.6	795.01
6310.8	1225.7
1894.7	1098.8
6128	1470
2161.3	241.17
5318.4	94.163
4414.7	692.57
4463.1	787.7
132.8	1648.3
4868	100.9
2134.1	784.72
397.06	2200.1
131.79	2530.2
6808.5	3337.9
4512.4	915.55
1015.6	740.89
924.97	697.62
3662	1304.8
898.39	2227.4
1430.6	1887.8
6177.6	427.31
5345.6	966.78
3000.2	746.11
1644.6	2903.5
1415.1	434.93
4539.8	98.545
125.69	2764.9
2654.3	21.064
3762.7	875.13
1795.2	2086.6
4854.2	1325.5
4516.7	753.26
4719.3	949.59
2969.6	935.69
6917.5	1251.9
678.72	2377.5
4081.3	810.24
3606.2	629.07
2039.2	1065
4395.5	679.72
632.05	2990.9
1043.3	528.68
5544.9	711.93
6903.4	850.99
5125.9	832.19
5787.3	266.62
4416.7	74.285
3201.8	3254.2
5367.9	310.08
1633.8	1210.2
1708.6	2889.8
3593.3	1419.8
1355.1	1257.4
2843.9	1758.9
7199.9	1788.5
4240	804.86
651.98	1954.8
2664.9	1770.4
1583.9	2089.6
1187.4	1182
3937.5	82.082
5159.1	78.511
60.289	1856.1
1369.2	2895.3
3810.1	854.98
1837.3	2645.5
5258.4	185.33
330.17	2231.9
5578	929.37
6159	1165
5682	288.27
1525.4	4171
1710.8	379.41
6294	1224.5
3790.2	2983.1
6695.6	1917.1
2847	899.72
36.969	2404.1
5529.6	265.08
4406.9	690.24
6910.7	708.94
6023	485.8
1382.3	1164.5
1166.1	1316.3
256.16	2281
3722.8	433.45
2403.6	1928.3
3221.1	3269.9
6009.5	343.15
7169.8	3298.5
5448.2	134.99
4327.3	750.4
5788.4	1006
2013.5	179.7
5536.4	2065
1308.1	2048.8
6048.1	3073.2
2123.5	783.93
1057.9	3105.8
896.23	1290.2
6262.7	468.57
2787.5	485.96
3010.1	4114.8
3821.3	1574.4
2144.8	143.38
4234.9	804.1
4716	718.33
3858.4	3255.4
1275	424.12
5745.1	988.84
5919.6	464.4
5009.6	44.217
1690	2888.6
3002.3	2132.9
3466	2972.4
3798.5	786.96
1294.8	507.19
4329.4	898.19
723.6	2223.1
5295.5	116.12
85.798	2507.4
6564.5	991.83
5112.9	147.89
4829.3	83.943
3419	1372.7
6674.5	2077
2123.1	890.1
5080.2	195.54
1578.6	946.8
5705.7	929.24
853.75	717.57
1236.1	2920.9
5686.2	365.97
322.46	2273.2
2259.5	954.4
2797.1	1994.5
3582.6	65.657
2814.8	1790.7
1857.4	1689
264.24	2617
6498.5	2047.8
6567	1810.6
2170.5	1666.8
4511.4	30.419
1455.1	2651.9
3460.3	1137.1
6174.4	532.42
5333	946.39
3647.7	399.78
2895.4	3131.7
1254.6	1364.3
2724.4	911.45
2880.5	896.7
5714	928.95
6761.7	593.93
919.63	681.28
2075.3	1834
1708.4	207.63
5168.6	60.409
2614.6	1772.8
2137.9	887.26
3764.2	1800.2
3270.7	4025.6
1461	1884.3
4272.2	959.6
668.89	2212
4186.1	1087.2
2675.3	1205.3
2900	2118.4
3668.7	702.79
4534.8	917.86
6057.7	490.55
521.1	2105.8
2768.6	1766.5
2751.5	482.11
3518.8	584.97
1400.4	1891.8
6667.5	893.82
3051.4	38.938
1315.9	2592.3
2657.4	1770.7
442.88	3538.7
4268.7	744.39
4749.7	39.114
1022.9	1340.1
5058.8	957.45
1125.3	449.74
934.4	2114.7
