5116.3	1183.1
5841.3	2351.9
5379.7	1052.5
584.06	3369.9
5032.5	1008.7
5958.5	1195.7
5721	2147.9
1580.6	2375.2
5683.5	474.82
2864.3	3916.6
5948.8	1061.6
5275.5	2202.6
5039.8	969.69
6304.2	2370.5
6025.3	2697.7
5626.7	3051.6
5027.6	866.78
2740.7	2382.4
7215.6	1740.9
5998.9	2862.6
6317.8	1477.4
1690.2	2366.6
5169.6	1967.9
5641.3	1966.1
6047.3	2040.5
5152.3	178.57
5213.5	1926.6
5032.5	1008.7
5633.6	207.03
558.14	3277.2
5213.5	1926.6
6507	1399.4
5031.6	996.79
6019.5	2091.9
5039.8	969.69
6385	1217.3
5014.2	1968.8
2799.8	2561.3
5213.5	1926.6
4551.5	1762.5
6360.6	2183.9
5316.4	1724
5276.6	1717.6
5192.4	1707.5
6356.8	1220.6
5316.4	1724
7215.6	1740.9
1004.7	2528.3
5007.6	540.82
6432.6	833.92
6434.8	1271.5
6180.7	1207.9
6524.4	672.83
5356.9	1728.9
5192	1708.9
5385.7	1979.1
5276.6	1717.6
5622.7	712.42
5033.6	815.76
5369.7	932.72
6523.7	1071
5213.5	1926.6
5007.6	522.13
6105.1	658.85
6632.8	2391.9
5007.6	522.13
1234.9	2661.9
6983.6	1656.6
5253.6	1920.2
2633	2664.1
6702.3	1187.2
993.61	2679.4
5237.7	581.17
7228.6	2479.4
6160.8	1174.6
5693	1743
5488.6	1997.5
7215.6	1740.9
5277.4	1984.9
6080.6	2088.2
5356.9	1728.9
85.819	4475.4
6080.6	2088.2
5437	1959.5
4990.3	537.36
5895.8	2375.7
5020	966.22
5365.5	3332.7
6669.2	2389.8
4976.1	507.98
5356.9	1728.9
5007.6	522.13
6800.6	1984.3
5633.6	207.03
5363.4	1941.8
7215.6	1740.9
7027.5	2308.2
5276.6	1717.6
6632.8	2391.9
5787.7	752.86
7270.7	2927.2
6669.2	2389.8
5399.4	293.08
5204.5	3000.6
6757.6	1218.4
5199.1	1197.9
5773.2	1708.7
5894.9	2243.6
6266.4	2060.7
7317	1511
5477.4	1982.6
6633.4	2106.9
5754.4	2239.5
6379.7	2079.8
5369.7	932.72
5710.6	979.16
6257.4	1456.9
7187.7	1235.3
5027.3	1920.7
5356.9	1728.9
2271.7	2216.6
1085.6	4687.8
7298.2	1801.7
6054.1	1811.7
6862.2	938.45
2298.3	2546.4
5027.3	1920.7
5300.2	1955.9
4991.4	518.78
6598	1460.1
6612.4	2678.5
5171.4	1694.2
5225.6	1203.6
5048.3	911.42
5005	2194
5379.8	1721.8
6612.4	2678.5
6054.1	1980.4
6800.6	1984.3
5334.4	1950.3
5050.2	1922.8
4990.3	537.36
5242.8	1917.1
5817.2	910.75
5002.1	1921.3
5027.3	1920.7
5817.4	1787
5276.6	1717.6
2222.5	2220.2
5025.6	837.63
5465.5	2032.5
6319.6	4078.5
6598	2166.7
5523.1	4470.5
6907.1	2166.4
5721	2147.9
6347.3	2094.6
6211.2	1849.4
5627.7	2581.7
5547.1	2225.1
5169.6	1967.9
219.25	2451.8
7215.6	1740.9
5005	2194
1034	2561.9
5276.6	1717.6
4890.8	2086
5721	2147.9
844.48	2437.6
6757.6	1218.4
5065.9	1923.8
5734.1	1989.4
5674.8	1127.1
5050.2	1922.8
5692.4	1063.1
4830.4	1905
4978.1	521.7
5029.7	2595.3
5550	2591.9
6902.9	1007.7
7291.3	2743.4
5643.3	2593.6
5277.4	1984.9
6078	2034.1
5691.9	1715.8
5511.7	2052.3
5005	2194
5334.4	1950.3
6100.1	879.11
5893.5	1861.6
5057.2	1958.8
5005	2194
6343.6	1212.1
5373.7	888.87
5719.8	2057.3
5383.9	107.86
1378.5	2435.4
5692.4	1063.1
7292.1	2606.9
5547.1	2225.1
5465.5	2032.5
5674.8	1127.1
5167.5	2896.7
550.55	2818.4
5384.8	1735
5939.6	1815.5
4718.9	2168.5
5050.2	1922.8
5820.4	2066.1
5627.5	2127.1
5005	2194
4570.4	2318.9
6012.9	2704.9
5005	2194
869.52	2438.3
6699.8	2675.7
5354.8	1899.6
6080.5	1996.2
7029.7	1662.6
7149	2253.3
6065.1	1823
5548.8	2411.1
5660.1	2704.1
5002.1	1921.3
1034	2561.9
5466.8	2031.8
6226	1851.4
7026.3	2417.8
5055.7	817.12
6197.4	1846.5
1250.8	2408.5
4600	34.148
5005	2194
5003.5	1920.4
6292.4	2289.1
5367.6	1932.4
5072.2	1957.7
6204.2	4197.3
6554	1920.5
4692.6	2720.1
7108.5	2358.1
6037.6	1815.9
5197.1	748.71
5817.2	910.75
5627.5	2127.1
408.29	3834.4
5571.9	1976
5057.3	1889.7
5917.4	2038.2
5180.1	1220.4
5320.1	1957
5939.6	1815.5
482.06	2444.6
5205.8	1993.9
6331.3	2397.8
5001.5	1965.5
6054.1	1980.4
5245.5	1929.4
5102.8	2398.3
5678.8	1145.5
4132.3	2361.7
5147.1	1957
1834.3	2921.1
6554	1920.5
5288.1	1720
1162.4	2409.6
3401.6	2015.5
5320.1	1957
5197.1	748.71
6018.4	1755.6
4914.8	137.66
5144.8	1934.6
5288.1	1720
6821.3	2170.4
6229.7	2072.4
5628.7	2402.7
1661.4	2342.8
5600.7	1072.5
5455.3	1920.7
6613.8	2307.1
5203.3	1708.4
5350.9	1988.4
6539.8	2071.3
5600.7	1072.5
5044.1	1669.6
5815.4	2179.3
5205.8	1993.9
7061.1	2070.5
3411.1	1436.4
5500.2	1014.8
5050.2	1922.8
5600.7	1072.5
6532.6	1065.3
5205.8	1993.9
5700.7	463.14
5029.7	1966.7
4914.8	137.66
5146.3	1936.8
4999.1	539.47
5600.7	1072.5
5050.2	1922.8
5147.1	1957
4914.8	137.66
5040.5	821.63
5547.1	2225.1
6848.6	1110.9
5423.7	1958
5179.9	2746.4
6783.4	1559.7
5823.8	1962
5821.2	2267.1
5671.3	1080.2
6137	1123.7
5717.2	2039.9
5234.6	1715.2
5626.9	2398.2
4914.8	137.66
5378	1041.9
5095.6	2505.4
5455.5	1973.2
1035.3	2285
5815.4	2179.3
5336.4	1716
5642	2881.1
5288.1	1720
5754.4	2028
6454.4	1361.6
5423.7	1958
5296.4	1082.7
5600.7	1072.5
7059.8	2068.4
6289.9	2291.9
6137	1123.7
5643.3	2593.6
6280.1	593.68
6454.4	1361.6
5065.9	1923.8
4941.5	224.93
6757.6	1218.4
6197.4	1846.5
5002.1	1921.3
4920	143.38
3532.3	2068.3
13.253	2581.7
5185.7	1901.3
5426.5	1921.5
6824.2	1598
5500	2592.6
6279.9	1928.1
6769.6	1205.3
5402.4	159.26
6115.5	490.34
6454.4	1361.6
6847.1	2153.4
5999.4	1810.7
4898.6	1930.5
5561.9	436.71
5621.4	2436
5092.9	2506.8
5235.3	596.35
5999.4	1810.7
6454.4	1361.6
1579.8	2490.8
5320.1	1957
5587.9	1969
2091.8	2957.4
4820.2	125.44
6325.8	3662.8
5842.2	1971.6
5462.8	2033.7
5205.8	1993.9
5084	1942.6
5718.5	1122.9
5850.5	1803.7
5717.2	2039.9
5304.9	1723.7
5395.4	1792.5
6137	1123.7
5041.4	989.36
7114.4	2184.3
5753	2026.4
6902.1	971.38
5264.6	1718.4
3088.1	2091.3
156.7	4429.9
6331.3	2397.8
6301.9	2076.1
6963.4	1577.7
5928.5	1145.4
5235.3	596.35
5453.3	1977.8
4727.8	2511.5
5972.6	2517.4
4365.7	2566
5290.6	1947.2
5044.1	1669.6
5384.8	1735
5513.3	314.87
5850.5	1803.7
5320.1	1957
6093.6	1219
6335.1	2383.2
1311.1	2101
5055.7	817.12
5845.2	1796.4
4920	143.38
6315.4	2109.2
6427.7	2098.9
5199.1	1197.9
5625.1	2298
6280.3	2237.6
4137.5	2351.5
4365.7	2566
5055.7	817.12
5616.6	2624.7
6850.1	2203.8
7201.2	1757.2
6329.5	3256.2
4132.3	2361.7
5264.6	1718.4
7058.4	1756.6
6505.7	1402.2
6768	1218.1
6619.7	2157.5
5485.7	1204.6
6783.4	1559.7
1602.4	3272.7
5954.1	1874.6
415	4465.7
4330.1	1712.2
7061.1	2070.5
5203.3	1708.4
6092.3	1221.6
4077.6	1377.2
4568.6	20.342
5057.3	1889.7
6902.1	971.38
4865.1	1907.1
5600.7	1072.5
5500	2592.6
4914.8	137.66
7189.4	2226.2
7026.4	2209.8
5191.8	1897.3
5556.1	1329.3
6369	1946.5
6620.7	2160.4
4570.4	2318.9
2298.3	2546.4
6182.3	2067.1
7010.7	2059.8
6114.9	648.25
6934.2	986.82
6182.3	2067.1
7067.1	2199.1
7084.3	2220.9
5850.5	1803.7
5625.1	2298
5040.5	821.63
2000.9	2700.5
5954.1	1874.6
5821.2	2267.1
5720.3	1761.3
5442.6	2397.2
5917.4	2038.2
5613.4	710.14
2602.8	3198.6
5455.5	1973.2
5998.9	2862.6
6676.7	2161.4
6607.3	2363.1
5169.4	2915.1
5247.3	1784
5075.9	1928.1
5666.2	1004.7
5963.1	1823.7
6817.1	1998.4
1965.5	2351.1
5290.3	1956
5693	1743
6730.5	805.69
5625.1	2298
4830.4	1905
6109.4	679.52
6657.5	1443.2
1730.3	3766.8
5156	2102.3
6769.6	1205.3
6783.4	1559.7
5623.4	2342.3
5092.9	2506.8
5301.9	2282.6
5247.3	1784
6284.1	2037
1521.5	2584.6
7153.2	1269.9
5954.1	1874.6
5815.4	2179.3
5998.9	2862.6
6097.2	2066.4
1549	1850.9
5963.1	1823.7
5264.6	1718.4
7047.2	2070.3
5399.6	2010.2
5625.1	2298
7182.9	2321.3
5901	1362.6
5441.4	2489
5185.7	1901.3
2298.3	2546.4
5625.1	2298
1819.8	3321.6
5012.1	527.71
852.11	2383.1
5912.6	1985.1
5015	1919.3
6301.9	2076.1
5459.6	1991.4
5230.6	1780.7
5539.8	282.05
5625.1	2298
6950.4	864.21
5247.3	1784
5542.7	2013.5
5253.8	1994.6
2133.1	2089.6
5871.8	2060.9
5588.1	1941.9
5055.7	817.12
5459.8	884.05
5626.7	2771.6
5623.4	2342.3
5075.9	1928.1
5912.2	2888.4
5090.4	2333.4
5630.2	2445.3
5888.1	1865.8
6590.6	2133.4
5338.5	1984.8
7013.5	2304.5
6655.7	2161.4
5399.6	2010.2
6951.7	1624.4
7175.1	2849
6523.5	764.82
5943.9	1821.5
5050.2	1922.8
5098.3	163.74
6951.7	1624.4
5913.6	2885.1
542.27	2945.6
6694.1	2168.9
5986	2238.8
7043.6	2228.5
5917.4	2038.2
2324.6	2545.8
2953.2	4505
6121.6	1224.9
6300.3	2277
5395.4	1792.5
6420.4	1023.6
5377.6	1649.3
4726.2	2571.9
5440.1	2201.8
5070.8	1925.9
5902	2327
4920	143.38
4601.9	76.914
3020.8	3245.9
6335.4	1285.6
5088.4	1004.4
6841.1	2451
6973.8	2040.6
5948.5	2884.5
4568.6	20.342
5502.3	1047.1
6401.9	2095.1
2799.8	2561.3
6751.8	788.75
458.38	2118.9
5921	1979.6
5333.1	1958.4
6641.9	2389.7
5097.2	2385.7
4436.2	2261.4
6664.2	2145.7
5018.5	518.5
5924.7	1136.1
5807.3	776.19
6279.9	1928.1
1028	2450.3
5700.7	463.14
2876.9	3783.1
5625.1	2298
6262.3	608.85
5291.3	1883.2
6523.5	764.82
6407.9	1220
6015.6	1985.5
7085.8	2075.9
5778.1	1938.7
858.03	1738
7266.3	2279.7
7098.8	2395.6
4980.6	1934.2
5588.1	1941.9
5377.6	1649.3
5435.7	1654.7
6590.7	2155.9
5880.8	2525
5447.9	201.41
6841.1	2451
7072.4	2310.4
5971.3	2060
6462	2151.3
6841.1	2451
4992.5	931.35
5511.7	2052.3
585.42	3372.7
4733.3	2609.8
5619.3	2198.7
5442.6	2397.2
5338.5	1984.8
2359.8	3451.9
5616.2	1857.5
6029.8	2321.9
5253.8	1994.6
6427.7	2098.9
6647.7	2013.6
5863.8	2478.9
5253.8	1994.6
5057.8	982.36
5307.9	3045.7
5743.5	2055.8
6148.1	1231
3286.7	897.31
4840.8	41.059
4447.1	1592.3
5606	1560.6
7297.5	1753.9
5204.3	1773.9
5594.7	1618.9
6022.4	2056.5
5496.9	2006.9
5743.5	2055.8
5289.8	1970.3
5581.8	1663
5850	2863.7
5912.6	1985.1
7115	2301.8
5109.9	1864.7
5497.9	1931.7
5899	1368.2
2190.3	2505.3
6990.6	1016.5
6462	2151.3
5142	2012.1
4876.9	3725.5
2207.7	2377.9
5371.4	1023.1
6647.7	2013.6
6308.3	2481.1
5626.3	1736
6583.1	3116
5224.6	592.15
5924	2328.2
5442.6	2397.2
5020.3	543.32
5256.3	1929.5
5020.3	543.32
5206.9	1960.9
5934	437.76
5459.6	1991.4
5899	1368.2
5056.2	181.78
453.11	2127.2
4991	1970.1
7103.1	2350.7
6220.7	2070.8
6620.4	2663.6
5243.1	2292.4
7059.4	2305.2
442.6	2109.6
2765.2	3459.7
6575.7	1233.2
5284	2583.3
5655.7	2047.4
5224.6	592.15
5634.4	936.89
1373	2442.6
4685.3	2504.4
7115	2301.8
4581.4	2898.9
7083.6	2329.4
6903.1	2208.3
5058.1	1917.1
6407.9	1220
7101.8	2349.3
1225.8	3949.2
5594.3	349.67
5058.1	1917.1
5409	3001.7
7044	2199.3
5018.3	541.06
5224.6	592.15
5485.7	1204.6
4844.3	41.499
7002.9	1227.6
48.781	2859.1
6441.9	824.9
4923.4	120.2
6022.9	2506.6
5114.9	2018.6
5815.4	2179.3
4161.1	4719.7
4640.3	2601.4
5490	2394.1
7289.8	2151.3
5026.1	855.12
5338.5	1984.8
5206.9	1960.9
6645.5	1452.6
5493.2	1927.6
111.35	3916.6
4819.2	129.49
855.93	2390.2
5075.9	1928.1
6673.7	823.08
6030.4	2489.5
7073.4	2396.4
1535	2088.3
5371.4	1023.1
53.407	1845.6
6616.5	2115.7
6279.8	2389.6
6698.7	1978.6
6306.9	2486.5
4123.6	3672.6
5031.1	976.03
2602.8	3198.6
4991	1970.1
7040.6	2200.7
5090.7	2422
6881	1271.3
5633.3	719.21
5199.8	1954.3
6018.3	636.36
5018.5	518.5
5583.7	1939.6
1038.3	2465.1
5652.1	279.22
591.65	1850.3
5458.5	1988.2
5992	2040.8
6097.2	897.67
5555.1	1338.2
5583.7	1922.5
5721	1125.9
5917.1	2314.3
6674.2	2152.8
2098.1	2270.8
5642.8	2456.7
6595	2175.6
3009.1	4737.1
2910.2	3842.4
6647.7	2013.6
5124.8	1969
6414.9	2135.1
5976.8	1101.7
5616.6	2624.7
6527.3	2053
5224.6	592.15
5144.1	279.09
6031.3	2232.3
5318	2087.2
4621.2	83.301
5344.6	1684.7
5324.3	2087.8
6123.7	2840.2
5318	2087.2
4822.5	68.93
6886.7	938.81
5555.1	1338.2
5458.5	1988.2
5090.7	2422
4923.4	120.2
6387.5	680.85
5583.9	2013.6
4560.4	28.298
5700.9	352.78
5403.1	566.87
6129.4	1921
5928.1	1968.8
1855.2	3433.8
4807.3	135.44
5449.2	2522.4
6824.2	2129.7
5392.3	1983.8
5493.2	1927.6
7336.7	2472.7
5583.9	2013.6
5310.4	3024.7
6751.8	788.75
5058.1	1917.1
6593.6	2331.8
6561.3	2441.9
5198.5	782.84
6391.1	1949.7
5948.5	2884.5
6030.4	2489.5
5090.7	2422
5346.2	355.02
4807.3	135.44
6627	3513
6027.8	2707.3
6431	2489.8
5247.8	1958.1
5461.3	214.29
468.84	1914
138.6	1800.3
6712.8	2429.8
2774.5	3726.6
2216.7	2634.9
6526.8	1399.2
5913.5	2341.1
2105.4	2451.1
6751.8	788.75
5765.2	2034.1
6425.7	3711.8
172.99	2463.3
6644	2121.7
5494.6	2304.8
5306.9	2521.1
6289.2	2427
6410.1	2208.2
6510.8	1442.3
6347.3	1942.3
6267.4	2077
337.23	4260.1
6118.4	464.7
6123.7	2840.2
7169.8	2107.5
5539.8	282.05
4917.5	1872.3
6025.8	2575.7
5666.2	1004.7
1795.6	3688.2
5198.5	782.84
5050.1	821.14
2135.6	2092.6
6100.2	2071.8
5459.5	796.69
5439.9	196.38
5894.2	2881.6
7072.4	2310.4
5276.7	2239.5
6289.5	2332.5
5743.8	2243.1
7099.7	2417.5
777.79	1795.2
5615.6	163.75
228.52	2380.5
4980.6	1934.2
5096.4	2183.8
1765.8	2437.7
6299.2	2384.3
6829.5	2353.7
6033.7	2280.8
6836.9	2376.2
5169.7	1926.4
5342	2304.5
5562.8	1327.2
3818.5	1764.8
7116.8	2413
6632.5	2006.8
5894.8	2430
2910.2	3842.4
6029	2044.1
3000.3	4614.2
5682.8	1109.2
2934.6	3194.4
6362	600.25
6881.6	1272.9
7091	1698.7
4802	101.84
6850.9	2016
5031.1	976.03
6673.7	823.08
5541.6	1887.9
7055.9	1721.9
7107.9	1058.2
6483.9	740.43
4801.2	117.47
1421.4	1953.4
5923.1	2016.1
5026.1	855.12
5018.5	831.52
4978.2	1978.2
6466	1368.6
5373	2156.2
6018.5	2174.2
4973.5	930.42
5389.6	2895.8
5020.3	543.32
6827.8	2203.3
6447.7	3259
5374	1946.9
6684	2117.5
5344.6	1684.7
6454.4	2144.6
4606.5	91.083
2147.5	1746.2
5000.1	3113.3
4904	2607
5268.1	238.87
5593.9	312.92
5489.8	3373.6
3418.8	1876.1
6029	2044.1
7055.9	1721.9
5840.6	2077
3389.1	4489.4
5348.6	1806
5046.5	980.72
3712.2	2347.3
6609.4	2393.4
857.51	2391.5
6624.6	2287
5982.7	1762.8
6907.9	2393.9
516.56	2002.2
5493.2	1927.6
4186.1	2840.4
2147.5	1746.2
4973.1	928.5
6747.6	824.08
6673.7	823.08
5694.1	1122.6
5640.8	1083.4
2602.8	3198.6
5984	1104.2
4923.4	120.2
5013.5	1934.9
6331.3	2397.8
6005.4	2162.3
4179.5	1359.3
6202.6	2819.6
1043.2	3771.2
4911.3	1653.8
3959.6	2093.8
295.65	1913.3
5562.8	1327.2
6894.6	2069.1
6708.3	820.54
6934.4	846.2
6267.4	2077
5495.5	115.53
5325.3	1029.8
5307.4	233.64
5018.5	831.52
6238.5	2030.5
5175.8	1964
5457.7	805.44
5881.9	2016.5
5402.7	575.2
525.75	1682.4
5745.8	2043.9
5288.1	2291.2
6693.6	1899.9
4978.2	1978.2
5634.7	926.31
6484.5	2116.9
5090.3	2479.8
295.06	2589.3
818.35	1747.1
5490	2394.1
5633.3	719.21
6021.4	1993.9
6590.6	2133.4
760.22	1845.9
5233.3	1241
5905.7	2155.2
5540.2	293.33
5383.9	1952.3
6920.5	2378.2
6238.5	2030.5
5517.3	2399.1
2447.3	2874.7
4919	129.76
3053.3	1843.4
6454.4	2144.6
3890.6	2590.8
5809.9	2052.8
6019.1	2436.2
3103.5	3781
4244.1	2727.4
5137.9	1929.3
6621	2149.3
5013.5	1934.9
6646.2	1443
6028.4	2494.3
5954	484.65
5098.3	163.74
6951.7	1624.4
6402.7	1829.8
6169	1188.5
5876	2030.5
5469.8	2046
5267.2	241.46
5697	1173.3
2602.8	3198.6
4207.5	1827.7
6389.8	2047.3
5780	1716.6
6908	2338
5721.8	351.55
5935.5	2665.9
6203.8	871.96
5305.8	90.507
6303	2345.8
5358.7	950.23
3114.7	3456.1
6008.3	1748.5
4179.5	1359.3
5852.7	2038.4
7075.6	1880.6
5203.3	1626.6
4803.2	65.776
5622.7	712.42
5050.1	821.14
6669.3	871.24
5969.4	1127.6
5224.6	592.15
4627.2	3467.6
5732.4	365.85
6599.4	2387.9
476.14	2340.3
6667.7	2403.4
6673.9	2372.7
7179.6	1540
1625.4	2038.6
5206.2	1627.3
5175.8	1973.5
5697.4	1136.4
6625.1	2350.7
3114.7	3456.1
5084.2	2433.1
5306.1	230.3
6850.3	2137.1
6014.4	1762.7
4819.9	1925.6
4159	1518
5868.2	352.89
3054.3	3601.7
5966	1127.6
4339.8	1369.1
1684.7	2031.7
1113	3210.1
6033.7	2280.8
5175.7	185.1
6857.1	794.95
5310.1	1986.6
6159.7	2051.8
5510.1	328.85
187.92	1826.4
6667.7	2403.4
5288	1917
6881	1271.3
4830.9	1925.3
5710.9	2048.2
3187.4	954.85
6673.9	2372.7
2380.2	2508.1
6600.5	2353
6202.8	940.34
7210.7	1769.3
5409	3001.7
5210	1981.4
6681.7	2669.3
6780.9	904.35
6289.5	602.73
6341.1	1234.4
99.381	2547.2
6836.4	2054.3
4803.2	65.776
6350.8	1807.4
5509.5	309.19
431.19	2125.2
1257.1	3988.1
7109.7	2452.4
6615.1	2244
5168.2	745.44
6656.1	1426.7
5060.8	154.72
7153.1	1171.2
5148.2	166.24
7102.3	2415
193.69	2453.3
6624.1	2785.8
1668.7	2530.2
3144.3	4551.8
2912.7	3604.9
5451.8	2147.8
5004.6	873.38
5007.5	814.12
5885.9	2289.4
5789.6	432.85
5639.2	939.19
5210	1981.4
1853	2433.5
4904	2607
6045.2	1775.4
5210.8	1628.2
522.19	2329.8
5168.4	1935.2
5759.8	3429.3
6886.7	938.81
1370.4	3077.3
6435.7	2311.1
4929.5	153.04
5246	1955.1
5076.6	4668.1
2184.8	2619.3
5854.7	2149.2
5822.1	2519.5
5216	3035.5
6914.4	1105.4
2499.8	2867.1
5706.3	382.21
3057.2	4605
6573.9	572.08
3103.5	3781
3971.4	1762.6
6012.8	2084.1
6291.2	3264.6
5206.2	1627.3
5882.7	2019
5208.6	1984.4
5089.5	80.872
6034.8	2530.3
5210	1981.4
6204.7	939.22
5208.6	1984.4
4977.9	533.68
5654	1028.6
5018.3	2309.1
5139.3	1964
5186.4	133.35
7335.9	2512.9
7237.7	2225.5
6913.1	1983.3
5007.5	814.12
5089.5	80.872
6683.2	2107.1
6656.3	2388.9
5742.3	2593.4
2942.5	3828.7
4751.9	2851.7
4376.7	2098
5559.9	2596.1
5953.7	2993.6
5084.2	2433.1
6201.6	2023.3
5285.9	2218.9
5312.8	1199.6
6364.8	1294.1
6782.4	2172.1
5668	991.32
6632.1	2069
6138.4	2027.6
5056.2	181.78
968.32	2368.1
5109	320.68
6027.2	2603.6
6216.4	1803.2
7222.6	1239.8
5150.3	1899.4
6632.7	2168.9
5188.9	2835.9
6002	2685.4
6684.9	896.36
5164.5	2084.4
6197.2	609.91
5046.9	166
74.491	2017.7
1333.3	2363.3
484.51	1926.4
6458.2	1292.2
6221.7	2513.4
7316.1	348.63
5745.5	2325.2
6155.5	2106.8
6541	1867.3
6458.2	1292.2
442.72	2816.2
4795.7	1942.2
6621	2149.3
5351.1	313.89
6181	584.1
5177.2	1179.1
6431	2489.8
1510	2354.3
6670.1	2104.5
6694.8	2592.8
6074.4	2845.9
7343.1	2464.9
6603.6	2357.2
2774.5	3726.6
4830.9	1925.3
5168.2	745.44
5263.9	1969.7
5704.4	360.52
3594.8	2380.5
2824	2696.5
1600.3	2078.4
4907.4	2499.8
5948.5	2884.5
6840.3	2057.3
6670.1	2104.5
6514	2511.2
4740.3	1834.2
6221.1	454.32
5261.8	114.95
6335.5	1225.6
4829.7	61.191
2104.2	2962.2
1794.5	3046.5
5242.9	2910.7
4740.3	1834.2
5540.2	293.33
1428.8	4467.9
5864.8	2511.6
6267.7	2136.9
4944.6	1880.2
5389.6	2895.8
5098.3	163.74
6313.7	2086.3
6313.7	2086.3
372.89	2977.7
6632.7	2168.9
5320.4	2729.3
7073.4	2396.4
45.342	2475.1
5332.5	3024.7
6183.1	1271
6290.7	594.23
6029.6	2431
6163	1304.9
6428.9	2495.3
7245.2	1275.7
5026	781.85
982.99	2698.2
6202.8	940.34
4740.3	1834.2
6329.8	1226.1
2635.4	2405.3
402.59	2144.1
4362.2	3442.3
5266	2695.1
5168.2	745.44
4830.9	1925.3
7127.7	2176.9
6197.2	609.91
1089.2	2955.4
6052.3	2085
6331.3	2352.5
5292.3	1934.1
5666.9	1151.7
6028.4	2494.3
4906.6	2298.5
5619.1	2785
5278.7	2258.7
6194.5	1119.8
5004.6	873.38
7009.3	2383.6
2760.7	3663.6
4920	143.38
3764.8	2320.2
4067.7	2546.7
5291.6	1599
6697.3	2589
5109	320.68
6879.7	1267.9
5333.3	1751.9
657.23	2003.1
5894.8	2430
5326.9	1034
6052.3	2085
4827.3	1601.3
1043.2	3771.2
7063.6	2296.9
6409.1	1833.3
4976.3	3058.8
4376.7	2098
6492.7	1875.6
6030.2	2870.9
5992.2	2871.4
5490	2394.1
6714.4	2137.8
6908	2338
6338	418.03
7194	2403.7
5559.9	2596.1
6510.8	1442.3
5289.3	3140.1
2105.4	2451.1
1101.2	3209.7
6719.5	2187.9
403.51	3005.4
3973.1	2387.1
6526.8	1399.2
5758.5	2880.3
5600.1	300.13
5330.4	1757.8
5898.4	1845
5382.5	2902
6234.8	2832.2
2111.1	2227.9
476.41	2341.9
1714.4	2612.1
5093.4	1598.8
5240.1	1794
6796.2	863.18
5780	1716.6
2104.2	2962.2
6641.2	2495.8
4926.6	1862.1
132.56	2331.6
5875.4	1990.3
6985.3	1053.7
4010.7	750.67
6232.5	1087.8
6501.3	2116
3592.7	2315.4
5635.1	2508.7
5967.4	1209.4
5212.8	1795.3
5939.9	2860.7
6174.1	2853.1
6385.6	575.27
5168.2	745.44
4633.5	3117.9
6267.4	2077
6605.2	2771.8
4945	3064.2
5402.7	575.2
5882	2717.8
6511.8	2585.2
2208.5	2926.8
5935.9	1883.3
6155.5	2106.8
5242.9	3042
344.23	3003.6
5288	1917
3288.5	3351.1
5711.1	924.07
5894.8	2430
5789.6	432.85
5018.3	2201.6
7082.4	1870.8
5018.1	2206.8
5007.5	814.12
801.57	2319.6
7080.6	1874.2
6840.3	2057.3
2786	3732.4
5268.1	238.87
5498.3	4435
5278.7	2258.7
4157.8	1752
6697.3	2589
6722	1419.2
6699.9	2262.2
4676.3	2496.2
5326.9	1034
6664.7	2379.8
1613.2	1743
2080.8	3225.4
6222.9	2434.7
6174.3	1178.1
6220.4	2838.8
4740.3	1834.2
6684.8	757.91
3640.9	2858.4
5348.6	1806
4905.3	2073.3
6774	2323.8
1112.8	3232.3
5320.3	1991.9
5943.4	1087.9
6679	2133.7
4905.3	2073.3
6600.5	2147.2
6313.7	2086.3
5214.2	1728.2
2789.3	3731.1
4485.2	3025.4
5691.1	358.12
2104.2	2962.2
5734	2865.4
7012.8	2449.8
2376.7	2031.9
6197.2	609.91
4903.6	2099.3
5919.3	2672.8
6492.7	1875.6
990.49	2632.9
5935.9	2365.5
5667.9	3291.9
3288.5	3351.1
2105.4	2451.1
5466.6	2880.8
5335.1	2672.1
5316.7	1620.8
1207.9	2416.1
5290.5	235.38
3083.6	2755.7
3005.9	3632.3
6222.9	2434.7
5495.5	115.53
990.26	3034.3
7019.4	1607.4
5594.6	292.3
5490.8	2510
4973.1	928.5
1326.7	3989.1
4941.2	2925.9
4977.9	533.68
1049.9	2964.7
7343.1	2464.9
3632	2893.7
5579.2	484.72
344.88	1587.6
5793.7	2871.4
6083.4	2193.3
1097.6	1637.9
5553.2	1984.3
5974.4	2847.6
6487.6	1332.5
3972.6	2072.6
4097.3	413.81
6773.8	1515.5
4901.6	1878.5
6670.1	2104.5
5885.9	2289.4
6872.2	1584.4
6882.5	1985.2
5026	781.85
5870.1	473.1
5351.1	313.89
3005.9	3632.3
5268.1	238.87
5770.1	930.39
3636.3	2523.7
4749.4	2881.9
7071.8	2410.1
6476.6	2569.4
7011.6	2466.3
5240.1	1794
5520.2	175.95
253.56	2119.6
2774.5	3726.6
5270.4	2460.9
5907.7	2860.7
5164.5	2084.4
5706.3	382.21
6052.3	2085
4746.4	2168.6
5466.6	2880.8
5983.1	1764.8
5403	847.77
7008.9	2493.5
7336.5	2537.8
865.02	1726.2
5348.9	2744.9
4959.2	126.11
6216	2122.2
6830.6	2219.2
5175.8	1964
5441.2	2890
6422.4	668.4
5789.6	432.85
6780.9	904.35
378.7	2243.2
1120.3	2967.6
5116.8	1620.8
2322	2601.6
4960.6	1615.8
1186.9	2384.5
6222.9	2434.7
6096.4	2054.8
6709.8	2671.2
6289.2	2427
4827.3	1601.3
1797.9	3310.7
1569.6	2027.7
3131.5	4199.7
7276.2	339.02
5724.8	910.23
6354.8	2511.4
6007.4	478.55
6960.5	1615.2
5735.8	2878
4905.3	2073.3
7004.8	1655.9
858.84	2990.5
6395.6	1852.5
2824.8	3031.6
3467.4	1885.8
6639.1	2014.1
5898.4	1845
6518.6	1037.8
6541	1867.3
5239.1	2685.9
5320.4	2729.3
5680	1729
6313.7	2086.3
5367.9	2681.9
2208.5	2926.8
6697.3	2589
4734.1	3677.4
5023.7	2297
6426.9	2437.8
5274	2986.1
5018.3	2201.6
5030.3	1954.6
6673.3	2414.7
534.12	2658.4
5246.9	2337.5
5026.6	1610.5
5325.3	1029.8
6313.7	2086.3
3480	1949.5
4485.2	3025.4
6639.8	2671.6
2977.3	2998
6138.4	2027.6
6340.7	2359
5472.6	1899.1
5866.6	1727.8
2736	3644
5935.5	2665.9
946.08	4393.5
143.72	2062.8
4938.9	197.84
6492	1247.3
5329.5	1039.4
2736	3644
7265.8	2290.3
6654.6	2016.2
6738.1	2381.2
5358	293.66
6681.7	2669.3
7010.4	2498.3
5019.6	2181.1
5013.4	2914
6038.4	2837.9
5019.6	2181.1
4152.8	3918.1
5994.6	564.72
2292.3	2477.3
7013.9	1671.5
5026.6	1610.5
3971.4	1762.6
5358	293.66
5105.1	2034.9
4822.5	68.93
5042.1	759.17
7335.7	2495.6
1393.3	3566.5
4905.3	2073.3
5826.7	1720.7
4328.7	912.62
5019.6	2181.1
6173	2334
7031.5	2286.1
5051.3	3370.4
6173	2334
5560.4	2603.2
3012.1	1853
5329.5	1039.4
3094	3439.9
4485.2	3025.4
6737.2	796.03
6501.3	2116
7082.4	1870.8
5030.3	1954.6
6606.2	2229.6
6635.5	729.74
6052.3	2085
5609.2	3397.4
7222.6	1239.8
2104.2	2962.2
4067.7	2546.7
1818.4	2797.9
5093.8	2322.3
5215.5	1771.5
3084.7	3601
5963.3	2505.6
5285.9	2218.9
5891.1	2701.1
