5974.1	2413.3
5961.7	2413.1
950.52	1120.7
6673.1	2080.7
664.83	1254.2
6231.8	2015.6
955.65	245.69
7129.3	2169.6
6231.8	2015.6
4484.6	3125.7
4425	2301.9
6673.1	2080.7
6524.9	2004.5
705.02	1354.6
6603.9	1898.9
6585.9	2356.9
5974.1	2413.3
4718.6	1884.5
5967.9	2412
6620.2	2425.2
2288	655.21
5498.5	554.92
7182.6	2451.5
6603.9	1898.9
1540.6	3512.2
5521.5	1138.2
5427.9	2421.5
6457.4	1299.9
6619.3	1901.5
4791.8	396.08
706.68	1336.4
1441.8	1227.3
288.71	1434.2
6847.2	2240.9
6472	1999.6
5967.9	2412
6815.1	1501.8
5690.6	2580
4720.6	1884.9
6836.8	2386.4
37.797	2216.4
3580.1	2296.6
5149.2	3029.3
4623.7	2101.7
6997.1	2135.7
7133.2	2147
469.89	2616.8
469.89	2616.8
288.71	1434.2
4621.6	2104.1
4878.8	1893.6
6784.3	2040.3
6096.5	2509.3
6017.9	2443.5
4720.6	1884.9
480.55	2679.8
6871.4	2791.4
3538.3	3587.3
4497.9	387.74
5062.2	1655.3
6584.7	2281.9
2561.6	1119.9
2705.9	4029.7
6536.7	2286.2
5149.2	3029.3
7306.7	2408.3
288.71	1434.2
5264.4	521.24
782.21	2658.5
4497.9	387.74
421.31	2306.3
382.04	3143.3
4623.1	2304.4
6839	2575.9
3539.5	1054.9
6864.9	2831.1
3341.7	2865.4
5481.9	2595.2
6929.3	2369.5
1947.1	823.48
2050.4	813.16
2962.5	2967.6
6847.7	3070.7
5081.6	3052.2
6926.7	2244
6902.5	1398.6
1802.1	583.14
2052	813.94
1392.8	1754.1
7126.8	1987.9
5514.6	556.59
6953.1	1212.4
7041.7	1429
6579.7	1425.3
516.27	1158.8
7130.8	1653.3
1637.5	1669.8
7136.9	2598.5
4126.1	324.89
5024.5	1656.3
6837.9	2451.2
5852.5	693.74
174.14	2174.6
5614.1	1061.2
5784.7	1732
6647.6	1286.1
4590	3564.1
3403.4	3646.8
1293.1	3414.2
3756.9	1035.2
4305.7	1671.1
6847.7	3070.7
6838.3	2366.9
6634.6	2864.6
7182.7	2490.8
3311.2	2383.5
6467.5	2363.5
1732.2	1660.5
4158.1	3044.4
7175.5	2169
4211.5	1830.4
6471.2	471.88
6737.7	2502
6456.9	1965.7
7212.7	1599.3
3200.3	2206.5
7193.7	1576.5
347.44	2301.4
3535.5	1598.7
4678.8	1246.5
4833.8	2932.5
6974.1	1578.8
4621.4	2608.8
4784.6	1806.9
2488.6	619.09
4305.6	1682.6
1441.8	1227.3
6507.7	962.11
2871.8	2050.6
4029.6	3007
6101.1	2683.5
7167.2	2033.2
4423.2	2082.5
6848.9	1436.5
6589.4	548.69
5514.6	556.59
6877.6	842.53
6723.7	1415.9
7008.5	2493.3
5835.9	2864.3
4295.8	1578.3
4651.8	1662.9
6936.8	1414.6
2088.1	2503.8
4939.1	1582.2
7233.3	1651.6
722.27	1357.8
4756.1	372.37
1825	1178.2
6649	1300.5
6618.4	1370.6
83.924	2895.3
4736.6	1878
469.89	2616.8
4306.8	1435.6
5480	3183.3
4728.9	1741.3
636.11	1550.1
6716.6	1307.1
4660	3047.4
7008.5	2493.3
6649	1300.5
1027	894.81
6557.5	1227.4
2799.1	20.615
1212.3	844.04
5256	484.95
6723.7	1415.9
2973.3	1041
6956.4	1232.9
6936.8	1414.6
4756.1	372.37
6698.8	2289.5
6618.4	1370.6
4300.2	1576.5
6160	422.23
1254.7	1050.3
5048.8	1598
4571.7	894.24
3325.1	2151.9
2799.1	20.615
6936.8	1414.6
1342	1012.1
6953.1	1212.4
4088.9	2993.6
5426	2532
2799.1	20.615
4296.5	3069.4
405.9	2939.1
1036.5	3710.7
6589.4	548.69
6891	1396.7
4624.9	2658.7
785.58	2660.8
5164	3130.7
6289.1	478.7
2366.2	2506.4
6095.8	2533.2
2799.1	20.615
4831.9	1558.7
4831.9	1558.7
7147.3	2548.1
6698.8	2289.5
2059.1	1793.6
6496.4	3554.5
2480.6	2145.8
782.21	2658.5
2467.8	2265.8
4668.8	162.86
6018	3010.7
7053.6	3288.9
6769.5	1925.6
722.27	1357.8
19.483	199.61
1035.5	3732.5
3679.7	3272.8
7284.4	1674.2
6723.6	1986.5
2484.1	2379.8
1502.9	370.09
5516.7	559.07
5466.6	2597.5
3264.2	2960
782.21	2658.5
6929.3	2369.5
4736.6	1878
5775.3	366.02
6304	1814.6
6217	319.33
6279.9	369.02
2771	2612.3
6847.2	2240.9
1427.3	978.92
6477.3	2050.6
1158.8	3687.2
7191.6	2280.6
5738.1	3382
3499.3	3209.9
6929.8	3102
6838.6	2317.3
4858.5	1890.9
782.21	2658.5
2254.8	192.73
4485.4	372.63
1572.7	2097.5
6533	514.04
5894	381.92
4571.7	894.24
6618.3	3419.2
167.24	2003.2
1399.6	3521.1
4210.3	1923.4
7039.9	1463.9
7343.6	2309.6
782.21	2658.5
5464.7	2371.1
5894	381.92
6578.7	1429.7
6829.7	1490.4
6416.2	543.91
5985.5	2350.7
6174.2	2170.9
87.169	282.63
6807.3	2495.7
6279.2	2509.6
2252.6	136.82
6841.8	1907.8
7041.7	1429
968.97	1082.5
2351	2620.7
5622.3	2189.3
6960	2847.8
4692.2	47.216
968.97	1082.5
1030.1	3720.3
5245.3	926.7
7342.8	2307.5
5896	380.37
341.86	2631.7
6201.2	1165.4
5073.7	3207.4
7287.1	1109.4
5989.4	2420.9
7298.8	2402.4
6090.6	2498.1
1346.9	148.78
6371.6	666.13
279.79	1318.2
7041.7	1429
6618.4	1370.6
1162.7	404.99
1149.1	3192.3
4480.9	2965.9
4858.5	1890.9
5184.8	149.31
2485.2	2530.6
6692	1402
4694.2	44.87
6557.5	1227.4
4571.7	894.24
5736	956.44
6211.5	3276.4
1759.8	869.32
5264.4	521.24
6727	2157.5
7287.1	1109.4
6922.6	2377
4874.3	1134.9
5944.8	2420.1
6035.6	2072.8
4123.5	642.14
4606.6	2122.1
4559.1	1548.2
976.68	3738.4
656.31	2803.9
1190.8	3718.8
7272.4	2024.5
1295.1	2158.3
6191.3	2882.2
6546.3	1830.7
6837.9	2451.2
6916.5	2653.1
6289.9	480.62
6928.3	2437.2
4195.6	1904.9
782.21	2658.5
2973.3	1041
6416.2	543.91
7007.5	1270
6279.6	2342.4
6284.2	2368.3
1415.2	997.74
7236.3	2282.2
5783.6	1747.8
483.06	2483.3
6845.9	2442.9
6175.8	2578.2
5789.3	2231.5
2050.4	813.16
6692	1402
6954.7	2493.1
2757	3020.3
4863.7	925.91
6529.3	2007.6
5845.8	3237.4
6466.4	2365.2
6279.1	2589.9
7232.7	1669.7
5614.8	1893.8
5492.9	529.15
5487	2720.2
6693.7	1400.3
7194.3	2171.7
7262.6	1087.2
5270.3	1928.4
7328.4	2050.2
6436.6	3409.1
6635.6	1322.5
4597.1	2195.1
5810.4	2674.8
6935.2	1505.6
680.91	1545.9
7276.5	2029.5
977.5	1068.7
5494.5	2185.4
6282.8	2208.3
596.68	1573.7
6579.7	1425.3
6280	2617.7
4433	3541.8
3726.9	4555.1
951.92	3145.4
6157.2	1958.2
5578.9	2110.9
6307.5	2185.8
6030.3	1935.4
820.58	1465.1
6829.7	1490.4
6174.2	2170.9
5989.4	2420.9
4297	2963.5
6278.1	2613.1
940.09	431.44
6445.5	1906.5
5223.3	3367.4
6093.4	2536.7
4955.3	3389.1
1211.9	1287
596.68	1573.7
2225.6	2926.7
6404.2	535.71
6920.9	3107.5
6106.9	243.92
4559.1	1548.2
2408.2	1581.8
1140.9	3673.5
6404.2	535.71
6688.4	703.81
6277.4	465.73
6280	2617.7
6116.6	1232.7
5492.3	533.08
5416.8	396.73
596.68	1573.7
4969.6	2117.5
689.31	1245.9
3808.9	1505
7236.3	2282.2
3415.6	2893.7
6389.7	529.88
1132.4	3739
4858.5	1890.9
7047	1568.4
465.53	2607.4
5319.3	1630
4297	2963.5
4247	2264.2
5941.2	2417
6582.9	637.66
6981.6	1100
4299.3	3035.3
6157.2	1958.2
6274.2	2266.9
601.38	871.93
6870.4	828.23
3394.3	536.94
674.69	1363.9
6829.7	1490.4
6417.4	546.48
6289.9	480.62
711.18	1306.2
6277.4	465.73
790.49	529.09
7011.5	2196.7
5489.4	534.47
6974	1110.8
6205.6	2000.6
1203.3	1284.5
6727	2157.5
5465.2	2865.8
4676.3	1333.4
6582.3	640.22
2059.1	1793.6
5719	3399.4
6592.8	2291.3
7345.4	2355.7
6214.4	2174.2
772.69	595.02
6700.8	2377.3
4017.2	4069.6
6417.4	546.48
584.19	1582.2
4173.2	3109.5
6277.4	465.73
881.09	2289.4
6389.7	529.88
5382.3	1009.8
935.64	277.84
4027.9	918
5416.8	396.73
7281.3	1096.3
6456.2	1988.7
7168	3091.1
4711.7	366.46
1167.1	3685.8
1871.9	1590.6
968.97	1082.5
101.6	2204
1777.3	149.16
88.852	2159.6
465.53	2607.4
983.17	455.07
6278.1	2613.1
4524.4	1554.1
6284.2	2368.3
5912.4	364.21
6971.6	1100.8
6689.2	2295.4
2469.7	2948.9
6106.9	243.92
584.51	1507.7
1140.8	178.61
6280	2617.7
971.4	469.04
6538	613.62
641.84	770.39
3621.1	297.05
5233.1	1881.3
6900.1	2274.4
1777.3	149.16
4789.9	2067.7
4189	1907.6
6280	2617.7
4617.7	2650.1
6568	2252.4
6280	2617.7
1158.8	3687.2
4217.2	1819.9
884.11	321.49
4305.6	1682.6
5413.7	1857.6
2969	1009.4
4223	2406.4
4497.8	333.15
365.49	1007.2
7048	1419.2
5374.5	1709.1
465.53	2607.4
6389.7	529.88
1025.5	3686.5
6480.1	581.78
6389.7	529.88
4617.7	2650.1
6280	2617.7
5175.3	142.04
1777.3	149.16
6593	646.89
2339.1	449.56
6919.2	1928.9
6915.7	1499.6
7021.2	2877.1
2298	2263.6
6829.7	1490.4
6106.9	243.92
6538	613.62
6557.5	1227.4
1211.9	1287
5422.9	2539.1
6539.1	616.18
958.15	3744.3
772.69	595.02
6526.1	2014.4
1653	309.9
6660.5	2079.1
971.4	469.04
4803.1	2067
4158	1589.9
6280	2617.7
465.53	2607.4
920.86	500.12
6840.1	1493
5392.1	3181.5
3523.4	2349.4
5175.3	142.04
5470.8	2466.7
6158.4	446.05
7272.4	2024.5
678.03	1074.1
2514.3	724.77
5624.3	2090.5
4571.7	894.24
2251.3	2935.5
2277.7	121.68
6593.8	649.22
4789.9	2067.7
5270.3	1928.4
6593.8	649.22
2057.2	1807.3
5949.2	2349.1
897.4	1134.6
7281.3	1096.3
3394.3	536.94
311.32	2794.7
5793	2250.7
1499.8	3312.2
7302.3	1119.2
1151.9	3707.2
3329.5	2394.2
5525.3	2437.8
7240.4	2431.3
2915.5	347.63
678.15	1542.8
6152.5	1210.6
7281.3	1096.3
7240	1594.5
3862.9	2061.3
5252.9	463.87
7240.4	2431.3
4288.6	2749.1
7302.6	1713.2
5793	2250.7
7281.3	1096.3
2740.2	2101.3
5483.7	2189.1
7337.9	2346.7
6697.8	2303.1
971.1	1085.2
5857.9	143.79
763.52	600.35
5411.6	2147.6
5925.2	2154.7
7178.6	1603.9
2065.2	1805.1
213.8	2117.3
417.36	1563.8
2822.2	726.18
2280.1	476.29
438.73	1431.1
812.14	1493.4
1499.8	3312.2
6311.5	2674.3
5767	373.86
5175.3	142.04
7334.3	2301.3
4526.2	1973.3
6726	1324.1
4243.2	2140.1
7302.6	1713.2
6311.5	2674.3
971.4	469.04
757.48	603.86
4819.5	2067.9
6282.4	2445.8
5906	2890.9
4235.4	1906.7
6307.5	2185.8
1563.8	2109.9
5463.7	34.096
6303.6	1775.9
6477.3	512.04
6152.5	1210.6
7302.3	1119.2
5502.1	1411.2
7331.6	1471
6129.7	3352.1
6549.5	1697
7271.8	2035.6
1103	297.3
2850.4	1483
6841.5	2442.5
5428.7	2404.2
6281	2584.1
6738.3	1421
6529.5	499.31
5857.9	143.79
3485	3243
4922	3227.1
5505.8	554.39
6337.7	503.07
4984.6	3077.6
6974	1110.8
3582.1	978.49
7123.2	1943.8
7342.4	1488.7
5730.1	2470.7
4121.1	3044.7
6281	2584.1
3404.1	43.001
6557.5	1227.4
6304	1814.6
3808.9	1505
6833.2	807.29
1248.1	511.54
5502.1	1411.2
6633.5	1861.3
3302.2	2256.4
5964.3	1716.2
882.9	1271
4958	2523.8
6529.5	499.31
5502.1	1411.2
6038.1	1958
6453.1	2436.9
5184.8	149.31
6126.2	1940.3
674.69	1363.9
6018.9	711.77
6470.1	3390.2
7239.4	1611.7
5209.8	1615.9
798.49	1482.8
5632	1762.4
6477.3	512.04
1554.3	3319.8
6477.3	512.04
5502.1	1411.2
4588.7	2302.9
6281	2505.6
6477.3	512.04
1788.7	4184.1
4223	2406.4
4420.9	674.97
6937.5	1439.3
6281	2584.1
2807.8	1771
5767.3	2556.2
2973.9	570.9
5729.7	1675
4804.9	2044
231.89	1677.1
5810.4	2674.8
992.88	3635.6
1875.3	140.18
4057.9	928.75
1368.3	1750.7
6738.3	1421
6033.6	2519.7
4555.9	891.45
5321	1002.5
790.49	529.09
911.59	942.99
5831.1	1886.6
6520.7	515.37
594.92	2774.7
6300.4	1964.3
5624.3	2090.5
4095.3	341.94
2702.4	2606
3479.3	3139.2
3857.8	996.81
763.52	600.35
1135.9	1735.6
7241.6	1611.6
5476.4	2754.2
5184.8	149.31
6347.1	334.29
6598	1247.2
264.77	2753.7
2811	613.11
6862.7	924.83
6776.9	1641.6
6194.6	2129.8
7056.4	1299.3
5793	2250.7
823.1	987.36
4057.9	928.75
6196.1	584.19
6285.4	2576
4782.8	2993.5
6399.6	1804.8
4297.3	2764.3
41.811	1775.2
2280.1	476.29
4090.6	1510.4
5987	2266.5
4789.8	2999.7
6211.5	3276.4
5209.8	1615.9
1460.1	379.8
4571.8	651.41
1369.2	3358
3394.3	536.94
5822.5	2147.2
5171	2523.2
5645.7	2325.2
4804.9	2044
6602.8	3002.9
4613.6	193.1
5810.4	2674.8
6598	1247.2
6691.1	1867.7
1926.1	4003.8
1342.9	1669.7
3697.2	3224.4
2727.7	2957.9
1256.7	3085.2
5421.6	2877.2
4211.1	2978.5
7241.6	1611.6
4778	2981.4
5753.7	1671.7
5856.5	1972.2
5486.8	1636
103.57	2930.6
6812.8	792.9
6231.6	2663.4
4485.4	372.63
2475.6	1774.9
5810.4	2674.8
6840.1	1493
6281	2584.1
6848.7	2262.1
6840.1	1493
6286.4	1771.1
6260.1	2187.5
6690.5	1325.5
3209.8	3084.4
6785.1	1892
5171	2523.2
635.36	1564.1
7025.5	877.42
4194.4	1016
6085.7	3102.1
62.069	280.18
4673.7	1351.6
1145.4	2646
6598	1247.2
584.19	1582.2
1744.3	2692.8
5629.6	2325.2
351.89	2614.6
850.15	971.26
5171	2523.2
6977.5	2130
6995.4	2085.8
619.01	2827.1
3683	4428
757.48	603.86
4824	1573.1
5455.4	2665.5
2941.5	1775.6
1049.8	3685.9
5171	2523.2
2475.6	1774.9
4873.9	3383.7
4692.2	47.216
4420.9	674.97
5779.4	2561.5
1122.4	3239.8
6520.7	515.37
6744.7	3044.2
3913.2	1574.5
5392.1	3181.5
4351.7	3598.6
5915.4	254.24
4896.7	3095
7239.4	1611.7
5665	1571.4
6038.1	1958
781.06	3196.1
4676.3	205.55
6200.8	194.98
150.36	3232.8
757.48	603.86
740.36	818.21
6470.1	3390.2
3485	3243
213.8	2117.3
5175.3	142.04
4142.6	340.22
4711.7	366.46
6127.5	2725.1
3400.7	2355.1
3567.4	300.19
4017.4	991.13
6271.4	2448.1
6477.3	512.04
2070.4	1221.9
6278.2	2357.2
5967	3351
6159.7	3345.9
4142.6	340.22
3744.1	4062.1
81.472	273.67
1807.6	1143
5297.5	304.7
5709.2	3160
81.472	1943.4
6035.6	2072.8
6223.9	2613.1
5387.5	503.26
536.23	2018.9
7314.3	2911.2
5810.4	2674.8
7331.6	1471
4293.3	2850.6
4784.2	1817.5
757.48	603.86
5387.6	1852.3
687.59	1586.5
5171	2523.2
5171	2523.2
3807.1	78.61
5533.4	2203.4
5934	1716.7
2514.3	724.77
5934	1716.7
3565.3	302.56
7331.1	2062.3
3335	2808.4
3335	2808.4
4699	1352.5
5934	1716.7
5270.3	1928.4
6520.7	515.37
6399.6	1804.8
4887.3	1573
850.9	974.73
3605.1	4269.8
3422	509.62
2030.2	2696.5
5171	2523.2
757.48	603.86
1809.9	841.9
4254	1514.5
1426.2	875.93
4534.6	1537.7
4988	1811.1
757.48	603.86
6540.6	1716.7
5856.5	1972.2
4420.9	674.97
5898.6	3393.7
1873.6	335.55
4673.7	1351.6
3789.8	1487.3
4420.9	674.97
4420.9	674.97
6093.2	1999.7
5021.5	3005.9
5896.9	2614.9
5925.2	2154.7
4488.5	1970.9
5367	785.98
2254.6	1583.3
5258.2	2882.1
869.35	3112.9
6620.8	1258.1
5856.5	1972.2
6497.7	1353.7
6041.9	1926.2
7025.5	877.42
3465.2	922.9
6919.2	1928.9
2209.5	1035.9
1155.3	3696.3
5198	3341
3485	3243
5171	2523.2
3686	2063
6032.7	3347.5
5189.5	1657.4
2497.6	2644
4805	3216.2
4572.5	2415.9
5533.4	2203.4
6520.8	2009.4
4420.9	674.97
6320.7	1784.7
966.24	1949.1
357.73	2325.1
5858	3354.3
5954.4	2588.3
7188.5	2896.6
4555.9	891.45
5171	2523.2
4488.5	1970.9
5948.4	2271.7
6741.7	2511.5
4572.5	2415.9
4673.7	1351.6
6020	2998.6
5795.4	2255.8
6896.5	2319.2
5232	940.45
5748.9	320.98
5494.5	2185.4
6039.1	1956.9
3326.3	2798
4091.2	2083.8
5930.4	962.06
926.13	3164.3
4518.8	1840
6352.9	2708.4
4330	3114.1
6738.3	1421
4420.9	674.97
2595.2	3478.3
7188.5	2896.6
1132.6	373.45
5964.3	1716.2
6524.8	3510.8
3484.7	3229.6
5450.6	528.04
483.06	2483.3
262.93	2078.9
5705.2	62.319
5223.3	3367.4
3422	509.62
1947.6	2640.4
5641.6	3173.2
6874.1	1482.2
7173.2	2905.2
7092.8	3082.9
6039.1	1956.9
4518.8	1840
5270.3	1928.4
4091.2	2083.8
7085.1	1580.7
6937.4	2132.8
3487.4	922.26
7103.6	1531.5
5270.3	1928.4
81.718	2882.7
3441.2	509.07
4659.5	3589.1
5645.7	2325.2
4198.4	2087.3
5879.4	1902.6
6520.7	515.37
1699.9	1860.6
2595.2	3478.3
6117.3	3353.6
1399.8	1713.7
6576.6	2445.9
5342.1	2431.6
2925.1	4342.9
5486.2	3371.6
5930.4	962.06
7132.8	3496.2
6286.4	1771.1
7092	2806
4272.8	1152.9
1426.2	875.93
5642.8	2341.2
5493	524.91
3487.4	922.26
357.66	4607.8
3959.2	1893.5
5856.5	1972.2
6520.7	515.37
5925.2	2154.7
471.01	2498
2492.1	2375.7
5596.8	1857.8
5984.1	3333.3
