1006.8 2289.4
1805.6 1783.3
1491.4 1945.9
1755.7   1802
1149.9 2251.8
1432.9 2046.5
1499.6 1937.8
1106.2 2207.2
1418.7 1990.2
2206.9 1523.1
1105.5 2033.7
1442.9 2029.7
6058.1 1387.8
1639.3 1492.5
1125.7 2160.5
1809.5 1608.5
1885.5 1633.8
1290.9 1987.2
2234.8 1549.4
1094.9 2182.3
  5724 1450.4
2224.3 1520.4
1122.8 2014.8
1214.7 3331.9
1301.1 1641.5
2030.9 1826.2
2038.5 1653.7
  1429 2038.5
1458.1 1844.6
1061.5 2224.7
957.62 2292.4
6465.3 1940.5
  1754 1507.9
946.22   2040
2199.3 1407.5
1129.1 1862.3
1678.6 1918.4
1350.1 2069.9
1292.5 2138.5
1177.9 2115.1
1172.2 2170.9
2144.7 1484.1
1178.1   2091
5880.9 1547.8
6182.1 1864.3
1577.1 1701.1
6308.3   1888
907.33   2162
2089.4 1546.9
6200.9 1873.1
2295.2 922.55
  1173 2099.9
5659.1   1413
1738.2 1517.5
1198.4 2221.5
1859.2 2998.5
907.61 2145.7
1293.9 2115.1
2382.7 1556.7
1416.7 1691.2
1660.8 1905.1
1748.1   1514
928.51 2400.7
2107.6 1614.9
1669.1 1771.2
6253.3 1917.2
965.49 2321.9
1092.8 2142.8
906.49 2398.7
1103.8 2179.2
1117.7 2224.5
2367.7 1304.4
6250.8 1869.5
1300.7 2129.7
5199.7 686.99
4776.2 1269.3
1625.4 1436.5
6439.7 1945.3
6384.2 1972.8
1034.5 1595.3
6351.6 1950.8
1081.8 2173.8
2311.7 1726.8
937.64 2390.2
884.4  2401
  6191 2682.8
6485.6 2183.7
1062.3 2162.9
1846.9 1831.1
1286.4 2066.4
5487.4 442.42
1136.3 1953.1
  1312 2125.1
6460.8 1886.9
  1209 2212.3
1220.3 1610.8
3032.3 3058.6
1649.7 1943.3
1130.5 2187.7
1115.5   2194
5711.3 3423.7
1153.3 2142.1
  1282 2113.5
  5754 3451.1
2457.8 1676.5
1114.9 2187.8
1183.1   2148
877.12 2381.6
2397.7 1299.6
2112.1 1793.5
844.22 2481.5
1310.7 2051.9
850.39 2547.2
1467.7 1923.7
6221.1 1893.8
1124.5 2180.7
2363.8 1294.9
1298.1 2100.8
1736.7   1879
  1141 2183.1
1801.3 1831.9
6193.1 2680.7
869.86 1949.3
  2161 1355.5
2361.7 1516.5
1217.1 3373.4
6170.2 2678.5
5785.5 3326.8
5301.7 3753.6
6178.5 2696.9
  1786 1834.5
5325.5 3783.8
5207.7   3795
1054.1 2204.5
  6501 1721.2
  6052 2810.1
  1073 2235.3
5514.5 3773.3
2381.9 1368.6
937.74 2396.4
