991.47 2179.2
1389.3   1891
1519.5 1850.2
1509.6 1855.9
1095.6 2159.6
1244.9 2037.6
1528.4 1845.6
1056.1 2126.9
1332.6 1927.5
1457.5 1778.9
  1042 2015.1
1252.1 2024.4
6185.5 1568.1
1215 1775
1070.7 2093.3
1401.2   1757
1362.5   1831
1150.5 1995.6
1472.8 1791.3
1048.8   2109
5724.9   1471
1466.9 1775.2
1050.4   2004
1034.1 2943.2
1101.3 1822.2
1494.6 1925.9
1442.5   1836
1243.1   2031
1214.4 1924.8
1029.3 2136.6
957.06 2180.3
6465.7 1955.1
  1269 1775.7
936.47 2013.2
1435.6 1716.2
1036.9 1922.9
1357.4 1967.1
1206.8 2045.9
1174.8 2091.1
1096.4 2071.1
  1105 2103.2
  1419 1765.1
1096.4 2052.4
  5776 1504.7
5989.3 1793.6
1365.5 1788.6
6249.4 1885.9
 912.9 2087.1
1419.3 1790.1
  6021 1810.2
1493.3 1380.7
  1092 2059.4
  5659 1429.4
1262.3 1783.3
1124.1 2142.5
  1723 2602.6
913.76 2076.1
1177.5 2072.3
1571.9 1776.4
1166.9 1845.1
1345.1 1956.6
  1267 1779.6
935.61 2257.3
1456.5 1818.4
1318.9 1883.2
  6148 1907.3
963.53 2200.3
  1047 2079.4
918.65 2255.1
1056.4 2106.4
1066.5 2141.3
1551.7 1612.9
6093.6 1791.4
1180.9 2083.9
2006.8 781.16
1213.7 1846.2
1193.2 1755.2
6432.4 1964.4
6352.8 2003.3
4401.2 1095.1
6300.6 1960.9
1040.1 2102.3
1609.4 1862.9
943.05 2249.9
901.09 2255.2
6044.5 2920.5
  6513 2339.1
  1026 2093.3
1619.3 1857.8
1164.3 2040.9
2314.8 171.74
1051.3 1973.3
  1367 1966.4
6455.3 1862.1
1130.8 2136.3
1054.3 1808.5
2335.8 2644.4
1341.8 1984.8
1075.7   2114
1064.3 2118.4
  5599 3562.9
1086.6 2082.6
1239.7 2018.7
5639.2 3596.3
1643.2 1841.1
1064.1   2113
1110.8 2087.9
892.98 2239.8
1582.4 1600.4
1601.7 1871.2
856.44 2339.8
1259.5 1972.8
868.05 2379.8
  1499 1829.5
6010.2 1810.7
1071.6 2107.7
1547.2 1606.2
1179.4 2061.9
1620.8   1857
1082.9   2111
1279.1   1998
6046.4 2918.3
872.23 1970.6
1443.7 1707.6
1553.5 1752.9
1031.1 2970.1
6021.7 2910.5
5582.2 3535.4
5083.8 3885.3
6029.5 2933.9
1395.6 1919.7
  5103 3918.2
4963.4   3916
1022.3 2122.6
4373.2 134.86
5800.6 3078.7
1036.5 2144.6
5500.4 3824.7
1568.8 1651.9
942.19 2255.4
