1448.45 2316.92
1667.95 2197.61
2235.49 1937.58
1614.58 2126.52
5630.29 1499.28
1567.84    2162
1632.57 2110.98
5572.76 1500.03
5095.92 1196.51
1555.19 2174.58
1722.98 2050.35
5547.01 1475.63
2191.16    1950
1567.23 2081.52
5552.67 1475.45
 1607.2 2288.71
1894.77 2130.67
1475.05  2817.9
5550.94 1491.36
1558.26  2250.9
1878.45  2084.9
5557.08 1475.49
1551.14  2106.8
1355.89 2773.44
1630.18 1952.92
4910.99 1325.64
1394.76 1954.76
5846.68 2651.83
1904.07 2117.58
5165.85 1207.82
1634.14 2088.69
1578.35 2212.87
1513.96 2058.01
 4827.7 1269.98
1480.69  1938.8
1748.07 2076.91
5106.98  1223.3
1339.76 2078.27
5866.79 2644.73
1545.04 2229.96
5302.75 1657.64
5493.17 1604.14
1409.59 2784.47
1569.37 2091.85
1314.62 2196.71
1639.41    3181
1370.18 2104.36
1737.03 1790.76
 1433.7 1918.77
1890.61 2124.12
1764.43 2151.29
1910.71 1969.14
1508.97 2264.23
1391.71 2318.49
1369.54 2104.42
1567.76  1964.4
2125.38 2038.41
1812.37 2146.51
1755.49 2200.07
1376.58 1947.81
 1633.6 2177.19
1629.27 2222.86
1384.66 2069.45
4566.72 1437.65
1319.19 1895.27
5562.49 990.899
1632.93 2157.35
1386.62 2072.01
6020.92 2040.58
2018.56 1859.58
1584.17 2111.32
 1328.8 2206.69
1420.48 2797.97
1452.54  1932.7
5213.24 2432.27
5108.49 1153.09
1627.76 2164.49
1555.61 2141.32
5244.11  1631.7
1658.76    2265
1641.52 2101.54
3106.53 475.959
1480.26 1929.68
4575.08  1439.6
1328.52 2192.81
 1756.2 2181.15
4565.71    1436
1285.04  2252.6
1859.87 1840.95
2108.29 2027.19
1359.01 2409.35
1341.93 2186.95
1646.24 2157.08
1654.41 1919.44
1546.02 2192.53
4101.45 4256.83
1315.08 2138.43
4927.04 1519.79
5367.71 805.731
5273.41 2450.96
1613.89 2136.48
5863.86 2637.17
1632.22    2123
2109.73 1921.26
1407.28 1920.99
5854.97 2644.62
1401.39 2343.43
1541.44 2197.11
1332.94 2407.51
1456.95 2086.23
1554.81 2227.66
1736.79 2059.58
 1523.2 2053.93
1446.85 2826.47
1485.52 1702.41
 1676.6 3309.12
1642.29 2155.14
 5602.2 1500.76
1335.83 2403.47
1363.46  2022.4
5514.16 953.001
1571.38 2265.49
5962.25 2620.41
1586.89 2161.34
1425.17 1910.76
1355.03 2119.72
1763.7 2193.2
1669.33 2090.04
1272.88 2713.63
5842.98  2644.6
5829.65 2646.62
1314.25 2085.67
1471.31 2001.66
1277.67 1859.03
5379.81 1625.01
1530.22  2222.5
5106.34 1197.26
6063.35 2689.22
1444.87 2815.59
1307.95 2741.11
1328.93 1902.88
1394.94 1970.61
5636.99 1509.98
1369.68 2400.57
1297.92 2202.07
1306.58 2409.31
1440.03 2933.22
5732.63  2641.4
1508.05 2212.81
2274.56 1976.89
1514.33 3067.89
1397.39 2071.15
5543.51 1482.96
1746.69 2141.32
1581.08 2041.04
1775.22 2189.83
1669.84 2257.75
1610.59 2088.82
1648.25 1757.85
2099.48 2056.88
1584.43 2235.47
6079.41 2643.53
1568.15 2240.24
5977.92 2059.96
1292.13 2198.47
1342.69 2985.63
6053.77 2674.63
1607.89 2198.58
1743.79 2179.46
 1466.1 2994.03
1567.31  2235.1
1640.31  2204.4
1297.68 2392.76
1657.53  2106.4
1411.99 1976.73
1258.17 2477.78
1449.58 2821.04
5568.35 1524.31
1676.83 2104.65
1771.31 2130.46
1265.18 2533.83
6012.35 2616.68
5393.36 1053.75
6029.19 2058.42
5964.06 2609.93
1624.97 2137.39
1577.65 2229.52
1627.44 2146.05
5952.31 2604.75
4920.46 1130.13
1760.07 2169.69
2177.23  2009.8
1595.78 2231.98
6040.64 2065.41
1723.12 2164.15
 2233.8 1975.58
5734.85 2639.73
1272.95 2021.98
1567.98 2187.26
1668.74 2187.99
1638.11 3216.58
5710.16  2637.4
1682.19 2128.47
 5142.6 3156.77
5978.88 2600.77
1342.67 1912.02
6075.43 2632.52
1482.64 1870.87
4459.91 3349.84
1522.97  2189.3
5719.51 2652.64
2220.12 1976.95
1500.11 2247.22
5053.52 3545.71
5589.66 2741.08
5953.67 2612.59
1522.11 2273.32
5876.45 1412.03
1369.84 2405.79
5061.76 1597.26
