   1428 2224.14
1688.98 2080.87
 1844.3 2003.22
1707.34 1960.49
 5657.7 1521.88
1624.57 2019.19
1689.57 1971.55
5595.18 1516.55
5077.46 1163.03
1584.07 2051.84
1659.74 1997.73
5571.24 1491.77
1961.92 1980.96
1626.51 1937.59
5577.26 1491.55
1545.11 2211.15
1702.07 2116.15
1446.01 2654.01
5573.41 1508.72
1499.82 2182.55
1788.35 2030.11
5581.71  1491.5
   1479 2088.14
1350.34 2611.72
1668.51 1868.46
4895.64 1299.12
1472.68  1808.4
5737.86 2856.77
 1709.1 2105.64
5157.98 1181.58
1657.49 1976.55
1514.93 2155.05
1547.33 1940.38
4810.85 1235.62
1528.64 1843.02
1598.83  2077.2
5086.46 1191.94
1403.53 1917.06
5765.11 2851.42
1490.9 2167.3
5301.97 1674.72
 5523.1 1631.01
1394.09 2623.43
1487.96 2079.21
1322.22 2135.89
1467.55 2863.39
1431.67 1944.87
1534.15 1928.59
1428.83 1893.78
1699.89 2110.66
1818.07 2023.83
1664.24 2021.72
1469.85 2189.68
 1388.1 2223.94
1356.64 2081.01
1468.05 2009.86
1815.63 2063.55
1661.94 2121.37
1629.37 2157.31
1453.49 1797.93
1542.69 2137.59
1553.53 2164.65
1448.37 1910.83
4553.98 1422.34
1378.67 1793.79
5548.77 955.919
1541.88 2121.99
1450.43 1913.45
 6075.8 2186.15
1814.27 1918.01
1644.69 1968.42
1332.36 2143.02
1401.82 2633.79
1500.98 1837.23
2024.34 2422.82
5081.51 1117.64
1537.29 2127.64
1599.08 1992.53
5242.71 1645.35
   1576 2197.93
1699.72 1962.87
2180.84 1283.08
1528.69 1834.24
4496.79  1411.5
1332.87 2133.66
1631.55 2141.92
4552.82 1420.62
1300.41 2169.51
1608.16 1952.37
1802.58 2054.45
1365.16  2288.4
1342.61 2128.59
1699.24 2020.11
1644.82 1880.25
1598.84 2050.47
2591.46 3493.68
1362.02 2002.12
4922.57 1518.61
 5323.9 745.664
2041.65 2435.04
1706.94 1970.96
5763.14  2844.1
1689.03 1984.76
1771.9 1993.1
1460.12 1823.61
5749.07 2848.84
1396.29 2241.04
1487.66 2142.43
1345.09 2286.13
1517.04 1932.08
1499.38 2165.43
1673.96 2004.61
1555.93 1937.28
1421.37 2659.31
1358.76 1954.02
1464.87 2932.56
1611.28 2076.35
5627.53 1522.23
1382.06  2243.7
1460.08 1831.18
5494.61 909.661
1512.03 2194.95
5876.49 2842.66
1642.89 2019.38
1474.73  1816.3
1416.45 1958.38
1635.68 2151.61
1690.11 1979.11
1281.79 2557.27
5731.92 2847.88
5717.07 2849.59
1360.86 1916.85
1463.33 1951.33
1448.67 1530.17
5420.58 1642.81
1480.79 2161.34
5087.74 1166.77
6019.07  2937.8
1420.77 2650.33
1309.71 2581.39
1366.45 1882.85
 1471.7 1823.38
5664.39 1538.16
1373.72 2282.33
1310.49 2138.93
1324.22 2285.77
1386.07 2722.42
5586.24 2830.48
1464.39 2153.21
2067.26 1987.84
1415.47 2803.76
1461.14 1913.29
 5567.1 1499.94
1615.95 2115.42
1487.35 2053.37
1825.36 2063.42
1583.14 2193.03
1578.74 2022.16
1480.13 1913.51
1800.49 2077.24
1521.34 2172.52
6038.08 2898.08
1508.73 2175.76
6011.84 2169.31
1306.08 2136.19
1308.36 2752.12
6010.84 2911.37
1532.26 2146.77
1695.76 2100.43
1396.33 2760.03
 1508.3 2171.24
1559.34 2152.16
1314.13 2272.47
1715.71 1968.73
1489.47 1831.24
 1272.2 2356.91
1425.94 2655.16
5590.97  1542.7
1734.73  1968.4
1714.54 2063.64
1286.74 2391.15
5951.99 2841.62
5375.26 1019.58
 6065.3 2168.88
5881.93 2826.09
1681.91 1998.17
1516.51 2167.11
1683.46 2006.93
5868.67 2817.95
   4880 1088.81
1633.18 2133.42
2068.64 1987.27
1529.27  2170.3
6097.44 2226.34
 1776.2 2034.65
1736.26 2085.21
 5588.1 2828.77
1277.18 2040.61
1717.91    1979
1719.87 2054.38
1462.57 2886.36
5562.37 2821.35
 1737.3 1993.39
 4951.2 3389.47
5914.09 2813.52
1418.99 1817.36
6038.64 2876.45
1494.95  1834.3
4391.28 3569.69
1515.29 2096.52
 5571.4 2840.72
 1852.1 2026.87
1461.35 2177.68
4665.62 3732.22
5351.01 2946.68
5869.12  2829.3
1478.31 2196.64
   5912 1437.91
1372.85 2286.95
5060.93 1606.57
