6240.28 2368.55
6239.96 2368.83
6365.77 2651.81
6365.99 2651.81
1168.51 2211.63
6061.54 3756.41
6157.49 1385.74
6404.67 2519.72
2981.69 972.954
1157.47 2144.85
6312.47 1950.85
3109.06 1039.98
6387.02  2535.5
6161.69 3582.74
5873.99 1712.51
1155.33 2227.91
 1168.8 2199.53
 6249.5 2009.47
 5776.8 1735.27
6320.37 2008.18
5492.28 1216.68
5827.01 3049.94
5250.78 1079.64
5493.94 1223.08
6423.72  2475.4
1123.23 2196.14
6316.07 1961.74
5760.66 1727.19
2292.02 1197.57
6320.05  2007.8
5843.81 1605.15
6052.38 1627.98
6390.17 2545.97
3020.29  1155.3
6100.45 3216.92
6394.92 2524.97
2385.87 995.635
6310.64  1982.7
5980.82 1869.57
5915.24 1841.22
5980.59 1865.77
6024.98 1796.42
   6300 1988.94
6172.66 1380.28
6442.17 1989.75
4386.06 777.756
 6394.4 2481.52
6311.45 2668.44
5826.74 1612.12
6348.94 2068.25
5915.76 1742.48
6359.32 2093.46
2900.78 3611.34
3320.28 752.663
6458.66 2484.18
6043.68 1585.52
3193.14 768.309
3193.77 766.489
 1108.7 2212.14
6309.97  1839.9
1105.13 2198.73
6425.06 2507.57
6460.16 2437.53
6434.43 2369.53
2664.73 412.947
5868.89 1693.28
5782.44 1719.28
6363.57 2669.06
6149.48  1697.3
2947.26 3802.52
6400.06 2059.39
3302.67 741.558
2283.37 1292.93
2895.69 3590.64
1105.63 2188.89
 6017.5 3166.26
6425.44 2384.64
 6372.5 2663.37
6419.44 2376.97
6436.26 2403.35
3512.65 3862.64
6278.24 2093.52
1112.26 2206.54
1242.64 2132.21
6368.89  2640.9
3625.75 4449.55
6475.73 2448.49
6459.33 2536.98
6423.34  2324.8
6394.08  2380.7
6235.92 2705.54
5999.38 1813.71
3059.13 2339.75
1203.19 2183.09
2099.06 1128.08
 6339.4 2084.23
 5992.5 1687.22
6226.87  2024.4
6314.78 2022.58
6043.78 1567.02
6132.47 2746.08
 2910.5 3581.87
3336.96 765.177
3966.47 3863.46
6342.63 2056.43
6310.71 1990.38
6223.85  2040.8
6287.4 2097.9
3397.81 4438.64
1170.18  2232.9
6030.32 3379.06
2896.09 3807.19
6317.84 1990.06
3808.98 3911.01
2818.15 3912.36
5658.11 3182.39
 6365.2 1733.15
6191.98 2041.29
6277.38 2746.97
 6402.8 2229.56
5784.52 3048.08
6297.53 2747.95
6363.68    2559
6431.61 2496.06
5584.65 2951.46
1204.85 2192.53
6359.01 2086.06
5815.39 3036.08
2850.78  3571.3
5569.2 2944.3
5950.57 1758.82
3765.43 3850.13
3475.45 4045.02
 6461.2 2364.34
6407.36 2065.73
6380.58 1998.77
6203.09 3166.27
6271.77 2087.67
3971.74 3973.18
6477.04 2558.88
3788.15 3987.89
6205.95 1719.74
2571.13 3737.45
5797.21 3036.78
6473.65 2391.24
 1129.1 2235.42
3338.23 3805.05
2936.69  4100.1
3663.24 3878.21
6151.09  3263.4
6436.19 2388.55
3462.18 3874.19
6119.77 3320.33
3800.14 3813.48
6048.31 1798.46
3659.43 4431.88
5986.4 1673.4
6349.16 2108.87
6075.47  1720.7
3797.62 1005.95
3766.84 3997.43
1135.83 2182.51
2560.94 4234.96
6374.62    2742
2701.62 3679.41
6234.24 1576.81
6472.87 2661.11
6388.94 2657.27
5648.69 3163.27
 6464.2 2603.48
 6094.6 2827.27
1899.68 1044.66
6269.56 2773.47
4036.99  4421.7
3535.06 3770.37
6213.08 1571.88
2681.73 3629.96
2907.68 4173.96
3259.11  3603.2
6313.64 2842.08
3186.31 3743.38
3673.68 3588.02
1087.35 2197.99
 6409.6 2236.89
3655.64 4248.23
6357.38 2580.73
5998.13  1877.6
2819.35 3698.15
6324.17 1998.31
1089.52 2194.18
3752.86 3760.56
2831.94 3912.08
2981.05 3682.16
 3669.8 4469.54
6060.49 1640.73
1188.97 2131.29
6343.16 1931.58
3695.91 3796.73
2819.37 3696.92
6411.05 2221.31
 6362.4 2061.89
2983.85 3680.61
3064.26 3736.12
 2967.2 4355.81
2841.17 3910.16
6418.99 2871.69
3671.03  4411.2
6370.58  2548.2
5984.97  1705.8
6380.54 2028.61
2602.31 3650.18
6414.16 2487.39
2963.24 3985.58
3202.49 3584.47
6444.08 2474.26
3648.09 4045.64
3677.06 3742.84
6415.06 2153.78
3670.73 4468.15
3742.21 3624.95
5659.59  3160.1
3064.17 3735.65
2618.65 3643.88
6439.23 2476.08
2790.45 3704.44
3775.75 3974.81
3673.74 4408.62
3919.72 3629.51
2443.62 3830.41
 6401.6 2532.09
3560.13 3781.27
3679.36 3625.19
1100.03 2204.03
 2543.4 3777.39
6261.88 1707.78
6274.31 2131.39
6128.97 1564.14
2978.91 3753.51
6208.39 2811.52
3687.17 3791.15
2544.44 3777.37
1161.88 2153.49
3742.42 3791.09
3028.21 3927.81
6216.63 1535.01
6205.06 1703.67
5848.65 3346.02
5623.27 2996.01
6387.56 2230.55
5797.12 3061.76
6133.15 2767.98
6228.47 2802.89
5816.66 3063.47
 6402.1 2864.87
6312.96 2000.43
 6423.2 2487.02
2682.47 3511.79
 1087.4 2219.31
6450.02 2332.55
6378.79 2538.55
3761.11 3855.54
3058.09 3761.39
6373.97 2265.21
3675.31 3840.93
5791.08 3027.86
6480.41 2375.82
3192.87 3568.45
3676.43 3605.34
3762.61 3869.81
2346.85 4153.42
3771.72    3909
3972.78 3827.48
 3675.6 3605.43
6368.85 2620.86
 5554.6 2958.62
2852.69 834.377
 5910.7 1829.72
6238.87 2001.89
3667.12 4375.91
3169.53  3593.3
2757.39 3600.57
3670.75 3586.81
6318.66 2640.55
5929.51 3091.43
2847.64 4313.57
6305.92 2101.39
6223.85 1982.51
6460.52 2497.93
3758.44 3856.01
3676.05 3810.56
2878.57 4239.09
2964.75 4341.89
6470.36 2371.91
3620.78 3478.86
 6395.1 2695.44
5952.06 1806.75
2594.51 3809.98
2814.58 3921.55
3752.95 3635.56
2332.04 4148.54
2741.39 3535.57
3393.56 3755.91
2353.16 4082.69
3424.03 3593.04
 3239.2 4389.19
6423.19 2201.49
2538.64 3869.25
6266.51 2833.45
3188.92 3578.04
3712.73 4139.45
3126.73 3983.07
6284.25 2117.48
6365.28 2221.16
6415.06 2094.31
2737.08 3633.18
2687.81 3921.29
6449.15  2470.9
3498.08 3599.85
 3332.6 3793.53
2831.77 3930.22
6388.07 2069.97
3303.65 4003.86
2918.39 3640.45
2533.61  3861.8
6360.61    1916
3906.27 3796.17
 5764.7 3111.78
3770.36 3826.97
6230.98 2012.36
3796.23 3723.18
2980.78 3981.71
6363.34 2678.36
6288.17 2082.17
6393.32 2314.11
3663.57 4176.96
3657.63 4025.41
3721.01 3687.84
6440.52 2434.95
 5782.2 1758.41
6261.69 1996.71
2539.18  3885.1
2715.27 3912.28
 3384.3 3793.35
2552.76 3836.46
2874.7   3731
2823.65 4363.85
 3745.7 3628.05
6397.26 2663.96
3048.91  3931.8
2835.17 4358.68
3110.66 3751.05
 3903.5 3611.25
6342.42 2627.88
3908.39 3596.85
1037.09 2200.75
3603.78 3794.71
6024.98  1830.7
5765.16 3062.28
3787.19 4173.42
 3661.9 3976.71
3764.38 3618.14
6140.75 2821.03
 6208.1 1958.76
2955.76 3584.25
5636.37 2977.04
3784.55 4349.68
6446.52 2395.44
3068.58  3802.8
2735.98 3908.84
2942.05 3603.04
 5340.8 3240.68
3642.89 3492.89
4011.62 3984.24
3666.88 3704.95
2928.86  3698.8
2678.31 3703.95
3755.38 3839.76
6193.23 2794.33
5751.54 1717.15
6226.77 1599.92
6303.02 3445.37
 2888.5 3684.79
6325.17 2067.64
 2801.9 3557.12
6442.37 2492.71
6198.72 3182.82
 3239.3 3561.41
3190.58 3567.16
