6502.3 2658.8
6502.1 2659.1
5021.6 552.34
6529.2 2543.4
6513.1 2557.6
5197.2 371.48
6186.8 2944.2
6545.4 2501.6
6515.7   2568
6521.4 2548.9
6521.2 2505.4
6455.2 2681.6
2947.4   3745
6577.7 2509.5
6547.3 2532.7
6579.3 2459.1
968.87 2668.5
  6501 2673.1
3017.7 3952.6
2935.9 3721.3
6507.7 2668.9
3645.2 4012.7
2654.9 591.23
6505.1 2648.8
6594.6 2472.3
6401.7 2703.3
6329.7 2737.8
2958.2 3714.3
  4138 3995.4
984.04 2687.9
2965.8 3960.9
3970.4 4052.9
2895.2 4071.4
6191.6 2966.8
984.82 2698.6
6439.8 2735.5
6157.8 2946.3
6454.9 2735.6
6494.3 2582.9
6552.6 2520.8
6181.8 2933.8
  2887 3702.1
3918.4 3987.2
3629.9 4201.7
6527.4 2104.6
4152.4 4103.4
3956.2 4132.6
2598.2 3882.5
6167.9 2936.7
6592.9 2420.6
3447.9 3954.3
3048.4 4271.6
  3811 4020.6
3596.4 4022.2
3955 3951
3936.6 4141.3
6512.8 2728.9
2736.8 3819.7
6591.8 2659.1
6520.4 2663.7
5676.8 3305.3
6579.4 2613.9
6308.3 2801.3
6437.4 2757.5
3664.5 3914.9
3340.9 3738.7
3280.1 3889.2
3793.5 3715.5
5957.9 821.36
861.95 2691.2
6491.8   2600
2867.7 3841.4
3897.5 3897.1
2910.1 4071.9
3044.1 3825.6
6508.3 2059.7
3840.5   3934
2867.4 3840.8
3047.2 3823.9
3141.2 3883.8
2920.9 4068.1
6500.7 2571.4
2622.4 3787.8
6535.9 2513.5
3062 4151
1884.2 2614.4
  3277 3718.9
  6564 2499.5
3812.9 4196.9
3813.2 3880.5
3871.9   3755
3141.3 3883.2
2639.8 3782.2
6559.3   2502
2835.5 3846.9
3941.4 4116.8
4062.1 3754.6
2471.6 3983.5
6525.8 2558.2
3693.1 3925.9
3802.3 3756.8
869.26 2646.5
2573.4 3926.2
3048.9 3902.1
6395.1 2783.3
  3830 3929.1
2574.4 3925.9
3889.6 3928.2
  3128 4086.3
  6166 2957.2
6331.9   2755
6406.4 2777.6
6180.2 2955.4
6544.7   2513
2693.6 3636.9
4004.5 4499.4
  6508 2562.1
3914.4 3993.4
3137.5 3908.9
3820.7 3981.2
4293.7 4476.6
6163 2929
6597.9 2406.1
3266.5 3701.4
3797.3 3735.1
3917.5   4009
3930.5 4048.7
4140.3 3958.2
3796.3 3735.7
6505.7 2629.7
3240.5 3728.5
2788.5 3735.4
3790.4 3714.8
6462.7 2651.8
6189.8 3044.1
4450.4 4035.2
847.95 2650.2
6578.6 2521.5
3912.7 3994.1
  3819 3949.2
6526.5 2695.4
2634.8 3962.3
2893.1 4082.5
3883.6 3765.7
2760.3 3663.2
3507.4 3899.4
3520.3 3726.4
3018.4 3574.4
2580.1 4026.7
6438.1 2799.8
3260.5 3712.2
3893.5 4288.6
3246.1   4146
2771.2 3769.4
2748.1 4082.7
6568.7 2496.2
3603.2 3732.8
3440.1 3940.6
2912.2 4091.8
  5188 4283.3
3440.9 4163.4
2969.7 3779.1
  2574 4018.9
6518.8 2053.4
4065.3 3929.6
5903.6 3177.3
2953.4 3803.6
3921.6 3965.1
3941.5 3856.9
  3082 4147.1
6499.5 2685.1
3841.3 4328.7
3821.5 4173.2
3856 3822
6560.9 2460.7
856.16 2642.6
2972.5 2660.9
2583.3 4043.7
2780.6 4073.4
2590.2 3990.2
2933.1 3875.7
3874.9 3757.5
6526.1 2668.7
3150.5 4090.4
3195.9 3897.4
4042.6 3735.2
6482.8 2638.9
4046.5 3719.5
  3739 3939.5
6144.5 2959.6
3977.1 4320.1
3823.7 4123.3
3893.8 3746.8
6343.4 2792.6
3004.6 3717.5
  3157 3954.4
2802.2 4069.1
2991.6   3738
3839.4   3611
4102.8 2659.9
846.19 2634.2
4195.1 4116.5
3798.3 3842.3
2990.5 3840.1
2714.6 3845.6
3907.6 3976.7
6383.4 2772.5
2944.5 3825.9
2832.3 3688.5
6562.4 2517.7
3316.4 3693.6
3262.9 3700.1
