6345.65 2422.78
6345.54 2422.58
6387.28 2650.53
6387.06 2650.82
1251.72 2133.84
6373.58 3074.37
6348.25 1824.04
6415.48 2539.91
3404.83 954.486
1264.85  2029.7
6333.06 2001.62
3527.71 1034.83
6398.24 2553.48
6371.38 3088.43
6136.48 1966.55
1231.02 2152.25
1252.65  2117.2
6271.11 2056.07
6069.42 1969.91
6339.23 2055.23
5725.07 1400.35
6058.65 2919.24
5580.43 1294.92
5832.42 1491.79
 6432.8 2499.81
1196.54 2110.79
6347.11 2032.14
6061.03 1964.15
2627.83 1112.45
 6338.7 2055.34
6064.55 1829.17
6249.75 1923.93
6401.08 2563.47
3491.29 1141.66
6268.51  2989.7
6407.12 2545.16
2762.01 911.473
6330.69 2031.83
6169.31  2055.1
6128.4   2033
6168.95 2051.95
6205.86  2010.1
6311.46 2018.03
6358.04 1821.96
6475.35 2147.86
4814.37 940.671
6406.78 2503.41
6337.13    2672
6054.48 1834.26
 6386.5 2162.57
6155.88 1984.84
6393.56 2181.13
3006.07 3641.76
3800.69 783.718
6467.67 2507.47
6229.64 1865.97
3685.93 782.096
3686.58 781.319
1175.95 2129.42
6380.95 2024.08
1171.63 2112.39
6434.92 2529.69
6469.34 2458.98
6444.46 2399.87
 3229.2 456.469
6134.34 1953.12
6075.62 1960.47
   6386 2664.25
6213.54 1814.25
3068.67 3837.42
6427.62 2155.84
3786.08 769.936
2603.1 1205.6
2995.71  3619.6
1174.01  2102.4
6179.92 3011.51
6434.84 2411.71
6393.15 2660.28
6427.42 2406.92
6445.06 2430.63
3647.94 3890.31
6329.22 2181.43
1181.74  2123.1
 1385.3 2018.87
 6390.2 2640.96
3820.77 4464.58
6485.91 2471.69
6469.78 2556.74
6434.17 2354.06
6404.42 2409.27
6280.48 2692.29
6184.82  2017.8
1285.88  2094.6
1307.38 2092.21
2411.92 1014.61
6378.63 2175.34
6200.65 1958.42
   6249 2069.33
6335.15  2069.7
6203.33 1810.07
6204.87 2724.52
3016.45 3612.75
3812.04 798.334
4102.46 3875.93
6364.14 2114.14
 6331.2 2039.03
6295.08 2147.99
6335.25 2184.72
3596.33 4465.57
1252.85 2158.29
6158.99 3217.47
3020.32 3846.03
 6329.1 2019.37
3947.97 3929.54
2952.78 3952.88
6064.01 2940.85
6435.74 1982.44
6266.65 2143.06
6321.26 2723.49
6418.83 2275.35
6028.69 2920.75
6337.34 2723.75
6378.21 2577.67
 6440.6 2518.27
5881.14 2861.68
1311.05 2103.28
 6393.1 2175.28
6053.29 2909.26
 2950.6 3602.16
5870.62 2858.33
6175.04 1996.17
3899.62 3866.59
3633.63  4071.6
6470.72 2394.42
6433.49  2160.4
6415.88 2118.36
6278.72 3059.05
6298.25 2141.34
4116.84 3979.41
6484.48 2572.97
3935.32 4005.86
6326.47 1968.76
2677.72 3777.65
6038.97 2911.79
6484.09 2421.92
1199.56 2158.86
3466.34 3835.28
3092.78 4144.03
3800.74 3898.01
6282.71 3057.21
6445.62 2415.82
3602.95 3899.43
6269.18    3088
3933.18 3832.36
6219.09  2011.6
3853.62 4444.61
6198.16 1951.28
6384.11 2192.08
6177.49 1878.31
4231.69 1080.26
3917.23 4014.11
 1223.1 2089.98
2739.63 4251.26
6399.21 2717.96
2808.95 3715.38
6365.12 1905.88
6483.72 2651.56
6406.74 2655.39
5550.02 3251.38
6469.96 2607.94
6183.14 2784.86
2194.53 890.215
6318.95 2744.55
4218.16 4418.33
3665.75  3797.4
6351.34 1900.67
2799.13 3646.05
3070.74 4221.73
3369.02 3632.33
6359.12 2782.91
3312.09 3774.56
3783.97 3609.75
1149.65  2110.2
 6424.8 2282.23
 3829.9 4266.49
6375.63 2594.05
6181.17 2060.75
2930.74 3733.88
6343.43    2047
1153.17 2106.52
3879.98 3780.99
 2966.7 3953.11
3094.69 3716.64
3867.41 4481.81
6255.24  1933.9
1309.41 2015.82
6396.03 2075.43
3827.66 3815.74
2930.47 3733.31
6425.89  2267.8
6390.75 2140.71
3097.58    3715
 3183.9 3770.66
3151.36 4405.24
2976.85 3949.28
6440.37 2803.88
 3862.4 4423.66
6385.01 2566.67
6202.39 1965.66
6414.56 2135.51
2702.31 3687.17
 6422.6 2511.22
3107.22 4026.97
3310.43 3614.15
6452.85 2497.82
3802.99 4067.14
 3802.4 3765.01
6434.69 2224.37
3868.89 4479.32
3855.94 3646.98
5563.51 3248.57
3183.99 3770.09
2718.75 3681.54
6447.78 2500.22
2900.66 3739.58
3921.54 3990.59
3864.07 4420.89
4030.59 3647.52
2555.72 3877.17
6411.88 2554.11
3692.05 3807.82
3792.12 3648.48
1164.58 2118.98
2653.42 3819.89
6363.72 1963.92
6323.88 2211.47
6262.64 1806.82
3098.25 3789.02
6274.37 2768.75
3817.98 3811.06
2654.37 3819.58
1263.09 2049.29
3872.83 3810.42
3169.46 3963.86
6358.32 1881.81
6326.68 1958.37
5993.37 3233.52
5913.89 2892.41
6406.04 2275.54
6037.35 2931.26
6207.36 2740.96
6286.27 2763.43
   6052 2929.79
 6427.5 2800.72
6331.67 2048.53
6432.07 2510.76
2771.52 3543.62
1146.13 2138.13
6460.13 2363.19
6392.79 2557.78
3895.96 3872.47
3180.22 3794.49
6391.98 2306.06
3809.57 3860.51
6033.78 2904.38
6489.53 2407.95
3300.89 3597.82
3787.49 3628.12
 3898.9 3887.35
2481.78 4219.42
3911.09  3925.3
4104.24 3840.53
3786.57 3628.68
 6390.7 2622.63
 5859.6 2868.86
3303.26 808.849
6039.53  1931.2
 6261.7 2049.03
3854.64 4389.27
3276.8 3623.4
2858.55 3634.87
3781.13 3609.09
6344.88 2643.51
6063.62 3014.53
3024.69 4366.88
6316.76 2131.83
6248.27 2031.14
6468.67 2519.02
 3894.4 3873.13
3807.91  3830.1
3048.74 4288.53
3149.32 4391.76
6478.82 2403.93
3722.23 3500.33
6413.58  2685.9
6026.15 1874.56
2710.55 3853.13
2950.63 3963.58
3866.71 3657.06
2466.54  4215.5
2833.33 3567.34
3521.32    3783
2485.02 4145.66
3533.67 3620.06
3427.89 4423.95
6437.36 2249.54
2657.52 3916.14
6320.23 2785.11
 3295.3 3607.98
3878.09  4156.3
3278.45 4019.99
6331.79 2199.23
 6385.3 2266.66
6437.76 2181.14
 2841.9 3667.22
2814.69 3966.45
6457.92 2494.66
3609.63  3625.9
3459.22 3822.31
2968.33 3972.21
6418.27 2163.17
3458.84 4035.28
3026.33 3673.62
2651.93 3908.78
6407.41  2069.2
4034.75 3812.74
 5773.8 3135.19
3902.47 3845.58
6252.12 2059.42
3920.27 3743.18
3125.91 4022.93
 6384.5 2675.76
6336.78 2172.53
6409.33 2351.66
3829.79  4195.1
3810.88 4044.31
3841.56 3709.93
6449.46 2460.52
 6070.4 1984.38
6284.13 2044.09
2660.15 3932.44
2845.41 3956.86
2482.79 4223.62
2667.88 3880.84
 2991.1 3765.46
3004.09 4420.61
 3858.7 3649.33
 6412.9 2660.24
 3190.3 3967.54
3014.23 4414.41
3234.31 3783.02
4012.55 3629.18
6366.25 2631.29
4016.04 3614.48
1197.67 2124.53
3734.28 3820.74
6203.49 2031.37
6015.19 2933.18
3955.96 4187.49
3812.76 3996.31
   3876 3639.36
 6219.9 2776.99
6261.41  2047.5
3059.35 3615.23
 5920.5 2877.36
3971.23 4358.34
6455.75 2422.15
 3197.8 3837.52
2865.75 3952.31
 3047.1 3634.65
5823.19 3036.32
3825.77 3512.24
4156.62 3992.45
3788.62 3728.91
3044.86 3730.98
2787.73 3740.33
3889.62 3856.55
6261.86 2758.27
6055.99 1957.19
6357.43 1919.25
6417.08 3078.22
3002.36 3718.14
6312.81 2055.92
2899.98  3590.1
6451.16 2515.32
6276.35 3070.35
3346.78  3590.2
3297.59 3596.62
