1813.9 870.85
4184.2 362.51
2360.9 622.11
892.44 2643.5
1240.3 2063.4
6577.1 2296.3
1155.2 2068.8
1240.3 2063.4
1042.8 2199.4
2080.4 747.03
6577.1 2296.3
3928.3 566.73
6537.2 2212.5
906.83 2649.8
1072.6 2047.4
6519.2 2522.4
1026.9 2233.3
883.62 2691.7
6427.9 1928.7
1175.9 2098.8
1030.1 2216.6
5030.4 825.83
1030.1 2216.6
1043.2 2186.7
6369.6 1988.6
5022.1 838.01
1211.6 2058.3
6543.4 2579.7
  4734 3568.4
1290.6 2008.6
2053.9 744.62
6436.4 1988.5
4059.5 379.29
  1674 982.45
1085.5 2071.2
2371.7 577.69
1167.8 2089.2
 963.6 2070.4
3635.7 896.96
6504.8 2545.6
3857.3 986.62
3876.2 897.41
3856.2 975.31
 963.6 2070.4
  6537 2476.2
981.15 2045.6
4071.4  315.5
6431.5 1940.1
982.32 2065.2
4079.2 309.33
6436.1 1988.1
6504.8 2545.6
3857.3 986.62
3857.3 986.62
6510.1 2527.9
1065.7 2051.2
6426.8 1961.8
2052.5 3315.1
4421.9  667.4
3853.2 3765.3
3036.3 3732.2
3866.7 896.17
5031.5 843.63
3857.3 986.62
3866.7 896.17
1065.7 2051.2
3866.7 896.17
3030.2 2565.9
3036.3 3732.2
3540.3 349.94
6509.7 2482.6
1277.7 1771.6
2833.5 3711.1
  3915 597.39
6569.4 2485.3
2886.6   3914
1674.7 1009.8
6570.8 2436.8
4231.2 627.24
1197.5 1961.4
2104.2 3346.9
2680.1 1033.5
2779.7 1008.3
1240.4 1849.5
3463.4 903.58
2750.6 4026.5
2886.6   3914
2687.9 754.98
2179.1 1206.1
1068.9 2063.9
2179.1 1206.1
2370.4 632.58
6538.5 2381.7
1259.7 1780.4
6569.4 2485.3
6532.9 2373.7
6548.6 2401.2
3820.2 3981.9
6548.6 2401.2
3498.3 3983.3
3857.5 3777.2
1044.2 2221.7
6536.3 2319.4
3811.6 3931.7
847.98 2443.5
6585.2 2448.2
6569.9 2540.2
6536.3 2319.4
6509.3 2377.5
854.11   2448
874.95 2459.4
4013.4 4343.8
1076.2 2169.1
6536.3 2319.4
6581.2 2440.2
  6572 2361.4
1281.6 1995.6
6348.4 2003.8
6431.4 2003.4
3847.3 4582.1
2843.5 3679.9
3990.9 3983.5
3385.5 326.38
2843.5 3679.9
1044.2 2221.7
958.37 2692.2
6074.9 1783.7
3819.9 4034.2
2481.8 563.85
2750.6 4026.5
3441.5 4355.6
3857.5 3777.2
3445.4 3992.7
3987.5 4102.2
  3931 3857.9
3615.6 4178.9
959.34 2702.1
3857.5 3777.2
6516.5 2220.1
3619.1   4154
  3931 3857.9
2355.3 653.18
6480.8 2563.5
1000.1 2220.9
6544.3 2497.7
5717.8 2986.1
1077.7   2179
2779.1 3667.7
5702.3 2978.7
2828.4 4518.3
2813.5 434.15
  2483 559.03
3772.8 3970.4
1229.3 1866.4
3458.9 4173.6
3991.6 3959.2
3251.5 4282.1
3401.5 4149.5
1076.1 2174.3
3619.8   4154
  3672 3895.4
3797.1 4114.6
2484.3 3837.8
6433.7 1969.6
4190.6 387.59
3456.4 4149.3
1000.1 2220.9
2880.9 4223.5
3361.6 4499.8
  3672 3895.4
3812.7 4510.7
2358.2 645.71
6548.5 2385.8
1222.3 2055.1
3675.9 3779.5
3991.6 3959.2
4356  215
2357.6 645.91
3457.2 4149.7
1278.6   1679
2850.4 469.14
3432.7  353.9
3950.2 3956.4
875.95 2623.4
3361.6 4499.8
3458.9 4173.6
  1228 1888.1
2899.6 1037.1
3995.8 4098.3
5278.9  132.7
3329.6 3856.4
3675.4 4157.7
953.41 2075.7
2850.6 3838.4
832.82   2092
1275.6 1797.1
3812.7 4510.7
  3574 3898.8
3522.3 3886.1
3615.6 4178.9
855.57 2395.4
850.53 2499.5
3312.7 3864.2
839.44 2582.7
5926.8 817.77
1231.7   1975
3426.1   4171
2738.9 3841.5
2198.3 3557.4
5778.2 3209.8
2738.9 3841.5
849.94 2697.3
3222.9 3865.4
  3607 3555.9
4217.1 1002.1
3329.6 3856.4
  3399 3716.8
890.93 2351.8
3011.4 3845.3
850.53 2499.5
3432.7  353.9
2352.5 3931.7
876.96 2636.3
1231.9 1877.8
1315.6 1693.1
2775.1 4024.7
890.93 2351.8
3522.3 3886.1
3818.8 3873.1
3426.1   4171
3932.9 574.62
3401.5 4149.5
1231.9 1877.8
2851.6 4298.7
3221.1 3706.8
3675.9 3779.5
  4008 890.19
3143.5   3855
4217.1 1002.1
3456.4 4149.3
2544.1 3737.6
1082.6 2044.8
3676.1 3856.1
1191.1 2003.3
3329.6 3856.4
3917.8 3868.3
2748.3 4071.2
2544.1 3737.6
1275.6 1797.1
849.94 2697.3
2544.1 3737.6
3358.5   4497
5475.1 227.89
3653.8 4383.4
3333.3 3690.7
856.57 2356.6
2747.6 3801.7
6439.8 1978.3
2765.3 4026.5
3427.9 4168.3
3755.5 3828.9
3697.3 3914.2
2747.6 3800.4
2928.3 3718.3
2021.9 4081.3
6524.1 2211.6
3180.6 3784.7
2738.9 3841.5
  2924 3785.9
3011.5 3845.8
2738.9 3841.5
2918.8 4484.8
3764.6 4264.4
2775.1 4024.7
3670.4 4548.7
6487.3 2552.2
3151.4 3869.6
2021.9 4081.3
 957.1 2039.5
836.34 2580.4
2515.3 3746.6
3016.1 3976.3
3011.4 3845.3
3677.6 3957.3
3645.5 4174.8
6528.1 2488.7
3810.9 4564.4
2268.9 1237.6
3679.3 3732.1
  2907 4105.6
3159.4 3686.3
1231.9 1877.8
6556.4 2474.5
3645.5 4174.8
3392.7 3774.7
3515.1 418.69
3764.8 4016.1
3401.5 4149.5
3371.1   4254
3398.8 3750.1
2186.5 3994.3
2372.1 641.17
3747.9 3731.8
1752.9 3807.3
2675.4 4173.6
5789.2 3206.2
1274.8 1922.5
3755.8 3854.5
1942.1 3529.3
3011.4 3845.3
  3339 4529.9
4039.4 4101.1
2532.5 3740.3
6551.4 2476.9
5789.2 3206.2
834.34 2414.9
2966.6 3570.3
3783.7   4101
3673.3 4546.1
2352.5 3931.7
6516.3 2535.3
854.96 2599.6
3679.3 3732.1
3413.9 4176.3
856.62 2663.6
2456 3879
3364.3 4595.2
1752.9 3807.3
3392.7 3774.7
2919.8 3862.9
  3673 3894.2
3687.8 3908.3
2747 4036
 979.2 2029.7
2457.1   3879
  1198 1969.2
3413.9 4176.3
4266.9   3709
  2890 4512.9
2597.8 3601.4
3350.3 4475.6
870.44 2618.9
1140.7   1973
2930.2 4107.6
6502.3   2221
3438.5 3676.1
3011.9 1053.6
3802.4   4387
  3807 4550.2
4134 3973
3321.5   3963
1082.2   2053
  2889 3797.4
1110.9   2074
1294.9 1743.9
1243.2 1913.1
2300.5   2569
  6443 2204.2
3770.6 4022.1
6429.3 1980.3
6536.5 2488.3
4002.3 4098.8
3747.9 3731.8
2597.8 3601.4
  2907 4105.6
3353.3 4477.3
6561.1 2327.6
  6495 2542.1
3768.1 3976.1
3763.5 3707.5
6489.9   2257
3674.9 3960.8
847.98 2387.1
3123.7 3695.4
3467.4 3704.9
3380.6 3785.4
  2907 4105.6
6589.4 2372.7
2911.4 4459.7
3148.8 3669.1
3615.2 3575.3
3676.1 3710.9
3769.7 3991.1
2966.6 3570.3
2941.7 1029.2
2429.6 812.04
  3636 4608.8
2837.9   4222
2997.1 4207.3
2135.9 3375.9
  3998 3945.6
3675.2   3711
1752.9 3807.3
5687.3 2994.2
3380.6 3785.4
4266.9   3709
3772.1 3724.5
3221.1 3706.8
3122.4 3698.9
905.62   2317
3763.5 3707.5
3059.5 4085.5
  3266 4151.5
6039.7 1793.5
6359.4 1980.5
6359.4 1980.5
2933.3 1034.3
3386.2   3761
3123.7 3695.4
2751.2 4068.8
3188.1 4591.9
2679.5 3697.2
3669.9 3691.1
3822.7 3703.7
2945.3 4192.3
3108.2 3763.6
2791.3 4439.3
3828.4 4625.6
837.91 2662.8
6571.1 2499.6
4416.3 453.51
3765.2 3976.6
  3266 4151.5
  4054 370.94
3675.7 3928.8
3687.8 221.92
2822.2 4364.5
3108.2 3763.6
3046.8 4115.3
  2889 3797.4
3025.7 3836.6
2915.9 4470.7
2925.7 4101.9
3822.7 3703.7
3438.9 3957.3
1240.9 1965.9
6580.1 2368.6
3615.2 3575.3
6079.6 1770.3
2510.8 3914.4
3664.3 3908.1
3075.3 4044.9
2776.9 4462.2
2911.4 4459.7
2747 4036
3011.9 1053.6
2822.2 4364.5
2612.3 4032.8
3759.6 3743.1
2246.7 4255.7
  3406 3727.9
2661.2 3627.8
2911.4 4459.7
3368.4 3870.1
2966.2 3537.2
3375.7 3849.5
2930.2 4107.6
2930.2 4107.6
2266.2 4189.3
3400.6 3697.1
3837.6 277.51
2790.3 3529.9
6535.2 2191.1
2453.4 3974.8
3144.6 3679.3
3715.3 4271.8
2905.1 4541.1
3734.8 3651.9
3088.4 3824.9
3082.3 4105.7
3807.6 991.96
2716.4 4192.7
6481.4   2211
2970.3 4209.7
2969.5 3672.9
2658.4 3731.4
3144.6 3679.3
  2890 4512.9
1114.5   2111
2612.3 4032.8
2941.7 1029.2
3480.5 3711.9
6560.6 2471.5
2897.1 3669.1
3302.5 3909.4
837.72 2414.4
912.26 2309.3
2765.5 4045.4
3228.3 3675.4
2663.1   4021
3027.4 3948.7
  3088 4082.5
855.35 2375.8
3758.2 3741.8
3273.1 4129.5
3557.3 3711.6
3430.6 4136.7
2996.3 3573.3
3871.6 3701.6
3431.1   3985
6632.3   2484
3438.5 3676.1
3557.3 3711.6
2852.9 3742.3
2447.9 3966.9
3389.6 4147.2
3926 3913
3231.3   3687
5895.1 3152.8
2966.6 3570.3
3023.5   3972
3778.2   3946
6352.1 1991.3
3436.8   3956
2925.7 4101.9
3049.5   2573
3809.1 1040.3
6508.3 2308.1
3662.3 4310.4
3655.8 4153.8
3241.6 4270.8
3765.7 3816.2
3724.7 3798.8
3011.9 1053.6
2256.7 3859.3
6552.6 2434.1
1266.9 1926.6
 844.1 2655.9
2454.4 3991.3
2930.2 4107.6
2641.2 4024.1
2467.4   3941
2807.5 3837.4
837.72 2414.4
2930.2 4107.6
2767.3 4489.4
3751.7 3735.1
2851.6 4298.7
1311.7 1708.3
3435.9 3953.6
2415.3   3939
2930.2 4107.6
2997.9 4051.1
2779.3 4484.5
837.78 2608.7
3061.8 3862.2
3923.9 3716.7
3929.3 3701.3
2970.3 4209.7
3392.7 3739.2
3597.1   3912
3394.9 3737.6
2757.7 4066.3
3153.8 3776.3
3759.1 3955.6
2767.3 4489.4
3450.3 4179.9
3795.5 4306.6
4107.5 359.65
3660.4 4103.1
3788.4 3832.8
4010.7   4053
3772.1 3724.5
3713.4 3745.1
2818.4 4388.2
3788.1 4310.2
6570.9 2504.6
2892.3 3683.1
3470.2 3652.6
3031.1 3946.8
3730.7 3653.1
2882.6 2252.9
3792.1 4486.4
5333.3 3125.5
6558.1   2393
6090.8   3127
3017.1 3916.2
3730.7 3653.1
2663.1   4021
2877.8 3702.9
2771.4   4009
6632.3   2484
2160.6 4265.3
3989.5 3917.1
836.47 2650.4
4038.8 4109.5
3665.7   3817
2970.3 4209.7
3871.6 3701.6
2865.1 3804.3
2597.2   3805
2174.2 3388.1
3763.5 3707.5
3350.7 3951.2
3923.9 3716.7
2780.8   4484
2781.8 4084.8
3056.2 4103.3
2537.5 4277.3
3012.9   4044
3751.7 3735.1
3668.5 3648.2
3648.8 3979.6
2726.4 3651.8
1146.6   2028
3398.6 4312.3
2716.4 4192.7
4783.9 3565.7
6554.3 2494.2
 747.5 2787.9
2837.9 3887.7
3198.9 372.05
3611.2 4306.7
3199.2   3662
3146.3 3667.7
2762.7 4527.6
