7644.48 1595.72
7592.26  3974.5
4294.14 3470.07
4561.81 3823.74
-9594.05  5200.44
-562.286  5468.46
4392.94 4207.79
-11755.2  5510.11
9444.17  3230.5
-7922.91  5314.75
-9594.05  5200.44
10406.4  4992.8
-5531.82  4265.65
5594.07 4260.88
13721.5 4959.62
4194.34 4199.54
6261.82 8205.37
12052.4  3251.1
5021.98 4262.87
5599.02 4273.57
-3065.23  6936.44
  13575 4744.25
-841.874  5265.71
-7124.35  5338.71
4194.34 4199.54
517.591 4763.02
4180.59 4181.59
6635.29 3673.29
4431.12  3552.2
16998.9 1777.64
10996.4 4932.07
6635.29 3673.29
4189.69 4224.68
-5806.89  7329.46
4431.12  3552.2
17047.4 1757.43
16719.2 1660.05
-829.744  5232.82
-5806.89  7329.46
9634.54 3301.34
4811.26 3566.15
6791.96 1612.84
4189.69 4224.68
-829.744  5232.82
6791.96 1612.84
19418.5  1477.9
12547.7 3483.32
-10414.7  4499.63
6811.33 3849.12
9805.37 3796.02
  12312 3224.52
5101.69 3590.01
5714.95 3639.32
-829.744  5232.82
10846.9 4886.42
 5739.3 5023.29
-7724.66  4578.49
4431.12  3552.2
-7385.59  4230.78
4873.04 5003.05
4885.23 5019.68
18024.9    1819
4431.12  3552.2
5391.18 4256.83
-829.744  5232.82
-5764.09  7848.48
4908.41 3569.45
4740.34 3495.52
-8775.18  5202.66
6759.19 3896.87
5725.57 3643.19
11713.9 5154.44
50.0466 5782.36
4320.65  3548.7
-8775.18  5202.66
5926.62 5019.05
5900.07 5315.89
4180.59 4181.59
5092.96 5005.48
-13349.6  4972.74
4519.77 3556.73
4519.77 3556.73
5092.96 5005.48
5101.69 3590.01
4393.79 4191.57
15960.2 6289.26
10840.5 5182.85
5649.16 4866.99
12067.1 3283.47
4708.42 3568.04
-5138.24  4572.57
6759.19 3896.87
-829.744  5232.82
5714.95 3639.32
8880.62 5210.36
11978.6 5022.75
-8105.61   3830.5
11978.6 5022.75
6791.96 1612.84
4180.59 4181.59
4366.77 4198.71
  13169 3458.44
13670.5 3351.52
-10017.1  5644.89
15285.3  6460.3
-21303.4  10356.4
9171.98 3272.72
11348.4 4218.65
5926.62 5019.05
4982.09 3816.36
-12638.6  5133.45
5644.26 3636.96
4741.53  4890.4
-3594.13  3992.31
12067.1 3283.47
8899.24 3208.88
-2230.95  6137.67
6791.96 1612.84
9338.45 3293.11
14223.8 4828.61
-8772.15  5309.29
4801.69 4194.56
5555.84 3632.74
10796.8 3265.29
4016.52 3454.73
-3259.2 3773.99
4606.48  3661.3
12800.8 4909.15
10998.2 3555.02
15787.9 4037.74
5926.62 5019.05
2398.08 3887.57
10796.8 3265.29
10796.8 3265.29
4982.09 3816.36
13743.2 4689.06
-2053.51  11940.1
4276.34 4101.37
5926.62 5019.05
-615.265  5045.97
-2053.51  11940.1
-935.818   5268.2
-3801.45  4556.13
-11258.3   5210.5
5127.86 3829.35
50.0466 5782.36
-13349.6  4972.74
4606.48  3661.3
-9120.4 7043.66
15391.2 3891.05
5127.86 3829.35
15391.2 3891.05
12094.4 4207.54
-8224.95   5019.8
14396.3  6587.3
12771.4 3431.03
4700.72 3666.03
4669.58 3804.83
6374.38 3778.26
6675.66 3931.45
1248.23 3725.52
-808.027  5189.06
4669.48 3801.46
5644.26 3636.96
5550.29 4219.76
6695.74 1606.84
2352.05 3703.31
-1609.36 -230.233
12346.9 3994.97
4933.68 4182.44
6520.13 5026.32
9171.98 3272.72
6684.23 1618.06
8285.28 3554.26
12346.9 3994.97
8727.56 3473.53
6374.38 3778.26
-808.027  5189.06
10885.5 3470.49
-11802.9  5237.51
-2126.33  5862.08
11548.6  3472.9
18183.3 1981.81
-13228.9  5454.18
5821.92 3756.85
12060.6 3716.11
12094.4 4207.54
4375.18 4154.58
5515.29 4231.01
6374.38 3778.26
-9177.74  5268.11
-8966.57  5273.83
16511.4 3447.33
20808.2 1821.49
12198.4 3565.05
  10061 3406.65
9300.57 2435.73
14332.4 1803.58
4669.58 3804.83
 4176.4 4155.94
3768.24 4160.65
-808.027  5189.06
6374.38 3778.26
9834.69 3350.08
14195.7 3381.88
 7543.1 3675.52
-5203.11  5032.65
11754.8 5092.09
20808.2 1821.49
-10017.1  5644.89
-7994.12  5376.71
-10017.1  5644.89
-10017.1  5644.89
-2633.5  3960.5
3470.59 3632.78
11754.8 5092.09
6732.23 1638.24
4374.13 4144.87
-1803.82  5691.76
-15292.2  8430.14
-8881.04  5422.12
3768.24 4160.65
14193.7 3822.42
-1803.82  5691.76
-10322.1  5177.65
-2126.33  5862.08
5641.83 3750.42
-2126.33  5862.08
6374.38 3778.26
-8806.82  5361.92
1312.48  3560.2
3470.59 3632.78
2513.33 3442.62
15578.2  6142.9
-5962.1 5030.97
10161.3 3418.14
18657.2 4437.73
14433.2 6603.24
-1882.21  3946.85
-808.027  5189.06
13837.4 3443.08
13913.3 3566.92
4074.45 3778.03
7129.51 3941.72
3665.34 3629.78
-8961.27     5011
18097.9 4342.37
4681.99  3655.2
14433.2 6603.24
12229.4 3452.78
11773.6 3468.23
-1185.41  3969.93
-9376.63  4954.21
11202.2 5192.56
7129.51 3941.72
11773.6 3468.23
7129.51 3941.72
-10017.1  5644.89
-3513.05  4009.04
8711.34 3475.86
 7543.1 3675.52
9101.97 3336.58
13837.4 3443.08
13690.6  6825.3
-3844.01  4011.68
10272.6 3476.11
10483.6 3531.81
9101.97 3336.58
27935.8 3509.09
-9549.94  4981.74
9101.97 3336.58
-3336.39  8694.07
978.079 3867.57
-31127.5  3147.17
-701.54 5148.89
14433.2 6603.24
5805.43 3760.58
10161.1  3275.3
5667.76 3934.99
5715.42 3757.24
12560.6 3569.52
5805.43 3760.58
4374.13 4144.87
-9549.94  4981.74
11463.9 5108.22
1201.31 8529.52
13280.1 3540.49
-2126.33  5862.08
-935.818   5268.2
 -24549 3241.48
5626.11 3754.75
10483.6 3531.81
-7319.26   4994.1
-672.869  5132.77
-3259.2 3773.99
-2222.33  6094.89
437.747 4421.75
5726.34 3748.05
9048.39 2524.45
-3513.05  4009.04
5900.07 5315.89
-31127.5  3147.17
2032.83 3674.19
-10986.8   5455.3
20355.1 4707.88
10223.8 3412.54
-24866.9  2942.09
12234.6 3761.42
6836.88 3925.09
 5636.7 3745.91
-9301.05  4943.13
-10638.3  4946.12
14679.4 3408.57
 -26673 3578.38
-23175.5  2924.45
11373.8 3313.95
-13172.7  5166.83
-10089.3  7318.91
-10089.3  7318.91
4628.27 4790.14
-7319.26   4994.1
8065.23 3949.96
6374.38 3778.26
4349.59 3473.38
12966.8 3863.49
-16869.9  7190.45
-15915.7  5402.22
5985.87 1380.29
4366.95 4132.05
11592.5 3313.67
-24360.5  6303.04
8702.28 3478.96
-10276.7  5394.53
-6231.64  4928.38
-18688.5  2813.95
2779.87 1539.42
16113.1 1826.75
-1600.42  3878.09
12077.6 4155.59
 4531.7 3795.08
9152.21 3365.57
5198.72 1662.98
5985.87 1380.29
5198.72 1662.98
11036.9 3537.22
7976.85  3686.3
13732.6 3406.38
5936.14 4059.93
-1893.01  5971.79
1749.85 3465.95
-9286.41  5347.91
-22332.8  7099.16
-745.974  5519.07
-650.131  3724.89
12966.8 3863.49
-25143.7  6959.03
-5673.57  4506.64
-18547.3  9364.32
21720.4 2813.19
21720.4 2813.19
11373.8 3313.95
4688.99 1709.76
-15915.7  5402.22
-15915.7  5402.22
16094.8 1831.23
-1803.82  5691.76
7880.89 4115.37
613.377 4419.89
-232.715  610.847
14348.1 1763.03
2214.84 3913.94
 6650.7 1249.21
-3408.58  3934.46
-650.131  3724.89
-2267.5 5789.79
13732.6 3406.38
9094.15 2531.99
12478.2 3349.27
632.216 4413.05
7134.43 3781.85
-11154.8     5119
13802.9 3394.78
-6023.79  4030.25
-14029.8  6925.21
-10507.8  4775.74
5768.53 1303.16
6941.38 3781.03
-16497.5  4970.03
-780.845  5119.81
6248.01 1614.74
6106.26 1184.11
-9286.41  5347.91
14545.7 6414.28
12955.2 3951.72
12487.6 3448.31
16885.8 3405.76
632.216 4413.05
19303.4 2678.18
-3364.41  3907.89
6633.54 1642.41
6093.33 1270.69
-7304.25  5158.57
6193.38 1458.88
11877.4 4078.93
12093.3 3505.13
13256.1 1177.23
6539.12  1355.5
-1803.82  5691.76
 -27555 3046.37
-805.336  5189.64
5726.34 3748.05
13575.6 3944.95
12161.9 4055.35
11877.4 4078.93
16465.3  3422.1
-10465.3  5381.67
7022.56 1343.22
7934.25 5266.87
1749.85 3465.95
16369.3 4461.84
15402.8  4237.1
-333.111  9475.02
-2379.62  5823.39
-5273.69  3947.94
  15019 4203.38
5906.61 1328.08
8550.85 3614.47
-5901.8 8093.83
-333.111  9475.02
-2348.54  3893.25
11164.5 3448.44
6469.63 903.913
-13325.7   7902.1
-18688.5  2813.95
 -12958 6951.58
17791.5 5659.69
-5950.49  3762.91
15402.8  4237.1
6469.63 903.913
17467.3 4747.57
-426.616  547.729
15538.9 3349.66
5667.76 3934.99
-1803.82  5691.76
5118.25 1551.34
-786.979  5255.09
4170.31 4144.45
8550.85 3614.47
1361.84 3659.89
  -5353 4013.26
6194.61 1462.52
17971.4  4713.5
-22521.6  9112.21
-5517.2 3758.83
-8453.05   5668.1
-27294.2  2881.93
-13205.7  5394.43
-805.336  5189.64
11978.6 5022.75
-813.04 5029.74
7346.07 3716.34
2269.93 1243.25
5985.87 1380.29
-786.979  5255.09
-14149.9  4774.37
-8170.49   5163.6
5745.93 1321.75
-5901.8 8093.83
-1563.54   5615.5
-2554.65  5994.49
-8170.49   5163.6
-7931.35  4839.85
13063.2 3267.19
6193.38 1458.88
19471.6 1743.15
5768.53 1303.16
 6552.3 1361.32
-14160.3  8209.13
-9923.96     5109
13063.2 3267.19
12077.6 4155.59
5954.93 1394.75
-6834.42  5520.54
7217.42 968.522
11901.8 3589.16
-27599.9  4886.25
-15719.4   6959.9
-1361.97  3873.85
6934.81 1062.37
582.275 4409.93
10223.8 3412.54
-2026.72  5782.05
-9389.13   5485.3
6712.85 1280.25
4226.16 4164.25
5192.34 4602.24
6284.97 1089.68
5098.92 1559.69
 6552.3 1361.32
11773.6 3468.23
7025.85 951.829
6710.55 864.878
7210.11 932.418
11885.1 3593.71
-7663.31  4947.91
23564.6 1905.06
5895.65 1202.86
4439.69 3545.96
5289.38 4168.92
6632.57 888.975
15766.4 763.545
-10396.3  5116.17
8892.38  2517.8
16576.9 1185.35
582.275 4409.93
7217.42 968.522
6572.93 3819.95
5098.92 1559.69
-17284.3  3969.64
6808.04 3934.86
-11047.3  8533.43
4501.94 3546.03
5057.57  1510.8
1277.42 3731.58
-11047.3  8533.43
-7826.1 5556.58
1140.35 -100.95
444.736 4390.91
632.216 4413.05
5985.87 1380.29
10483.2 3438.76
 -14308 5108.16
5067.47 3574.02
5474.91 4140.35
-5163.08   4600.7
18224.3  4789.5
7346.07 3716.34
5140.86 1533.55
18224.3  4789.5
589.153 4429.39
-18666.4   6803.5
12071.1 4091.61
7073.91 842.419
7472.82 485.148
-11473.1  4384.77
11592.5 3313.67
5895.65 1202.86
11870.2 3579.57
-10924.1  5421.01
15766.4 763.545
16066.6 3363.62
7471.72 598.769
-9517.31  5285.77
11897.9 4016.89
-3661.06  3904.06
6284.97 1089.68
-721.881  5698.11
-83.5422  8956.96
 10195 3674.2
   5984 1242.86
-19884.3  6758.44
19298.4  1812.1
 599.96 4425.44
-14149.9  4774.37
5768.53 1303.16
366.959 5673.68
5198.72 1662.98
-8394.82  4979.74
-9426.93  4807.96
828.593 4376.72
3800.36 4163.33
10219.1 3642.18
5201.76 1642.86
21057.2 3075.78
7073.91 842.419
-9703.21  4895.28
6940.01 1045.23
6225.21 1101.46
16576.9 1185.35
-22986.6  6657.83
-17745.1  5258.15
6117.26 1175.27
11425.6 3240.59
11712.7 4048.98
5521.44 1539.14
-459.897  4404.97
37.3313 4510.35
5087.43 1667.26
5750.06 1389.24
613.377 4419.89
7880.89 4115.37
6830.03 891.125
6226.39 1603.88
7346.07 3716.34
-13466.8  4568.03
6303.95 1404.33
 1579.99 -334.703
15433.6 4206.18
6874.13 3675.76
6426.82 3782.26
-2456.25  3893.97
828.593 4376.72
-9245.24  4702.84
7346.07 3716.34
18556.6 3178.88
-3712.58  4125.61
 12002.8 -1272.97
6632.57 888.975
5812.32 1400.48
16562.6 4164.48
5739.12 1529.15
6093.33 1270.69
25260.7 235.684
1829.45 3862.29
11773.6 3468.23
-23808.5  7539.34
7472.82 485.148
-16037.1  5490.26
-3852.14  4918.65
14727.8 6773.87
4968.38  1555.7
 9884.9 431.425
5703.85 3642.99
  24273 3057.03
-4256.72  3762.33
15538.9 3349.66
-12639.8  3949.44
5831.22 1624.69
5065.18 1551.06
4968.85 4211.25
11730.2 3993.64
6201.61 1275.97
   4112 3490.96
 3802.3 4161.03
9565.68 3257.66
4501.94 3546.03
4439.69 3545.96
-9152.52  4999.08
-19630.9  6719.83
5895.65 1202.86
4439.69 3545.96
5067.47 3574.02
5703.85 3642.99
5065.18 1551.06
5067.47 3574.02
5865.37 1311.49
12000.6 3436.92
11618.3 3274.38
-22906.4  8353.84
-21283 6668.5
4439.69 3545.96
-10349.2  4359.04
5280.51 1539.68
5502.86 1681.98
-6379.21  4153.27
-16323 6841.3
5547.04 3762.36
2824.27 3477.25
5547.04 3762.36
513.803  4412.4
11435.3  3555.6
6520.76 856.626
6714.29 850.372
6093.97 1170.83
-12896.3  5954.03
6596.45 961.977
  10221 3603.72
21357.6 2465.42
18656.6 3332.09
5831.22 1624.69
5996.82 1627.28
4439.69 3545.96
12196.6 3996.38
 7191.4 878.395
 8306.42 -92.5668
-39.1894  682.461
-786.979  5255.09
-4146.53  3907.77
4091.84 3675.75
5816.79 1632.21
12122.5 3985.27
5717.9 1335.1
6714.29 850.372
6225.21 1101.46
-2492.73  6099.82
1928.76  1482.2
7441.48 1614.25
-6092.38  4734.56
 9277.35 -175.627
5456.31 1470.61
4439.69 3545.96
6632.57 888.975
5779.78 3680.65
194.961 4864.14
6626.68 920.017
7346.07 3716.34
21357.6 2465.42
6225.21 1101.46
5140.86 1533.55
-10631.8  5606.68
4886.16 3567.14
6063.02 1271.46
-23975.9  4718.35
2712.49 1488.65
5384.64 1545.63
-7472.31   4196.9
5474.91 4140.35
5023.2 1549.3
6584.69 923.529
6093.33 1270.69
 13249.6 -1578.49
-24360.5  6303.04
5143.46 1541.26
  8246.35 -0.336582
4439.69 3545.96
6086.93 1552.69
14578.9 3439.58
 8270.11 -64.5049
18598.3  1089.2
6199.54 1356.26
5812.32 1400.48
-10636.8   4398.4
4579.86  3897.9
18046.5 1536.41
-2456.25  3893.97
7441.48 1614.25
5687.26 1459.76
5067.47 3574.02
-5556.32  3719.97
-20302.2  6469.09
6554.76 1219.29
 4167.7 4137.43
5577.52 1512.69
-15785.5  3657.85
1204.68 2719.43
8825.58  3483.2
-14003.8  5765.76
-3276.67  8867.92
7936.68 157.682
5073.57 1656.72
6539.12  1355.5
5943.24 1292.39
  10157 3651.84
7065.35 681.147
-7472.31   4196.9
5703.85 3642.99
22193.3 3167.64
9361.64  -65.97
4323.72 5024.87
6610.49 885.054
5181.94 1508.82
4501.94 3546.03
7055.51 609.158
29537.6 5598.97
11316.1 3959.64
5373.37 4263.42
 5038.7 1538.23
4776.55 3680.29
5869.66  3763.6
-25038.3  6233.93
6913.7 856.16
5547.04 3762.36
4089.62 3673.74
5862.76  1252.7
-11627.1  4371.39
-1386.38  5497.02
6492.79 1261.81
6520.76 856.626
-11627.1  4371.39
24909.2 1342.98
2712.49 1488.65
 13901.3 -2806.18
6632.32 1598.35
5181.94 1508.82
7936.68 157.682
5943.24 1292.39
-5033.69  8798.63
-9689.58  5605.01
6231.16 1249.49
6019.5 1328.6
-2492.73  6099.82
11146.4 3321.18
 13249.6 -1578.49
5198.72 1662.98
5029.88 1528.12
-5932.75  4121.07
-3184.79  4134.81
11990.2 3782.34
4776.55 3680.29
-3657.62  4076.01
-18895.3  4539.81
4501.94 3546.03
-1932.82  6073.43
-10636.8   4398.4
3624.17 3518.38
7075.22 855.442
 5692.8 1484.49
7208.88 547.167
10612.3 5102.92
1112.47 2681.63
6177.22 1305.76
7210.11 932.418
6019.5 1328.6
5547.04 3762.36
17482.4 1290.71
5924.29 4885.36
5895.65 1202.86
-4345.57  4204.35
-7416.8 6427.92
-19434.6  6336.55
 12933.7 -1132.84
7249.74 4062.76
4501.94 3546.03
-13102.6  3873.08
8024.27  96.246
-2492.73  6099.82
 12278.5 -1142.16
7342.56 896.952
22695.8 2977.13
 14249.2 -2002.25
8024.27  96.246
 5692.8 1484.49
18046.5 1536.41
5067.47 3574.02
16892.8  4464.3
5687.26 1459.76
4897.64 4080.28
-3188.55  3900.89
5547.04 3762.36
4439.69 3545.96
6303.95 1404.33
6064.64 1322.63
 5074.2 1657.79
5181.94 1508.82
6345.89 973.317
10424.9 3711.48
5923.23 1473.52
6019.5 1328.6
4506.61 2459.77
5361.06 1529.56
8504.87   104.8
7932.38 164.301
-9570.37  4168.04
-2013.98  1596.74
5895.65 1202.86
6874.13 3675.76
6295.02 1314.21
6167.35 1497.67
-2880.19  4080.27
-11196.9  4400.62
-5932.75  4121.07
16892.8  4464.3
6974.83 1048.94
6243.56 1426.73
5386.84 1518.95
-22030.5  6364.71
8668.06 3331.72
6539.12  1355.5
-7021.31  4087.62
-9946.93   4982.7
31.5734  4580.3
-6445.95  5101.15
-2492.73  6099.82
-7804.75  4441.98
-10101.7  4169.04
11730.2 3993.64
7247.95 592.415
8504.87   104.8
11864.4 3768.07
6632.32 1598.35
4776.55 3680.29
 5847.5 1274.81
5604.34 3753.58
 5038.7 1538.23
5058.72 1596.89
10424.9 3711.48
6025.34 1378.13
7208.88 547.167
7932.25  165.55
11711.5 4106.04
6111.44 1122.49
-9689.58  5605.01
   11681 -1271.49
 6116.8 1549.14
5469.95 1576.82
-5850.42  4135.93
6539.12  1355.5
6186.32 1124.85
7418.15 567.608
7270.06 891.037
6044.97 1190.18
6872.16 721.251
-13362.7   4152.9
-688.815  5414.77
-3084.17  3823.06
6226.39 1603.88
   13905 -1804.72
10432.5 3746.27
6104.66 1308.81
8775.56 4.79737
4355.52 4091.65
7179.98 557.356
-2194.14  4193.49
  -6787 4185.74
4780.99  1659.1
6946.45 879.555
-8640.04  4906.01
1811.93 5085.71
7342.56 896.952
 9027.2 363.491
5943.24 1292.39
  20648 15476.5
5495.69 1645.61
 7335.3 687.911
1779.92 3838.65
7073.91 842.419
5421.74 1648.33
3525.79 4231.26
7342.56 896.952
7247.95 592.415
6607.96 3674.06
6539.12  1355.5
 9027.2 363.491
7418.15 567.608
6539.12  1355.5
16719.5 3254.81
 5219.3 1528.97
1811.93 5085.71
6065.89 1424.68
7932.25  165.55
8668.06 3331.72
1811.93 5085.71
7208.88 547.167
7208.88 547.167
594.012 4234.46
-725.071  3695.92
9174.27 -183.61
-8640.04  4906.01
-1684.74  4501.66
7418.15 567.608
 9027.2 363.491
126900   3344
 5038.7 1538.23
-7673.14  4962.29
-8640.04  4906.01
5184.53 1500.55
4683.76 3462.76
 5038.7 1538.23
6001.72 1329.23
6539.12  1355.5
7065.35 681.147
-13401.9  4606.99
-7536.06  4204.42
7008.79 1209.46
6610.49 885.054
7208.88 547.167
 115351 2016.32
-9570.37  4168.04
11976.6 3318.85
 5219.3 1528.97
 5847.5 1274.81
5703.85 3642.99
6539.12  1355.5
-4140.54  3968.51
7270.06 891.037
-3972.42     1119
6345.41 1175.83
4091.84 3675.75
6539.12  1355.5
-25939.2   4852.3
