2657.14 2078.78
5069.14 2163.76
5007.94 2202.05
2398.42 2330.78
4696.37  1854.1
2252.08 2556.21
 2574.6 1948.38
2251.19 2558.25
2610.48 1920.84
3058.49 2789.78
4696.91 1859.18
3998.54 1941.35
2393.43 2291.51
2817.07  2036.1
2660.24 2109.61
2385.13 2339.38
 2488.9 1980.63
 5055.9 2149.43
2358.55 1974.15
2572.88 2056.57
2364.94 2308.24
2342.44  2334.4
2439.27 1872.11
5206.57 2466.79
   4932 2186.84
2397.27  2324.8
2634.01 2265.85
4769.51 1811.78
2592.17 2254.17
5173.04 2493.93
4924.42 2213.41
 2494.8 2233.11
2309.12 2249.78
2467.96 2304.52
4705.35 1860.15
2313.32  2268.6
5167.89 2505.39
2460.74  2129.3
5047.72 2157.42
2379.41 2306.88
3349.48 1881.96
2960.49 2037.29
3076.88 2793.46
2442.24 2175.01
2611.67 2255.96
3076.57 2792.65
2655.54 2193.26
2443.74 2271.67
2237.58 2525.81
 5114.1 2193.66
5171.97 2470.02
3479.75 1760.18
2811.16 2052.85
2198.51 2536.88
2550.09 2246.13
2390.18 2484.76
2308.26 2569.61
2564.24 2252.38
2324.45 2336.18
2530.31  1952.7
3064.91 2782.24
4756.59 1849.59
5208.45 2484.72
2348.73  2256.7
 5092.2 2189.07
2949.73 2009.32
2450.53 1885.28
2257.05 2238.63
5252.22 2497.82
2343.54 2300.59
2709.92 2059.51
3064.75 2780.77
2264.91  2242.8
4929.49 2181.91
2658.03  2191.5
 2338.1 2321.92
5220.33 2435.69
2147.53 2408.38
2620.02 2235.07
5220.31 2407.64
2871.01 2032.35
2511.33 2286.36
2977.14 2000.23
5082.12 2194.74
5200.91 2397.38
5083.76 2569.33
2527.17 2224.99
4769.62 1816.37
2950.25  2010.4
 2541.5 2248.04
5202.14 2412.09
2441.26 2218.44
2820.93 2016.09
2973.55 2003.75
2311.72 2338.05
5208.08 2382.92
5197.81 2411.47
2655.52 2085.25
 2412.3 2214.22
2425.23 2310.13
2658.89 2191.59
5077.37 2157.38
5172.17  2414.6
2268.01 2555.63
2461.33 2139.62
2611.97 2229.11
2726.53 1867.22
3021.23 2871.03
2688.04 2125.92
5179.55 2202.11
4995.71 2163.47
2185.2 2449.4
2437.79 2304.94
2268.04 2555.22
5222.23 2426.92
2308.82    2575
2341.42 2325.95
2400.02 2471.22
 2391.9 2318.63
2721.59 2088.77
3480.84 1767.14
2338.06 2328.73
3207.85  2813.3
2842.55 2883.12
5062.27 2144.61
2417.07 2198.33
2262.15 2360.72
2218.45 2457.77
4348.76    3223
3083.09 2784.65
5026.04 2123.76
2466.69 2147.99
2417.69 2275.61
4697.44 1865.42
2388.87 2214.01
2270.11 2354.92
 2318.4 2184.14
2335.63 2203.28
2927.65  2868.4
2300.99 2164.77
2964.86 1954.74
5009.36 2230.72
2286.44 2178.63
5209.19 2416.25
4913.08  2695.5
2445.58 1904.65
 3033.3 2895.59
2855.56 2808.78
2216.88 2550.11
3030.77 2900.26
 2652.9 3197.94
2655.22 3197.01
2947.21 2854.83
2359.78 2341.84
5213.97 2443.03
2861.27  2832.4
5210.53 2329.51
4741.19 1846.98
2812.59 2896.99
5145.43 2506.22
3537.14 1753.22
2730.26 1853.84
2434.29 2277.12
2882.62 2971.64
   2445 2247.71
5036.79 2154.61
2172.39 2523.25
2405.27 2472.83
2853.95 2028.45
3120.25 2841.52
2824.31 2012.21
3218.07 2872.14
2524.57 2246.85
2275.35 2645.83
5222.11 2418.26
 3109.9 2848.82
2458.25 2150.89
2276.14  2359.4
2855.73 3016.86
2550.67 2185.32
 2216.2 2543.39
5051.16 2164.69
2194.21 2424.12
2764.16 2884.38
2279.23 2642.96
3034.22 2936.69
2429.89 2321.47
2472.83 2149.31
5214.69    2462
5195.24  2473.4
2902.66 2847.04
2679.94 2032.13
2795.19 2933.19
5131.25 2523.61
3218.89  2818.1
2888.14 2830.71
2875.25 2030.75
4938.36 2168.64
5136.09 2212.21
2294.09 2244.01
2894.59  2873.7
2496.77 1795.27
2167.78 2434.16
2289.97 2356.27
5132.75 2317.78
3022.67 2799.33
2869.6 2866.3
2567.48 2274.17
3131.67 2846.67
3003.07 2891.56
2413.24 2290.88
 2420.1 2318.56
   3008 2827.53
2884.26 2975.56
2845.99 2887.78
 2891.7 2949.73
2920.56 1949.75
 5225.3 2467.25
5230.42 2466.46
2750.91 3094.37
4691.67 1852.22
 3038.8 2892.97
2950.41 2934.17
2884.89 2757.39
2546.98 2979.91
2966.22 2839.57
 2719.9 2905.09
2892.11 2961.91
2188.16 2478.94
5078.66 2144.81
   3029 2905.16
5197.81 2325.57
2899.87 2963.57
3108.05 2845.85
 2624.9 3007.89
2627.28 3017.87
 2242.7 2630.76
2864.19 2840.41
2889.21 2838.99
4889.44 2175.08
2810.37 2860.07
2988.46 2828.42
5122.66 2547.13
5132.63 2314.91
5142.12 2545.94
2184.61 2419.62
2537.46 2957.31
5237.41 2464.38
2725.82 2962.74
 2157.6 2234.81
2492.03 2156.47
 2732.4 2915.37
2772.46 2837.53
2922.93    2988
2166.98 2566.09
3089.24 2802.35
3099.93  2855.1
2772.47 3064.74
2923.18 2877.09
2867.25 2871.75
2634.21 2988.14
 2450.3 2298.66
2429.42 3028.46
3079.37 2848.06
4914.16 2152.96
4935.59  2174.9
5175.16  2312.4
2709.88 2905.58
3020.41 2795.18
2872.58 2858.25
2910.5 2956.4
4956.87 2173.21
2453.42 3019.49
5136.86 2326.47
2452.24 3013.66
2178.25 2436.58
2641.87 3003.82
2962.44 2830.53
 2183.5 2424.99
4917.86 2190.42
2538.74 2184.15
2862.89 2809.31
3028.91 2888.56
2934.13 2815.71
2943.97 2908.98
2803.28 2834.21
 2857.7 2797.76
2806.22 2897.38
3102.31 2848.51
 2656.6 2228.78
 2896.3 2845.12
5116.04 2548.71
 2849.4 2816.43
5086.18  2266.1
2469.97 2160.43
2458.57 2207.21
5226.89 2444.21
3815.51 3235.29
2802.25 2820.73
2478.91 2138.65
2955.38 2929.22
2730.69 2905.45
4227.82 3251.83
2413.72 3030.17
2539.22 2176.49
2712.64 2965.93
2737.43 2950.69
5154.62  2501.1
2760.69 2929.97
 5301.1 2325.05
2674.05 2879.86
2701.49 2953.25
 2797.9 3001.36
2262.74 2380.05
 2646.7 2996.62
2710.38 2965.72
2555.15 2986.25
5057.43 2176.44
5036.23 2153.02
5234.61 2421.97
3089.25 2865.24
2855.17 2848.08
2720.48 2945.58
2681.18 2888.17
2775.66  2928.4
5090.42 2554.64
2440.32 2300.42
3086.63 2844.99
2834.81 2859.18
5110.97 2551.47
2853.72 2885.56
5240.37 2467.42
