1415.6 1577.1
6399.2 1893.8
6332.6 1934.9
1015.9   2203
  5829 1120.7
909.63 2597.1
1166.9 1605.5
909.19 2600.8
1748.9 964.03
1466.6 3055.7
5832.7 1130.5
3863.2 1125.3
1006.7 2146.3
1553.9 1510.1
1150.8 1902.7
1006.8   2218
1141.3 1603.3
6382.3 1859.8
  1038 1631.3
  1317 1553.7
987.88 2171.6
972.43 2213.3
1071.6   1556
6549.6 2514.4
6265.2   1910
1016.3 2193.2
1179.5 2095.3
5906.2 1069.4
1151.8 2082.1
6518.8 2571.5
6260.9 1965.8
1068.4 2063.8
944.93 2098.7
1065.6 2158.7
5845.6 1136.6
948.57 2121.3
6512.6 2593.2
1054.6 1909.5
  6376 1875.4
998.36 2168.4
2591.4 975.76
1899.8 1385.7
1488.4 3073.1
1033.7 1986.1
1161.7 2081.5
1489.4   3067
1212.6 1958.6
1041.4   2115
 893.7 2547.1
6449.1   1965
  6519 2522.3
2955.6 686.02
1658.6   1464
869.89 2560.1
1109.9 2073.1
1129.5 2465.2
953.32   2623
1120.6 2084.2
961.03 2216.6
1133.6 1624.7
  1476 3046.5
5914.2 1137.7
6549.5 2550.4
972.37 2104.1
6413.9 1924.6
1931.6 1302.4
1041.8 1638.5
910.13 2089.5
6579.6 2583.1
971.82   2162
1498.7 1516.5
1475.4 3043.9
915.45 2094.3
6259.8   1899
1214.3 1956.2
970.54 2192.7
6560.9 2454.1
830.82 2332.3
1170.9 2048.5
6560.6 2398.8
1860.5 1339.2
  1098 2129.6
1899.3 1317.6
6406.4 1935.5
6544.3 2376.3
6417.8 2745.1
1092.8 2046.9
5911.4 1080.3
1891.9   1327
1100.9   2079
6545.9 2407.2
1027.3 2051.2
1562.5 1470.6
1932.8 1304.2
951.43 2219.7
6549.3 2349.9
6540.7 2406.1
1338.8 1658.4
1007.1 2050.9
1034.1 2169.2
1215.4   1954
6405.3 1882.2
6523.3 2410.5
921.68 2595.6
1052.4 1924.2
1168.8 2038.6
1616.1 1108.9
1733.2 3364.2
1317.3 1779.5
6513.7 2013.3
6325.1 1876.1
861.77 2400.2
1042.6 2161.9
921.91 2594.8
6562.5 2436.4
 953.6 2633.1
972.18   2200
1143.7 2420.4
1004.9 2184.4
1469.8 1607.7
  2961 701.32
970.24 2204.7
1601.5 3136.9
1735.2 3475.5
6386.8 1852.3
  1011 2025.6
914.42 2257.1
881.25 2416.2
5085.3 4323.5
1497.5 3057.2
6344.2 1800.5
1056.5 1936.6
1022.4 2124.6
5836 1142
992.35 2051.6
920.73 2247.5
946.46 2023.9
958.43 2042.5
1775 3421
935.87 1999.9
1970.7 1184.2
6338.4 1997.7
926.81 2021.1
6552.5 2416.5
6243.3 3015.4
1114.9 1509.9
1842.2   3465
1646.6 3262.7
882.12 2582.3
1837.2 3473.2
1293.8 3667.3
1298.4 3668.7
1562.8 3262.9
985.99 2223.1
6555.7 2468.9
1741.3 3360.4
6545.1 2233.4
5890.6   1124
1524.8 3378.8
6492.2 2598.2
3103.1 651.61
  1624 1084.7
1032.6 2124.9
1620.3 3537.4
1033.2   2089
6364.8 1866.2
850.38 2534.4
1158.3 2426.1
1609.9   1480
2123.2 3439.4
1571.6 1459.2
2164.7 3495.7
1088.2 2081.6
921.39 2732.6
6562.7 2420.3
2103.3 3451.6
1049.2 1943.2
925.96 2254.2
1496.1 3525.7
1117.2 1976.8
883.28 2571.3
6381.8 1891.3
867.83 2355.7
1526.8 3387.8
924.33 2727.5
1733.4 3478.9
1038.2 2188.4
1061.9 1936.8
  6556 2504.8
6540.8 2527.7
1823.7 3412.6
1389.9 1551.4
1583.5 3497.5
6473.1 2640.5
1609.7 3148.8
1623.6 3280.2
1643.7 1472.8
6262.7 1872.7
6478.1 2025.4
934.54 2091.9
1719.7 3418.8
  1116 1453.9
846.48 2373.3
934.42 2249.1
6474.2 2200.3
  1912 3300.5
1682 3391
1133.1 2109.1
2148.1 3456.8
1795.2 3443.1
1023.3 2142.8
1031.9   2183
  2017 3408.1
1622.4 3544.8
1742.7 3487.4
1630.9 3505.7
1888.2 1189.8
6563.6 2515.6
  6568 2513.8
1466.6 3675.3
5820.7 1114.6
1851 3462
1713.6 3502.5
1349.6 2977.5
1341.2 3555.6
1939.9 3421.3
1636.6 3540.5
1631.5 3523.8
863.87 2454.5
6404.1 1856.3
1730.2 3425.2
6534.4 2222.5
1642.6 3530.9
2099.5 3443.9
1460.9 3649.7
1467.9 3670.7
898.92 2710.8
1665.5 3335.3
1795.2   3389
6202.4 1864.9
1589.1 3355.5
1870.2 3355.7
6455.9 2701.8
6474.3 2195.1
6471.4 2697.6
859.96 2347.6
1316.3 3505.2
6573.5   2510
1585.8 3601.8
842.47 2111.1
1074.8   1943
1569.8   3500
1597.6 3340.1
1676.3 3584.1
845.68 2604.6
1504.1 3088.1
2084.3 3462.3
1487.5 3639.8
1769.4 3438.3
1678.2 3402.7
1465.8 3614.7
1052.2 2151.5
1168.1   3515
2178.8 3487.9
  6232 1831.9
6263.1 1885.7
  6513 2194.5
  1532 3468.6
  1924 3296.1
1683.5 3375.6
1488.6 3401.8
6288.7 1887.7
1147.7 3438.1
6479.7 2219.6
1187.8 3498.9
855.68 2378.6
1482.6 3649.6
1825.3 3351.2
859.41 2355.5
6248.9 1915.6
1106.1 1976.9
1735.6 3307.6
1732.7 3394.4
1974.7 3395.8
1809.9 3513.7
1644.4 3344.8
1647.2 3239.2
1518.2 3379.2
1963.6 3398.3
1207.4 2021.9
1567.3 3269.2
6447.9 2701.6
1637.4 3276.1
6439.5   2113
1058.1 1955.2
1041.4   2033
  6566 2470.4
4021.7   4480
1719.5   3357
1065.2 1918.8
1721.3 3496.3
1483.7 3413.4
4881.3 4398.4
1151.3 3509.7
1107.8 1964.5
1566.9 3602.3
1507.4 3506.9
6500.1 2587.7
1534.8 3475.9
6613.2 2249.1
1468.2 3397.5
1544.5 3571.4
1512.8 3550.8
914.77 2286.6
1486.9 3637.3
1562.3 3601.5
1355 3573
6390.4   1917
6364.4 1863.4
6572.2 2427.8
  2085 3468.9
1739 3398
1568.7 3562.9
1557.2 3480.5
1643.7 3547.6
6425.2 2714.8
1020.4 2179.4
2055.9 3434.1
1811.4 3474.3
6447.1 2707.6
1658.3   3427
6575.7 2516.6
