1395.5 1613.5
6390.4 1885.8
6341.6   1947
1043.6 2198.4
5864.7 1162.2
906.95 2650.6
1338.4 1380.7
906.35 2654.5
1395.1 1312.7
2042.7 3335.3
5867.8   1172
4554.8 1042.6
1043.4 2118.9
  1642 1464.3
1389.6   1678
1029.7 2217.3
1224.5   1476
6375.1 1855.5
1088.4   1511
  1296 1595.9
1013.6 2156.4
989.48 2211.4
1212.3 1294.7
  6537 2476.2
  6263 1900.7
1043.1 2186.3
1316.8 2026.4
5941.5 1118.8
  1267 2008.3
6510.1 2527.9
6260.8 1952.9
1158.5 1981.8
969.75 2048.3
1117.9 2135.8
5879.7 1177.7
970.69 2084.5
6505.6 2549.8
1145.6 1776.9
6369.4 1868.9
1027.7 2151.9
2793.4 916.16
1884.8 1411.3
2081.5 3350.4
1114.5 1873.6
1290.6 2008.6
2080.6 3348.3
1360 1861
1097.2 2070.9
892.71 2590.9
6436.3 1951.8
6509.7 2482.6
3156.6 637.33
1626.4 1503.1
861.08 2609.9
1218.5 1998.8
1029.3 2515.1
957.37 2681.5
1233.9 2009.6
972.67 2216.7
1283.1 1406.7
2053.3 3318.8
5942.5 1181.6
6538.2 2509.7
1005.4 2055.6
6416.3 1938.8
1876.4 1352.8
1219.2 1313.7
925.31 2035.2
6571.1 2532.9
994.28 2143.7
1474.1 1554.4
2052.5 3315.1
931.47 2041.9
6259.3 1890.2
1363.7 1856.5
986.72 2186.9
6547.5 2418.2
819.21 2367.1
1305.1   1961
6546.8   2366
1730.7 1435.2
1167.6 2091.3
1930.3 1321.4
6408.5 1947.6
6531.4 2346.1
6431.1 2678.1
1196.3 1958.3
5943.8 1127.1
1876.9   1355
1208.2 2004.5
6532.9 2373.7
1104.1   1962
1655.9 1419.5
1922.2 1330.7
960.89 2221.6
6536.3 2319.4
6529.5 2372.4
1391.2 1627.7
1075.2 1959.2
1072.8 2152.9
1364.8 1856.5
6396.4 1875.5
6509.3 2377.5
920.61 2650.7
1143.5 1797.5
1296.3 1949.6
1577.7 1157.8
1997.8 3515.8
1421.9 1704.6
6492.6 1979.8
6321.5 1868.7
847.98 2443.5
1086.3 2140.6
920.61 2649.9
6548.8 2401.9
958.37 2692.2
989.39 2194.6
1038.7 2487.4
1038.5 2174.3
1480.4 1613.2
3157.9 650.18
985.97 2200.5
2376.4 3442.5
1685.4 3473.3
6379.8 1847.8
1083.3 1926.2
915.22 2270.2
874.95 2459.4
5220.6 4222.9
2091.5 3330.6
  6341 1799.2
1147.1   1813
1069.9   2083
5871.4   1184
1051.8 1963.4
922.55 2258.3
990.42   1919
1002.6 1952.7
1823.4 3473.7
978.58 1885.5
1926.9 1227.2
6348.4 2003.8
962.42 1915.1
6538.5 2381.7
6249.6 2955.1
1205.8 1350.9
  2031 3576.9
1679.3 3312.1
876.96 2636.3
2027.9 3586.5
1549.2 3995.2
1551.9 3994.8
1853.1 3450.3
1005.1 2224.7
6542.7 2431.8
1696.9 3367.7
6534.4 2220.1
5921.3 1169.7
1643.2 3491.5
6487.3 2552.2
3305.5 613.74
1589.4 1130.5
1086.6 2083.6
1788.6 3679.1
1102.5 2021.3
6358.6   1861
839.44 2582.7
1043.9 2490.8
1704.1 1433.3
2189.3 3482.7
1662.8 1409.8
2419.9 3591.2
1189.1 2005.1
937.04 2826.7
6548.5 2385.8
2169.8 3496.6
1137.3   1821
927.46 2266.6
1764.3 3759.5
1232.2 1869.3
875.95 2623.4
6374.2 1883.6
855.57 2395.4
1564.3 3445.6
940.04 2821.7
2049.6 3669.6
1076.2 2175.8
1153.4 1814.1
6543.3 2467.2
6528.1 2488.7
1771.8 3415.9
1442.6 1507.7
1630.9 3561.1
6474.8 2586.2
2403.9 3458.1
1741.1 3373.5
1738.4   1430
6265.4 1865.6
6458.5 1990.8
 957.1 2039.5
1768.1 3472.8
1311.5 1133.4
834.34 2414.9
939.86 2259.4
6470.6 2190.5
1974.7 3346.7
1723.2 3446.7
1233.9 2056.2
2215.8 3499.2
1970.9 3555.7
1063.2 2114.9
1066.6 2170.9
1956.1 3409.1
1793.1   3688
1692.8 3484.8
1794.4   3637
1849.7 1235.9
6551.4 2476.9
6555.3 2475.4
1637.2 3859.6
5857.4 1156.5
2040.8 3573.1
1890.7 3628.7
1711.4 3202.2
1311.3 3551.3
  1882 3422.2
1507.9   3472
1800.4 3662.9
850.53 2499.5
6394.7   1852
2026.4 3596.9
6524.1 2211.6
1814.4 3669.8
2164.8 3488.8
  1421 3637.6
1428.5 3657.7
906.71 2793.2
1704.6 3386.8
1745.9 3392.7
6215.4 1867.1
1625.5 3410.6
1919.3 3404.2
6466.2   2632
6470.2   2185
6482.5 2628.4
847.98 2387.1
1290.8 3504.3
6560.6 2471.5
  1540 3592.5
843.63 2043.9
1172.6 1823.8
1529.9 3498.3
1559.4 3347.5
1865.3 3731.2
837.91 2662.8
2110.1 3376.4
2151 3508
1655.3 3814.1
1818.9 3491.5
1721.4 3457.9
1424.7 3603.6
1100.1 2125.9
1196.8 3592.7
2105.6 3483.7
6236.4 1828.3
  6264 1877.5
6504.8 2184.7
1493.9 3469.1
1968.9 3335.9
1725.1 3429.9
1829.6 3659.3
6285.3   1879
1219.4 3586.4
6474.9 2207.5
1215.7 3575.3
842.57 2419.3
1441.6 3637.2
1871.8 3399.8
846.96 2397.3
6249.1 1904.8
1218.6 1869.7
1691.5 3315.8
2019.6 3559.1
1815.5 3355.2
1868.6 3570.8
1605.1 3351.1
1679.1 3287.6
1633.4 3489.8
2153.6 3493.1
1353.2 1939.4
1760.2 3409.2
6460.5 2635.5
1671.9 3327.4
6424.3 2085.4
1147.5 1837.4
1124.6 1935.5
6552.6 2434.1
4024.2 4435.4
1598.8 3320.8
1162.8 1790.9
1897.6   3620
1523.5   3477
4970.2 4330.3
1180.6 3589.3
  1221 1853.5
1522.5 3593.3
1551.7   3573
  6495 2542.1
1577.3 3540.1
6601.5   2220
1434.6 3402.1
1501.4 3563.1
1664.8 3701.9
914.46 2307.8
1444.9 3625.4
1519.2 3591.9
1323.8 3566.7
6382.5 1907.5
6357.7 1857.8
6558.1   2393
2132.4 3528.1
1692.6 3400.7
1525.1 3555.5
1447.4   3422
1599.1   3543
6438.1 2648.9
1089.5 2130.9
2119.5   3479
1663.8 3417.8
  6456 2641.2
1704.5   3483
6562.8 2477.1
