1224.8 1773.7
6213.8 1743.9
1075 1973
6442.7 2734.1
1056.9 1999.4
887.68 2629.8
1076.6 1748.4
1149.4 1763.3
951.17 2672.1
6299.3   1796
6518.7   2513
899.33 2639.4
6510.3 2012.2
1177.7 2918.4
967.39 2294.9
941.01 2050.4
  1344 1539.1
  6524 2521.4
974.58   2272
1393.9 1621.8
935.68 2061.9
6543.7 2459.3
5607.4 626.92
960.47 2239.2
982.61 2191.9
4333.2 425.41
908.96 2201.8
6277.5 1629.4
 937.2 2683.7
916.29   2645
3801.5 3303.5
6480.3 1972.8
6409.1 1904.3
945.32 2271.8
6576.8 2469.6
6265.8 1737.3
1031.5 1962.8
925.29 2647.8
2241.9  741.9
6450 2752
1623.1  960.9
5838.4 3048.7
6544.2 2499.7
966.04 2123.1
5951.7 2975.8
3007.7 999.75
994.36 2181.7
2303.1 1092.8
6321.1 1721.2
  5128 1054.4
947.67 2268.6
6516.5 2471.8
957.86 2213.5
6504.2 2145.2
879.34 2213.5
1241.3 2936.5
1247.4 2955.9
6439.6 2723.8
954.44 2799.1
6545.9 1890.8
929.01 2294.9
6282.4 2946.2
1249.9   2938
6411.3 1892.7
3016.7 997.28
3556.9 931.98
1138.8 2909.4
6533.8   2278
2850.8 1206.8
6583.1 2340.5
6537.4 2340.8
884.77 2719.8
1012.8 2168.9
917.98 2232.4
5788.2 1237.9
924.56 2196.3
4832.9 562.85
6566.4 2330.5
6515.2 1933.4
  6539 2500.8
2801.1 547.22
6499.6 1710.5
885.99 2719.2
864.84 2590.6
6577.9 2527.8
6475.1   2741
1103.5 2087.1
6531 2508
2985.6 1004.3
903.99 2278.6
 898.1 2270.2
1350.4 1424.6
2338.2 1058.2
  5917 1504.5
5751.1   3118
1181.2 1831.6
6262.6 1899.2
6555.8 2378.7
862.87 2227.9
898.31 2024.1
3609.8 928.11
  6526 2147.6
914.73 2085.3
5716.7 3219.7
1376.7 1009.9
894.57 2262.6
1011.5 2165.1
876.36   2208
912.39 2285.8
869.05 2202.9
 971.3 2181.4
950.06 2156.7
858.09 2456.1
6520.8 1833.5
  6355 1981.6
932.53 2265.9
881.17 2465.2
  6416 1865.5
917.32 2302.6
937.01 2280.7
6545.2   2359
2315.6   1087
6515.1 2152.3
1206.2 1850.8
 935.9 2284.8
6598.6 2584.1
3213.2 937.05
2007.1 1250.9
5907.8 1504.7
912.95 2263.6
5992.6 3032.1
6550.1 2449.9
  1246 1809.6
 957.1 2726.2
873.61 2260.7
6437.6 2750.4
6541.9 2474.1
6586.9 2357.5
904.66 2057.9
968.02 2106.2
2016.8 1412.4
939.32 2813.3
5877.4 3501.8
961.91 2246.2
898.44 2031.7
933.61 2070.3
2275.1 1335.7
6549.1 2411.7
3417.9 949.09
6020.8 1561.6
3703.6 935.51
912.43 2221.4
1590.4 1563.5
6165.4 3437.8
6453.3 1765.3
875.31 2626.5
925.33 2843.8
6452.9 2725.5
902.06 2029.8
  5801 1432.9
  6459 1776.4
925.14 2166.5
930.23 2808.9
1300.3 2994.8
935.94   2174
908.73 2172.7
6463.2 1885.8
903.63 2744.4
981.47 3126.8
 961.6 2152.4
6052.2 1623.2
846.13 2494.9
6449.4 1956.2
6426.7   1962
6445.4 2112.5
  6485 1822.8
6528.5 1865.4
5972.2 2987.7
1332.7 1559.9
2271.1 1133.1
1128.6 1987.9
944.05 2314.4
6341.4 1967.2
1209.9 3028.8
  5793 3082.9
2049.6 1230.2
905.53 2741.6
892.86 2218.8
977.72 2229.4
  1565 1535.6
887.68 2282.3
897.24 2200.9
921.58 2046.6
1972.2 895.93
6511.9 2740.8
5652.9   1312
  6514 2133.5
6558.2 2460.8
6499.9   1687
977.99 2224.7
6567.9 2455.3
1008.9 2235.1
858.93 2412.9
6047.7 2087.4
883.36 2147.5
6561.9 2459.1
6460.2   1859
6010.8 3363.2
1048.2 3125.2
875.57 2616.3
985.19   2255
924.95 2308.3
3294.5 967.72
6512.4 2536.1
910.05 2272.4
6479.5 2801.6
1026.7 2121.5
1566.4 1585.5
987.61   2256
6437.9 1698.4
6157.9 2903.9
962.85 2138.7
5957.9 1559.4
973.29 2115.4
6612.3 2516.7
6487.1 2755.5
6383.7 2725.4
5989.7 1567.5
6571.4 2461.3
975.82 2116.2
1095.5 2091.8
6440.4 2679.4
6448.4 2087.3
1059.9 3121.5
1579.7 3831.7
6434.6 2679.8
858.62 2394.4
5898.9 3487.5
990.02 2271.8
1818.5 4024.5
  6551 2292.5
1439.3 1468.1
6485.7 2148.7
2394.1 1308.2
1000.3 1882.3
1570.7 1592.7
998.88 2242.2
6565.9 2369.8
986.75 2282.6
5875.7 1475.2
1971.6 1481.4
6207.4 1677.5
895.63 2352.8
857.46   2508
5726.1 1391.2
  6124 1023.5
2067.4 1214.3
978.46 2157.7
  6560 2414.1
6484.1 2732.6
1608.2 3854.4
2075.5 3479.1
6479.5 2784.2
6505.3 1837.8
5780.6 3190.3
3417.3  603.8
6173.5 3425.6
2546 1102
6415.4 2689.1
6565.4 2399.9
4537.8 929.51
6236.2 1789.6
6481.2 2758.1
3375.1 4588.3
1118.8 1956.2
5885.6 1437.5
6469.6 2617.5
  3685 4517.9
6242.1 1723.9
5940.7 1483.5
