5763.2   1493
5861.9 2245.1
6001.1 1670.2
5861.9 2245.2
6094.2 1754.6
5792.1 1512.3
6227.2 1797.9
2879.2 1133.7
6186.5 1751.4
6020.8 1571.9
5848.6 1551.2
  6035 1698.5
3858.5 853.85
5899.7 1590.1
6287.3 1874.2
3855.7 845.51
6121.3 1393.9
6164.1 1818.5
6089.6 1406.5
  6174 1829.6
6289.1 1874.3
  6296 1649.9
6043.1 1732.7
6213.3 1563.8
1167.6 1840.4
  1165 1563.9
6059.7 1772.5
6298.4 1696.9
6473.7 2737.6
6213.2 1563.7
1199.2 1553.8
  6003 1292.9
6473.2   2738
1151.1 1630.8
1139.7 1873.9
5810.5 1511.4
6045.4 1695.7
896.72 2588.1
  5935 1604.1
896.84 2588.5
1113.8 1691.5
5934.7 1603.8
1478.6 1208.7
5994.9 1651.7
5956.8 1621.4
6272.2 1668.7
  6098 1408.7
6354.3 1797.1
  1217 1527.1
1213.8 1541.6
6450.1 2001.5
1348.5 1314.2
6003.3 1297.3
  1213 1541.9
  6377 1806.3
1628.4 1070.6
6272 1668
1162.8   1619
1279.1 1451.2
  6206 1508.7
6127.9 1450.9
1292.7 1435.5
6205.2 1504.6
6382.2 1953.1
1293.5 1435.8
6466.6   2067
5866.4 1595.3
6140.4 1417.1
6273.2 1657.2
6128.4 1450.9
5413.6 658.71
3079.5 1002.5
6203.4 1500.2
6233.3 1638.4
  6366 1926.9
1243 1802
4016.9 846.36
1280.7 1449.9
3339.4 1023.5
968.49 2637.4
6508.5   2576
6055.2 1305.6
6325.7 1864.1
6318.4 1734.8
6526.8 2561.1
909.63 2597.1
  6285 1678.1
6098.5 1411.4
1156.8 1579.3
6193.8 1540.1
6382.4 1953.8
5124.5 526.09
6545.8 2150.4
6368.8 1783.1
  6459 2048.4
1048.1 1816.7
6229.7   1577
909.19 2600.8
6547.1   2278
6245.7 1616.1
5890.8 1341.5
6283.7 1677.6
6367.6 1783.3
1499.9 3706.9
6313.5 1734.6
1006.8   2218
6188.2 1541.7
6280.2 1678.7
1029.5 1843.4
6463.7 2006.1
6136.6 1468.8
  6066 1338.6
6265.2   1910
6278.5   1677
6138.4 1437.7
1985.5  718.2
6353.5 1591.3
6107.1 1420.8
6138.5 1437.7
  6139 1424.7
6309.5 1705.1
6532.2 2570.5
6142.6 1621.6
6204.4 1516.6
1016.7 2190.3
1028.8 1842.9
2623.6 4545.6
1020.3 1865.8
6549.6 2514.4
6129.8 1482.1
6316.1 1733.4
1688.2 1373.4
1144.8 1877.3
1464.8 1181.3
6182.7 1816.5
  4290 221.18
6294.9 1659.4
1050.3 2077.4
2622.7 4545.2
6463.1 1845.5
1006.7 2146.3
6381.3 1860.3
6255.4 1594.8
6275.4 1644.9
943.09   1864
1150.6 2081.8
3965.8 865.54
6390.3   1825
1016.5 2190.3
1466.1 1181.6
6353.2 1787.2
  5742 3258.3
6562.8 2615.4
6236.8 1537.2
  6076 1416.5
5926.1   1382
6153.5 1446.7
  5742 3258.2
1634.7 1014.6
6224.2 1626.5
1635.2   1016
1050.3 2077.1
3964.7 1116.7
6217.8 1862.1
6122.2 1452.8
6171.6 1445.2
6255.9 1591.9
6054.7 1330.4
949.22 2090.6
6477.6 2081.7
6025.2 1586.3
6375.1 1828.8
952.36 2649.9
6327.6 1738.9
  6260 1611.8
928.65 2605.5
6212.7 1596.5
6098.5 1395.5
6053.3 1316.8
6454.4 2017.1
5059.5 3203.5
6074.9 1339.6
5085.9 3196.7
5743.5 3253.5
1479.8 1166.7
972.43 2213.3
6546.8 2112.5
1151.8 2082.1
6435.9 1960.9
6078.2 1338.4
1480.1 1166.8
6350.9 2017.8
6240.7 1888.3
6160.2 1631.1
1765.4 649.68
1166.5 2081.1
1161.7 2081.5
6254.1   1606
6097.8 1395.1
  4026 874.09
1068.4 2063.8
6477.5 2081.8
4416.8 243.81
1007.5 2154.9
981.09 2189.7
6581.7 2523.6
6308.4 1833.5
  1115 1824.8
6470.2 1848.8
938.48 2608.5
6015.2 1488.1
6462.2 2893.1
5727 3255
6108.9 1683.3
6218.1 1855.1
  6218 1625.1
5397.5 835.79
6400.5 1869.1
6479.6 2752.1
6055.4   1330
5397.5 837.29
1177.9 1547.5
6059.7 1691.1
3914.2 868.03
6079.1 1415.3
6114.9 2939.2
6549.5 2550.4
6296.7 1722.8
1177.5 1545.6
1033.7 1986.1
1320.9 1171.6
6343.2 1767.1
6167.8 2892.9
3444.1 926.81
6579.1 2674.2
1067.1 2061.9
4006.2 802.47
5726.5 3257.2
2402.4 4292.4
  1503 1501.7
6201.6   1837
5726.3 3258.2
5931.1 1587.9
6059.3   1716
5953.1 1604.7
6467.2 2015.6
987.16 2184.9
5951.6 1604.4
6526.8 2534.1
1009.8   2111
5237.3 156.26
6465.9 1855.7
6234.1 1872.8
5991.3 1637.5
6525.7 2233.8
6144.3 1807.1
909.75   2108
5939.7 1595.4
  6063 1723.3
6274.6 1917.2
6202.4 1864.9
990.19   2813
6103.7 1381.5
897.99 2140.3
2404.8 4292.7
6307.8 1755.3
5754.9 1517.9
  6136 1486.6
  6141 1481.2
1736.2 624.42
6429.7   1963
5784.3 1536.7
5094.1 1229.5
6229.7   2827
  6353 1839.2
6470.7 2731.3
993.88 2814.7
6315.8   1716
6468.2 2015.3
6022.2 1696.5
  5745 3247.9
6430.2 2006.2
4982.2 620.03
961.03 2216.6
987.43 2180.8
6298.3 1674.2
3107.2 4578.9
6213.3 1622.7
6471.1 2056.3
6455.8 2009.5
991.26   1747
1168.8 2038.6
6439.2 1940.7
6393.8 1858.2
5850.6 3349.6
6090.2 1375.9
6215.6 1596.4
5995.2 3317.8
1574.6 1548.4
  6005 1682.8
6549.3 2349.9
6592.1 2428.1
1575.3 1545.7
6277.6 1705.4
6588.7 2400.2
5345.2   1262
6545.9 2407.2
897.29 2697.6
940.43 2205.4
6080.8 1713.3
6150.4 1376.6
1092.8 2046.9
955.39 2135.6
6082.4 1751.4
6099.1 1560.7
6450.4 1973.9
970.03 2082.5
1938.9 838.31
3391.4 943.67
6080.8 1712.6
6151.8 1377.2
6444.9   1819
6005.2 1682.5
1037.9 2064.4
966.22   2185
1922.9 4081.7
5995.9 3318.9
5405.8 662.82
6004.4 3321.6
6322.3   1696
956.79 2202.8
6537.2 2407.3
5984.2 2412.4
  6547 2384.8
6550.3 2096.8
6545.7 2552.9
6222.8 1596.5
6054.2 3263.9
898.03 2697.3
 869.9 2541.7
  5450 690.03
2349.2 4342.7
6429.8 2006.4
948.57 2121.3
6579.6 2583.1
6498.8   2744
1214.3 1956.2
6484.3 2056.2
1923.3 4082.1
6538.1 2559.9
  5802 1529.6
6065.5 1689.8
4942.7 1028.8
6087.3 1717.5
6047.7 1632.5
5905.5 1604.6
3867.7 857.19
6416.1 1900.5
931.94   2196
925.29 2185.6
6305.3 1754.9
4942.8 1028.3
1498.7 1516.5
  5974 1587.5
6296.4 1682.2
6048.8 3000.3
6132.9 1795.4
5419.9 1395.1
4045.8 4611.8
6562.5 2436.4
5987.1 1667.5
5904.7 1530.7
887.28 2127.1
2985.7 4491.5
   960 1833.9
6545.1 2233.4
6229.5 1694.5
967.73 1935.7
6168.5   2870
6024.4   3086
974.19   1793
1010.8 2026.2
5864.7 2159.3
6050.5 1303.7
6284.1 1699.5
6378.9 2054.5
6393.8 1987.2
1878.5 3994.2
  1058 2098.6
5986.9 1667.6
2373.8 190.39
6318.2 1754.1
921.67 2177.8
6359.6 3051.5
1091.8 2042.2
894.33   2134
5677.9 1193.2
940.32   2204
 898.7 2092.1
1516.5 3686.8
5980.4 1628.6
6376.5 1902.4
6318.4   1767
  1011 2025.6
6291.9 1669.5
6229.6 1694.4
861.77 2400.2
6556.2   2518
6377.4   2054
6261.6   1436
6531.8 2076.2
6345.8 1801.7
966.98 2181.7
5355.2 1211.2
881.25 2416.2
6045.6 1737.5
6092.5 1372.8
6368.6 2023.6
943.63 2225.7
933.39 2048.4
6065.6 3209.8
6536.4 2063.5
1737.5 3701.8
6037.9 1709.6
972.18   2200
6552.5 2416.5
6093.2 1371.6
6168.6 1472.9
6329.2 1800.2
6534.2 2238.8
6470.3 2872.7
6409.9 3004.3
1037.5 1966.7
6208.8   2837
1259.4 1786.6
970.24 2204.7
5588.3 1132.5
6186.5 1577.1
6300.7   2792
6598.5 2618.4
  6433 2128.7
1338.8 1658.4
6362.2 1787.7
6345.1 3017.9
845.28   2663
6186.7 1549.3
6194.6 1856.5
6354.1 2077.2
  5894 1530.1
944.71 2177.3
  1106 1513.2
6114.4 3218.7
6197.5 2934.6
  6556 2504.8
1792.2 3988.2
992.35 2051.6
6039.2 3205.6
6492.2 2598.2
6354.7 2080.4
6492.3 2599.5
6102.8 1716.8
5840 3356
1307.7 1743.6
982.03 2709.4
6288.7 1887.7
 966.8 2180.5
6469.7 2753.8
6330.4 1800.6
6548.4 2528.2
3590.2 920.46
6591.8 2419.3
973.34 1855.1
5878.3 3362.1
6272.9 1703.9
1240.9 1782.9
6210.2 1315.5
6344.8 3017.7
6351.3 1748.8
6344.2 1800.5
1063.6 2072.5
6353.5 2076.7
1037.3 1966.5
6200.2 1531.2
6110.1 1386.8
5268.9 155.68
6501.9 2007.3
4799.1 1261.3
5999.4   3255
5383.3 1199.7
6469.2   2872
6238.3 1625.3
1692.6 3605.9
1342.9 1757.5
5677.9 1195.8
974.75 2833.9
6169.1 1472.2
3536.8 963.99
6373.8 1751.1
1105.1 3041.9
6113.5 1375.9
6257.8   1678
844.72 2662.6
5997.5 3438.6
5588.3   1135
4513.1 270.44
6051.8 1337.2
5407.7 890.16
6152.5 1743.9
995.54 2219.7
6505.1   2814
6354.1 1745.7
1020.3 1876.2
915.19 2676.1
900.51 2154.6
6285.8 1957.6
1032.6 2124.9
924.52 2705.4
4813.7 749.33
6177.6 1480.7
6290.7 1751.1
6437.5 1815.8
6145.8 1459.2
6051.9 1688.9
976.71 1808.9
6473.6 2892.6
5424.6 900.21
993.96 3129.7
6293.4 1749.6
5950.6 3308.9
3271.7 4595.5
6501.3 2007.9
1586.7 942.73
6410.1 1982.2
978.99 2233.8
6136.5 3007.1
1017.9   1878
1405.3 1656.2
6183.4 1576.7
6234.8 1629.4
6429.9 1875.7
6555.7 2468.9
921.91 2594.8
6343.1 1751.2
6098.5 1670.2
6523 2082
4333.5 4676.2
1018.7 1877.8
5933.9 3305.5
1223.1 1871.5
933.81 2150.9
6270.3 1703.3
1256.3 1799.5
5964.2 1586.4
4923.2 1049.7
1012.9 2229.3
6206.2 1542.9
6515.9 2050.8
882.12 2582.3
914.42 2257.1
956.92 2874.9
908.33 2812.2
6483.4 2731.1
981.71 1807.2
942.32 2672.3
1369.8 1735.5
5780.1 1453.7
6350.6 1750.5
6122.3 1494.5
920.71 2733.2
6520.9 2063.6
1045.9   1647
6056.4   1394
962.78 2827.5
  4288 1185.5
991.13 2049.5
1212.7   1699
6430.1   2712
993.26 2061.2
6478.3 2644.4
958.43 2042.5
  2403 4358.4
921.39 2732.6
1495.9 1243.6
6059.2 1422.8
6444.6 2930.8
1026.2 2023.7
5999.7 1613.1
6057.7 1694.3
5963.8 1334.3
 851.9 2440.8
6466.4 1888.1
958.55 2052.4
1068.2 1592.5
6484.2   1944
6468.9 2030.8
2588.9   3653
6446.7   2036
6525.1 2080.4
6455.1 2110.1
972.57 2201.1
  6483 1941.1
6271.9 1703.7
6159.7   1481
6474.2 2200.3
3558.4 972.04
6307.4 1774.2
6569.1 2751.6
6182.8 2901.5
5062.1 4430.5
4795.8 1034.4
6471.3 2111.3
5812.4 1467.4
1199.9   1895
1179.1 1915.2
6473.1 2640.5
1034.3   2134
6218.7 1577.7
1177.1 1455.4
978.66 2242.3
936.12 2034.8
6338.4 1997.7
6500.6 2851.7
927.04 2168.9
6503.9 2734.5
6474.3 2195.1
925.1  2014
3795.9 4256.2
6314.9 1965.5
  6082 2977.1
6473.9   2199
937.46 2116.4
6550.3 2432.7
6523.8 2914.6
5272.7 936.03
5875.7 1534.4
6427.4 1902.2
924.33 2727.5
924.34 2116.6
1032.5 2128.7
6015.5 3253.1
980.99 2246.8
6338.9 1739.5
6220.2 1524.6
5847.8 2428.6
993.16 2060.1
912.35 2199.6
934.54 2091.9
6276.5 1725.1
1495.4 1472.7
5912.9 1404.8
6270.8 1607.4
3485.3 4635.6
6528.6 2743.4
2313.5 3575.8
  3950 1093.2
6569.5 2512.8
6270.7 1607.1
5835.8   1471
6528.8 2744.5
5802.1 2276.9
1029.1 2007.6
5968.9 1663.8
931.72 2690.1
6453.3   2103
6563.6 2515.6
5995.3 3161.9
3672.2 4271.3
6160.3 1496.1
1117.3 2116.7
5769.3 3345.3
1032.1 2125.9
3476.1 3959.1
6573.5   2510
911.34 2199.7
2881.5 3892.2
6040.9 1399.4
5876.1 3223.9
 988.1 2046.1
1202.7 2027.6
1067.5 2141.8
1012.7 2064.4
867.83 2355.7
6523.2   2915
6379.2 2308.7
923.48 2005.5
  6568 2513.8
3983.5   1096
6356.7 2089.7
6159.4 1538.1
6510.9 2031.9
6146.9 3268.3
1231.9 1835.6
1068 3128
883.28 2571.3
2315.3 3769.8
939.71 2297.1
1032.3 2167.3
 953.3 2232.9
6449.4   2094
2306.9   3713
5818.1 3341.2
6327.5 1838.7
6440.2 2026.2
6568.1   2535
2882.4 3891.7
6529.9 2043.1
6356.9 2090.4
2863.4 3725.7
6217.3 2930.4
6021.7   3142
6522.4 2583.4
 938.9 2188.3
6037.7 1400.4
6574.3 2879.3
  6374 2010.8
6504.9 2790.2
5887.4 1519.3
968.86 1846.9
6560.2 2012.3
6422.4 2086.1
4446.4 3734.2
1113.8 1990.5
6266.3 1703.1
1036.9 2170.8
6242.9 1657.9
6477.8 1919.5
6531.1 2904.6
913.66 2026.2
  6306 1667.5
6528.7 2144.7
5967.4 1324.6
6281.6 2854.9
6085.7 1441.9
1028.7 2004.7
1625.9 3767.9
2541.3 4427.9
1073.8 1728.6
2313.8 3770.3
6473.4 2897.7
  5950 1588.6
1041.7 1978.1
  6204 1572.1
6611.9 2564.6
6509.1 2754.6
2314.5 3576.3
5818.1 3342.4
6548.7 2039.7
6001.5 3427.5
5135.4 873.46
1020.4 2179.4
6461.8 2803.8
5887.1 1520.1
6576.6 2515.7
913.02 2147.8
3433.5 859.82
5926.4 1571.4
938.96 2343.4
5266.1 753.32
1044.8 1978.9
4875.8 767.94
3761.4 4257.6
1204.7 1962.9
6438.3 2698.3
1045.7 1979.2
  6432 2118.6
6532.4 2904.8
6478.1 2177.4
1101.4   3158
6015.5 3426.7
2176.8 3665.9
6313.3 1696.9
  3419 850.78
954.1  2210
6460.8 2698.6
5856.9 1578.6
6389.9 2865.7
867.39 2336.9
  6523 2583.8
6015.6 3426.7
3044.1 4144.4
2255.1 2445.7
6444.5 2700.1
6249.6 2901.7
6481.9 1863.7
1038.2 2188.4
  5919 1543.7
903.11 2839.3
1881.9 2457.4
  6482 1863.7
6561.4 2357.8
909.79 2139.3
5559.8 368.98
6540.5 2813.8
  4288 1188.6
1011.2 2069.5
 911.9 2732.8
6442.5   2699
3989.5 1093.8
6109.4 1782.5
6002.3 1443.7
  6190 3217.4
6040.7 1338.3
1117.6 2116.7
6508.6 2234.9
6410.8 2851.2
2506.4   4402
6164.3 1817.9
6296.8 1970.6
3467.9 4009.1
6330.3 1759.3
6613.5 2564.9
4570.7 1214.4
6364.8 1866.2
5898.4 3202.9
5233.3 3737.7
1048.1 2030.5
5559.8 372.84
5905.4 1614.3
3312.3 4600.1
  5560 369.51
3449.1 968.75
  6416 2759.6
1115.5 1662.8
6499.6   2744
5787.3 3302.4
6239.3 1632.6
6017.1 1405.2
1052.2 2151.5
6572.2 2427.8
5208.6   1160
  6266 1650.5
5101.8 3687.9
4497.9 3725.8
920.08 2765.5
6367.6 2979.5
6530.6 2904.7
  1031 2202.8
5941.2 1554.8
6180.5 1631.1
5861.4 1498.8
6315.2 1858.9
863.87 2454.5
909.55 2689.9
2009.1 3639.1
6257.3 1702.4
6449.9 1803.7
6265.1 1854.3
5334.6 962.03
5792.6 1436.1
6547 2176
  6226 1883.6
2253.9 2445.7
5796.5   1473
5963 1354
1050.2 2028.9
  6566 2470.4
6447.6 2707.3
2628.7 4451.5
6508.3 2738.1
5791.3 1443.6
6414.5 2854.1
6035.1 1400.6
3938.7 957.06
6036.6 1363.6
  6504 2776.6
6335.1 2791.8
6034.1 1601.1
6066.9 3054.1
6504.9 2918.1
5488.3 440.66
4449.8 3743.2
5817.2 3347.8
  6107 3054.2
3457.7 876.94
841.18 2515.9
6059.2 1706.5
3571.4 3925.9
6209.8 1737.8
2180.2 4229.3
  5978 3150.4
1058.1 1955.2
4924.2 787.91
6011.3 1278.6
6264.4 1853.7
6021.4 1402.7
6307.3 1667.4
4498.3 1032.3
6524.3   2925
6300.1   1653
6447.1 2707.6
6355.8 1974.3
6096.1 1629.8
4233.4 3408.8
1120.4 2141.6
3767.3 3757.5
6113.3 3167.5
6274.5 1936.6
6556.5   2743
6125.9 1445.1
  5929 3312.9
6200.3 1572.5
939.61 2834.5
6123.4 3210.2
  5955 1527.9
6437.3 2706.2
6571.7   2457
 915.9 2284.3
  6309 1912.8
6506.3 2755.8
1048.6   1979
6433.4 2880.1
6058.7 1343.6
6105.1 1552.6
6500.1 2587.7
6468.7   2770
6273.2 1939.7
4747.1   1126
1163.6 1888.2
6210.3 1866.4
6236.3 1823.5
  6525 1933.7
5988.7 1557.2
1207.4 2021.9
6556.8   2743
6370 3057
6266.7 1860.1
6487.2 2652.4
6113.8   1737
4004.9 2431.3
3466.4 875.77
6313.9 1858.8
6516.7 2732.5
6575.4 2544.1
6149.4 1721.5
6117.4 3047.6
6338.4 1949.4
5950.5 3251.6
6344.4 1869.7
6344.4 1869.4
  5949 1648.2
3216.5 4597.4
  6575 2448.5
2324.2 3569.5
  1052 2028.3
