847.204 3765.52
1058.33 2709.41
-317.451  3809.32
1058.36 2709.29
-1012.17  3819.22
737.036 3770.94
-2876.78  4150.02
4278.16 3443.69
-2311.7 4140.32
-762.065  4133.73
 500.41 3782.61
-551.339  3817.04
3542.16 3693.22
262.223 3789.27
-3913.53  4150.44
3543.75 3704.88
-3225.5 5460.27
-1712.52  3839.89
-2477.05   5137.7
-1822.32  3837.98
-3962.05   4159.8
-6061.36  5457.72
-546.105  3749.53
-4062.72   5182.9
9432.37 3865.47
10936.3 5029.89
-612.399  3688.87
-5626.95  5154.18
-11292.3   946.82
-4060.79  5182.63
10232.1 4838.83
-1791.12  5195.33
-11246.5  949.026
10783.9 4774.07
9792.21 3856.59
640.558  3803.6
-657.198  3850.09
16824.3 1832.14
50.9569 3826.99
16816.4  1830.6
11309.2 4728.81
52.4701 3827.08
8105.76 4963.61
-307.744  3841.52
-72.2857  3831.46
-4937.06  5073.16
-2619.83  5184.62
-7056.28  5101.23
10047.2 4857.34
10017.8  4805.9
-11098.8  4880.81
9145.41 5132.56
-1768.09  5173.13
10031.5 4809.44
-8251.23   5330.2
7378.14 4953.27
-4936.79  5075.61
10590.6 4753.85
9404.75 4851.86
-4372.93  5476.01
-2909.72  5161.72
9279.03 4849.42
-4390.58  5496.69
-6890.32  4423.22
9264.98 4843.51
-11818.6  4619.56
474.647 3717.82
-3469.87  5475.02
-5083.49  5155.47
-2920.19  5165.46
423.065 5832.59
4134.49 3556.08
-4381.07  5509.33
-3996.81  4914.21
-6332.1 4428.23
8507.71 3751.58
3415.31 3720.65
9386.48  4848.9
3925.87 3490.09
12991.3 1833.08
-14090.2   1702.1
-2581.65  5488.76
-5181.2 4438.44
-6053.79  5116.71
-16934.8  1694.93
15923.8  1832.4
-5304.1 5138.81
-2610.03   5172.8
11022.5 5007.19
-3738.9 5159.07
-6894.37  4421.09
1355.03 5562.26
-25543.4  5572.29
-8068.05  5396.07
-11296.3   4652.6
12406.3 4575.65
-4424.42  5249.97
15965.5 1813.97
-22517.2  4082.42
-4555.63  5151.99
-307.145  4465.98
-5260.86  5128.95
-7990.93  5377.21
7912.46 27.4958
-5847.43  5065.87
11793.2 3178.33
-3582.8 5103.47
-5122.54  5087.42
12882.8    4583
-12460.2  5064.57
-2959.41  5124.09
-2529.73  5364.11
-3197.54  3908.55
-5078.29  5081.63
-3243.74   5323.9
6483.19 5330.82
-10831.6  7149.53
-2709.49  5181.23
-3246.03  5324.73
-3368.64  5412.18
-5997.27  5219.52
-18057.9  1583.34
-2153.01  4432.39
-4246.03   5405.5
11567.9 3242.93
12914.3 4591.46
  5210.5 -571.384
13064.4 4538.45
-21858.3  1936.26
-2725.22  5002.35
-5969.83  5101.18
6293.27 3876.39
9689.48 3827.76
8391.86 5167.36
-1999.31   3907.2
 2826.3 5583.65
-5900.31  5374.53
10991.2 3508.59
 5211.91 -571.016
 -16567 6897.37
12004.4 3420.37
-7801.18  4987.87
-5095.37  5390.44
-5289.35  5259.05
  17673 5482.72
9074.42 3254.05
3458.85 3686.69
-8868.49  5377.48
11573.8 3243.45
8375.43 5158.86
-7117.88  5157.49
1144.67 1469.53
-27713.5  720.145
-5076.22   5602.6
-2171.86  4994.82
-478.857  4444.61
-3525.54  5396.18
1144.77  1469.7
7561.16  5191.2
-3842.4 4908.57
7550.85 5181.95
10992.1 3509.57
3483.22 3381.71
-2429.84  3885.83
-2778.83  5109.14
-4014.96  5577.72
-5144.87  5416.35
-2383.17  5329.92
14686.1  3928.7
-12847.6  4667.29
-762.219  4103.36
-7826.76  5133.84
13714.6 1742.67
-6421.71  5192.04
-5078.02  5321.71
  14784 1852.64
-3772.75  4985.17
  -2727 5265.44
-2458.99  5402.76
-11287.6  4823.82
2637.83 1891.29
-2693.13  5426.88
2607.11 1890.74
 1143.8 1475.81
 8300.6 5163.64
  13009 3292.23
-27581.4  6201.74
9056.73 3251.17
-10394.5   4984.5
-2768.48  5461.09
8296.76 5161.55
-5115.19  3898.98
-2765.89  3885.04
-2410.18  4481.56
8627.53 7123.72
8856.11 3228.04
8919.97 3235.24
-4931.81  5299.73
-2716.13  5262.54
3411.79 3682.24
10600.4 3495.27
-12834.1  4664.96
2627.17 5617.05
11950.4 3387.79
  12751 3351.03
-35922.1   1533.4
-4801.1 4464.63
10489.6 4131.72
-17782.7  7126.69
14268.6    1867
-991.265  4392.16
-12074.1 -19.0567
 1205.8 1490.25
-1406.21  4074.06
-2461.21  3909.94
-3690.69  4869.04
1119.78  4871.2
-8936.35  5177.76
-12055.7  791.716
-2398.71  5337.46
1123.66  4865.3
10748.6 5022.56
-812.761   3900.1
3499.79 3677.87
  -2232 5020.55
-765.908  1573.72
-22094.4  1608.08
-5302.53  4972.91
10772.6 5036.27
11820.7 3901.53
10896.8 6385.15
-6845.03  5178.55
-1275.82  1585.67
3856.32    3599
-39328.2 -781.002
10635.8 3505.14
3417.83 3784.94
1205.48 1487.23
5296.34 132.699
7003.24 3912.76
-2236.93  3908.48
1205.23 1485.83
44.6083 3857.93
-743.053  3831.64
-80.9014   3864.5
-12700.4  5044.23
12542.3  3348.2
-70.2141  3861.92
-16781.1  1894.66
12030.4  3534.9
-3326.77  12803.2
-16688.1  6844.88
-2695.7 3911.82
-310.753  3869.24
-17981.6   4147.4
-1474.06  3813.17
17181.2 4152.02
-1.48168  3858.08
-761.827  3821.73
-3383.65  3922.85
-2153.48  3823.02
12768.4 1249.76
-2943.41  5392.36
17874.7 4066.81
5291.16 135.413
-5416.68  4881.62
922.844 3702.56
-2818.65  5021.06
-2961.17  5086.56
 9329.2 7779.06
-9838.6 4879.78
813.526 3708.27
2400.41 3565.83
-2014.22  1627.45
-6529.68   4811.9
-10943.2  1013.43
12637.8 1259.79
-6148.81  5215.44
 -12825 5064.77
-439.722  3791.89
1143.72 1483.37
-9331.57  4584.06
2005.04 4817.53
13474.8 3318.41
12546.2 3362.19
-5871.9 5308.11
 4373.43 -113.973
-3589.2 4847.12
-12475.6  4769.57
-11544.9  4904.99
15986.7 5701.17
8901.24 3323.85
-11019.2  5201.18
-8624.12  5166.37
508.656 1150.41
-2711.67  5320.35
-3850.38  5008.89
-453.382  917.408
6534.32 3686.45
-321.966  3786.89
-22150.9  3411.17
-43758.5   2910.5
6534.96 3690.79
-4787.28   4902.7
-41036.7  3313.84
1944.46 3700.44
-20808.5  2872.99
  17332 1270.71
14514.3 3447.06
-976.864  3896.63
  -4143 5874.13
10129.6 3475.84
14093.3 3680.56
-891.714  3796.84
-1760.76  4469.61
-11569.8  5109.74
13694.5 3836.25
6336.41 4924.12
3894.92 3582.22
-978.835  3898.59
-4176.77  5885.03
-14546.1  6655.08
-324.325  3788.08
11363.3 3594.79
13367.8 3423.43
    6433 -91.1273
-462.602  912.474
490.175 5770.36
-547.76 881.594
-6694.78  5440.08
13716.6 3389.19
 -18734 2838.04
506.733 2516.04
-21219.2  3074.35
 -30017 6672.97
-21066.7  1619.22
-4046.9 5067.79
-877.226  905.253
17268.8 1277.35
19085.6 1986.17
333.679  5794.7
5523.07 -156.96
-9299.03  4578.11
14524.3 3784.82
-35825.8  724.316
-14356.3   613.21
8490.21 3431.03
-14152.5  4998.33
 6432.28 -91.6663
-19252.9  1622.32
714.955 3750.45
-877.169  3919.72
2509.12 3779.42
-1037.51  3903.21
-854.942  4033.28
252.317 3767.31
3535.22 3689.18
-9647.03  5161.74
15031.6    3530
15489.9 3615.25
-5325.83  4861.05
2508.65 3780.31
6999.93 3885.92
-287.604  3958.12
-5704.22  5231.38
-260.817  1550.48
-1360.17  3813.39
1884.57 3550.76
  3243.1 -118.816
-25902.8  2657.15
-208.317  3784.91
106.098 3942.46
19051.3 4266.29
4478.07 116.269
16802.4 5457.27
-22824.1   4515.2
-3496.78   4599.6
14958.9 4619.65
-1244.29  1636.77
-200.776  1413.14
16419.1 5577.43
12371.3  3855.5
1017.54 2817.58
-2507.92  5463.95
-5063.7 4996.07
-6007.03  3897.08
-7200.7 4335.61
 6396.5 136.534
10739.1 3418.21
-206.496  3784.24
6899.49 8040.22
-5842.92   4989.6
15768.8 3675.26
-6633.41  164.003
10162.8 3492.46
18274.4 4142.99
691.159 4345.14
14526.5 3453.67
18322.4 4371.79
 7681.5 179.574
-241.359  3866.42
-7068.99   4662.8
-5723.44  4911.64
12367.4 3856.92
  -5662 5269.08
-3499.87  4600.72
19904.7 2777.24
-23890.7  1861.68
-5945.91  3890.57
-7838.38  7006.95
-23692.1  6101.38
-6577.99  4973.74
13348.3 3433.51
1871.88 3799.57
17889.3 2658.07
-558.367  3743.31
-2781.73  5357.29
-5758.89  3974.03
14262.2 3346.62
15991.6 4283.05
-844.064  1026.49
-25882.2  6518.17
6366.07 733.318
-551.725  3795.56
  13064 3343.17
-22610.4  2817.52
-2805.39  5370.29
-3671.59  5360.18
-5850.68  4815.29
-19778.3  4241.14
-12657.7  16.1474
 -9071.9 -105.217
11801.2 3959.77
-1718.21  1642.68
8359.96 3750.21
13126.5 3332.06
988.189  4322.9
-3273.83  4894.35
-3290.39  1562.33
-56877.4  -913.72
-8389.41  3890.91
7882.67 3887.76
-7608.74  5268.71
-5696.75  479.039
23120.1 1036.43
-3485.51  5047.84
  -2054 3823.03
-4938.69  3676.88
178.009 3920.54
14421.1 3550.42
13425.5 6025.56
-1443.36  850.846
-1759.53  1421.89
-23744.7  1990.66
 6824.94 -96.5377
12921.4 3846.52
-571.531  1105.14
-12187.3  1653.66
-4945.26  3667.22
-12205.5  1645.43
-1220.74  3951.22
557.082 1154.78
7967.45 3743.52
12673.2 1611.34
-3879.63  4102.85
13360.7 3438.99
-11056.4   882.89
-5897.15  4824.27
-21607.8  1819.49
3746.83 3598.71
-43563.4  3051.45
15556.7 5092.72
320.461 1071.26
-4645.94  4871.03
8584.37 3809.42
-7583.69  7533.16
-5683.1 482.399
-7514.98  5419.76
-6514.61  4964.28
10684.5 3482.69
-4920.31  3676.16
11808.4  3961.6
-3988.44  5269.97
-3036.74  5411.24
-4230.96    13909
-18402.1   5967.2
2804.32 3390.83
-333.411  1073.44
1788.59 3851.04
-12517.6  40.1807
-4247.52  5030.13
6386.33 890.128
7626.54 3635.52
697.297 4337.38
13507.6 1083.17
-3690.72  5369.23
3784.62 3546.01
-8908.89   5750.2
10499.8 904.213
-3205.63  5512.16
-4388.56  4891.15
23208.4 1033.01
-853.765  533.723
993.443 4315.74
2477.28 5611.21
-2283.09  5268.84
1211.14 4693.56
-1794.97  4032.83
12148.1 3201.41
-16594.1 -113.156
-7720.7 5484.28
12980.7  4483.5
15873.9 1485.27
17523.6 3957.16
-3480.95  3825.64
11305.8 3409.73
15422.8 1393.16
2498.55 4234.55
  -3836 5390.96
-4839.95  4756.42
-13617.9  6471.99
-3236.46  5251.98
-739.088  3885.18
15988.4 5402.33
-13420.5 -216.562
1166.42 4697.55
 15269.9 -450.923
-4944.51   4787.2
-65.5465  1049.07
 4163.17 -75.8126
-18256.2  5940.07
8428.96 5889.08
-8199.44  4517.64
12693.2 3197.48
-1129.23  1377.08
13062.6 4493.17
7344.68 3744.53
-3205.83  4874.59
-4111.66  4976.97
-11304.1  5618.03
-23527.5  2333.95
15141.5  1879.2
-7036.72  5292.22
-1318.59   4080.1
-20910.7  5690.94
 2768.14 -641.946
  13032 4487.83
63.7638 1093.03
8570.11 3619.36
15175.4 3733.13
-4567.76  4852.67
8361.99  3724.2
-210.049  3936.95
2550.93 3733.19
11584.4 3127.86
-4049.98  5250.02
-20157.1   5861.9
  18030 1808.22
15825.3 3329.49
14654.7 767.723
17379.1 695.463
-12251.6   892.62
15681.4 5341.72
14275.1  1618.9
7455.71 3633.56
698.444 3878.99
-7451.96  5396.76
-2499.97  4888.97
  15826 1235.81
-20989.5  5863.48
  14317 5722.89
-1989.67  4989.74
14024.8 1041.65
3253.01 3348.26
  12981 3862.11
9247.58 4164.21
-7770.85  1390.07
12835.3 3801.32
-11018.3  1466.42
  14532 4104.79
 5408.01 -118.286
15777.4 1243.02
7790.72 4737.87
-1865.86  4864.37
-10880.9 -44.7253
11874.6 3790.88
-443.874  3954.48
-783.538   3885.9
-1055.23  4781.73
21071.1 2549.47
-15652.5  6396.18
14452.8 4053.64
14001.2 5868.33
 -16951 6222.88
-12636.4  4943.62
4525.94 1527.95
-10313.6   4580.3
 -21530 5784.13
-10205.8  4186.79
13044.4 3337.65
-16823.6  6222.42
-4615.45  4863.76
-3382.45   5232.9
-11110.1  3809.46
3768.43 3535.22
-5232.63  4768.79
-36893.5  -1695.3
-1483.54  1536.89
 1457.17 -719.581
2713.97 3686.78
-11731.8  4359.21
550.628 3906.81
8803.67 3614.98
9035.38 3614.06
-10513.6  1518.43
11232.7 3375.22
-4093.07  5145.21
  11594 5619.82
12682.2 3168.16
15936.5 4337.44
-4789.79  3916.17
-16653.9 -396.623
15478.9 3686.48
-14974.6   616.24
-11164.1  3841.97
16963.1 4587.16
3579.87 900.769
-4219.63  3926.56
-511.522  1546.67
-11091.9  3814.81
15182.4 3880.31
-21919.5  2663.81
-24790.1 -2135.17
 1745.9 4301.78
306.156  3872.1
 -10577 5329.81
15556.9 1285.84
16018.8 3975.71
  11297 3397.66
-469.55 1039.77
12584.3 3146.17
-6968.39  5325.45
-4652.55  5511.25
1142.44 2488.07
12844.9 3806.43
16270.8 3622.43
15541.7 4029.09
-4586.49  4782.97
7113.02 4001.22
-288.64 4324.35
-5529.63  5472.56
 3912.97 -151.998
-19873.8  79.6177
 4832.8 1511.32
3491.87 3405.57
 -29018 1813.24
-5529.22   5473.6
422.825 3944.23
-19948.1   63.166
1292.48  2657.5
11859.2 3839.52
 -74.41 3755.42
14919.7 1498.59
 -10124 4213.05
-26532.5  1831.55
-107.635  1301.21
3686.79 875.923
-3275.15  5147.71
9523.52 3229.68
926.127 1283.83
11316.4 3407.99
3830.21 1348.68
-30938.1  1809.94
16342.3 3628.17
4306.93 1328.39
-1723.26  4874.18
 564.47 1366.61
13122.2 3893.77
8495.24  3288.7
10414.2  3265.9
12125.7 3695.96
19355.6 3015.09
-24603.2 -2109.99
-5097.17  2934.99
17196.6 4665.03
 -28351 1814.94
3468.17 3405.23
-4973.97  3640.27
-2947.84   4909.7
-19595.7  5942.95
-2119.42  546.368
8552.78 3690.87
11985.3  319.26
17884.3  1870.4
4935.01  1247.8
14223.3 3067.37
11194.6 3275.37
13765.9 3281.24
-9889.58  4229.74
4913.47 1326.82
697.746 1221.31
-5445.14  4583.65
-9883.69  4568.05
-28613.3  1572.66
4305.93 1329.31
-24549.1   6545.9
-4977.89  3638.46
4279.55 1523.78
-2051.85  1384.31
-280.225  1295.85
-16300.7  1560.44
14677.6 3530.05
-1671.72   4852.1
-59724.5 -6817.09
-6067.03  4066.76
-16069.4  119.544
198.916 3933.18
15962.8 5215.52
-45125.7  9974.61
-8035.42   4036.2
3122.27 1525.82
9886.18 3581.78
-4444.33  4821.08
11065.7 3252.94
-4112.19  4882.53
-16586.1  6342.19
-26953.4 -2363.94
17766.4 4644.58
-6288.18  5449.11
-20498.4  5098.17
-1143.04  4841.58
-3039.01  1425.78
-2178.79  4925.72
11885.6 3852.74
7136.99 248.111
 5193.03 -164.131
12236.5 4844.15
 4937.7 1246.08
-13493.4   -259.5
-93.5624  3897.93
11618.4 3893.96
-3740.49  5054.64
-80542.5  -663.67
-16134.2  364.692
4831.62 1511.17
 695.89 1218.87
-33183.6  7805.57
-855.758  557.879
2008.16 4273.89
11490.1 3268.26
-10826.1  642.345
202.635 3930.54
-32671.3  1706.79
16582.1  3893.1
3870.66 3690.57
42.6131 3888.35
14154.7 2886.29
1428.31 4873.19
11524.4 3876.22
2411.24 4247.06
 3609.7 900.057
8590.87 3434.29
-8202.82  1412.17
11497.2 3870.88
-8398.44  3936.84
-27500.9 -2450.03
-11712.4  3988.59
11215.1 404.626
-1005.29  508.662
5099.33 1313.61
-6259.66   5321.3
3883.07 3704.92
13813.1 3370.47
-9821.73  1278.09
500.719 3737.41
-6556.17  908.431
19479.9 3125.05
 -16409 1552.95
-1006.41  508.279
4229.46 997.115
4687.61 2463.28
-8619.75  1369.96
-2532.58  1378.42
-19663.4  7390.62
10990.9 3196.56
34.0664 3941.57
18139.3 460.147
5227.53  2454.8
-19687.1  7395.45
-26078.4  3470.19
16896.9 3967.01
-6454.13  13707.3
-25758.8 -1226.29
 3253.5 3345.06
12153.2  3683.1
16435.5 1180.49
-8479.36  1386.42
3463.67 3408.11
-1110.56  3784.08
-1020.35   4504.9
-2639.48  539.007
-2087.95   5186.9
9518.54 3229.11
-14951.2  3912.32
-7542.19  831.931
 5230.43 -114.835
-1717.27  3842.31
-3701.14  3825.16
3840.12 1283.55
-6315.75  5083.64
-85675.1 -861.121
3020.36 3375.51
-6832.79  4765.46
469.184 1374.97
2110.16 1160.65
11213.8 3673.99
  -6273 13485.7
271.044 3745.35
 4113.85 -73.8474
-6438.5 13685.9
3849.17 3545.64
-7229.03  1245.48
11479.1 4868.25
-14471.3  601.988
901.574 1340.04
-4214.93  4996.02
-1368.26  4725.79
10736.5 3273.69
-30105.2  2785.42
2147.88 3754.99
-4897.82  5127.86
2384.82  1333.8
3079.27 1523.36
16085.6 1064.83
-6359.28  500.514
-26758.6 -2335.21
11143.4 3169.37
-105.198  3964.59
-2797.26  4592.81
323.486 3928.84
-4850.84  4388.97
19605.3 2464.48
16337.6 1387.36
5418.86 1224.78
-4180.87  4754.51
-15859.4  7057.45
-3449.49  4115.44
1605.95  4328.7
599.767 3943.04
-25057.1  5262.56
-2501.42  3845.73
4688.97 2463.29
647.319 3864.52
-957.865  4694.69
11164.2  3671.5
-27271.9  2301.56
-8876.24  1315.89
 5039.85 -125.167
-15726.5   520.36
621.055 3922.81
-7779.82  787.631
-1633.76  4837.28
3489.04 3562.46
-1864.15  5025.99
-15666.3   259.67
-4176.6 1462.35
-808.136  4085.88
-506.415  1406.98
  -19536 -1341.69
-2298.7 9119.22
3117.36  1515.2
692.114 1209.23
-902.294  1326.57
3850.13 3664.45
22710.3 2054.45
-766.571  3856.77
3758.45 1394.21
-2812.28  4299.13
 5796.05 -45.9244
40.4238 1356.21
11263.5  3904.5
2344.71 4246.21
-2013.41   5331.4
-3435.64  4114.32
-1436.37  4757.64
-6348.89  5466.23
3037.92 3573.11
-25561.9 -2365.74
-6203.82  5485.16
-8842.79  1317.36
-5553.53  4118.23
-1432.22  4204.15
3330.92 1854.99
9428.06 3162.04
3621.14 1578.45
-1264.65  1010.18
-3299.51  3853.25
-29197.4 -824.306
-2911.43  5180.26
83.0463 1085.51
-3642.17  5022.81
  15339 845.676
-1533.65  846.712
-283.879  4073.09
-8181.1 1379.71
-29797.1  2444.42
  15618 3197.56
-4319.72  4108.89
-15684.6  401.895
  11416 3858.32
-9284.36   459.13
-2359.34   5280.3
-1888.87  4530.52
-13056.1  1674.42
-11122.2  789.315
-3257.05  3837.15
2812.57 3537.14
9342.43 3733.67
-2282.05  3845.25
-2948.16  4095.99
-29652.3  8575.32
-496.643  4082.01
8450.42 3293.52
-29337.4 -837.933
-7222.77  20.1021
-3459.39  4100.71
-11978.6  1360.48
-1293.56   3925.3
3501.25 2469.59
3843.47 3665.33
-4807.85   4380.5
-17114.4  429.124
-32394.9  1358.33
-1831.83  4095.44
-1001.14   1319.8
  -5062 4121.93
 53.682 1185.31
-5865.33  4556.44
-5867.85  4558.08
40.5331 3751.71
 4236.26 -113.939
-31469.5  2547.06
 4815.1 1523.76
11119.4 3666.74
