940.101 3826.96
 5951.1 2710.23
259.169  3867.9
 5951.1 2710.23
-1341.78  3937.65
940.101 3826.96
-2849.81  4292.16
4066.56 3482.83
-2826.77  4289.52
-226.147  4204.32
259.169  3867.9
-83.1214  3886.32
3729.59 3687.71
259.169  3867.9
-2863.15  4294.89
3732.02 3698.45
-3958.59  5553.16
-1223.21  3934.65
-1643.52  5231.98
-1341.78  3937.65
-3596.64  4283.69
-5050.78  5621.07
-83.5732  3819.94
-4732.1 5321.12
10760.1 3768.74
12922.8 4849.54
-158.178  3762.46
-4737.48  5318.78
-8701.91  1209.61
-4732.1 5321.12
13143.3 4569.66
-1776.24  5288.17
-8701.91  1209.61
13143.3 4569.66
11104.7 3748.42
1191.27 3837.12
-187.014  3921.36
17746.9 1580.45
506.036 3885.14
17746.9 1580.45
13580.9 4500.04
506.036 3885.14
11981.5 4712.35
162.775  3903.7
733.429 3867.56
-4213.67  5273.57
-2583.74  5296.77
-6212.56  5323.42
11981.5 4712.35
12916.7 4551.11
-7094.21  5234.96
  12999 4785.65
-1765.95  5274.42
12916.7 4551.11
-9746.91   5433.8
11903.5 4696.61
-4213.67  5273.57
12916.7 4551.11
12916.7 4551.11
-3380.87  5594.52
-2863.84  5278.85
11842.4 4682.31
-4257.53  5611.94
-3378.21  4599.45
11842.4 4682.31
-8090.89  4967.35
798.865 3773.68
155.788 5495.97
-4182.8 5310.51
-2863.84  5278.85
 6029.3 5720.21
2050.71 3601.91
-4257.53  5611.94
-3204.65  5052.05
-6528.62  4588.77
9005.15 3717.02
3624.81  3709.8
12916.7 4551.11
4066.56 3482.83
13841.2 1651.32
 -12508 2050.96
155.788 5495.97
-4773.68  4586.12
-4435.75  5296.18
-15322.2  2074.44
16833.7 1588.45
-4435.75  5296.18
-1765.95  5274.42
13000.1 4826.98
-2868.49  5279.97
-6528.62  4588.77
6140.61  5419.3
-20153.8  6193.21
-6538.28  5701.22
-8757.98  4955.37
13670.2  4436.6
-3498.28  5385.38
16860.5 1580.12
-19782.4  4544.44
-3676.71  5298.98
 315.71 4513.84
-4425.37  5293.63
-6538.28  5701.22
12486.3   113.3
-4248.11  5235.93
12988.5 3008.82
-2736.58  5228.05
-4248.11  5235.93
15475.9 4202.78
-11560.6  5346.26
-2923.84  5247.96
-2482.22  5466.05
-334.267  3949.63
-4248.11  5235.93
-3185.93  5442.24
12436.2 4934.76
-9568.74  7482.38
-1860.56  5279.07
-3185.93  5442.24
-2451.84  5517.37
-6576.67  5382.93
-16228.2   1998.2
  -1531 4540.49
-2451.84  5517.37
12760.9  3073.6
15475.9 4202.78
 8000.83 -584.548
15716.6 4184.52
-20150.2  2428.54
-2687.89  5117.86
-5035.2 5254.68
 7502.8 3850.94
11766.5 3636.17
11909.5 4924.39
-2093.99  4035.72
3973.12 5500.98
-6493.15  5521.02
12686.4 3337.81
 9277.64 -582.957
-15677.2  7227.66
13423.3 3232.74
-6327.43  5240.24
-2476.61  5532.74
-4349.04  5412.31
20600.6  4842.8
10415.8 3134.34
3651.37 3676.49
-7339.74  5697.66
12760.9  3073.6
11909.5 4924.39
-5539.07  5389.78
1633.26 1572.89
-24000.7  1312.11
-3287.77  5808.82
-1377.21  5084.84
-1122.75  4559.43
-2680.36  5543.79
1633.26 1572.89
12450.4 4890.18
-3059.55  5041.45
12450.4 4890.18
12686.4 3337.81
4553.23 3421.48
-2540.77  3987.78
-2736.09  5226.02
-2249.21  5763.74
 168.92 5475.56
-2353.02  5433.74
16502.2 3632.23
-9060.33  5031.52
-760.716  4200.43
-5539.07  5389.78
14588.1 1550.43
-4798.31  5393.43
-4182.06  5488.54
15660.7 1636.69
-4433.05   5127.4
-2695.49  5379.95
222.357 5402.24
-7241.27  5157.96
 3624.4 1945.99
-2680.36  5543.79
3607.94 1953.39
1632.7 1579.9
12450.4 4890.18
14273.8 3089.07
 -22905 7114.17
10415.8 3134.34
-9834.45  5182.08
-2680.36  5543.79
12450.4 4890.18
-2343.75  4025.29
-2540.77  3987.78
-1122.75  4559.43
13034.6 6634.24
10281.9 3121.95
10291.9 3122.33
-4022.75  5456.03
-3498.28  5385.38
3617.07 3672.59
12298.6 3336.27
-9060.33  5031.52
4580.09 5484.66
12757.1 3233.03
14017.9 3152.33
-32462.6  2286.32
-4169.16   4637.6
12010.7 4007.32
-16810.4  7466.14
15116.4 1659.73
-971.932  4481.55
-8265.92  190.402
1687.85 1591.84
-3602.52  4205.13
-1851.22  4022.74
-2857.89  4981.57
5389.23 4787.47
-8375.99  5381.74
-9355.35  1063.05
-634.262  5393.27
5389.23 4787.47
12751.6  4857.9
-351.339  3984.66
3691.29 3667.46
-2212.49   5129.1
945.438 1705.08
-20354.1   2089.3
-5186.54   5140.9
12751.6  4857.9
13654.9 3679.54
16009.5 5744.43
-5240.21  5396.24
439.589 1714.54
4196.98 3575.82
  -35047 -135.342
12298.6 3336.27
3635.52 3782.26
1687.85 1591.84
6378.54 141.462
6865.25 3897.44
-1851.22  4022.74
1687.91 1586.21
275.304 3929.16
-271.936  3908.88
 37.023 3941.74
-8812.29   5519.9
13914.4 3157.94
500.705 3917.51
-14903.6  2352.49
13627.1 3342.13
10733.1 11714.7
-15906.3  7197.86
-3188.9 4027.39
275.304 3929.16
-15528.1  4569.83
-999.098  3904.82
19007.3 3783.14
344.271 3923.89
-264.544  3885.11
-474.087   3979.3
-3184.78  3936.02
14388.9 1112.67
-1165.05  5474.15
19007.3 3783.14
6378.54 141.462
-3969.18  5054.33
1341.71 3743.47
-1982.83  5106.57
-2133.7 5189.83
  14096 7110.01
-9060.33  5031.52
1233.89 3750.01
 4565.4 3543.43
-481.77 1760.51
-5097.2 5002.71
-8429.19  1280.89
14268.7 1123.06
-5240.21  5396.24
-8812.29   5519.9
-662.821  3892.87
1632.7 1579.9
-5645.87  4857.89
5389.23 4787.47
14797.8 3107.07
13339.7  3201.6
-4983.43  5486.09
5236.18 -37.196
-2857.89  4981.57
-9389.8  5151.5
-7453.99  5249.68
17893.8 5291.54
  10295 3205.54
 -10928 5361.26
-7984.98  5350.12
1080.06 1269.11
-1849.65  5415.51
-4494.9 5149.17
-260.834  1013.18
9040.56 3642.23
-662.821  3892.87
-19077.8  3875.47
 -43823 3887.13
9040.56 3642.23
-4011.24  5065.05
-37954.7  4112.44
4932.4 3717.8
 -18710 3369.57
  18641 1044.05
15841.4 3203.89
-471.958  3968.97
-3170.13  6037.42
11742.8 3323.89
15707.3 3429.67
-3184.78  3936.02
147.091 4497.28
-7368.24  5505.49
15475.5 3567.73
-5318.54  5056.05
3501.38 3614.32
-471.958  3968.97
-3170.13  6037.42
-12444.4  7125.66
253.749 3845.65
13256.4 3418.94
  14698 3218.34
 4994.44 -24.2284
-260.834  1013.18
5999.62 5666.24
-723.088  987.125
-5724.47  5628.01
15125.5 3175.29
-15533.8   3187.7
6655.04 2506.53
-19524.6  3519.54
-25560.8  7845.83
-19120.4  2098.72
-3175.54  5199.88
-260.834  1013.18
18515.7 1058.46
19842.4 1683.24
4308.37  5699.4
5236.18 -37.196
-5645.87  4857.89
  16138 3512.03
-33582.4  1532.77
-11465.8  911.675
9824.97 3335.83
-11397.4  5385.36
 4994.44 -24.2284
-17465.8  2070.32
360.345 3842.36
-394.075  3999.13
4954.71 3783.91
-547.47 3985.83
-279.045  4089.29
-3184.78  3936.02
 3721.5 3681.98
-10367.8  5316.66
  16456 3272.45
16941.1  3341.7
-3831.93  5016.41
4954.71 3783.91
6852.39 3864.28
-44.2072  4040.08
-4798.31  5393.43
1239.11  1675.8
-3184.78  3936.02
 4565.4 3543.43
4444.38  16.743
-23877.5  3196.73
253.749 3845.65
-44.2072  4040.08
20780.3 3840.59
5275.31  183.56
19294.8 4880.43
-19759.1  4995.92
-2797.12   4731.5
17003.7 4242.11
258.959 1760.86
1277.46 1555.12
17893.8 5291.54
14249.2 3614.77
5885.85 2812.42
183.314 5479.33
-4262.75  5164.49
-5476.16  4079.81
-4589.29  4497.09
5092.93 205.228
12337.5 3253.78
253.749 3845.65
11653.8 7462.28
-4309.15  5171.38
  17264 3399.17
-2572.35  340.257
11793.7  3340.5
  19373 3844.15
 228.26 4440.58
15841.4 3203.89
20262.5  3949.1
  12115 226.869
344.271 3923.89
-6411.33  4793.93
-4869.73   5073.3
14249.2 3614.77
-7016.37  5428.18
-2797.12   4731.5
20279.5 2455.41
 -22010 2389.78
-5476.16  4079.81
-3805.4 7179.04
-19278.4  6863.89
-5788.64  5186.39
  14698 3218.34
5397.74 3777.95
17873.8 2409.34
-98.223 3811.33
-1920.04  5461.74
-2920.38  4137.98
15464.6 3110.35
18126.5 3911.91
-591.907  1135.61
-19278.4  6863.89
10107.8 673.412
253.749 3845.65
14409.3 3141.69
-20935.5  3289.35
-2752.51  5471.25
-2752.51  5471.25
-5097.2 5002.71
-17319.1  4705.46
-8973.31  241.232
 1039.66 -1.10116
13653.7 3742.44
-208.973  1772.09
8836.08  3717.4
14454.9 3128.23
 228.26 4440.58
-2494.54  5014.16
-1577.1 1715.14
-54504.6  -97.774
-5729.34  4113.87
7348.17 3863.73
-6729.73  5501.98
-2077.42   660.44
23395.2 806.635
-1096.82  5134.12
-3405.63  3936.53
-2372.06  3807.04
24.0241 4017.15
15894.7 3305.32
17537.4  5346.4
-741.142  982.224
115.545 1568.05
-21838.8  2510.24
 4994.44 -24.2284
14726.5 3576.76
-316.57 1212.31
-10681.9  1956.25
-2378.74   3796.4
-10681.9  1956.25
-572.753  3988.36
 1142.1 1275.84
8453.19 3723.62
13771.7 1454.58
-797.316  4177.91
  14698 3218.34
-8464.23  1159.49
-5097.2 5002.71
-19727.2  2307.96
4278.74 3574.95
 -40457 3951.58
18178.1 4535.64
534.595 1189.61
-3865.89  5026.36
9129.18 3784.05
-6188.39  7761.65
-2077.42   660.44
-5724.47  5628.01
-4309.15  5171.38
12359.8 3316.51
-2372.06  3807.04
13653.7 3742.44
-3084.72  5391.41
-2111.75   5500.6
11253.3 12563.9
-17289.4  6381.83
4531.58 3392.95
648.134 1219.82
4435.44 3868.19
-8779.85  268.233
-3428.16  5174.88
13661.1 877.529
5857.31 3596.17
-392.565   4474.9
15196.2 954.637
-3626.93   5501.3
4239.98 3529.52
-6898.81  5976.88
 5496.2 974.845
-4011.73   5629.1
-4304.35  5048.01
23395.2 806.635
5.37154 707.148
 228.26 4440.58
4287.95 5491.38
-545.298  5315.59
6306.99  4641.6
-1269.77  4137.06
13321.5 3019.43
-12984.2  169.775
-7410.48  5659.63
15779.3 4155.21
17196.5 1266.11
17995.1 3769.39
-3405.63  3936.53
13339.7  3201.6
16671.7 1208.03
3865.85 4262.69
-3744.67  5514.26
-4823.87  4945.71
-11048.4  6775.36
-2388.76   5374.1
-273.788  3965.71
19162.3 4817.67
-9493.55   7.6655
6306.99  4641.6
 16031.9 -614.426
-4823.87  4945.71
-233.319  1138.25
 4619.8 33.6012
-17289.4  6381.83
4963.47 5766.25
-4664.08  4752.18
13966.2 2988.36
950.023  1527.5
15779.3 4155.21
8453.19 3723.62
-3903.09  5036.31
-3299.4 5115.96
-4758.82  5708.66
-21649.8   2847.1
16078.2 1652.74
-5348.1 5508.54
-794.686  4165.74
-16305.4  6354.96
 6956.54 -576.906
15779.3 4155.21
648.134 1219.82
9629.19 3547.49
  16138 3512.03
-3831.93  5016.41
8848.98 3693.99
630.297 3978.16
4937.23 3737.65
12734.4 2969.87
-3138.21  5373.07
-16831.9  6442.83
18904.5 1530.49
17155.1 3068.44
16368.7 669.692
19396.2 510.321
-9383.04  1186.39
18815.1 4778.08
15237.7 1451.05
5857.31 3596.17
547.193 3967.16
-7254.63  5602.44
-2494.54  5014.16
17156.1 1056.15
-16117.2  6542.28
17005.1 5290.71
-1978.57  5095.79
15731.3 909.367
4285.92 3368.83
14917.3 3610.83
  11182 4048.51
-5957.04  1614.56
14681.2 3551.03
-9302.92  1745.26
16717.2 3788.76
 5567.65 -15.5277
17156.1 1056.15
 2558.5 4778.09
-1845.39  4966.48
-7047.82  154.989
13713.5 3576.57
-931.602  4074.98
-314.509  3963.68
-1041.2 4865.62
21904.6 2205.83
14226.8 6001.35
16456.1 3739.95
17899.6 5220.25
-11048.4  6775.36
-11775.5   5245.3
4128.84 1575.46
-9611.41  4846.49
-16697.1  6452.43
-7760.63  4539.33
14409.3 3141.69
-10931.9  6776.57
-3831.93  5016.41
-1699.89  5332.59
-9397.12  4080.35
4098.82 3524.34
-3817.06  4933.87
-30417.2 -872.489
303.203 1672.72
 6956.54 -576.906
5013.35 3707.96
-8551.29  4657.86
388.986 3997.35
9629.19 3547.49
9629.19 3547.49
-8770.42  1795.56
12753.6 3216.87
-3211.61  5276.49
 13822 5347.9
13966.2 2988.36
18014.1  3954.2
-5061.27  4061.45
-12096.7 -61.3329
15823.1  3520.7
-11865.7  948.171
-9397.12  4080.35
19102.1 4142.35
3812.38 990.892
-3446.72  4037.39
1107.01 1692.63
-9397.12  4080.35
  17612 3487.16
-20149.5  3127.78
-19381.4 -2073.03
4984.5 4253.1
1111.16 3899.92
-7410.48  5659.63
16982.3 1086.68
17678.7 3647.37
12753.6 3216.87
-598.316  1140.43
13733.2 2952.16
-6729.73  5501.98
-5389.9 5648.59
6137.34  2529.4
14681.2 3551.03
17746.4 3331.02
  17431 3716.58
-3817.06  4933.87
6913.96 3965.61
-878.379  4423.18
-4584.53  5651.95
  4449.2 -27.3316
-16383.7  438.228
4400.08 1558.25
4577.49 3444.39
-26376.5  2432.03
-4584.53  5651.95
1046.77  3982.9
-16383.7  438.228
5911.87 2702.54
13722.2 3628.69
-408.436  3857.03
16116.7 1307.91
-7760.63  4539.33
-24342.9  2409.27
376.501  1398.8
3919.35 959.236
-3211.61  5276.49
10926.1 3109.65
1437.46 1386.92
12757.1 3233.03
4100.03 1393.62
-28060.6  2463.69
17746.4 3331.02
4093.59 1385.18
-1706.41  4972.32
1017.77 1472.11
14917.3 3610.83
9815.78 3193.19
11689.6 3118.39
  14015 3487.28
20215.7 2708.63
-19381.4 -2073.03
-43.8382  3035.72
19232.8 4171.64
-25654.6  2424.45
4551.61 3442.46
-2410.51  3766.59
-2894.75  5035.67
-15592.2  6594.38
-733.715  738.083
9040.56 3642.23
12646.6 176.025
  18804 1592.01
3897.58 1306.99
14415.5 2842.56
12413.3  3107.4
14988.8 3062.27
-6800.7 4492.91
4276.92 1384.06
1258.99 1339.84
-4213.38  4774.56
-9194.58  4823.11
 -26224 2194.64
 4261.9 1375.74
-20883.2  7283.99
-2410.51  3766.59
2754.56 1603.35
-2619.86  1527.35
126.659 1397.42
-14451.3  1943.25
16053.5 3276.15
-1603.72  4926.36
-58980.2  -8225.7
-3107.98  4232.68
-12655.9  439.318
-476.705  4055.01
19304.8 4731.69
-39164.3  11844.4
-5658.34  4254.98
2569.96 1594.91
11480.8 3439.44
-3718.24  4981.65
12326.5 3098.29
-3309.27  5015.01
-16050.7  6679.75
-21593.9 -2350.01
20175.6 4195.94
-5389.9 5648.59
-17988.6  5610.35
-393.807  4892.54
-1176.11  1578.22
-2141.3 5030.24
13722.2 3628.69
11745.4   220.6
 5143.19 -48.5489
14951.6 4389.58
3897.58 1306.99
-9493.29 -42.9213
-225.747  3993.33
13373.4 3675.77
-2855.15  5162.46
-80024.4  729.459
-12962.4  680.359
4400.08 1558.25
1258.99 1339.84
-28838.1  8861.03
-11.5091  726.296
5295.69 4256.09
11661.9 3154.55
-7955.56   899.64
-476.705  4055.01
-29655.4   2394.9
17678.7 3647.37
4327.15 3682.61
858.719 3924.64
14415.5 2842.56
5713.28 4830.34
13261.9 3660.03
 4109.3 4265.61
 3821.6 991.704
9962.97 3341.38
-6350.51  1644.93
13261.9 3660.03
-5710.59  4162.42
-21593.9 -2350.01
-9875.74  4261.37
12202.5 291.304
-117.47  690.67
4276.92 1384.06
-6147.09  5510.06
4327.15 3682.61
12359.8 3316.51
-7883.71   1516.5
819.025 3794.41
-3797.41  1103.26
20292.8 2818.71
-14451.3  1943.25
-117.47  690.67
6639.92 1014.56
6616.53 2500.58
-6754.8 1600.27
-1522.27  1543.85
-18964.4  7843.57
12209.3 3040.06
275.212  4014.9
20524.2 288.174
6616.53 2500.58
-18964.4  7843.57
-23459.1  4001.54
  18652 3623.68
12382.7 12238.2
-21363.1 -933.221
4631.06 3380.81
14011.2 3472.42
  17586 1007.09
-6603.74  1621.55
4551.61 3442.46
-748.411  3870.85
-1029.04  4604.76
-733.715  738.083
-1269.56  5279.92
10926.1 3109.65
-12889.7  4270.83
-4637.19  1029.27
5181.07 -1.1616
-1582.33  3953.32
-3405.63  3936.53
4123.48 1333.16
-3211.61  5276.49
-80024.4  729.459
4736.71 3399.22
-5257.12  4929.18
1005.99 1484.91
5021.03  1226.2
12971.2 3481.92
12264.7 12121.9
819.025 3794.41
 4795.6 21.5265
12382.7 12238.2
4246.03 3527.71
-5525.87  1474.53
13790.2  4620.5
-11615.4   893.92
1102.98  1437.6
-3317.96  5112.66
-1336.88  4805.99
11983.5 3118.15
-27740.4  3394.51
4883.02 3733.65
-4037.59  5287.74
4823.92 1366.91
3258.12 1621.81
17592.5 884.522
-2528.92  693.655
-21593.9 -2350.01
12298.5 3010.88
238.082 4035.26
-2104.66  4705.19
179.108 4019.82
-3090.76  4541.56
20412.4 2147.74
17729.9 1163.53
4344.06 1314.96
-3469.7 4911.42
-13486.1  7554.55
-287.268  4162.63
4954.78 4268.44
849.715 4002.67
-22015.6   5862.7
-1582.33  3953.32
6616.53 2500.58
854.766 3926.26
-211.936  4734.36
12971.2 3481.92
-25070.6  2874.28
-6864.11  1557.47
 5431.73 -31.2477
-12346.3  875.141
959.249 3976.27
-4823.86  996.432
-1603.72  4926.36
6296.98 3536.45
-1102.03  5127.36
-12424.9   567.94
-2399.27   1624.7
-287.268  4162.63
1059.24 1539.87
-14594.4 -1205.97
9184.96 8608.51
 3838.8 1573.17
1253.26 1325.29
187.015 1446.25
4302.02 3654.66
23032.2 1675.56
-319.187  3934.18
4184.47 1486.18
-2771.26  4436.03
 5431.73 -31.2477
352.366 1446.32
13122.8 3719.33
3897.81  4267.3
-149.483  5379.86
-287.268  4162.63
-1336.88  4805.99
-5389.9 5648.59
4636.32 3597.85
-20042.7 -2370.16
-5234.19  5654.68
-6864.11  1557.47
-5658.34  4254.98
 9681.8 4104.24
 3948.6 1930.07
11011.3 3050.67
4168.11 1620.37
-591.907  1135.61
-1582.33  3953.32
-24649.6 -357.777
-1269.56  5279.92
676.091 1214.78
-5052.88  5181.38
  17032 724.699
-841.042  975.595
226.011 4141.22
-6324.46   1606.6
-27229.1  3056.96
 16718 2951.2
-3108.55  4225.77
-12301.1  732.496
13261.9 3660.03
-6128.43   671.19
-2328.31  5384.58
-1220.23  4613.12
-11452.8  2002.15
-8662.65  1088.62
-1767.97  3939.11
4554.92 3541.16
9897.66 3669.33
-1582.33  3953.32
-4692.91  4245.45
-28054.3  9032.12
17.6675 4147.19
9809.39 3205.02
-24649.6 -357.777
-2920.23  217.549
-4692.91  4245.45
-10092.3  1658.67
-91.1622  3982.79
6616.53 2500.58
4433.59 3657.28
-3620.57  4542.08
-12691.3  850.479
-29376.1  2047.75
-287.268  4162.63
419.387 1440.54
-5658.34  4254.98
565.656 1287.92
-2106.31  4704.93
-2106.31  4704.93
-408.436  3857.03
4311.52 18.1788
-28770.5  3180.54
4389.45 1568.75
12971.2 3481.92
