 6018.9 1707.98
5965.45 1542.37
4574.23 432.294
5556.42 1369.63
 6193.3 1786.25
5014.88 605.636
5368.41  792.81
5287.82 1081.73
 5139.9 661.398
5259.12 1220.04
4764.27 952.066
5364.13 792.611
5722.26 1041.39
6015.69  1298.9
6547.78 2347.37
5996.26  1313.5
4544.48 376.685
4731.17 482.454
4754.17 506.162
1155.34  1874.3
5952.72 1536.55
4544.98  441.93
 6298.4 1858.49
4219.63 370.111
991.443 1971.58
5996.54 1315.88
990.557 2251.11
5198.42 908.085
4239.37 375.006
5200.57 891.592
5357.62 984.418
5204.66 694.241
6343.97 1798.13
5386.79 780.234
1086.99 1960.33
6480.6 2568.7
5119.82 1111.48
5907.02 1214.73
6456.73 2580.93
4249.91 351.922
6364.12 1840.94
 5802.2 1134.77
5030.86 1126.31
4560.18 412.244
4784.32 460.325
4668.63 694.332
5182.18 1231.02
1013.02 1919.79
4777.09 451.074
 4799.4 475.098
5945.79 1231.25
4395.27 926.219
989.657 1937.06
 969.73 2025.75
991.745 2241.53
5102.57 1104.51
6268.32 1816.08
6485.21 2576.02
5080.31   999.6
5199.85 1082.73
4829.91 768.466
4986.92 1154.95
932.697  1977.5
5025.85 561.529
5142.16 1126.11
6303.87 1748.25
 5199.6 641.253
4225.51 312.514
5347.21 1122.03
6457.25 2592.98
5081.83  1102.3
4166.68 767.708
4549.87 368.294
4990.15 1158.58
1004.24 2037.78
5414.73 1329.48
985.184 2260.68
5718.25 1024.95
5214.25 663.157
5546.43 1395.18
4743.55 1081.32
4552.79 385.959
5020.24 1044.59
5446.96 1053.32
5879.53 1173.76
4933.06  1021.6
 994.99 1923.15
5936.95 1264.68
5879.63 1173.96
4694.58 455.463
6545.49 2524.56
 4557.6 441.357
4747.15 462.206
  4672 718.65
5448.56 891.466
6215.25 1230.15
6538.13 2378.64
5088.22 3662.92
 5004.5 575.094
 6449.3 2413.11
4523.09 403.351
4458.17 477.192
5269.83 1084.86
5094.33 1158.89
5684.77 1374.13
6382.82 1603.42
4764.02 960.286
4579.84 458.514
4622.83  3925.6
4978.74 961.272
6045.95 1627.28
5460.54 1286.15
6552.86 2392.18
4501.65 881.005
1056.27 2184.64
976.93 2216.7
5208.63 711.702
4422.45 3968.38
968.231 2238.91
987.144 1949.51
5628.76 1380.06
6479.23 2525.69
 6509.3 2553.21
5247.39 1177.09
4839.68 3738.89
4727.51 553.375
4336.79 849.688
877.152  2264.2
 5011.5 1076.28
4075.93 816.136
1060.53 2184.16
6524.07  2447.2
5438.74 1039.83
4850.43 1023.91
6101.21 1599.53
1062.59 2160.47
4347.67 851.459
5173.27 642.545
5519.1 841.98
879.241    2291
 5351.9 999.469
4595.82 470.848
6550.22 2366.76
6548.68 2547.81
   1063 2163.14
5895.69 1168.51
 1039.1 2185.18
5009.48 620.532
983.162 1987.75
6123.03 1779.92
5275.66 1187.12
 6008.6 1292.44
6202.05 1871.05
5274.25 1189.31
6510.15 2332.38
924.935 2279.22
5968.17 1164.36
4729.98 552.376
4674.35  706.96
4445.24 876.657
5466.28 3491.52
 5132.1 722.667
4775.09 953.425
 4743.9 450.349
1007.41 1959.71
4752.43 570.951
4653.19 939.867
 4750.4 565.834
1068.07 2191.38
1344.19 1271.42
4743.43 448.053
6310.46 1833.59
 6487.4 2388.97
1050.58 2184.42
4503.45 966.917
6503.68 2555.18
5336.72 1216.62
4374.81  3949.4
4465.08 891.608
986.899 2213.67
5034.54 546.494
 1976.7 1462.67
 5169.5 650.996
6495.61 2562.09
4617.66 836.345
1000.09 2176.96
4726.52 553.702
 4245.9 307.471
5143.22 3642.72
6040.65 1351.19
5146.67 1037.69
6216.41 1875.51
4228.89 325.779
5077.32 4287.69
892.837 2405.69
5438.98 892.452
6251.87 3430.07
 5742.3 1026.54
 4787.6 446.965
4672.34 3905.16
 5340.2 1238.62
1931.73 3317.49
937.856 2251.98
5745.45 999.234
857.996 2339.42
4704.19 510.439
 4821.9 631.049
5006.17 1037.49
4793.49 941.543
4208.15 322.685
4757.43 944.904
922.709 2211.81
6222.05 1915.28
897.263 2265.53
4630.43 963.978
6551.04 2660.23
947.783 2251.41
1012.89 2164.16
5043.02 559.566
4590.36 980.308
1000.12 1939.49
990.299  2267.7
6509.68  2527.5
5202.63 1115.92
1019.18 2213.06
939.557 2212.36
5436.69 892.061
 6433.1 2610.14
929.903 2247.91
6518.57 2515.74
979.844 2262.64
4549.81 4103.93
5187.01 656.839
6470.54 2398.77
6518.46 2501.59
4785.04 1010.69
6449.42 2182.72
5198.27 787.939
929.688 2191.87
4766.15  469.23
4756.42 520.149
4476.84 991.502
5077.29  4284.7
4825.17 585.303
958.047 2252.72
4574.01 395.712
5739.55 997.608
5384.55 767.851
2097.27 936.456
6562.69 2525.07
959.548 2249.66
4763.29 469.356
 4588.9 4098.92
6562.79 2398.81
1101.06 1953.39
6542.23 2368.35
1208.31 3291.44
5235.55 1159.51
6518.24 2462.53
1021.39 2209.91
6508.47 2371.55
6180.06 1907.12
5927.36 1266.27
942.255  2267.7
901.847 2248.43
 1020.7 2171.79
5017.25 1047.38
4585.89 466.499
 942.81 2223.83
5960.95 1528.18
998.287 2182.39
4862.23 762.137
4900.56 1028.78
4981.39 1024.58
1025.39 2197.38
6019.27 1277.93
5133.49 1086.17
6222.18 3034.95
4376.37 3968.56
6526.03 2411.59
 4354.1 3869.49
6396.76 2110.14
   6516 2408.33
4668.21 927.885
 4764.2 4138.54
4267.31 4162.13
 5967.8 1353.25
5002.61 595.131
4613.99 3924.95
   1061 2362.67
4476.51 978.166
5194.98 645.497
4712.18 557.293
4393.17 957.138
4518.97 892.434
 5670.5 1081.42
4755.74 529.567
5494.02 961.685
5519.87 1299.36
5198.96 1139.67
5209.62 899.103
4707.93 534.228
4412.71 3962.21
4848.84 632.471
4818.67 3541.78
4704.78 534.225
968.347 2281.48
6473.07 2590.44
6526.75 2513.57
5863.29 1238.53
1014.53 1956.98
4391.95 944.748
6232.76 1854.07
5120.24 1049.59
924.689 2208.76
4274.71 4194.49
6245.76 1866.73
4774.62 950.451
933.916 1993.33
5053.56 1089.98
5017.91 572.177
6532.79 2513.77
934.271 1985.32
6144.07 3024.71
5758.59 1357.33
 5384.7 981.942
6552.42 2464.51
5516.99 819.253
4165.69  3831.4
6524.71 2393.09
940.049 1969.82
4755.01 738.293
6526.24 2393.79
4719.54 945.419
4579.42 835.656
5485.06 1315.96
4254.56 308.628
5056.69 3526.15
5211.87 620.632
6536.78 2508.82
4696.71 4068.63
999.806  2238.1
943.787 1967.27
1001.64 2250.54
4785.15 423.668
5524.35 1173.65
1010.95 1950.53
5974.26 1683.73
 4667.6 714.143
4745.11  595.89
4136.02 764.246
5235.13 1162.58
5521.73 824.184
4765.66 535.786
5171.41 675.471
4791.02 734.737
 6307.7 1739.81
4741.64  981.02
5611.43 949.321
6366.97 1618.55
892.675 2359.73
5055.48  3655.1
5986.62 1328.18
5849.08  1189.2
4138.22 907.807
3200.16 3873.94
4443.42 3966.51
4349.82 501.156
913.978 2247.08
4644.72 926.066
5744.55 1358.65
4336.99 3802.53
4459.16 996.475
5397.48 1209.96
6406.82    2145
4308.33 465.048
4264.98 968.657
4741.8 1061.7
914.345 2251.03
6388.24 2076.87
6325.23 1843.38
5036.74 1080.93
4534.18 1001.77
5953.56  1139.8
4998.86 1063.54
1083.34 2143.07
6354.27 1449.66
5846.65 1234.85
4145.49 775.171
4567.72 458.326
6425.47 2176.07
5580.13 1406.05
4885.36 3578.42
4571.29 3659.08
5262.38 791.915
5578.73  1349.4
4292.79 4265.07
923.095 2309.26
5832.49 1105.52
6230.19 1860.51
5473.55 885.973
4246.81 341.568
6633.67 2387.37
4831.14 3725.83
5211.48 768.498
6536.98 2400.31
 4348.5 997.202
948.807 2271.66
4473.43 521.448
6536.56 2420.09
4695.48 1130.42
6231.74 1871.76
5105.83 1092.62
6223.21 1857.59
3061.39 2131.07
4884.98 1016.23
6230.7 1925.3
6078.79  1710.7
6535.94 2451.15
1051.85 1959.25
4266.24 945.562
3059.14 2131.07
5221.35 1061.17
 6159.8 1654.62
4943.49 1038.67
4640.82 984.654
5368.09 811.555
5171.91 1028.76
6057.42  1707.7
