   5934 1621.46
5971.81 1541.13
   4432 412.874
5360.03 1276.85
6178.45 1753.44
4895.79 568.751
5274.94 753.267
5208.91 1055.74
5030.49 619.665
5056.74 1151.77
4565.53 924.675
5270.47 753.278
5660.46 999.158
 5975.6 1259.18
6544.07 2302.35
5954.86 1275.19
4402.83   354.6
4596.24 454.351
4620.39 479.914
1131.25 1948.22
5959.97 1536.59
4405.16 422.871
6296.25 1845.45
4060.63 366.162
991.071 2016.96
5955.13 1277.66
1007.92  2286.1
5106.76 877.061
4081.25  370.18
5108.01 860.586
5277.98 950.317
5104.06 655.211
6338.99 1784.31
5294.62 736.895
 1091.9 2005.49
6486.98 2513.64
5293.02 1198.63
5858.49  1175.1
6464.93 2525.68
4091.95 344.973
6359.03 1826.63
5743.44  1089.6
5219.38 1209.61
4419.53 393.186
 4650.2 428.825
4544.51  682.21
4814.52 1121.12
1014.17 1962.91
4641.78 420.205
4665.57 442.905
5897.76 1188.93
 4486.9 961.571
988.997 1980.47
976.283    2050
1009.22 2274.36
5280.08 1191.93
6265.46 1804.53
6491.89 2520.66
4991.15  978.54
5374.81 1177.65
4716.79 748.636
4657.95 1080.55
929.654 2021.01
4906.64 521.975
5318.89 1212.73
6288.72 1711.55
5096.73 599.856
4066.74 304.176
4990.96 976.602
6466.57 2536.06
5259.68 1189.43
4041.28 775.125
4407.82 345.587
4984.34 1171.45
1015.34 2063.02
5349.96 1307.02
1001.95 2296.95
5655.86 981.991
5113.43 623.557
5493.25 1371.65
 4903.1 1143.31
4412.72 364.486
 4848.4 1005.41
5375.24 1020.93
5825.26 1129.73
5378.11 1219.72
996.372 1966.37
5889.72 1222.27
5825.26 1129.83
4561.33 430.374
6545.87 2469.45
4417.57 422.712
4611.69   432.6
4549.39 702.603
5366.93 851.704
6174.69 1173.36
6535.32 2331.85
4984.91 3694.81
4884.52 538.212
6480.76 2381.36
4381.47 386.206
4321.12 462.963
 5429.6 1176.94
5272.95 1238.78
5593.95  1321.6
6338.24 1508.71
 4564.6 933.638
4439.91 438.236
4456.59  3989.6
4884.05 942.936
5976.15 1551.17
5235.21 1188.06
 6552.4 2341.72
 4292.9 867.852
1098.32 2196.01
994.789 2241.94
5109.61 673.449
4243.36 4029.08
981.827 2270.94
987.604 1994.01
 5492.6 1308.19
 6484.2 2471.62
6512.53 2499.22
5174.05 1158.54
4693.69 3776.44
 4595.3 526.525
4121.17 846.713
878.124  2299.7
4841.66 1037.83
4035.35 838.532
1104.71 2196.22
6523.17 2397.25
   5358 1005.34
4759.21  1017.2
6095.55  1588.4
1107.05 2164.46
4132.33 847.836
5067.72 603.966
5440.99 798.517
879.911 2310.97
5272.72 970.222
4453.41 452.372
 6546.9 2319.47
6549.46 2487.96
1108.59 2172.36
5842.52 1124.07
1073.27 2199.29
   4890 584.438
982.919 2034.12
6079.01 1721.66
5141.54 1141.53
 5967.1 1253.72
6311.16 1984.93
5139.34 1143.62
6507.26 2287.88
932.319 2318.17
 5925.4 1111.23
4597.47   525.9
4551.72 692.009
4224.12 866.254
5403.73 3525.24
5025.49 682.664
4860.37 998.575
4607.54 421.354
1008.52 2004.49
4619.22  542.42
4455.82 918.995
 4616.7 537.334
1115.58 2205.52
1681.43 1362.82
4606.77  419.14
 6307.5 1820.36
6486.42 2349.13
1090.11 2197.37
4685.69 1025.58
6507.21  2500.3
 5374.4 1245.63
4203.92 4011.15
4562.92 935.091
990.696 2258.32
4914.42 505.702
1842.48 1553.77
5064.64 614.285
6499.04 2507.42
4502.73 828.863
 1029.1 2185.25
4591.35 527.602
4086.13 298.094
5048.69 3673.38
 6001.9 1314.03
5325.73 1136.28
6215.77 1865.04
4070.33 317.193
4906.11 4397.19
890.698  2456.1
5357.07 852.462
6165.54 3136.43
5681.38 983.647
4652.29 414.665
4515.26 3968.76
5147.09 1164.89
1814.13 3326.53
945.925 2287.86
5683.53 956.325
859.052 2357.02
4572.57 482.718
4701.04 605.637
5456.06 1253.01
4948.35 1008.83
4047.13 318.174
 4842.6 989.787
930.725 2233.88
6316.32 2008.81
899.694 2301.12
4717.87 1004.96
6560.19 2577.61
 957.74 2284.92
1046.47 2168.91
4924.48 519.137
4766.41 1043.77
1000.86    1983
1006.38 2305.35
6510.16  2473.9
5359.54 1207.73
1044.02    2238
951.503 2235.11
5354.88 852.179
6446.08 2552.25
937.348 2280.73
6519.16 2463.32
995.663 2299.31
4354.41 4179.68
5084.63  617.32
6469.56 2354.39
6518.55 2449.97
5216.97 1177.55
6455.88 2172.61
5102.12 754.891
940.129  2209.1
4631.37  438.56
4624.13 493.653
4465.26 1013.14
 4905.7 4394.99
4698.19 555.374
969.875 2286.92
4432.44 375.925
5676.55 953.578
5291.69 723.728
2866.67  1109.4
6564.71 2464.31
970.998 2282.87
 4628.6 439.592
4400.13 4176.25
6564.26 2356.75
1106.68 1999.74
 6538.3 2321.26
1145.57 3249.52
4701.33 991.758
6517.54 2412.19
1051.32 2231.61
6506.48 2326.45
6184.38 1896.93
5879.46 1222.88
 950.98 2304.47
 905.64 2283.14
1056.05  2179.8
4845.23  1007.8
4445.86 446.858
955.093 2248.66
 5883.2 1451.87
 1026.6 2192.94
4745.52 741.088
4970.2 1068.7
4806.67  986.05
1061.53 2212.98
5978.61 1234.93
5309.98 1176.65
6179.45 3069.25
4199.19 4028.42
 6523.3 2363.13
4187.98 3926.58
6410.33 2106.63
6513.59 2360.07
4765.49 974.869
4578.41 4223.98
4050.65 4231.68
5923.48 1317.16
4883.05 557.271
4447.16 3988.46
1007.17 2397.46
4465.43 997.836
5091.13  603.67
4579.89 531.676
 4173.7 951.492
4395.92 892.193
5608.76 1039.05
4625.55 501.997
5420.18 923.895
5409.35 1249.67
5187.11 1147.87
5118.54 867.551
4575.32 509.775
4234.82 4023.41
4725.39 606.285
4673.19 3573.08
4571.67  510.66
 982.95 2322.89
6479.95    2534
6526.83 2460.75
5813.51 1199.22
 1015.1 2000.97
4171.1 938.41
6232.63  1842.9
5075.38 1045.03
924.365 2252.05
4060.94 4266.86
6245.33 1855.67
4858.81 995.571
930.844 2036.64
5238.37 1176.97
4898.81 533.488
6532.05 2459.07
930.674 2029.13
6087.69 3056.35
5707.03 1326.08
5307.61 947.613
6550.28 2412.27
5437.09 775.287
3993.38  3882.5
6521.69 2345.32
936.491 2013.53
4617.78 715.035
6523.73 2346.01
4523.62 921.076
4461.18 831.739
5144.76 1170.83
4095.07 299.092
4922.27 3560.25
5109.95 579.732
6536.76 2455.31
4514.89 4147.44
1020.32 2269.44
939.613 2011.86
1021.61 2284.84
4647.73 392.739
5631.11 1267.18
1011.77 1994.82
5882.64 1596.69
 4544.5 698.642
4631.91 572.755
4011.04 773.724
4949.59 1066.88
5443.31 780.868
4634.07 508.986
5069.21 640.961
4655.52 710.525
6263.32 1653.16
5052.33 1096.61
5538.89 905.796
6352.26 1591.41
891.545  2413.4
4953.78 3685.14
5947.14 1289.65
5794.43 1146.67
4128.75 930.907
3272.08 3680.74
4266.28 4027.59
4210.62 491.962
919.612 2279.61
 4741.6 971.235
 5690.7 1328.12
4174.56 3855.95
4895.26 1122.16
5430.42  1239.5
6419.69 2137.44
4171.58 457.726
4251.19   991.6
4901.56 1123.59
920.723 2284.36
6404.74 2078.58
6321.76 1830.64
 5161.9 1144.52
4624.66 1043.95
5911.01 1086.06
5254.21  1179.5
1133.64 2145.61
1777.52 1423.79
5793.66 1196.57
4019.53 783.102
 4427.5 439.945
6434.99 2164.08
5485.1 1358.2
4725.52 3615.79
4360.29  3722.9
5158.54 754.532
5480.32 1300.59
4078.62 4341.37
928.943 2354.03
5773.22 1057.76
6229.24 1849.74
5396.66 846.927
4089.14 333.414
6636.17 2349.23
4685.55  3762.8
5114.22 735.088
6533.96 2351.34
4636.48 1073.57
958.764 2310.11
4331.45 516.392
6534.76 2370.73
 4304.8 1080.25
6330.48 1984.34
5281.66 1181.44
6325.95 1975.17
2440.22 2298.82
5170.68 1136.05
6321.87 2016.49
6060.69 1675.97
6534.22 2400.51
1054.93 2004.03
 4361.5 981.604
2212.34 2316.59
5387.48 1162.41
6147.87 1629.99
4851.33 1022.62
4810.27  1049.9
5276.33 771.041
5352.57 1122.58
6040.33 1673.56
