  5739 1442.6
6054.8 1696.5
1120.2 1866.2
6054.8 1696.5
  5739 1442.6
  5739 1442.6
5738.9 1442.2
6000.4 1528.4
4590.1 396.37
5590.5 1349.9
6076.3 1606.1
6228 1777
5653.4 949.46
4183.4 310.93
5395.8 764.99
  5712 993.25
5740.5 1021.4
5037.7 574.01
6000.4 1528.4
6054.8 1696.5
5395.8 765.83
5516.9 847.11
6004.2 1272.8
6004.2 1272.8
  5064 567.06
5149.3 1230.4
5317.8 1056.1
5164.4 631.28
6019.5 1295.8
5290.1 1195.8
4137.6 790.69
4786.9 920.68
4183.4 310.93
5164.4 631.28
3936.9 871.46
5047.6 1007.9
6019.5 1295.8
5207.8 656.92
4169.2 894.32
5391.5 765.58
5031.2 576.04
5753.7 1023.4
5288.8 1110.1
5532.5 848.23
5849.6 3013.4
979.74 1913.1
5986.7   1236
5015.9 556.48
956.68 1930.7
5290.1 1195.8
  5753 1020.1
5031.2 576.04
5752.4 1017.8
6047.8   1283
6578.6 2346.2
6028.7 1297.5
4559.5 340.55
4749.6 447.86
5015.6  556.7
4773.1  471.8
4247.4 333.63
  4724 662.19
5085.9 798.94
1120.2 1866.2
5987.7 1522.4
5224.2 649.71
4687.9    660
5753.7 1023.4
4560.5 405.79
3557.7 829.78
882.48 2561.6
5084.7 1154.3
5760.5 1488.1
6332.1 1850.8
   883 2563.7
6047.8   1283
  4724 662.19
5217.1 859.06
4858.7 708.35
  4788 475.98
6386.3 2859.1
5757.4 1440.2
4681.2 664.47
4229.5 331.96
5207.8 656.92
958.24 1965.6
4858.7 708.35
4800.3 458.91
  6029 1299.9
979.74 1913.1
956.29 2248.5
5224.2 649.71
5280.6 1231.8
6244.8 1546.1
  5226 879.97
4249.6 336.95
6352.9 1778.6
  5228 863.37
5136.6 1228.5
5747.8 1309.8
4529.2  346.2
979.74 1913.1
4803.2  426.2
  5230 664.96
4868.8 710.86
4868.8 710.86
1753.4 1335.9
900.74 2605.2
6376.5 1790.1
5414.1 753.42
5015.6  556.7
1052.3 1953.7
6512.9   2570
5226.4 619.33
5148.5 1084.7
  5939 1196.9
6376.5 1790.1
956.29 2248.5
6489.5 2582.4
4260.2 313.93
  5230 664.96
5396.8 1284.1
  4724 662.19
4578.7 422.46
5615.3 1351.9
5642.3 878.08
1452.6 1201.3
5053.9 527.78
5402.6  959.1
4443.1 931.21
4235.3 549.94
6396.6 1833.5
5833.8 1115.1
5058.6   1099
5145.5 1085.9
1753.4 1335.9
6396.6 1833.5
4575.7 376.21
4803.2  426.2
5377.1  747.7
4714.9 657.45
1364.3 1215.1
5135.9 1225.7
5226.4 619.33
4687.9    660
5212.5 1206.3
4872.4 711.81
4519.1 914.42
979.74 1913.1
5760.5 1488.1
1120.1 1917.4
 925.5 2090.8
5375.5 818.74
5760.5 1488.1
4443.1 931.21
5490.5 850.08
5760.5 1488.1
4818.6 441.12
5977.7   1214
4218.6 545.15
5379 1234
5860.1 1143.7
6029.4 1300.3
3449.8 835.38
4704.7    655
5396.8 1284.1
6075.1 1304.9
5102.6 803.34
4411.1 892.36
6283.7 1618.9
4802.4 400.77
  5226 879.97
956.68 1930.7
4379.6  925.3
976.19 2091.3
956.68 1930.7
5062.8 617.12
936.64 2020.5
  6343 1764.9
4575.7 376.21
5854.6 1083.3
3876.8  511.1
4218.6 545.15
5760.5 1488.1
957.48 2238.8
5671.6  917.6
  3522 253.68
  3522 253.68
4872.4 711.81
  5131 1077.5
1364.3 1215.1
1364.3 1215.1
4578.7 422.46
6302.2 1807.7
893.24 2572.6
6302.2 1807.7
4519.1 914.42
1120.1 1917.4
6517.4 2577.4
974.33 2118.5
852.19   2609
4095.7 3660.1
4833.1 1012.4
4271.4 795.95
4260.1 867.98
5107.6 971.22
1120.3 1955.1
5135.9 1225.7
4615.2  388.3
5226.4 619.33
5229.1 1056.3
  5494 1025.2
4852.1  735.9
1137.7 1927.5
4095.7 3660.1
4245.6 270.54
5014.3 1127.7
900.56 1971.9
5284.8 1234.1
5048.3 529.93
6526.6 2219.5
3655.8 519.38
5396.8 1284.1
966.08 1916.3
1364.3 1215.1
4067.8 889.82
5171.2 1099.7
922.27 2032.5
5651.9 907.92
3660.9 493.98
6336.7 1739.4
5224.3 611.76
4441.8 816.19
5239.3 633.89
4235.2 274.45
  5378 1097.4
4032.1 841.88
4098.6 3640.3
974.33 2118.5
  6188 1499.9
932.58 2085.1
5107.6 971.22
4385.9 588.48
1071.5 2031.1
5973.7 1201.2
4573.3 405.31
882.29 2551.5
4177.2  731.2
882.29 2551.5
  3669 504.96
4564.9 332.21
5017.6 1131.4
4235.2 274.45
882.33 2591.4
3529.2 3930.8
5966.5 1229.9
6311.1 1461.8
5918.9 1149.1
970.48 2032.5
1121.7 1908.8
1121.7 1908.8
893.24 2572.6
5756.9 986.95
6171.1 1446.9
4833.1 1012.4
1185.3 1874.5
5713.5 976.55
5447.8   1308
950.99 2258.2
5748.8 1003.5
5239.3 633.89
4858.7 708.35
5580.7 1375.7
6320.9 1466.7
4184.5 783.91
5713.5 976.55
6058.4 1505.9
4766.7 1051.4
6027.3 1283.3
  4568 349.88
  4574 404.95
5960.1   1237
5713.5 976.55
5153.8 1051.9
1111.9   1907
970.08 2122.2
5644.2 893.41
5047.2 1016.2
5477.6   1029
5911.2 1155.3
  4043 266.81
922.27 2032.5
4958.7 992.25
6500.3   2580
1137.7 1927.5
   962 1916.6
5171.2 1099.7
5969.3 1247.6
5703.4 1032.2
5422.2 720.12
4069.6 3628.2
5350.2 820.57
5891.9 1460.4
5911.3 1155.5
  4043 266.81
4177.2  731.2
4712.3 420.53
6314.9 1449.4
4367.1 801.56
6004.6 1221.3
5756.9 986.95
4712.3 420.53
6576.4 2525.3
4573.3 405.31
4765.6 427.74
988.67 2081.6
5713.8 979.38
6249.8   1876
4069.6 3628.2
4691.5  684.5
6558.8 2621.7
4691.5  684.5
966.94 1933.1
5477.4 865.95
4765.6 427.74
4655.6 944.84
4629.3 814.76
991.74 2080.2
970.08 2186.2
5325.6 819.48
4266.9 707.04
988.85 1991.7
4260.1 867.98
6569.2 2377.8
4653.7 938.17
3896.4 4357.6
5026.9 543.29
4401.1 580.32
5651.9 907.92
4289.3 860.84
970.08 2186.2
5026.9 543.29
5973.5 1269.6
4746.9 962.42
6027.3 1283.3
5980.8 1265.5
  4538 367.04
5073.4 599.86
4251.4 277.68
  4765 525.69
1804.2 925.05
4784.3 928.42
3849.5 701.92
5543.8 828.79
5663.1 1361.1
4472.6 440.49
956.68 1930.7
5299.7 1059.1
4976.2 606.04
4453.9 820.35
6308.2 2905.9
5068.6 3846.6
1438.8 1216.6
928.08 2612.4
5163.6 1066.9
5114.5 1050.6
908.61 2575.5
5610.7 3458.8
6388.7 2834.2
  4765 525.69
5870.5 1417.3
4121.4 786.61
5565.4 1346.1
5123.1 1132.5
5719.1 1355.6
886.88 2517.3
4938.1   1101
4786.7 928.99
6410.9 2700.5
  4596 422.65
5038.6 1048.2
6298.4 1457.2
3849.6 845.01
4763.1 3920.5
5004.5 931.63
1105.3 1932.8
4281.6 4016.3
5220.7 601.07
6081 1615
1052.7 1989.7
942.99 2213.7
5493.5 1264.5
4852.3 744.89
943.94 1968.6
966.94 1933.1
5494.1 1330.2
5756.9 986.95
5749 1458
6048.7 1665.4
6583.6 2391.5
4519.3 847.18
  3945 918.37
988.85 1991.7
5999.8 1222.2
5565.4 1346.1
942.99 2213.7
925.87 2694.2
1105.3 1932.8
5635.3 1115.4
5234.2 682.53
  4782 487.62
942.99 2213.7
5463.3 841.76
4457.3 836.93
4766.5 527.99
934.39 2236.2
  4802 379.36
1717.5 1363.6
5960.1   1237
954.14 1943.3
6324.3 1465.9
5663.1 1361.1
1206.2 1551.6
1202.7 1555.6
5534.1 800.41
1067.7 2010.3
6511.6 2526.5
  6541 2554.3
5277.9 1152.2
5178.1   1024
1640.6 1525.8
943.94 1968.6
5299.7 1059.1
1052.7 1989.7
 948.9 1982.3
1755.6 1400.1
5392.5 776.32
1152.6 1631.3
1019.8 2180.2
4746.5 518.88
4351.1 814.69
918.71 2600.5
1021.1   2181
845.04   2262
5038.6 1048.2
3985.2  224.2
4084.7 779.82
1025.3 2180.5
1755.7 1400.6
6555.5 2447.1
5469.2 1015.3
5073.4 599.86
4051.2 3662.2
1027.8 2159.2
4874.9 993.97
1147.7 1621.6
5842.3 1122.3
5178.1   1024
6294.9 1455.5
1027.4 2156.5
5842.3 1122.3
4362.2 816.53
5197.8 612.75
4051.2 3662.2
6340.4   1470
6393.6 2882.3
5547.5 817.06
5025.1 538.23
6292.3 1454.6
  5372 1215.3
6303.1 1474.4
  3945 918.37
4766.5 527.99
1118.1 1944.8
3978.8 841.83
5132.9 1243.2
5019.1 992.92
  4761 907.93
5381.5 973.68
5306.5 1162.6
5036.9 581.62
5918.9 1149.1
1002.2 2078.9
6158.5 1770.1
 4558 372.2
4453.9 820.35
6555.5 2447.1
4771.9 536.72
5605.7 1322.7
4928.1 603.47
  6581 2365.8
5403.6 744.59
1763.9  942.5
5622.3 1337.6
4006.4 756.79
6034.3 3054.5
6579.5 2548.8
1027.8 2159.2
966.94 1933.1
1063.3 1948.5
  5663 929.23
5927.2 1150.2
5148.4 1022.1
5032.4 588.89
5306.5 1162.6
6158.5 1770.1
4176.3 773.37
4896.2 935.96
5306.5 1162.6
4948.8   2170
5648.2 946.52
4401.1 580.32
2552.7 3542.4
4193.7 774.83
6040.7 1276.4
5540.5 1354.3
5038.6 1048.2
5302.2 822.73
5305.1 1164.8
4433.8 888.84
6541.8   2331
891.82 2277.1
4737.7 495.49
 4749 517.9
4821.2 919.77
4467.2  432.3
4928.1 603.47
5895.6 1572.7
4693.8 672.75
4461.8 842.48
3134.5  581.4
5157.2  692.7
1766.8   1448
4797.9 922.13
5780.7 1438.2
4762.2 415.85
4189.5 357.03
5534.1 800.41
1316.5 1254.6
4195.8  874.2
891.82 2277.1
5176.7 1016.8
973.99 1953.5
5132.9 1243.2
4771.9 536.72
4522.3 834.86
6534.8 2384.9
  6376 2893.9
4219.1 286.87
4760.8 412.08
4095.1 754.99
5738.4 981.83
4673.9  907.6
1002.2 2078.9
4769.8 531.57
1032.7 2187.8
902.76 2566.9
4637.1 802.77
4722.5 475.65
4761.7 413.55
5430.1 903.65
4006.4 756.79
6343.8 1825.7
3715.2 881.51
  1272 3226.1
5764.3 1425.3
5220.7 601.07
6444.9 1798.6
  5372 1215.3
5764.9 1427.5
6519.6 2388.2
4849.5 714.19
1015.5 2180.8
4688.3 874.53
5538.3 1284.1
4520.8 832.77
5373.5 411.79
929.83 2588.4
4668.9 3798.9
4262.7 784.54
4923.5 1030.6
5157.2  692.7
5233.6  581.9
6534.8 2384.9
4523.3 831.39
4688.3 874.53
6535.5 2556.3
4522.3 834.86
963.38 2192.7
4394.6 599.97
4241.5  275.9
5247.2 1086.4
5368.3   1193
941.15 2124.4
1067.7 2010.3
6274.1 1776.2
1184.8 1832.7
4612.9 869.09
4464.1 4544.7
4482.1  857.7
4537.6 835.94
4523.3 831.39
6540.1 2349.1
5480.6 1013.6
952.79 2210.6
5403.6 744.59
5056.9 514.97
4826.9 905.73
5920.4 1595.6
5981.9 1229.2
5764.3 1425.3
3832.3 4235.9
4238.7 287.71
6320.6 1705.6
4438.9 4001.9
1681.7 1442.3
4095.2 754.88
1570.6 1519.5
5148.4 1022.1
1681.7 1442.3
  6157 1430.8
4006.4 756.79
4976.2 606.04
895.82   2638
5194.1 621.18
6386.2 2842.5
845.26 2245.8
6427.4 2869.6
6527.6 2563.3
4637.1 802.77
4760.8 412.08
5978.4 1276.3
1681.7 1442.3
4745.5  519.2
4255.9 269.52
6073.1   1336
5981.6 1287.9
  5175 1010.3
4523.3 831.39
6557.6 2428.5
5211.8 627.24
1032.7 2187.8
5487.9 1014.3
6251.4 1867.5
4238.7 287.71
1326.5 1252.5
  6335 3011.4
6312.1 3168.5
 860.2 2405.1
5467.8 866.83
5025.1 538.23
1570.6 1519.5
5756.9 986.95
5772.8 1005.4
5981.6 1287.9
4688.3 874.53
4564.7 330.08
4847.4 715.02
4813.2  540.8
4806.4 412.87
6427.3 2869.4
4579.5 344.88
5775.6 977.97
1059.7 1970.4
4217.6 284.52
4672.1 3794.6
4654.9 771.06
  4539 836.04
4595.7 867.93
6539.5 2342.5
 4692 664.6
  5372 1215.3
4826.9 905.73
1681.7 1442.3
5225.2   1179
5198.6  604.5
  3433 839.74
970.11 1969.9
4046.7 3629.9
4884.8  729.8
5148.4 1022.1
1886.4 3331.5
  4674 884.33
5221.1 851.83
6290.1 2938.4
5764.3 1425.3
5710.4 1027.2
904.55 2249.5
5775.6 977.97
1105.6 1945.1
1527.8 3263.8
4722.5 475.65
  1064 1987.7
5090.9 1155.1
4551.4 352.73
5738.4 981.83
4934.5 165.83
5032.9 1008.9
2169.7 501.44
4816.5 910.25
4217.6 284.52
866.54 2611.4
4615.9 872.68
6435.9 1663.6
4779.9 913.39
1278.9 3398.9
4095.1 754.99
 889.8 2208.9
4054.5  801.6
3880.8 4347.7
5842.3 1122.3
864.73 2263.3
4687.9 890.42
888.52 2124.7
4650.9 931.85
6019.5 1264.7
6324.7 2836.2
1056.9 2002.4
3134.5  581.4
4054.6 922.67
6581.6 2662.4
914.29 2248.9
  4211 860.39
6383.6 1499.9
4593 4168
5477.4 1238.5
4672.6 903.06
826.16 2338.1
5065.6 528.15
6246.6 1391.1
826.16 2338.1
5739.4 976.51
 4692 664.6
3427.1 829.91
4054.6 922.67
  4674 884.33
1834.9 525.37
971.31 1971.9
5373.5 411.79
4735.8 3907.5
966.94 1933.1
   956 2265.3
5734.6 1029.1
4350.4  461.8
  6482 2179.5
5232.2 1089.9
4262.7 784.54
932.26   2071
984.52 2209.9
4787.4 914.46
4262.7 784.54
3516.5 771.61
6021.9 1259.3
5927.2 1150.2
  4539 836.04
906.32 2209.4
954.38 1948.1
4615.2 846.58
5722.8   1036
6539.5 2342.5
875.85 2637.4
4339.1 819.96
5465.5 866.41
6466.3   2612
896.76 2245.4
5019.1 992.92
1184.8 1832.7
4790.2 3911.7
5477.4 1238.5
6550.1 2516.4
6273.3 3051.5
4151.2 845.96
4735.8 3907.5
6383.6 1499.9
5740.2 970.73
4684.6 886.95
5429.4 1186.8
5062.9 4333.6
875.85 2637.4
945.74 2260.2
6095.7 1177.9
6280.6 3225.7
5211.8 627.24
6361.9 1433.9
5075.8 539.94
4891.2 948.87
3987.4 344.24
6503.1 2398.1
5319.8 773.68
  6550 2502.1
4808.4 980.13
4824.5  927.1
6357.3 1453.3
949.99 2163.2
  6482 2179.5
1570.6 1519.5
5224.6 759.01
5510.1 794.91
 896.7 2188.7
5484.8    891
4784.9 434.94
4529.1  910.3
5767.6 1265.6
4350.3 461.66
902.14 2468.6
847.03 2437.1
6320.6 1705.6
4775.5 485.83
6314.2 3167.4
6051.2 1601.2
1990.7 1433.8
4533.8 908.76
5156.1 860.56
6238.1 3138.8
5666.5   1018
931.35 2270.4
1687.9 1439.9
4494.6 958.86
1267.9 1473.9
1124.7 1941.4
4874.9 700.38
3987.4 229.84
4845.7 551.76
924.36 2250.2
  4571 926.15
4589.6 359.79
5995.8   1514
5964.1 1585.3
  4861 696.41
5769.7 976.26
5411.7 740.96
5484.8    891
 4757 817.5
4705.5 3903.7
6379.9 2877.2
4615.2 846.58
6437.9 2851.4
1747.1 1455.4
5964.1 1585.3
1747.1 1455.4
6593.2 2525.8
925.84 2247.1
  4782 435.04
944.91 2260.6
 4172 793.1
6437.9 2851.4
875.85 2637.4
1883.1   3332
4176.2 4219.3
  4151 4305.5
826.16 2338.1
3715.2 881.51
4776.6 3915.3
1460.5 1248.3
1886.4 3331.5
906.32 2209.4
4190.6 793.78
6593.3 2398.2
6021.9 1259.3
 4692 664.6
1066.2 1946.6
956.82 2208.6
6573.2 2367.4
  5175 1010.3
1406.3 1158.6
6548.3 2375.4
6446.4 2871.3
5265.8 1134.3
6549.8 2462.6
866.54 2611.4
4785.5 4171.6
 986.7 2206.7
930.99 2272.4
4847.2 593.83
6540.2 2370.6
3869.2 345.22
6215.7 1899.3
5716.6 1043.2
  4402 440.52
6073.1   1336
4673.7 868.21
4283.2 923.74
1038.5 2938.1
5959.8 1249.1
6372.4 1494.5
  4674 884.33
1118.5 1937.1
1821.1 831.17
908.83 2265.4
869.26   2246
986.14 2168.1
4579.5 344.88
1023.5 2014.7
6446.4 2871.3
6434.2 2856.4
4010.2 829.59
4264.7 270.72
4796.5 534.67
3949.3 839.68
6349.2 1485.8
5044.2   1019
4602.2 430.69
  4872 598.99
909.48   2221
3922.6 775.57
4535.3 853.46
5132.7 1256.2
4799.8  392.9
5477.4 1238.5
5545.1 794.21
4744.3 929.76
5995.8   1514
5477.4 1238.5
1023.5 2014.7
964.07 2178.9
997.96 2202.2
4518.4 831.33
4884.8  729.8
5337.9 3426.5
6434.2 2856.4
4925.8 999.27
5007.7 995.65
4601.8  866.7
4350.4  461.8
5668.7 1301.1
1023.5 2014.7
855.36   2581
990.67   2194
5490.9 1249.2
5047.3 1086.1
4294.7 879.35
5509.2 1251.8
6051.1 1261.9
5225.2   1179
4339.1 819.96
854.68 2576.6
4283.2 923.74
5162.1 1059.2
4954.6 2164.3
6546.1 2392.3
4432.8 440.76
5148.4 1022.1
826.16 2338.1
5520.3 893.07
6039.7 1492.4
4294.7 879.35
1258.9 3417.7
1747.1 1455.4
5237.7 760.75
1496.6 1508.3
6557.4 2411.1
6430.1 2105.9
5477.4 1238.5
4401.1 566.07
6547.6 2407.8
5833.4 1141.8
5477.4 1238.5
4693.2 3934.8
4684.9 3831.3
3539.8 3730.1
4860.6 694.39
4044.2 911.05
4689.1 895.58
6000.9 1337.3
909.48   2221
5436.3 1290.6
6341.5 2787.3
6434.8 2680.7
5786.8 1109.5
5025.2 563.35
5491.6 1005.6
870.37 2519.8
  5126 1037.1
4689.1 895.58
5597.1 1303.3
868.36 1930.6
  5690 1026.7
1105.6 1945.1
864.73 2263.3
3595.2 200.49
6505.1 2593.8
6427.5 2673.3
6335.6   1718
4494.2 945.35
5477.4 1238.5
5219.7 615.96
4838.1 975.86
1747.1 1455.4
5529.1 935.62
6312.1 3168.5
  4731 522.68
4438.3  833.1
5477.4 1238.5
4409.1 923.65
  4537 858.83
1301.8 1524.8
4467.2  432.3
1405.4 3352.9
5509.2 1251.8
5701.8 1059.8
6582.5 2583.4
4774.9 495.26
938.77 2645.5
5523.8 937.15
5265.8 1134.3
5553.2 1278.4
1280.4 3444.9
6384.5 1801.9
5228.7 1113.9
5248.5 765.47
6367.1 3132.5
1208.7 1466.4
  1209 1561.2
4684.9 3831.3
5237.2 871.03
4847.2 593.83
4726.5 499.52
4870.1 599.31
  5087 1026.1
851.35 2266.2
5636.3 1328.5
5237.7 760.75
4723.3 499.49
934.41 2279.3
6475.5 2874.9
6505.1 2593.8
4661.8  888.2
905.58 1674.7
5339.8 4544.1
5523.8 937.15
4335.3 821.45
6373.9 1432.7
5989.8   1313
5075.8 539.94
6505.1 2593.8
5162.6 979.96
1405.4 3352.9
6558.1 2514.2
4668.5 885.91
4889.6 4417.2
2169.7 501.44
981.01 1950.7
4803.7 389.56
1337.3 1502.9
4407.8  911.1
967.18 2247.9
990.05 2067.5
6384.9 3158.6
4292.5   3685
6434.8 2680.7
967.18 2247.9
1853.3 3319.7
6267.4 1845.9
6475.5 2874.9
  5961 1251.5
5427.6 744.54
5148.4 1022.1
891.75 2205.8
4083.7 4334.1
5338.8 4522.9
5219.7 615.96
5896.4 1141.5
5792.7 1339.3
865.97 2177.7
6280.3 1858.8
4797.4 919.12
901.67 1987.9
1104.1 1772.1
6340.4 1462.1
3896.7 4424.7
5081.3 1062.4
4550.5   4239
990.29 1898.4
1111.7 1900.4
6064.2 3029.8
5078.6 3839.4
4774.9 495.26
5040.4 540.51
4056.3 886.14
934.41 2279.3
6287.4 2907.3
 939.1 2139.4
3960.3 309.33
6578.4   2462
5040.4 540.51
5392.1 1112.2
1104.7 1956.4
6579.2 2580.7
4479.8 956.98
958.25 1942.4
5541.4 928.04
845.76 2218.9
  4402 440.52
3427.1 829.91
4672.6 903.06
6557.4 2411.1
4729.7 3623.9
4689.7 891.87
4764.1 949.81
5007.2 1027.2
902.06 1979.8
5396.1 947.27
5896.4 1141.5
5792.7 1339.3
6544.6 2424.6
5414.3 956.35
3991.1 779.57
4685.4 3832.8
1881.5 3331.9
6583.2 2464.6
4772.2 895.08
5578.8 949.03
  6261 3051.9
5545.1 794.21
5578.8 949.03
1337.3 1502.9
1405.6 1215.7
5827 3419
6556.1 2392.4
5615.9 1231.8
5749.4 1470.7
6353.9   2768
891.92 2653.5
4945.2 3591.1
907.81 1964.1
4775.9 704.91
3974.3 4198.3
4275.6 400.47
4040.9 904.98
891.92 2653.5
4945.2 3591.1
6557.6 2393.1
4741.4 913.65
5309.7 776.35
4598.2 801.83
6424.2 2956.5
4533.8 908.76
4665.1 3636.9
4005.5 838.44
4432.8 440.76
6033.7 1527.3
6556.1 2392.4
4565.8 424.21
5518.4 1294.9
1092.6 1826.4
4264.7 270.72
4896.1 992.88
5236.4 591.24
  5721 1081.4
5288.2 1207.1
6567.9 2509.4
4296.2 880.21
4725.8 651.46
911.49 1961.5
887.41 2657.9
5744.5 1085.8
4938.6 4063.9
4270.8 936.26
  4464 4544.6
5148.4 1022.1
5228.7 1113.9
5023.3 564.03
4954.6 2164.3
6466.2 2854.1
3896.7 4424.7
965.41 2235.3
1092.6 1826.4
926.44 2180.3
5041.4 543.36
905.91 2162.2
4945.2 3591.1
911.49 1961.5
4726.6 3926.3
5319.8 773.68
967.18 2247.9
882.68 2163.5
4270.8 936.26
  4731 522.68
1924.8 3388.9
5025.2 563.35
912.59 1961.3
3979.4 780.64
4513.7 943.38
1194.6 3332.2
5641.2  926.1
905.91 2162.2
5586.8 663.48
5401.6 736.74
4803.7 389.56
4948.3   3598
890.92 2655.3
4383.1 457.99
5895.3 1200.3
977.52 1944.2
  5358 4557.8
6010.3 1671.6
4507.7   3666
4764.8 1031.5
5242.8 619.06
4373.1 747.27
4987.4 930.94
  4687 679.93
983.26   2191
4764.7 561.68
4540.7 282.16
4373.1 747.27
4513.7 943.38
  5084 1055.2
4145.9  727.6
5265.4 1137.4
5081.2   4326
1462.6 3238.5
4323.3 817.51
6335.6   1718
881.15 2244.6
5159.6  669.7
4270.8 936.26
5549.9 799.22
4275.6 400.47
  4785 501.58
5196.3 645.75
3590.5   3732
4812.4 701.62
3707.9 867.28
5336.7 4563.7
6340.4 1730.9
4764.1 949.81
5641.2  926.1
4928.1 3584.7
6365.9 2772.9
  3963 810.37
1171.4   3037
4904.5 932.58
4556.2 908.37
4945.2 3591.1
1139.3 1855.6
860.08 2358.6
4729.1 4118.1
3942.1 3615.1
4659.9 3618.8
5334.5 4570.8
6019.3 1312.2
882.68 2163.5
5881.1 1170.5
4270.8 936.26
  4537 858.83
4148.6 872.72
4938.6 4063.9
6050.6 3029.3
4630.6   3646
1406.6 1216.1
4945.2 3591.1
5966.7   1294
4010.2 829.59
6362.5 2770.3
3803.3 765.01
5429.1 742.81
5505.4 896.13
4641.1 938.27
4398.2  890.3
5159.6  669.7
4378.9 829.15
4513.7 943.38
3928.9 903.21
4010.2 829.59
4945.2 3591.1
  1209 1561.2
6064.2 3029.8
4279.7 399.52
1067.7 1893.7
4451.7 817.24
5334.5 4570.8
4324.4  445.4
4362.6 463.85
6423.9 2866.5
3406.4 835.35
6570.7 2516.4
6137.1 1448.6
4584.5 3633.3
4974.2  912.8
6583.2 2464.6
4945.2 3591.1
853.75 1986.5
   869 2664.7
  4992 995.85
881.15 2244.6
4665.2 893.59
4332.4  814.9
5336.7 4563.7
5778.7 1340.5
6260.2 1836.7
5556.5 1151.3
4501.7 3646.9
5683.9 1276.3
5227.2 763.74
4432.8 440.76
5334.5 4570.8
4476.6 963.81
5429.4 1186.8
1462.6 3238.5
4005.5 3732.8
5385.1   1195
3817.9 908.45
1393.7 1233.2
6440.1 2141.2
5336.7 4563.7
4320.2 427.43
4331.1   2132
4278.3 934.78
6114.2 1699.7
5157.6 980.92
4764.8 1031.5
5578.7 953.26
5334.5 4570.8
5021.4 1025.9
 881.5 2248.6
6421.6 2072.2
4717.5 4101.6
4764.8 1031.5
 904.9 2614.7
948.19 2155.8
6358.4 1835.7
5064.2 1053.1
6274.3   3038
5334.5 4570.8
960.99 2031.7
5334.5 4570.8
4553.1 969.56
5334.5 4570.8
5318.3 1106.1
4582.4  422.4
 939.1 2139.4
5025.7 1035.2
1047.9 2138.8
926.44 2180.3
4114.9  849.2
1393.7 1233.2
6428.4 2891.4
6091.4 1633.9
4276.7 3696.9
953.69   2036
5334.5 4570.8
4527.2 895.21
6578.4   2462
4974.2  912.8
1393.7 1233.2
5879.2 1216.5
5612.7 1329.6
1017.7 1952.8
889.96 2307.5
4155.6 738.66
4773.3 865.58
4583.7 422.37
6439.9 1627.7
4766.9   1034
6460.1 2644.2
6458.5 2172.7
5614.6   1387
6352.8 2781.1
4974.2  912.8
3456.3 3873.4
6362.5 2770.3
  3354 905.28
5612.7 1329.6
5190.6 3522.9
4324.7 855.35
4331.1   2132
6130.5 1140.1
6567.5 2475.7
4411.8  883.2
889.96 2307.5
5827.8 1117.9
  4798 535.21
857.78 2668.7
5863.6   1086
5630.7   2252
4867.3 636.67
5614.6   1387
6264.9 1852.4
4193.9 4430.1
4527.2 895.21
6423.9 2866.5
1255.8   2929
4764.8 1031.5
5502.4 860.72
3793.9  380.8
5162.6 979.96
4462.1 3639.3
  4257 303.57
6396.3 2906.7
3793.9  380.8
5237.7 739.61
5411.7 740.96
5086.9 3559.6
6256.2 1757.1
1281.9 2313.2
3984.1 785.16
1330.1 1321.3
3812.5  391.1
967.05 2057.2
4956.6  955.3
4312.5 3695.8
6568.1 2399.7
5223.4 716.77
 919.2 2164.4
4659.9 3618.8
3961.2 3619.6
880.32 2200.9
1812.4 501.95
4585.7 1025.2
1285.6 2919.9
2536.8 49.457
4513.7 943.38
5319.8 773.68
4363.7 964.04
915.25 2269.4
4513.7 943.38
5630.7   2252
4488.4 484.95
5505.4 896.13
5385.8 755.73
3960.3 309.33
6427.7 2932.8
6567.7 2419.7
3596.1 919.79
4021.5 4215.8
5388.9 1157.1
3539.2 3657.6
5449.7 1104.7
4276.4 1027.1
5518.4 922.28
4635.8   3882
3539.2 3657.6
4622.9 3615.1
3366.8 3717.5
4870.9 950.32
4718.1 1100.9
 4278 399.7
967.05 2057.2
4489.6 2139.2
5193.6 690.21
4526.2 886.37
6350.9 2787.6
4622.9 3615.1
4983.9 4092.6
5134.2 1065.5
4659.9 3618.8
4052.1  898.9
1812.4 501.95
5701.8 1059.8
3044.5 2122.2
4175.5 950.98
5907.9   1490
889.22 2674.8
4909.9 986.45
857.78 2668.7
4494.2 945.35
6261.7 3020.9
4870.1 599.31
2500.2  150.4
4656.4 919.91
6200.4   3079
5562.5 937.14
4513.7 943.38
4764.8 1031.5
4647.3 878.19
4331.1   2132
4005.5 3732.8
6405.4 2807.2
1405.4 3352.9
6447.4 1629.6
6114.2 1699.7
6567.1 2451.1
5827.2 1087.1
5931.3 1340.9
4671.9 899.14
4622.9 3615.1
5209.8 721.96
4488.4 484.95
1194.8 2900.4
1017.7 1952.8
4803.3 545.89
  5212 680.41
  1012 2208.5
4279.5 911.39
4622.9 3615.1
5250.6 1034.7
1330.1 1321.3
4540.7 282.16
4331.1   2132
5397.2 823.79
5064.2 1053.1
6193.9 1643.6
4969.4 1009.6
4661.6 952.84
1694.4   2228
4411.8  883.2
6224.9 3055.3
3096.1 1050.4
 909.6 2133.5
3942.1 3615.1
3238.7 3659.4
4323.3 817.51
6399.4 2928.4
4578.1 766.14
6389.6 2891.7
5562.5 937.14
5395.7 784.66
5200.4 1001.5
  5963 1295.1
4324.4  445.4
5949.4 1136.7
5436.3 1290.6
4527.2 895.21
  3507 893.73
  6093 1696.5
1784.1 2215.4
1789.9 2218.2
5939.5 1145.9
4585.7 1025.2
