4061.8 724.67
4445.6 375.93
  4917 535.83
5301.4 725.02
  2190 1092.4
6059.7   1345
5325.1 1310.8
  5238 1029.1
5053.6 588.24
5085 1125
4254.7 832.29
4584.6  891.7
5960.6 1629.5
4161.9 916.63
4047.3 907.96
2948.8 1185.5
  4268 929.04
5296.9 724.98
2120.6 1102.1
5690.8 976.84
4415.6 317.49
4612.6 418.61
4637.3 444.39
5859.9   1128
4418.4 385.76
  3141 1170.9
4067.7 327.36
5661.4  958.5
5133.2  847.8
4088.7 331.45
5134.3 831.21
5314.1 1306.7
5306.6 923.35
5128.2 624.68
  5321 708.81
5324.1 1174.4
4099.5 306.29
5743.2   1194
4725.4 1013.8
4596.3 646.01
5249.9 1184.9
3414.9 1111.1
4432.8 356.16
4667.1 393.51
5313.7 1303.9
4561.7 646.93
4839.1 1092.2
4191.2 881.16
4658.5 384.82
5653.4 975.54
4682.8 407.72
4581.4 638.53
5514 1309
5944.4 1232.9
6081.2 1369.8
4139.9 874.63
4504.7  928.6
5942.4 1178.3
  5311 1167.5
5017.2 949.18
5406.3 1153.9
4737.2 715.03
4679.6 1050.1
5436.7 1310.8
4927.5 489.08
4056.9  559.9
5680.3 1437.2
6479.7 1742.2
4175.8 925.78
5350.3 1188.9
5779.8 1026.4
4068.1  533.3
5120.2  569.1
6236.5 1846.9
4073.7 265.45
  6119 1425.9
5290.4 1164.8
4049.2  738.3
4420.6 308.52
6185.3 1459.9
5011.8 1144.4
936.84 2025.6
  5686 959.51
5137.3 593.04
4137.2 889.95
4929.2 1115.3
6199.6 1799.6
  6080 1354.2
4425.7 327.43
6020.2 1310.3
4872.7 975.24
5405.2 995.57
  5410 1196.5
  5816 1133.7
6058.5 1301.3
3997.8    287
  4577 394.35
  4431 385.68
6190.8 1779.4
4628.1 396.97
5827.7 1086.6
4566.8 667.49
  5395 825.01
6203.4 1158.6
4662.2 963.73
4905.3 505.12
4488.8 917.19
6032.1 1341.4
6039.4 1336.8
4394.1 348.94
6358.4 1774.4
4207.9 753.72
4333.2 425.41
5461.4 1153.7
4565.3 867.87
5304.2 1214.9
4583.7 900.76
4453.8 401.36
4908.4 912.34
5607.4   1394
4306.4 832.86
  5134 643.04
1490.1 1252.9
5203.7 1132.8
4612.2  490.9
  4131 810.86
4866.1   1008
4043.3 802.35
5387.7 979.67
4782.2 986.55
5929.7 1212.5
4142.4 812.03
 5091 572.9
5468.7 772.44
5311.2 1320.8
4317.5 834.85
5301.5 943.37
5992.3 1237.4
4467.6  415.6
6067.8 3013.9
4911.3  551.5
4628.7 880.31
5170.7 1115.3
5383.1 2221.7
4645.1 883.47
5480  949
5168.5 1117.4
4614.4 490.29
2550.4 1059.9
5200.2 736.76
2875.3 804.77
4569.1 656.84
4236.2 830.97
5049.2 651.41
4884.8 968.41
4623.8 385.69
  4607 964.29
4636.6 507.02
4911.6 959.85
4472.8 885.35
 4634 501.9
6146.6   3436
5748.8 3110.6
  4623 383.47
5209.8 1070.7
4707.5 994.56
  3251 963.35
5406.5 1222.7
4783.3 934.86
  4582 902.22
4791.6 921.85
4777.9 916.28
4935.2 472.87
6251.5 1579.6
  5088 583.21
4520.1 794.51
6037.2 1348.2
4608.2 491.95
4093.4 259.45
  6040 1354.6
5356.5 1111.6
4077.4 278.46
6318.7 1776.4
2468.3 1011.4
5954.3 1359.6
3687.7 934.94
5385.1 825.66
5864.5 1095.2
5711.5 961.49
5102.5 1026.9
4669.1 379.37
4037.9 806.84
4317.1 811.73
4233.7 889.72
4841.8 951.75
5713.3 934.04
4588.8 446.83
4720.1  571.1
5488.7 1230.9
4974.1 979.45
4053.8 279.36
4866.7 959.39
4229.6 798.84
5831.5 1138.9
 4386 869.5
4147.3 816.02
4740.1 973.88
6168.9 1433.4
4268.2 971.12
4945.5 486.42
4789.7 1013.5
4923.3 960.15
6222.3 3150.8
5391.2 1184.2
4255.1  825.7
  4793 922.06
5836.4 1136.7
4540.2 882.88
5382.9 825.35
3234.6 932.97
4917.6 975.28
6231.1 1805.9
5108.2 586.47
5247.2 1152.4
5097.2   1039
5127.3 724.77
5641.9 1012.6
4648.1 403.09
5206.2 1277.1
4250.3 876.63
4641.2 458.18
4482.9 980.73
4716.8 520.64
5073 1090
4445.8 338.99
5706.3 931.19
5317.9 695.56
4645.3  404.1
4902.2 973.19
6368.9 1764.1
6156.4 3089.5
4481.2 978.93
4869.5 977.63
4459.9 410.03
5308.4 1332.1
5705.3 1379.9
  4842 936.02
4766.3 707.65
4996.7 1040.2
4830.2 955.35
5807.9 1450.7
6392.5 1554.9
4492.9 933.49
5693.9 1369.5
  5341 1152.3
5675.5 1013.6
6214.7 3077.9
6467.7 1880.6
4367.4 975.31
4788.3 943.75
 4904 524.2
  4483 965.22
5114.6 572.86
5674.9 1048.9
4596.6 495.95
  4185 917.07
4411.6 857.94
4642.7 466.55
5449.3 898.26
5216.8 1122.1
1679.8 1100.9
  5145 838.33
4591.8 473.96
4744.8 571.95
4588.1 474.82
4534.8  883.6
6045.2 1377.3
4182.3 903.81
4798.2 961.58
  5103 1017.1
6469.6 1886.3
4883.2 965.36
5268.8   1152
2093.9  943.1
4919.7 500.53
4164.1 921.87
  5791 4185.2
6190.8 1274.6
4545.5 932.42
  5882 3140.3
  6124 3065.4
5336.4 920.93
4129.1 818.69
5108.8 1027.4
5464.5 749.07
1556.3 1333.7
6491.7 1821.8
4636.4 680.47
4148.3 942.07
4774.3 1141.1
4541.9 887.82
5502.7  912.4
4477.8 797.18
1371.6 1021.6
4102.5 260.48
5133.3 549.09
5487.9 1308.9
5389.8   2216
  5147 2211.2
  4468 991.11
4119.1 819.47
6224.2 1775.9
3949.2 897.42
4664.3 357.42
5664.4 1246.9
4750.5 570.12
6419.1 1745.8
4561.8 663.47
4649.7 537.55
4018.3 736.81
5089.2 951.93
4919.2 959.66
5470.8 754.75
4651.4 473.62
5092.9 610.01
4674.7  676.2
5080.1 1069.1
5568.1 881.44
5491.4 1202.1
  4139 896.08
6098.2 3595.4
6024.8 1360.6
1668.3 1381.3
6234.1 1786.4
4151.6 948.04
6099.9 2986.9
4699.1 555.83
4220.9 453.93
  5191 1014.4
4672.6 1118.3
  4764 939.91
  4535 878.37
4862.4 2203.6
4921.1 1093.8
5462.8   1217
4043.5 949.59
6082.1 3036.1
  4181 419.44
4264.3 957.98
4927.5 1095.3
5731.8 1389.4
5191.3 1118.5
4645.5 1012.8
5941.4 1067.4
5284.8 1154.7
  6168 1436.9
4637.5 959.02
 4027 746.3
4981.2 981.08
4441.2 402.99
1533.4 1036.2
5184.2    725
4156.3 941.47
4624.9 937.91
4434.8 880.76
4506.9 919.46
  5804 1037.2
4744.5 1133.8
5757.7 3105.7
  6004 1699.1
5424.8 820.55
4221.9 437.01
4096.6 294.73
5139.3 704.99
6068.1 1485.8
4464.6 873.35
4241.8 448.42
4657.7 1042.9
  4344 479.03
4269.9  984.9
  5645 1472.2
4731.3 1132.3
4319.4 1048.1
6050.6 3013.1
5312.5 1156.9
5975.1 1512.3
5200.1   1110
6443.6 1652.8
5914.9 1180.9
4838.8 965.04
4376.9 948.29
5418.9 1138.6
  5576 951.55
5376.4 2213.5
4875.8 992.67
4834.3   1020
4429.9 861.32
  5303 742.89
5383.4   1098
6109.3 3063.1
6018.4 1362.7
3959.5 924.85
