3397.99 3273.84
 4636.3 3773.98
2581.48 2104.96
7132.26 2429.83
2581.48 2104.96
 4636.3 3773.98
3397.99 3273.84
2790.64 3133.82
 4636.3 3773.98
2489.84 3133.14
5031.99  3014.6
3783.85 3118.67
2489.84 3133.14
2790.64 3133.82
2790.64 3133.82
3074.52 3270.21
3074.52 3270.21
3685.39 3121.47
2490.09 3133.13
3382.77 3131.31
3776.57  3708.1
 2822.5 3273.82
4020.04 3712.74
4629.26 3097.41
2352.48 3269.47
 2822.5 3273.82
3055.01 3200.66
4872.54 3636.21
3533.02 3126.84
3984.14 3115.61
5188.56  3591.3
3281.26 3735.64
3776.57  3708.1
2352.48 3269.47
3434.44 3130.98
3383.87 3131.25
4539.33 3678.76
3055.01 3200.66
1556.55 3577.36
4000.61 3820.27
4415.31 3705.98
4039.69 3812.53
3547.57 3200.95
2352.48 3269.47
3281.26 3735.64
3776.57  3708.1
3604.89 3844.68
3434.44 3130.98
3628.59 3120.95
3547.57 3200.95
3547.57 3200.95
 4721.1 3162.93
4400.57 3178.64
2452.04 3704.09
2825.16 3715.62
3016.77 3286.11
4438.43 3104.22
3628.59 3120.95
4083.21 3113.68
4987.75 3208.05
4023.13 3706.14
2452.04 3704.09
4013.79 3706.25
3628.59 3120.95
1948.36 3249.35
3979.87 3081.59
4003.25 3722.56
1765.79 3234.57
3529.29 3126.37
4019.84 3713.41
3425.54 3834.54
4620.16 3382.29
-413.982  4622.55
4198.97 3713.98
4003.57 3725.79
2769.04 3280.02
4731.63  3383.3
3571.88 3152.74
2202.85 3706.89
1891.38 3671.61
3628.59 3120.95
3469.85  3962.7
-413.982  4622.55
2403.18 3700.73
2203.85 3705.57
5219.17 3604.79
2253.79  3666.8
4367.73 3406.94
4197.62 3716.16
4170.36 3699.13
4562.62 3685.91
3257.38  3832.6
4368.49 3407.29
2083.96  3062.3
4369.31 3700.52
3828.81 3733.07
3300.63 3751.59
4386.43 3679.28
3422.23 3832.13
226.239 5086.49
3795.46 3144.39
4198.04 3730.14
4426.59 3779.44
4900.96 3652.68
2072.71 3665.46
4386.61 3681.36
4900.96 3652.68
3571.88 3152.74
3814.56 3714.99
4023.13 3706.14
3072.11 3730.41
4530.78 3672.81
3422.23 3832.13
2400.96 3706.86
4042.13 3809.51
4184.51 3112.19
4089.42 3418.11
1278.99 5072.99
1278.99 5072.99
4592.05 3759.99
3695.13 3148.02
1862.12 3704.59
1657.45 3587.37
4254.86 3132.71
2790.64 3133.82
4415.01 3726.02
3814.24 3715.53
3349.69 3443.72
3571.88 3152.74
5037.19 3006.73
 4985.4 3360.08
4040.41 3824.16
 4037.7 3683.23
4903.59 3659.42
4369.31 3700.52
3072.11 3730.41
3072.24 3809.29
4865.01  3634.1
614.734 2614.42
3288.87 3726.56
3823.53  3751.1
2977.89 3217.45
2070.19 3670.67
 3516.7 3153.43
 2577.4 2098.19
 3245.6 3444.48
3814.24 3715.53
4415.01 3726.02
4023.13 3706.14
3639.77    3735
3263.08 3763.79
-343.643  2391.11
2867.16 3136.91
2868.14 3673.07
4647.18  3387.8
3262.58 3761.31
2675.34 3818.14
6670.02 2887.06
3151.27 2107.18
3814.62  3807.1
3913.64 3427.27
 3444.1 3157.04
3151.27 2107.18
3466.54 3155.08
3880.02  3082.7
1408.76 3651.91
3343.58  3442.4
4940.21 3715.07
2552.53  2096.1
3649.55 3731.06
 3516.7 3153.43
-94.8197  2370.67
3414.61 3158.33
4312.14 3076.96
1305.01 5001.67
3531.38  3094.7
5037.19 3006.73
3776.57  3708.1
3649.55 3731.06
3823.53  3751.1
4075.24 3404.81
3038.51 3823.33
2313.88 3280.21
4564.66 3703.22
3483.13 3094.34
7425.76  2913.1
 3444.1 3157.04
3414.61 3158.33
2867.16 3136.91
3577.51 3119.58
 3457.9 3132.65
4438.43 3104.22
3596.56 3151.46
2084.64  3069.4
2762.84 3732.29
3363.51 3442.84
4042.54 3751.41
 3419.1 3157.62
 3457.9 3132.65
1948.27 3139.85
4391.95 3761.57
1523.61 3588.87
1948.27 3139.85
2180.42 3744.82
3048.07  3821.7
3618.23  3151.1
3618.23  3151.1
4310.45 3109.42
1815.93 4603.79
3435.14 3096.41
 4608.9 3360.66
3011.99 2123.33
7139.38 2589.42
3253.16 3823.51
 3457.9 3132.65
4098.33 3241.12
4724.73 3605.56
3618.23  3151.1
4045.51 3797.93
2966.99 3433.88
4939.86 3715.67
 3457.9 3132.65
3770.31 3145.34
7542.09 2185.98
3074.94 3777.12
3690.84 3116.49
3483.13 3094.34
2180.42 3744.82
 3929.9 3083.49
3577.51 3119.58
3596.56 3151.46
4221.05 3772.43
1088.77 3486.63
2400.96 3706.86
3072.24 3809.29
1320.03 3490.32
1948.27 3139.85
3074.94 3777.12
 3457.9 3132.65
-436.979   2368.8
4322.11 3077.12
4555.28 3226.86
3770.31 3145.34
 4728.9 3362.89
1224.16 5107.82
2460.54 1893.46
2736.26  3789.6
4505.61 3071.09
4555.28 3226.86
3638.48 3734.15
2192.89 3638.82
614.734 2614.42
2769.83  3263.7
5041.07 3567.64
4795.95 3175.04
3392.73 3159.73
 5089.2 3680.74
4113.93 3668.62
3669.86 3148.86
 3457.9 3132.65
3483.13 3094.34
2440.84  3725.1
7542.09 2185.98
3838.34 3796.79
1221.85 3528.69
1221.85 3528.69
4322.11 3077.12
2384.78 3421.28
4555.28 3226.86
4515.11 3071.68
4211.76 3789.48
2584.05 3415.75
7425.76  2913.1
3435.14 3096.41
4795.95 3175.04
4327.45 3235.64
7184.02 2738.31
 3457.9 3132.65
1305.01 5001.67
 3457.9 3132.65
-396.95 4223.85
4795.95 3175.04
 4264.9 3077.27
2925.35 3226.27
3618.23  3151.1
2362.61 3763.03
4816.83 3283.13
3045.36 3787.66
4028.77 3752.09
2022.07 3727.05
 2223.7 1905.36
1904.63 3135.63
4425.69 3118.15
4773.3 3213.2
4113.93 3668.62
4795.95 3175.04
1316.12 3490.97
3435.14 3096.41
3725.52 3180.93
4368.49 3407.29
   3640 3422.07
4028.96 3079.66
3547.62 3155.78
3571.21 3141.93
3541.66 3093.99
3819.31 3142.82
3799.4 3180.2
2582.14 3737.43
 3457.9 3132.65
3415.21  3783.1
4471.27  3192.1
614.734 2614.42
4210.12 3111.87
4751.49  3636.2
 4482.9 3583.37
3695.73 3138.27
3045.12 3785.23
4471.27  3192.1
3819.31 3142.82
4066.77 3745.46
4210.12 3111.87
4471.27  3192.1
1199.78  3418.1
3435.14 3096.41
 3179.2 3154.25
4387.43 3728.11
4066.77 3745.46
5057.59 1956.53
3542.34  3143.7
4113.93 3668.62
1121.99 3571.38
3420.21 3852.61
2891.35 3399.99
3048.07  3821.7
4028.77 3752.09
4016.59 3754.35
5057.59 1956.53
4221.66 3832.06
3860.79 3188.33
4425.69 3118.15
4252.84 3236.09
3695.73 3138.27
4705.16 3350.44
3817.64 3416.34
3571.21 3141.93
141.971 3967.45
3542.34  3143.7
3571.58 3142.19
1504.94 3612.49
4159.78 3112.16
2564.12 2103.94
 3457.9 3132.65
3566.06 3210.12
2564.12 2103.94
3363.91 3441.46
3775.37 3143.26
4224.04    3081
4751.49  3636.2
3819.31 3142.82
2891.35 3399.99
3656.61 3781.33
3921.04 3404.35
 4471.4 3161.77
4509.76 3190.62
1110.84 3580.19
   4035 3798.73
4368.49 3407.29
3521.44 3217.99
2215.32 1906.97
4342.23 3189.69
5186.29 3307.39
3975.89 3684.14
2694.69 2004.28
3571.21 3141.93
3221.24  2109.1
1784.42 1234.02
218.386 3946.69
3824.02 3142.81
4795.95 3175.04
8016.46  2116.3
3297.72 3091.07
 3457.9 3132.65
4561.79  3719.8
2605.23 2004.83
3775.37 3142.34
1507.07 3611.75
3526.16 3211.04
3282.14 2083.28
 3447.2 3140.86
3568.42 3136.52
 3920.6 3146.42
4558.71 3071.69
3270.09  3780.8
3545.94 3155.78
3577.51 3119.58
4020.66 3122.68
-204.022  2371.59
4471.27  3192.1
 3457.9 3132.65
7679.62  2210.8
 2696.3 2004.49
3719.82 3150.08
3770.03 3149.16
1266.5 3571.8
908.971 3573.28
5171.32 3635.29
3619.78 3139.18
3279.85 2087.58
3270.48 3780.15
2290.94 1826.42
2984.69 3422.38
-613.179  4699.32
4795.95 3175.04
 3874.5 3140.81
4675.02 3152.36
2562.66 2106.28
-291.514  4149.13
949.393 5018.76
3547.62 3155.78
4675.02 3152.36
3921.59 3129.55
3026.15 3845.53
3393.03 3145.96
 6991.6 2704.74
4312.96 3131.37
4480.67 4126.95
1110.84 3580.19
3547.62 3155.78
4145.14  3743.9
3080.59  3713.2
3270.48 3780.15
3509.59 3154.77
3270.09  3780.8
3975.89 3684.14
1832.68  4481.7
162.435 3983.97
4312.96 3131.37
4076.37 3143.85
2330.86 1900.14
4393.81  3181.1
4312.96 3131.37
2811.52 2102.55
3921.59 3129.55
3571.21 3141.93
1900.55 4427.07
3512.12 3124.25
4170.89 3080.19
4740.68 3375.46
3541.03 3153.96
1130.09 4826.71
4703.72    3216
4481.58 3228.49
4730.78 3367.32
3571.58 3142.19
3887.23 3177.69
7136.04 2599.86
 1882.3 4667.46
3766.63 3143.11
4310.19 3133.31
2810.04 3104.53
3058.69 3781.76
4726.72 3648.11
7176.34 2579.61
5095.86 3317.24
4560.85 3718.79
 3706.1 3117.52
3568.42 3136.52
2810.04 3104.53
1117.31 3493.66
3063.45 3729.71
3770.03 3149.16
3695.73 3138.27
-1098.38  2274.58
3571.21 3141.93
4239.59 3788.07
4705.16 3350.44
3887.23 3177.69
4342.23 3189.69
3669.83 3133.02
2166.27 1834.59
 2223.7 1905.36
3880.02 3607.54
 3611.3 3151.83
3513.77 3151.33
3439.84 3098.06
3177.99 3096.32
3299.24  3092.4
7571.46 2579.73
3439.69 3158.42
7565.51 2164.88
2600.87 3262.93
4434.88  3723.3
4572.43 3173.85
7286.79 2159.93
1912.31 3244.69
3509.59 3154.77
 3179.2 3154.25
4435.97 3137.44
-1172.06  2724.64
4203.79 3149.43
4393.81  3181.1
3654.48 3150.36
 3487.2 3634.06
3473.85 3220.15
7271.31 2155.92
3699.52 3181.76
4911.75 3166.83
1843.24 4676.76
2426.97 3126.22
1419.18 3430.93
1660.78 4695.08
4749.51 3163.21
 3693.5 3689.69
4675.02 3152.36
 2469.9 3691.45
2843.56 3261.56
3699.52 3181.76
2361.57 3748.56
4399.85 3724.69
3238.93 3920.48
4654.26  3114.1
4419.63 3132.66
1884.78 3356.77
2618.67 1972.37
2166.27 1834.59
4886.75 3153.59
3232.47 3196.23
7565.51 2164.88
3521.44 3217.99
3663.17    3150
3766.63 3143.11
3475.16 3219.37
1128.77 4248.05
3616.7 3215.3
3325.29 3778.15
2171.26 3390.67
4641.85 3153.47
172.639 4007.91
4570.99 3169.86
172.639 4007.91
1117.31 3493.66
4378.49 3666.29
4533.49 3132.87
1522.12 3336.73
 3083.9 1861.03
4224.04    3081
2824.92 2096.74
3473.85 3220.15
 4307.8 3143.32
2166.27 1834.59
1846.04 3379.73
4084.75 3029.03
6529.24 2047.32
-417.281  4237.49
2694.69 2004.28
148.453 3992.45
2562.66 2106.28
   2307 1830.39
3473.85 3220.15
 2787.3 3294.27
2514.31 1974.39
4335.43 3184.81
4105.67 3112.76
 3693.5 3689.69
2606.84 2104.84
 1594.6 4559.33
2607.57 3526.98
4335.43 3184.81
4730.78 3367.32
3549.41 3150.23
1890.52 3352.35
4427.76 3188.14
 3997.1 3153.34
3350.11 3457.41
3399.93 3158.59
3666.83    3151
4230.05 3879.05
2512.33 1973.91
4707.06 2136.76
3399.93 3158.59
4718.59 3226.32
3699.52 3181.76
 3083.9 1861.03
4385.48 3826.15
1501.74 3316.21
7425.76  2913.1
4471.27  3192.1
4342.23 3189.69
3536.52 3096.02
5221.56 3753.42
3520.14 3218.04
4380.43 1732.24
3781.69 3186.88
3263.86 3399.76
67.5597 4049.81
3904.1 1843.1
4618.28 3129.07
-950.916  2594.67
67.5597 4049.81
6806.92  2639.5
3350.11 3457.41
4375.74 1735.15
7663.11 2244.54
418.914  3885.4
2729.77 3341.47
4404.18  3678.3
2840.57 2101.22
3811.46 3178.75
3177.99 3096.32
4258.74 3198.87
4418.38 1802.83
4395.54 3181.54
3245.53 1863.79
4654.26  3114.1
7628.24  2862.7
3540.47 3202.86
6806.92  2639.5
1522.12 3336.73
-1541.35  2716.72
3775.23 3179.64
5079.68 3528.21
4570.99 3169.86
3282.42 3801.11
4380.43 1732.24
3744.84 3181.12
-748.96 2412.78
4482.96 3580.28
4230.05 3879.05
3727.82  3108.3
3963.52 3616.76
1329.06 3415.84
4151.51 3166.44
7172.42  2714.2
3895.13 3132.41
5064.81 1500.64
6670.02 2887.06
1948.51 4388.73
3520.14 3218.04
4099.37 3126.48
2514.31 1974.39
3392.73 3162.41
3925.42 3106.88
4335.43 3184.81
2211.33  3713.7
3149.64 3144.76
4390.58 3189.67
3315.08 3210.08
3693.01 3199.12
3888.45  3183.6
4521.74 1505.48
4902.38 3677.95
2341.54 3808.52
   3680 3182.62
4335.43 3184.81
3.85299 4719.57
4658.21 3129.54
3980.59 3186.24
4963.64 3710.14
4393.88 1834.78
3857.64 3184.42
3090.66 3151.43
5919.44 5016.42
3646.74 3202.98
2171.26 3390.67
3364.38 3207.17
3955.79 3621.92
3541.02 3202.28
2417.45 1980.33
3540.72 3204.28
 3777.4 3656.92
7487.12 2741.07
4216.87 1844.82
   2122 3050.21
2476.06 3124.59
3231.27 3111.81
1973.35 3180.46
3672.98 3659.64
4836.49  3800.6
7444.38 2194.34
5777.65 2970.45
3563.13 3185.76
3354.45 3209.07
4730.24 3160.73
-950.916  2594.67
 4354.6 3126.45
5664.02 3032.81
5777.65 2970.45
4482.01 3573.44
1720.65 1718.84
7628.24  2862.7
 4502.6 1726.96
3523.82 3224.88
3392.73 3162.41
4654.37 3113.93
2509.43 3164.39
1785.87 4695.83
3282.42 3801.11
2009.69 1685.95
977.924 5003.03
4389.25    3188
1622.25 4749.07
3044.97 3203.24
3350.11 3457.41
2709.14 3786.58
3520.14 3218.04
2.71927 3910.16
4010.51 3691.12
4335.43 3184.81
2896.45 3189.35
3524.26 3206.13
2190.35  3381.6
4730.24 3160.73
3522.28 3204.21
3373.52 3169.22
6973.74 2644.68
1286.76  4637.7
4239.59 3788.07
3716.45 3144.07
2254.81 1833.67
3520.14 3218.04
7489.15 2202.62
1622.25 4749.07
-671.422  2408.24
7929.56 2690.17
4416.45 3077.14
 7189.7 2703.01
3755.2 3634.9
3686.01 3092.74
7283.87 2189.85
3523.82 3224.88
2582.29 3166.54
3719.96 3148.62
6812.63 2638.74
-701.001  2795.52
3260.81 3430.62
4050.64 3829.43
3523.82 3224.88
5953.22 4979.22
3090.66 3151.43
5497.74 340.267
 2878.6 3219.39
3282.42 3801.11
188.184 4577.75
3964.04 3604.92
4923.52 3074.61
3320.26 3664.35
418.914  3885.4
3360.41 2088.29
3619.78 3139.18
4482.01 3573.44
-568.254     2398
3356.19 3208.03
3282.41 3809.31
 3777.4 3656.92
4704.88    3067
3470.61 3143.32
3355.74 3211.57
4351.02 3202.32
 4320.6 3141.23
5981.98 4988.66
2326.29 1826.31
6912.55  2643.5
1228.47 3602.18
4201.24 3550.43
4608.37 1602.55
3523.82 3224.88
6904.38 2623.89
3349.34 3458.63
4351.02 3202.32
3523.82 3224.88
   4214 3186.78
1586.22 4564.59
3470.56 3146.03
2864.72 3201.85
3531.45  3202.9
3470.56 3146.03
-612.664  2688.92
1286.76  4637.7
3354.45 3209.07
457.909 4869.08
2581.41 3166.78
6973.74 2644.68
3294.29 3678.35
3229.18 3221.41
6973.78 2610.52
3775.75 3664.37
2323.93 1899.84
4351.63 3394.14
3282.41 3809.31
3549.41 3150.23
 4499.2 3178.27
6729.69 2628.46
2601.65 2004.43
3283.12 3815.54
2581.41 3166.78
3234.66 3201.32
5400.56 3648.44
3654.48 3150.36
481.484 4853.08
4593.02 3783.45
7646.26 2570.64
5097.34 3119.19
-77.3995  5265.97
3229.18 3221.41
4631.51  3171.7
4047.47  3899.6
4192.14 3408.19
4396.62 3683.35
-701.001  2795.52
3629.09 3109.83
 4320.6 3141.23
5197.48 3629.78
3283.69 3818.21
4277.21 3599.07
7929.56 2690.17
3267.93 3800.76
3520.14 3218.04
2207.08 1905.68
3540.72 3204.28
2061.03 3724.28
 3249.1 3458.08
3254.08 3815.16
5050.94  3607.8
3998.68 3133.59
4462.53 3161.29
2392.86 3739.78
7823.3 2626.2
-612.664  2688.92
3470.61 3143.32
7621.92 2110.95
3618.63 3199.25
1957.93 3174.09
3352.69 3228.71
2332.01 1802.26
3960.38 3148.63
 3554.4 3201.86
3111.72 3216.36
167.307 4557.38
159.022 2330.63
-762.161  2457.09
3549.41 3150.23
3229.18 3221.41
3653.52 3199.32
-294.887  4250.65
4579.94 3173.99
-984.364  2627.19
3283.69 3818.21
4111.12 3626.38
1160.49 3547.41
2426.97 3126.22
-984.364  2627.19
 4392.4 3679.02
2838.58 3160.56
4794.79 3169.49
4756.84 1727.95
3282.41 3809.31
4351.02 3202.32
7922.06  2636.5
3719.28 3130.31
3057.12 3042.93
2207.08 1905.68
3316.56 3209.41
 4741.3 3369.48
-748.96 2412.78
4556.66 3758.73
4074.41 3186.35
4011.07 1659.66
3698.98 3188.35
3080.59  3713.2
3513.51 3426.28
-59.1114  4050.53
 7162.5 2663.45
7674.44 2571.91
3564.41 3149.58
4345.59 1753.77
4133.45 3650.63
7202.11 2697.86
4533.76 1491.51
4969.68 3464.09
4756.84 1727.95
2193.69 1803.06
640.384 5773.09
4351.02 3202.32
4231.24 3198.71
5089.91 3654.65
-754.939  2424.24
3434.47 3220.87
3731.77 3090.77
2870.23 3167.43
4461.23 3180.02
5119.16 3506.56
3753.89 3153.21
-762.161  2457.09
-727.65 2753.85
152.044 4569.95
4320.22 3544.88
 7300.2 2729.22
5391.44 3605.69
3846.01 3391.74
7350.08 2583.14
4461.23 3180.02
3788.33 1749.54
3753.89 3153.21
4584.43 1724.05
3618.63 3199.25
2503.62 2041.81
3024.42 3819.01
7082.71 2611.49
5163.76 3487.04
4048.41 3829.97
 5228.5 3660.24
4351.02 3202.32
2872.47 3197.22
3540.48 3424.25
1433.92 4761.46
4482.43 3643.51
7315.41 2672.02
3470.61 3143.32
3283.69 3818.21
 2113.9 3118.15
 4499.2 3178.27
3648.49 3700.35
4201.24 3550.43
1469.81 3414.65
3853.94 3139.87
3539.81 3159.72
 7162.5 2663.45
4074.41 3186.35
5089.56 1180.38
3063.06 3118.32
1929.62  4682.5
3470.61 3143.32
4201.24 3550.43
1228.47 3602.18
 4166.7 3241.22
7129.59 2570.93
3211.36 3183.57
1286.76  4637.7
3921.64 3113.76
4033.29 3102.34
4427.93 1837.22
3551.78 3583.01
4190.81 3420.74
7285.57 2725.66
4009.42 3717.01
4412.72 3165.23
4093.53 3431.79
1999.14 3738.74
-884.472  2477.56
3644.39 3197.98
4270.27 3142.24
4512.15 3526.21
4872.46 3169.65
2581.41 3166.78
3352.69 3228.71
5645.87 2872.25
4336.32 1744.33
 7300.2 2729.22
294.396 4990.09
 2750.4 1756.45
3804.42 3666.65
3522.28 3204.21
2695.94 3220.02
2334.42 1970.08
4789.69 3540.53
-857.388  2711.62
 3248.7 3439.72
3719.28 3130.31
3229.18 3221.41
3155.47 3203.95
7361.76 2189.31
2187.97 1810.08
2139.97 3065.63
4153.25 3229.11
7366.22 2676.34
2326.29 1826.31
4382.76 3418.25
7458.11 2697.66
3057.12 3042.93
1824.25 1860.58
 3166.1 3048.39
5034.93 1575.03
4134.28 1971.52
4020.18 3190.78
2503.62 2041.81
2334.42 1970.08
2801.92 3283.06
7402.21 2853.84
3352.69 3228.71
4179.02 3187.59
5199.56 1201.72
4149.7 3130.2
3410.79 3159.26
3981.22  1804.6
3951.48 3176.72
3069.23 3098.87
 4152.4 3609.77
4270.27 3142.24
7821.89 2093.05
1447.47 5409.18
7458.11 2697.66
918.562 4476.78
3847.64 3698.21
457.446  3016.4
4190.55 1721.58
1425.74 5437.71
3665.97 3832.21
6912.55  2643.5
4223.54 3803.72
2139.97 3065.63
4468.33 3179.41
5034.93 1575.03
3031.85 3858.36
4857.87  3614.6
7736.45 2672.73
3665.97 3832.21
3561.84 3567.39
4057.31 3789.44
4287.64 3148.39
4607.99 1587.42
 4930.4 3713.43
1215.24  3611.7
2976.52 3352.96
4096.07 3149.94
4260.46 3181.32
3418.07 3843.03
4533.76 1491.51
4468.33 3179.41
2635.56 2040.63
 3249.1 3458.08
2104.62 3097.08
-1260.4 2747.43
3882.32 3104.08
6904.38 2623.89
7412.89 2857.68
-875.954  2501.76
3981.22  1804.6
3997.98  3181.9
4399.87 1726.51
-293.611  2656.52
4388.42 3145.06
2650.58 3869.26
5258.09 3658.85
4096.02  3061.4
 4728.7 1832.97
3686.01 3092.74
4922.59  3542.4
3882.32 3104.08
5315.5 3708.9
4191.71 3430.67
791.623  5606.1
6647.31 2770.35
7526.21 2108.37
2135.78 1814.27
3798.38 1735.61
4260.46 3181.32
4412.15 3168.27
2274.27 1808.31
5193.52 1205.47
4021.41 1964.69
3775.23 3179.64
4468.33 3179.41
4180.88 3183.74
-620.999  4857.58
6853.67 2710.91
2111.17 3682.98
3248.17  3577.9
3489.85 3113.63
-569.709  4872.93
 3582.6 3611.07
2127.71 1841.08
4354.49 1750.01
2631.12 1889.47
4074.41 3186.35
3565.39 3191.61
4417.45 3181.54
3157.29 2101.05
4211.98 3811.54
2290.03 3838.16
4526.29 3163.14
4827.47 3157.73
4221.16 3184.93
4096.13 3060.13
4036.04 3678.41
1026.81 4342.39
3290.48 3703.99
3298.72  1921.1
7320.59 2568.48
4354.49 1750.01
 4069.2 3017.86
7730.74 2749.91
4810.75 3618.48
7513.11  2578.4
3539.81 3159.72
3470.06 3190.66
3245.39 3587.41
 7478.1 2901.03
3338.13 3114.48
3857.85 1741.12
6246.93 1878.34
4493.35  1514.5
1732.58 4533.69
4756.84 1727.95
4369.86 3659.29
3292.63 3700.68
407.979 3948.53
4083.15 3158.18
4722.67 1519.53
7898.03 2211.69
3960.38 3148.63
4352.11 3386.78
3781.79 3142.85
4397.36 1733.92
4141.81 3614.72
8061.68 2073.86
4482.31 3104.09
3249.18 3460.05
3973.89 3094.03
3227.37 3588.64
2104.62 3097.08
7314.64 2564.91
3979.11 3618.42
4699.99 3137.88
863.441 4972.12
4610.08 3565.56
4722.84 3131.56
3956.18 1767.17
3142.28 3222.04
4439.11 3763.03
4883.54 3173.73
2602.98 2038.24
3344.36 2086.45
3236.38 3579.85
1499.45 3408.04
4166.76 3674.63
3516.05 3433.69
3227.37 3588.64
7878.11 2124.36
864.572 4738.33
4605.16 3358.31
4157.86 3294.02
1491.52 3345.57
4388.83 3144.24
3810.89 3186.65
6922.29 3227.32
2399.19 1968.45
4754.13 2135.42
4166.27 3154.16
973.483 3504.14
4738.35 3639.85
2010.52 1825.82
3403.31  3173.1
1529.57 1337.55
407.979 3948.53
4635.97 1521.17
7228.44 2577.71
4174.65 3096.01
-867.845  2566.97
3887.26 3567.15
3227.37 3588.64
 7840.6 2671.83
1967.11 3778.37
4525.3 3528.4
2760.86 3192.82
4002.29 3260.54
   5063 3528.42
4397.36 1733.92
-776.61 2738.85
43.8036  4637.1
4021.41 1964.69
4810.75 3618.48
4725.16 1512.15
 3688.7 3112.12
4279.56 3166.01
7523.4 2123.3
4752.77 3164.22
3410.79 3159.26
4166.27 3154.16
 4302.2 1808.09
3760.26 3146.87
2960.89 3277.86
3673.03 3696.36
4086.13 3065.88
4405.13 3557.71
3227.37 3588.64
1535.93 3396.82
3789.95 3840.54
4198.22 3543.65
3523.79 3130.43
3980.34 3104.76
4029.79 3159.61
3858.19 3603.38
4700.91  3167.1
1551.96  4593.8
3931.64 3106.72
3557.27 3147.48
2045.12 3742.95
3874.38 3104.73
2373.34  1981.8
 3688.7 3112.12
3410.99 3848.48
4141.81 3614.72
1764.19 4508.03
3295.13 3115.58
4144.32  3385.1
7670.99 2127.26
1868.96 4638.64
2518.23  3789.1
 7788.6 2640.12
4260.46 3181.32
4468.63 1645.05
4699.91 2123.41
3730.45 3143.79
2193.69 1803.06
2444.14 2045.01
4837.22 3511.01
3873.01 3095.98
-1432.15  2615.63
2910.43 2114.91
877.894 4745.04
3060.87 3124.97
3877.63 3146.54
3817.05 3293.06
2625.24 2109.23
-336.008  4159.11
5116.89 3514.05
 3706.4 3188.86
4071.68 3177.02
7314.64 2564.91
3630.25 3110.68
4482.31 3104.09
 1711.3 3316.45
3783.13 3102.44
3837.18 1734.88
 7636.9 2607.64
3227.37 3588.64
 1711.3 3316.45
1040.94 3611.97
2702.09 3198.34
3961.16 3629.07
 5300.3 3479.36
 3591.7 3157.92
5394.38 3277.14
3014.02  3360.6
 1711.3 3316.45
3395.45 3228.17
2565.64 2088.63
3489.29  3092.2
3882.32 3104.08
3779.13 3690.86
4807.27  3213.5
7634.41 2631.11
4740.24 3393.81
4221.5 3553.7
1302.34 4301.78
4699.91 2123.41
4224.05 3094.04
6925.36 2814.31
6171.2 1894.7
2584.64 1959.25
7735.99 3029.52
-285.615  4586.93
4331.59 3224.71
2743.93 2019.09
 2317.4 3818.52
3281.66 3782.05
3829.55 3140.32
3777.39 3252.21
 7882.4 2653.63
 6928.12 -908.454
1105.87 4240.42
4987.65 2992.64
2002.41 1850.21
4771.63 3723.52
 4709.2 2131.04
4375.26 3694.22
2845.58 3672.05
3811.46 3178.75
4648.04 3192.08
4503.94 1731.94
3864.24 3191.89
2000.39 1849.29
4608.37 1602.55
3403.31  3173.1
2685.31    3226
3783.13 3102.44
7018.81  2622.8
1406.13 4853.91
4929.76  1728.8
2976.06 3269.62
4497.98 1937.64
3786.29 3106.64
7018.81  2622.8
3817.05 3293.06
2274.27 1808.31
1900.78 3226.34
3060.87 3124.97
1365.18 3699.66
-842.347  2654.62
3812.08 3186.29
5368.24  1961.1
3523.79 3130.43
5110.62 3548.51
4493.35  1514.5
3251.58 3586.36
3980.34 3104.76
7297.03 2575.55
4843.19  3147.3
3193.34 3148.27
4768.76 3142.79
121.594 4591.54
3981.51 3144.41
346.017 5050.69
 2492.3 1906.44
4229.57 3839.25
4103.64 3230.91
4592.66 3571.56
1868.96 4638.64
7818.46  2242.5
4560.14 3216.51
2478.88 1977.02
4453.23 3118.02
4699.91 2123.41
2874.78 3267.92
2127.71 1841.08
121.594 4591.54
2127.71 1841.08
   5063 3528.42
3823.17 1943.37
4917.98 3165.84
4191.71 3430.67
4842.88 3127.92
346.017 5050.69
2584.64 1959.25
2018.51 1829.78
443.157 2999.67
3389.94 3598.52
3804.68 3697.08
7499.61  2532.5
4298.21 1932.66
125.724 2831.86
 3156.3 3650.83
5115.32 3545.95
3422.84 3190.85
2641.26 2018.39
-1008.49  2481.68
3532.47 3201.64
 3518.6 3188.09
2951.53 3445.25
4453.23 3118.02
1703.35 4578.08
4354.96 1942.06
1813.37 1728.91
3823.17 1943.37
-990.748  2656.47
851.854 5045.34
4564.09 3195.64
2413.88 2044.98
3891.73 3119.06
2159.54 3753.89
3386.66 3699.37
3026.07 3344.04
3238.22 3579.67
2373.34  1981.8
3592.22 3135.84
3538.85 3104.84
4180.88 3183.74
3470.61 3143.32
2657.55 1972.73
3259.58 3852.32
-990.482  2687.52
-795.18 2626.36
4919.73 1733.96
1764.89 4828.31
4292.12 3153.94
 4621.2 3806.17
3542.95 3206.06
 2492.3 1906.44
4807.27  3213.5
-1059.34  2445.43
3060.87 3124.97
3823.17 1943.37
3783.13 3102.44
859.567 3562.01
5118.67 3577.01
1963.72 4761.48
3582.97 3617.25
7070.91 3263.11
7818.46  2242.5
4729.95 3156.48
4941.83 3117.68
7523.4 2123.3
4946.99 1164.74
 3589.3 3106.13
3259.58 3852.32
3758.07 1946.82
2137.71 3040.23
 2441.7 1964.99
4037.62 3798.41
3391.96 3117.56
4365.43 3134.23
 2587.7 3172.76
4594.73 3062.33
4535.69 3535.87
 2441.7 1964.99
3619.94    3191
3655.66 3254.18
2140.62 1935.84
7102.95 2680.17
4378.62 3174.65
-172.708  4689.51
4388.83 3144.24
 2732.6 3226.07
4607.75 1573.54
   4194 3597.02
4287.64 3148.39
4073.96 3101.71
3780.57 3103.07
3202.87 3158.84
7724.61 2697.55
3927.38 3438.57
-616.963  4292.48
4514.54 3191.44
3244.01 3576.53
 2255.8 3693.29
5065.38 3089.92
3874.38 3104.73
3773.71 3261.25
 3577.8 3148.96
3523.79 3130.43
4055.22 3815.42
3636.79 3109.64
502.428 2236.33
1411.85 4847.21
4189.75 3501.32
4454.98 3602.29
3383.32 3198.36
3864.38 3616.84
4977.32 3757.57
2657.55 1972.73
3720.55 3164.75
639.713 4615.36
859.567 3562.01
3928.64 1949.64
3924.19 3161.22
3823.17 1943.37
4525.3 3528.4
4048.86 3834.48
4874.41 3146.67
3718.75  3165.9
4610.46 3772.94
3053.79 3811.02
3416.43 3164.43
5087.08 2094.04
 3564.3 3566.65
3806.62 3195.35
3278.71  3636.8
4524.24 3169.07
3980.79 3147.16
2180.35 1972.13
3876.44 3100.24
6596.94 2747.21
3685.01 3182.72
3758.07 1946.82
3060.87 3124.97
   4623 3137.52
4412.72 3165.23
4226.11 3558.26
2892.79 3410.44
3793.04 1944.97
4150.94 3123.97
3927.38 3438.57
4919.73 1733.96
4454.98 3602.29
4620.45 3817.64
2478.88 1977.02
-795.18 2626.36
4406.64 2000.86
3576.65 3147.07
3538.85 3104.84
4208.99 3423.46
4287.64 3148.39
1454.33 5266.58
3642.44 3159.62
4166.42 3166.85
7516.08 2145.98
 4766.3 2513.58
 4475.6 3145.68
-975.882  2687.36
4089.21 3158.87
3973.28 3097.96
4005.58 1941.39
3523.79 3130.43
8030.47 2087.39
4034.51 3112.66
3538.85 3104.84
-1128.13  2546.67
7487.01 2651.25
3794.28 3643.11
6673.23 2675.04
4903.94 1738.65
2262.13 3342.81
4433.53 3195.15
502.428 2236.33
3773.71 3261.25
4127.07 3251.66
3339.89 3459.09
7693.53 2617.96
3703.01 3166.32
2127.71 1841.08
4563.87 3218.21
3372.98 3155.89
4542.58 3175.38
2274.54 1826.74
3815.14 3099.63
3191.39 3173.52
4397.36 1733.92
3772.52 3255.34
3520.31 3454.03
3783.13 3102.44
4874.61 1736.08
4584.43 1724.05
 14.898 4024.87
3891.73 3119.06
3495.65 3682.66
2352.38 2046.99
2037.42 3709.97
2590.43 2019.79
4406.64 2000.86
4246.12  3173.4
3999.29 1935.67
3932.11 3112.88
3793.04 1944.97
4766.51  3547.5
3883.13 1949.18
3523.79 3130.43
3523.79 3130.43
4607.75 1573.54
4403.99 1927.38
3780.09 1953.74
2127.71 1841.08
4214.92 3556.64
5095.31 3189.58
4801.89 3174.55
3577.62 3149.06
3783.13 3102.44
2771.19 3225.52
2838.95 3221.22
1349.14 5695.95
 7798.4 2613.46
3966.27 1851.91
3783.13 3102.44
2648.44 2007.34
4177.81 3608.31
4260.46 3181.32
3815.35 3583.37
3776.75 3698.37
 2381.3 1977.73
 2587.7 3172.76
3760.46 3152.94
4160.92 3138.24
3950.56 1938.56
3793.04 1944.97
2135.78 1814.27
3249.25  3460.8
4499.09 1521.66
4801.89 3174.55
4523.72 1729.11
4289.85 1813.83
3523.79 3130.43
3864.38 3616.84
4166.27 3154.16
4604.38 1549.88
897.306 5485.47
1865.53 3220.93
4029.25 3093.26
4419.05 1596.32
3771.27 3162.81
3730.45 3143.79
3745.12 3103.67
 1405.9 4510.62
3864.38 3616.84
4190.55 1721.58
4010.67 3666.95
3538.85 3104.84
4166.27 3154.16
4287.97 3149.41
4514.96 1847.82
 3706.4 3188.86
3883.28 3532.58
2749.15 3122.79
-3.25759  1239.41
4635.97 1521.17
4659.55 1593.67
6583.67 2902.35
3793.04 1944.97
3728.94  3143.5
3523.79 3130.43
5359.86 4426.67
3980.34 3104.76
1705.94 4592.36
2182.12 1712.09
4124.93 3828.84
4593.54 3103.19
4528.82 1930.58
928.412 4534.99
761.864 5121.59
3555.89 3160.04
3770.04 3164.46
3928.64 1949.64
 4590.8 3162.58
2645.19 2007.54
3783.13 3102.44
4174.83 3606.25
2123.09 1837.42
4287.64 3148.39
 207.72 2830.44
3793.21  1946.7
4594.29 3571.89
3403.31  3173.1
5046.67 3620.49
1813.37 1728.91
 4475.6 3145.68
-45.4536  2824.87
4530.25 3538.86
3648.65 3164.49
3763.91  1954.3
 4364.3 3420.57
3253.17 1873.61
1473.64 1574.58
4825.81 3581.05
3383.81  3177.2
3258.74 3592.43
3773.9 3246.7
3315.86 3043.71
3977.66 3099.22
2318.05 1885.07
2262.13 3342.81
3571.51 3583.97
527.406 4796.17
3883.28 3532.58
3436.26 3175.76
-1091.55  2446.86
2666.03 3114.04
3636.96 3149.25
-260.421  2345.25
448.027 3007.21
 4803.6 3594.97
7766.56 2552.06
5497.39 1240.69
2759.62 3357.64
3810.49 3147.18
3793.04 1944.97
3905.46 1976.63
3780.09 1953.74
3511.96 2068.08
7650.83 2534.56
5111.55 3575.13
2625.24 2109.23
 3734.7 3109.47
4038.12 3770.46
3763.91  1954.3
2318.05 1885.07
 3248.5 2086.25
4659.55 1593.67
 2708.1 3207.54
4101.45 1944.04
567.465 4161.96
 3741.7 3189.77
-494.585  5667.18
4544.24 3541.91
4587.48 1595.08
3825.99 1858.26
6275.58 2006.42
4607.78 3560.26
 4223.6 1837.67
4872.51 4046.72
4386.52 1927.86
1926.76 1821.45
2262.13 3342.81
3997.46 1933.89
4379.69 3654.15
3979.06 3102.49
3775.46 3313.02
2661.43 2044.01
4499.09 1521.66
-261.253  2352.53
1949.05 4469.61
3931.34 1939.72
6596.94 2747.21
4363.37 1850.16
2565.18 3226.35
1344.18 1385.83
 4302.2 1808.09
4894.56 3205.95
3997.46 1933.89
4287.97 3149.41
1774.46 4844.93
3762.97 3697.32
7766.56 2552.06
3564.36 3590.61
 4302.2 1808.09
2781.49 3177.35
3991.83 3097.44
3513.51 3426.28
3970.96 3148.78
-3041.55  2506.35
3425.02 3262.14
4848.75 1510.21
3829.52 1952.61
4341.72 3229.71
4326.26 3221.61
3452.99 3164.38
4731.46 2138.08
4593.54 3103.19
4863.46 3550.71
7751.61 2628.25
4211.17    3564
3891.73 3119.06
2876.21 3143.04
2749.15 3122.79
 5381.4 1930.08
2326.22 1961.56
3645.85 3104.53
3783.13 3102.44
3955.84 3163.72
4368.78 3177.73
4395.08 3186.19
4129.14 1953.84
3770.04 3164.46
387.483 2211.98
3493.12 3199.82
 4766.3 2513.58
3929.38 1937.42
4503.52 1851.15
927.862 5071.53
3860.13 1936.68
5012.57 1968.46
4573.86 1958.96
4257.02 3587.27
2783.04 3206.16
 7735.1 2077.02
3544.45 3577.49
-82.7992  4795.79
4677.66 1575.32
4144.28 1960.61
-261.253  2352.53
163.143 4572.13
7922.43 2474.26
3425.02 3262.14
 4223.6 1837.67
1705.94 4592.36
3403.31  3173.1
3870.32 3573.38
4528.63 3546.81
2653.62 3121.96
3092.47 3690.98
3538.85 3104.84
8009.76 2313.44
4725.16 1512.15
4562.74 3085.03
2154.94  3172.6
4377.67 3162.98
4087.56 1950.59
 4163.7 3065.34
3770.04 3164.46
4303.95 1807.83
4942.85 1172.09
2575.29 3172.44
2727.43 3173.18
3980.34 3104.76
3979.06 3102.49
3504.17 3161.72
3783.13 3102.44
3409.06 3161.58
3403.31  3173.1
3582.88 3111.16
-261.253  2352.53
-3535.63  2842.34
1411.79 3385.42
3794.28 3643.11
4242.03 1939.08
3883.09 1948.42
6846.66 2778.54
4796.89 1597.12
3864.38 3616.84
 7735.1 2077.02
3231.15 3626.49
3780.09 1953.74
3362.75  3169.4
 3261.8 2094.31
3849.01 3822.73
3658.77 3149.05
4504.27    3510
3718.75  3165.9
3555.89 3160.04
4134.28 1971.52
4475.95 3171.42
4045.27 3181.06
3189.69 3174.39
 3885.8 3544.72
4010.67 3666.95
2661.43 2044.01
3523.79 3130.43
3932.72 1765.17
 3095.6 3152.04
4516.65 3642.71
3835.17 1975.89
3924.19 3161.22
5344.96 3588.87
3234.63  3623.4
5016.74 1575.37
2706.37 3834.85
2590.43 2019.79
-3041.55  2506.35
4659.55 1593.67
1210.39 3448.55
4553.89 3553.34
 4641.7 3363.99
3555.89 3160.04
3729.51 3133.42
3760.46 3152.94
1787.72 4660.05
 3164.4 3197.23
3493.12 3199.82
3919.01 1946.79
4265.49 1943.15
3613.16 3295.82
3403.31  3173.1
4101.42 1937.69
3955.84 3163.72
3504.17 3161.72
5010.17 1606.43
4144.28 1960.61
7766.56 2552.06
1913.29  3664.1
2954.51 1906.07
6891.25  2729.6
2351.87 1823.74
2848.56 3182.05
4379.69 3654.15
4290.98 3165.57
4185.04 3151.65
2848.56 3182.05
3237.95 3167.03
4357.31 1940.71
4123.35 3660.34
3824.36 3764.67
 7735.1 2077.02
5066.82  1855.6
3977.55 3096.05
4615.87 1492.08
4867.66 2511.11
2230.29 3200.02
2250.79 1914.83
4942.85 1172.09
3687.55 3110.11
4562.74 3085.03
3564.36 3590.61
3814.49 1951.57
2666.03 3114.04
5227.84 1196.06
4144.28 1960.61
1829.34 1856.58
7701.15 2113.71
3977.55 3096.05
4289.85 1813.83
3924.19 3161.22
4985.94 3113.49
4102.18 3429.96
3793.26 1947.19
4208.03 1854.96
3793.26 1947.19
4972.46 3053.99
3486.61 3107.72
4087.56 1950.59
 4475.6 3145.68
 4766.3 2513.58
4087.56 1950.59
4216.16 3567.92
4171.54 3140.38
3968.22 1938.12
3523.79 3130.43
4098.84  1923.9
4045.48 3116.95
3523.79 3130.43
4292.65 3180.55
-822.966  2680.76
4894.56 3205.95
4522.29 3190.77
3055.31 3212.94
3693.72 3121.93
4144.28 1960.61
 3261.8 2094.31
3890.12 3097.27
4040.96 1847.24
4478.54 3143.56
3790.19 3124.28
3860.13 1936.68
3617.66 3292.46
5340.79 4396.37
3656.81 3144.44
4240.39 3231.41
3793.21  1946.7
 1552.9 1780.68
3779.79 1978.57
4855.28 3524.21
3560.96 3192.02
2081.64 1711.83
 3971.1 3190.09
4246.12  3173.4
4039.22 1849.12
 7137.88 -929.714
3864.38 3616.84
4985.94 3113.49
4727.52 1527.04
3119.69 3138.72
3153.29  3152.3
4499.09 1521.66
4348.98 3197.72
6596.94 2747.21
2359.37 3210.19
4660.45 2514.83
 4181.6 3822.58
4600.95 1596.88
-122.338  4103.92
4681.45  3162.6
-1067.56  2506.44
4394.66 3196.98
 3788.4 1946.35
3857.15 3618.84
 2381.3 1977.73
4762.19 2511.79
2591.98 1987.27
2942.28 3331.47
4463.98 3243.14
3658.77 3149.05
4454.84 1573.62
 4243.8 3582.04
4144.28 1960.61
4045.48 3116.95
2551.27 3206.52
4480.97 3166.97
1340.25 3542.09
5519.51 1243.44
 7879.2 2074.26
2080.32 1844.16
3444.27 3174.71
4139.06 1921.64
3955.32 3665.64
5059.23 1507.53
4036.69 1934.29
3999.29 1935.67
1588.53 3353.97
3244.01 3576.53
7647.16 2537.32
4075.39 3103.37
3236.23 3601.32
4848.75 1510.21
3334.52  3472.1
5447.79 3639.29
3872.36 3161.78
-23.4911  4674.51
3782.29 3106.07
3336.48 3467.61
2326.22 1961.56
5008.53 1959.84
10.4087 2302.44
3671.67 3850.32
3683.26  3661.5
3189.51 3218.23
3888.27 3556.28
4673.28 1578.84
3385.77 3717.02
4482.03 3181.67
4318.18 1915.54
2270.56 1706.82
5061.01 1523.27
6115.59 1900.66
3041.58 3277.04
3980.34 3104.76
4144.28 1960.61
1630.59 4638.22
4589.28 1569.01
3538.85 3104.84
3977.55 3096.05
4470.26 3642.44
 4475.6 3145.68
4765.75 2121.72
3239.26 3168.05
3444.27 3174.71
2491.96 3166.84
3534.87 3106.95
4265.74 1944.54
4337.55 3091.71
3555.89 3160.04
3898.84 1920.36
4673.28 1578.84
3555.89 3160.04
4796.89 1597.12
4116.32 1804.83
3562.65 3163.23
3979.06 3102.49
7078.71 2600.93
4523.72 1729.11
3973.81 1811.73
4051.68 1829.42
 4364.3 3420.57
3251.58 3586.36
3955.84 3163.72
4942.85 1172.09
43.5336 2337.47
168.769 1071.33
 3922.2 3100.72
3068.56 3118.96
3558.75 3608.35
4131.65 3107.61
3621.57 3157.54
7279.81 2688.85
4498.38 1522.98
3983.44  1936.1
3793.21  1946.7
2648.44 2007.34
4062.71 1974.78
2666.03 3114.04
4482.58 1621.48
7387.26 2627.06
2575.81 3162.49
 3578.4 3186.08
7550.31 2686.66
3444.27 3174.71
3815.35 3583.37
3488.05 3109.45
4482.58 1621.48
3927.73  1919.1
3793.26 1947.19
3922.61 3162.22
4213.11 3570.69
3891.73 3119.06
-1154.81  2683.81
3555.89 3160.04
3865.44 3729.29
1597.54 1768.74
4414.66 1904.52
3793.26 1947.19
3606.03 3165.25
7299.71 2688.64
4144.28 1960.61
4177.42 3162.02
4765.75 2121.72
7873.28 2537.06
4024.44 3167.98
3244.01 3576.53
4796.89 1597.12
4144.28 1960.61
3336.37 3199.28
6826.76 2615.61
1866.88 1741.42
3534.87 3106.95
   4656 3400.78
4522.56 3101.91
3189.69 3174.39
7701.15 2113.71
4523.72 1729.11
3189.51 3218.23
3555.89 3160.04
2527.53 1951.26
 4766.3 2513.58
3980.34 3104.76
4917.98 3165.84
3829.52 1952.61
4848.75 1510.21
3825.36 1945.64
3534.87 3106.95
2769.47 3292.35
 3235.3 3604.37
395.795 4986.66
4144.28 1960.61
3927.73  1919.1
2220.25 3278.72
3865.44 3729.29
 4803.6 3594.97
 4167.1 3160.16
4677.66 1575.32
4988.25 2511.91
1602.39  1369.2
4144.28 1960.61
2399.78 2044.57
3211.75  2022.1
3523.79 3130.43
3658.77 3149.05
3930.91 1919.94
4189.75 3501.32
4942.85 1172.09
 4163.7 3065.34
4276.72 3159.71
3882.61 1946.37
3260.66 3601.44
4447.67 1961.63
2863.56 2034.98
 4437.8 3185.27
2625.24 2109.23
3779.79 1978.57
4177.42 3162.02
3898.84 1920.36
3557.84  3199.9
2322.87 1886.42
4482.58 1621.48
3005.38 1893.35
2625.24 2109.23
2153.96 4078.69
193.723 2816.49
3829.52 1952.61
3898.59 3781.05
4393.32  3139.6
1945.27 3102.82
3555.89 3160.04
3648.65 3164.49
302.365 2910.16
4144.28 1960.61
3927.73  1919.1
4549.85  3159.8
4864.31  3566.6
3999.01 1929.72
3149.93 3665.05
4144.28 1960.61
3793.21  1946.7
442.959 2953.78
4215.13    1711
6737.91 2623.29
5517.47 2502.84
3558.75 3608.35
3681.41 3134.93
3105.43 3219.17
4864.31  3566.6
3897.23 1920.74
259.587 5143.88
5116.59 3519.38
3445.64 3168.36
3606.03 3165.25
4046.38 3820.88
3508.76  3050.6
4364.71 3419.51
-1143.59  2593.26
3611.83  3162.7
4144.28 1960.61
5325.37 2501.74
272.453 2838.07
3898.59 3781.05
7851.39 2064.69
3980.34 3104.76
2597.66 2045.78
4153.27 1940.78
4634.12  1595.1
4035.47 3127.83
3793.21  1946.7
4403.76 3742.47
3825.36 1945.64
4529.53 3641.77
3315.86 3043.71
7299.71 2688.64
4021.21 1959.22
4144.28 1960.61
-1160.84  2648.47
2044.25 4205.27
4144.28 1960.61
2666.03 3114.04
3922.05 3070.73
3779.79 1978.62
3210.74 3045.18
4265.51 3161.43
 3555.8 3217.16
3005.38 1893.35
1473.64 1574.58
4265.51 3161.43
4144.28 1960.61
3829.52 1952.61
 3235.3 3604.37
5098.01 1628.24
4023.91 3110.91
2440.02 2048.65
3779.79 1978.57
4144.28 1960.61
3829.52 1952.61
4144.28 1960.61
3955.84 3163.72
3968.22 1938.12
3115.66 2030.91
4848.75 1510.21
2318.05 1885.07
4037.03  3128.2
3977.66 3099.22
 4535.8 3166.47
6162.41 1905.17
2527.53 1951.26
 4133.5 1972.88
2741.51 3198.45
 8.7174 2303.17
 4901.8 1622.44
4882.53 2515.01
6064.48 1914.46
4615.71 1525.55
4525.32 3178.45
3065.41 2068.57
3897.23 1920.74
