3909.36 3280.38
4728.09 3826.58
2804.47 2076.87
6434.62 2554.58
2804.15 2077.24
4728.38 3826.78
3908.36 3281.31
2503.87 3136.93
5071.87 3782.46
2033.32 3101.88
3932.56 3071.62
 3870.3 3136.14
2142.27 3108.49
2549.85 3138.21
2647.04 3140.26
3194.81 3284.48
2953.55 3284.51
3619.51 3138.09
2312.24 3129.48
2748.17 3143.32
4576.83 3720.76
2951.37 3285.66
4094.81 3750.23
4569.33  3136.1
2263.66 3267.33
2951.84 3285.39
2959.73 3218.67
4945.19 3682.23
3569.25 3139.08
4121.99 3138.96
5244.05 3642.08
3337.98 3758.35
3855.57 3738.33
2060.11 3252.33
 3413.7 3140.51
 3414.5 3140.45
4616.01 3716.25
2769.96 3217.33
1420.31 3576.62
3272.91 3869.01
4126.48 3762.44
 4119.9 3853.08
3640.34  3212.1
2060.73 3252.21
2963.73 3747.29
3480.68 3744.26
2871.77 3863.37
3414.05 3140.37
3714.71 3136.73
3301.74 3216.63
 3471.7 3214.06
4488.72 3206.51
4326.81 3210.15
2279.18 3714.07
2638.11 3736.76
2895.06 3297.45
   3368 3138.65
3615.34 3136.92
3920.83 3136.69
4816.78 3267.26
3137.14 3743.97
 2277.5 3715.32
4087.99 3742.49
 3513.9 3138.35
1794.15 3218.94
3918.46 3104.12
4078.04 3761.14
1605.11 3198.41
3664.95  3138.6
 4095.6 3751.56
3097.87  3856.2
4408.28 3432.33
-699.836  4605.08
4282.32 3753.53
4078.75 3762.45
2210.98 3270.29
 3389.2 3457.04
3556.35 3166.52
2023.98 3716.86
1728.28 3674.19
3462.07 3137.83
3995.05 3967.37
-703.641  4607.12
2230.71 3714.33
 2026.8 3713.99
5272.87 3652.91
2080.44 3677.14
4426.82 3443.14
4641.91 3728.96
4250.73 3733.82
4640.51 3723.77
3316.73 3859.65
4427.35 3443.74
 1947.1 3029.66
4445.24 3742.06
3909.02 3770.08
 2982.1 3766.28
4260.14 3727.53
3095.11 3853.03
-49.9282  5061.03
3884.67 3162.99
4281.48  3769.1
4509.51 3825.24
4973.24 3697.54
1917.58 3673.56
4462.03 3721.67
4973.62 3698.61
3659.05 3165.34
4097.92 3742.22
 4097.8 3743.58
2753.75 3731.73
4605.89 3708.79
3095.39 3852.83
2228.44 3718.98
3316.28 3860.78
4220.48 3140.05
4694.34  3429.8
947.438  5070.3
946.189 5072.51
4674.74 3802.84
 3628.2 3165.86
1698.99  3706.5
1507.59 3588.92
4088.25 3164.28
2265.85 3129.98
4496.24 3775.68
3893.56 3752.31
3682.52 3457.77
3608.58 3166.08
3943.57 3062.85
4783.26  3422.1
4120.84 3864.84
4461.46 3696.79
4975.35 3703.23
4444.81 3741.53
3127.12 3743.37
3126.38 3831.45
4936.85 3679.23
 917.97 2535.54
3345.46 3749.13
3904.14 3787.58
2864.47 3234.11
1915.19 3678.42
3552.11 3165.69
2801.77 2070.07
2997.99 3453.62
3344.13 3751.49
4496.02  3772.9
4461.83 3724.16
3719.14 3761.78
3320.03 3789.97
-568.455  2283.67
3133.83  3145.3
2690.69 3692.31
4956.13 3410.54
3319.35  3787.5
 2114.8 3801.63
6421.67 3011.06
2496.51 2093.54
3314.75 3848.41
4145.28 3452.98
 3632.5 3165.09
2497.21  2093.3
3292.81 3167.33
3722.76  3105.4
1278.45 3645.72
3676.67 3455.61
5016.91 3763.26
2780.04 2067.28
3729.08 3760.37
3499.09 3165.82
-303.113   2276.8
3654.78 3165.35
4250.48 3105.14
971.079 5006.71
4299.75 3106.16
 3944.1 3063.09
3119.49 3724.29
3729.08 3760.63
3515.07 3790.11
3853.23 3436.94
3095.18 3843.22
2214.78 3280.53
 4643.6 3742.89
3368.02 3106.05
7199.58 3058.52
3888.81 3162.43
3755.92 3164.63
3082.69    3145
3359.36 3135.61
3135.26 3143.29
 4074.3 3138.01
3581.9 3166.2
1947.06 3037.32
2569.19 3755.35
3694.78 3456.61
4844.85 3741.38
 3503.9 3164.82
3082.91 3144.72
1773.11 3098.22
4473.54  3806.6
1385.12 3587.95
 1815.1 3102.18
1995.77 3756.97
3104.73 3841.97
3189.3 3168.1
3085.65 3167.72
4445.68 3140.89
1539.28 4590.91
3415.85  3105.8
4401.81 3412.42
2404.57 2108.23
6919.19 2702.77
2916.2 3836.3
3031.66 3142.56
3911.64 3268.53
4796.57 3651.16
2980.04 3166.93
4125.91 3838.85
2824.99 3450.39
5016.07 3762.68
3237.29 3142.98
4011.85 3164.51
7371.57 2292.08
2746.61 3781.49
  3575 3134.1
3169.01  3109.2
1996.28 3756.48
4211.01 3105.12
3512.24 3133.51
3785.19 3164.39
4307.28 3814.68
919.122 3411.92
1913.83 3681.68
2736.81 3814.46
1120.06 3441.65
1947.39 3112.31
3128.53 3798.65
3185.98  3143.5
-643.265  2267.73
4356.73 3105.31
4813.11 3254.62
3910.56 3163.55
4520.66 3418.69
875.304 5114.85
2648.79 1852.17
 2538.4 3811.89
4347.06 3104.69
4372.97 3269.75
3497.63 3771.19
2051.54 3639.13
-201.022  2515.83
2893.61 3273.89
5102.33 3616.38
3745.33 3228.65
3321.28 3167.11
5157.61 3729.77
4189.64 3704.24
3807.64 3164.69
3239.19 3140.89
3121.46 3109.13
2264.58 3734.31
7376.03 2292.44
3921.36 3833.15
1014.98 3480.69
1014.44 3480.86
4114.89 3104.96
2274.76 3424.85
3129.85 3273.68
4406.2 3106.4
4298.56 3829.07
2457.49 3420.26
7241.57 3036.15
 3220.8 3109.81
3873.29 3228.76
4143.16 3269.68
6874.75 2886.92
3186.72 3142.86
955.805 5021.29
3286.49 3143.25
-717.416  4127.28
3788.02 3228.84
4396.43 3105.67
2809.81 3242.27
3032.48 3167.18
2181.63 3778.27
 4864.4 3323.93
3101.16 3800.05
3725.54 3802.22
1866.42 3731.38
2266.86 1860.77
1609.97  3085.2
 4462.1 3151.32
4597.09 3261.61
4190.61 3704.61
3916.17 3228.95
1116.93 3438.91
3069.97 3110.37
3660.13 3196.76
3575.15 3457.66
3692.32 3441.97
2880.97 3107.97
3373.64 3171.08
3862.23 3154.29
2777.91 3110.29
4316.95 3165.05
3246.14  3201.6
2387.31 3756.94
3388.85 3139.59
3483.43 3811.56
3701.92 3229.34
-202.101  2516.12
4096.34 3139.54
4827.88 3684.31
4862.12 3599.96
3780.21 3156.12
3101.05 3796.72
   3942 3228.88
4165.63 3165.58
2701.19 3781.26
4046.06 3141.12
3615.77 3229.69
1016.42 3363.74
2768.42 3110.55
3219.88 3168.71
4465.82 3771.34
2699.91 3782.45
4218.21 1993.57
3679.83 3154.53
4191.41 3705.14
911.988 3518.23
3088.98 3874.48
2753.78 3411.29
2709.51  3822.1
4104.81 3788.89
4092.39 3792.82
4218.55 1993.59
4696.71 3843.14
 3913.9 3207.03
4409.84 3150.86
4065.35    3269
3578.37 3156.45
4499.71 3405.17
3674.24 3442.73
3657.84 3154.62
-135.817  3885.43
3526.47 3156.89
3504.29 3156.11
1365.88 3611.48
3995.93 3136.83
2788.66 2075.11
3337.57 3140.75
3619.71 3223.49
2788.76 2074.85
3694.66 3454.05
3863.47 3161.78
 4015.6 3107.41
 4827.4 3683.99
4215.9 3165.4
 2753.6 3411.68
3738.01 3814.51
3694.16 3436.28
4350.66 3196.54
3531.19 3230.68
895.245 3527.02
4114.07 3838.53
3575.04 3457.81
3223.95 3233.41
2016.29 1876.12
4003.61 3221.79
4995.36 3374.97
3311.31 3735.13
2739.44 1973.68
3862.11 3153.62
2598.76 2094.98
1399.79 1124.75
-53.1599  3866.63
3915.05 3164.16
3573.43 3230.58
7888.96 2228.27
3020.09 3109.49
3386.82 3141.52
4643.07 3763.07
2537.59  1974.3
3863.42 3161.29
1368.35 3610.89
3363.29 3225.56
2630.11 2070.51
3325.94 3149.65
3754.93 3149.03
3856.09 3166.49
4402.58  3108.2
2943.86 3793.19
 3372.6 3169.78
3712.15 3132.78
4107.24 3145.82
-424.476  2275.54
4002.25 3228.96
 3336.2 3142.96
7525.96 2324.72
2740.47 1973.89
3755.37 3167.12
3857.55 3167.11
1053.66 3527.91
689.588 3516.89
5229.92  3681.7
   3707 3153.63
2627.76 2074.32
3327.68 3806.91
1936.55 1796.54
2844.66 3438.47
-902.168  4680.68
4055.24 3229.07
 4016.5 3165.03
4557.12 3192.01
2787.27 2076.91
-600.888  4059.27
633.611 4998.57
3219.69 3173.55
4034.52 3196.64
4012.51 3153.31
3082.04 3868.53
3322.78 3153.92
6645.91 2843.35
 3992.3 3161.63
3116.43 4224.73
900.459 3525.39
3270.55 3172.74
4223.53 3774.43
2764.98 3715.04
3328.4 3806.1
3491.63 3166.45
2944.31 3792.59
2943.01 3725.22
1572.99 4480.56
-117.065  3904.62
4145.92 3162.34
3908.63 3167.18
2248.35 1860.53
4319.06 3212.17
4043.46 3162.33
2191.22 2088.37
4011.98 3152.86
3451.05 3154.83
1657.97 4419.27
3697.41 3134.28
3024.09 3110.83
 4530.8 3431.93
3472.15 3166.66
837.593 4840.65
 4745.6 3254.84
4298.02 3267.87
4780.54 3407.21
3556.53 3155.36
3927.39 3196.37
6915.02 2714.09
1648.05  4682.7
3239.23 3165.77
4145.06  3166.5
2624.91  3110.7
2727.05  3787.3
4799.79 3692.56
6954.93 2693.37
4903.38 3379.97
4641.75 3761.73
3540.35 3135.04
 3604.6 3149.78
2575.47 3110.05
916.195 3432.28
3116.44 3749.74
4114.47 3167.51
3729.49 3155.38
-1261.81  2171.56
3555.69 3155.42
4327.09 3829.51
4753.03 3390.87
3007.66 3203.93
4309.64  3220.3
3703.11 3148.17
 1946.2 1798.86
2145.36 1868.57
3609.34 3642.24
3699.12 3165.29
3290.09  3164.9
 3670.1 3107.72
3070.68 3112.25
3021.62 3111.42
7378.41 2706.88
3420.38  3166.7
7405.94  2273.2
2735.47  3270.6
 4144.3 3778.88
3646.98  3213.7
7121.07 2260.43
1574.67 3193.43
3544.94 3166.35
3168.76 3168.57
4367.98 3169.81
-1380.41  2589.11
4083.95 3175.36
3949.22 3213.29
4048.25 3164.94
3208.16 3655.86
3398.89 3233.15
7102.86 2257.57
3708.33 3195.95
3572.37 3231.35
1540.99 4679.02
2537.81 3128.38
1224.89  3387.7
1378.35 4692.23
4002.67 3227.68
3764.13 3719.83
 4400.9 3195.01
2296.57 3702.61
2969.89 3273.26
 3792.2 3195.87
2184.84 3761.37
4482.06 3774.18
2886.02 3925.53
4391.89 3156.46
4200.73 3164.71
1791.25 3346.24
2660.52  1938.1
2074.72 1789.66
4498.87 3208.12
3142.29 3216.29
7419.64 2271.01
3357.15 3233.39
3648.01 3165.86
3391.69 3164.32
2926.23 3234.01
910.526 4239.09
3450.08 3232.44
3002.14 3792.59
2055.65 3391.15
4524.47 3192.04
-97.6784  3926.62
4495.88 3204.59
-107.106  3929.44
923.035 3432.84
 4451.9 3704.98
4368.68 3169.65
1336.74 3295.93
2643.79 1855.78
4063.92 3107.43
2204.09 2082.83
3485.93 3231.95
4444.34 3173.12
 1943.1 1798.04
1744.93 3369.69
3928.92 3051.44
6195.35 2115.94
-745.193  4142.49
2524.58 1974.55
-131.94 3912.26
2785.59 2079.19
2363.27 1782.44
3442.04 3232.65
2676.26 3303.59
2554.32 1939.87
4107.53 3227.12
3943.06 3140.74
3764.23 3719.34
1969.59 2089.57
 1334.6 4551.85
2467.19 3531.77
4150.59 3227.57
 4780.5 3407.13
3480.51  3163.6
1796.47 3342.34
3790.93 3221.29
3877.24 3173.96
4263.02 3464.43
3483.95 3165.84
3804.73  3166.8
3063.09 3918.35
2553.75 1939.65
4175.21 2172.74
3791.59 3164.51
3838.03 3281.84
3582.75 3196.74
2645.33  1856.2
3251.22 3901.55
1512.33 3300.08
7280.21 3016.06
 4515.5 3223.36
4227.53 3221.12
3420.72 3108.28
5292.33 3806.58
3658.17 3229.76
4324.29 1765.53
3874.96 3202.97
3027.76 3408.02
-224.077  3969.16
3857.66 1872.73
4455.07 3168.48
-1140.01  2470.92
-224.427  3966.93
6527.01 2751.17
3685.64 3471.24
4320.96 1767.41
 7470.7 2372.81
171.729 3808.62
2613.08 3349.97
4482.51 3722.18
 2216.5 2085.74
3319.19 3200.51
3122.34 3111.34
4350.85 3227.02
4526.84 1837.43
 4483.2 3209.23
2833.62 1847.47
4493.87  3155.8
7478.36 2972.52
3633.44 3213.47
6518.85 2749.61
 1337.6 3295.69
-1636.21  2574.09
3575.93 3196.79
5135.96 3579.72
4334.63 3208.34
2954.57 3813.57
4147.62 1762.91
 3892.1 3197.71
-943.046  2297.16
4554.04    3619
4718.99  3895.7
3616.26 3127.22
4035.49 3652.94
 1140.6 3365.89
3971.99 3190.47
6866.65  2853.5
4035.69 3153.06
4780.95 1534.54
6972.49 2970.62
1694.61 4393.53
3614.44    3230
3935.18 3151.21
2557.12 1940.79
2447.97 3165.11
3615.92 3128.21
4234.03 3227.29
2029.73 3726.83
3810.92 3156.44
4392.95 3220.41
 3752.1 3213.67
3404.29 3217.26
3821.07 3202.28
4452.42 1541.05
4974.82 3722.34
 2161.4 3813.35
3610.62 3197.39
4274.77 3227.19
-265.405  4695.36
4595.31  3168.4
3872.08 3206.29
5039.13 3759.12
4491.68 1870.78
3785.79 3202.19
3296.94 3161.82
1367.86 5289.42
3999.07 3216.66
1841.54 3367.38
3944.99 3212.52
4026.88 3657.76
3633.52 3213.77
2678.28 1943.32
3802.48  3214.1
3855.31 3689.01
7253.48 2901.41
4324.62  1870.6
1987.47 3018.87
2442.22 3124.06
 3113.9 3131.26
1829.02 3145.22
3376.61 3689.92
4923.43 3850.37
7278.02 2300.86
5707.18 3054.02
3149.24 3202.66
3936.56  3213.6
4654.59 3200.65
-1136.86  2470.91
4139.11 3159.56
1897.68 3130.48
5686.08 3057.03
4554.21 3615.37
1620.53 1667.95
7390.88 3025.87
4442.42    1764
3663.07 3236.87
2804.51 3170.53
 4641.5 3153.13
2231.51 3157.73
1485.15 4689.24
2954.37 3814.89
2064.04 1621.88
660.608 4987.87
4471.84 3216.12
1295.84  4786.4
2275.84 3202.42
3685.64  3471.8
2510.14 3810.14
3743.94 3229.24
-275.475  3827.21
3338.19 3735.51
4191.43 3227.55
2704.78 3201.56
3361.98 3220.26
1866.56 3357.67
4655.06 3200.46
3995.38  3213.6
3088.59 3179.63
6703.95 2761.14
1070.63 4645.21
4701.59 3800.89
3854.52 3160.82
2666.58 1790.87
3700.61 3229.48
7329.33 2310.28
1292.8   4785
-865.136  2296.35
7786.07 2858.13
4594.17  3106.6
6887.34 2842.83
3832.75 3665.82
3719.08 3108.39
7116.36 2290.95
3663.21 3236.93
2594.38 3172.06
3187.33 3169.53
6552.61 2752.69
-968.306  2659.03
 3020.3 3439.83
4130.94  3870.8
3749.51 3235.76
 1434.4 5296.36
3246.49 3162.41
5366.67 390.639
3067.24 3219.72
3340.77 3826.21
-63.2436  4554.04
4035.04 3640.78
2394.35  3123.8
3020.79 3681.32
 189.23 3802.45
2708.72 2075.01
3808.74 3154.42
4552.32 3611.69
-759.291  2288.72
3275.83 3218.02
2952.66 3822.39
3856.28 3687.35
4594.91 3107.06
3297.47  3156.7
3230.18 3221.17
3948.19 3236.59
4303.44  3169.2
1440.66 5315.69
2107.91 1789.56
6643.16 2757.71
1014.93 3555.77
4582.41 3571.72
4322.25  1635.4
3618.59 3237.26
6651.28  2738.4
3394.06 3472.21
 4009.1 3236.79
3533.48 3238.17
3658.05 3214.15
1325.49 4556.56
3196.43 3160.59
2761.79 3214.83
4005.49 3211.16
3349.38 3159.23
-844.395  2568.68
1014.74 4625.41
3228.41 3218.74
  197.6 4828.95
2542.18 3171.61
6692.81 2762.13
3349.69 3701.72
3311.38 3241.21
6738.65 2722.66
3853.96 3697.97
2245.08  1861.3
4409.47 3430.78
3340.58 3829.88
3326.13 3164.01
4050.08 3215.56
6448.09 2736.44
2637.93 1974.21
2951.33 3829.68
 2542.6 3171.47
2971.22 3222.31
5450.37 3700.14
3895.77 3164.14
221.232 4814.86
4676.26 3826.09
7465.05 2698.86
4748.13 3179.16
-371.177  5247.25
3269.65 3241.23
4056.77 3216.24
3279.92 3952.65
4252.92 3442.63
4473.96 3727.09
-1013.07  2677.68
3464.56 3126.14
4201.99 3169.73
5250.41 3678.21
2950.43 3833.56
4015.97 3647.52
7823.02 2861.29
3326.83 3826.63
4143.24 3230.01
2127.69 1868.75
3464.12 3217.11
1904.26 3727.74
2717.85 3457.52
3313.2 3840.3
 5113.8 3659.48
4138.41 3156.81
4386.35 3194.21
2216.06 3753.47
7630.02 2766.48
-779.16 2565.05
3297.41 3157.26
7427.02 2211.06
3669.48 3212.42
1808.01  3141.4
3183.27 3240.82
2391.85 1752.84
4049.55 3170.44
 3479.1 3215.81
2692.29 3231.59
-91.4676  4539.07
-74.4927  2245.79
-937.324  2339.65
3429.11 3163.59
3223.99 3240.76
2898.49 3221.07
-603.855   4157.3
4177.41 3214.16
-1174.96   2502.4
2950.43  3835.7
4190.08 3665.94
950.367 3496.59
2301.24 3121.17
-1176.54  2502.24
4471.93 3725.97
3265.76 3167.26
4713.88 3211.84
4160.75 1759.28
3341.45 3835.17
3836.82 3236.22
7735.12 2782.81
3294.68 3152.79
2958.98 3057.93
2367.57 1856.16
3240.27  3218.6
4530.52 3424.77
-949.411  2305.87
4638.46    3804
4005.58 3209.49
2684.25 1642.29
3325.41 3207.48
2610.87 3706.02
2994.78 3437.77
-362.942   3966.4
 6890.2 2790.25
 7494.6 2702.83
3906.62 3160.62
4462.28 1786.92
4212.23 3689.21
6917.64 2832.63
3967.92 1519.26
5015.55 3506.44
4160.52 1759.29
2098.34 1752.63
237.269 5742.24
3922.31 3236.26
4442.06 3223.74
5158.23 3705.13
-951.663   2308.4
3221.28 3234.47
3571.54 3108.58
 2825.9 3177.44
4384.45 3213.33
5169.65 3556.56
3997.82 3169.86
-938.842  2339.29
-933.953  2628.45
-105.687  4549.01
4068.48 3592.94
7037.46 2882.37
5443.94 3657.52
 3673.1 3423.05
7145.43 2704.52
 4221.8 3216.19
4080.92  1782.4
3790.92 3169.22
4344.47 1761.14
3711.14 3211.67
2737.82 2007.91
 3081.2 3835.95
6855.11 2725.24
5230.73 3549.67
4128.98 3871.39
5281.19 3709.44
3792.84 3236.09
 2770.2 3210.49
3592.66 3438.63
1110.49  4770.6
4557.69 3684.57
 7043.8 2804.45
3092.17  3158.2
3342.64  3845.6
   1770 3071.53
4504.47 3210.85
3726.85 3731.24
   3952 3596.83
1284.23 3371.34
3225.06 3165.34
3523.75  3171.8
6896.04 2791.24
3839.34 3209.41
5282.51 1263.75
2957.65 3133.89
1598.72 4674.62
3247.25 3157.49
4270.53 3586.74
1012.61 3557.39
 3977.8 3271.48
6913.58 2682.37
4694.53 3189.02
1072.75 4643.56
3809.74 3129.72
4019.55 3126.31
4378.18 1870.06
3285.41 3603.36
4250.48 3458.38
6993.17 2871.31
2947.93 3754.01
4498.56 3194.18
4155.09 3467.11
1840.91 3744.12
-1064.84  2356.15
3740.97 3213.04
4048.66 3170.37
4871.52 3545.08
4714.67 3217.39
2640.71 3173.92
3098.99 3241.35
4778.59 2958.29
4283.21 1776.08
7030.52 2881.12
19.2187 4947.89
2389.39 1740.35
3880.37 3699.69
4047.84    3214
2655.86 3230.84
2601.52  1926.9
4855.79 3583.63
-1044.18  2588.75
3004.28 3449.36
3245.45 3152.54
3137.75  3241.3
2942.18 3222.11
   7191 2293.12
2102.69 1764.51
1995.52 3036.02
3963.64 3256.79
7107.57 2815.98
1974.74 1798.41
4162.48 3464.17
7203.89  2841.4
2959.11 3057.76
1854.72 1807.84
4104.11 3058.21
4617.11 1601.15
 3283.3 1989.67
3907.58 3210.83
2738.88 2008.63
2601.13  1926.8
2692.19 3291.32
7259.18 2958.15
3098.79 3241.39
4431.99 3210.65
5130.06 1244.91
4085.54 3156.74
3339.18  3167.6
3934.73 1836.63
4199.02 3196.93
2969.15 3111.43
4224.18 3645.29
3738.57 3170.67
7633.29 2200.26
1068.96 5386.76
7207.25 2841.45
653.814  4454.6
3549.12 3736.24
122.574 2908.88
4329.73 1768.67
1030.01 5426.82
3746.69 3859.84
6622.32 2757.73
4310.34 3842.25
2000.05 3039.09
4350.88 3214.51
4762.95 1608.76
3088.07  3878.4
4927.58 3659.85
7534.02    2824
3749.62 3864.68
3951.95 3588.58
4135.32 3826.51
4010.25 3173.66
3632.92  1613.8
5008.94 3761.57
999.674 3565.35
2845.24 3366.77
2048.23 3188.37
4351.13 3207.97
3311.58 3871.82
3968.93 1517.58
4512.34  3210.3
2806.15 2012.96
3001.64 3465.07
1965.97 3067.52
-1456.05  2613.28
3672.76 3125.98
6638.95 2734.21
7266.83 2961.85
-1059.7 2379.87
3934.47 1836.55
3332.46 3207.39
4522.92 1763.42
-435.401   2540.4
4061.25 3173.76
2439.18 3892.05
5313.56 3710.63
3938.05 3085.43
2782.09 1847.03
3571.59 3108.44
4989.94 3591.11
3921.22 3123.59
5376.92 3763.83
4251.16 3465.06
429.192 5562.33
6367.56 2882.77
7332.16 2206.63
2331.18 1753.94
4299.57 1768.11
4187.04 3210.16
4336.51 3199.76
2333.92 1756.14
5124.75 1247.89
 4128.7 1994.69
3868.91 3195.91
4391.55 3213.07
3159.54    3216
-912.243  4841.36
 6531.9 2840.52
1959.42 3688.45
2973.11 3585.74
 3472.5 3126.09
-870.988  4841.02
3647.95 3637.29
2170.64 1788.47
4297.53 1783.95
5443.79 1952.03
4058.77 3210.66
4174.89 3203.68
4342.52  3214.2
2504.72 2086.96
 4299.7 3851.16
 2101.1 3853.31
4456.37 3196.85
4746.33 3201.86
4306.42 3210.53
3938.65 3083.94
4109.87 3714.06
807.836 4321.48
3346.83 3727.04
2756.86  1912.6
7108.66 2684.99
4300.71 1782.43
 3918.5 3040.26
 7440.2 2912.28
 4878.1 3662.07
7324.26 2703.06
3576.34 3172.11
3566.89 3198.17
 3297.3 3598.19
7330.29 3005.42
3323.35 3124.07
3792.76 1770.11
6426.79 1999.28
4185.16 1545.84
1476.48 4521.39
4344.42 1761.09
 4445.4 3700.43
3347.44 3723.25
150.417 3875.02
4275.14 3182.87
4422.96 1550.84
7759.34 2330.55
3688.21 3170.77
4409.64 3424.36
3870.65 3162.34
4341.64 1768.44
 4211.4 3649.32
7941.96 2181.97
4369.28 3136.16
3001.35 3467.14
3762.47 3116.26
2946.75 3598.32
1968.82 3064.76
 7106.6 2687.38
4052.97 3655.11
4484.56 3180.05
538.143 4941.71
4681.62 3607.45
4610.44 3173.37
4240.45 1800.52
3014.95 3239.54
4879.08 3774.85
4724.78 3222.04
2636.07 2007.28
2692.31 2073.59
2640.19 3581.44
1303.35 3368.46
3882.28 3725.61
2995.22 3445.35
2630.83 3588.51
7721.53 2232.77
 628.13 4741.19
4654.52 3392.76
3954.77 3308.76
1512.58 3329.86
4010.33 3173.32
3741.53 3203.59
 6730.4 3342.86
2436.04 1928.96
4204.87  2174.2
4100.74 3179.65
764.527  3447.8
4810.88 3686.61
2052.35 1771.31
2805.29 3183.51
1611.96 1247.18
159.018 3871.78
4336.46 1550.39
7001.17 2693.27
3815.52 3118.84
-1051.73  2445.12
3624.62 3599.48
 2948.7 3596.91
7639.66 2823.34
1805.65 3783.25
4593.98 3568.25
2711.34  3204.5
3345.24  3281.3
5118.48  3576.5
4519.67 1770.87
-974.945  2619.88
-207.674  4606.81
4128.59 1994.71
 4877.4 3663.01
4183.22  1539.4
3623.49 3128.49
4263.55 3194.86
 7332.3 2221.82
 4552.6 3208.85
3390.78 3167.25
4100.84 3179.64
4253.66 1836.89
4104.44 3165.56
2844.62 3287.68
3748.76 3727.48
3928.47 3088.97
4147.86  3610.3
2632.44 3587.04
1348.01 3358.22
3876.19  3876.6
4269.63 3580.01
3610.38 3142.36
4165.45  3128.1
4066.94 3182.88
3258.32 3633.13
4737.38 3202.36
1291.53 4582.53
 4068.7 3128.32
3437.24 3160.95
1883.82 3750.93
3913.47 3123.62
2635.49 1942.11
3573.27  3129.8
3484.31 3873.15
4210.35 3648.64
1502.17 4506.39
3265.44 3135.03
4141.14 3418.38
7484.18 2231.36
1585.32 4625.29
2313.47 3809.09
7575.38 2781.66
 4229.8 3209.98
 4196.7 1677.17
4157.41 2162.43
3457.66 3161.42
2241.89 1745.54
2669.64 2011.59
4605.24 3576.22
 4009.9 3116.75
-1653.54   2491.8
2687.82 2093.57
641.58 4748.7
3364.33 3136.21
3865.84 3169.55
3618.06 3324.26
 2837.8 2081.37
-640.253   4061.5
5168.79 3563.99
3466.75 3205.63
3891.19 3191.71
 7077.1 2674.63
3764.31 3126.67
4271.59 3138.39
1543.68 3280.75
3069.75 3125.18
4125.91 1767.62
7434.92 2740.12
2627.17 3590.74
1545.05 3277.36
828.876 3555.78
2304.17 3195.41
 4033.1 3665.58
5076.52 3558.94
3628.36 3171.99
5388.38 3334.54
2884.87 3372.64
1550.43 3274.51
2961.73  3240.4
2791.81 2060.72
3621.43 3103.75
4167.95 3126.21
3855.29 3726.65
4404.48 3273.06
7418.49 2766.49
3386.31 3469.53
 4291.2 3590.75
1085.86 4297.69
4158.08 2161.41
4062.13 3121.87
6795.05  2905.9
 6357.3 2009.94
 2278.3 1932.13
7611.77 3122.29
-562.279  4572.02
 4377.4 3256.87
2473.82 1993.34
2128.58 3834.72
3339.37 3807.19
 3765.7 3161.15
3814.56 3269.98
7685.93 2801.19
 6676.07 -786.102
870.688 4241.84
 3916.8 3044.94
1787.76 1818.08
4849.39 3771.78
4176.65 2168.53
4450.81 3734.74
2662.27 3693.56
3910.64 3197.06
4485.78 3231.84
 4443.9 1768.79
3369.98 3213.74
1784.56 1817.38
4752.78  1650.5
2547.52  3178.7
2353.04 3226.61
3571.74 3122.37
6780.36 2737.82
1087.87 4855.88
4701.29 1767.81
2857.08 3281.54
4439.45 1971.45
3573.93 3126.78
6763.27 2736.29
3619.09 3327.72
1919.71 1780.64
1747.52 3192.95
 3464.8 3134.11
1220.24  3697.5
-1023.82  2535.06
3867.81 3203.32
4661.06 1994.45
3403.45 3143.86
5166.46 3596.72
 3938.7 1543.16
2974.69 3593.71
4314.88 3129.54
7052.64 2693.91
4726.16 3192.38
3542.05 3160.67
4652.67 3186.08
-125.41  4563.3
3917.75 3169.66
104.327 5001.53
2545.19 1865.91
4317.66 3877.47
4148.32 3258.79
4661.33 3611.08
1583.52 4627.35
7676.16 2362.08
4601.56 3250.35
2304.15 1948.44
4536.96 3148.24
4158.67 2161.01
2760.93  3279.2
2038.17 1795.76
-127.84 4565.41
2036.07 1794.93
5114.46 3574.54
3623.48 1965.66
 3186.1 3234.45
4251.75 3468.59
4587.42 3178.75
107.646  4997.5
2170.22 1936.81
1801.59 1794.61
105.241  2892.6
3106.84 3616.33
3881.89 3733.31
  7232 2641.1
4315.28 1960.96
-185.59 2721.51
3208.56 3667.81
5168.61 3593.48
3511.97 3198.31
2577.28 1990.87
-1189.5 2357.53
3626.68 3212.89
4038.88 3197.29
2807.71 3462.88
4287.23  3150.8
1429.53 4576.72
4334.11  1971.4
 1712.2 1678.21
3585.73 1964.97
-1182.86   2531.7
541.467 5013.57
4404.12 3234.47
2603.44 2010.74
4030.72 3139.86
1974.45 3765.11
3455.72 3724.81
2895.47 3360.39
3291.55 3589.67
2636.54 1942.77
3881.38 3149.26
3720.76  3115.1
3204.28 3215.65
3039.34 3157.72
 2255.4 1947.39
4693.14 3829.52
-1182.91   2562.3
-985.016  2508.26
4692.45 1772.84
1545.12 4857.64
4067.61 3182.37
4707.21    3852
3466.34 3219.04
2674.31 1865.05
4409.36 3275.46
-1260.17  2320.58
3517.16 3135.35
3658.31 1966.02
3169.18 3125.54
652.583 3497.41
5176.11 3625.22
1653.25 4766.49
3649.58 3644.91
6889.42 3387.84
7644.28 2365.98
4612.83 3197.91
4387.68 3180.21
7329.62    2225
4867.51 1204.41
3525.24 3121.09
4694.01 3833.77
3628.85 1965.89
2005.14 3008.26
2719.86 1927.75
4117.38 3838.33
3320.68 3129.46
4249.32  3166.2
2397.17 3173.34
3468.22 3099.25
 4288.8 3589.22
2718.49  1926.8
3552.59  3204.3
3461.23 3267.58
2432.91 1889.69
 6844.9 2812.73
3448.06 3206.52
-449.842  4665.11
4165.62 3174.58
2595.44 3234.94
4965.28 1631.82
3936.69  3645.5
4371.05 3177.51
4260.11 3127.22
3517.89 3123.27
3501.67 3172.09
7454.49 2848.92
3112.13 3469.79
-1124.37  4255.05
4316.85 3229.78
3294.52 3587.55
2081.34 3703.09
4729.77 3153.66
3962.59 3124.82
4047.98  3267.5
3614.19  3162.6
3201.39 3145.69
4135.33  3856.2
3421.48  3127.1
189.724 2171.96
1092.56 4851.15
3318.94  3545.9
 4530.9 3637.97
 3474.5 3206.61
3932.38 3643.16
5056.99 3807.66
2258.59 1948.41
3442.27  3181.9
366.947 4585.25
651.237 3497.79
3937.08 1977.95
3703.95 3180.79
3550.97 1964.75
   4281 3583.05
4129.56 3874.55
4487.14 3200.08
3754.33 3180.83
 4692.3 3815.62
3110.71 3830.09
3709.81 3171.22
4568.25 2131.88
3628.41 3588.61
 3696.6 3211.98
3332.36 3655.78
4454.93 3203.62
3812.99 3171.88
2366.27 1926.26
4112.69 3121.24
6313.43 2867.68
3669.04 3197.47
 3663.5 1966.21
3413.55  3136.9
4356.67 3178.75
4338.1 3197.8
4296.07 3595.07
2484.65 3413.08
3590.52 1964.94
3831.96 3150.77
3404.65 3471.63
4691.77 1773.22
4851.45 3613.41
4706.86 3863.19
2743.94 1940.42
-976.048  2507.04
3574.52 2019.53
3509.39 3161.83
3473.57 3116.29
4269.83 3461.05
4169.96 3178.12
1063.81 5259.43
 4089.9 3171.75
3828.84 3191.35
7327.97 2247.38
4863.28 2571.48
4406.88  3178.1
-1159.22  2563.01
4229.36 3183.41
4205.07 3121.52
4017.45 1972.83
3251.61 3145.75
7925.92 2193.11
4020.54 3136.59
 3769.3 3115.94
-1336.97  2421.77
7331.03 2768.18
 3148.9 3673.92
   6388 2782.35
4506.28 1771.35
 1953.7 3318.21
4680.36 3219.14
179.83 2170.5
3583.19  3279.5
3936.04  3276.7
3676.33 3471.93
7499.75 2752.76
3584.08 3183.34
   1908 1806.24
4604.92 3252.26
3510.13 3162.49
 4579.7 3208.19
1927.43 1800.19
3753.56 3120.28
3335.27 3190.12
4695.64 1776.49
3580.75 3275.41
4152.08 3462.85
3419.15 3123.17
4651.63 1775.27
4699.33 1767.93
-273.681  3940.18
3777.85 3139.43
3208.01 3706.86
2156.56 2026.03
1881.67 3715.66
2524.11 1989.94
3581.92 2022.25
4497.31 3197.43
4046.24 1966.82
4021.18 3135.79
3733.87 1966.41
4830.89 3590.91
3617.21  1973.9
3558.55 3141.13
3559.26 3142.32
4966.44 1631.37
4209.06 1961.37
3687.11 1973.97
1908.82 1807.13
3963.99 3602.15
4722.91 3262.03
4232.22 3229.55
3614.07 3162.46
3222.36 3126.09
2731.23 3237.62
2736.04 3233.79
929.685 5680.83
7606.75 2751.07
4073.75 1882.87
3370.14 3124.08
2584.23 1977.87
4249.51 3645.45
4392.19 3206.66
3210.41 3609.23
3852.68  3731.3
2527.47 1937.38
2449.28 3174.54
3383.43 3172.85
4045.85 3165.13
   4102 1965.42
3838.49 1967.12
2044.06 1766.27
3583.51 3472.16
 4192.8 1551.96
4639.86 3220.28
4463.25 1767.91
4242.13 1842.47
2992.45 3146.79
 3622.1 3655.81
3582.59 3182.18
4966.37 1609.41
539.342  5452.8
1697.36 3196.91
3967.37 3115.51
   4354 1629.04
4119.79 3182.05
3405.05 3162.01
3881.57 3119.83
1175.41 4509.12
 3933.1 3650.19
4506.69 1770.36
4083.22  3703.2
3574.13 3116.46
3996.21 3180.03
4168.91 3179.05
4313.26 1881.45
3800.78 3202.84
3624.95    3565
2565.08 3128.22
70.9753  1068.3
5005.23 1585.71
4154.05 1624.18
6646.52 2995.54
3767.76 1966.69
3561.44 3162.18
3044.37 3146.94
1926.64 4591.63
4314.31  3129.2
1441.56 4584.92
2244.83 1653.09
4607.02 3858.54
4531.05 3139.33
4296.04 1964.02
 676.16 4528.24
451.628 5079.93
4159.62 3172.91
3494.65 3182.02
3798.15 1978.65
3074.58 3211.92
2478.34 1978.91
3120.79 3124.99
4247.41 3643.32
2305.36 1778.61
4270.94 3177.94
-111.404  2722.97
3486.66 1965.21
4661.53 3609.91
3016.16  3185.1
5111.73 3668.53
  1711 1677.3
4459.33 3177.57
-327.24 2708.33
4890.45 3556.25
 3421.6 3183.44
3773.39 1974.29
3564.72 3469.52
3308.68 1877.87
1364.56 1517.13
4892.47  3620.1
3153.02 3188.16
3311.82 3604.75
3583.58 3266.48
4403.15  3057.1
3764.68 3122.06
 2243.2 1847.87
1951.66 3322.06
3306.54 3602.23
277.968  4754.1
3624.61 3563.71
3099.07  3189.7
-1285.92  2323.22
2125.58 3087.44
3571.81 3165.79
-487.856   2252.7
116.997 2897.54
4546.73 3661.99
7591.59 2683.05
5422.49 1295.45
2650.48 3358.68
3383.25 3167.93
3130.13 1943.97
3985.08 2002.11
3297.04 1967.14
2811.53 2056.94
 7463.9 2657.97
5169.85 3622.44
2850.56  2086.3
3622.51 3127.06
4115.54 3809.02
3807.56 1974.31
2241.13 1847.38
2597.32 2072.56
4593.75 1634.08
2542.43 3215.26
4119.67 1965.85
 370.19 4152.15
3674.21 3205.39
-809.972  5623.12
4612.52 3581.61
4733.94 1642.41
3770.33 1883.64
6105.22 2081.22
4969.53 3573.78
4488.1 1865.8
 2643.9 4167.44
3058.15 1938.65
 1705.4 1786.81
2162.65 3339.47
4117.85 1964.25
4453.36 3694.68
3766.49 3124.77
3570.97 3338.64
2403.02  2017.9
 4192.6 1553.13
-479.305  2257.05
1677.64 4464.88
4011.38 1967.75
6316.45 2858.79
4314.48 1881.07
2478.07 3232.67
1413.39  1283.4
4568.91 1839.92
4278.78 3269.48
 4044.9 1965.04
4270.59 3178.81
1515.32 4867.77
3840.21 3731.63
7566.11  2681.9
3958.68 3609.58
4411.95 1837.38
2734.81 3188.31
3980.74 3121.46
3279.46 3438.47
3021.69 3176.43
-2907.73  2333.53
2529.01 3268.22
4780.12 1553.36
3874.02 1975.69
4158.61 3265.88
4808.78 3241.94
3173.02 3177.84
 4193.8 2175.44
4581.82 3137.99
2919.89 3644.83
7573.14 2768.47
4281.21 3600.94
4182.28 3141.06
2578.16  3151.9
2615.75 3128.78
2144.75 1927.81
2713.39 1917.35
3533.74  3119.9
3318.66 3125.42
3891.76 3184.93
4252.55 3209.88
4152.42 3218.99
3969.88 1978.65
3494.62 3181.88
74.2784 2148.07
3587.02 3213.36
4867.73 2573.11
3938.47 1965.56
4302.87  1882.1
602.063 5058.64
3731.31 1961.69
4190.54 2007.52
3176.97 1976.33
4326.18 3620.26
2677.67 3217.85
7532.77 2178.37
3606.54 3600.85
-369.005  4777.51
4164.63 1603.26
3779.93 1987.38
-491.739   2255.2
-91.2997   4549.9
7769.45 2597.25
3696.27 3273.75
4331.19 1865.09
1438.44 4585.01
2961.07 3185.28
3274.04 3608.78
4597.45 3587.13
2663.11 3129.07
3144.64 3706.81
3422.56 3118.22
7870.71 2434.53
3936.72 1535.54
4356.62  3120.5
1787.19 3128.84
3835.95 3204.82
3892.37 1974.44
4103.24  3091.4
3387.42 3183.46
4413.96 1837.23
4864.08 1210.99
2534.59 3178.35
3322.39 3176.87
3967.91 3126.82
3966.27 3124.27
3381.28 3174.68
3819.34 3118.81
3284.58 3171.59
3226.89 3184.35
3716.77 3124.89
-476.468   2258.5
-3673.6 2626.87
1225.65 3339.44
3149.07 3674.32
4293.74 1964.14
3788.99 1974.73
6723.78 2870.18
4515.47 1631.83
3651.83 3654.06
7523.75  2178.1
3280.61 3641.92
3475.91 1971.71
3345.66 3174.58
2619.47 2079.83
3933.92 3858.28
3643.37 3164.79
 2982.6 3569.52
3649.74 3181.72
4003.61 3171.97
3886.66 1996.86
4405.26 3204.61
3807.37 3203.67
3439.21 3189.48
3623.78 3577.14
4082.66 3703.32
2467.43 2018.56
3097.75 3146.57
4057.49  1797.2
3144.58 3165.37
4589.82 3679.26
3395.11 1992.73
4015.01 3183.12
5394.23 3640.26
 3961.8 3634.02
4950.11 1620.33
2134.96 3824.94
2416.41 1991.58
-3323.69  2283.73
4801.58 1643.87
1026.55 3397.85
4310.05 3611.25
3891.22 3424.95
3797.43 3170.96
3765.39 3150.49
3436.43 3171.83
1494.38 4657.34
3207.94 3213.28
3589.85 3210.24
3927.06 1974.36
4244.49 1970.18
3659.99  3304.8
3277.88 3183.81
4046.76 1960.83
3630.32 3186.38
3329.12 3175.04
 4733.9 1643.46
4127.57 1985.29
7569.32 2681.09
1752.55 3666.71
2527.78 1883.66
6569.08 2860.53
2408.73 1774.38
 2748.8 3193.81
4453.65 3694.41
4330.64 3193.42
4119.14 3176.96
2749.39 3193.52
3264.02 3185.97
4336.91 1969.88
4199.75  3697.4
 4283.7 3784.85
7531.7 2178.3
4150.09 1882.96
4013.91 3118.69
4776.53 1542.46
4531.98 2574.51
1857.32 3159.81
2291.77 1870.69
4862.85 1213.07
4117.85 3127.47
 4405.4 3121.83
3628.89 3612.27
3858.82 1974.25
 2537.2 3117.54
5151.7 1241.9
3746.65 1987.27
1857.73 1802.17
7537.36 2215.36
4161.38 3119.06
4398.38 1842.83
3858.44 3181.59
4688.31 3172.22
4716.26 3443.31
3663.36    1968
4160.45 1882.05
3734.05 1968.36
4639.29 3109.41
3469.53 3118.99
3961.78 1973.24
4202.05 3179.12
5033.79 2571.72
3858.63 1973.75
3299.52 3610.97
4157.85 3166.42
 4121.6 1966.13
3455.82 3143.22
3227.77 1939.31
4432.24 3140.22
3507.78 3143.17
4293.39 3209.56
-1005.39  2560.13
4279.48 3275.42
4528.32 3224.26
2599.66 3224.25
3526.25 3139.94
3986.61 1984.79
 2622.1 2079.88
4127.05 3120.16
4161.56 1881.55
4309.97 3178.09
3763.23 3155.22
3799.25 1961.89
3660.47 3308.71
5416.27 4415.73
3741.94 3159.38
4053.12 3263.98
3734.09 1968.04
1581.78 1715.76
3393.56 1993.32
4915.76 3568.04
 3489.2 3204.33
2139.07 1648.75
3896.26 3210.61
4173.93  3201.6
4158.62 1883.05
6894.58 -810.02
3932.93 3650.68
4439.41 3179.55
 4880.3 1579.58
3473.97 3152.13
3353.77  3167.2
4430.08 1557.51
4438.89 3226.46
6253.55 2842.67
 2335.7 3213.21
4817.57 2573.99
4647.91 3839.89
4316.06 1628.06
-421.817  4017.14
4294.69  3207.1
-1282.18  2394.41
4436.49 3226.78
3868.79 1967.85
3592.84 3657.21
2641.39 1936.72
4815.41 2573.69
 2313.3 1960.87
2815.32 3340.71
4279.77 3290.45
 3848.2 3162.92
4388.36 1609.68
4314.15 3616.22
3987.66  1982.2
 4133.2 3140.92
2351.53 3206.65
4410.6 3200.3
1133.31 3500.13
5453.32 1293.19
7732.31 2174.87
2411.79 1786.28
3371.13 3187.12
4123.92 1945.78
4023.49 3701.23
4993.39 1553.17
3940.53 1967.64
4083.38 1966.37
1424.15 3312.45
3620.86  3588.5
7468.97 2660.11
3914.81 3126.45
3288.96 3611.44
4780.78 1552.89
3673.54 3484.52
5503.97 3694.25
4016.32 3181.87
-288.022   4647.6
3519.88 3126.05
 3673.7 3483.24
 2593.8 1917.14
4189.49 1996.64
-214.688  2216.69
2944.02 3864.29
3388.81 3692.92
2564.48 3231.13
4270.11 3579.33
3620.57 1604.04
3457.06 3741.51
4294.67 3217.91
4264.07 1944.05
2337.72 1655.22
 4993.2 1570.92
6302.55 2014.22
3160.97 3289.66
4413.88 3129.58
3469.63    1985
1373.33 4615.31
4070.12 1601.41
   3275 3120.92
4260.41 3119.95
4198.45 3698.97
4511.91 3177.47
4211.49 2159.62
3635.11 3182.16
3265.92 3187.85
2361.47 3163.38
3668.39 3118.82
4244.77 1971.47
4374.87 3122.22
3643.47 3172.33
3875.78 1946.83
3620.44 1604.49
3226.82 3176.59
 4288.3 1627.02
4087.24 1843.68
4114.61 3177.41
4015.11 3125.31
6858.06 2714.38
4286.86 1766.78
4085.46  1844.8
4016.81 1866.61
4424.58 3458.86
3630.79 3599.17
3523.55 3187.09
5146.04 1249.38
-195.074  2250.23
197.359 916.816
3862.25 3120.03
3168.48 3132.53
4284.39 3616.63
3466.31 3132.89
 3345.2 3173.59
7016.21 2824.36
4429.84 1558.14
3887.32 1967.51
3663.28 1967.42
2581.58 1976.84
3803.91 1996.08
2442.02 3113.81
4835.44 1670.14
7162.01 2752.58
2441.44 3161.71
3561.44 3198.15
7327.63 2836.58
3266.67 3188.26
4222.54 3598.39
3719.36 3120.59
 4421.6 1655.43
3727.15 1946.55
3628.86 1967.63
3857.59 3182.14
3958.59 3615.92
4482.34 3139.67
-1354.56  2554.14
3486.12 3173.38
3947.57 3764.11
1496.39 1718.87
4227.45 1935.65
3802.07  1969.1
4004.63 3178.84
7039.18 2825.14
3883.37 1986.97
4110.38 3187.59
4210.65 2160.16
7692.67 2667.68
3747.98 3189.09
3619.68 3589.13
4933.31 1651.04
 3780.5 1987.44
3922.95 3202.38
6560.32  2723.2
1910.12  1676.3
3418.83 3120.04
4968.94 3424.93
4112.84 3137.28
3439.46 3189.34
   7548 2214.22
4287.55 1765.44
2402.77 3225.46
3745.14 3171.53
 2114.9 1928.24
4694.32 2572.69
4463.16    3129
3404.51 3232.76
3839.35 1975.89
4995.67 1566.87
3697.24 1968.68
3766.29 3118.23
2206.23 3290.79
3287.41 3615.24
136.276 4959.91
3849.07 1987.47
3692.53 1946.66
 2127.1 3274.35
3953.26 3761.78
4873.95 3639.38
  4155 3186.4
4389.56 1608.76
5452.96 2561.57
1486.28 1317.47
3814.87 1987.17
2591.07 2010.48
2675.31  2007.6
3455.25 3141.93
3900.52 3163.11
4085.12  1946.8
3318.65 3545.89
5144.13 1251.68
3862.79 3092.54
 4103.4 3186.87
3926.36 1972.64
3647.06 3616.25
4311.17 1995.42
2437.92 2013.59
 4361.1 3218.07
2861.19 2090.65
3849.57 1993.58
4004.65 3187.89
3840.21 1946.86
2668.31 3223.99
2129.26  1858.7
4631.39  1660.8
2567.88 1874.83
1992.78 2092.93
1934.53 4088.44
-128.767  2710.59
3736.4 1975.7
3590.86 3825.39
4481.24 3172.55
1860.18 3069.03
4261.39 3172.68
3632.55  3179.3
-55.5753  2813.39
4023.03 1985.27
3052.77  1924.4
 4633.7 3189.83
4904.99 3606.95
3903.99 1963.23
 3201.5 3683.18
4024.36 1981.46
3767.72 1968.22
102.664 2846.26
4359.89 1756.42
 6455.2 2728.58
5077.68 2572.18
4284.45 3619.13
3664.92 3151.49
2324.89 3221.34
 4609.1 3633.53
3906.07 1947.79
2.75572 5107.02
5166.42 3567.59
3894.85  3174.6
3695.01 3178.32
4125.84 3859.52
3211.88 3067.06
3274.06 3466.64
-1329.23   2464.5
3332.55 3179.79
 4128.6 1983.53
4715.35 2568.57
-49.0185  2732.23
3589.26 3823.45
7654.73  2166.9
3918.51 3124.49
2532.07 2017.99
3922.97 1967.68
4779.45 1642.05
4071.18 3152.08
3590.75 1966.38
4835.05 3752.27
3660.72 1968.44
4602.89 3680.57
4399.87  3054.6
7055.34 2825.77
3997.43 1990.54
4024.06 1984.12
-1342.83  2519.14
1822.12 4202.53
3816.42 1985.22
 2127.1 3087.02
3274.16 3097.13
3489.52 1996.31
3997.02 3053.47
 4300.5 3193.61
3554.49 3231.57
2316.78 1878.72
1526.02 1494.69
4091.95 3194.24
3746.81 1987.93
4013.59 1975.05
3287.78 3615.82
4844.61 1662.17
4009.08 3132.89
2154.89 2028.37
3633.36 1997.05
3365.99 1980.91
3491.02 1973.39
3850.13 1986.78
3680.66 3185.52
3941.72 1967.69
 2391.4 2019.46
4995.87 1566.96
2124.16 1857.23
4124.24 3152.24
 3915.4 3119.68
4615.89 3194.42
6337.81 2019.23
2121.04 1928.06
3258.73 1990.75
2642.16 3208.96
-220.93 2216.63
4838.25 1667.72
4710.32  2576.7
6257.89 2024.55
4319.45 1554.94
4120.72 3216.61
2356.57 2055.98
4158.02 1945.86
