3195.7 715.33
2232.6 563.24
  5430 3213.8
1025.4   2361
5430.5   3213
2232.4 563.23
  3198 713.98
5590.5 1349.9
1903.4 762.89
5913.9 1579.8
  3085 1005.7
3242.2 891.29
5852.9   1534
5550.3   1327
5458.6 1277.8
4646.6 805.49
5021.4 926.15
3820.9 867.09
5738.9 1442.2
5351.5 1223.1
2345.4 573.87
5023.8 925.86
3006.2 353.71
2052.9 1211.7
5714.1 1290.8
5023.3 925.96
5047.6 1007.9
1958.8  787.8
3936.9 871.46
2724.1 978.97
1714.1 965.18
4238.9 327.84
3385.8 307.18
5845.6 1391.4
4282.7 906.79
  4281 906.62
2298.9 596.48
5288.8 1110.1
6019.5 1295.8
4307.9 276.55
2962.1 355.38
2999.7 295.44
3768.6 767.03
5845.3 1391.3
4781.7 469.86
4012.5 306.97
4845.4 426.69
  4282 906.88
  3599 867.35
4481.5 844.29
4137.6 790.69
2187.8 1071.2
2414.7 980.72
5495.9 825.14
5164.4 631.28
5093.2 941.07
4379.6  925.3
3830.7 869.09
  3131 904.29
1865.8 1161.3
4545.9  401.6
5496.6 824.85
3014.3 356.88
  4063 882.57
5987.7 1522.4
3126.4 951.33
3035.1 341.42
6068.7 1601.3
3715.1 864.05
3005.4 353.06
4559.5 340.55
2412.8 757.21
6264.8 1187.7
2733.8 417.67
3034.4 340.76
5747.8 1309.8
4234.1  548.6
  3962 835.51
5671.7 939.57
  5853 1099.7
4178.6 896.08
3209.8 200.31
  6265 1187.5
5532.3 847.76
5671.2 940.82
1700.1 968.26
5653.4 949.46
2393.3 755.26
2276.5 598.65
2770.4 419.49
2275.5 602.22
4245.6 270.54
2392.9  754.9
5977.9 1695.3
2513.5 495.59
3303.5 295.67
4749.6 447.86
2754.6 427.75
4564.4 343.58
6022.6  819.9
3217.2 857.34
2741.1 406.27
2472.5 462.83
1942.5 787.96
5753.7 1023.4
2483.2 519.06
1942.7 787.21
3728.1 827.33
  2999 360.09
2999.6 359.13
5042.7 579.15
2306.6 597.71
4564.1 343.61
5531.8 844.78
  4246 269.99
2549.1 1024.7
2068.4 908.82
  5698 525.34
5697.8 524.78
2276.7 555.99
3798.8 828.11
5854.6 1083.3
5981.8 1255.6
2799.1  927.7
5769.6 1460.1
  2466 493.22
3325.5 304.18
3675.1 505.06
3843.6 829.42
3057.7 1023.2
1975.2 963.15
3001.8 288.62
2472.4  538.6
1943.5    784
2513.8  495.8
4560.5 405.79
4529.2  346.2
1964.5 786.38
6336.4 2379.5
4229.5 331.96
3314.4 284.01
5166.2   1038
  5753 1020.1
3971.7 837.33
5430.4 3225.2
4872.4 711.81
  4231 330.75
  2465 495.21
2484.6 517.01
3614.8 280.67
4258.5 312.18
6512.6 2570.9
4817.9 1019.9
5131.1  642.6
1816.5 1062.1
4260.2 313.93
5574.4 827.35
1069.5 1927.5
5719.1 3080.5
4251.4 277.68
2820.1 613.45
  3789 828.87
5718.5 3081.1
4519.1 914.42
3578.4 913.06
6047.8   1283
3686.5 506.99
1938.1 752.73
5453.2 3221.9
3598.2 281.89
4089.9 847.68
6489.5 2582.4
3737.9 827.45
2481.2 1091.9
5708.8 545.69
2402.3 1115.6
3056.6   1023
4578.7 422.46
3598.2 281.73
3949.8  273.6
3341.6 539.76
4567.9 349.87
  5741 1296.2
2281.4 588.18
4391.6 973.28
949.13 1988.5
  3208 859.18
  3506 831.82
4902.1 1046.3
4398.6 932.89
4816.5 1022.1
2814.6 959.16
3904.3 832.24
5975.7 1685.9
5224.2 649.71
3651.2  506.2
2077.5 687.69
4079.5 847.95
4901.9 1046.6
6032.8 1663.6
2507.4 460.23
6028.7 1297.5
6014.5 1647.1
5671.6  917.6
4555.3 347.19
4710.8 960.11
4885.7 1012.2
2209.2 1140.4
5591.7 549.49
4289.4  956.9
2411.5  775.2
5788.8   3031
956.29 2248.5
4803.2  426.2
4982.9 1076.3
3187.9 729.84
2078.7 741.99
5046.2 1068.4
2986.7 305.95
5100.9 803.48
1938.5 752.82
4635.4 973.46
2949.4 896.16
898.76 2579.5
5026.9 543.29
3924.4 877.69
4775.2   1056
5671.5 917.79
2547.9 1072.1
4067.8 889.82
3439.4 835.63
2723.8 384.87
6216.4 1577.8
5752.4 1017.8
5022.2 522.85
6156.7 1502.4
5952.7 1595.1
  4538 367.04
4728.5 996.85
6518.2 2579.6
2315.2 1146.5
1862.9 1175.3
3161.1 863.59
2260.1    830
5712.7    529
5495.2 3518.9
5226.4 619.33
2329.2 1142.4
  2378 927.06
3980.7  287.5
5688.7 996.61
6482.2 2412.8
5107.6 971.22
1801.6 923.54
3535.6 748.12
4463.4 903.03
1814.2 847.59
2847.9 417.97
3388.7 838.65
4632.8 975.62
4856.9 1079.8
5497.5 814.56
898.28 2579.1
3295.1  259.8
6175.2 1496.6
6175.3 1496.6
2721.9 1026.3
5635.6 1107.7
4760.9 849.48
2244.9 1170.7
2741.1 371.83
  5494 1025.2
941.35 2009.9
4681.4 1030.2
3257.9 768.49
2745.1 813.57
976.19 2091.3
4727.5 997.43
5710.3 544.13
4541.6 951.23
6360.9 1437.1
3441.9 752.55
2258.2 1166.7
5229.1 1056.3
4968.8 1040.5
5538.3 816.11
1851.4   1116
4575.7 376.21
3605.6 256.65
5758.1  994.6
5798.9 3348.5
6097.1 1721.3
2193 1134
2086.4 1056.1
2846.6 418.05
3167.7  779.3
6158.3 1505.6
4940.2 1104.2
3724.8 785.82
3883.6 510.91
3655.8 519.38
5211.6 1206.3
4356.2 877.67
3264.5 863.84
5334.9 1255.7
2406.2   1038
4592.5 887.84
5388.3 736.79
4335.7 916.49
3997.7 265.18
3631.5 744.87
6482.3 2412.6
2772.8 966.55
2065.3 728.17
1991.5    822
3449.6 846.26
4577.1 378.51
3114.2 786.95
  2657 961.24
5076.6 565.08
2871.5 942.79
3821.9 746.75
6203.8 1595.9
5345.5 1260.1
4655.6 944.84
2501.1 482.71
5077.4 564.76
2444.2 3517.8
3680.4 841.76
2845.6 417.96
6192.3 1491.9
4564.9 332.21
5205.1 883.03
5048.3 529.93
3002.8 331.19
3022.6 324.96
2443.6 3517.6
2272.7 535.97
3166.3 806.56
2263.2 1107.1
2886.2 781.28
3913.6    846
2279.1 833.84
3691.3 518.62
3731.2 841.96
6320.9 1466.7
4030.9 854.05
4080.6 859.83
  6028 1283.6
2971.6 929.38
5446.8   3211
4441.2 933.85
3813.7 754.09
5446.6 3211.5
3651.4 508.49
3263.5  853.8
2919.7 980.25
2065.6 728.21
2569.5 985.96
5205.1 882.69
3585.8    250
3652.1 524.61
  2372 1011.7
4006.4 756.79
6194.3   1489
3003.9 302.61
3883.8 510.79
4618.6 856.02
5943.4 3244.9
2987.2 816.59
1768.3 1120.4
4286.9 350.42
5458.3 3367.9
3264.6 864.75
5637.5 3109.6
5955.5 3784.5
6311.1 1461.8
3151.6 864.04
3914.7 750.21
852.19   2609
5017.6 1131.4
4339.3 914.44
2291.7 571.82
5646.3 3285.1
3263.5 854.46
6027.3 1283.3
4357.7 809.29
  5602 3161.7
4461.1 925.72
3506.7 853.11
3280.9 845.67
2250.9 1166.1
4787.2 444.77
4358.8 879.83
3604.8 872.83
2754.9 962.34
6500.3   2580
2992.5 806.94
4443.1 931.21
882.29 2551.5
5457.3   3368
3507.5 828.39
3277.8 845.15
6152.2   1447
6244.8 1546.1
1741.5 923.01
3617.6 843.49
5605.4 3154.4
4242.4 299.59
5956.8 3317.2
  5083 805.89
6281.6 1192.9
2889.3 827.01
2940.2 897.21
2096.2   1127
  5449 3207.2
6357.3 1453.3
5837.8 655.06
4653.7 938.17
2916.6 861.16
2943.8  912.1
4576.4 338.49
4465.7 920.92
1007.7   2107
2988.2 892.89
4418.2 139.21
6193.4   1489
4559.5 916.42
2824.4 380.58
5038.1  587.3
4241.5 299.91
4106.2 848.57
4786.9 445.01
4818.2 495.83
5615.5 596.24
  6314 1451.1
2690.9 956.51
3166.3 858.06
5810.4 3342.1
2427.5 973.97
2885.3 911.61
5912.2 3007.2
2944.7 912.53
4197.9 875.21
5593.5  598.1
3639.3  870.2
5010.9 1127.3
2254.6 820.96
4148.8 853.14
  5814 665.67
1926.4 1141.4
2488.4 890.63
1970.2  978.2
3963.4 850.73
3134.8 824.35
957.48 2238.8
  5499 462.66
4621.4 940.08
2694.4 950.24
5494.3 1330.2
5045.7 548.08
2096.2 707.05
950.99 2258.2
1845.4 1070.4
2292.5 572.24
4003.7 881.98
3854.3 852.11
5540.5 1354.3
6212.3 1561.5
4573.3 405.31
2751.1 934.79
3565.8 842.23
6558.8 2621.7
3965.3 850.78
2703.2 382.65
1988.6 982.38
4986.6 1002.5
2446.1  958.2
3626.4 850.89
  5953 3317.5
5873.7 3295.7
3804.8 360.88
3636.1 827.35
4525.4 918.96
3703.5 908.44
4938.1   1101
5014.3 1127.7
901.19 2267.5
4260.1 867.98
895.73 2592.6
5299.7 1059.1
2940.9 350.14
3753.7  764.7
928.08 2612.4
6081 1615
3987.7 837.65
4746.6 969.37
2332.6   1058
6569.2   2380
2812.1 910.42
3094.5 809.03
2876.9 909.91
4472.6 440.49
4283.5 787.59
 930.4 2615.4
3616.1 787.13
3916.9  749.4
5558.3 503.93
5565.4 1346.1
6140.9 1522.1
5635.4 556.18
2991.2 808.73
3537.1 309.34
  2299 1040.3
5487.9  826.9
5004.5 931.63
3428.1 794.85
5543.8 828.79
2482.5 487.91
  4802 379.36
2291.3 1089.6
2595.1 979.45
5946.1 1387.9
5522.3 3391.9
5885.3 3371.4
2175.8 1074.4
4768.4 917.05
894.38 2593.8
4367.1 801.56
3753.4 827.01
4321.2 880.68
5085.5 1005.3
5981.7 974.08
4178.3 773.21
4712.3 420.53
5792.7 1239.7
2135.5 1109.8
6306.3 1433.6
2177.7 1077.6
6307.3 1433.8
6210.5 1559.4
2488.2  527.6
2331.5 1058.6
6131.7 1577.2
5501.7 3511.2
2821.9   1000
5903.9 3018.3
  4103 764.71
  2228 1093.7
5954.2 3317.5
5958.6 1380.1
3086.7 1036.8
1088.9 2806.3
6361.9 1433.9
  5657 3279.8
6314.9 1449.4
5451.7 3202.4
5703.1 3490.9
  4195 775.17
5346.2   1049
5618.9   3345
2790.4 851.46
3084.3 905.42
3536.9 309.66
  6019 2957.1
5706.4 645.21
5430.1 903.65
2712.8 870.21
1970.2 978.26
4131.3 855.18
5945.1 1390.1
3434.5 762.32
3236.2 840.53
2637.9 653.51
4123.2 851.26
3395.6  835.3
4583.4 314.54
5619.3 3345.1
2447.3 3161.1
3424.9 836.38
3343.5  697.5
3898.5 791.71
5500.4 3511.3
4330.3 263.62
6072.7 1524.3
 934.5 2028.9
2163.1 1062.8
2577.6 915.49
  4278 951.61
1756.2 844.52
3728.3 744.35
2385.3 3843.5
3248.2 801.64
4852.3 744.89
6318.4 1433.4
3247.7 3875.3
2211.3 1105.9
6555.5 2447.1
6318.9 1434.8
1019.8 2180.2
3669.1 493.16
2389.4 3842.5
886.88 2517.3
6283.8 1452.1
5386.4 1026.2
2458.1 528.12
5897.8 3017.1
4454.2 858.49
4854.3   1076
2387.7 970.74
2071.8 3630.7
2196.3 1064.6
5292.7 3615.5
2154.5 1144.3
907.62   2079
3783.9 765.68
1021.1   2181
6131.5 1577.2
6583.6 2391.5
3913.7 792.53
1759.9 974.05
  2402 987.25
4764.9  425.7
2681.6 3935.8
3210.1 812.76
  6541 2554.3
2322.2 649.31
2274.3 508.15
3829.4 882.81
3070.8 404.81
6170.6 1563.6
3040.1 846.41
974.33 2118.5
  2897 921.53
1954.6 3900.1
970.48 2032.5
5583.3 598.58
3824.8 746.47
3104.5  888.1
5616.9 3344.7
5623.5 1337.4
3830.1 881.42
2569.9 910.58
5663.7 928.41
3379.9 850.49
2323.6 1001.7
3519.3 767.37
4277.6    806
3365.3 791.22
  2322 4064.6
1953.2 767.18
5536.6 796.54
3836.1 787.88
  2504 931.19
6164.2   1046
2039.8 1179.4
3255.2 796.66
1918.2  766.8
2098.3 3596.4
3443.2  785.8
4513.4  920.4
5437.6 302.15
2994.4 821.55
5915.1   1348
  3103 808.69
3086.2  398.8
3783.7  765.3
5507.3 3391.2
3408.1 773.05
3379.1 339.64
927.36 2112.9
2330.4 3681.6
5962.3   1697
5646.2 1394.8
4858.3 1050.5
5995.8 1593.7
4194.3  364.3
2058.9 638.11
908.61 2575.5
1270.2 1745.1
4763.4  931.9
3120.8 804.72
1991.4 1165.8
6555.3 2447.1
  2702 957.27
  5970 1589.4
1278.5 1736.5
2320.2 652.64
6049.8 3362.8
922.27 2032.5
2217.3 3783.6
3717.3 735.54
5273.1 1155.8
1981.2 1224.3
5780.7 1438.3
5583.5 519.21
4764.6 424.86
5828.7 3565.1
5831.7 651.72
2214.6 1049.3
5641.3 538.93
5733.5 1364.4
3669.1 492.67
5253.8  634.3
3538.7 747.28
6353.5 1529.2
4244.5 342.88
2641.6 889.45
5368.8 1164.9
4362.2 816.53
5906.6 1348.9
1990.8 1166.3
3000.7 824.18
4874.9 993.97
991.38 2184.7
5787.9 687.51
2247.6 570.29
3283.1 853.07
5448.5 3616.7
3634.4 744.66
902.76 2566.9
5643.2 540.66
6535.5 2556.3
868.95 2180.7
2009.6 1267.2
970.42 2129.2
3414.4  352.4
3587.3 908.44
927.56 2588.2
  3717 735.47
5493.7 1259.7
4713.6 959.04
1015.5 2180.8
6541.8   2331
4847.4 715.02
  2989 288.04
  3527 739.76
5401.7  278.3
4609.4 941.52
2010.2 4500.7
4888.1 950.28
4217.6 284.52
6155.7 1068.4
  3068 413.75
5682.8 1415.7
4734.6 495.75
6281.9 1452.4
5529.8 3181.6
3384.5  852.9
2320.6    655
6527.6 2563.3
4530.1 853.23
4763.6 420.35
3377.2 340.91
  2009 1266.9
4514.5 927.38
4612.9 869.09
3103.9 779.21
2429.2 1025.1
5392.3 269.35
5867.2 3383.2
1000.8 2183.2
6155.4 1434.5
2265.3 706.89
  2456 4019.9
3815.1 737.27
998.08 2201.1
 4221 533.3
2981.8 799.54
4000.1 747.17
  3729 763.74
5708.9 645.93
4701.7 967.31
5299.4 1117.7
2979.6    831
4410.1 903.05
6534.8 2384.9
5816.8 716.74
4617.2 873.08
6020.2 861.36
5541.4 1285.3
993.2  2183
  4235 362.91
4453.2 808.98
983.39 2220.9
3382.7  333.4
5812.7 3339.9
2410.4 759.45
  4217 282.35
  4455 905.41
2893.8 842.39
1032.7 2187.8
5558.7 3324.6
4762.2 415.85
5541.1 1285.3
5029.5 996.96
  1613 1003.4
3193.3 858.68
6017.7  861.7
2286.1 539.07
891.82 2277.1
1886.3 1241.6
  6053 821.01
4531.8 826.02
2881.2  844.2
4275.7 227.55
2643.3  670.7
2470.9  520.3
6544.4 2320.7
4176.3 912.21
2595.4 972.99
1726.2  935.4
4761.7 413.55
3101.2  403.3
865.81 2180.7
4238.7 287.71
  2727 863.68
5883.5 3289.6
4152.9 788.75
5738.4 981.83
5221.1 851.83
4255.8 282.92
1813.4 889.25
  2702 960.85
2319.1 1033.7
5524.8 820.97
878.57 2235.8
6530.1 2386.3
4514.4 926.62
895.82   2638
3703.5 765.68
6005.9 1604.4
4686.8 865.28
5669.5   3542
2876.6 902.78
4121.4 786.61
5366.6 1131.6
6165.5 1083.2
6466.3   2612
6541.3 2528.1
4242.5 869.55
4615.2 846.58
5129.3 1037.2
6339.5 1399.8
2659.4 900.38
6557.6 2428.5
4760.8 412.08
  2833 446.85
  6188 1499.9
5749.7 1457.5
6557.7 2428.6
2472.9 520.24
  4571 926.15
1936 1181
2659.6 3934.8
4214.4 278.97
3337.4 751.48
869.56 2229.5
4521.6  934.1
5133 1243
5729.9 3392.9
4595.7 867.93
2251.2 828.55
6541.6 2548.8
2316.2 537.91
2978.8 833.21
5355.4 3825.1
4439.3 846.84
5207.2  670.4
4884.8  729.8
6340.4 1462.1
965.86 2173.4
888.99 2275.4
3168.8 866.51
  2179 3739.8
2808.9 437.59
965.27 2140.2
3112.6   4302
1815.4 989.45
  2660 3934.9
5859.2 3425.1
5757.2 473.22
  3157 771.91
2257.9 1023.3
1802.3 869.31
6541.8 2547.2
4622.9 855.86
3936.1 915.15
5243.9   1135
2331.9 1006.7
1725.5   1012
2979.9 883.51
6541.4 2528.3
6540.1 2349.1
6166.1 1081.5
2998.4 461.23
953.03 2109.7
1598.7 1038.3
3693.7 536.78
927.45 2258.6
2584.7  919.2
2798.1 3937.7
3427.1 829.91
2357.2 3839.3
3610.4 767.18
5474.4 3309.4
4589.6 359.79
966.47 2225.9
1681.3 1046.4
 2992 287.1
  1720 921.67
3432.4  744.3
5292.1 1119.1
3851.5 526.42
  5729 610.27
2350.1 594.43
946.08 2172.8
4880.1 1022.4
4210.1 272.48
6041.4   1695
2170.2 1073.7
3600.8    300
3195.8 425.12
6127.5 1520.9
4647.7 947.18
  4034 834.26
965.11   2173
3326.7 785.53
1691.8 3935.2
5095.3 1127.8
5529.1 484.88
4610.2 948.14
2681.4 543.89
6155.6 1433.8
3055.6 746.18
   956 2265.3
  1944 1201.7
5787.6 687.66
 3378 887.8
 2919 953.7
2251.2 3655.1
4368.2 454.89
2654.3 653.76
958.05 2114.8
4799.1 471.75
2168.8 1093.2
2809.7 603.78
5766.8 994.38
6550.1 2516.4
  3544 767.21
2878.3 902.53
1955.5 879.76
  1938 1174.1
5448.3 1234.5
4826.9 905.73
1758.8 1577.6
2443.8 3849.4
953.85 2110.1
6034.8 853.09
5665.9 3557.2
3338.5 336.36
2897.5 843.53
5404.6 1151.2
5572.4 3384.4
1989.1 834.36
6548.3 2375.4
4865.6 713.07
4615.8    956
4763.7 886.54
5070.1 1012.6
918.68 2584.1
5861.1 3412.2
5953.4 1673.2
  3079 759.24
938.74 2168.1
5939.2 3327.2
2796.4 609.65
 928.7 2155.1
5132.9 1243.2
5997.1 3278.8
2721.3 1094.7
2089.7 3906.7
4643.9 3589.1
3180.7  799.9
5473.6 3308.6
5572.7 3384.4
5335.8 1055.8
931.55 2070.4
4827.2 905.78
2264.5 1035.5
1805 4022
  2801 937.15
4427.5  895.3
3081.4 3911.5
2613.8 933.92
5090.9 1155.1
2774.1 476.18
3546.1 822.13
875.85 2637.4
  5547 360.39
 928.3 2155.3
  5997 925.77
3900.1 302.96
6430.1 2105.9
2375.4 3836.1
5551.7  357.7
  3574 224.84
1004.2 2181.6
2730.4 367.64
5950.3   1668
2381.1 987.44
1934.1 3821.9
4564.7 330.08
  1963 799.19
 891.1 2189.7
3569.6 222.33
3193.9 431.53
2969.2 316.52
2956.1 882.91
3780.1 4246.6
1943.8 750.33
  6157 1430.8
5119.9 884.99
  5876 1470.4
2377.3 996.39
4250.2 264.73
3111.2 4303.4
2160.1 1078.6
5402.3 3329.2
4861.6 698.35
5957.9 1643.3
6573.2 2367.4
  3697 881.86
999.77   2204
930.96 2068.3
  6550 2502.1
  3082 3911.7
4425.5 844.22
2114.6 3742.2
6503.1 2398.1
2855.1 903.02
5279.1  605.3
1699.7 935.06
3077.3 985.93
5352.8 3590.5
  3936 915.35
1876.9 893.55
3126.2 923.35
1683.6 917.36
2656.3 647.45
5743.1 484.59
1062.8 2040.4
906.11 2645.4
  5714 3514.7
2422.1 3852.6
2640.8 910.31
2394.7 999.89
5713 3513
1807.5 4021.8
2609.4 3556.7
3259.6 809.38
2321.7 1010.8
4739.4 909.01
6250.5 1120.8
  1027 2098.3
5723.2 992.46
4842.8 597.64
4158.7 910.13
6243.8 1112.4
3736.8 362.61
  5831 3407.3
2417.1 3830.4
1349.5 3121.9
2875.1 852.31
2658.8 913.19
2393.3 983.47
5710.9 3093.7
  2748 357.74
5560.4 791.87
2224.6 1067.2
1899.2 1210.4
  2446 969.62
3075.5 988.42
2971.8 383.39
5989.4 956.04
  4233 346.33
5412.3 3475.7
930.99 2272.4
2412.9   3831
3106.8 1051.8
906.93 2119.5
2007.9 772.78
906.87   2268
3916.1    825
3933.6 792.01
4350.4 455.16
927.42 2041.7
4476.6 963.81
3418.9 4044.2
1054.8 2892.5
2716.7 4191.6
5649.5 609.96
2357.3 3839.4
2494.3 528.24
  4233 348.73
6273.3 1413.4
2480.8 991.36
2356.2 4068.8
860.65 2542.7
3661.2 819.77
2406.9 766.37
3247.8 854.73
2357.6 3830.2
2794.7 467.95
849.41   2638
  2313 1107.1
  4861 696.41
3485.7 900.52
  4872 598.99
5957.4 1645.8
931.35 2270.4
3043.1 408.35
2179.1 1105.3
5886.9 709.99
2173.3 723.91
2025.4 1180.3
2501.1 3834.8
4957.2 951.24
2062.3 676.72
1930.3 1173.1
5573.5 3269.9
5545.3 3178.2
5239.9 767.65
6122.4 1518.3
3339.6 319.49
4880.4  721.7
5245.9 765.71
866.54 2611.4
  5918 780.22
2091.5 929.06
3112.8 695.67
6063.8 1494.9
2955.8 883.41
  3542 779.25
1066.3 1696.1
5708.4 3315.4
2392.4 3147.3
2782.2 911.82
6243.9 1583.8
2082.6 717.72
5890.8   3386
5265.4 1137.4
5910.7 3759.9
6272.4 1413.6
2478.3 4113.8
944.91 2260.6
3362.8 904.54
6549.8 2462.6
  3780 391.04
4870.1 599.31
880.63 2196.3
5769.7 976.26
2250.2 716.04
5360.3 1157.6
4373.1 747.27
  1771 968.98
2114.7 3733.2
6543.1 2355.2
6173.5 1076.5
2609.6 3556.7
  2009 771.59
2722.8 4199.5
3812.4  880.4
2505.5 968.91
905.44 2633.9
2110.4 1101.8
4322.1 876.94
  2782 911.88
2460.7 3771.9
  2769 933.03
5162.6 979.96
3563.6 303.45
3099.6 977.41
  2877 474.84
  5245 766.28
6111.2 1515.4
3372.3 228.01
2679.8 549.31
3841.7 861.89
2639.4 1015.3
2847.9 892.87
  4402 440.52
1908.1 1205.3
5715.1 644.08
2821.4  970.9
4225.9 870.73
5740.2 970.73
3143.2    921
5547.7 3374.9
  3929 884.06
3987.4 229.84
  2796 468.07
5642.2 608.62
4585.8 972.33
2812.8 646.21
889.17 2620.8
5554.6 514.63
  5424 729.15
884.62 2222.3
2568.3 931.45
2636.1 4029.5
2484.7   3191
4181.7 864.21
5770.6 3488.8
5543.8 3275.8
2241.4 714.25
2935.1 964.07
6585.1 2436.5
5556.6 3141.5
5911.3 772.33
4388.1 930.17
3260.1 843.75
3809.7 637.89
5393.7 3218.3
6362.3 1459.2
1729.5 1004.4
4150.3 802.77
3210.5  820.4
934.41 2279.3
3482.6 885.67
2463.7   1053
6067.2 1534.4
4932.9 1082.1
2719.3 3939.1
896.76 2245.4
5248.5 765.47
6067.7 1537.4
6203.5 1482.6
5717.1 1361.2
3078.3 394.84
1793.7 966.24
  3798 819.86
  1498 1333.9
5066.7  857.4
6066.6 1538.7
5033.3  978.1
5437.8 3238.3
3819.2 916.62
  2634 1019.3
3384.6 314.67
2335.3 939.46
899.82 2225.1
4235.8 537.92
2653.1 549.47
  5900 879.93
2483.8 3193.1
2831.6 977.62
990.05 2067.5
1067.3 2891.3
5816.8 3254.6
907.13 1986.1
6248.6 1174.8
2364.9 945.78
5703.6 3232.2
5549.9 794.26
4224.4 296.48
3483.3 837.59
3390.9 707.13
875.03 2214.3
1747.4 4547.3
  5994 985.02
3112.1 1043.6
6028.1 3247.6
2088.1 664.81
2446.1 3170.2
2503.2 503.74
5160.6 655.59
3170.4 818.62
  2205 1035.8
2212.8 3775.9
4348.5 822.09
6029.2 3247.5
1922.8 3775.4
5533.3 1273.3
5668.7 1301.1
3933.6 894.97
978.11 2210.4
5709.9 576.65
1914.9 3645.4
5150.3 981.01
2116.6 3453.5
3927.9 888.29
980.56 2210.6
3807.3 634.11
5959.6 3330.6
6015.4 1565.4
4173.6 900.64
6051.2 1259.2
6547.6 2407.8
3263.7 799.49
1851.6 3316.2
4303.4  905.4
1746.2 971.98
3161.4 4285.9
4836.9 589.83
2390.9 1088.4
938.36 2262.6
1914.1   1213
3995.2 845.91
  1986 1184.5
6166.8 1078.9
3147.4  857.3
5998.2 805.67
5595.8 3452.2
2734.2 347.63
2731.1 829.39
2196.9 710.31
5554.8 514.25
867.52 2522.1
2075.4 1072.9
  5806 3240.3
2097.4 1177.6
2482.8 3193.8
5266.6 1034.9
5906.6 3351.4
6166.8 1078.4
5907.4 3351.7
  1773 968.99
  3827 3731.3
4684.9 872.15
  2657 644.24
2054.1   1161
5998.4 806.61
5881.9 3213.2
6015.7 3278.4
6433.5 2119.7
4640.5  511.5
3341.5 314.42
914.71 2311.9
2299.7 3531.6
6475.3   2264
4467.7 431.26
1743.2 976.05
4054.5  801.6
5619.3   3274
6558.1 2514.2
  3799 766.84
2908.3 862.01
5115.2 799.34
2445.1   1043
5652.3 597.42
2265.8 3503.7
6017.2 3379.8
3924.3 3728.5
6557.9 2411.2
5864.4 675.95
2315.4 988.97
5604.1 3251.8
2901.7  938.4
5681.1 920.04
4056.9 323.81
5059.4 865.85
4362.6 463.85
  5547 3374.3
3220.9 875.53
3583.7 898.69
4661.8  888.2
4963.3 1050.4
5835.9 3225.7
  2270 544.46
6557.6 2393.1
6545.2 2423.9
1921.3 3642.7
5491.7 417.92
2846.4 893.85
  2266 534.34
4147.7 785.72
5476.1 3511.4
2329.8 939.01
6562 2535
4056.3 886.14
3736.5 3732.6
4766.9 1031.4
6257.1 1569.5
1752.6 949.72
5465.3 420.76
3733.7 357.18
1045.2   1691
870.37 2519.8
2035.4   1148
2309.8 1053.8
 905.6 2631.6
  2040 4184.5
4040.9 904.98
2271.1 541.68
3813.1 3731.3
  5957 1705.2
5458.5 3434.5
  2999 303.71
4479.8 956.98
2514.1 1001.6
5659.3 1349.2
4175.5 950.98
2655.9 549.73
5459.5 3435.4
3964.3 786.31
4145.9  727.6
5695.6 3371.3
974.08   2151
4189.7 806.66
6207.7 1103.9
2661.3 948.61
5461.8 1176.3
1747.2 3695.4
3233.1  385.1
2332.2 1048.8
2476.6 1063.6
4057.2 903.34
4082.8 838.58
 900.9 2166.7
4696.5  641.3
6390.3 1441.1
  2440 949.37
4358.4  464.6
5641.2  926.1
1891.5 1267.4
3037.3 934.91
2918.3 776.25
3831.1 833.62
4699.9  986.3
2978.3 298.16
4270.3 923.61
6433.7 2680.1
5709.5 577.33
4330.9 491.16
2359.1 621.16
4133.5 799.53
3239.9 385.86
  1927 735.25
5834.3 3225.3
  4209 840.73
6042.1 937.91
6257.3 1569.5
3029.8 3665.1
3625.5 806.78
4012.9 3723.4
2664.5 551.64
2992.1 285.39
2186.4 1079.1
3511.2 809.97
2264.3 554.57
4551.4 352.73
3611.8 819.71
1896.2 3106.9
3773.7    399
3642.9 766.34
4275.6 400.47
2230.1 1057.2
3377.9 829.82
5757.2 3293.6
2733.5 1000.8
  1072 2048.3
3704.7 784.73
  3723 3732.4
4284.2 912.01
2353.8 1039.5
2391.3 1003.4
 2648 547.9
  5474 1019.6
  3912 3729.2
3331.4 862.21
4201.9 530.95
1921.8 3642.5
  2008 804.04
2271.6 525.96
5438.9 3424.8
6544.6 2424.6
3961.2 3619.6
  4068 850.82
4158.9 924.16
  2626 660.01
2655.3 945.75
  5589 410.37
2799.2    918
3346.2 806.84
 904.9 2614.7
1590.7 2252.1
2281.7 1066.9
6556.1 2392.4
2555.8 967.45
2566.3 1044.4
2849.1 3645.7
4607.3 962.96
850.32 2631.2
  2921 939.11
3469.7 901.78
6567.5 2475.7
909.37 2219.1
4555.3 448.75
1047.9 2138.8
  2131 3739.5
5877.6 1358.4
1973.8 1154.4
6434.8 2680.7
3887.5 690.84
3140.6 727.03
3687.1 492.55
890.71 2239.3
3897.2 809.05
  5973 3296.8
2072.6 1072.2
4066.2 849.76
2078.3 1116.9
5962.2   3310
  3507 893.73
4426.6 866.08
1916.3   3636
3893.2 695.84
2812.9 606.65
4276.6 930.09
1962.2 3659.5
1916.8 3646.2
6331.9 1460.5
3452.8 869.17
4454.8 402.61
  5915 3086.8
5756.2 1001.7
5663.1 3255.6
3942.1 3615.1
2172.1 1088.1
2789.5 3645.4
2919.4 940.52
3539.8 3730.1
2015.8 814.91
  3844 3715.1
3961.1 870.22
3959.3 868.43
1746.5 3695.4
2475.5 3582.1
3661.4 3717.8
5972.9   3296
3176.5 423.94
1952.4 1120.8
  2574 906.72
3831.4 833.83
4670.9 1005.1
5321.6 1103.6
5318.3 1106.1
5518.9 299.83
880.07 2245.6
2768.4 3782.9
4380.5 945.69
5608.3 3297.4
2736.9  486.3
2317.4 1019.8
4486.1 476.34
3389.6 311.29
5640.3 3338.1
5618.2 1324.4
4335.4  871.8
2881.7 908.66
2675.2 3624.1
3272.5   3713
5893.4 3389.2
  3866 497.16
2701.3 4181.4
2017.3 1132.1
2187.7   3767
2477.1 3768.9
5038.9 1090.7
3781.6 350.63
3900.7 810.77
1756.8 3721.7
5736.1 494.08
6034.3 1576.2
3023.9 950.28
2412.3 4011.4
2747.8 917.01
  4294 879.39
3212.9 917.69
5791.5 725.11
3240.2 380.92
  2131 3740.7
3009.7 382.67
3928.9 903.21
2986.9 869.01
2657.6 943.97
2342.4 3669.6
3410.1 787.14
3781.2 417.26
5541.4 1333.7
6294.5 3461.3
1737.9 3731.4
2734.2 4115.6
1024.9 1973.1
3452.2 3726.1
3951.2  840.6
4961.2 1063.3
5366.3 402.05
2391.6 1088.6
5643.4 588.67
5730.4 3603.1
  2376 483.11
2099.9 1187.3
2328.4 3535.4
5967.6 877.87
5874.1  672.7
2671.2  948.1
4095.9 826.86
3372.4 3698.8
4880.6 956.94
5695 3256
  4850 1056.3
2739.1 487.14
  5742 3472.1
  2485 996.08
6467.8 2259.7
4173.3 3708.2
2196.1 711.48
4983.9 1023.9
1819.2 880.09
6017.4 3380.4
2210.5 1095.4
6489.3 2279.1
1944.2 878.23
4252.3 844.87
3436.7 3710.9
3902.3 501.54
4543.8 3800.9
6095.4 3435.4
1974.2 818.25
4764.1 949.81
4324.4  445.4
3888.2 705.87
2223.6 1245.4
3481.2 892.35
  5809 3357.1
5877.2   1355
4333.9 449.03
6019.1 875.92
3781.9 418.28
4852.9 974.66
6563.6 2533.1
5869.7 1566.5
3927.2 834.16
6505.1 2593.8
6431.7   2115
  2352 608.18
878.72 2293.4
1593.6 3845.6
5344.3 996.75
4337.5 878.61
4912.4 3603.6
2910.2 3601.3
4605.8 3637.8
5414.3 3252.9
890.41 2307.1
1755.7 949.41
5380.6   3214
3814.8 882.53
2992.9 321.51
3349.1 3705.5
5810.1   3357
5631.4 3147.1
2098.8 3878.3
5520.3 1227.7
  2640 3615.4
6159.8 1185.2
  3693 774.53
6060.7 776.71
2235.9 712.89
1945.3 3795.1
3456.3 3873.4
1113.6 2852.6
1885.2 900.24
2105.3 3606.1
4963.9 335.25
5028.4 3577.8
6051.8 3259.8
5749.4 1251.1
2644.3 3619.2
2481.6 536.53
3477.3 888.64
3905.9 627.26
5763.2 3170.7
2701.1 4180.2
6504.5 2591.1
  5565 564.87
2864.4 3657.7
1070.3 2057.3
2340.7 3669.6
5567.7 1236.2
6004.8 3658.7
  2021 3605.8
2519.1 878.86
2793.1 3649.3
  2486 994.69
5503.9 423.91
3410.4 309.39
881.13 2293.3
3187.4 416.93
2220.4 3689.6
5343.2 1167.4
2997.7 946.22
4435.7 602.37
4980.2 1033.1
6638.5   2511
5506.5 1167.1
1945.8 3878.9
3182.3 3688.1
2716.3 825.27
1860.6 1189.2
4734.7 954.33
  2412 3148.4
2039.5 1215.4
4884.9 571.51
884.17 2231.6
  2672 536.38
2615.7 1004.4
5518.4 1294.9
5494.4   1309
5893.1 3217.4
5460.5 3448.2
4021.7 905.01
4485.5 963.73
3207.5 829.53
2530.9 942.97
2705.6 882.27
2953.4 3652.5
  4096 827.06
6445.8 2692.2
  3887 769.96
1587.7 2249.7
3030.6 3688.2
2358.3 3673.8
5830.5 637.58
3546.8 3739.2
2487.1 3503.9
4844.8 3566.7
2616.5 539.84
5388.9 1157.1
 886.5 2657.3
3812.5  391.1
6165.9 1030.7
2725.4 4135.7
  3418 3684.7
6505.5   2592
6162.8 1077.5
860.08 2358.6
3644.9  691.9
2323.2 3687.2
5644.9 589.76
5063.4 1052.7
4384.9 454.33
2255.8 700.11
5448.1 1285.7
  4549 425.67
4270.8 936.26
850.09 2470.5
3167.3 4294.3
2323.3 1123.6
6018.3 1624.8
3333.2 790.74
3137.8 3685.5
  2738 1041.8
4323.5 856.01
2217.7 3688.8
2039.9 4180.5
5544.9 1279.9
4457.3 889.11
3026.7 933.82
3029.3 936.99
4339.2 870.04
  3354 905.28
4533.2 911.99
4635.6 919.91
3593.6 884.31
6504.3 2590.2
6662.4 2386.7
6153.4 1565.7
4554.9 448.38
  2332 3536.3
3396.5 3707.8
997.65   2091
2193.3 3922.6
3729.5 350.72
887.41 2657.9
4363.5 426.46
4201.3   3693
4411.8  883.2
5614.6 3142.2
3280.1 247.58
3764.1 828.67
4837.6 607.69
3748.8 805.78
2968.9 882.74
3145.5 3643.5
  2298 1029.5
3395.7 787.11
4213.3 831.52
3782.7 407.95
3010.6 382.42
5717.1 3190.9
  4877 1036.3
2837.8 3925.8
4789.7 985.77
2310.4 614.56
4400.1   3627
2950.1 871.81
1619.9 1032.8
  3188 399.29
1764.5 3716.3
5549.9 799.22
5745.1   3215
6651.9 2529.1
1880.1 3759.3
6193 1564
2635.2 540.28
3266.4 558.65
3412.7 828.54
3482.8  852.2
4224.4 856.05
5590.4 531.86
4656.4 889.64
3881.1 773.57
3054.6 3675.2
2410 3549
3722.4    657
4540.8 898.03
2790.9 3656.4
3792.6 800.67
4444.7 888.97
1944.8 3793.8
2615.8 3575.2
880.79   2294
  5844 1096.7
5618.1 3418.7
1022.5 2083.9
5666.1 3520.9
5324.9 1152.7
2481.1 536.89
2400.2 1005.5
2746.7 923.74
5324.4 1152.8
4566.1 901.08
2262.3 3505.1
2830.4 426.76
2744.2 396.12
886.61 2657.4
2620.2 3747.9
2927.6 962.73
1954.8 3893.3
1885.6 2206.4
5978.9 1568.3
5786.6 3344.2
  2040 4179.3
2726.6 993.92
2254.1 1147.2
3771.7 381.38
3220.2 3694.7
5570.9 1361.4
1790.7 4014.6
3504.7 3688.9
5994.1 3286.3
884.49 2630.4
2642.4 1026.8
2236.5 3688.1
3279.1 825.86
1941.9 1221.4
2052.7 905.56
3723.4   3729
2601.4 3744.5
3539.2 3726.4
1961.7 1285.6
4167.2 921.28
2973.9 3665.7
2599.9 959.89
1480.6   2268
3220.8 3695.7
4342.7 444.35
2671.3 956.36
2636.1   3614
4190.8 890.16
4732.3 3658.3
2226.9 1134.3
4075.7 877.11
2465.7 964.21
6546.1 2392.3
  2521 871.79
2147.8 1068.4
5463.1   1188
4034.8 877.75
2913.1 3634.6
5612.3   3143
2706 1009
2599.6 3744.8
2423.7   1016
3488.3 845.43
3372.4 3730.5
3721.3  652.7
1935.5 486.98
3537.5 837.68
2907.2 782.54
3539.1   3727
6077.7 3301.9
4403.9 3625.3
1927.9 879.31
4102.5 798.89
5795.6 3564.3
3204.6 797.15
2659.5 915.52
2604.3 3743.7
  1674 4494.1
3240.6 380.53
  2238 1082.1
1841.8 3798.2
4148.6 872.72
4398.2  890.3
2343.1 4057.4
2263.6   1018
1081.6 2065.6
5687.2 1325.4
1624.5 2242.8
2322.8 515.52
2469.1 4032.2
6339.5 1443.8
2462.4  968.2
6564.1 2491.8
  2267 1016.3
3197.2 3704.4
3832.7 351.53
5539.9 3385.9
1626.1 2243.1
5804.3 3225.6
5170.3 931.19
2528.1  853.4
3297.6  848.8
2373.2 4017.3
2631.6  537.9
2911.7 3639.2
2704.2 981.28
5678.6 1326.7
2288.3 1038.2
6137.1 1448.6
1577.3 3834.8
867.75 2651.1
5668.9 3506.3
4355.6 856.78
2640.8 3650.4
3103.7 366.75
1762.2 3774.3
3025.1 3683.6
2712.4 3630.5
6099.3 1537.5
3787.4 399.47
889.97 2305.7
3141.1 917.27
4359.8 447.35
1945.4 3879.1
3692.4 481.63
1580.8 1030.9
2947  874
6180.2 1075.1
4052.1  898.9
3692.1 482.73
5575.2 3396.2
  2494 3525.3
6479.2   2628
4756.9 395.37
4173.6 359.28
5492.6 1196.5
2678.8 550.11
3805.6 4256.6
4051.7 312.71
  2468 953.67
2389.9 3586.8
5666.5 3641.1
  1754 3754.1
1078.1 2894.3
4701.7 814.96
2246.4 1140.2
4220.3 3665.7
5665.4 597.44
2893.9   4178
4573.6  988.9
2472.4 1074.6
2832.9 425.11
2143.3 1123.3
2385.8 3177.7
  3782 805.91
4561.7 897.68
5690.1 1377.6
3707.4 892.24
2408.9 3546.5
2297.6 1130.6
3763.5 818.52
3185.6 3741.8
3805.9 4256.1
4639.3 930.65
2512.1 4047.6
2758.8 3841.1
2755.3 921.08
2927.7 953.43
965.41 2235.3
2442.8 3861.1
2761.8 3840.1
2892.7 3833.7
2404.3 737.77
3768.9 390.97
4031.4 813.92
1791.3 4010.5
6478.5 2604.6
6236.8   3586
3256.4 912.59
4764.7 1021.4
2674.2 524.54
4170.6 901.98
4413.1 884.73
951.16 2154.7
2343.1 4056.8
  3152 3700.1
3723.6 3730.1
5610.2   3298
3354.6 3663.8
5650.8 1408.8
1836.7 3709.7
927.99 2221.6
5630.2 1344.8
3945.7 792.84
913.95 2167.4
4560.1  896.8
2757.6 513.74
3587.3 890.64
  2303 3942.5
3558.6 3767.6
3813.2   3728
3281.1 824.94
3189.1 412.09
2160.7 1161.4
6568.1 2399.7
4116.6 840.49
3240.4 306.83
6107.9 3275.6
2455.8 3619.6
  3364 3716.4
2969.4 873.72
948.19 2155.8
3156.3 3663.8
2767.7 905.22
2387.1 3176.8
868.77 2307.7
3526.3 798.53
3789.5 399.06
1763.5 3686.9
3416.5 3684.5
3145.9 815.19
  1012 2208.5
5929.3 3446.9
4278.3 934.78
1813.1 1052.6
2740.5 977.24
4212.8 831.63
883.49 2630.8
2442.4 3862.7
5631.7 1280.2
3531.2 821.51
5909.2 3207.7
  1725 2231.1
2179.9 1166.9
4272.2 786.28
3268.4 3696.1
  1754 3757.6
  3635 3727.7
  3477 898.09
5742.2 1287.9
4361.1 444.87
6000.9 816.11
3241.4 3671.5
3647.7 3768.9
5798.3 1339.7
3230.8  309.5
2000.4 791.27
2685.8 927.26
  2372 4017.8
1281.9 2313.2
5988.3   3654
3328.1 3679.3
5614.8 3247.6
5536.8 3284.7
4192.4 892.14
3182.7 861.39
2717.4 3665.9
4331.4 491.26
1791.6 4009.3
3248.6 953.66
2780.4  903.1
3056.8 3678.7
  3739 377.77
2289.6 3470.6
5737.1 3188.7
  2368 988.03
5369.6 3209.9
3238.7 3659.4
2972.7 861.49
3272.7 3750.4
5395.4 1153.8
5879.3 3303.1
2042.6 3824.6
  5580 3448.9
6009.6 2957.3
5566.2 691.94
6470.1 2269.5
3532.5 3712.2
3823.9 245.49
2179.4   1114
  6005 1672.8
2497.7 998.58
  3788 809.85
6457.2 2190.3
  2832 3619.7
5029.8   3600
2008.3 1169.7
1956.6 836.77
  3113 3703.4
  4473 422.26
2830.6 3626.5
3452.1 3723.2
6437.3 2155.2
2336.9   3838
1030.8 2195.8
1455.6 2271.1
2675.2 522.48
3714.9 846.09
5691.4   1320
2265.9 663.79
3112.6 3731.5
5996.9 785.69
1732.8 999.83
3198.1 844.19
3645.8 809.82
 2993 293.3
4718.1 1100.9
4434.6 577.32
6567.1 2451.1
  4436 881.11
2614.6 3578.1
1706.2 2241.4
6460.9   2250
3826.6 246.71
875.24   2660
3132.4 921.23
5666.8 3214.1
3066.4 3689.2
1901.6 3772.6
2826.7 937.59
3911.6 3726.5
  2092 673.84
3730.3 3728.1
2296.2 619.86
2226.9 1247.7
946.13 2156.5
2886.6 3619.4
2830.2 3621.5
6567.7 2419.7
5586.8 663.48
3324.5 3682.8
  5869 1566.5
4585.7 1025.2
4174.3 3648.9
2937.9 1057.4
2446.4 989.57
3955.8 751.73
5773.2 3342.4
6031.8 3505.6
2805.1  888.1
3504.2 3687.6
2856.7   3643
4360.3 444.29
1832.5 3715.3
  2943 940.04
5916.5 3083.1
3803.5 3671.3
4462.1 3639.3
4164.7 3693.8
3238.9 3672.6
3678.5 800.17
3022.3 3683.1
5771.7 3164.6
1753.8 3757.4
5881.6 3303.3
  2726 960.84
3137.8 927.33
2030.2 1154.3
1070.1 2884.9
5905.9 3209.8
4694.5 3576.4
5429.4 1186.8
6479.8 2627.8
1835.4 3711.4
1711.5 2225.4
1086.3 2890.1
2501.1 4117.2
2761.6 870.99
  5806 3098.6
2575.7 3634.5
