4272.3 738.27
4930.3 891.11
1274.1 1840.2
5649.9 1248.9
5197.1 1009.1
4332.8 358.06
1151.3 1836.3
5546.4   1053
3805.3  238.6
6555.1   2271
1227.2   1796
1152.3 1837.9
5553.7 1059.6
4309.7 573.04
1172.9 1837.1
1024.5 2791.7
6383.1 2316.3
4899.6 754.49
5998.7 1235.1
4321.1 576.26
6471.5 2519.1
5035.1 579.63
5214.1 1170.9
  4285 569.54
5975.4 1250.1
1238.4 1932.2
904.56 2127.2
1234.9 1931.6
1208.1 1803.7
5035.8 541.56
6503.2 2515.8
1237.4 1798.3
6471.4 2531.7
5264.6 1049.8
885.24 2651.4
5249.2 650.61
1136.4   2020
924.57   2234
 892.5 2137.6
973.67 2158.1
873.98 2230.5
1003.2 2124.8
964.88 2264.4
1068.3 2077.7
5974.7 1235.9
4284.7 570.73
883.16 2233.6
5846.5 3268.1
888.82 2228.4
5600.3 3262.1
5974.1 1235.8
6482.2 2516.9
871.13 2628.2
  1108 2051.3
946.74 2250.7
880.19 2211.2
880.55 2182.1
5771.7 3317.8
5968.2   3182
  1186 1966.9
1739.2 3819.5
924.56 2341.3
 919.3 2358.4
818.74 2434.6
  5841 3273.1
4239.2 960.99
877.63 2366.9
5442.6   1138
913.43 2683.1
915.4  2687
1170.8 1801.6
1052.2 2816.3
  5898 1343.1
5850.2 3346.9
883.89 2665.5
1140.7 1886.5
965.85 2169.3
5896.8 1345.6
867.71 2234.1
6071.7 1511.5
2319.9 3861.4
3148.1 3910.7
6541.9 2370.3
997.03 2117.8
968.92 2296.9
6575.9 2311.4
  1052 2814.7
6528.5 2483.8
5239.7 699.74
1194.9 1852.2
 924.7 2252.3
5277.3 1107.5
908.25   2144
  1733 3799.2
1141.3 1844.7
2252.4 4068.1
1038.8 1829.8
3275.9 4088.6
4362.1 832.63
3990.4 788.34
5199.7 1075.7
894.74 2649.6
900.37 1688.3
6026.2 3338.7
884.09   2168
2158.9 3804.1
  4419 695.78
5162.9 1067.9
4380.4 833.92
5065.5 557.15
917.17 2067.6
889.81 2641.6
6522.6 2487.2
849.04   2300
912.23 2660.4
968.07 2297.8
6517.5 2236.1
6514.4 2494.7
1059.8 1975.2
996.48 2114.8
939.28 2216.3
5746.8 3417.4
  1012 1821.3
4820.7 3550.1
1033.4 2023.6
5140.1 1057.4
5508.3 1273.1
 946.3 2299.4
945.05 2327.7
1065.9 2062.1
3739.1 847.94
870.58 2374.8
2510.9 3780.3
936.07 2959.3
892.27 2759.5
5850.9 3267.1
6361.3 3443.6
856.1  2340
6514.5 2302.2
881.11   2701
1954.7 4494.4
1004.7 2799.9
6443.5 2554.4
5859.6 1428.3
6543.6 2350.9
5237.7 652.09
5657.1 1398.5
6543.6 2350.9
987.48 1934.4
848.12 2335.5
 923.6 2291.8
3946.4 857.49
6026.3 3672.7
920.43 2266.5
  4122 269.96
868.44 2872.1
  6529 2476.4
6521.3   2264
1946.7 4483.5
1936.6 4476.9
900.09 2359.7
2062.3 3765.2
918.95 1928.9
1020.6   2029
906.55 2291.2
924.59 2364.2
1125.3 1869.4
2198.6 3681.6
912.21   2249
6538.4 2442.5
  1252 1941.9
2378.2 3867.6
910.75   2247
921.86 2115.2
6532.5 2295.3
878.72 2352.2
903.69 2657.1
901.23 2289.9
1013.6 2797.6
2991.6 3944.7
892.48 2277.7
2625.2 3973.3
954.38 2297.9
1720.6   3730
2608.3 3969.1
6558.5 2286.2
954.72 2314.1
6537.7 2427.3
  6488 2314.3
1001.1 2172.2
890.71 2708.1
6221.6   3510
1110.5 1855.6
913.78 2139.1
4940.9 743.73
3937.9 800.75
  1951 1197.8
2348.2   3850
1156.9   1965
851.98 2619.8
 903.5 2372.8
868.44   2252
885.24 2061.1
6066.6 1485.9
913.29 2361.1
6536.5 2386.3
855.89 2309.5
5311.9 1147.8
2843.7 3659.5
890.17 2697.5
2397.3 3791.7
5368.7 1144.9
1250.7 1798.2
859.44 2329.6
1147.8 1907.4
5317.8 3181.9
872.21 2348.4
 994.1 2145.2
4129.6 956.13
873.04 2331.7
1126.2 3031.4
5942.2 3272.9
2154.6 3796.5
5942.9 3273.4
939.68 2319.1
1730.6 3590.3
5478.2 1226.7
  6533 2330.7
898.31 2197.8
4713.1 986.41
855.83 2177.4
2155.7 2312.2
858.28 2162.5
5874.2 3325.2
1186.2 1830.2
883.93   2400
2340.3 3590.1
6435.6 2164.6
973.06 2884.4
  5573 3253.5
6546.9 2440.3
2248.9 3545.7
6543.4 2333.1
3884.4    873
6542.6 2314.1
1736.2 3588.1
5233.3 657.42
5373.9 1145.6
6550.3 2462.4
 966.8 2890.3
931.47   2276
  1113 1868.8
  4691 966.74
969.97 2143.5
3058.8 3721.1
 927.6 2991.9
6530.2 2347.5
889.72 2681.5
1659.3 2348.9
6541.6 2313.8
6554.3 2401.8
1743.5 3997.7
990.65 2259.2
 926.2 2126.5
4322.3 561.66
867.28 2342.5
902.87 2239.5
4363  899
6230.1 3504.7
5804.9 3140.5
1771.9 3605.9
5806.1   3111
5618.8 3232.2
1007.2 3101.6
6552.9 2441.7
5283.1 1098.6
857.93 2348.1
5562.1 3274.6
5860.4 3362.1
2131.6   3790
2413.8 3789.3
2337.7 4017.4
3390.9 3762.9
3946.7 376.89
5162.5 1050.8
5565.2   3273
2213.4 2309.8
6455.4 2181.2
  4653 3783.6
6075.3 3412.9
6552.4 2461.5
1046.7 1849.1
5274.6 1164.8
3463.6 3749.8
2769.2 4524.7
3325.9 3905.8
6487.3 2529.7
2313.7 4012.2
2282.9 3694.6
5494.3 1202.3
5296.4 1158.3
  1904 3893.2
  2627 3633.3
  6411 2658.4
  3061 3743.2
2093.4 3621.3
3226.2 3764.3
5707.8 1333.8
845.86 2443.8
  5461 1300.4
840.28 2549.5
2710.8 3657.9
5511.2 1268.4
6655.2 2296.7
3167.5 3736.9
1907.8 3818.8
838.04   2713
5319.7 311.24
3964.1 844.41
4707.1 951.11
2291.1 3566.8
5563.9   3218
4885.3 806.01
3491.6 4097.8
5452.5 1305.7
1734 3738
1590.3 3876.5
2688.7 3675.2
860.62 2164.3
1724.6 3704.9
859.54 2389.7
961.66 2224.4
5821.2 3368.9
2246.1 3546.9
873.46 2694.9
6284.9 3584.2
2529.2 3765.9
2625.5 3969.9
  5216 678.85
4844.9 1036.6
1320.1 1800.6
2272.1   4062
1013.1 2191.2
5671.3 1318.8
1750.2 2340.2
  5342 325.67
6550.7 2425.5
1662.5   2352
1733.9 3794.3
2903.4 3721.6
869.99 2398.4
6459.2 2572.3
2317.6 3609.8
1725.3 3776.2
1138.9 3035.4
  4898 889.58
2386.9 3585.1
5563.9 3443.7
3948.3 838.98
4428.9 480.09
6456.5 2546.5
4938 1092
3897.4  389.8
2272.3 4060.9
2938.3 3726.8
897.32 2327.6
   884 2718.5
882.84 2289.3
4128.1 930.53
6553.6 2320.6
2182.5 3580.1
  3390 3758.8
908.95 2277.9
850.31 2401.3
4420.9 853.42
965.15 2318.3
5837.3   3165
1655.4 3700.1
  3298 3742.1
3729.2 849.62
2693.1 3894.2
3169.2 3740.8
5825.8 1391.8
3137.8 3783.1
5772 3334
6428.5 2171.8
937.97 2205.8
2594.8 3613.9
2906.3 3732.4
3390.2 3759.7
1000.9 2804.1
1255.7 2394.2
4205.7 858.09
6554.7 2374.2
6367.2 1389.2
5621.9   3192
  4525 1092.2
2846.3 3669.8
6554.8 2341.7
1651.9 3639.9
3419.6 3701.8
6481.7 2215.1
5774.7 3334.1
1126.5 3022.6
6459.4 2571.7
1802.8 3736.7
1572.8 2352.6
