4162.7 3458.4
1819.4 1377.4
2178.1 1030.2
5719.7 476.02
4849.2 881.49
4966.9 559.29
  4851 881.33
3980.4 532.93
5014.1 1199.6
6555.1   2271
5228.6 690.43
5444.3 754.35
1122.3 1662.5
3604.5 786.47
1528.2 1150.3
1433.6 1674.8
4162.7 3473.1
5385.6 1169.8
5062.8  801.1
4929.9 749.14
885.23 2673.7
4186.8 3464.3
4499.5  610.2
5006.9  586.9
1477.6 1640.8
3748.8 772.08
5565.8 419.71
1391.2 1297.1
1527.3 1152.9
5009.2 586.26
1454.6 1615.1
1376.4 1721.6
1308.1 1742.1
4081.9 268.95
4349.9 309.78
  4949 924.75
1374.2 1682.8
5032.2 574.32
6471.5 2519.1
5749.8 481.75
4096.4 270.85
1939.6 1306.7
6470.9 2521.1
  4152 3483.7
5470.3 750.64
6503.2 2515.8
3343.1    957
5035.1 579.63
1144.8 1639.5
5035.8 541.56
  5406 743.58
5051.9 798.39
4904.8 1063.9
  4192 3455.9
6383.1 2316.3
1139.3 1638.5
5064.3 815.79
1139.8 1638.2
4916 3725
5564.6 385.59
6471.4 2531.7
4819.8 1041.5
  5248 673.69
  4681 3796.7
6579.4 2432.8
4886.9 817.04
5006.2 1049.8
4054.2 271.03
4487.8   3569
4298.7 3659.7
5373.8  949.7
3940.9 769.98
5528.9 459.83
5048.7 557.51
4209.6 791.85
  5044 823.32
2208.6   1038
1747.7 1451.7
5243.9 316.87
1455.2 1232.9
5599.1 563.37
4546.7 3618.5
6482.2 2516.9
4114.3 3678.7
1940.7 3987.4
1388.3 1284.5
  4284 3657.3
6531.4 2437.7
846.06   2678
  5534 452.06
6577.6 2315.4
4407.1 772.44
1414.7   1258
5459.6 495.78
5487.5  463.3
4927.2  860.2
4041.7 3692.6
1442.5 1249.8
  4527 3617.1
1154.7 1598.2
5093.9  718.7
4486.6 3841.9
5075.7 3787.5
5278.5 3698.6
1558.7 1106.7
4336.9 307.01
5249.2 650.61
5364.7 974.09
5168.2 1122.1
1418.5 1308.9
1452.5 1203.2
1385.7 883.35
  4741 4256.9
5525.8 820.03
915.4  2687
913.43 2683.1
4167.5 3475.2
5447.6 498.05
4754.7 3566.5
1392.5   1282
1191.1 1586.7
4758.2 3566.8
5364.4 974.88
4759.2 3566.6
4752.6   3778
1828.7   1404
3962.7 543.14
  1150 1611.9
4553.9   3949
6568.4 2520.1
5557.5 535.64
4833.5 888.23
1751.8   1344
6553.3 2296.4
6567.1   2452
4123.4 773.16
4865.5 3600.9
1619.7 1028.1
5487.3 451.92
5574.3 545.42
  5925 2335.4
5375.1 955.02
6565.6 2452.7
4748.5 3785.7
5488.9 440.23
1450.5 1247.6
1784.4 1362.3
4241.1 4006.6
4243 4011
3775.4 713.94
4103.8 4026.4
6490.7 2459.9
5020.4 558.93
6586.4 2336.2
4239.4 833.28
1154.7 2900.7
5562.1 368.51
1465.5 1227.8
1875.2 1312.4
6541.9 2370.3
4028.5 3754.9
4564.2 3620.9
4791.7 3566.6
1006.2 1540.5
4793.4   3619
  5376 736.51
4160.8 3616.4
  5115 1100.8
1138.5 1663.3
4655.2   4155
1827.2 1338.6
5378.4  459.3
1122.9 1633.8
1446.3 1219.4
912.23 2660.4
4818.8 3550.2
4098.1 3621.2
  5162 778.45
5185.7 3376.9
4095.9 4019.4
4992.9   3816
6522.6 2487.2
6426.7 2591.9
1454.8 873.93
4112.6 798.15
6565.5 2284.7
3935.4 761.01
2207.3 4873.5
4268.6 3602.3
6538.3 2467.6
5377.8 942.42
6514.5 2302.2
5351.1   3688
4911.4 761.19
6570.4 2426.9
4292.7 816.35
5149.6 3784.2
1178.7 1568.2
4458.4 847.49
6578.9 2420.3
3935.7 4030.6
3828.8 755.58
2762.8 901.28
1951.7   1266
892.27 2759.5
5230.7 3747.7
3724.1 4099.3
4564.2 3677.9
1739.8 3483.7
4626.3 3966.5
5420.4 3810.3
1438 1293
4001.8 3819.9
1435.6 1616.9
5256.7 756.49
4414.1 3992.8
4690.3 896.85
4001.7 3820.4
3338.7 924.67
1432.3 1311.7
4943.3 4186.1
4675.8 893.34
1094.6 1660.2
1778.3 1339.2
4903.5 949.79
6543.6 2350.9
5514.2  372.7
6543.6 2350.9
  4734 3900.8
  1513 1130.3
1737.9 1038.3
4479.4 592.95
4092.1 4015.5
4820.7 3551.2
5597.1 365.19
4633.2 896.16
1171.6   1628
4991.6 1230.4
4087.8   4075
  3759 4100.7
1473.5 798.92
3790.6 933.22
  4131 3731.3
  4306 304.32
1327.8 962.24
5243.8 660.63
  6529 2476.4
881.11   2701
6549.3 2261.7
3990.4 788.34
4749.7   3929
4119.2   4028
  6444 2556.9
3731.4 3754.1
6550.1 2370.5
5328.6 3169.3
2914.3 844.44
3837.6  781.8
1441.1 1291.3
1232.4   1659
  1375 1260.9
1741.7 1058.9
4895.9 3901.1
3734.7 3760.7
4812.9 3866.8
4282.2   4057
5302.1 792.66
6537.7 2427.3
4264.1 3999.1
4715.6 3895.5
5140.1 1057.4
1450.3 1287.2
5040.5   4678
5761.8 507.83
1463.8   3308
  4475 850.01
4806.5 4303.5
  6571 2387.4
1184.2 1608.5
3876.9 4165.5
4844.6 3873.8
6538.4 2442.5
4577.8 3667.4
1391.7 3333.8
1889.1 1303.2
5296.8 343.88
1519.9 3381.6
5065.6 791.63
1720.7 1392.8
1546.3 1155.3
1538.5 1107.5
  1581 3239.9
1340.2 1343.5
5248.7 713.41
874.25 2205.7
  5054 4698.1
2425.7 3755.6
5013.7 3559.2
4984.7 3899.5
4949.5 4427.7
1728.4 1067.8
6516.2 2292.5
4874.5 3872.5
4077.1   4086
5128.2 4167.7
4827.8 4044.9
6430.3   2139
1497.5 1569.3
930.27 2218.2
4924.1 3494.7
5095.5 1022.9
1559.2 1160.3
6532.9 2344.7
5129.2 3805.8
1149.8 1668.4
5511.9 718.86
4792.1 4300.1
5329.5 3669.2
1251.6   1457
  6433 2582.3
4796.9 993.45
4791.3 4299.5
6536.5 2386.3
4813.2 945.08
  4552 3692.8
4101.6 4060.1
1571.5 1178.1
4519.4 3933.3
4826.7 949.06
5006.2 987.45
  1407 1300.6
1800.7 1363.7
  4828 4048.6
6556.7 2454.6
5192.6 700.38
4642.6 3971.2
3760.2 784.82
5161.9   3788
4267.7 3991.7
1543.4 1153.3
1196.8 1597.5
4455.7 3697.7
6577.5   2394
6533.3 2283.9
4236.3 3797.5
5625.2 333.32
1785.2 1329.9
871.82 2216.7
3912.6 4042.4
4454.6 3969.8
1013.6 2797.6
6552.8 2389.1
4455.8 847.78
2998.4 973.63
6390.1 2637.2
5637.8 325.77
  5590 376.62
4007.9 4243.4
4884.6 4359.3
4777.7   4240
  4854 3871.1
1195.3 1597.8
6561.4 2061.9
6546.9 2440.3
3879.2 3664.5
3740.6   4243
5238.4   4174
4637.8 4360.2
5857.4 530.78
1988.9 4179.5
4881.7 3900.1
4911.2 974.56
3765.5 4050.9
6589.7 2616.3
3872.7 3764.3
5006.9 3852.1
3985.4 4225.7
6561.5 2244.2
5202.4 606.44
4646.4 4347.6
1426.8 1342.5
1468.6   1242
5256.4 647.12
874.38 2687.5
4005.1 3754.8
4727.5 3950.1
5125.8 3805.2
1136.6 1684.3
1417.4 1345.1
6394.3 2643.2
5813.4 596.69
5050.3 4696.6
4450.4 972.11
1489.7 3298.4
5041.2   4286
  2068 1091.2
1936.4 1267.8
4960.6 1055.3
4548.6 3672.4
1639.5 1077.2
1653.4   1343
4994.5   1223
4585.8 3938.5
1357.9   1483
6396.6 2643.8
4555.7 3674.2
1157.6 1577.5
5434.5 3757.4
5204.9 1068.6
2317.6 1107.9
1455.5 3321.2
4776.2 4234.8
4881.5 3899.8
4391.8 3610.6
4662.6 899.13
3911.1 3503.8
4951.5 944.63
1496.5 3224.4
908.05 2818.9
6456.1 2175.6
  2507 962.61
  5324 1121.9
6584.5 2380.4
4783.3 4282.3
3951.8 3612.7
5242.6 1203.1
2908.2 911.97
4922.1 767.25
1495.1 3285.8
1729.1  578.3
4287.8 3547.3
4573.1 3948.3
4753.6 977.37
4072.4 3881.2
4003.7 3732.5
4449.4 849.93
5182.6 710.72
5374.7 4405.7
4067.1 3603.6
  6457 2651.2
6541.6 2313.8
1669.5 3325.7
  1628 3516.1
4335.8 366.31
1709.5 595.56
5153.9 1009.8
5162.5 1050.8
4455.2 859.09
5855.1 522.91
6418.5 2842.9
1543.8 3239.1
889.72 2681.5
5695.3 604.44
  5216 678.85
  4205 3865.6
3940.1 4068.1
6495.6 2580.3
1244.9 1464.1
5249.4 4588.7
  1527 3281.8
6532.5 2328.6
2337.7 4017.4
6571.7 2404.5
4000.4 4206.6
4100.2 4561.4
1241.2 1548.3
3723.5 3667.6
  4470 3714.1
1169.4 2928.5
4085.5 3438.3
5250.2 635.07
  6523 2291.2
5619.1 3093.5
4986.7   1002
3995.2 698.24
  1740 568.92
4108.5 811.59
4628.2 3777.4
3987.1 802.59
4564.1   3567
6447.9 2658.4
4715.1 3919.9
1530.1 3247.9
5621.3 4051.6
5653.3 4203.2
1648.7 1344.2
1452.4 3329.5
1146.4   2920
4800.6 3494.4
6425.8 2159.9
3051.6 3683.2
6656.3 2302.1
4970.6 3524.4
1745.7 1024.2
 3986 541.8
4638.4 4331.9
4647.8 14.049
1186.8   1613
4246.5   4006
1225.1 1558.2
4636.1 4330.7
1609.2 1447.6
1374.1 3322.7
5691.9 514.89
4765.2 996.93
1681.9 1343.8
  5321 947.67
3942.9 4125.9
2995.3 983.16
1588.9 1056.3
5012.2 875.05
4805.3  892.1
1734.7 1055.8
5319.7 311.24
4111.6 4193.3
4763.5 3482.2
4674.8 4440.1
1436.1 2368.5
4757.7 3912.6
4671.3   4066
1742.4 1048.3
5854.1 674.69
6315.3 1329.7
  5394 361.69
1164.7 1631.5
5022.7 3845.2
4972.5 942.62
1664.7 1344.1
4831.5  957.6
4970.4 1231.2
4295.5 840.73
  1936 3438.4
3455.6 869.53
4666.4 4041.4
4170.1 808.09
5564.1 469.68
  4942 3501.7
1419.8 1294.8
4061.1 3625.8
6410.5 2151.4
3460 3687
3736.9 718.33
5386.1 820.59
6554.7 2374.2
4755.7 3917.5
1130.7 1666.5
874.66 2755.5
3886.3 4179.7
1710.4 1456.9
1486.5 825.23
5200.7 725.39
6571.6 2378.1
3938.4 4132.3
3999.1 4140.3
4412.5 793.61
4069.1 3422.5
3666.9 4155.6
6553.6 2320.6
5419.8 1130.8
1590.8 2351.1
3943.2 4124.5
3756.1 4664.5
6456.5 2546.5
6467.6 2630.4
4094.5 4573.7
6563.6 2271.6
6548.2 2389.7
3385.1 809.81
1423.7 1318.7
6576.2 2372.2
1484.3 2362.8
  4212 4095.7
4929.7 4362.6
4349.1 3458.7
3221.9 940.88
5084.1 4681.3
5360.8   1252
5002.4 3432.9
4385.9 3461.8
  6411 2658.4
1297.3 1731.6
1321.6 1431.5
3855.9 4723.7
6603.4 2366.3
2426.6 1109.5
5158.3 1111.5
5824.1  553.1
6402.3 2648.2
5180.2 3781.2
  4717 3710.7
4796.2 3525.7
3801.2 865.86
  3984 714.69
4427.2 3561.9
5218.2 3744.7
5499.2  289.8
5135.9 3780.1
  5204 3844.3
4977.4 3479.4
1988.1 1240.8
1778.8 3379.1
6415.6 2151.4
4467.3 4049.1
1467.5 1482.6
4343.6 274.64
4590.4 3498.9
3654.3 3590.7
4094.9 798.33
5100.8 3782.6
2715.3 1131.9
5350.6 1258.1
4377.2  878.9
4890.6 3874.1
  3438 917.98
6434.8 2117.6
