4125.65 3381.45
1925.14  1438.7
2266.49 1114.11
 5647.1 546.495
 4777.3 978.312
4898.64 659.893
4779.02 978.118
3961.82 651.846
4928.2 1280.5
6456.74 2277.33
5148.92 781.271
5358.83 836.786
1227.87 1695.25
3609.61  899.53
1628.13 1210.94
1547.25 1714.32
4125.73  3395.2
5288.03 1243.38
4984.42 894.899
4857.74  847.68
 988.61 2665.65
  4148 3387.1
4450.24 721.147
4936.53 686.032
1590.92 1682.74
3744.16 885.647
5494.21 497.015
1494.02 1349.16
1627.31 1213.44
4938.77 685.329
1567.15 1657.63
1490.28 1757.91
1421.16 1776.13
4059.83 389.038
4313.56 426.196
4871.79 1017.92
1487.23  1720.7
4961.43 672.807
6367.16 2516.74
5677.44 550.767
4073.54 390.787
2041.39 1373.92
6366.53 2518.67
4115.88 3405.05
5384.72 832.159
6400.82 2513.63
3366.77 1062.31
4964.07 677.977
1250.66 1673.59
4965.94 640.202
5321.36 827.553
4973.97 892.552
4826.52 1152.88
4152.77 3379.28
6274.13 2321.93
1244.92 1672.49
4985.47 909.192
1245.44 1672.21
4834.81 3641.64
5494.65 462.433
6367.09 2528.87
4746.02 1133.06
5168.47 764.093
4613.25 3705.96
6482.16 2433.58
4814.82 914.926
4923.78 1137.19
4033.58 391.407
4428.84 3487.77
4253.33 3571.43
5282.77 1030.65
3923.41 882.991
5455.25 539.345
4977.96 655.627
4174.54 902.032
4965.67 917.082
2296.19 1122.41
1856.16 1508.07
5177.9 407.15
1557.01 1288.87
5521.01 640.388
4484.51 3535.08
6378.51 2514.65
4082.08 3587.99
2031.72 3907.26
1490.65 1336.82
4239.62 3569.04
6430.81 2438.35
946.934  2670.1
5460.73  531.26
6480.58 2320.11
 4360.3 880.794
1516.67 1311.93
5384.36 578.658
5413.64 544.725
4852.41 955.896
4014.82 3600.69
1544.68 1304.88
4466.04 3533.53
1259.85 1633.92
5016.88 813.331
4430.93 3746.24
4988.83 3704.63
5182.61 3624.06
1657.41 1169.48
4301.25 423.646
5170.43 741.231
5273.11 1054.66
   5078 1202.95
1522.2 1361.5
1553.26 1259.87
1472.31 942.716
4679.07 4151.78
5437.23 898.533
1020.46 2678.22
1018.41 2674.48
4130.19 3397.19
 5372.3 581.456
4679.37 3488.66
1494.85 1334.53
1297.24 1623.77
4682.68    3489
5272.79 1055.44
4683.62 3488.82
4680.63 3689.29
1934.93 1464.37
3945.14 661.988
1255.34 1647.04
4495.75 3849.65
6470.43 2517.93
5480.49 614.409
4762.17 985.175
1857.56 1404.99
6454.66 2301.88
6468.97 2452.14
4093.99  884.79
4784.68 3522.85
1716.03 1094.86
5413.95 533.253
 5496.9 623.481
5803.22 2341.94
5283.88 1035.79
6467.36 2452.81
4676.87 3696.57
5416.08 521.375
1552.73 1303.01
1890.26 1423.38
4202.86 3900.92
4204.68 3905.17
3769.08 829.341
4074.73  3918.7
6387.47 2459.76
4950.46 657.919
6489.92 2340.18
4202.02  941.71
1268.25  2880.7
5492.97 445.181
1567.29 1284.26
1978.42 1377.81
6442.14 2373.29
 4002.9 3659.47
4500.94 3537.56
4714.31 3489.28
1102.94 1573.62
4716.69 3538.87
5292.02 821.653
4124.83  3529.6
5027.18 1183.74
1244.72 1696.43
4595.18 4050.44
1931.87 1401.73
5305.14 545.428
1227.76 1667.51
1547.52 1275.43
1017.31 2652.64
4739.69 3474.18
4066.72 3533.73
5081.21 869.896
5086.59 3316.28
4067.31 3911.91
4910.04 3730.16
6421.43 2486.09
6320.02 2586.62
1542.73 936.443
4083.67  909.03
6467.79  2290.5
3918.32 874.348
2260.34 4786.43
4224.85  3517.1
6438.17 2467.19
5286.92 1023.44
6413.21  2307.7
5252.97 3615.65
4839.67 859.917
6472.52 2427.89
4252.18 924.774
5059.91 3703.14
1283.91 1605.54
4407.52 952.628
6481.64  2421.5
3918.01 3921.68
3818.83 869.527
2822.4 1002.3
2052.23 1335.22
995.295 2748.28
5137.44 3670.02
3721.09 3987.14
4501.64 3591.45
1847.79  3426.5
4564.36 3867.62
5323.98 3735.27
1541.52  1346.7
3978.45 3720.93
1547.99 1658.92
5174.22 845.389
4364.85  3889.7
4625.81 996.379
3978.36  3721.4
3362.48 1031.35
1536.32 1364.66
4871.23  4087.4
4612.13 993.261
1198.96 1692.32
1883.65 1401.07
4827.68 1043.13
6444.03 2354.55
5444.59 451.767
6444.03 2354.55
4665.14 3806.41
1612.06  1190.9
1834.68 1108.94
 4431.5 704.584
4063.73 3908.14
 4741.5 3475.16
5528.45 440.056
4571.73 996.748
1278.15 1663.17
4906.1 1310.3
4060.17 3965.31
3753.61 3988.53
1558.48 862.742
3782.81 1040.46
4097.92 3637.77
4271.92 421.467
1416.19 1018.37
 5164.8 751.328
6428.25 2475.68
984.017 2691.99
 6450.6 2268.38
3969.53 900.447
4680.54 3833.77
4089.13 3920.35
6338.16 2553.04
3727.59 3657.82
6450.91 2373.46
5221.17 3122.82
2964.39  949.87
3826.96 894.835
1544.61 1345.15
1341.69 1694.59
1476.28 1313.41
1839.15 1129.14
4819.11 3809.84
3730.65 3664.07
4739.39 3775.26
4241.89 3949.83
5217.48 879.429
6437.54 2428.31
 4224.3 3893.96
4647.61    3801
5052.42 1141.39
1553.82 1341.46
4981.12 4581.01
5688.34 576.578
1576.18  3264.8
4423.12 954.812
4742.86 4199.13
6473.23 2389.72
1290.68 1644.66
3863.76 4051.42
4769.67 3782.58
6438.28 2442.97
4514.27 3581.68
1502.58 3291.27
1991.84 1369.33
 5229.1 432.321
1630.94 3334.02
4987.39 885.573
1827.99 1451.02
1646.58 1216.43
1637.04 1169.55
 1695.3 3197.21
1443.43 1392.58
5167.82 803.259
976.686 2214.84
 4995.1 4601.99
2507.17 3671.18
4924.97 3485.81
   4904 3810.22
4884.06 4326.06
1826.19 1137.36
6415.07 2298.33
4798.12 3781.92
4050.26 3975.82
 5049.4 4074.57
4757.19 3947.15
6325.23 2151.11
1609.34 1614.74
1036.12 2227.35
4838.64 3423.35
5010.24 1109.22
1659.76 1221.73
6432.62 2348.61
5040.74 3723.41
1256.58 1701.64
5427.26 799.125
4728.98 4195.43
5231.48  3597.1
1355.99 1499.95
6326.63 2577.42
4725.17 1087.38
 4728.2 4194.82
6436.33 2388.74
4741.64  1040.5
4490.38  3605.4
4072.94 3951.07
1672.74 1239.46
4463.02 3834.07
4754.41 1044.06
4925.19 1077.15
1510.24 1353.08
1906.38 1425.12
4757.46 3950.74
6457.83 2454.65
5113.44 792.258
4579.85 3872.42
3754.77 897.931
5071.87 3707.08
4227.59  3886.9
1643.59 1214.38
1303.42 1634.36
4400.22 3608.89
6480.18 2396.08
6433.36 2289.93
 4196.4 3701.29
5558.52 406.084
1890.23 1392.32
  974.2 2225.42
3896.55  3932.9
4402.59 3868.16
1122.75 2783.62
6453.74 2391.41
4405.07 952.946
3045.08 1075.16
6281.71 2629.95
5571.69 397.701
5520.71 452.054
3986.68 4127.72
4819.39 4256.27
4713.75 4136.07
4778.56 3780.17
1301.88 1634.61
6465.69 2074.99
6447.36 2440.85
3864.21 3573.56
3736.64 4126.24
5156.94 4084.19
4582.89 4251.04
5784.93 594.856
2072.67 4094.13
4805.54 3808.58
 4834.5 1066.85
3759.59 3940.63
6493.68 2611.01
3858.48 3667.73
4924.23 3765.12
 3965.5 4110.36
6463.78 2251.38
5126.14  699.09
4590.82 4238.81
 1531.7 1394.34
1570.91 1298.16
5177.61 737.528
976.984 2679.03
3981.19 3659.26
4659.88 3853.64
5037.45 3722.75
1243.27 1716.66
1522.22 1396.57
6286.17 2635.74
 5736.5 663.714
4991.42 4600.32
4398.24 1072.58
1602.51 3255.01
4968.57 4188.36
 2161.2 1170.11
2037.31 1336.57
4879.99 1143.47
4486.94 3586.05
1737.65 1143.52
1759.76 1401.41
4909.01 1303.19
4525.66 3840.07
1465.69 1528.17
6288.59 2636.33
4493.62 3587.84
1262.29 1613.96
5336.33 3684.59
5114.81 1150.57
2402.78 1192.18
 1567.5 3277.64
4712.19 4130.94
4805.35 3808.29
4339.64 3525.98
4599.51 999.088
3893.24 3422.84
4873.73 1037.08
1610.93 3184.13
1011.33 2805.38
6352.14  2186.1
 2580.8 1056.57
5229.16 1198.86
6487.73 2382.92
4720.11 4177.71
3931.21 3525.07
5148.05 1278.91
2959.62 1014.84
4849.79 865.564
1608.22 3242.84
1807.68  653.93
4242.27 3465.56
4513.84 3849.27
4684.35 1072.75
4044.43 3779.62
3979.78 3638.17
4399.01 955.115
5103.36  802.76
5299.53 4319.21
 4037.9 3517.02
6352.39 2643.85
6442.05 2318.75
1781.67 3277.18
1735.83 3460.39
4299.21 482.915
1788.72 670.352
5066.94 1095.13
5074.22 1134.48
4404.34 963.867
5782.99     587
6313.62 2828.08
1658.1 3197.2
993.312 2673.13
5616.11 677.195
5136.99 770.264
4167.82 3765.77
3922.29 3957.73
6392.95 2575.77
 1349.3 1506.63
5183.07 4498.56
1640.36 3238.32
6432.27 2333.08
2417.09 3925.05
6473.94 2406.24
3979.41 4091.91
4076.28 4441.54
 1347.9 1588.01
3720.22 3576.21
4413.79 3624.59
1283.04 2907.11
4054.12 3362.28
5171.95 725.811
6422.33 2297.04
5503.56 3055.52
4906.16 1091.62
3974.59 813.176
1818.22 645.011
4079.72 922.034
4563.17 3686.77
3966.37 914.218
4500.21 3486.72
6342.81 2650.72
4647.57  3824.4
1644.19 3205.88
5530.9 3977.3
 5569.1 4128.65
 1755.1 1402.44
1564.17 3285.67
 1259.4 2899.31
 4721.7 3421.29
6320.26 2171.28
3097.43  3593.7
6565.43  2306.8
4883.31 3452.14
1841.97 1095.46
3967.02 660.517
4582.85 4223.17
4606.22 118.954
1293.49 1649.07
4207.91  3900.4
1331.58 1597.14
4580.63 4221.94
1718.39 1500.77
1484.96 3281.03
5616.94  587.21
4694.99 1091.32
1788.17 1402.96
5231.12 1030.28
 3925.2 4013.45
3042.29 1084.24
1686.06 1121.33
4933.68 968.229
 4735.2 989.516
1832.07 1125.89
5253.22 398.203
4083.42 4079.86
4686.54 3409.31
4620.07 4330.93
1557.98 2373.25
4687.83 3818.16
4608.74  3964.4
1839.49 1118.84
5774.25 740.117
 6223.7 1368.85
5324.88 446.147
1271.09 1666.37
4939.23 3758.84
 4893.9 1034.65
1771.05 1402.78
4758.81 1052.19
4885.84 1311.46
4254.52 948.265
2041.58 3378.93
3471.09 979.066
4603.64 3940.52
4137.38 918.109
5490.13 547.661
4855.75 3430.23
1523.07 1347.86
4032.45 3537.86
6304.21 2163.26
3476.47 3594.82
3733.12 833.657
5299.04 904.039
6455.81 2377.01
4686.02 3822.83
 1236.7 1699.33
976.646 2744.61
 3872.6 4065.21
1819.35 1512.16
1572.95 889.501
5120.54 816.617
 6473.9 2380.73
3921.03 4019.61
3977.76 4027.68
4365.08  901.22
4038.89 3347.46
3667.78 4041.46
6454.85 2325.25
5322.57 1204.86
1712.66 2357.22
3925.47  4012.1
3751.89 4542.42
6351.34 2543.07
6363.49 2623.89
4071.02 4453.74
6465.84 2277.85
6448.82    2392
3405.06 921.252
 1527.8 1371.17
6478.85 2375.02
1606.39 2367.98
4176.53 3986.38
4862.99 4260.82
4298.57 3382.97
3253.69 1046.04
5023.99 4586.03
5261.74 1322.96
4912.15 3366.23
4332.82 3386.17
6303.85 2650.46
 1409.9 1765.83
1427.11 1477.34
3846.48 4602.32
6508.07 2369.22
2507.11 1195.99
5068.69    1193
5749.64 619.186
6294.62  2640.6
5089.38 3700.98
 4645.9 3624.68
4717.98 3450.74
3792.81 975.873
3964.01 829.213
4372.19 3480.48
5125.27 3666.84
5433.55 367.975
 5046.6 3698.89
5113.96 3762.27
4889.06 3409.72
2087.16 1311.95
1888.66 3325.76
6309.59  2163.2
4415.67 3944.64
1576.93 1530.74
4308.18 391.066
4524.09 3422.94
3656.27 3503.92
4067.11  909.35
5012.86 3700.49
2781.25 1222.42
5251.65 1329.05
4330.72 984.029
 4813.5 3783.78
3454.91 1025.46
6330.23 2130.45
