4539.5 3375.7
2252.8 948.09
2252.8 948.09
4149.6 701.95
4539.5 3375.7
1771.5 1339.7
1488.2   1532
4149.6 701.95
1356.2   1667
2252.8 948.09
4913.5 882.61
3422.2 3378.3
3354.5  239.1
2536.4 850.75
  2616 909.04
2924.8 932.67
3038.3    916
4987.9 892.86
4915.3 882.39
4385.3 823.89
  2616 909.04
4915.3 882.39
1377.7 1216.4
5285.8 710.03
4034.1 516.14
2924.8 932.67
4021.7 514.64
2797.6 332.96
2252.8 948.09
3750.7 272.05
6544.6   2314
2620.9 814.04
1377.7 1216.4
4709.4 1093.1
3567.6 3413.9
2620.9 814.04
2620.9 814.04
4915.3 882.39
5310.9 702.27
874.64 2413.8
  2616 909.04
6544.6   2314
  2616 909.04
1332.4 1661.1
3139.5 3386.6
3354.5  239.1
4556.3 608.56
1128.5 1591.1
3759.5 865.19
4385.3 823.89
2924.8 932.67
3669.1 762.72
2924.8 932.67
3658.8 498.63
4135.6 191.45
3359.7 305.39
1535.8 1085.5
1946.8 1161.4
1451.6 1160.4
1391.3   1637
2190.3 981.09
1865.7 1317.8
4539.4 3389.5
3713.1 288.21
3946.4 3387.4
3691.4 215.06
3711.1 286.67
1730.5 925.51
  2216 949.89
1304.8 1586.1
5122.4 812.05
1728.5 929.35
3699.8 224.82
2588.5 670.93
2998.5 3386.3
4996.9 755.93
3139.5 3386.6
3711.1 286.67
2179.1 837.39
3699.8 224.82
863.53 2590.6
4563.4 3379.1
5324.4  350.8
2190.3 981.09
2908.8 583.75
4730.7 657.61
4021.7 514.64
2069.3 909.52
1279.2   1700
1451.9 1589.7
2895.2  585.8
  3709 750.03
  2293 192.72
1279.2   1700
4034.3 295.16
3047.6 284.79
  3709 750.03
4021.7 514.64
2190.3 981.09
3662.7 514.29
3662.7 514.29
3460.8  506.9
1399.8 1230.1
3759.5 865.19
1279.2   1700
1535.2 1088.4
951.39 2352.4
2588.8 671.11
1429.3 1566.3
1356.2   1667
  2732 360.85
2179.1 837.39
2732.1 361.18
1429.3 1566.3
854.15 2561.8
2880.1 601.23
2880.1 601.23
  3340 248.37
1279.2   1700
4567.6 613.06
1451.9 1589.7
1928.9 1247.7
1322.5 1658.9
3277.8 931.97
  3340 248.37
4012.5 246.22
4343.7 300.04
4628.1 372.99
3067.6 868.67
  2732 360.85
  5006 925.75
3343.3 306.95
4027.8 284.83
1728.5 929.35
4102.9 772.22
4973.8 3324.5
1466.8 1515.2
1352.8 1631.7
1928.9 1247.7
2570.3 675.33
3939.7 3645.5
  3682 265.98
1928.9 1247.7
2421.4 742.27
  3682 265.98
5267.6 691.75
3046.8 354.04
5111.5 597.65
  6444 2579.2
6445.6 2576.9
6421.5   1482
3529.6 824.13
4223.4 541.53
  3350 241.12
984.82 2026.8
2499.3 505.65
4358.5 303.28
4102.9 772.22
1928.9 1247.7
2588.6 65.858
2880.1 601.23
1637.5 1456.6
3695.1  222.4
3711.1 286.67
  6444 2579.2
1928.9 1247.7
3946.4 3387.4
2064.8 662.34
2067.5 697.02
3342.4 248.88
6569.2 2386.9
3668.7 498.11
3067.6 868.67
1928.9 1247.7
6473.9 2561.2
  3340 248.37
3667.7  519.6
4531.3 3400.2
1474.3   1152
2455.6 974.91
3663.4 514.97
1928.9 1247.7
3277.8 931.97
6481.1 2575.8
3702.1 255.53
4978.8 970.11
2068.8 692.57
1865.7 1317.8
1928.9 1247.7
3043.9 705.28
1928.9 1247.7
1928.9 1247.7
3277.8 931.97
3342.4 248.88
4294.3 3826.8
6443.6 2593.8
4432.1   4146
3694.3 230.96
1151.1 1568.2
877.12 2176.2
  4045 258.41
4316.3 300.46
3277.8 931.97
2770.4 364.87
2554.6 682.02
1865.7 1317.8
5111.5 808.05
1928.9 1247.7
4567.7 3371.1
3296.9  841.6
5042.4   1055
1145.5 1567.3
3277.8 931.97
1333.7 1277.8
  3345 222.52
872.96 2165.2
1474.3   1152
929.11 2200.9
4241.1 541.81
2466.4 993.74
4567.6 613.06
1146.2 1566.9
 3286 844.5
2236.7   1027
4831.1 3723.9
2224.1 942.86
 3286 844.5
4368.6 328.42
4539.4 3389.5
6443.6 2593.8
2065.6 661.89
2156.6 681.74
1193.3 1508.5
3357.5 247.16
3482.3  786.4
4884.3 1032.5
3277.8 931.97
4586.1 3779.4
901.49 2296.3
3058.1 273.55
4092.8 3848.4
  2834 924.26
4943.8 3613.1
4221.6 528.65
2922.8 853.96
  4371 332.77
2554.6 682.02
3170.7 774.75
3665.4 236.23
6568.8 2487.4
4567.6 613.06
2968.6 720.52
  5311 341.97
4992.5 754.53
1912.5 1294.9
4978.8 970.11
4831.1 3723.9
4949.1 821.96
5372.6  290.8
4700.7 935.36
2018 1175
  1580 1108.8
4316.3 300.46
2927.6 822.93
4164.6 3569.4
4586.1 3779.4
3278.8 892.49
  3358 849.39
2598.6 683.43
5053.8 3653.5
4620.3  805.8
5095.4 638.97
4164.6 3569.4
4612.9 391.22
2927.6 822.93
2971.8 752.56
4368.6 328.42
4206.9 3628.9
2371.4 1059.1
3846.5 744.92
 2242 564.8
2740.9 364.36
3702.7 257.37
4700.7 935.36
  3358 849.39
1864.1 3497.7
1605.7 3205.8
2725.8 344.74
955.15 2144.7
2469.3 995.12
  1739 1337.6
2112.6 1213.6
5128.6   1022
  1874 466.15
5100.9 832.15
2156.6 681.74
2281.8 956.11
1780.5 1365.4
4092.8 3848.4
  1739 1337.6
1464.5 1163.7
  1739 1337.6
1867.8 1147.2
854.11 2553.9
4460.5   3594
822.62 2230.3
6456.4   2576
3357.5 247.16
5561.7 438.64
2531.2 864.53
2498.8 474.02
1821.6 1341.8
4027.4 3636.6
4216.2 576.87
2371.4 1059.1
2917.9 817.47
4135.6 191.45
5482.7 469.36
955.15 2144.7
3702.1 255.53
2917.9 817.47
4192.6 3626.4
4978.8 970.11
  4685 872.67
4683.1 953.75
4192.6 3626.4
5448.1 432.21
6518.2 2489.6
4203.2 551.57
3939.2 265.66
  1739 1337.6
1161.9 1526.2
  1739 1337.6
834.23 2595.8
4924.6 567.06
3776.7 308.98
  2901 625.43
4924.6 567.06
3572.2 866.15
4924.6 567.06
1857.3 3318.1
6571.3 2357.9
4544.5 374.68
2179.1 969.64
2739.9 931.26
4620.3  805.8
3116.3 3396.8
5114.7 812.98
  2108 1217.1
2211.4 231.85
1426.1 1190.5
  1739 1337.6
5107.8  811.4
1469.6   1526
4989.2 862.06
4217.6 3632.6
1452.2 1181.9
3702.1 255.53
1804.4 1240.8
4281.4 3614.8
4673.3 3556.1
1161.9 1526.2
2635.4 884.93
5164.5 734.45
4135.6 191.45
901.49 2296.3
2886.1  861.2
4389.6 3813.1
4985.5 3789.5
4179.7 4082.7
5193.1 3713.5
  2834 924.26
4432.7 815.83
2655.5 828.87
4533.3 623.33
2281.8 956.11
  2834 924.26
3683.4 256.65
1568.6 1044.1
5308.9 674.29
3444.8 516.32
2188.9   1041
5087.5 1073.7
2823.6 837.01
4389.6 3813.1
1426.8 1240.6
2273.7 574.24
1463.3 1134.9
4179.7 4082.7
4049.9 527.71
4989.2 862.06
4213.8 573.03
2689.1 957.69
1821.6 1341.8
1124.4 1565.2
3463.2 747.13
4632.5 4249.3
3889.1 746.83
2078.1 675.57
3572.2 866.15
892.85 2607.1
891.01   2603
3444.8 516.32
4546.5 3391.7
2985.4 820.75
2137.7 55.498
2727.9 1016.2
1420.7 1496.3
2804.7 424.36
2815.5  997.1
  6545 2343.8
4675.4 3557.2
3354.5  239.1
1401.4 1215.5
5121.4 1024.4
1628.5 3373.4
1197.8 1516.3
5087.5 1073.7
  2519 1134.8
4678.4 3557.3
3235.2 806.29
1745.7 571.68
2236.9 221.85
1425.6 1240.7
3856.2 785.01
  2519 3964.2
  4661 3762.4
2194.5 1158.6
855.69 2534.4
2601.7 929.87
2074.6  894.5
1324.4 1646.5
3055.6 317.33
  3896 3581.6
4679.9 3556.8
5100.5 838.36
1821.6 1341.8
4197.2    548
2082.2 1094.1
1772.3 546.26
855.69 2534.4
4420.6  813.1
6237.2   1233
4454.4 3926.2
  1823 3312.6
2443.6 915.65
6562.6 2581.5
5487.2 475.93
4897.2 889.33
1866.1 1250.9
1788.7 1253.4
6544.9 2342.1
4897.2 889.33
1469.6   1526
4049.9 527.71
2689.1 957.69
865.04 2164.9
6554.4 2506.3
843.55 2213.9
1821.6 1341.8
2228.9 1024.3
  3358 849.39
4267.9 777.33
2652.1   37.8
2917.9 817.47
  3334 838.39
4566.7 3638.6
3752.8 906.13
  4517 900.74
3146.1 848.67
1933.1 1111.7
  1626 969.55
  3358 849.39
3040.5  832.8
3650.3 532.22
1124.4 1565.2
1324.4 1646.5
2420.5 22.398
861.93 2310.9
896.11 2220.4
2953.1 3558.4
6553.1 2506.9
4657.3 3767.8
1434.5 1530.5
1602.1 1040.3
3443.3 547.42
  3358 849.39
2175.8 223.61
4452.2 4146.6
1820.1 1274.1
1482.9 1547.1
  1460 1179.2
927.92   2153
834.23 2595.8
4876.3 962.91
  1460 1179.2
2175.8 223.61
  4981 3545.7
2477.5 1165.5
850.49 2223.6
1820.1 1274.1
3280.4 802.29
3530.9   3360
903.45 2257.1
1820.1 1274.1
2640.2 3509.1
861.93 2310.9
1383.3 3194.2
4688.6 1109.8
4135.5 3963.7
1450.2   1506
  4138 3969.4
1821.6 1341.8
3889.7 761.59
4001.6 701.83
3116.1 821.23
3441.9 549.64
1380.2 2865.2
5368.9 347.75
1383.3 3194.2
2559.1 3743.9
3045.9 273.63
2194.5 1158.6
3995.2 3976.8
1264.6 1701.9
1450.2   1506
  4026 4099.1
920.82 2163.4
1821.6 1341.8
1965.1 1194.4
3302.6 783.71
  6471 2511.4
4610.5   3904
6579.3 2371.5
4554.7 875.45
2757.4 889.88
896.11 2220.4
1680.7   1375
2064.6 886.57
1611.1 3463.4
4761.2 939.06
920.82 2163.4
1476.1 1162.1
1821.7 1277.4
6530.7 2419.8
3008.2 799.62
  3935 3705.9
4738.8 3544.7
2701.8 439.04
4738.8 3544.7
4476.9 3596.9
4907.9 3515.3
2216.8   1099
  3049 928.93
2234.1 189.44
4024.7 4028.5
2600.6 56.069
1821.7 1277.4
  3334 838.39
2194.5 1158.6
2216.8   1099
2200.4 572.21
4361.1 793.27
4712.4 3610.3
927.92   2153
  2654 894.99
3074.3 871.56
1716.2   1381
  1832 1016.5
2153.4 1125.4
2200.4 572.21
3905.9 3586.4
1195.7 1623.6
908.19 2202.4
946.31   2149
2806.9 909.33
938.33 2177.3
  3939 3392.1
4295.2 3957.9
  3358 849.39
1144.4 1592.8
4180.9 4209.8
1866.1 1250.9
 859.1 2190.9
1129.1 1619.2
1129.4   1563
1457.5   1151
  2834 924.26
890.51 2581.5
3654.9 541.61
  3334 838.39
2082.2 1094.1
6470.4   1622
4007.7 3578.7
4738.8 3544.7
834.53 2329.1
2768.8 863.27
940.31 2188.7
1717.2 1381.9
930.07 2160.7
  1520 3401.2
1805.6 1242.1
  1820 1274.5
4295.2 3957.9
5181.4 172.22
2953.1 3558.4
2600.6 56.069
1119.8 1367.3
4324.3 3548.3
3269.1 778.42
2192.6 213.23
5353.8 367.65
3987.6 3969.8
4806.2 3842.7
2706.7 930.79
2211.4 231.85
  3901 762.13
6506.3 2542.9
2992.2 3415.3
4203.2 551.57
920.82 2163.4
  6378 2665.4
2175.8 223.61
6495.3 2551.4
1417.2 1340.6
2829.8 849.38
4420.6  813.1
2743.4 3369.5
3344.7 317.13
2082.2 1094.1
3359.4 780.58
1502.4  777.9
4194.2 790.75
1423.1 1530.9
1624.1 3367.4
2991.5 823.97
1119.8 1367.3
4945 1007
6556.4 2329.7
2583.1 916.08
  4106 756.41
1228.8 1697.5
3186.9 787.43
  3840 735.08
3186.9 787.43
2768.8 863.27
4708.1 3609.3
2296.8 1010.4
3186.9 787.43
 936.7 2254.2
4640.3 3508.2
4901.1  949.5
3344.7 317.13
1641.6 1311.1
6524.2 2521.9
1799.2 1288.5
3708.2 732.02
1423.1 1530.9
2992.2 3415.3
  6508 2335.1
4815.5 3868.8
2768.8 863.27
1735.1 935.82
3304.9 838.05
2571.8  69.42
4977.4 766.26
  2834 924.26
3634.5 487.56
2602.1 912.09
3342.6 229.35
6559.8   2480
1557.2 1452.7
4537.7 848.88
2250.5 576.22
1873.6 200.45
3817.2   3975
5060.1 3789.1
3884.3 746.32
1713.6 911.69
1388.3 3198.4
3600.8 4039.6
5369.5 348.68
1185.2 1497.3
1345.4 1658.8
2914.1 817.86
1717.2 1381.9
4524.1  848.7
   887 2216.2
1274.3 1130.8
4666 3890
3483.9 765.51
4052.4 776.84
  2834 924.26
6569.3 2466.9
4601.2 844.92
3817.2   3975
2334.5 995.47
3186.9 787.43
4524.1  848.7
4973.8 759.49
3896.9 737.76
2768.8 863.27
1994.2 1178.3
864.74 2659.7
5146.8 3757.2
3602.2 4038.6
 936.7 2254.2
  1603 3463.3
6468.1 2361.7
3058.1 273.55
5168.9 730.29
4474.2 3653.7
3430.4 530.03
4518.5 3940.9
5127.6 3927.4
1445.5 1226.1
4201.6 3744.3
3269.6 908.28
3890.5  744.7
1410.7 1568.5
2226.9 4065.9
3846.8  761.6
2602.1 912.09
3719.4  741.6
4838.3 4188.4
2273.4 948.01
2648.3 817.88
3814.2 4038.2
4268.5 802.64
917.12 2255.8
3890.5  744.7
3188.9 812.89
3428.4 828.76
1799.2 1288.5
5036.4 3783.4
6515.9 2508.8
4434.6 815.52
  3358 849.39
3719.4  741.6
2757.7 868.96
4114.4 764.98
3901.2 3770.1
4852.8 977.41
3274.8  902.6
1439.6 1243.6
2055.6 662.22
4838.3 4188.4
4420.6  813.1
2706.7 930.79
4708.1 3609.3
1101.4   1591
864.74 2659.7
1815.5 1247.9
  4872 918.47
  6533 2399.9
5127.6 3927.4
2626.5 3498.5
3634.6  760.5
4205.4 768.59
4537.7 848.88
6533.2 2399.9
4044.6 506.54
3174.5 791.73
1644.6 1387.6
3912.5 3758.1
4633.3 3886.3
1522.3 1065.8
3615.5 4028.3
1736.2 978.27
4713.8 641.98
5353.8 367.65
1180.6 1750.7
2348.6 995.46
3592.7 3414.2
  2922 808.31
927.92   2153
940.31 2188.7
4630.4 3885.1
3906.4 3719.4
3983.9 3965.8
4740.1 3545.7
3702.4 205.95
4322.5 3940.7
4760.4 4059.8
  5568 423.48
1824.2 472.71
  4588 361.49
  4377 817.08
1345.4 1658.8
6636.9 2478.1
4165.4 3976.6
4630.4 3885.1
 860.9 2159.6
1783.9 505.73
4213.2 4000.7
1178.9 1556.8
4687.1 1124.3
4601.2 844.92
4106.6 756.59
1783.9 505.73
3976.5 4023.1
2250.9 179.92
1314.5 1686.5
  3635 4040.9
3649.5 763.42
1996 1180
2905.9 574.87
3740.9 3413.4
4014.4 3976.1
1731.7 370.86
945.13 2259.6
 936.7 2254.2
3752.8 906.13
  4301 3666.9
2914.1 817.86
3269.6 908.28
1360.4 2852.1
3719.4  741.6
1701.7 1393.3
3365.2 243.43
  4588 361.49
3900.6 779.04
1402.2 1572.5
882.61   2249
1314.9 3217.7
2484.2 930.51
1371.5 868.73
  2922 808.31
4192.6 3703.7
2706.7 930.79
1329.6 1672.4
892.83 2221.4
5302.5 682.15
3846.8  761.6
6512.6 2531.8
1823.9 1272.8
4953.8 3779.8
858.92 2612.7
6636.9 2478.1
883.21 2282.1
2149.4 3835.7
6540.7 2302.2
2249.6 214.09
4623.4 3882.1
867.65 2155.3
3896.9 737.76
869.93   2565
4052.2 775.08
3808.2 3986.5
905.74 2192.2
1330.2   1485
2953.1 3558.4
3269.6 908.28
840.95 2415.2
  2922 808.31
3615.5 4028.3
2729.1 3383.5
4014.4 3976.1
1731.7 370.86
6408.2   2620
3632.7 485.42
3628.8 3699.5
3469.4 537.84
3955.3 3382.4
  2922 808.31
3034.1 934.27
1261.3 1431.1
  1629 1014.9
3903.7 764.52
1447.6   1225
4033.5 4017.7
1234.7 1591.6
4623.4 3882.1
1384.7 1195.2
1751.7 1302.3
2018 1175
869.93   2565
2616.4 1021.3
6381.7 3047.9
1726.7 981.34
2114.2 3363.3
2064.6 886.57
1738.3 998.41
4800.7 3890.3
3633.8 3704.9
1631.6   1099
4719.1 3855.8
4170.4 4012.8
  3575 3431.1
3846.3 784.68
4048.3 4504.2
1751.7 1302.3
6525.1 2479.2
1288.6 1678.6
1314.7 3222.5
842.59 2287.7
2477.9   1171
4161.4   3952
2975.4 3357.6
4353.7 3983.4
3393.4 784.08
4062.4 3575.4
2473.6 934.47
4984.8 958.37
5280.4 360.68
4617.3 3880.2
2334.5 995.47
4487.9 3643.8
2995.7 802.59
1260.7 1738.2
2483.5 416.25
2341.1 972.66
3951.7  345.2
1456.7 1220.8
4670.6 881.19
1751.7 1302.3
4856.2 3840.2
2291.9 540.12
1817.4 1269.4
1848.8 1261.4
1402.2 1572.5
2188.5  722.9
  4872 918.47
1327.5 3145.3
4602.6 866.87
4993.3 787.42
1365.5 1605.3
  2264 618.53
4115.4 765.75
4694.1 4301.9
1589.9 3387.3
2937.9 882.12
4827.3 929.27
4164.2 3940.9
6560.8 2438.7
1190.2 1538.6
3701.3 4109.9
4991.9 3787.3
5016.9 3530.6
1409.1   3098
  3282 760.99
3060.5 303.63
6525.3 2494.9
4487.9 3643.8
1259.1 3164.7
  2476 1180.7
1923.9 241.59
2596.6   1121
1834.6 1268.7
5558.7 416.13
1314.7 3222.5
1421.8 3254.9
2753.4 871.62
3628.8 3699.5
888.23 2217.9
1521.2 1047.8
1260.6 1738.3
1751.7 1302.3
5378.1 347.04
1553.3 1092.5
  1547 1045.8
1426.1 3089.2
3269.6 908.28
1817.4 1269.4
  1348 1276.2
1823.9 1272.8
1738.1 885.09
4052.4 776.84
4875.2 3899.1
856.67 2085.6
3629.8 763.95
4206.2 3953.1
1311.7 1407.6
4984.8 958.37
836.94 2545.9
1624.1 3367.4
4984.8 958.37
3947.2 4536.3
  1205 1498.6
4127.4 3731.7
4339.6  933.9
865.59 2139.2
893.36 2228.9
836.94 2545.9
1199.7 1595.4
2123.7 1080.1
1362.9   3207
2436.6 1070.1
2114.2 3363.3
4195.1 4129.2
2703.5 377.94
1288.6 1509.1
2703.5 377.94
4931.3 3562.7
5255.3 87.801
905.74 2192.2
5035.4 3845.2
1738.1 368.89
4589.4    861
4844.1 3498.2
2978.5 3361.1
2602.2 907.26
  1307 3215.9
2194.5 1158.6
1726.4 1006.8
6505.1 2336.2
848.88 2205.6
1433.2 3015.9
3720.7 759.63
1562.3 1433.9
3473.8 539.89
2412.1 749.22
1404.9 1558.9
4198.4 3682.9
5035.3 3810.2
3045.9 273.63
3089.6 802.42
4371.9 3694.8
4782.5 3861.5
5293.9   4045
4617.3 3880.2
4464.7 3649.2
5238.7 3839.5
3344.7 317.13
  2651 893.45
3552.5 4527.3
1489.3 1556.2
6390.7 2136.6
869.33 2296.5
2701.4 372.45
2462.4 1127.3
1314.5 1686.5
1545.8 1463.4
2606.4 4292.7
1260.6 1738.3
4494.5 4425.1
4202.3 570.75
4694.1 4301.9
3591.9 3575.7
  4833 3581.2
918.46 2152.2
1652.3 1366.9
3035.1 931.39
  2073 659.11
4492.3   4432
4028.2 770.67
3274.8  902.6
1441.9 1516.7
3269.6 908.28
  1566 1097.3
4760.4 4059.8
  6522 2392.9
  1897 780.74
5035.3 3810.2
3558.9   4116
3629.8 763.95
3269.6 908.28
1155.5 1598.7
4679.9 4298.3
2596.6   1121
855.31 2317.3
1790.4 4402.2
888.05 2321.8
4801.9 3841.1
1260.5   1387
6388.5 2654.8
2670.8 943.12
2753.4 871.62
4931.3 3562.7
1435.1 3027.1
1806.3 1248.1
6421.1 3100.8
4678.6 4297.5
4206.7 518.36
1463.9 1331.7
1652.3 1366.9
  2922 808.31
4537.7 848.88
3034.1 934.27
  2110 4178.3
  1418 1493.1
2275.3 594.44
1260.6 1738.3
6524.6 2436.1
3031.3 285.98
3911.5 3683.4
4984.8 958.37
4969.1 973.88
4192.6 3703.7
858.65 2169.1
3993.8 4009.9
3038.3 937.64
4099.1  205.1
2228.4   1015
4806.2 3842.7
4542.8 3546.3
1578.7 1114.9
4412.6 3901.5
1863.1 1163.3
1726.7 981.34
4601.2 865.26
4984.8 958.37
  4833 3581.2
1415.3 1234.2
  4034 3441.5
3589.9 4048.2
1767.5 1292.1
1753.2 1326.9
906.57 2240.6
4984.8 958.37
4719.1 4035.6
6543.4 2509.4
  4021 773.27
1737.9   1003
4185.8 3553.9
5075.3 3794.7
1762.7 554.37
2475.3 926.77
3906.5 766.28
  3378 891.42
1864.9 1296.8
906.57 2240.6
2596.6   1121
896.39 2268.3
6537.1 2517.6
5072.3 3793.9
4162.8 3948.4
  1551 1090.5
1422.8 1504.8
4542.4 3547.4
1562.3 1433.9
2596.6   1121
2592.7 906.16
2434.9  710.4
1873.2 1179.2
1790.4 4402.2
4985.5 3544.1
1614.4 1225.8
4855.4 3600.3
4099.1  205.1
1203.8 1527.1
3591.9 3575.7
1915.2   1159
1726.1 1297.3
4618.4 3630.2
3031.3 285.98
3090.1 776.41
  2312 1009.7
6568.1 2446.3
3269.6 908.28
1567.1 1116.9
1674.6   1368
6523.2 2327.2
2596.6   1121
904.79 2186.6
2657.1 894.72
1823.9 1272.8
914.36 2270.4
4420.3 3718.5
4984.8 958.37
1583.9 3447.1
2226.4 642.74
898.56 2249.5
1722.1 1005.7
2356.5 980.02
1602.6 3378.8
1822.9   1239
863.12 2150.4
2815.5 973.01
2434.9  710.4
1481.2 1491.5
3792.6 3985.2
856.67 2085.6
4347.4 3938.7
958.34 2685.7
6541.9 2439.8
2703.5 377.94
4664.3 883.44
2603.8 47.197
  2817 916.74
2242.9 950.81
4801.9 3841.1
2933.7 951.25
  4049 773.18
6321.5 2725.7
3632.7 485.42
5378.1 347.04
3174.4 814.73
1278.6 1312.5
3874.1 4194.9
3982.1  250.7
4764.2 4365.7
4183.1 4002.4
4481.3 3906.1
2334.5 995.47
872.27 2342.8
  5036 982.12
5586.5 440.72
4588.4 4060.6
3589.9 4048.2
4269.5 4158.6
4511.1 3953.5
899.98 2230.1
1674.6   1368
  4419 4122.1
4668.5 4233.7
2596.6   1121
4757.5 3860.8
1202.1 1527.4
4345.2 3957.8
1701.7 1393.3
6541.1 2495.6
5263.7 3718.9
1737.9   1003
2330.6 1011.4
3421.7 496.93
1339.3 1437.9
4519.4 4351.9
2631.4 913.24
1416.6 1272.1
4681.7 3915.2
3038.3 937.64
4927.2 4300.6
  2109 4140.2
4706.6 1070.9
3038.3 937.64
3130.1 381.73
1434.7 1273.7
6534.5   2493
4546.7 966.85
1830.7 3295.3
  1504 793.92
4057.9   3601
3461.2 768.77
1294.3 876.12
3833.4 776.16
884.72 2316.4
3467.5 778.93
1248.4 1750.1
2755 3372
6528.9 2332.6
1873.2 1179.2
4144.6 3967.2
3704.6 217.39
3601.5 4180.1
6533.1 2380.8
6321.5 2725.7
864.33 2227.9
4664.3 883.44
1798.1 938.95
2115.2 1197.8
2753.4 871.62
2830.7  971.7
2742.4 911.17
4886.8 4234.8
  2073 452.81
4849.1 991.41
1863.1 1163.3
1205.1 1527.3
4521.1   3908
2966.7 3414.5
4786.5 3888.8
6321.5 2725.7
4597.2    664
2277.6 726.21
3033.3 668.17
1722.1 1005.7
4416.6 4097.6
4833.4 928.57
1758.3 567.24
4758.7 3511.7
5001.8 3784.9
854.69 2602.1
1929 1207
3269.6 908.28
1902.5 1214.9
2169.6 832.14
3630.4 4033.7
1395.6 1510.9
2228.4   1015
4569.7 3636.9
3644.2 3993.1
3649.5 763.42
1778.4   1347
3977.9   3444
3876.5 4070.8
2833.4 857.19
3903.4 3712.3
2244.7 1106.7
2685.2 1099.1
2429.5 1063.5
1264.9 2820.3
1527.1 3312.7
  4530 4339.6
  2817 916.74
2596.6   1121
4886.8 4234.8
2193.9 1090.9
  3771 3711.4
5614.1 4057.6
3636.3 876.52
5263.7 3718.9
3853.7 4174.4
2528.3 753.36
1610.1 3213.9
6553.4 2284.6
3336.2 219.39
2145.9 1007.8
  4530 4339.6
1434.7 1273.7
4099.1  205.1
6317.9 3032.8
1233.2   1069
1767.5 1292.1
1477.3 1176.3
3636.7 885.16
5016.9 3530.6
1420.7   3097
  3378 891.42
5314.8 671.03
5088.5  856.3
  3516 901.66
2657.1 894.72
2310.3  946.4
2688.2 819.42
2073.5 1274.6
854.69 2602.1
1658.6 3268.3
2755 3372
  1742 3306.7
857.05   2295
898.56 2249.5
5016.9 3530.6
2134.5 1005.3
3269.6 908.28
2195.6 203.64
3910.5   3705
2031.7 1227.7
4639.3 921.82
  2509 883.03
1576.2 3375.1
3457.5 497.13
5046.8 606.41
5131.4 3775.2
4649.7 3498.9
2242.9 950.81
5033.8 3809.3
2649.9 878.34
1264.9 2820.3
1674.9 3441.2
3168.5    708
1141.6 1614.9
4238.5 4124.8
4537.7 848.88
  3378 891.42
850.49 2223.6
1618.3 951.66
  2785 863.29
  2526 885.45
1141.6 1614.9
1775 3331
861.89   2270
4052.4 3412.9
4215.8 600.86
4849.1 991.41
4641.7 3925.4
1344.5 3137.2
1583.9 3447.1
3529.1 742.86
4992.5 4126.3
4758.7 3511.7
2051.1 662.02
1425.5 1276.1
2619.8 920.02
6324.6 2728.7
2683.8 834.31
2193.9 1090.9
4595.5 3632.6
1778.4   1347
6425.1 2178.2
910.11   2297
2742.4 911.17
4192.6 3703.7
2529.3 978.08
4634.5 996.41
1344.5 3137.2
3561.7 4079.5
2856.2 3358.1
2461.6   3835
4849.1 991.41
1422.8 1504.8
2828.1 833.84
1701.7 1393.3
4416.6 4097.6
1440.9 3129.3
  2904 856.09
4387.9 4107.7
1874.7 1235.8
1425.5 1276.1
4561.9 922.54
  4460 3647.9
1638.9 1277.6
1736.8 3307.6
1642.3 1016.7
3459.6 708.17
3168.5    708
4689.3 1116.2
4835.1 1037.3
  4222 3431.5
6541.1 2495.6
4023.7 4062.7
4670.7 811.96
4484.9 3915.3
  4166 832.03
2619.8 920.02
954.81   2220
1363.6 1415.4
6473.6 2274.6
859.54 2638.9
2821.9 973.15
1420.4 1522.1
2582.8 918.79
3095.6 3386.1
6330.3 2733.3
4599.2 850.49
2279.3 1133.2
2624.5 2205.8
  4466 3649.4
1164.6 1502.5
1583.9 3447.1
5144.3 3876.3
4023.7 4062.7
1817.4 1269.4
2316.5 1061.4
4849.1 991.41
4599.2 850.49
3460.5 2174.9
6532.5   2361
4667.6 4229.8
5144.3 3876.3
2474.9 434.52
4785.1 3888.2
4303.5 3578.6
3269.6 908.28
4577.7 338.45
4407.7 820.12
4182.2 3436.8
4583.3 862.71
  4737 530.38
4552.2   4432
1734.8 1268.5
  4981 986.24
4622.3  827.6
2845.2 889.71
2115.3   1004
3480.3 541.91
1620.8   3473
4751.2 3461.6
3459.6 708.17
2414.6 1084.2
1440.9 3129.3
1735.5 538.43
1440.9 3129.3
3561.7 4079.5
4611.9 3626.5
6425.1 2178.2
2596.6   1121
4566.4 4045.5
2568.7 902.52
1610.1 3213.9
1236.6 1770.9
3630.6 481.69
849.05 2585.9
5445.9 440.89
2596.6   1121
6576.2 2427.5
4671.6 4278.6
1136.8 1513.7
3868.6 3562.8
2675.7 3336.1
2845.3 889.89
4986.8 772.96
  1350 3127.4
1614.1 1423.1
1544.6 1424.7
3630.6 481.69
4588.9 3468.4
4240.1 663.13
  3502 765.49
2121.3 249.21
5095.8 1064.2
4470.1 3923.1
2731.7 3358.4
  5141 4228.4
2547.6 828.33
5095.8 1064.2
2818.8 966.01
3480.3 541.91
3972.6 3831.7
1799.8 3332.9
6473.6 2274.6
3911.5 3683.4
  5141 4228.4
1620.8   3473
4515.5 851.34
2975.3 834.83
1927.8 781.39
4668.8 3909.9
1587.9 3454.2
2686.2   3387
1632.4 1386.3
5241.3 724.82
4552.2   4432
3960.6 331.94
2014.1   1108
2850.1 854.73
1906.5    777
4201.3 3431.7
2903.9 934.96
3985.7 3556.2
1359.9 2847.9
  4537 835.38
4758.7 3511.7
5263.7 3718.9
6532.2 2360.8
1533.1 3192.3
1929 1207
3561.7 4079.5
1511.4 3393.2
2828.1 833.84
3447.9 814.59
2915.6 3349.3
2755 3372
866.25 2310.7
2547.6 828.33
1863.1 1163.3
4345.2 362.44
1236.6 1770.9
4516.8 3423.1
  4217 558.06
4142.9 3964.8
4181.8 829.82
 853.8 2245.9
4879.4 927.64
2753.9 305.71
4718.1   3517
1799.8 3332.9
6520.7 2372.6
4519.6 859.84
  3109 803.36
2216.2 3627.7
2414.6 1084.2
1392.5 3086.8
2581.7 927.85
1587.9 3454.2
4461.1 924.03
1851.3 3295.1
 943.7 2263.1
904.81 2174.9
4601.8 3891.7
4790.6 3470.9
1392.5 3086.8
4238.5 4124.8
2618.6 1030.3
867.48 2597.2
3031.3 285.98
3686.2 687.36
4545.9 4438.3
6461.2 2589.4
4401.3 3790.9
1583.9 3447.1
1456.3 1527.1
3035.1 931.39
1544.6 1424.7
4144.6 3967.2
4883.9 4208.9
1799.8 3332.9
4178.1 791.68
2529.3 978.08
1632.4 1386.3
  1494 3169.7
3815.2 4012.2
3748.6 4073.4
3330.4  239.4
1260.5   1387
6467.9 2649.2
1840.7 1279.3
  5146 4238.3
1253.7 1394.6
1375.6 3124.1
3619.4 4079.9
2519.4 489.54
6520.7 2372.6
1951.7 1108.3
5355.1 412.28
2429.5 1063.5
1951.7 1108.3
4017.2 766.32
4605.6 872.19
1119.5 1662.2
2884.2 3369.7
2842.9 865.28
1490.7 780.97
3113.9 382.85
2466.2 805.24
2602.2 907.26
1525.7 3183.1
  1748 525.61
  1926 1279.2
856.49 2337.7
6560.9 2456.9
3869.3 4155.2
4588.9 3468.4
3952.4 4524.5
2903.9 934.96
2414.6 1084.2
3060.5 303.63
3983.3 255.29
1248.2 1476.5
2700.6 799.38
3628.2 3615.2
1816.2 3326.6
2219.6 1082.3
4376.8 3686.8
2666.5 3308.9
2169.6 832.14
1853.5   1242
2814.9 975.49
4462.4   3357
3746.6 214.35
835.27 2361.9
1136.8 1513.7
5309.4 658.18
3037.6  317.8
4445.3 764.72
6512.6 2335.4
4487.6 3371.6
  2713 888.45
3447.9 814.59
4583.3 862.71
4494.3 3990.2
1775 3331
2666.8 1104.2
1579.8 3376.5
1601.2   3269
2675.7 3336.1
3037.6  920.5
4886.3 3969.7
4217  701
1662.2   1278
1353.6 1590.8
4189.7 804.06
1774.9 505.77
3531.2 775.85
4534.5 3760.4
4050.3 789.26
4699.6 3509.2
5431.3 429.19
1876.4 1182.1
1511.4 3393.2
1959.2 1282.3
2830.2 863.63
4613.4 3904.6
2745.5 423.21
4051.2 493.82
1951.7 1108.3
4671.6 4278.6
1379.3 3093.6
1183.6   1085
4049.6 497.22
  1643 1277.9
1468.1 1466.7
2170.4 3369.2
3561.7 4079.5
2979.7 891.57
6413.7 1434.1
4901.8   3451
2602.5 3375.7
6654.6 2336.5
4552.2   4432
4061.6 758.85
1610.1 3213.9
2026.7 1221.2
2923.2 936.28
2903.9 934.96
2884.2 3369.7
6383.2 2158.2
3330.3 771.36
4758.7 3511.7
1766.3 508.86
  1467 3172.7
6654.6 2336.5
2833.4 857.19
  4690 3573.9
3410.4 524.41
4017.2 766.32
1745.4  963.9
4025.7 523.91
  2714 995.05
1359.5 1343.6
4886.5 4210.1
4524.4 4323.2
4524.4 4323.2
1601.2   3269
6541.4 2468.7
4511.3 3545.2
1193 1543
2223.6 212.53
4407.6 810.41
4140.2 3963.2
  1643 3462.5
  1467 3172.7
2193.9 1090.9
4843.5 4221.2
2666.5 3308.9
1231.5 1486.3
1581.6 3308.8
  4222 3431.5
2163.1  159.8
4883.9 4208.9
1636.9 1357.7
5388.1 353.52
3561.7 4079.5
2406.1 4476.2
5105.1 13.382
1884.8 771.73
4149.6 4585.5
3416.9  616.4
4834.5  988.1
1294.5 1469.5
848.63 2329.4
1449.8 747.26
2330.7 1110.9
1678.5   1276
1353.5 1546.9
2979.7 891.57
3531.9  803.3
1766.3 508.86
3805.1 4070.9
3044.3 941.89
1374.5 1571.4
3286.1 832.47
  2790 882.22
1593.8  996.8
1799.8 3332.9
4401.3 3790.9
4538.4 851.65
1552.3 3203.5
1119.7 1554.2
2493.1 1180.7
4449.8 782.13
4603.4 3309.1
1732.5 994.55
1340.8 1617.7
3980.8 4145.5
4687.2   3473
848.33 2284.7
4397.6 4478.2
4924.7 3823.1
4545.9 4438.3
1790.5 3336.5
4843.5 4221.2
1679.7 2300.6
4204.9 515.85
4852.8 977.41
2166.2  265.1
3911.4 3701.7
4345.2 3957.8
4068.3 779.25
2979.7 891.57
5124.1 3867.4
1799.8 3332.9
4181.8 829.82
  1739 987.39
855.58 2337.4
4190.4 4029.6
1581.7 1123.5
2304.4 1073.7
4872.9 896.17
4321.5    937
1552.3 3203.5
1747.3 1287.3
3420.5 677.71
  3931 3414.5
1171.6 1559.8
2304.4 1073.7
1368.4 1593.4
4008.8 4150.9
4504.9 4321.6
957.74 2180.3
2685.2 1099.1
2414.6 1084.2
4376.8 3686.8
4024.7 274.94
4445.3 764.72
4506 4320
4506 4320
1662.2   1278
3046.9 676.14
4601.8 3891.7
4499.5 3710.9
6563.8 2173.4
4665.4 1126.4
4695.5 3903.8
4271.3 823.51
1799.8 3332.9
1880.8   1242
4321.5    937
  3526 829.93
3616.9 3940.2
3864.9 784.02
4852.6 3940.7
4141.2 789.72
5218.6 3838.4
3374.6 791.34
4070.7 3612.4
4861.1 3502.8
1790.5 3336.5
2850.1 854.73
2223.6 212.53
4908.8   3566
1601.2   3269
2610.2 4016.8
  5146 4238.3
4506 4320
876.34 2176.4
1428.5 1227.4
2660.9 900.16
4866.1 876.97
3338.3 230.34
1340.8 1617.7
1250.3 3273.2
835.27 2361.9
3977.9   3581
3445.6 514.67
3827.3 774.09
3868.6 3562.8
4671.6 4278.6
4217  701
2939.5 847.35
6364.7 2148.1
2815.5 973.01
2903.9 934.96
1801.5 481.55
3999.1 272.31
 3963 707.2
  1722 3312.7
1729.7 1001.3
  1786 1065.1
2149.4 3835.7
2903.9 934.96
3473.8 539.89
1273.1 2833.8
2223.6 212.53
4550.9  852.8
4407.6 810.41
6543.9 2424.1
2414.8 3931.9
3954.2 4068.7
1957.6 1197.3
4343.1 3962.1
4822.6 3584.6
  3001 848.89
4189.3 4031.9
4506 4320
  4464 3953.5
3321.7 798.65
2649.9 878.34
1790.5 3336.5
1799.8 3332.9
1137.5 1596.2
849.74 2655.3
4157.6 3823.9
1843.8 3332.2
3712.7 4123.2
869.95 2265.8
1739.5 1372.3
1227.9 1677.2
4552.2   4432
3099.2 3389.1
3393.3 835.02
4025.7 523.91
3889.2 4084.5
3865.3 766.14
1164.6 1502.5
5253.7 742.93
6562.5 2428.6
2657.1 894.72
3037.6  317.8
4133.4 4052.2
1378.7 1639.3
4023.7 4062.7
856.49 2337.7
4370.3 3752.3
1702.1 1290.1
2903.9 934.96
  2785 863.29
4373.6 3418.8
3285.4  993.2
  4530 4339.6
4622.1 827.55
5044.3 3785.7
5017.5   1088
4444.6 3342.6
3523.7 4092.3
3423.1 812.85
2414.6 1084.2
6545.3 2368.6
849.74 2655.3
 3411 808.4
897.52 1582.7
4092.3 3736.2
4187.7 3932.3
4613.8 3904.4
3473.8 539.89
3748.4 4072.2
3426.6 810.89
1555.7 1502.8
6424.3 2608.8
  3298 822.94
3052.7 936.71
4702.5 3958.5
2979.7 891.57
2354.4 77.245
  2333 1088.4
  1722 3312.7
6439.6 2691.4
4370.3 3752.3
2519.4 489.54
2216.2 3627.7
2170.4 3369.2
4008.8 4150.9
4105.7 303.31
4494.3 3990.2
4337.7 3523.8
2780.6 857.53
2989.1    863
4419.5 4121.9
3531.9  803.3
3947.2 4536.3
1853.5   1242
3617.8 981.32
2860.2 843.06
4494.3 3990.2
3044.3 941.89
  2957 866.84
6554.8   2315
2241.2 171.56
6537.3   2440
6580.5 2049.2
856.49 2337.7
1726.5 3332.9
3531.2 775.85
2414.6 1084.2
2928.4 2184.1
2909.2 901.45
1431.2 1249.8
3121.1 1014.1
6567.1 2412.7
  4894 4224.9
  3566 810.14
2162.7 2235.1
4012.6 499.92
1587.4   2301
4027.6 4056.1
3447.9 814.59
2304.4 1073.7
1841.5 472.49
2461.6   3835
4728.4 3378.4
1600.5 3231.6
  4088 4360.8
1677.9 1420.2
2706.1 1093.6
4811.5 4372.5
4687.2   3473
4683.5   4275
3387.4 896.44
2714.2 884.16
4268.7 3427.6
  4222 3431.5
4038.9 2171.1
3160.4 918.12
4932.6 3879.3
4673.7 3492.3
4520.8   4035
4728.4 3378.4
4121.6 537.53
2731.7 3358.4
3561.7 4079.5
4718.1   3517
  4164 3929.2
1309.9 1646.9
1424.2 2328.4
4450.3 3787.6
4321.5    937
3601.3   3567
4373.6 3418.8
1330.8 1360.4
3387.4 896.44
4122.9 777.19
3044.3 941.89
  2957 866.84
4649.4 3498.8
1428.5 1227.4
3548.5 803.02
4668.8 3909.9
3365.9 3914.5
6602.9 2411.4
3865.2 893.51
2474.1 3639.9
3452.2 773.01
3546.4  803.9
3969.3 4053.4
3946.5 4564.5
2429.5 1063.5
1548.6 2307.9
4777.1 3927.8
1581.7 1123.5
4494.3 3990.2
4986.3 1027.4
  2790 882.22
4520.8   4035
1600.5 3231.6
4866.1 876.97
6336.1 2738.9
2414.6 1084.2
918.46 2152.2
4061.6 758.85
3423.1 812.85
3113.2 3441.4
2026.7 1221.2
1577.7 2307.2
5116.3 3867.5
1799.3 4265.6
5089.7 3790.9
6566.4 2425.3
4515.5 851.34
  4864 3637.9
6390.7 2136.6
4718.1   3517
4724.1 3937.1
  4460 3630.5
2501.6 1171.4
3619.4 4079.9
4497.5 3557.9
3760.1 841.48
3054.8 264.51
1726.5 3332.9
  4049 773.18
4494.3 3990.2
4420.8   3332
  4200 722.09
4865.5 3960.3
4029.2 4074.4
1548.6 2307.9
4724.1 3937.1
4494 3513
4244.1 3803.7
5135.7 3753.7
5116.3 3867.5
4030.9  533.7
2471.8 979.54
3772.1   3762
2026.7 1221.2
4272.5 3425.2
1234.7 1490.1
5976.7 3257.4
933.64 2270.8
  1722 3312.7
4499.5 4344.9
2399.7 3297.8
2025.4 646.67
  2790 882.22
6493.6   2663
3039.3 311.16
  1369 2868.9
4143.8 3995.9
3889.2 4084.5
3832.7 4086.1
4228.1 4110.9
4370.3 3752.3
5044.3 3785.7
1381.9 3145.7
1545.9 1142.4
5044.3 3785.7
4132.2 3972.9
  2713 888.45
3532.9 534.64
4896.1   3484
848.63 2329.4
2721 2202
1923.3 1209.7
1665.1 3280.7
2281.9   1112
4049.6 497.22
4010.1 3978.9
  6372 2148.3
4724.1 3937.1
4419.5 4121.9
1189.6 1797.8
2223.9 1032.7
3469.4 537.84
2414.6 1084.2
2851.7 841.08
2907.5 3353.3
1766.3 508.86
4802.9   3593
4723.1   3447
3796.7 3532.6
3889.2 4084.5
1245.3 2833.2
2766.3 897.96
3426.6 810.89
4987.2 3923.6
3786.8 322.35
1882.1 1177.9
4105.7 303.31
3616.3 906.72
4728.4 3378.4
3974.8 770.46
5012.8 3785.8
4055.5 2171.8
4190.4 4029.6
2829.6 1072.7
1219.3 3249.7
2851.7 841.08
1726.5 3332.9
1799.3 4265.6
3469.4 537.84
3426.6 810.89
2267.7 1085.8
5043.2 3784.7
2618.6 1030.3
1189.7 1532.3
2026.7 1221.2
1354 2863
2766.3 897.96
3387.4 896.44
878.52 2195.2
4037.2 3615.6
5096.9   3579
4082.4 4049.6
