4475.24 3306.94
1916.5   1379
2336.61 1036.63
5374.41 314.493
4838.76 977.948
4507.97 508.025
4840.49 977.693
4000.77 633.564
4640.44  1184.4
6445.26 2318.92
5203.85 799.559
5089.13 668.002
1232.44 1626.33
3669.83  876.65
1633.52 1147.96
1503.57 1677.17
4475.27 3319.85
4767.36 1031.26
5041.79 903.919
4922.05 852.558
966.08 2585.7
 4497.6 3310.34
4669.18 762.916
4549.19 534.582
1563.83 1633.22
3707.06 864.373
5153.28  251.99
1500.54 1284.26
1633.02 1150.77
4551.23 533.271
1540.41 1610.22
1468.57 1705.15
1390.69 1735.11
4307.83 416.546
4577.72 483.673
4926.47 1017.53
 1464.3 1671.19
5037.74 693.409
6339.92 2572.28
5411.95  308.92
4321.86 419.534
2029.46 1317.09
6338.24 2574.49
4467.81 3329.78
4111.66 310.435
6377.53 2571.37
3305.76 1037.93
4579.79 521.473
1255.29 1604.78
 4574.7 482.021
4574.21 482.463
5031.35 900.323
4541.53 1053.49
4501.54  3302.9
1415.11 2298.53
1249.45 1603.75
5042.55 917.875
1250.17 1603.38
4754.09 3639.08
5153.74 215.985
6337.88 2588.53
 4807.6 1123.16
4838.09  595.26
4523.57 3688.07
 6470.8 2486.33
4874.35 918.204
4634.95 1033.31
4281.77 417.431
4128.06 3485.45
4167.72 3541.68
4649.44 758.589
3835.38 859.159
5125.35 303.215
4594.07 496.402
5042.19 1107.54
5020.41  924.14
2364.79 1045.14
1886.49 1426.25
 4769.4 187.483
1564.07 1221.78
5243.25  429.78
4403.59 3511.03
6351.35 2571.46
4001.29 3547.86
3068.07 3536.25
1497.57 1272.28
4154.42 3539.22
6416.75  2488.4
934.855 2590.86
5124.42 294.905
6473.64 2361.21
4561.14 909.618
1525.97 1246.57
5052.34 361.418
5079.65  320.72
4911.88 956.191
4177.68 3545.24
1552.22  1239.1
4602.57 3477.76
 1265.3 1564.38
5084.99  826.66
4339.69 3717.64
 4902.4 3704.62
5100.28 3636.36
1665.15 1108.66
4829.46 570.335
5228.19 762.571
4645.79 789.325
5001.33 1158.33
1528.41 1295.41
1561.83 1193.62
1491.04  884.07
 4575.5 4141.99
5187.34 733.977
 997.12 2601.45
995.191 2597.51
4481.93 3321.97
 5043.3 364.482
4604.56 3478.83
1501.67 1270.09
1302.21 1555.83
4607.38 3478.96
4646.27 793.381
4608.14 3479.16
4593.85 3672.98
1926.44 1404.66
4165.59 664.627
1261.16 1578.51
4401.81 3826.36
6464.43 2577.23
5412.78  557.47
   4823 984.831
1891.65 1318.86
6445.45 2346.05
6455.42 2504.57
4229.37 887.348
 4503.5 3554.31
1720.21 1037.73
5078.22 312.172
4707.15 156.657
1732.88 2313.69
4650.65  763.85
6454.03 2505.14
4590.45 3678.06
   5076 293.808
1560.05 1236.74
1923.22 1339.63
4103.82 3858.84
 4106.2 3864.31
3980.56  816.62
3973.15 3870.42
6366.62 2509.33
4562.54 502.751
6482.17 2374.33
4497.89 978.107
1159.15 2743.71
5147.14  194.63
1575.79 1220.63
1924.88 1342.84
6430.08 2421.08
   3916 3612.76
4418.95 3513.93
4823.57 3442.55
6353.47 2084.67
 4640.1 3529.46
 4543.2 487.185
3888.68 3500.22
4855.98 1105.58
1249.01 1628.41
4148.55 4096.55
1967.91 1318.54
4950.31 331.724
1232.59 1599.13
1556.51 1209.14
994.763 2576.81
4843.84 3428.05
3982.79 3493.36
4775.82 717.474
4276.22 3466.79
3966.04 3863.68
4732.57 3752.04
6404.19 2539.76
6269.18 2656.95
1587.04 843.125
4160.12 901.126
 6457.8 2334.03
4077.85 868.736
2475.44 4544.13
4570.98 3432.25
 6423.2 2519.56
5036.52 892.098
6406.12 2339.46
 4741.9 3777.22
4902.99 863.174
6461.16 2479.18
4482.27 952.738
4973.88 3705.82
1288.61 1537.04
4469.44 952.784
6471.32 2466.53
3807.53 3867.98
3882.47 852.034
2827.42  965.74
2091.54 1252.07
966.953  2652.3
5056.59 3677.17
 3607.6 3928.81
4417.04  3567.5
1726.04 3317.05
4467.64 3840.85
5042.16 3840.56
1546.93 1281.93
4163.65 3650.58
1521.62 1611.88
4858.85 684.126
4951.02 3699.85
4385.58 922.095
3884.91 3673.31
3302.75 1009.76
1541.52 1298.76
4770.51 4087.01
4372.43 919.958
1204.21 1625.49
1917.98  1314.3
4798.27 1013.58
6432.56 2401.87
5225.62 287.587
6432.78 2401.87
4569.65  3790.8
1619.14  1128.2
1830.92 1050.28
4653.4 747.97
3962.57 3859.83
4665.32 3468.83
 5206.9 158.291
4331.35 924.412
 1283.8 1594.51
4618.87 1214.52
3955.99 3914.69
3638.12 3930.98
1575.05 806.504
3747.71 1014.59
4255.53 3578.24
4539.61 473.119
1457.03 927.539
5221.62 770.569
6410.86 2529.08
961.063 2607.03
6441.15 2307.55
4027.37 887.222
4289.67 3871.33
3991.03 3869.86
6300.66 2613.54
3632.64 3606.27
6439.26 2420.97
3933.69 3309.67
2971.11 915.072
3888.71 877.892
1549.03 1280.93
1342.37 1629.66
 1483.9 1249.69
1833.71 1070.04
4728.24 3797.57
3637.26 3611.36
4650.24 3763.03
4136.82  3906.2
4906.97 727.808
6424.09 2478.38
4127.89 3847.86
4554.45 3784.71
4607.42 981.629
1558.13 1277.15
4868.84 4605.94
5432.72 345.711
1441.45 3111.91
4543.3 969.02
4635.31 4194.89
6462.23 2439.29
1294.99 1577.21
3699.85 3997.34
4908.48 3702.65
6424.32 2493.52
4429.74  3558.3
1371.12 3131.91
1937.37 1334.82
4870.44 225.854
1534.93 3214.88
 4662.1 751.039
1856.36 1364.92
1651.45 1155.43
1643.39 1109.53
1542.54 3056.49
1449.19 1327.39
4843.83 643.377
966.816 2150.59
5066.81 4533.82
2773.27 3494.81
4846.54 3487.74
4951.41 3759.12
4385.83 4442.68
1822.14 1077.82
6403.03 2340.53
4710.42 3769.61
3943.46 3924.79
5207.09 3959.53
5147.48 3758.53
6283.51 2149.23
1655.29 1514.32
1023.03  2163.7
4762.86 3424.72
 4717.7 993.626
1664.44 1160.57
6420.85 2395.15
4950.54 3725.51
1260.69 1634.42
5168.06 624.567
4621.68 4191.04
4728.46 3750.43
1362.99 1432.28
6280.14 2646.85
4671.44 1043.83
4620.43 4190.22
6423.55 2436.81
4889.92 1064.91
4154.97 3612.12
3972.03 3902.12
1677.85 1178.18
4362.27  3802.2
   4542 967.489
4905.33 1049.58
1516.48 1288.79
 1858.5 1388.61
4653.53 3935.92
6443.66 2507.54
4766.53 629.954
4988.61 3711.53
3891.31 879.581
4985.71 3710.69
4129.74 3845.86
1649.06 1153.39
1308.72 1566.46
4551.92 3547.02
6470.04 2446.63
6422.35 2331.77
4367.35  3628.2
5220.49 141.833
1925.04 1305.93
964.313 2161.38
3784.68 3877.68
4301.62 3836.99
1065.79 2676.63
6442.01 2440.37
4601.41 983.917
2984.12  1052.9
6210.49 2714.37
5233.01 131.883
5199.32 171.957
3861.26 4079.89
4703.87 4259.43
4609.43 4127.47
 4686.7 3768.49
1306.98  1566.7
 6468.4 2094.62
6434.13  2491.7
4029.36 3514.53
3606.73 4065.23
4750.66 4230.27
4818.18 4133.65
5547.09 358.845
3630.69 3611.09
4714.72 3795.86
4761.22 1024.16
3646.71 3885.14
6480.65 2701.85
 3764.2 3617.54
5168.74 3643.17
3842.13 4059.95
6454.83 2290.48
4783.16 530.936
4479.88 4228.54
1537.54 1327.85
1578.63 1231.93
5234.11 759.136
 956.62 2596.83
3893.31 3611.83
5042.15 3694.08
4949.09 3724.62
 1246.7 1649.72
1528.26 1329.88
6213.75 2717.27
5495.86  443.74
5063.03 4532.45
4571.26 1093.12
1458.93 3103.83
4858.82 4199.46
2228.75  1090.4
1975.97 1304.25
4503.92 1023.35
 4403.7 3561.86
1738.33 1084.53
1753.28 1336.98
4621.07 1206.77
4430.32 3816.34
1469.56    1463
6219.75 2721.73
4409.32 3563.34
1267.41 1541.47
5057.01 3791.63
4481.83 939.704
2400.69 1147.51
1434.44 3120.47
4608.49 4123.64
4713.38 3795.26
4257.12 3495.09
4360.19 926.927
4143.58 3361.37
4562.64 930.701
1556.77 3094.46
976.899 2692.44
6319.34  2188.9
2638.34 999.876
4953.95 1071.31
6478.73 2428.46
4613.34 4171.52
3854.15 3477.98
5010.03 1209.28
2900.07 992.661
4911.86 869.471
1464.71 3094.35
1857.61 575.569
4522.35 3394.27
4416.52 3823.61
5009.54    1149
3951.39 3731.99
3894.16 3591.46
4461.28  955.47
 5160.2 814.742
4859.56 4528.81
3962.35 3472.16
6299.01 2735.32
6431.82 2364.15
 1648.3 3152.79
1622.11 3345.35
4308.2  478.9
1839.07 591.257
4795.94 977.223
4805.13 1022.28
4465.02  963.61
5545.17 350.941
2844.72 3438.81
1508.59 3054.79
970.246 2592.04
5340.59 450.876
4802.03 608.886
4350.38 3696.66
3805.76  3903.6
6363.93 2641.99
1356.22 1439.45
4897.14 4621.61
1490.78 3090.71
6419.51 2375.57
1915.98  3889.1
6462.33 2456.87
3856.63 4041.43
3936.47 4403.56
1353.07 1518.74
3632.14 3526.94
4326.39 3597.75
1169.13 2766.24
4403.18  3288.8
5229.26 746.608
6411.02 2339.72
4426.78 3302.65
4525.12 965.334
4182.46 813.896
1850.43 583.094
4155.77 914.028
4474.82  3669.3
4025.49 900.935
4626.71 3433.91
6285.94 2744.14
4551.16 3808.01
1495.09 3061.51
5451.48 4007.05
5488.22 4171.55
1747.54 1338.36
1431.53 3128.09
1153.34 2759.59
4816.84 3381.81
 6275.4 2170.08
3816.04 3354.76
6563.41 2340.16
4618.51 3494.77
1839.59 1036.54
4004.45 642.648
4817.26 4109.43
4782.76 171.399
1298.01 1581.55
4108.2 3858.4
1336.14 1527.74
4814.73 4108.19
1743.69 1415.11
1362.49 3122.97
5346.14 361.164
4761.05 1081.49
 1782.9 1337.55
 4997.1 911.036
 3796.5 3959.93
3087.71 1045.28
1688.81 1063.25
4624.97 845.353
 4400.4 889.549
 1827.8 1066.06
4954.29  220.63
3960.7 4032.6
4614.61  3399.7
4496.97 4326.28
1800.57 2309.99
4299.78 3855.26
5037.29 3782.55
1834.03 1059.29
5571.52 540.763
3632.76 436.261
4891.19 191.185
1276.32 1597.21
4852.33 3753.06
4951.45 1032.91
1766.71 1339.01
4385.73 936.923
4598.36 1216.86
4232.03 931.934
1910.28 3281.37
3536.54 941.242
4778.63 3847.05
 4110.5 900.638
5156.33 308.313
4779.02 3430.06
1529.69 1282.62
3955.23 3495.39
6256.08 2160.56
4269.45 3329.82
3944.41 822.073
4585.78 588.416
6444.16 2425.21
4297.86 3859.36
1241.93 1631.52
951.024 2648.17
3710.48 4010.18
1846.11 1431.84
1582.26 836.655
5171.73 832.155
6464.05 2429.54
4000.24 3953.01
3798.78 3977.94
4562.45 930.656
4386.49 3275.22
3534.37 3980.61
6445.78 2371.64
4396.93 876.406
1801.85 2308.77
 3743.7 3961.08
3593.77 4494.37
6317.58 2602.86
6334.29 2682.42
3931.65 4415.25
6456.16 2319.84
 6437.1 2440.56
3541.23 889.116
1533.19 1304.51
   6469 2414.17
1709.12 2310.02
4003.83 3946.69
4749.43 4267.37
4223.69 3353.31
3196.07 1023.69
4479.47 4775.14
 5004.9 1206.52
4602.16 3417.69
4652.24 3311.39
6236.88 2739.93
1420.89 1684.79
1434.34 1408.69
3694.75 4568.06
6507.42 2412.86
2508.95 1151.97
 4905.2 1116.09
5510.92 389.304
6225.87 2727.16
5002.37  3708.2
4783.86  3557.9
4644.22 3441.49
3754.59 952.519
4166.27 834.568
4434.06 3435.17
5045.81 3673.57
5054.61 106.544
4958.65 3702.22
5238.79 3680.48
4811.91 3412.83
2022.99 1280.43
1778.22  3234.4
6263.74 2160.67
4656.41 3841.08
1310.84 1471.25
4572.37 451.566
4648.05  3375.7
 3787.7 3449.55
3955.07 883.268
4928.46 3701.64
2887.97 1167.65
4914.87 1188.44
4523.87 1004.59
4957.57 3701.24
3407.69 1004.57
6292.77 2122.58
