1794.6 1338.3
2634.5 336.97
2074.5 743.43
1153.6 1549.5
1454.3 1430.5
1956.1 1182.3
2733.4 919.13
2052.1    730
1466.3 1427.5
1119.4 1600.1
919.88 2086.9
  1083 1667.3
2351.6 3587.1
1068.4 1657.9
1398.8   1252
1552.3 1424.7
1437.5 1228.1
2070.6 748.62
1092.4 1938.3
1695.8 993.78
1045.5 1722.8
1341.5 1610.8
6436.2 2793.1
1136.6 1682.1
1420.5 1584.7
1493.4 1113.7
1057.3 1936.2
1065.9 1687.3
  1444 1174.2
2533.5 121.95
6434.7 2797.6
2247.7 601.39
2083.4 694.98
6433.8 2809.2
  1168 1529.3
1869.1 798.61
1091.8 1446.2
1685.4 986.49
  1231 1441.4
  1213 1237.5
891.57 2081.3
  1813 1067.4
2312.1 590.99
6451.6 2790.5
958.03 2038.1
1102.1   1583
1111.2 1649.5
2778.5 3611.6
  1522 1412.2
6572.1 2527.8
1202.1 1240.4
1220 1709
982.65 2004.9
2021.4   3970
 986.6 2024.7
1946.8 4155.5
1230.5 1430.5
949.03 2082.1
6336.7 2904.9
1090.8 1667.4
1900.3 3576.2
1227.3   1233
2180.8 208.67
6562.6 2539.1
2477.8 138.73
2610.2 98.371
1199.4 1239.2
1240.1   1707
6548.5 2497.9
2620.3 98.931
1038.7 1742.3
1365.3   1011
1378.7 1598.5
3038.5 3744.9
1046.6 1715.1
6575.2 2619.6
898.84 2092.5
 888.8 2164.5
1230.8 1232.2
6542.8 2619.8
1352.5 1280.5
1219.5 1251.2
1090.3 1925.6
6386.2   2838
6525.7 2520.1
1106.1 1639.9
6466.8 2798.6
1057.6 1694.4
  2512 3537.8
1480.3 802.29
6505.4 2751.8
1251.9 3001.6
6515.2 2751.4
1031.9 1782.5
1063.8 1725.5
917.39   2097
1807.3 1082.3
2194.7   3778
6466.1 2426.1
1152.9 1574.7
1168.9 1486.3
  1462 929.39
1168.7 1495.7
954.82 2125.2
927.48 2075.4
1083.4 1691.3
  1030 1604.6
1052.5 1727.6
1534.9 1398.3
1388.8 818.46
1449.3 791.74
1287.2 1675.2
1798.3 1278.5
6547.4 2599.4
1309.9 1334.4
1040.5 1947.9
  6576 2600.7
6521.9 2531.8
6572.2 2641.1
1252.6 1556.2
2333.4 3476.6
1243.1 1715.3
2880.9 3975.5
1856.7 1272.8
1507.5 1446.2
1227.8 1730.2
1235.7 1450.8
1079.2 1627.8
1072.5   1922
6232.8 3190.7
 937.5 2125.3
1072.7 1723.4
1190.2 1136.2
1227.2 1418.6
866.94 2094.3
2335.7 178.31
2704.3 3979.6
2885.9 4031.5
6543.6 2726.3
2720.7 3977.7
1123.1 1636.3
1250.9 1723.3
1394.9   1225
6533.6 2681.5
2694.7 3968.3
  6533 2697.4
6560.4 2497.2
  2059 713.19
1055.6 1699.1
912.28 2094.2
1453.4 1435.2
972.84 1971.7
1210.9 1216.7
2464.5 107.48
1460.7 1174.4
2257.9 597.25
1175.3 1557.8
6502.4   2744
6535.9 2636.6
1516.4 1410.4
1207.1   1513
2740.2 911.88
6247.6 2987.5
6553.4 2641.4
904.23 2037.1
6541.3 2523.1
2042.2 715.07
895.96 2153.1
1166.4 1552.3
2050.2 4112.5
1112.3 1685.7
1487.5 1425.1
6447.4   2398
966.74 1994.3
1094.3   1688
1209.6 1669.7
6536.3 2591.2
2834.2 4010.9
909.36 2174.7
  6571 2660.1
6540.3 2538.1
1190.7 1526.6
917.67 2163.2
907.79 2169.2
1185.1 1482.4
2140.4 3706.9
6536.8 2633.5
904.93   2153
1055.7 1736.4
1735.8 1278.4
 888.7 2130.4
3021.2 884.57
2032.9 1142.7
6574.4 2631.2
1162.9 1576.3
1497.2 4037.9
6542.5 2696.9
901.49 2049.5
2046.1 703.42
  1031 1609.1
1189.7 1694.5
1449.8 760.78
1800.3 1063.1
 974.3 2094.7
1955.7 4388.7
2644.3 341.63
6548.5 2579.6
1377.9 923.05
1103.5 1812.5
1059.4 1680.1
1235.9 1677.2
959.61 1994.9
  1461 820.82
1390.8 863.11
1512.9   3985
892.27 2136.3
6413.4 2931.5
1887.4 1218.5
1407.3 849.12
6406.3 2829.9
1153.3 1801.7
1453.9 781.08
6548.8 2558.5
1163.3 1566.1
5969.5 3566.2
1594.9 4135.1
  1172 1607.1
891.65 2033.8
6542.9 2491.4
  1155 1584.9
1269.4 1390.1
1425.8  763.8
1181.2 1232.3
1228.4 1701.5
2049.1   4046
2435 3581
  6526 2851.3
6561.3 2567.2
6411.3 2847.5
1254.5 1461.6
  1689 1326.4
6313.3 2983.6
2799.7 1015.2
6467.7 2411.6
1242.8 1764.3
1124.8 1672.9
874.72   2078
6411.5   2804
6563.4   2615
1000.5 2043.8
6539.3 2505.9
1851.6 1331.9
1720.7 1306.3
5636.2   4319
6556.5 2625.2
6391.7 2855.9
2448.7 112.87
6191.2 3087.5
  1312 1083.5
1929.6 3081.5
1399.9 842.13
1854.7 1265.3
