2971.6 826.77
863.53 2590.6
2313.8   3318
  3340 248.37
896.34 2207.2
854.15 2561.8
875.26 2645.3
864.23 2623.4
  2910 583.75
6445.6 2576.9
877.93 2628.6
1090.1 1965.1
6443.1 2583.6
3657.2 3413.5
6443.6 2593.8
4420.8   3706
2587.7 816.72
2315.2 3301.3
854.11 2553.9
5925.8 985.51
863.68 2571.2
   866 2203.4
1038.2 1950.3
1054.5   1971
6456.4   2576
945.63 2133.9
3907.4 3388.3
2655.5 828.87
6556.4 2329.7
886.69 2638.8
903.09 1906.9
4204.1 3729.7
977.77   2084
984.16 2107.4
3019.5   3622
1282.7 945.08
3658.3 838.54
983.72 2037.1
891.01   2603
  6378 2665.4
880.18 1898.4
892.85 2607.1
1055.2 1940.5
889.13 1913.2
6544.9 2342.1
845.95 2577.3
6529.6 2303.4
2463.8   3476
4082.6 3411.2
6561.9 2417.8
870.74 2217.6
1047.1 2757.7
861.93 2310.9
  1345 1270.4
1722.2  602.1
4090.9 3425.8
6530.7 2419.8
5990.1 3183.5
1133.3 1952.5
  6407 2617.2
6508.2 2324.7
6473.2   2582
6101.5 2923.1
  5964 3165.9
890.51 2581.5
856.26 2670.1
1499.7 735.39
6504.5 2542.7
6513.2 2541.5
3584.3 3414.3
892.83 2221.4
6454.7   2244
6447.6 1826.7
1768.5 611.08
5917.1  974.5
1060.2 2791.5
985.83 1998.1
972.72 2691.9
1763.4  558.6
905.74 2192.2
2464.9 740.42
1470.5 723.68
1468.2 1122.1
6533.2 2399.9
  1069 1979.3
6561.7 2390.4
6505.1 2336.2
6560.8 2438.7
885.46   2054
6088.1 2942.8
2648.3 817.88
864.13   2660
1521.2 1047.8
1109.4 1946.7
1524.3 608.64
6106.9 2925.6
852.49 2225.7
6537.1 2517.6
1217.1 2948.5
875.23 2572.7
6525.1 2479.2
6280.2 2995.5
6525.3 2494.9
6540.7 2302.2
1097.1 1305.5
888.23 2217.9
957.05 2055.2
6061.8 2963.7
942.04 2796.2
6500.5 2535.4
6064.9 2963.9
1245.4 1047.9
6524.6 2436.1
6321.5 2725.7
6541.9 2439.8
880.37 2140.9
6523.1 2327.1
869.93   2565
998.51 2760.8
1409.7 3277.3
6436.8   2220
959.28 2069.9
  6522 2392.9
864.17 2763.3
6186.8 2860.1
1070.9 1919.4
6560.9 2456.9
6076.1 2962.4
6522.6 2341.8
1145.3 2915.4
1279.6   1119
2384 4273
  6525 2437.7
6502.8 1919.4
889.32 2629.2
1062.9 2954.1
861.89   2270
  1004 3276.7
1143.3 2939.3
6562.5 2428.6
980.56 2781.7
958.34 2685.7
854.69 2602.1
6534.5   2493
878.42 2158.8
 867.6 2741.7
867.48 2597.2
887.95 1978.2
1057.8   2780
6533.5 2380.9
1404.1 847.48
2749.6 4025.2
 947.3 2072.2
1174.2 1526.1
966.52 3033.5
872.85 2791.9
1465.1 770.72
965.65 2688.5
1399.4 809.78
865.39 2277.5
1955.1 202.22
1074.7 2856.3
2830.8 1068.9
  5971 3182.9
6444.1 2682.5
1420.5 790.66
6424.3 2608.8
1474.7 712.59
6532.2 2360.8
2616.6 903.74
1195.9 2944.2
6364.7 2148.1
996.16 2703.3
1268.1 2826.4
  6470 2736.9
1058.8 2769.3
6523.8 2297.5
1037.6 1883.2
5663.3 3651.2
877.14 2772.6
1066.8   2785
  6126 2950.8
937.21 3057.1
6532.6 2620.8
6545.3 2368.6
6430.1 2623.9
6374.7 2718.5
6458.4 2231.7
6365.5 2097.5
1069.1 2940.5
848.88 2205.6
922.98   2056
1551.2 2306.8
6424.3 2588.6
1042.6 2772.9
6550.3 2413.7
4834.9 3349.3
1360.3 2843.8
6019.1 3062.5
6520.6 2311.3
1375.6 3124.1
6132.9 2962.2
   961 2821.7
6080.5 3764.1
6543.9 2424.1
6413.1 2632.9
6297.3 2797.6
1082.6 2897.5
1413.4 782.06
  2790 882.22
1245.3 2833.2
