1648.49 1251.68
2561.21 188.426
1960.85 622.203
1014.56 1499.61
 1307.1 1362.68
1819.04 1081.03
2645.86 777.009
1938.69 609.752
1318.92 1359.02
980.462 1553.66
781.816 2068.44
 943.92 1625.06
2225.96 3694.08
930.707 1615.82
1261.68 1179.63
 1403.3 1352.48
1300.28 1152.96
 1956.6 627.676
944.269 1908.66
1565.87 898.027
907.098 1684.28
1190.72  1556.3
6575.17  2810.1
993.433 1638.54
1268.08 1525.93
1360.54 1032.14
911.618 1907.33
927.288 1646.54
1309.38 1097.03
 2465.74 -15.9993
6573.73 2814.84
2146.05 469.768
1972.49 572.644
6572.71 2827.02
1028.93    1478
1749.69 689.319
 961.49 1395.36
1555.95 891.121
1092.23 1383.91
1085.48 1174.52
756.165  2063.1
1679.14 967.838
2213.19 456.132
6589.25 2807.11
817.651 2016.55
965.014 1536.58
970.875 1605.44
2685.21 3731.19
1374.04 1340.63
6700.71 2530.99
1075.07 1178.08
1071.14  1663.8
840.971 1981.21
1896.65 4083.88
844.176 2001.89
1830.34  4269.7
1092.26 1372.62
808.541 2062.87
6481.57 2929.38
951.177 1624.87
1755.86 3667.11
1099.19 1169.12
2099.57  86.912
6692.17 2542.84
2407.33 2.90095
 2546.39 -42.2647
1072.6   1177
1090.29 1661.01
6679.66 2499.82
 2556.85 -42.1975
900.125 1704.86
1243.02 934.662
1227.06    1542
2971.63 3879.26
908.389 1676.21
6702.92 2626.82
 762.56 2074.69
 752.25 2150.24
1102.54 1168.11
6673.89  2627.3
1215.73 1211.42
1090.85 1188.21
942.625 1895.35
6528.58  2858.1
6659.09  2523.1
966.481 1595.63
6602.94 2815.34
919.328 1654.24
2395.63 3645.58
1366.65 716.849
6638.65 2765.75
1095.58 3036.73
 6647.5 2765.18
892.491 1747.04
923.971 1686.46
779.362 2079.06
1672.68 983.549
2067.44 3891.27
6605.24 2424.61
1012.86 1525.86
1031.65  1433.3
1340.86 846.009
1031.05 1443.06
813.091    2108
788.965 2056.25
943.408 1650.07
897.274 1561.96
913.415 1689.04
1387.29 1325.52
1277.86  739.17
1337.54 708.361
1136.31 1625.96
1654.69 1188.63
6678.18 2605.94
1172.29 1269.28
895.732 1920.03
6703.79 2607.09
6655.63 2535.37
6700.05 2649.28
1107.78 1502.52
2203.52 3575.03
1092.87 1669.64
2804.56 4120.66
1714.01 1180.21
1358.4 1376.9
1077.83 1685.81
1096.25 1393.45
941.902 1584.08
926.118 1892.02
6376.76 3232.13
797.233 2108.39
932.312 1683.95
1069.86 1072.41
1089.69 1360.44
733.604 2077.16
2259.13 48.5764
2614.22 4120.26
2811.33 4179.44
6673.42 2738.55
2631.78 4118.75
  982.5 1591.23
1100.03 1677.79
1259.31 1151.96
   6665 2691.88
2603.58 4108.15
6664.27 2708.51
6690.33 2499.06
1946.61  592.36
917.303 1659.21
774.757 2076.22
1306.02 1367.63
 832.72 1946.63
1084.65 1153.33
 2395.24 -26.3317
1325.54 1096.35
2156.79 465.093
 1034.6 1507.34
6636.06 2757.64
6667.54 2644.92
1368.62 1338.98
1066.46 1459.37
2653.38 769.233
6396.68 3018.36
6683.21 2649.78
768.551 2016.62
6673.12 2526.19
1929.39  595.16
758.925 2138.19
1026.46 1501.99
1933.13 4231.48
 970.56 1643.18
1339.71 1355.61
6588.16 2395.05
826.593 1970.45
953.679 1646.23
1062.65 1622.93
6668.27 2597.45
2754.95  4156.6
770.797 2160.63
6698.78 2669.12
6672.16 2541.88
1050.41 1474.22
778.536 2148.45
769.446 2154.89
1047.06 1428.53
 2008.2 3814.31
6668.38 2641.68
767.083 2137.95
916.077 1698.11
1591.85 1191.21
752.691 2114.53
2957.98 733.762
1899.47 1036.31
6702.11 2638.93
1022.18 1527.12
1378.32 4124.06
6672.82 2707.87
765.802 2029.65
1933.99 583.167
898.013 1566.58
1042.96 1649.63
1340.13 677.414
1666.58 964.014
831.496 2075.63
1852.93 4503.89
2571.31 192.613
6679.31 2585.24
1260.55  844.91
958.107 1776.19
921.523 1639.28
1087.33 1629.86
 820.04 1971.24
1346.84 736.698
1276.77 783.768
1390.25 4071.54
755.836 2120.65
6551.54 2955.53
1747.47  1121.9
1293.47 768.636
6547.18 2849.22
1005.13 1763.33
1342.68 697.396
 6679.7 2563.18
1022.97 1516.48
6110.92 3634.77
1479.43 4228.09
1029.51 1558.87
757.192 2013.44
6674.64 2493.03
1014.41  1536.4
1131.03 1328.92
1316.93 682.075
1055.91 1170.94
1079.36 1655.63
1928.67 4163.41
2314.44 3689.94
6655.46 2869.28
6690.86  2572.2
6551.43 2867.59
 1113.6 1403.83
1542.97 1243.55
6458.03  3012.6
2714.76 876.179
6606.67 2409.39
1090.99 1721.22
982.716 1629.36
 740.95 2059.98
6552.41 2821.95
6692.41 2622.11
 856.59 2021.66
6671.37  2508.2
1706.45 1242.66
1575.52 1221.11
 5742.2 4419.95
6686.14 2632.83
6533.29 2876.78
  2378.7 -20.3466
6340.95 3125.16
1187.88 1011.56
1771.12 3138.13
1286.86 762.119
1712.3 1172.4
