 1667.2 1226.75
2317.05 247.535
1793.03 695.308
948.847 1612.17
1216.81 1458.96
1810.43 1059.54
2520.39 770.036
1773.65 687.494
1049.06 1661.97
917.456 1670.87
758.517 2194.88
885.222 1746.26
2211.51  3703.5
870.082 1738.36
1263.77 1156.97
1299.99 1442.01
1308.69 1125.64
1790.14 700.392
982.779 1940.76
1601.87 830.288
869.674 1769.22
1185.02 1593.28
6586.23 2583.05
935.049  1755.6
1298.47 1530.05
1244.89 1143.18
941.477 1936.93
868.972 1771.12
1197.86 1209.59
2212.47   67.23
6583.91  2590.1
1955.26 540.699
1802.33 648.234
 6584.3 2600.82
962.916 1591.31
 1237.2 1145.66
894.609 1509.88
1592.41 824.001
1024.53 1486.91
997.713 1297.69
 731.05 2191.29
1518.34  1066.2
2022.69 523.519
6596.08 2582.04
804.531 2117.28
901.751 1651.82
909.675 1724.11
2666.35 3705.73
 1271.7 1433.01
6686.38 2323.99
987.484 1301.73
1012.59 1775.48
 834.88 2064.33
1904.05  4093.9
840.344  2088.8
1836.51 4271.96
1023.33 1475.04
788.459 2187.86
6523.56  2676.7
890.885 1745.22
1754.72 3705.13
1010.16 1292.29
1745.45 300.766
6676.14 2336.88
2129.22 107.385
2285.3 35.881
984.016 1300.59
1032.14 1770.87
6662.11  2296.3
 2291.6 34.6397
861.048 1794.24
1128.78 1064.36
1226.71  1574.4
2952.14  3823.3
870.384 1761.06
6691.68 2416.08
735.163 2206.09
726.279 2303.92
1013.48 1291.08
6663.67 2418.11
1119.54 1321.23
1003.84    1311
 982.24 1922.63
6550.65 2625.69
6642.97 2318.44
905.775  1715.9
6611.31 2588.23
843.743 1819.11
2216.83 3798.39
1389.84 648.694
6639.88 2546.86
1091.32 3121.56
6647.74 2545.56
854.055 1844.37
850.968 1846.66
755.154 2209.81
1512.28 1083.36
2064.83 3899.79
6593.76 2233.38
917.334  1696.5
964.034 1544.92
1659.85 493.369
961.697 1554.78
794.788 2243.76
767.261 2179.03
884.577  1773.3
836.928 1686.68
840.498 1849.69
1282.11 1417.08
1293.17 679.522
1362.55 639.043
1096.78 1706.08
1629.55 1188.65
6665.87 2397.29
1083.63  1377.7
921.471 1952.37
6691.43 2387.45
6640.25 2330.47
6690.72 2437.92
1473.43 1141.84
2190.17 3587.37
1034.58 1777.95
2783.08 4070.99
1604.43 1234.04
1417.48 1329.77
1019.84 1795.76
1029.38 1494.69
881.875 1706.99
959.962 1917.09
 6428.6 2979.24
776.888 2245.64
874.944 1809.23
978.897 1201.93
1021.11 1463.21
718.564 2214.79
2020.51 147.821
2592.35 4082.07
 2802.6 4129.64
6669.36 2520.45
2609.99 4079.71
921.168 1709.61
1043.48 1787.46
1158.86  1257.7
6658.65 2480.29
2580.45 4070.84
 6658.8 2496.73
6672.09 2295.14
1778.75 669.633
859.617 1784.79
751.018  2206.2
1215.32 1465.09
816.406  2034.5
995.403 1277.12
2114.88  81.166
1211.63 1207.21
1963.79     537
969.908 1619.33
6636.29 2539.22
 6658.2 2435.17
1266.98 1432.26
958.906 1632.59
2527.57 762.027
6470.61 2740.92
6673.77 2439.05
744.965 2125.66
6656.43 2321.06
 1763.5 673.221
733.088 2288.77
927.754 1673.29
1927.99 4222.37
910.663 1760.82
1246.79 1449.33
6577.17 2207.98
818.164 2049.87
895.062 1768.66
1004.67  1734.7
6655.76 2389.93
2744.99 4111.33
747.827 2311.92
6690.82 2456.94
6656.07 2336.44
981.951 1583.34
756.017 2298.01
 746.23 2305.12
  979.7 1539.67
2001.65  3828.5
6658.56 2436.84
  741.8 2287.12
843.243 1857.86
1626.9 1153.2
726.588 2261.07
2842.27  704.04
1887.17 1012.99
6692.24 2427.37
925.688 1696.19
1394.17  4153.9
6667.09 2494.72
 742.92 2144.43
1766.98  661.19
838.878 1692.21
984.589 1762.95
1366.32 608.574
1508.08 1063.72
811.748 2207.61
1850.39 4495.14
2324.88 250.214
6666.08 2377.41
1290.52 767.204
919.234 1869.65
862.512 1765.09
1030.04    1739
807.143 2052.52
1354.14  686.29
1288.56 729.772
1403.66 4101.54
729.685 2268.89
6583.94 2693.96
1720.77 1115.49
1310.02 709.233
6566.56 2616.72
951.778 1883.65
1367.35 627.727
6664.82 2356.37
926.643 1686.98
6183.37  3364.6
1491.21 4246.64
969.709 1670.86
720.141 2172.83
6656.84 2290.08
950.613 1651.46
1048.49 1436.86
1341.94 612.096
967.218 1295.79
1020.86 1766.08
1926.04 4163.89
2306.65 3689.52
6664.71 2628.43
6676.63 2364.59
6571.74 2632.55
1046.72 1505.04
1478.76 1281.38
 6519.9 2732.64
2628.04  856.51
6596.99 2220.51
1323.85 1558.86
923.226 1747.22
715.551 2193.81
 6566.7 2595.48
6681.27 2411.77
 834.27 2145.67
6654.07  2304.5
1686.44 1239.02
1542.43 1232.27
6206.71 3832.88
6675.55 2422.63
6556.11 2642.16
2069.19 106.259
6447.05 2817.15
1080.18 1140.86
4233.51 854.285
1303.82 701.135
1602.86 1225.72
