5408.39 3712.37
5203.44 3480.83
 7156.6 3769.64
5409.95 3712.92
5765.3 3726.2
5749.98 3514.92
7163.65 4349.83
5661.45 4379.22
6116.42 3735.08
5437.82 3498.07
6193.58 4373.46
-11740.1  1399.13
7125.17 4270.68
6556.75 3562.29
7675.83 3755.37
 9627.8 3591.04
7521.52 4486.77
7516.33 4484.55
7040.71 4519.06
11638.2 2405.13
7696.86 4282.49
5282.72 3941.35
6555.14 4554.53
11636.5 2406.28
 7589.6 4510.67
10283.8 4010.62
7066.62 4528.62
7629.64 4303.69
5475.71 3719.17
5105.91 3699.67
8980.05 4227.58
11841.5 2549.35
-5267.12 -7192.67
6496.04 3566.21
-5135.64 -7050.51
11781.2 6770.03
-9248.73  2721.31
5781.68 1969.63
5476.03  3718.8
6491.54  3588.1
5296.75 3939.74
-10013.7  2002.11
11604.2 2290.94
11896.8 2465.66
7153.77 4565.51
5720.74 3961.45
  12515 5844.84
12070.7  2636.5
-9238.9  2717.1
 8656.5 2795.18
11889.5 2464.77
-4758.58   1439.4
8654.82 2794.33
 7177.4 3571.27
5780.42 1968.62
13297.4 6114.09
6516.72 4347.74
-10019.5   1978.3
6808.13 4365.82
6793.22 4253.01
 -10614 6598.26
5730.42 3957.25
-10621.1   6593.6
-10786.2  2788.47
-3548.99  1577.61
-3511.36  1576.45
5758.57 4368.93
-4424.18   1512.9
  11457 2451.27
8871.09 4227.36
6302.37 4371.69
 6310.7 4385.84
6640.64 3963.87
11239.4 2414.78
-8113.19  2240.19
11463.6 2449.87
-8492.69  2199.04
7431.48 4335.95
-3484.34  1567.58
9690.51 4128.77
7304.53 3944.83
6606.35 4323.24
5992.84 4381.47
 13324.9 -207.246
7301.18 3943.03
11743.2 6623.87
6623.68 3590.35
6753.18 3592.14
9813.2 4231.4
9096.96 3697.88
9078.71 3405.61
7888.03 3928.68
5768.09 4388.92
7066.73 3593.75
11831.9 6674.66
13515.9 3657.52
7069.25 4311.81
7756.25 675.766
8294.18  3381.3
9342.63 4312.15
 5815.2 3539.86
7827.25 4307.45
7186.27 3593.83
5847.54 3960.98
 8244.5 5867.59
-1740.02  1540.19
7606.92 3940.11
-1924.68  2918.27
-11870.5  1458.63
8514.38 5802.06
5655.74 3529.45
8297.9 3379.9
 -11044 2296.83
5826.64 3716.37
-3854.99  1543.15
10168.9  3303.8
6257.58 4442.16
  11763 2604.18
9255.61 3687.69
6504.15 4369.36
-9064.21  2139.61
5266.51  1735.3
8839.92 4280.91
 6245.6 4429.52
 9399.1 3604.25
-11097.9  2297.29
5101.01 3672.82
5364.18  3689.4
9999.86 4234.63
  9498 5600.9
9387.3 3597.5
5923.81 1647.38
8344.27 5966.43
8891.57 3501.68
12676.7 5846.14
5264.83 1735.84
-3898.4 1539.48
9270.83 5511.06
6258.33 3969.35
1499.67 1610.63
8898.49 3502.48
8783.65 4242.62
9629.83 2291.01
12260.7 4219.68
-6582.5 1607.25
-3944.99  1535.75
9860.47 5487.68
-2588.06  1607.94
11015.9 2504.03
7610.62 3940.17
8035.14 4398.35
8535.23 4318.55
10122.8 4040.31
7519.63 3625.76
9108.58  5629.8
14066.1 6376.46
8558.17 3397.74
7964.87 4384.51
7320.55 4400.07
11033.6  2508.1
1870.7 1420.3
9639.85  2286.6
11141.1 4827.21
5025.76 1948.96
8728.98 5663.74
1647.14 1621.27
1604.33 1616.71
11020.4 2504.05
5649.13 3543.41
10655.2 5157.06
 7918.2 4706.86
1866.89 1419.52
10577.1 3499.86
 5516.6 3531.82
6656.37 4541.88
9776.83 4271.01
4873.75 3482.41
10758.4 7428.06
12433.6 3711.03
-7353.31  2294.84
  11247 6221.35
-11617.6  1363.35
9376.72 4163.44
6172.94 3727.68
9593.41 4130.43
  10453 3989.33
4743.09  3500.3
 8735.9 5510.01
9422.52 5549.94
9052.34 4206.37
10971.5 2492.74
7117.79 4447.78
11269.5 6239.14
-9254.49  863.654
 1763.8 1456.87
1717.57  1403.4
-7421.81  2292.35
8192.15 5876.36
7690.82 689.157
10266.4  3467.2
7201.02 4541.76
7193.93  4532.6
9674.33 6775.11
6057.05 1526.41
4874.95 3483.21
8373.53 807.438
8139.63 4433.54
6638.64 4163.37
10793.9 5987.84
9595.19 4173.89
8892.48 5680.14
  10592 3501.88
10805.7 2530.29
4999.18 3665.75
6060.72 1525.51
9578.64 3809.69
9830.62 5278.23
1733.92 1431.86
9812.52 4281.15
7577.49  6049.5
9494.85 4187.97
5730.56 3561.17
 9113.4 1008.16
10339.8    6484
10371.2 5285.02
1762.44 1455.05
5370.13 3889.26
7201.52 4540.98
10808.9 6825.66
6423.11 4278.01
-1881.39  2927.41
-11615.5  791.457
5461.83 1811.89
-6121.67  2235.22
  10734 3931.16
9735.99 6522.73
8876.91 5668.38
-296.033  1094.84
9837.28 3485.73
-4464.99  1454.68
9773.94 5500.99
  11956 2690.54
-6048.37  2237.78
4773.19 3489.89
  10026 5332.66
8239.21 1466.37
5823.37 4462.65
9986.13 3632.87
10399.6 6575.58
9803.33  4101.4
5448.91 1759.17
8903.71 6817.71
5432.06 1762.74
-299.427  1094.06
5674.99 4153.61
6416.91 4510.06
 9982.9 2323.59
7233.92 4480.59
4693.34    3486
6370.71 4451.87
4774.23 3490.52
8997.71 6480.35
5455.27  1757.7
9706.12 4151.43
-4513.92     1622
9784.22 6916.82
10831.4 4066.44
9743.29 6887.02
11271.7 6962.82
5011.44 1601.53
8396.52 5849.78
9429.82 4224.84
1708.09 1391.13
  10527 4903.61
10016.9 4115.46
13029.7 3377.71
8254.25 3390.62
6502.64 3736.25
8730.98 5560.42
-6276.68  1418.61
-7255.63   1830.3
12362.7 2339.33
5171.09 3514.17
11613.3 3664.98
5895.19 3572.58
 6120.5 3577.92
  11810 3305.21
8014.96 4451.38
8356.51 5860.06
6842.06  4417.8
6928.96 3918.53
-9170.49  1364.04
5009.56 3499.51
  10794 3309.98
8365.12 3569.43
9864.51 6979.66
9342.24 4037.02
   6087 4442.14
 5172.7 3517.45
10912.6 4736.05
11919.3 4445.81
8269.66 5850.96
 5936.8 3682.91
10183.2 7210.28
8160.49 3482.47
-7225.73  4907.57
 8811.3 2224.07
-9431.85  1419.78
8712.24 4323.91
11596.4 3662.04
8792.28 4103.65
11300.1 2553.25
-9131.88  1365.35
8487.03 4376.84
5135.09 3719.97
  10670 3473.48
5677.09 4155.33
11883.5 4309.02
9699.79 3985.55
-2456.16  3065.85
11402.6 4893.25
5291.53  3926.8
10866.5 6264.18
  11049 3794.54
11876.5 4306.95
1559.52 1595.89
6246.81 1549.45
11374.5  4728.9
10126.5  5370.5
-5490.16  1469.53
11793.6 3303.35
-4047.13  1724.65
 6091.3 4446.12
9008.81 3524.79
4930.85 3497.48
 5368.7 3539.11
8503.96 3449.69
8237.47 1389.77
4789.39 1993.23
8510.04 3448.26
-5951.41  2199.11
 9743.2 4102.25
-1817.67  2901.47
9248.09 5368.86
 4995.5 3554.59
9903.76 3568.77
8546.2 3605.1
11748.8 3502.57
5014.15 1599.29
10325.7 3521.99
8827.57 3864.82
8779.08 5434.92
-8916.33  1113.01
 4932.4 3495.42
10116.4 2311.47
9686.06 5175.61
8861.83 5529.75
 7927.6 5621.51
6153.92 3579.02
6620.52 4435.46
-6433.91  1535.23
9042.58 3851.66
5170.02 3513.31
12167.2 4043.87
9654.72  5158.1
  10943 3469.52
8252.89 5669.57
5137.48 3610.39
7715.56 3610.31
4951.98 3596.52
1755.93 1343.12
10978.3 2557.39
11342.6 2566.37
 12716.7 -2954.98
8535.39  5776.8
8452.51  5802.9
11781.1 1400.28
9567.94 4213.15
10801.2 6184.51
6438.28 1573.96
-11525.8  1621.15
8968.39 5689.51
8425.07 4367.56
9523.24 4135.15
 5001.1 3514.36
8697.65 2170.66
-7113.16  -6611.9
6798.17 4551.47
9984.75  4070.8
5285.29 3620.79
10174.4 3923.46
10485.3 5813.32
5301.99 3533.81
9233.98 6699.46
   7773 6004.78
10202.2 4083.94
 9736.4 3795.34
6933.74 4491.45
   9542 5490.65
   5960 1648.69
5086.63 3727.74
-11791.9  1579.53
10800.4 4741.67
10098.4  3235.1
 9034.7 5669.14
 6414.2 1559.26
7798.36  3593.8
7926.81 2183.81
8859.52    5526
9516.91 6759.81
 5250.5 3571.46
7999.97  4420.1
5348.95 3577.11
7939.76 5630.53
5105.95 3695.11
11258.2 6473.07
7756.11 5968.49
4972.67 3517.74
  10773 4818.35
8876.71 4144.33
6493.06 3549.83
10093.3 3950.69
12151.6 4248.25
11748.8 1462.37
11931.5 4567.83
-807.887  921.374
12263.6 3637.59
9645.29 2179.27
10432.7 4105.05
8748.15 5414.82
 9299.5 4027.72
 6361.7 3584.97
-7251.2 -6733.9
7533.41 943.761
10910.7 3455.82
8558.77 3604.29
1754.97 1343.24
-6063.21  1586.41
-6402.26  2252.33
8999.87 5678.36
  10962 6238.28
6430.78 3546.89
5097.53 3607.19
-7476.28  1898.07
11616.9 6621.92
5689.44  3496.1
4740.91 3536.11
7152.94 4493.01
9809.06 4138.57
8991.85 4280.53
  11651 5722.77
10151.3 3240.11
-1062.24  1091.18
10317.3 3903.39
 5762.5 1640.92
10756.8 4729.65
11151.8 3423.84
10763.7 4119.86
 9537.6 4010.33
11161.9 3774.41
11766.5 3492.29
8864.34 3403.47
9440.17 3991.08
-7744.72  1800.88
10221.3 3428.62
-5636.28  1505.36
   7225 893.203
9560.99 4014.37
6493.27 3549.61
9885.51 3912.44
9099.81 4056.09
10949.3 3470.84
7584.67  4448.3
5384.55 3625.66
8680.93 3433.65
-9233.8 1076.94
 9283.2 5305.14
6919.92  4202.9
  8639 4375.9
5626.01 3566.64
6944.52 4220.87
7561.81 3556.58
9063.09 5652.03
5023.74 3601.66
10301.2 5614.09
10297.3 5611.15
9283.18 4026.02
11061.3 5807.07
10490.7 3278.88
8104.81  1529.6
-10401.2  1828.79
10762.8 3349.91
588.253 1392.68
-9472.72  1614.23
10368.2 3505.25
4934.45 3503.54
  10234 3976.82
9635.09  2317.4
6946.03    1810
-721.686  1545.96
9199.96    4007
10173.2 4115.24
7550.11  4567.2
8215.62 1536.82
-4265.21  2178.62
6248.37 1496.13
7916.37 5654.06
8342.95 2015.66
11254.7 4569.63
5114.77 3528.96
9262.43 5421.37
 5381.2 3478.61
6100.52  3643.4
-1958.73  1537.77
8006.49 4429.31
9504.65 6301.05
2267.52 558.682
11835.9 4103.54
11399.7 2588.69
7648.71  4195.5
840.825 1590.18
6447.22 4492.11
9479.99 3999.46
12193.8 4160.72
6096.38 3593.44
7440.75 932.027
7196.49 1934.75
8976.66  3475.6
10002.1 7246.58
5488.48 1811.72
7227.04 3556.76
-736.53 1541.77
5611.74 3492.48
-9831.85  2377.31
-9370.9 1626.75
10512.6 6545.14
-9635.35  1615.45
 8189.5 1540.03
7491.11 1802.57
9906.65 6617.24
-6980.86  1553.96
7058.38 1587.11
10433.6 6491.41
9524.76 4317.21
6942.93 1810.35
8583.57 3460.22
6373.89  1281.4
5767.26 3499.94
-4293.03  2443.19
11032.4    6278
9547.94 6284.14
 7556.1 4575.92
5540.25 3821.18
-689.702  1552.06
 9351.9 5759.12
7948.07 2011.86
6243.15 4405.74
8040.93 4154.61
9676.01 6967.41
9709.34 3529.81
9947.07 3586.88
9773.76 5046.57
1457.72 1594.73
14.4578 1104.93
7553.24 4539.79
7172.11 3557.42
5225.99 3544.22
2396.1 715.92
10568.5 3941.53
11030.8 4051.95
-6945.44  1616.35
7450.42 3554.23
11232.6 6496.34
11898.1 5549.84
9081.21 3594.48
7735.19 4237.89
9585.71 3959.24
7613.94  3556.4
9341.22 1283.49
-2788.86  1605.96
-9543.07  1594.36
11092.4 4066.03
5469.07 3559.21
8246.71 4001.73
7809.96    3553
4957.02  3519.8
5160.27 3522.78
-4155.57  1508.35
8445.23 1358.79
-2741.66  1202.23
-205.343  1030.44
7157.17  1146.1
6457.07 4202.84
-4289.68  2446.61
8782.27 5222.31
9067.48 3587.71
5098.63 3588.21
11767.8  4703.9
9191.26 6716.04
5226.02  3616.1
-10504.5  2616.44
11122.2 4072.17
9699.46 6534.21
-9157.63 -5277.31
9873.23 4144.42
6007.83 1469.46
6561.61 3549.84
5494.93 1765.86
7051.24 4558.33
5493.65 1766.66
10753.9 3347.07
7680.51 6028.28
-3097.86  517.614
7714.44 3555.51
9078.91 3594.69
10549.5    2251
584.737 1391.74
10486.6 4175.11
9350.37 1280.28
8691.71 677.541
5060.54 3585.52
11304.8 3388.22
5079.11  3542.1
4763.58 1578.64
5470.77 3560.44
12049.1 2367.91
5035.51 3524.92
11086.5 2367.36
 9376.8 7656.51
10321.4 3610.51
10431.9 4019.15
8534.38  3379.6
  10706 6892.97
 9997.8 7239.23
-10291.1  2631.45
9467.87 3492.44
-212.275  1027.82
  12794 2702.34
9759.79 6504.46
7091.84 4648.08
11163.9 4584.53
-12129.8  1299.54
-6906.3 1786.55
12010.6 6820.81
10039.2 7289.77
  10419 2300.26
9843.35 3981.54
9991.62 3953.12
 9725.2 4178.54
8708.45 3403.46
  11592 3316.82
12777.6 2701.28
 6507.8 1540.11
-2548.44  1198.67
-6915.86  2151.86
5770.87 3502.46
-8150.49  10608.7
12049.9  2493.2
11150.3 3217.96
10983.4 3699.37
8114.14 5270.15
 5870.4 3981.09
-1632.3 2992.22
1326.96 1549.26
5080.36  3542.6
11103.6    2440
9482.59 5060.33
5662.59 1689.84
9074.38 4325.77
1807.78 1372.17
12285.4 7818.32
 11836 3653.4
11810.5 3645.51
8139.92 3476.31
6517.85 1536.59
11848.3 3340.79
11628.3 3320.13
804.692 1590.55
6277.01  4426.6
12074.9 4459.24
-9009.34  2595.96
7724.5 1639.7
-3396.26  1225.02
9266.38  3664.9
10476.8  5203.8
10725.9  6909.5
12204.5 868.078
5146.66  3527.3
-7478.25  1975.56
10416.2 7525.19
2624.12 1011.93
9120.8 5609.5
13273.2 2118.59
7660.43 3689.96
11278.5 3756.46
11853.9 3607.29
12201.8 868.527
-10140.3  1539.29
 2571.7 1007.37
11452.4 4806.07
5465.73  3631.1
11218.2 3669.32
8433.41  1424.7
11479.7 3689.35
1639.09 1599.54
2623.29  1011.5
-7491.11  1974.65
9125.07 4400.91
7657.26 3716.46
-2128.98  1448.35
10097.9  5053.6
-10086.4  1532.67
5575.08    3847
9269.03 3666.07
-1206.35  1439.45
1859.44  1386.4
4876.21 3514.22
 5314.9 3965.16
-4138.41  10601.4
6333.69 3819.03
10741.8 3121.51
-3084.35  1212.76
10808.6 1462.36
7828.51  983.91
10456.7 6345.86
-7554.6 1510.53
6112.46 1539.04
-10735.1  864.778
-6188.48  1473.92
12106.2 2424.26
2649.78 1019.89
10969.3 4504.73
1206.89 1501.66
23101.2 189.611
5867.35 3579.58
7624.58 3685.12
1720.08 1448.54
-820.659  1519.47
4996.63 3533.94
10405.8 2145.58
7164.59 3699.64
8530.81 2807.69
7317.34 1878.42
  10413 2146.02
-7309.53  2175.82
7098.55 4598.61
-1200.6 1440.86
11929.3 3609.47
9712.39 3540.46
-1543.91  2758.14
9753.28 8142.76
8519.22 2807.15
8588.46 3699.17
10993.7 2380.21
9748.61 6746.73
10425.2 265.769
-10126.2   1528.7
9961.48 2168.36
-6535.39 -3513.96
1806.13  1371.8
-4987.2 2341.67
4758.75 1741.47
-2918.63  1207.18
7848.49 1688.18
9853.44 4267.91
5393.56 3557.41
-2538.05  1474.01
12337.1 2179.28
 5236.6 3526.64
11229.7    5951
-4263.34  1245.92
6822.01  2169.5
5673.01 1770.78
12356.7 3782.67
9618.11 3745.47
  11037 2377.68
-1624.94  2989.77
10389.9 3952.59
10722.6    7505
5864.55 1860.51
11620.7 901.134
7792.84 3868.31
4995.68 3533.88
5341.96 3602.16
11315.2 3289.62
10543.6  4251.7
7863.98  3552.8
5864.11 1861.32
8370.78 1993.98
10819.5 2863.93
10980.4 1678.05
-1975.52  1450.01
8723.27 2187.64
-4343.66  3092.58
7033.63 4556.62
12202.9 2159.28
9024.86 1962.26
9825.76 3954.56
9618.43 4065.84
5398.51 1834.13
9811.66  3960.5
6846.51 2192.81
9987.88 4918.76
  10047 5028.81
1648.96 1608.77
-1812.55  1450.98
8360.42 1993.77
8220.06 5928.35
9966.32 2168.16
11181.3 3476.67
-1421.16  3088.14
10986.6 1678.78
11582.1 2348.42
12034.9 4508.02
1840.11  1380.6
 4958.6 3668.55
7917.71 3553.37
11732.2 2530.97
-1560.61   3067.4
5663.13 3619.68
10064.9 6977.12
-7641.42  1607.43
-6730.45  2043.74
11612.7 903.169
11240.6 3255.48
2521.56 1004.97
11165.5 6525.75
11544.1 2611.48
-3711.95  2515.25
 7231.7 4183.99
12007.8 2325.64
6708 4583
11016.2  3077.9
7269.49 1941.49
8887.79 2020.28
4954.13 3652.22
11345.6 3208.19
-7260.41  2178.14
11349.4 4289.12
 6783.8 2171.72
7115.97 1949.02
-7505.21  2056.07
7946.54 4345.02
7187.33 1970.05
11936.7 1127.31
  6539 1570.3
4957.38 3672.11
8191.76 4588.92
6515.03 1329.96
8454.91 4073.31
10244.6 6754.45
6643.13 1528.25
 5540.1 1757.84
9370.43 4995.49
1726.18 1398.88
10560.9  7621.4
11692.6 699.544
11189.9 6547.27
9735.35 6735.73
5231.37  3546.8
11017.9 3232.48
8023.94 1503.49
-7460.9 2057.94
-1522.79   2826.1
8625.79 3647.39
9764.64  3268.5
 11250 5931.2
11124.6  2396.9
-11303.2  776.327
11310.4 3289.13
8477.75 2148.84
4683.87 1858.88
11942.1 3252.83
4972.86 3522.18
4684.84 1858.79
7098.58 1781.54
-1898.89  3153.31
-2573.29  1579.24
10235.8 2247.73
10939.9  3346.6
7058.14 3571.92
10754.5 2265.18
8869.34 5755.35
11929.5 1167.56
-4164.18  10631.6
12504.2 4433.92
11673.4 4955.89
7035.19 4216.35
7157.86 1954.59
8793.67 3645.33
8781.52  6023.4
9689.07 1691.71
-1831.87   2951.2
10896.8 6228.51
1769.53 61.2354
4814.83 3511.88
9480.34 2327.22
10538.6 4061.56
9552.77 3457.44
 2519.6 1001.76
8971.25  4133.4
11014.4  3720.9
-338.106   1175.2
10076.7 4423.86
-4371.72  10845.5
11287.3 6865.68
-3011.31  2619.74
8158.91 4083.15
9816.23 6807.86
5263.22  3598.7
9646.14 2214.41
 7201.8 2191.41
6377.51 4518.32
5836.45 3697.32
8628.26  3648.7
-32822.6  5150.31
7299.85 3669.65
8695.06 2207.27
11709.3  696.81
13316.3 1813.37
10384.8 348.234
-3042.83  1492.36
5004.94 1947.55
5839.64 3655.15
7786.97 1141.06
8141.3 967.95
8062.2 1454.1
8766.89 3695.07
8457.58 3649.24
7353.76 4572.81
12952.5 3542.85
12007.8 2325.35
8978.81 2239.69
7648.33 880.921
9802.06 5771.37
6441.04 1355.51
9809.34 3951.98
10085.3 6549.35
12069.5 4517.42
-9125.05  2354.22
9007.26 3956.93
8777.17 3697.44
12329.4 3426.87
11036.2 1341.72
12055.8 3234.24
10745.7 4452.24
 7172.5 4540.75
 -12432 3354.39
-31301.5  5722.43
10226.5 2247.75
11375.4 4017.06
8852.79 3670.27
9074.38 5407.23
6934.43 1612.59
8555.99  1681.4
6561.67 3776.69
8247.21 2007.71
8239.65  2009.4
2212.97 285.573
9935.77 4967.75
11950.4 1163.05
5205.44 1869.05
10945.3    4608
7965.09 3552.02
-12277.8  3442.67
-7829.53  1637.73
7876.21 4439.01
10483.7 1669.05
8121.62 1581.69
-7681.32  1662.36
-7013.75  2323.77
 1595.7 1605.73
-8324.76  1992.69
11921.5 1170.52
5320.37 3681.56
8883.03 2021.21
13267.6 1338.07
11038.4 1341.69
11541.7 1025.24
8127.17  1582.9
9363.22 5152.25
-1623.74  3016.93
7928.03 5701.96
10743.7 5081.58
   5936 4601.23
7371.81 4581.72
11617.3 2348.26
7182.35 4546.38
6188.44 1335.88
12346.9 3429.29
 -12788 2195.05
8753.23 3682.77
7095.34 1781.76
-2785.33  1165.38
10009.5 6446.94
8626.89 2185.16
-456.216  1558.36
13305.9 1333.24
-13023.6  2180.07
11565.1  1131.2
-25759.1  4939.62
9639.37  3383.6
9492.58 904.669
-7710.64  738.314
11736.8 4417.95
12304.2 3509.68
1128.71 1544.11
-1605.36  1397.48
9084.42 5419.34
-22380.7  3509.23
11553.7  1134.1
-2604.4 2905.02
6237.87 3506.95
5094.22  3610.1
10473.1 1667.15
7445.47 4469.22
10925.8 7898.93
6560.64 1510.51
10412.9 7528.24
-859.665  1182.28
  12305 969.448
-2966.27  2617.06
9118.52 2139.22
9491.16 7072.44
-5372.49  1193.72
12472.6  8801.6
8280.52 1901.02
5246.18 3555.97
10622.2 4525.34
6908.23 1836.95
5990.93 3661.42
9961.92    4393
7347.63 8319.45
8197.89 4480.78
-1572.98  1403.53
10198.5 2220.28
  11337 2114.67
-7677.85  1722.65
1167.52 1545.71
9633.67 3748.68
10200.1 2207.86
12391.6 4330.94
 9750.8 2320.81
-609.388  1182.82
7904.36 5996.97
11498.4 2099.43
13259.6 1469.88
7564.29 981.133
11181.3 7156.91
10571.3 2097.69
5884.58 3651.74
9494.28 3771.31
11957.4 5849.56
5750.96 1893.88
7329.26 906.322
1207.13 1547.91
-9100.25  2355.73
10203.3 2217.03
6919.45 1835.39
-2540.35  2922.94
  -2437 1557.77
-9657.31   1461.8
10266.9 4375.92
  11222 6573.02
-1698.36   2765.5
 -668.5 1587.35
-12267.7  3336.31
-10814.9  2487.86
388.903 1197.82
11043.7 664.921
8761.98 5715.05
1911.21 265.526
11685.4 101.334
-2626.3    1526
12491.9 4646.01
-1701.04  2764.43
9993.09 6924.45
8700.13 4239.22
12561.7 3460.13
-9569.24  2255.79
-1377.78  1111.03
7906.69  4652.6
7938.76 932.614
12045.6 4306.24
12849.6 985.342
8642.22 3604.54
9150.54 3922.91
-1914.47  2974.66
12607.7 203.775
7030.74 4815.98
11671.7 5808.84
5364.56  3604.3
-7531.99  898.691
10407.7 738.543
8159.22 3710.68
11424.4 906.108
-2447.38  1559.65
7025.91 1776.92
7048.25 3987.13
 524.27 1320.97
127.018 1188.79
5661.77 1718.84
 9650.9 3385.41
134.896 1194.79
14455.3 3896.58
 7600.2 1110.55
7763.57 3848.17
11465.5 2099.96
12430.9 173.395
5496.87  1737.7
 5278.4 3621.26
6334.11 1347.09
5852.31 1909.12
5200.83 1858.42
130.209 1186.44
12304.2 969.569
9377.67 4284.94
-10702.7  2518.75
-5268.07  1214.97
129.791 1191.71
858.336 1559.14
-9215.28  579.431
5888.31 3636.59
9504.02 3979.97
10261.9 5036.32
11905.7    5569
5608.26 1746.68
-3101.21  1605.47
-1697.43  1530.88
-730.727  4275.26
6327.23 1491.91
5316.07 3697.56
11921.8 1577.64
6373.89 1375.75
5816.85 1668.25
-3470.58  1189.72
9641.17 6751.41
3070.02 387.687
-6202.85  2210.94
8287.63 3559.03
5495.78  1732.6
5493.92 1734.86
6516.39 3721.04
-8171.55  1758.87
5751.87  1892.6
5137.33 1953.13
845.778 6873.56
9853.12  3813.6
6759.16 1351.69
11933.1 1577.43
