1561.43 1416.83
1712.86 1327.08
880.001  2024.3
1065.46 1563.05
793.923 2503.01
 913.12 1830.09
788.652 2454.26
1109.34 1093.49
 796.09 2540.61
787.183 2482.32
908.775 1521.65
783.554 2425.79
894.714 1525.12
936.822 1444.78
799.212 2486.94
806.249 2499.85
950.027 1748.37
1078.65 1658.82
1238.36 1640.43
942.339 1902.51
1201.48 1379.83
1174.38 3515.56
1788.86 3363.86
891.259 2004.31
853.517 2139.05
791.918 2435.21
955.892 1882.36
780.968  2142.4
791.618 2111.12
915.977 2010.29
806.359 1982.79
813.485 2466.66
862.986 2556.55
944.285 1575.86
 1581.4 1379.17
1220.61 1483.89
978.084 1700.28
900.622  1854.4
985.159 1686.98
815.063 2471.27
878.479 2008.85
850.815 2095.65
840.447 2099.53
820.296 2455.59
1227.81 960.015
987.835  1392.3
 1282.7 896.231
869.061 2068.55
1244.61 1463.97
786.711 2404.28
1073.25  1307.7
943.778 2934.62
939.233 1773.78
2195.64 3550.44
847.307 2537.54
1014.77 1628.65
942.277 1757.59
1378.67 1432.68
829.336 2166.18
903.836 2594.13
809.246 2093.57
997.701 1698.61
1066.75  1536.6
835.252 2111.35
819.346  1943.4
 934.79 1579.93
 830.32 2034.04
797.996 2201.71
  943.6 1765.23
938.241 1947.02
840.851 2541.42
917.155 1897.53
5809.82  3336.9
814.727 2446.37
947.286 1739.22
1119.64 1132.38
1232.06 942.292
 1124.9 1456.24
913.373 2622.51
924.136 1804.78
1273.21 999.245
902.572 2904.03
1192.17 1355.51
5777.28 3534.39
1751.29 1246.48
921.701 1652.58
993.952 1691.93
920.707 1839.18
810.536 1969.46
824.755 1889.83
828.513 2118.37
943.337 1769.73
 792 2124
1161.27 3416.15
827.452 2125.65
1011.45 1851.17
1110.25 1139.02
1094.97 1122.43
987.488 1378.73
893.932 1828.14
950.343 1783.62
914.301 2044.02
966.913 1752.58
930.321 1836.48
827.731 2123.08
1283.13  1246.6
925.587 2021.97
772.817 2072.35
839.513    2166
 953.83 1782.33
 831.35 2152.85
847.692  2088.1
863.304 2543.83
1055.74 2887.56
931.567 2703.02
801.715 2437.66
5820.37 3312.92
1023.54  2797.7
819.351 2144.45
1117.14 1625.18
1272.7 897.86
907.998 1800.95
934.952 2001.26
875.051 2047.08
1130.31 1750.04
 845.33 1948.99
1090.66 1791.47
1118.47 1098.95
  916.8 1541.68
1136.07 1485.06
958.173 1781.75
1051.51 1833.27
936.988 2964.87
908.856 1986.09
875.163 1734.37
836.841  1962.8
1290.24 885.833
824.612 2560.55
915.742 1779.28
889.158 2928.55
784.259 2513.35
811.819 2517.69
852.497 2053.15
892.906 1864.94
884.315 2049.34
1275.77 905.717
912.104 1678.55
927.364 1827.32
951.832    1732
924.279 2032.75
769.433 2410.76
1551.34 1433.76
1702.31 3719.02
810.709 2490.53
1093.32 1325.83
969.753 1685.84
803.636  2105.9
1043.01 1875.03
797.572 2191.69
803.387 2190.83
5831.88  3304.8
900.281 1973.38
807.278 2911.34
897.913 1673.72
933.018 2937.16
815.427 2081.96
6531.34  1751.3
814.163 2513.49
1014.13 2821.99
799.234 2120.67
952.842  1894.8
844.241 2596.08
950.565 1709.76
1307.81 3349.43
6280.1 3235.3
884.855 1969.17
822.972 2929.21
931.235 2712.46
818.595 2741.65
910.162 2613.05
 892.33 2701.35
949.036 1768.41
882.451 1918.66
 1071.2 2659.62
   1088 3060.56
791.58 2460.1
1681.09 3716.32
863.716 1970.34
813.628 2200.28
774.565 2251.79
797.339 2429.88
 805.55 2819.11
2144.81 3502.82
1081.51 2679.15
1031.95 2793.65
1022.61 2777.02
807.539 2862.38
826.556 2971.96
870.543 2135.54
810.496 2506.52
794.319 2220.67
1039.26 2890.68
825.363 2160.17
806.173 2852.25
923.459 1585.96
1027.15 2788.26
872.329 2800.35
869.757  2538.1
902.275 1831.79
1114.03 1082.27
927.498 1811.47
830.206 2052.66
1724.66 3603.53
857.274 2582.49
1032.77 2651.92
 1007.9 1834.72
897.792 2609.62
959.868 2959.82
947.963 1923.13
784.597  2528.4
894.199 2583.63
938.966 1810.68
968.293 1781.79
1000.2 1824.9
1850.27 3693.18
786.892  2180.3
826.235 2838.13
790.604 2230.42
825.921 1991.55
989.651 1847.17
922.744 2836.68
936.725 2711.98
820.926 2900.87
946.551 2895.28
795.877 2522.99
781.717 2808.46
1000.89 1830.93
1009.78 2651.61
917.101 2615.65
815.962 2873.82
949.697 3161.07
788.607 2158.19
2115.76 3444.57
1321.44 1200.01
1058.24 2874.52
1171.33 1362.92
857.986 2540.43
1150.78 3393.27
 892.17 1953.73
836.988 2574.94
892.062 2101.94
934.393 1710.56
847.603 3009.63
1334.48 924.784
1062.27  1572.4
1260.56 1212.55
996.355 1354.49
1751.95 1228.22
1294.63 1393.44
801.524 2884.71
950.668 1794.04
1010.68 1450.01
2079.48 3435.39
1371.16  1448.3
983.711 1340.84
1076.33 1729.07
877.609 1962.91
795.508 2747.01
