1650.7 1419.2
1794.6 1338.3
1002.8 1945.1
1153.6 1549.5
 879.6 2473.9
994.49 1823.8
873.68 2423.9
1188.8 1120.7
881.14 2514.3
871.92 2452.7
1029.1 1439.2
867.64 2395.5
1010.7 1440.7
1027.7 1439.5
885.18 2457.7
892.32 2471.2
1045.5 1722.8
1136.6 1682.1
1386.5 1572.2
1050.2 1853.1
1283.3   1386
1282.2 3503.2
2011.5   3351
1019.5 1922.6
954.48 2099.9
876.24 2404.6
1036.8 1872.1
866.94 2094.3
870.68 2058.4
  1049 1928.4
 915.1 1887.7
900.05 2437.8
960.39 2533.3
1014.9   1609
  1704 1364.8
1291.4 1491.5
1074.6 1675.1
982.89 1845.4
1109.5 1618.5
901.61   2442
1003.4 1925.2
958.03 2038.1
943.97   2042
 907.8 2427.1
1288.4 1009.5
1040.5 1471.3
1373.3    907
982.65 2004.9
1314.8 1473.9
871.27 2376.4
1160.5 1313.9
1104.7   3015
1034.4 1745.1
  2373 3488.2
942.86 2513.5
1076.9 1655.2
1020.7 1759.6
1450.1 1444.6
925.97 2125.4
1011.8 2576.6
910.01   2034
  1123 1631.9
1197.2 1463.9
938.9  2057
935.65 1836.1
1005.4 1611.9
939.49 1958.2
 888.8 2164.5
1038.9 1738.9
  1090 1844.4
936.75 2517.6
1069.9 1776.7
5993.3 3182.5
901.58 2417.4
  1064 1675.3
1196.9 1155.9
1291.8 993.09
1203.9 1458.5
1021.2 2607.2
1018.8 1774.4
1334.9 1048.8
1042.8 2975.1
1275.1 1362.6
  5950 3356.4
1870.1 1240.2
1037.8   1576
1119.4 1624.1
1001.3 1831.7
920.95 1872.3
951.55 1757.7
926.76 2065.3
1038.7 1742.3
886.09 2071.4
1272 3401
927.48 2075.4
1088.7 1846.1
1188.3 1161.8
1176.2 1141.8
1071.6   1387
975.72 1820.8
1045.4 1756.9
1043.7 1974.2
  1044 1757.5
1011.5 1829.7
926.56 2071.6
1354.6 1269.5
1061.5 1944.1
853.81 2022.4
 937.5 2125.3
1067.6   1724
928.99 2108.8
   955 2028.5
960.32 2519.3
1241.6 2938.3
1054.9 2703.9
887.39   2408
5999.7 3163.4
1189.3 2825.2
916.74 2098.9
1171.8   1655
1364.2 908.36
1079.2 1627.8
1072.5   1922
993.28 1977.5
1265.3 1694.4
956.98 1864.8
1218.4   1739
1195.5 1126.9
1037.8 1461.3
1286.1 1404.1
1036.8 1783.2
  1167 1788.5
1094.6 3051.3
1042.7   1902
969.68 1702.7
953.95   1864
1380.4 898.01
918.72 2538.4
995.96 1778.1
  1025 3006.5
867.78 2485.6
897.69 2489.3
963.61 1983.8
986.43 1832.4
1006.2 1977.2
 1367 915.8
991.68 1691.4
  1008 1822.2
1047.9   1706
1056.6 1961.7
850.01 2379.7
1638.8 1434.4
1847.8   3670
896.92   2462
1179.9 1333.9
1122.4 1569.5
900.95   2048
1118.5   1870
888.27 2153.6
894.84 2153.2
6008.3 3156.8
  1034 1883.4
907.27 2972.5
994.78 1644.1
1089.2 3018.1
915.78 2018.9
  6438 1622.7
900.06 2485.4
1176.7 2853.5
895.82 2066.7
1095.8 1801.5
945.89 2581.2
1047.3 1683.3
2381.6 4828.7
6351.9 3052.5
1015.5 1877.4
927.82 2994.9
1053.5 2714.7
915.44 2750.6
1018.9 2597.6
1005.1 2703.1
1044.7 1741.6
1020.7 1803.5
1226.8 2659.9
1247.8 3089.1
876.83 2429.9
1825.4 3668.6
989.5  1875
 906.3 2162.7
855.82 2221.5
882.94 2400.7
899.75 2845.7
2322.1 3440.9
1238.7 2679.6
1200.2 2821.9
1187.8 2801.3
903.53 2902.8
937.44 3057.2
 974.3 2094.7
896.27 2478.1
882.53 2186.2
1219.2 2941.5
921.44 2117.6
901.86 2889.9
995.68 1616.5
1193.4 2814.5
976.15 2799.9
 968.6 2516.2
983.66 1824.8
1192.2 1111.8
1108.5 1640.8
936.75 1982.9
1873.1 3551.2
961.06 2566.1
1172.3 2644.4
1086.6 1830.9
1004.6 2593.2
1125.2 3040.1
1103.5 1812.5
 869.1 2500.1
1000.1 2565.4
1020.1 1806.8
1084.4 1724.7
1077.7 1822.2
2011.9 3636.4
876.34 2141.3
927.74 2872.9
878.53 2195.7
938.65 1899.9
1068.2 1842.9
1056.3 2872.8
1063.7 2712.8
923.83 2957.6
1105.2 2961.5
880.42   2494
856.74 2807.2
1078.4 1826.9
1147.1 2645.6
1026.1 2601.3
917.14 2920.2
1048.6 3158.3
879.95 2113.9
2281.4 3380.6
1387.3 1230.2
1245.2 2922.9
1254.8 1369.1
954.29 2516.7
1260.2 3374.8
1026.4 1855.7
933.88 2556.6
1000.5 2043.8
1028.3 1683.1
970.64   3115
1386.5 985.19
1151.1 1557.7
1334.6 1237.1
1079.3 1364.9
1870.3 1222.4
1370.6 1406.2
898.53 2935.4
  1045 1766.5
1100.9 1444.9
2295.5 3392.7
1442.8 1458.2
1067.8 1352.1
1122.2 1769.2
1005.4 1867.8
885.36 2753.5
