1636.4 1453.6
1738.5 1257.7
1587.7 1359.5
1458.3 1449.9
1322.3 1348.7
1135.3 1586.9
862.34 2501.9
982.11 1845.7
856.84 2454.3
  1735 4534.4
1168.8   1125
864.55 2538.6
855.29 2481.7
971.81 1542.9
851.48 2426.5
957.2  1546
1475.2 1196.4
999.28 1467.8
  1538 1127.4
 867.9 2486.2
1537.6 1132.4
875.26 2498.8
1593.9 1096.4
1019.2 1766.3
1150.7 1680.9
1271.2 1410.1
1369.4 994.19
860.26 2435.7
1027.3 1897.4
1484.2 1181.6
1571.3 1081.8
847.54 2149.6
858.46 2119.1
5385.9 3446.8
872.61 1993.7
882.86 2466.4
1010 1597
  5321 3467.7
5356.9 3456.9
1655.7 1417.3
  1293 1512.5
1642.4 1428.4
1477.6   1135
1047.5 1719.7
969.45 1869.3
1894.1   1281
884.51 2470.9
  1379 982.85
889.99 2455.6
1051.1 1417.3
1484.8 1209.8
1317.1 1493.5
854.77 2405.5
1137.5   1336
1008.4   1791
1542.6 1108.5
918.14 2535.5
1925.7 1273.8
1084.2 1650.2
1011.3 1775.2
1452.7 1465.6
1816.6 1330.7
898.41 2173.2
1278.9 971.26
876.79 2102.1
904.17 2119.7
1000.2 1600.8
865.83 2207.7
1012.8 1782.7
1793.9 1306.7
911.39 2539.3
884.16 2446.6
1180.6 1163.9
1194.3 1483.4
993.19 1821.1
1672.3 1401.7
1304.2 973.37
1261.1   1386
990.14 1854.7
876.83 1980.7
1257.5 1685.4
897.18 2126.5
1012.6 1787.1
858.97 2131.7
896.13 2133.6
1084.4 1867.7
  1902 3663.6
1171.1 1170.2
1154.8 1153.3
1050.4 1403.9
962.09 1843.5
1020.1 1800.8
1036.8 1770.7
1000.1 1852.2
 896.4 2131.1
1351.5 1281.1
838.36   2081
909.05 2173.1
900.42 2160.2
5274.4 3562.7
870.53 2438.1
 887.8 2151.9
1061.4 2352.9
1189.7 1648.7
1702.6   1225
5397.5 3453.1
1178.4 1130.7
980.63 1562.8
1028.2 1799.1
940.97 1751.3
1240.7 1665.8
894.37   2558
984.05   1796
852.19   2512
881.07 2516.2
961.56 1879.5
978.51 1697.2
996.89 1843.2
1020.8 1750.3
836.64 2411.8
1626.6 1469.9
4736.8 4323.2
879.94 2489.7
1158.7 1354.4
871.02 2114.1
1117.3 1891.4
865.32 2197.9
871.41 2197.1
1560.8 1095.3
873.78 2900.8
  1747 1356.9
5035.2 4106.4
963.62 1692.2
883.16 2090.8
  5318 3492.3
5099.7 4083.9
5329.3 3478.5
  1241 1669.9
1372.2 3577.6
883.53 2512.1
5720.7 4016.7
866.53 2128.5
914.78 2592.6
1019.1 1728.5
1891.1 3299.6
890.02 2918.1
 887.2 2734.8
1018.5 1785.9
5316.4   3483
1368.3 1588.1
1382.7 971.73
859.91   2460
 882.2 2206.4
841.53 2256.5
865.94 2430.5
1133.8 1113.7
2119.5 3624.6
872.91 2810.6
1806.2 3675.8
874.58 2852.9
5275.9 4316.6
  1283 936.86
893.25 2959.9
 879.7 2505.3
862.09 2226.2
894.21 2167.3
873.25   2843
988.52 1606.5
970.84 1847.2
1173.3   1114
1080.5 1851.6
1399.7 3549.2
852.52 2526.7
1008.7 1827.1
1243.4 1061.7
1072.4 1841.9
854.04 2186.7
894.4  2829
858.25 2235.7
1061.8 1863.5
5239.6 3641.6
 888.2 2890.4
864.36 2521.4
1073.2 1847.8
883.29   2864
1018.9 3143.2
855.68 2165.1
1273.3 930.91
1348.1 894.99
1239.9 1392.8
1222.9 958.48
929.28 2538.3
907.27   2572
1002.3   1729
914.78 2996.5
1267.4 1006.1
1132.2   1596
1327.6   1247
  1059 1380.2
5424.4 3831.5
1366.6 1425.5
868.04 2874.8
1020.6   1811
1076.2 1474.7
5355.2 3972.1
1445.4 1480.7
1045.5 1366.4
1149.5 1749.5
862.97 2740.2
