1454.7 2140.1
1098.1 1916.7
1446.9 2197.4
1443.3 2140.3
1451.5 2190.4
1480 2097
1377.8 2882.9
1159.5 1889.9
1413.9 2127.4
1424.7 2099.7
5100.8 1895.9
1461 2188
1194.5 2033.9
1460.4 2207.5
5162.9 2525.6
1166.1 2099.2
5078.9   2530
1414.4 2118.7
5090.4 1913.6
5220.4   2181
5118.2   2150
  5092 1979.9
1487.3   2208
  5085 2232.4
5120.6 2224.5
1506.3 2125.9
5083.5   2042
5110.6 1910.8
1341.7 1893.6
1430.2   2191
5127.2 1917.6
1397.1 637.24
5077.5 2153.5
5229.9 2325.7
5094.7 2125.1
  5125 1952.9
5079.2 2527.2
5089.8 2464.1
1530.6 1932.4
1430.8 2138.5
5161.7 2359.3
1436.2 2133.1
1431.3 2207.3
5301.6 2323.3
5072.5   2503
1093.8 1895.5
  5144 2488.9
  5090 1931.6
1467.5 2138.1
  1477 2063.2
1423.8 2122.6
1087.2 1914.8
5191.9 2135.6
5088.1 2159.9
5324.4 2334.9
5187.4 2218.9
1529.3 2399.4
 781.3 1929.6
5081.2 2523.5
1195.9 2025.7
1382.6 2206.6
5086.9 2261.6
5088.7 1879.8
5145.4 2413.3
1134.3 2240.2
1439.1 2127.7
6017.6   2590
1124.7 1855.4
1474.5 2206.6
1467.4   2079
888.57 2088.8
1817.9 89.356
971.28 1883.9
5117.9 1865.7
1879.8 72.839
1917.2 53.089
  5147 2513.3
5106.2 1987.2
5333.1 2327.1
1804.6 97.257
1165.4 2048.6
646.13 2723.3
1436.2 2081.4
5091.6 1899.7
1448.1 2147.6
5178.1 2524.4
5417.1 2311.3
682.03 2111.2
5136.9   2425
6046.7   2575
5180.5 2524.5
5100.5 2473.7
5093.3 1870.6
5276.9   2339
1325.7 2044.7
5110.1 2331.3
720.68 1941.7
835.55 2068.2
665.96 1940.1
1466.1 2090.4
5084.3 2409.2
943.23 1889.6
1463.4   2134
5913.6 2595.9
5074.3 2430.8
5089.2   2354
723.94 1942.9
5206.9   1761
1455.6 2150.4
5891.2 2585.8
5416.4   2341
5913.3 2598.7
5104.9 2244.1
5097.1 1882.1
668.74 2037.6
569.26 1960.9
5645.4 2616.1
1238.6 2049.3
1462.8 2112.6
1299.9 2030.6
5370.6   2349
5162.5 2502.8
455.97 2003.9
5702.3 2494.1
5940.7 2597.7
674.42 1952.8
