-2547.61  1748.63
-2539.86  1938.72
-796.687  3729.91
-2524.67  1851.34
-2540.27  1851.63
-2540.03  1899.84
16939.5 6669.28
-2584.72     1872
-1198.24  3782.87
-3254.03   3653.9
-3834.46  4550.33
-3446.52  2384.95
-3097.18  2385.21
-3196.87  3614.51
-3780.33  4130.43
-2540.23   1921.4
  -3739 3086.49
-2581.21  1966.25
-3284.49  3136.68
-3187.05     3478
-3126.31  2969.22
-3278.17  2992.28
-3151.24  3350.09
-3276.68  3623.28
-2586.16  1919.02
-11138.7  2943.58
-3339.37  3611.93
-3096.35  3125.11
-3771.83  2791.81
5901.27 2931.44
6498.81 2993.58
-3173.05  3184.09
-3807.9 6976.65
5921.63 2937.08
-3340.82  3542.32
-11334.7  2916.35
-3097.18  2385.21
-3125.09  2508.68
-3002.46  2041.66
-2540.44  1918.63
-2981.86  2000.63
-3451.55   2719.8
-4286.96  2806.48
-3063.13  2430.56
-843.031  3789.74
-2566.81  1775.34
-3351.12  2460.24
-3195.5 3577.99
-3807.25  4169.99
-754.333  3735.25
-3627.17  3181.37
-3143.77  3112.75
-4411.61  2777.46
-3546.3  3004.9
-3486.16  6597.74
-3103.45  2392.73
-8794.54  2894.06
-3121.4 2909.36
-3210.83  3681.77
-3352.94  2609.33
-3486.16  6597.74
17333.2   11008
-2504.29  1790.37
-3354.2  3721.5
-3379.58  2415.34
-3242.68  3466.98
-4492.05   2796.6
-3210.98  3643.63
-3513.4 2390.24
-5062.92  2826.87
-3314.31  2585.08
-3513.4 2390.24
-3166.04  2491.05
-4326.45  3946.97
-3241.5 3703.44
-4059.79  2766.99
-3205.94  2774.68
-568.61 3892.77
-10668.4  2926.13
-9595.69  3057.73
-3104.13   2619.8
-3072.08  2577.57
-3136.17   2723.1
-399.836   3841.1
-3784.1 3971.57
 -12320 3278.72
-5309.89  2771.82
-3711.34  3133.45
-3201.02   2947.6
-431.776  6083.21
-3242.06     3683
-61.4986   3885.6
443.813 2220.18
-4836.33   2752.3
-3448.43  2432.23
 -11312 3213.89
-10536.4  2939.15
 -11312 3213.89
-22072.2  14042.5
5998.82 2442.04
