9501.53 1852.79
9512.67 2042.88
10489.5 3878.34
 9534.6 1955.22
9513.95 1954.07
9511.65 2001.59
20264.1 6649.24
9472.01 1977.52
10185.3 3917.09
 917.19 3545.14
 583.57 4409.89
817.337 2321.64
1015.77 2315.07
945.019  3507.8
613.375  4005.4
9512.54 2022.71
664.742  2994.3
 9478.5 2073.29
910.154 3045.33
951.655 3375.95
994.946 2883.32
910.694 2901.02
 980.15 3252.39
896.319 3516.86
9471.62 2025.05
-2061.64  2857.06
857.537 3506.04
1006.22 3034.76
651.219 2710.63
15845.5 3134.76
19725.6 3277.32
963.236 3091.45
531.828 6834.19
15960.9 3149.02
868.735 3434.79
-2133.13  2833.81
1015.13  2320.4
991.239 2440.55
9092.34 2145.45
9511.72 2021.77
9118.84  2106.9
  819.5 2642.68
 469.31 2718.74
1031.07 2366.59
10524.8 3939.46
9486.05 1881.26
863.267  2392.7
 948.94 3471.72
595.322 4046.74
10549.1 3889.81
730.641 3081.02
982.033 3023.34
410.644 2696.77
749.444 2916.95
 707.11 6448.22
1010.57 2327.41
-1112.5 2805.59
992.344 2827.37
943.198 3575.43
859.806 2538.18
714.215  6448.2
18477.9 10713.2
9539.26 1892.57
870.593 3609.34
 855.75 2345.69
919.011 3363.55
387.488 2712.73
939.796 3535.89
780.613 2323.62
160.992 2749.13
 880.21 2515.57
774.784 2323.37
966.216 2422.19
431.468 3822.92
930.568 3594.84
533.397 2686.54
941.365  2694.8
13426.5 4124.26
-1850.45  2837.01
-1441.69  2957.84
1003.72 2545.19
1027.14 2503.95
991.088 2650.63
12933.9 4062.25
627.281 3845.51
-2560.83  3194.61
164.521 2688.83
-2072.34  2970.98
949.107 2862.12
  10724 6299.51
923.579  3572.3
14312.9 4148.32
1749.27 2179.82
289.079 2670.62
818.729 2365.67
-2119.17  3123.42
-1773.91   2845.6
-2141.67  3120.68
-22882.8  14141.1
8993.45 2521.59
