6171.1 2197.6
5706.6 1879.3
6167.6 2250.3
6161.2 2196.4
6171.3 2244.7
6187.7 2159.6
6183.9 2911.1
5820.1 1873.9
6132.1   2180
6140.5 2155.1
6293.5 2004.5
6180.8 2243.5
908.07 2102.4
6179.4 2261.5
6348.2 2482.6
5836.9 2116.4
6284.2 2483.2
6132.8 2171.7
6284.1 2017.3
6393.5 2225.4
6312.6 2198.7
6286.4 2068.1
6201.8 2263.4
  6286 2259.5
6313.9   2253
6117 2184
6283.1 2115.3
6298.7 2016.6
  6034 1933.3
6152.4 2242.1
6310.6 2022.8
1973.9 475.17
6277.7 2199.5
6402.8 2333.3
  6291 2178.6
  6313 2048.6
6284.2 2483.2
6289.5 2435.8
6218.4 2017.8
6149.2 2193.2
6348.2 2357.3
6153.7 2189.4
6153.3 2257.6
6485.1 2332.6
6277.8 2465.8
5717.8 1855.1
6331.2 2454.4
  6285 2030.9
6182.8 2198.1
6176.9 2125.8
6140.9   2178
5693.6 1875.1
6372.7 2188.7
6286.9 2205.1
6504.2 2343.8
6361.7 2252.3
  1541 2405.9
5479.7 1795.7
6285.4 2480.3
1291.8   2059
6106.2 2251.1
6285.9 2282.3
6284.5 1992.7
6331.2 2398.2
5982.2 2267.9
6156.2 2183.9
7116.1 2517.7
2471.5 1725.9
6191.3 2261.6
6178.7 2142.8
2695.2 1983.3
1539.2 220.72
2417.4 1738.1
6309.7 1982.9
1595.3 204.84
  1526 228.36
6336.3 2471.3
6297.1 2073.8
  6516 2337.8
  1526 228.36
  5838 2047.3
4387.1 2964.8
6149.9 2139.3
6285.8 2006.9
6164.4 2204.5
  6360 2480.5
6596.1 2332.3
3824.5 1961.7
6324.3 2407.2
7131.3 2506.8
  6360 2480.5
6297.2 2442.6
6289.5 1985.7
  6450 2344.7
  1445 2063.8
6303.2 2334.6
5535.5 1805.8
5827.6 2027.5
  5629 1796.9
6177.6 2153.3
6285.2 2393.1
2417.4 1738.1
6180.7 2192.5
7046.6 2524.2
6279.3 2409.2
6290.6 2353.7
5577.5 1811.8
6376.4 1908.5
6173.8 2206.8
7030.5   2516
  6629 2352.4
7046.6 2524.2
6300.3 2268.8
6290.3 1993.3
2807.7 1854.9
5461.5 1775.3
6805.2 2539.6
1337.3 2075.6
6176.1 2174.1
991.69   2104
6565.7 2355.6
6348.6 2464.9
6141.3 1896.6
6848.6 2463.5
7066.3 2523.6
3425.9 1707.4
