  7067 2389.6
7093.1 2391.8
5800.6 2171.7
4240.5 916.84
6912.5 2246.5
3370.9 380.42
2942.3 419.05
2869.9 972.16
1509.8 4043.4
5465.2 2014.3
1135.2   2141
  7229 2337.2
4218.1 879.55
7228.4 2372.8
5858.7 1696.6
2713.9 729.96
2677.2 3483.4
  1466 4046.5
6384.9 3014.7
1460.4 4077.7
  1485 4076.6
1465.7 4045.6
  1471 4067.1
2469.5   2118
3188.1 847.89
6299.6 1756.1
1477.5 4055.2
2404.7 930.79
3198.2 837.85
5968.4 2147.7
5085.8 2429.9
2913.6    895
694.91 2205.9
2660.7 398.45
7092.9 2252.8
5865.4 2205.1
2662.1 402.07
  3697 867.84
5818.1 2444.4
6388.7 1987.6
6689.4 2039.7
5831.3   2201
3064.7 708.16
5815.2 2202.8
699.87 2133.2
5825.6   2204
2709.4 1891.2
6467.2 1961.7
4720.2 1839.4
6201.5 1685.7
6149.8 1982.8
3199.7 733.02
5910.9 2122.9
2488.8   2098
5260.9 1829.1
3364.8 880.85
  3026 745.76
2936.4 368.36
7238.6 2375.8
4876.6 1590.8
3031.5 766.85
3948.3 730.65
6180.9 1985.8
4444.3 1970.9
6868.8 2049.5
6628.5 2024.3
5975.8 2412.4
2938.3 363.62
6523.2 1963.4
749.66 2195.1
6346.9 1966.7
5557.8 2883.8
6246.6 1923.9
3524.9 2034.2
2711.7 1893.1
722.75 2209.1
4128.3 1962.5
6410.3   1965
2633.3 1989.6
5959.1 1708.8
3833.8  693.8
3505.6 2013.7
3504.3 2017.5
743.41 2184.4
6269.1 1949.3
3004.5 723.28
6040.6 1925.7
2836.2 1140.9
4166.6 1527.3
5811.1   2086
  6659 2040.4
6176.9 1933.5
1123.3 2010.5
3820.4 1831.6
6093.7 1903.6
2941.3 357.69
6198.8 1922.6
2836.3 1137.2
3180.9 734.77
5842.2   2126
3032.2 1835.5
5752.4 1686.2
6780.7   2023
4445.9 2015.9
5807.8 2434.5
2836.3 1126.4
5802 2443
  2877 1821.8
5513.3 1845.6
3355.9 880.81
  7049 2528.8
6462.7 2035.1
6462.5 2038.3
5795.6 2446.3
1743.8 2075.5
5949 1755
6329.9 1959.9
5236.5 2052.3
6891.1 2336.3
5494.1 1850.3
6628.4 2025.9
3209.8 2619.2
  3195 708.34
6143.5 1932.1
3588.1 2006.4
5129.9 1862.9
6876.1 2379.9
6040.5 1929.5
3578.6 2025.5
3100.1 760.54
5469.9 1843.9
6041.8 1899.6
5006.9 1818.6
5445.4   2731
6489.9 2006.8
6834.2 2050.1
2631.6 2038.3
6276.2 1950.1
  2728 387.62
  4470 2063.6
6405.6   1964
3708.7 937.49
  5722 2124.6
6466.7 1959.1
760.28 2171.4
6179.8 1987.9
2632.3 2033.7
  3499 2034.1
5727.5 2113.5
6695.1   2006
6608.8 2040.9
5835.3 2279.2
3364.6 368.99
  1713 2117.6
5468.5 1837.9
5788.3 2123.9
5669.4 2023.1
5686.7   2874
5831.5 2340.4
6104.2 1737.5
5492.1 3032.3
2355.6 1589.7
5861.4 1905.5
6533.1 1975.7
4445.4 2010.1
1485.8 4023.2
3507.8 2003.7
2719.2 1895.2
2949.4 340.96
5050.4 1619.9
5782.6 1911.8
3253.8 1786.5
6285.2 1954.8
5790.3 2460.6
5558.5 1693.7
2800.3   1938
6043.9   1934
4445.7 1952.7
3521.5 2035.3
5877.3 2684.6
5230.5 1814.2
6043.2 1931.8
5791.4   2674
5931.1 2702.2
6513.1 2011.5
5342.2 1859.8
6623.3 2044.2
4401.7 2806.8
6145.5 1943.7
5626.9 1655.7
5422.6 1829.7
6517.4   1963
2907.5 1554.1
5418.9 2210.6
