4146.2 2244.9
5509.8 841.56
3415.3 821.36
2610.8 885.99
882.27 1983.4
882.68 1983.2
4312.1 2021.4
4983.6  837.3
5624.8  965.2
746.05 2517.7
908.07 2102.4
982.25 2450.2
4607.3  781.4
5789.6 2181.8
4244.3 797.51
5123.8 2213.3
5431.9 832.03
5441.7 836.85
2953.1 769.73
5663.4 3022.4
4962.2 832.38
  1838 958.75
1204.7 2121.7
1780.4 1567.8
1540.9 2363.9
  1192 2101.9
5399.3    843
1344.1 2152.6
4760.3 717.62
5525.1  943.2
3612.8 208.88
3724.8 779.59
5544.2 854.85
1305.8 2381.3
1917.5 1811.1
5424.6    917
892.67 1978.7
3574.5 243.86
  1316 2153.2
  1303 2156.6
1313.3 2155.6
2623.2 1705.8
709.73 1994.1
1588.3 1884.4
  5565 847.44
5410.6 805.94
5138.5 2221.1
3971.4 646.97
5773.8 864.21
  1631 1875.2
3167.5 1703.6
1215.6 2349.4
4027.1 3122.9
1833.8   1807
1135.7 2758.8
1702.8 1786.8
4488.3 1960.5
1228.2 2106.2
  5010 1907.6
2636.2 1908.2
4468.5 1939.9
4468.4 1943.5
5192.4 1990.8
1453.6 1851.2
858.93 1765.2
2526.2 1776.2
  1683 1811.7
  1276 1921.3
487.88 2047.6
1517.2 1813.7
3199.2  643.2
5670.9 521.68
4682.6 1758.6
1328.5 1677.5
5430.4   1773
5423.4 777.63
1296.5 2372.1
5586.4 839.93
1291.8   2380
1700.4 1794.5
2086.4 1846.2
  1286 2383.6
2118.9 940.94
5348.3 1978.9
4458.8 616.95
2093.5 1768.1
3345 2160
1486.7 1829.5
1500.3 1828.4
1557.3 1830.6
4458.8 617.16
  4548 1939.2
2845.4 1754.8
2917.8 2240.2
  1455 1855.2
5312.8 865.49
4538.1 1954.1
2130.3 419.93
5282.1 1754.8
1467.5 1823.9
5973.4 951.93
5314.4 1765.1
  5441 2647.4
2096.1 1802.5
  2635 1958.1
4995.1 3049.3
4888.6  691.4
  2342 1749.5
5323.8 833.09
4498.4 1981.9
3693.6 1678.9
1664.1   1872
613.55 2015.9
2634.8 1953.3
4461.5 1960.1
2632.3 1712.3
2214.4 1811.8
  1318 2225.7
2701.3 1981.7
3381.5 1967.6
1972.5 774.92
1120.4 2755.9
1310.1 2283.7
970.63 2497.6
1592.7 1627.4
1038.9 2869.9
2288.5 1511.8
1294.5 1875.5
2458.8 1722.3
5578.9 827.44
2639.1 1938.5
1246.7 1706.8
  1229 1899.7
1716.8 1814.1
1282.2 2396.4
2807.7 1854.9
1459.5 1859.2
2649.2 1971.6
  5535 487.46
1358.8 2609.9
4678.3 1699.3
1457.4   1857
1295.7   2594
1374.4 2628.4
955.62 1933.7
2450.6 1795.7
633.21 2628.2
1569.3 1839.9
3545.8 1667.9
