6517.53 2400.37
6579.74 2401.46
4832.4 2301.5
3957.79 1693.18
6194.02 2293.07
 3513.5 1337.98
3276.74  1342.5
3275.22 1714.57
2316.49 3453.34
4594.45 2229.74
2140.45 2265.43
6943.66 2346.75
3947.83 1671.36
6939.89 2379.56
4910.71 2027.03
3172.19 1548.75
3196.96 2950.89
2272.24 3467.31
5420.35 2815.47
2258.08 3494.89
2283.25 3487.24
2272.17 3466.65
2271.74 3483.09
3109.32 2296.65
3434.56 1653.61
5337.83 2013.07
2281.47 3471.45
3008.34 1652.73
3439.34 1647.74
4973.26 2281.77
 4354.6 2443.48
3294.05  1669.9
1589.91 2280.89
3105.76 1296.85
6587.86 2282.87
4883.63 2317.81
3107.09 1299.97
3688.36 1674.72
4841.55  2449.7
5415.24 2155.94
5823.18 2159.53
4855.99 2316.61
3364.04 1558.47
4843.03 2318.08
1591.73  2229.8
4851.32 2318.43
3228.77 2193.42
5515.83 2130.42
4167.87 2166.81
5238.69 1979.83
5153.17 2173.75
3436.11  1581.1
4924.68 2270.15
3119.22 2287.46
4471.19 2142.26
3524.53 1679.05
3345.47 1581.18
3268.92 1301.91
6969.66 2381.86
4259.51 2036.98
3349.53 1595.23
3815.27 1586.13
5184.49 2173.14
4028.62 2234.73
6131.57 2143.48
5731.91 2155.57
4973.38 2431.44
3269.61 1298.27
5589.68 2125.14
1670.23 2277.06
5367.72 2146.35
4657.23 2678.63
5259.18 2128.61
3611.07 2268.55
3229.97 2194.38
1631.85    2285
3881.26 2234.45
5443.81 2138.81
3192.28 2238.68
4997.36 2024.11
3757.84 1564.17
3602.42 2259.25
3601.85 2260.96
1660.44 2269.21
 5281.3 2142.62
3332.71 1565.16
5051.98 2147.79
3266.45 1811.46
3904.64 2027.27
4844.08 2253.89
5775.99 2163.59
5184.79 2141.11
 2119.1 2184.02
3742.94  2176.1
5104.37 2130.02
3270.84 1293.76
5208.46 2132.32
3266.31 1809.36
3426.42 1581.47
4867.48 2274.76
3384.71 2173.15
4824.26 2030.96
5975.86 2135.39
4028.76 2255.59
4833.39 2444.35
3265.77 1803.21
4828.79 2448.96
3310.13 2163.88
4635.21 2137.96
3520.09 1678.82
6475.95 2516.42
5502.49 2180.34
5501.93  2182.5
4823.75 2450.76
2663.23 2256.19
4983.55 2053.27
5348.68  2143.6
4447.94 2256.82
6147.26 2364.03
4621.72 2141.57
5731.58 2156.72
3470.65 2528.66
3432.66 1564.74
5151.02 2143.17
3639.15 2256.13
4391.02 2165.15
6117.37 2397.97
5051.59 2150.07
3634.95 2264.74
3385.37  1594.6
4605.58 2139.48
5055.23 2132.02
4322.23  2147.5
4576.14 2595.59
5540.48 2158.58
6067.14 2148.81
3192.33  2261.7
5289.05 2142.46
3146.16 1296.13
 4039.7 2277.33
5438.15 2138.63
3693.98 1716.34
4773.09  2278.6
5515.47 2128.71
1683.82 2261.42
5183.19 2174.52
3192.61 2259.54
3599.54 2268.44
4777.68 2272.38
5836.39 2134.16
5701.09 2169.55
4857.18 2359.44
3509.67 1328.89
2642.46  2277.5
4604.96 2136.34
 4824.4 2275.73
 4737.8 2225.82
   4750 2678.88
4853.05 2392.97
5131.59 2025.77
4618.76 2754.55
3029.02 2030.19
4895.39 2149.28
5601.71 2132.49
 4028.6 2252.92
2298.07 3443.04
3603.37 2254.73
3233.78 2195.55
3274.09 1280.92
4355.85 2043.65
4830.79 2158.15
3487.16 2153.08
5298.58 2144.61
4819.59 2458.48
4677.08 2051.38
3274.89 2217.46
5054.41  2152.5
4029.56 2226.23
3609.56 2269.04
4892.78 2582.17
4453.21 2135.94
5053.93 2151.24
 4823.2 2574.03
4938.59 2593.65
5570.71 2159.36
 4520.8 2154.42
5721.98 2170.31
4006.73 2614.82
5152.03 2150.13
4730.15 2024.32
4574.64 2134.46
5581.89 2125.55
3318.51 2033.96
4558.17 2332.07
