3498.81 2357.47
 3887.7 2361.95
   2258 2262.01
3548.45 1643.63
 3965.5 2259.71
3096.88 1264.59
2354.85  1263.6
3703.19 1654.18
2402.15 3492.78
3483.69  2188.6
1876.96    2226
4823.39 2307.39
3964.78 1619.04
4378.06 2338.66
2819.08 1998.55
3161.87 1481.53
7292.19 2918.12
2360.89 3501.62
 4740.4 2758.82
2345.62 3529.62
2369.23 3524.93
2360.47 3502.43
2359.27  3518.6
2210.52 2257.54
3440.56 1589.74
 1841.8 1989.81
2369.12  3507.4
4232.64 1588.42
3446.82 1584.18
4980.33 2250.66
2517.16 2405.93
 2841.7 1609.36
2196.66 2244.89
3098.08 1211.72
3959.18  2244.6
2344.58 2282.55
3531.75 1217.13
3702.34 1620.14
2315.81 2413.08
2771.06 2123.42
3170.86 2131.99
2318.91 2281.66
 3355.7 1488.74
2307.01 2283.06
1782.26  2188.8
2316.52 2282.94
2330.68 2148.71
3179.57 2100.75
1591.71 2131.26
4798.28 1953.59
2536.07  2143.4
3012.23 1514.34
 4941.9 2235.19
2229.52 2246.43
2980.87  2102.2
 3536.6 1622.31
3338.56 1516.18
3275.03 1217.67
4386.42 2342.23
3847.04 2001.14
 3340.6 1533.99
3829.09 1530.44
2568.89 2141.05
4042.01 2199.65
3446.14 2112.67
 4902.5 2122.51
2229.44 2393.25
3275.54 1214.32
 4629.4 2096.57
1868.17 2237.14
2713.54 2116.26
2141.64 2639.08
2617.46 2096.38
4049.94 2229.22
 1917.6 2150.85
2232.94 2249.55
 4320.9 2191.74
5070.75 2108.74
   3192 2199.89
2859.11 1994.56
2864.49 1505.75
4040.71  2219.9
4040.61 2221.59
4423.37 2227.35
4079.67 2112.68
3320.96 1500.87
2422.39 2114.37
3273.85 1754.82
1772.07  1988.8
4860.18 2220.52
3130.86 2132.46
2604.33 2108.95
2266.52 2141.61
1221.85  2141.5
2473.16  2097.6
3276.18    1210
4630.58 2100.57
3271.06 1749.47
 3432.1 1521.34
4874.77 2239.33
4150.84 2128.49
2291.99 1996.48
4583.05 2103.63
4482.51 2218.42
2307.09 2407.67
3267.97 1743.12
2302.81 2412.17
2008.34 2118.71
2616.21 2100.53
3532.22 1622.11
2961.27  2467.1
2546.53 2154.76
2881.73 2150.54
2297.43 2414.19
4519.61 2215.89
3111.53 2025.21
2882.34 2110.14
 4911.8 2222.48
3531.14 2324.47
2448.88 2104.34
3268.62 2122.32
4188.09    2499
3002.77  1498.6
2507.39 2110.52
4079.35 2218.23
3293.22 2131.04
3335.17 2358.37
2423.92 2116.83
4074.25 2225.41
3373.92 1531.67
 4488.1 2102.31
2432.09 2099.48
4507.92 2106.02
 4571.6 2552.91
2885.68 2128.27
3329.69 2116.36
 3192.5 2223.73
3028.78 2112.14
3151.64 1204.59
 4054.5 2239.05
3686.15 2104.78
3707.16 1659.54
4337.94 2243.19
4338.67 2097.37
1479.83 2221.65
2594.05 2141.41
 3192.3 2221.43
4037.03 2229.45
4342.72 2237.92
3184.51 2104.28
2957.67  2138.5
2323.58 2323.75
3089.97 1254.58
3226.55 2236.25
4633.87 2100.54
3546.65 2237.82
4755.74 2191.64
2125.66 2638.12
2318.01 2356.98
2518.14 1994.77
2028.69 2714.79
2985.69 1984.88
2280.29 2115.39
3092.59 2103.08
4481.42 2215.44
2385.53 3481.53
3194.17 2214.46
2339.67  2152.4
3280.35 1193.49
2215.63 2005.13
2218.61 2124.31
3402.78 2108.03
 2629.8 2112.62
   2294 2421.55
3536.51 2021.93
 3276.9 2178.23
 2428.1 2119.53
4482.35  2190.5
3200.02 2230.45
2362.64 2543.34
4150.43 2099.42
2426.13 2118.08
2305.46 2535.56
2376.08  2553.5
3354.24 2123.99
1920.07  2118.6
3090.83 2139.56
1498.13 2579.32
2517.77 2116.75
4254.62 1993.55
3619.26 2099.28
4004.02 2102.14
2065.98 1986.94
4610.99 2298.96
