6875.3 2266.9
5974.1 2413.3
5961.7 2413.1
6673.1 2080.7
  6565 1401.4
6231.8 2015.6
6603.9 1898.9
  5490 2519.4
4718.6 1884.5
5967.9   2412
7147.7 1662.8
6619.3 1901.5
4791.8 396.08
1441.8 1227.3
  5232 2398.6
6815.1 1501.8
3580.1 2296.6
4623.7 2101.7
4895.5 820.12
7133.2   2147
4621.6 2104.1
4878.8 1893.6
6784.3 2040.3
5279.1 499.91
6017.9 2443.5
4720.6 1884.9
  6839 2575.9
5481.9 2595.2
1947.1 823.48
6902.5 1398.6
7126.8 1987.9
  6712 1385.4
7007.2 2495.7
5784.7   1732
6647.6 1286.1
1979.4 2716.7
5067.6 1659.3
4987.5 1584.5
7175.5   2169
6737.7   2502
6100.2 1815.5
4959.3 1661.6
6974.1 1578.8
6507.7 962.11
7167.2 2033.2
7029.4 1507.5
4301.7 1505.1
4939.1 1582.2
6649.6   1301
6848.9 1436.5
  1342 1012.1
  6649 1300.5
  5256 484.95
7151.2 1578.4
6956.4 1232.9
6463.6 2107.8
  7207 1705.6
6947.1 1469.5
1695.4 1698.3
6610.2   1889
3325.1 2151.9
5382.3 1009.8
7031.1 2273.8
2366.2 2506.4
5459.6 525.67
4507.2 1795.7
4858.5 1890.9
  4742 388.27
6723.6 1986.5
5466.6 2597.5
6035.4 1833.5
4736.6   1878
6939.3 1545.1
7242.4 1989.4
  6304 1814.6
6838.6 2317.3
7039.9 1463.9
7343.6 2309.6
5464.7 2371.1
4807.1 2003.2
  2351 2620.7
6636.1 1322.1
7045.1 1473.2
5989.4 2420.9
6624 2072
7298.8 2402.4
4543.3   2088
6887.1 2220.9
5473.8 2541.2
  6727 2157.5
6035.6 2072.8
2366.8 1623.9
6159.6 2005.6
6546.3 1830.7
7296.6 2405.7
4839.3 1878.1
2055.5 2958.5
6917.6 2243.6
  4786 366.84
7213.3 2168.8
6279.1 2589.9
5614.8 1893.8
6693.7 1400.3
6247.8 1751.9
6635.6 1322.5
4758.4 1867.5
6157.2 1958.2
5578.9 2110.9
6174.2 2170.9
1211.9   1287
5594.7 1940.1
4969.6 2117.5
4559.1 1548.2
5492.3 533.08
5644.6 1938.6
5641.5 1941.8
6121.8   1976
  6707 1333.5
5489.4 534.47
6205.6 2000.6
6716.4 1331.7
  4690 2347.2
6214.4 2174.2
6456.2 1988.7
5645.9 2203.6
4606.6 2122.1
4622.1 2424.8
5233.1 1881.3
6832.8 2226.4
6908.4 1929.6
7029.8   2124
5252.9 463.87
6660.5 2079.1
4803.1   2067
5814.1 2187.6
4573.8 890.05
5624.1 2107.9
5624.3 2090.5
4789.9 2067.7
7337.9 2346.7
4812.7 411.81
417.36 1563.8
6171.5   1948
7100.7 1493.4
1698.5   1687
  6726 1324.1
4819.5 2067.9
  5906 2890.9
5430.8 1810.7
1563.8 2109.9
2500.1 2052.6
6601.9   1357
4717.9 2054.9
4805.9 2067.2
7115.9   1488
6557.5 1227.4
4804.9   2044
4248.5   2334
7331.7   1696
5733.1 1933.7
4729.3   2052
  1382 1688.1
6937.5 1439.3
5729.7   1675
6260 1997
6033.6 2519.7
4805.3 2046.1
4705.9 1319.8
6035.4 1945.9
6300.4 1964.3
5113.3 1690.5
6776.9 1641.6
4615.4 366.44
4805.7 2068.9
6039.8 1951.7
4862.2 2074.4
  5987 2266.5
2478.1 1776.3
6152.5 1210.6
5209.8 1615.9
6691.1 1867.7
5561 1819
5856.5 1972.2
6840.1   1493
6260.1 2187.5
1145.4   2646
  6598 1247.2
1744.3 2692.8
6995.4 2085.8
5810.2 2190.9
6038.1   1958
  3356 1960.2
4492.7 323.84
6308.3 2186.7
  5934 1716.7
2359.6 1791.4
1469.3 364.31
5399.2 2171.9
5270.3 1928.4
5129.4 1607.7
  4422 676.84
6235.2 2513.5
6093.2 1999.7
5925.2 2154.7
5936.1 1914.5
5964.3 1716.2
6919.2 1928.9
2497.6   2644
5861.2 1923.2
5948.4 2271.7
  5511 1867.9
5865.8 3359.8
5450.6 528.04
6874.1 1482.2
6039.1 1956.9
4518.8   1840
7103.6 1531.5
5879.4 1902.6
1399.8 1713.7
6857.3   2080
3959.2 1893.5
2357.4 1787.8
5449.1 570.07
5596.8 1857.8
