1391.8 2392.9
1379.8 2393.1
1105.9 2488.3
4359.8   1858
910.98   2397
7046.3 1584.6
1387.2 2392.8
503.09 2350.3
5761.7 2141.7
5759.6 2143.2
1190.9 2000.2
969.29 2421.8
736.75 2064.4
6137.5 2585.9
1102.2 2551.5
7019.2 1934.4
4098.4 2498.5
170.45 2577.3
911.03 1858.4
1281.2 1740.2
7070.3 2129.3
2944.7 2499.2
1260.3 1797.4
7062.3 1983.1
5525.3 558.14
7021.4 2170.8
5048.6 1571.5
278.93 2001.2
407.74 2277.5
5652.1 1073.8
7080.4 2260.9
242.74 2469.5
4803.3   3094
1475.6 1904.1
4502.2   1861
5110.4 468.54
1425.5 434.25
1086.6 2552.8
7156.4 1937.5
  7151 2270.9
7297.1 1720.5
1080.9 2368.3
5249.4   2006
   235 2528.1
7084.4 910.17
1406.6 2400.7
5755.7 2332.8
6943.7 2209.5
1093.1 2508.4
682.36 2134.7
1018 2096
429.33 1956.2
5754.1 2337.6
635.89 1328.8
6270.1 332.29
7121.1   2132
6537.5 2554.7
7273.9 1663.4
762.62 2017.8
7147.7 1585.3
1115.7 2151.2
5213.6 1892.6
6865.5   1891
 830.4 2202.2
262.37   1986
6188.7  385.7
5732.2 603.21
5271.9 1887.8
397.25 1414.9
5272.9 1893.6
6721.3  693.6
5798.6 1914.6
5730.3 605.09
5892.7 1942.7
6092.4 1058.1
6668.1 662.06
5275.9 2087.8
199.51 1753.3
1207.4 2217.3
5341.7 1621.4
6828.9  976.2
6883.6 2241.1
3699.8 2395.8
100.68 2515.5
6967.5 1924.9
6624.8 634.78
5522.6 537.64
5903.6 1956.2
5245.8 2065.9
1294.6 2186.3
5969.5 2147.2
5252.2 2065.4
5879.5 2095.5
2106.8  188.6
6625.7 637.05
5997.3 2955.6
6870.6 797.89
6995.6 891.89
101.47 2260.4
265.42 2232.3
5179.2 2053.1
4448.5 2033.3
6280.3 371.55
5959.1 1708.8
5245.6 2044.6
595.61 2372.7
  6194 767.87
 354.9 1678.8
  5181 2054.3
369.4  1935
5230.5 1814.2
1491.8 2498.6
1718.2 1450.9
6047.9 1926.9
429.11 1915.8
6643.4 488.25
3582.3 2020.5
1370 2251
 269.6 2090.2
981.06 1801.1
6430.6 1783.8
553.31 1858.1
1116.6   1905
6857.9 793.24
6656.4 1386.4
6209.1 1735.7
6193.4 1056.9
 145.8 2566.8
426.28 2173.2
 402.7 2593.3
1779.5 1165.9
1302.1 2151.8
6113.2 1731.3
244.92 2098.7
1011.7 2214.5
942.02 1809.8
5699.1 1936.2
6977.8 1923.9
262.73   2540
4989.7 954.35
1371.3 2257.8
  1096 1954.7
7260.8 2935.7
  6392 1250.7
   685 2043.6
6333.6  376.3
382.58 1949.6
6043.2 1931.8
422.23 2055.8
5690.2 643.01
