 7031.2 2305.19
2361.58 2419.64
2350.93 2419.66
 3638.5 2176.24
4541.57  1661.4
4077.83 2174.53
4038.45 2053.38
2083.82 2476.03
3999.58 2174.87
1858.49 2417.19
6662.83 1683.86
3977.51 2053.73
4135.14    1272
915.206 1749.19
 2357.5 2419.55
6312.49 1666.08
1244.89 2374.98
4831.95 2282.08
 2655.5 1572.84
4222.73 2161.32
4830.24 2282.99
2155.26 2176.79
4148.43 2130.75
4869.82  1266.9
1929.67 2433.92
1605.43 2179.98
5157.54  2534.1
2079.14 2515.31
1192.58 1552.22
6115.24 1512.14
6491.18 2016.88
6147.86 1592.73
3871.57 2475.46
2435.11 2043.22
   6059 1523.73
510.434 2565.55
1820.22 2054.62
 2221.4 2020.76
6572.73 2177.25
3338.27 2476.08
2064.22 2067.37
2206.94 2055.06
6221.51 1666.18
5045.87  1257.1
6579.65 2050.58
   6391 1566.25
4213.55 2004.47
3691.16 2021.75
5608.43 1531.28
5988.98 1576.27
800.025 1587.03
6055.81  1536.9
4848.65 1254.06
6705.37 1579.25
5947.13  1285.7
6456.58 2219.01
6857.52 1694.92
6197.98 1565.57
739.575  2062.8
3792.49  2045.9
1058.66 2313.01
4849.72 1636.17
6581.33 2289.53
698.966 2467.71
5458.05 1238.72
2414.76 2139.23
4069.94 2173.81
4537.26 1264.88
3821.61 2100.74
2062.25 2516.38
2466.39 2082.02
3147.61 2177.21
6149.13 1651.63
 6825.3 1986.88
2743.02 2040.79
6958.07 2346.27
6448.44 1516.43
6753.38  2292.1
2056.19 2401.21
4479.23 2226.83
678.814 2518.81
5580.06 1557.01
6457.31 1522.57
2374.66 2424.25
 4010.8 2174.16
4822.55 2388.19
4336.33 2278.19
6289.47 2258.91
2069.89 2488.61
1530.44  2225.6
1974.13  2225.3
1061.63 2053.42
3149.64 2179.29
4380.63 2011.38
4821.24 2390.85
3620.13 2170.95
547.823 2670.85
4122.47 2277.28
4134.44 1249.96
6694.76 2172.14
5616.61 2522.89
1638.06 2149.29
6111.26 1610.25
4566.39 2002.82
6019.81 1564.25
 3580.4 2169.03
2544.22 2144.59
2086.26 2266.56
2562.23 2274.76
 754.41 1755.75
4461.14 2169.03
1747.63 2283.89
3914.44 2016.09
5027.89 1239.09
4497.76 2164.12
4498.15 2167.14
 4872.8 2151.18
 6161.5 1542.63
5025.48 1241.36
4949.71 2161.45
5276.49 1530.89
2610.15 2399.88
4493.35 2268.35
4225.25 2135.78
2184.25  2311.6
6170.28 2288.95
   3689 2428.63
 3351.9 2161.59
4377.67 2270.23
6380.66  2019.7
   3981 2161.39
4851.43 1236.41
4958.22 2168.69
4475.19 2257.89
2267.87 2296.34
3524.85 1655.49
4479.18 2257.45
4929.96 2251.13
3592.51  2263.1
7087.72 2340.49
4586.52 1275.37
1733.87 1791.13
3309.84 2141.28
6594.38 1504.35
2949.28 2043.52
5769.44 1516.42
3608.91 2262.68
3775.77 2679.96
2474.22 2114.01
309.948  2271.8
742.457 2263.55
5047.27 1602.99
4434.78 2253.16
4040.52  2257.7
6633.35 1491.48
 5929.5 1502.72
4475.68 2246.92
1405.92 2394.58
6915.36 1603.23
2024.12 2166.55
4435.84 2253.72
932.001 2023.54
6183.17 1541.09
4350.59 2009.67
4545.12 2158.71
 2447.5 2479.99
3599.99 2253.09
2571.21 1887.93
5090.95 2140.73
2807.21 2138.84
2773.78 2068.65
4386.16  1801.2
4453.68 1262.84
3603.54 2263.21
2430.46 2152.82
3635.23 2256.42
2339.55 2337.04
733.649 2139.97
5031.24 1633.48
1900.21 2024.13
5526.71  2004.7
2068.54 2109.62
3239.95 2178.28
5945.89 1641.73
5001.93 2279.99
112.765 2541.04
5393.65 1502.08
443.845 2557.46
3881.66 2134.27
2272.06 2305.84
2240.51 2155.63
1086.93 2230.62
4394.2   1246
2273.48 2276.07
5173.92 2011.05
674.881 2143.42
1156.63 1037.51
1973.75 2301.57
3096.01 2182.39
1853.02 2024.81
4048.48 1520.34
1383.02 2489.28
4792.66 2169.56
4669.36 2275.74
3022.45 2140.24
3307.68 2021.32
6402.78 2016.68
745.647 2528.13
2677.78 2148.62
2340.91 2341.04
2050.71 2139.91
7111.77 2915.74
5441.98  1241.7
5590.58 1606.88
1525.35 2159.31
3014.62 2162.68
6588.48 1556.43
2986.82 2138.64
963.337 2038.79
5086.11  2144.1
5180.19 2204.76
1064.02 2134.64
4976.42 1286.76
2616.36 2127.81
