-375.208  2531.48
-340.383  2531.59
803.583 2355.25
2173.21 3285.13
-357.782  2533.65
-6855.59  4865.91
1317.92 2543.36
3816.26 2673.42
 2335.2 2960.89
2338.54 2957.34
1912.21 3285.34
-500.233  2478.35
2170.05 3284.69
-3944.59  2166.61
818.479 2234.94
-6256.11   3805.4
-5080.42  2351.47
6339.25 2048.34
1552.77 3677.36
1684.49 3786.08
-6587.29     3299
-3351.27  2350.22
1746.56  3656.6
-6600.07  3702.39
708.483 6172.38
-2091.3 3177.93
1950.45 3803.27
7044.92 3740.69
4167.98 2874.14
717.077 4973.17
-5287.92  2943.59
5615.11 2381.77
-575.442  1446.38
2495.59 3401.44
1945.84 3287.54
1787.89 6139.96
8591.97 7162.23
850.582 2231.91
-7417.82  3909.58
-8376.39  2937.78
-7956.35   4842.8
856.397 2590.32
2039.47 3115.06
 5643.5 2212.67
-9358.98   7603.1
-418.452  2518.29
-7811.49  2626.21
-4274.03  3039.08
837.303 2320.98
-3337.86  3143.51
-588.017   3150.3
5679.11 3722.72
-7785.55  2615.46
8191.82 5361.07
-4400.53  7959.42
-6964.39  3321.22
-1343.19  2197.22
-7766.08   4989.3
 478.29 3386.33
-5211.46  5051.98
592.431 3017.12
532.776 3303.99
-7819.46  3793.95
1776.13 2955.74
5612.77 3784.53
-5009.25   7516.9
131.589    6221
417.251 3315.28
11137.5 5473.45
425.077 3309.27
-6180.15  7486.73
-875.56 3351.52
140.783 6214.55
-1145.24  3326.06
-3937.16  5276.44
-4403.62  7513.39
-1137.47  2991.65
11159.3 4654.73
449.257 2870.79
2448.02 3771.87
-6337.21  6580.23
2362.33 2930.82
2345.25  2500.2
7262.09 2228.38
-4561.72  3799.84
-4461.04  7511.97
 701.06 6228.93
-3013.01  3302.37
2050.06 3020.55
39.1384  2913.9
-8263.29   2961.6
489.744 3027.23
487.203  3056.2
6502.33 7154.16
-4460.54  7503.76
-8439.98  1536.83
-5866.68   7489.3
-8756.72  7376.93
7284.74 3045.55
5403.77 3045.34
2185.83 3033.43
2045.53 3020.42
-4031.04  7814.72
187.458 3775.66
2045.74 3054.56
2894.18 2624.64
-1385.53  6233.61
  10257 4677.31
2167.59 3038.31
 7886.3 3861.58
5956.14 3447.69
-547.072  2341.59
2123.82 4179.49
-615.667   3386.3
8664.17 3867.34
-3679.41   8310.5
1953.82 3013.19
-419.69 2792.75
5465.27 3465.61
1277.48 3775.36
-3275.44  3814.93
8011.13 3913.18
586.264 3503.69
-5770.28  7472.84
-4530.93  4958.18
-3794.91  3813.72
-3353.27  5369.58
6840.25  2069.4
4128.11 3141.72
4178.24 2071.98
6983.26 4772.38
-1465.6 2983.23
-387.742   3790.2
5667.62 3456.43
981.349 2901.96
1429.29 3773.29
-779.307  3299.19
-4637.28  3809.43
5397.66 2182.89
2292.63 4934.14
-310.557  2780.22
706.936 3410.92
-257.268   827.99
-4786.16  5037.12
-624.008  3366.57
-4314.18  7917.24
7824.54 3805.22
-4135.48  3380.88
5671.95 3462.37
279.19 6081.4
