3231.56 4892.77
18918.5  8422.7
  16460 5623.78
17786.7 6601.74
5228.92  4869.4
  15684 5409.92
14671.7 6620.98
  17463 6139.77
15859.4  5580.8
8577.52 4825.03
3883.57 4909.89
16246.6 6628.01
3858.32 3056.43
19023.3 5559.04
3503.16 5746.31
17286.3 5378.05
16581.2 5516.84
17538.3 5590.79
19686.6 8298.12
20082.6 8297.98
  16757 5676.86
17831.1 8352.37
16292.9 6667.23
3496.16 5473.43
3275.98 5129.29
3863.97 5110.17
3427.68 5830.51
 3882.3 4857.84
3446.3 5773.9
15959.7 5609.07
18532.8 5494.58
19887.6 7917.36
18646.6 5622.16
15105.3 5671.21
 3308.3 4769.89
21406.1 8175.02
15732.5 5878.52
3516.59 4809.66
5146.78 5600.38
3240.21  4918.1
3502.86 5791.67
3792.45 4916.45
3238.29 4836.07
15712.8 6605.86
8400.22 5651.43
15810.9 5785.13
3532.37 5599.85
3460.03 5830.46
3544.17 5830.07
3559.95 5803.94
 17178 5342.5
  15394 5356.04
15724.8 6622.11
-5940.47  2712.11
-6828.94  4040.38
3543.38  5787.9
3917.93 4845.99
17259.9  5337.3
3462.83 5784.86
-4245.07  2902.32
-3842.42   7723.5
16684.6 5325.95
16573.5 5443.82
15664.8 5444.01
14299.8  6096.1
18077.8 5555.52
3478.88 5728.81
603.919 2724.83
18944.3 5699.27
7911.35 2854.88
3233.73 4909.14
3796.15 4975.69
 3502.6 5710.73
19603.3 8151.65
3720.98 4872.34
3302.39  4974.2
14788.8  6615.4
19786.4 8182.69
-2965.28  4469.29
15662.2 5471.86
17424.1 5434.65
3501.7 5723.8
3192.76 5874.85
15894.2 6111.29
3954.26 4845.79
16189.3 5905.43
18564.1 5449.86
17403.5 7875.82
3208.35 5092.84
20011.3 7781.49
3285.38 4987.19
17421.3 6081.64
3763.73 4941.24
3760.78 4954.07
19337.8 6692.19
15953.8 6102.55
3542.76 4893.86
3776.49 4843.51
19611.5 7689.54
  16344 6761.14
3505.38 5691.77
16927.9 4965.08
15820.2 5440.57
18157.6 5375.11
3426.15 4856.25
 16509 5308.5
16775.7 5414.83
  18345 5398.44
3650.6 5311.7
8088.93 3487.53
3411.27 4845.66
5028.48 4039.06
16029.6 5920.52
3296.35 4906.02
3318.29 4873.98
1936.96  1614.9
5402.12 4911.93
8487.55 3758.92
7298.53 3540.74
5793.58 5837.71
18792.3 5593.77
15898.3 8241.05
  18021 5699.52
15476.3 5004.53
7597.26 3544.09
3476.12 5775.68
3676.82 4892.82
16882.2 8298.95
19098.5 5707.98
4198.88 6731.43
3381.48 4905.97
17861.7 6740.44
3528.77  5776.9
5690.9 1635.4
