2569.89 4806.95
16334.3  8160.9
15855.9 5487.01
17054.6 6402.71
2871.75 4763.74
  16571 5285.29
15683.3 6432.28
16747.1 5964.68
  13837 5451.18
-171.168  4744.91
3199.54 4811.84
12768.8 6443.25
-5941.84  2984.36
16754.7 5435.78
2815.71 5637.87
16584.8 5258.43
15966.3 5389.88
13902.7 5472.15
17430.8 8026.35
17766.3 8014.26
16146.8 5548.18
14972.3 8097.45
15716.4  6469.5
2817.82 5368.38
 2607.8 5015.69
3185.24  4998.8
2726.94  5713.4
3200.85    4764
2749.25 5665.11
13917.3 5477.06
10512.4 5373.86
17610.8 7639.76
16440.9 5492.81
14633.9 5545.12
2645.53 4670.76
19674.7 7873.49
13731.7 5744.44
2854.52 4721.77
2713.39 5483.06
2578.69 4831.46
2806.31 5677.85
3125.36 4816.33
2576.96 4752.26
15197.4 6412.69
94.5765 5544.36
12223.7 5645.03
2842.42 5494.04
2758.94 5717.35
2855.74 5707.45
2863.11 5687.51
15080.8 5234.28
14914.4 5250.32
13736.8 6435.94
-8958.55   2609.2
9040.98 3955.62
2846.87 5673.53
3234.11 4750.79
16555.3 5218.61
2767.75 5673.21
-8961.31  2806.93
-2335.97  7672.56
14659.5 5213.38
15952.5 5324.69
  13686 5332.73
12403.1 5956.86
15912.8 5433.08
2779.91 5619.79
17384.7    2759
16693.2 5568.22
-1327.98  2832.09
2571.68 4822.16
3124.71    4883
 2807.7 5601.25
17338.2 7883.09
 2747.5 4783.05
2646.25 4887.88
15781.7 6420.57
17518.7 7907.32
10108.2    4379
13685.8  5359.7
16706.9 5311.44
2806.59 5611.76
2051.42 5767.49
15343.1 5953.86
3259.94 4754.21
15603.4 5756.61
16368.8 5322.81
11466.1 7658.91
1477.61 4994.17
17703.7 7513.73
2629.82 4898.36
16698.4 5906.48
3096.21 4842.16
3091.79 4854.34
18420.5 6473.14
15401.7 5942.84
3026.34 4793.11
2823.1 4755.5
17412.1 7446.47
15723.2 6557.74
2811.81 5581.63
16234.5 4884.19
13818.6 5327.51
15983.2 5267.45
2986.48 4761.39
14450.5 5200.32
16129.2 5292.67
16136.1 5278.46
2972.79 5207.76
-1365.15  3427.82
2778.55 4756.31
 1959.1 3974.28
15477.2 5770.86
2734.96 4815.21
3048.96 4776.28
10786.2 1696.38
1953.29 4827.94
-731.458  3691.42
-28.6888  3482.49
 1239.2 5729.55
 16564 5470.3
14993.6 7981.38
17242.7 5544.61
13531.6 4919.41
-747.137   3487.1
2778.94 5665.88
3024.58  4794.4
14050.6 8047.68
16841.4 5577.44
3315.63 6605.08
2990.94 4808.76
15721.6 6554.22
2829.07 5663.91
4384.72 1696.34
