3946.9 1005.7
1615.3 1591.9
551.72 788.34
2845.5 797.83
183.94 1087.1
79.981 1146.1
 215.7 1597.3
161.96 1422.1
2785.2 1061.8
162.57 1515.9
1703.2 1660.6
264.49 1579.7
156.7  1113
104.51 1648.8
  2639 1911.6
3558.7 993.85
 230.7 1059.4
5554.5   1943
202.14 1085.2
 34.84 1718.8
85.095 1722.7
3778.7 619.59
141.59 1696.1
201.01 1630.6
1366.6 3566.8
123.65   1158
98.204 1180.3
262.92 1032.2
   286 1322.8
3784.9 734.24
3916.4 891.82
  3572 897.87
3819.8 586.36
  3559 1019.4
165.25   1629
3810.1 608.92
 257.1 1577.1
  3522 982.46
89.691 1246.2
60.033 1690.2
339.33 1515.9
3903.4 1065.3
14.523 1273.4
291.24 1493.7
3729.6 2059.8
3778.1   1043
512.65 991.63
2873.1 726.22
3941.3 993.16
7213.3 2168.8
179.11 1591.9
3778.5 601.21
  3613 990.02
  3944 1033.5
3825.2 1066.1
335.65 1302.6
3763.4 680.01
3801.9 586.03
3755.3  585.5
3746.7 595.88
148.02 1700.7
335.52 1299.2
89.123 1161.8
59.846 1135.7
1506.4 896.76
2624.1 1924.9
  3756 602.44
7343.6 2309.6
3537.6 1025.6
3660.9 337.99
3699.8 344.27
141.86 1705.3
84.517 1483.3
3800.8 604.32
96.462 1141.7
184.54 1684.6
198.36 1649.2
450.11 949.63
275.09 1607.1
449.81 1348.8
93.928   1684
1956.3 526.48
319.49 1043.2
25.529 2615.3
3792.4 626.94
115.19   1140
 44.74 1683.6
332.59 1039.1
3957.9 925.51
3949.9 895.77
1501.1 2250.6
3945.3 997.65
44.384 1734.1
3611.1 961.31
3779.3 634.14
6929.2   2451
7327.7 2052.5
 120.8 1182.9
3655.5 1011.4
  2809 731.62
3903.6 964.87
2818.6 745.93
110.64 1186.9
276.68 1599.4
44.319 1725.9
133.99 1687.5
3779.7 628.79
3948.4 572.68
289.36 1441.3
3515.9 1026.1
252.26 1510.8
58.741 1727.6
1389.7 2592.2
3956.5 910.19
74.865 1280.4
3913.4 958.91
6121.8   1976
162.85   1528
3664.9 594.63
3630.2 977.83
145.84 1663.7
 3632 971.6
62.542 1477.3
283.51 1446.9
2335.5 1824.3
  1490 1694.9
 165.2 1083.2
3761.9 1001.2
288.54 1304.1
3622.2 1025.8
94.953 1278.3
86.418 1491.1
287.15 1302.6
3777.9 641.92
61.178 1579.8
1673.7   1665
261.13 1615.5
2904.8 1921.6
81.802 1730.5
3412.5 923.97
3831.8 1020.7
1364.3 1564.7
197.61 1681.7
181.26 1665.5
 70.63 1731.8
  3697 804.75
3840.8 1026.1
  3757 550.04
552.23 905.92
2854.5 1486.9
266.91 1498.5
3908.3 998.05
3895.8 1013.4
2695.5   1052
6260 1997
757.48 603.86
163.97 1396.4
246.27 1064.1
3851.3 1468.6
  2567 675.21
47.108 2780.5
49.999 1702.3
432.46 918.37
103.52 1647.1
4014.7 599.34
 271.9 1719.7
554.92 897.99
3793.5  607.9
4617.7 2650.1
3681.9 1001.3
496.53 834.69
7058.7 2103.2
4053.2 583.41
96.007 1647.9
3735.9 567.68
35.848 1687.4
3414.1 265.05
3857.8 996.81
61.587 1600.4
163.73 1393.7
 47.92 1200.2
3764.2 606.98
