4334.7 1069.5
5987.6 1662.3
584.48 817.33
4203.2 820.89
382.77 969.52
224.62 1060.9
260.22 1604.7
207.17 1431.2
4162.2 1079.2
209.03   1524
6469.4 1835.7
462.84 1507.3
177.03 1150.3
263.35 1584.3
6707.4 2129.4
3967.5 1046.3
193.79 1148.9
7302.1 2224.9
168.37 1172.7
183.79 1659.2
242.29 1660.9
4162.3 680.42
189.51   1698
246.07   1636
3444.3 3890.1
274.37 1076.4
246.01   1101
 522.3 878.46
326.83 1337.9
4171.4 796.09
4303.9 966.55
  3972 955.29
4207.6 652.74
3967.7 1070.2
339.21 1559.6
4197.5 671.73
455.02 1504.3
3932.8   1040
234.75   1174
 211.2 1630.5
380.14 1525.4
4297.2 1134.6
100.79 1243.7
493.42 1413.5
6993 2275
4173.7 1100.9
389.02 1129.4
4224.7  750.2
4328.6   1057
7183.8 2190.2
356.13 1518.6
4165.9 664.18
4011.4 1045.7
4333.1 1096.4
4219.6 1140.1
374.14 1320.3
  4153 740.35
4190.1  649.8
4137.8 650.12
4134.5 658.06
319.19   1637
540.61 1213.6
235.26 1077.8
201.74 1051.7
5802.1 897.63
6697.7 2137.3
4143.9 664.43
7348.3 2337.4
3948.1 1076.2
4608.7 460.64
4742.4 485.11
190.18 1707.2
 237.5 1411.3
4187.1 667.62
 243.6 1058.1
359.94 1622.2
244.26 1652.9
448.16 1004.9
473.74 1534.2
687.96 1255.2
 252.7 1621.9
1677.5 672.92
327.05 1092.9
527.05 2665.6
4182.6 689.37
264.94 1056.5
194.46 1622.4
340.81   1089
4345.1 1004.6
  4337 973.67
6094.2 2274.7
  4333 1061.9
318.87 1604.8
4010.2 1012.8
4168.1 696.06
91.871 2499.8
  7195 2027.1
272.68 1102.1
4233.8   1074
4740.7 793.07
4287.7 1026.4
4183.8 765.61
259.25 1108.5
475.33   1526
14.774 1780.4
 182.2 1689.3
4168.3 691.69
4559.5 667.66
331.96 1451.9
3932.6   1074
296.54 1519.4
209.48 1671.9
3528.1 2641.7
4902.6   1047
219.65   1208
4296.6   1022
7286.2 2207.7
210.05 1536.3
4250.2  673.8
  4028 1033.6
317.3  1596
4030.3 1027.7
111.14 1483.4
 325.7 1458.2
6482.7 2018.1
6072.8 1757.6
184.47 1122.6
4070.5 1059.8
 212.2 1404.2
4190.9   1085
238.76 1205.4
239.67 1419.2
331.64 1315.6
4166.6 704.17
28.742 1646.5
6201.4 1779.2
457.82 1543.4
6640.3   2133
239.07 1669.7
3898.5 977.57
4094.9 1076.8
6218.1   1638
380.95 1615.4
227.88 1669.4
226.68 1673.5
4089.4 863.02
4216.8 1086.2
4728.7 668.62
547.28 962.04
4717.9 1540.3
309.04 1508.8
4239.8 1058.5
4057.6 1067.6
4672.3 1092.9
7226.7 2194.1
6735.2 718.63
332.07 1318.5
354.42 1026.9
4740.2 1546.8
4954.9 746.13
67.454 2773.6
200.29 1641.9
 510.4 908.02
151.66 1652.5
4439.5 685.45
469.47 1653.2
621.17 905.03
4181.3 670.21
3952.3 2681.4
4071.5 1059.2
574.35 829.78
7278.9 2181.4
4428.1 667.62
394.05 1503.3
4692.2 678.76
183.31 1626.7
  3869 303.88
4090.9   1053
28.696 1663.7
331.58 1316.4
 163.5 1147.6
  4154 669.08
