9371.64 5122.31
6329.21 5054.42
8699.86 5112.78
9332.49  5037.7
7679.52 5250.49
5641.56 5005.59
1251.67 3478.16
3424.33 4901.16
5665.68 5037.46
8701.82 5104.76
2716.2 3470.3
7836.34 5084.87
-1757.17  3163.56
9417.07 5349.64
8980.08 7970.83
11458.5  5106.1
7800.41 5061.64
-1799.71  3159.01
11785.8  5163.8
10487.1 5529.05
7933.98 6155.74
9341.23 5098.13
7978.31  5276.2
5673.56 5264.22
7015.85 6175.89
6971.07 6181.75
 6382.6 6222.32
6378.46 5284.21
-879.45 3169.15
8687.86 5064.83
7978.39 5269.31
11855.9    5235
11758.3 5113.86
-850.76 3169.78
-265.826  3167.56
-259.295  3163.94
10487.8 5498.99
10873.7 5085.43
7923.73 6154.24
 5718.2 5271.71
5025.26 6116.21
10140.7 5415.01
2038.81 3397.38
 5780.2 5381.47
7004.12 6184.99
6333.12 4998.93
7802.95 5084.73
-840.944  3174.54
11855.2 5390.87
4964.37  6115.1
5643.76 7268.47
5994.51 7460.27
7205.44 5093.53
9242.41 3988.96
19409.3 8193.42
6200.18  7266.8
5666.58 5122.12
7067.75  6213.4
9422.23 5412.44
6969.21 6218.71
9411.08 5147.85
-882.552  3199.49
6493.56 7270.89
  11828 5179.23
5414.82 6244.03
6786.77 7298.42
9726.76  8634.7
7561.11 8230.41
10949.5 5169.41
 5666.5 7313.97
7313.35 7261.74
7814.78 5049.59
7771.43 5029.07
5883.04 5333.06
7556.13 8225.58
-3123.76  3134.38
15658.9 836.075
6292.39 5426.73
6244.14 5111.15
6534.72 7259.87
9411.01 5109.82
6701.32 5679.79
6735.02 5704.05
3278.62 5365.21
6306.68 4977.17
7097.15 6247.41
6823.89  7477.1
6894.37 7794.54
2344.83 3135.27
6317.83 5507.36
5652.29 5070.28
6804.46 7402.87
 7828.7 5128.78
8712.79 5083.51
6229.11 7231.14
6627.59 7429.76
617.543 3234.13
-733.087     3172
6210.32 7321.42
8721.83 5085.74
7184.81 5046.21
5649.01 5069.18
6338.49 5021.62
5622.36  7335.1
4922.27 5200.94
2374.66 3132.86
6451.57  5056.9
8160.01 5690.83
3052.28    1455
-2810.94  3145.22
5698.33 5006.28
5019.73 6128.88
7804.48  5154.3
-3362.52  3185.74
6213.18 5071.27
7189.64  5046.1
5235.46 5674.09
6508.77  7339.9
5772.97 5324.21
11780.5 5230.05
10880.8 5208.14
10971.1 5153.78
10752.2 5194.46
6360.18 5155.06
4822.46 5307.12
9395.69 5150.51
 6782.5 7320.38
7106.46 7442.15
6492.96 7212.14
6290.65 5082.71
-988.564  3147.94
4856.99  5060.8
7981.42 6137.06
5228.68 5674.98
-3445.18  3161.29
6617.25 5657.38
-830.847  3280.65
7183.42  5094.7
9317.35 5056.83
17063.8 7807.53
  849.1 3155.18
6501.55 6073.88
5786.43 5288.95
-643.07 3184.64
6979.27 7719.56
8320.48 7515.83
2638.27 3407.44
   5784 5295.16
6321.85 5107.38
2469.42 3184.41
3751.51  3136.2
8166.68 5682.76
6810.14 7613.09
5506.62 5461.54
6394.01 6110.93
-1552.04     3165
8029.27 5535.51
2054.83 3127.13
6428.43 5348.32
7793.05 4960.18
5796.99 5331.82
5431.41 7325.99
1127.17  3440.8
789.082 3118.36
8694.35 7666.97
8697.17  5042.6
1071.86 3473.01
8061.99 7039.41
8828.57 7518.24
6755.65 7251.79
10585.4 8246.53
9692.57 5729.63
10011.8 3861.25
7046.81 7258.04
-1211.89  3167.97
6532.98  7760.6
 2294.9 3172.08
9344.53 5314.58
687.958 3239.74
5458.34 7384.25
8268.05 7293.24
7302.98 7265.36
799.078 3153.62
8222.87 7269.88
9674.53 5776.18
 3461.4 5146.07
6297.72 4909.57
6489.37 7244.65
7627.74  7276.4
793.078 3213.57
10042.5 5633.98
 5090.4 5940.86
10256.2  5444.2
