2565.97 1819.19
3136.22 1840.04
2385.16 1792.76
3130.22 1815.74
2555.14 1795.77
2395.25 1813.03
1632.11 1773.51
2751.91 1747.59
2802.34 1764.69
3292.31 1828.55
3263.01 1781.36
3270.37 1226.47
3485.51 1850.34
3286.87 1820.78
2988.93 1220.28
2555.12 1797.99
3144.91 1204.89
2761.53 1805.48
3138.26 1834.13
2082.18 1063.16
3478.78 1828.07
1883.47 1790.83
2770.44 1811.65
1800.8 1775.9
1732.98 1678.38
2360.15 1525.68
2393.64 1798.46
2574.17 1752.85
3285.42 1762.72
2604.59 1519.94
3113.67 1519.62
3098.45 1550.43
2302.95 1633.67
2749.79 1129.54
1128.91 1776.03
2559.54  1807.9
2727.13 1759.69
1782.56 1758.53
918.503  1076.4
2580.12 1749.72
2012.68 1787.16
1809.41 1788.88
2015.95 1796.67
3275.21 1761.28
1293.27 1738.03
 2200.9 1718.31
1670.14 1727.32
916.979 1714.63
3261.47 1732.68
 2739.9 1123.61
1617.63 1490.82
1366.46 1680.24
3275.54 1797.84
3128.34 1829.25
2770.04 1806.38
3434.89 1246.55
3107.96 1551.28
967.651 1676.24
1996.26 1784.55
2391.14 1680.58
 1781.6 1719.78
3118.16 1751.26
3090.04 1243.09
3004.49 1194.16
2918.44 1804.69
1945.48 1609.86
1713.82 1670.75
1057.43 1037.35
1946.84 1609.72
2224.46 1293.91
3163.33 1248.93
1375.26  1704.3
3286.99 1798.35
3231.12 1236.19
2606.26 1187.87
2375.36 1786.05
708.842 1464.91
1790.59 1751.39
3097.03 1256.95
3318.56 1709.68
2376.52  1729.7
3026.45 1247.44
3329.86 1546.43
1790.37 1772.47
3453.18 1513.45
2740.53 1235.33
1996.39 1775.77
2979.46 2716.21
3362.56 1236.82
2678.38 1248.82
2867.82 1153.03
2766.25 1814.56
2777.68 1819.51
1263.13 2229.16
 3237.2 1744.67
1959.26 1311.72
2520.21 997.614
2989.05 1210.18
3137.23 1721.78
1400.34 1722.16
2270.05 1027.31
3150.01 1802.05
3016.08 1250.67
2738.71  1239.9
2375.88 1795.73
3559.38 1964.15
3038.85 1657.87
853.926 1693.59
 1815.5 1743.17
3032.23 1651.71
3150.78 1721.81
3287.48 1799.03
2022.27 1794.48
3134.56 1834.57
1395.92 1699.47
2217.34 1477.43
3474.35  1833.6
3273.12 1218.01
2697.85 1108.04
1755.65 2091.41
2554.33 1786.91
1612.18 1683.89
3134.11 1701.96
3289.48 1812.67
3272.13 1217.08
2805.92 1210.82
1613.97 1684.83
2762.91 1794.52
2552.83 1803.06
3246.24 1748.67
3164.43 1257.65
1609.97 1701.16
5654.56 1699.95
2404.87 1679.25
2809.67 1251.25
2857.79 1203.33
1543.21 987.744
1815.78 1748.79
1118.72 2144.65
2372.95 1670.22
2952.52 1229.86
1943.05 1621.92
2551.03 1802.59
2923.65 1817.09
3290.45 1813.21
 3276.6 1223.84
3160.78 1818.16
3127.23 1823.67
1563.71 990.079
1932.31 1618.03
  3375 1229.7
1614.33 868.701
1597.12 1762.74
1119.31 2145.01
2308.88 1125.32
3471.54 1780.05
2055.42  1675.9
3099.65 1814.67
2399.43 1679.14
2681.09  1653.5
2374.49 1723.16
1978.48 1768.42
3279.1 1828.3
1389.33 1703.54
1602.39 868.434
1947.34 1618.55
2768.6 1788.1
1591.45 1687.09
3474.03 1800.87
2633.05 2552.48
2379.28 1191.17
2922.15 1817.37
3038.93 1650.88
2813.16 1224.82
3262.1 1747.3
1801.15 1759.35
 2014.1 1766.59
1991.33  1779.6
1943.06 2582.77
1639.42 1683.63
  3130 1838.8
 2538.6 1720.28
3122.14  1791.2
3138.92 1743.45
2400.22 1124.46
2379.35 1785.45
2882.01 1231.94
1037.87 1769.36
2812.52  1231.2
3026.69 1262.98
3138.88 1807.77
3098.47 1221.42
3162.69 1196.38
3486.5 1815.2
2347.11 1530.69
3040.15  1650.2
3058.85 1663.96
1924.82 1113.04
1416.73 1046.83
3030.46 1659.73
2255.09 1144.37
2527.24 1161.07
2759.59 1799.22
2397.65 1808.65
2534.69 1141.17
 1392.7 1712.89
3086.65  1556.5
1414.06  1047.7
3259.42 1756.62
 3025.9 1662.47
2988.84 1205.01
2767.88 1130.28
3259.93 1754.55
1643.76 1648.92
1412.29 1079.97
1761.77  1098.2
1976.44 1778.51
3012.51 1222.21
2454.17 1196.69
2067.34 1012.28
 2306.8 1639.73
3132.13 1802.14
1468.25 1108.51
674.326 1715.03
1241.34  1457.1
1730.84 1692.14
2679.79 1655.25
1981.74 1648.27
878.422 1647.59
671.311 1768.47
3295.2 1712.4
3114.64 1547.16
   1235 1689.52
2845.56 1118.28
1834.36 1779.45
2867.71  2742.9
  3107 1741.5
2770.84 1835.97
3256.58 1745.03
2445.35 1148.63
3117.69 1820.98
2164.54  1141.2
2556.75 1813.94
1961.88 1282.73
1976.09  1138.7
862.511 1686.23
3049.96 1643.42
 1928.1 1613.66
 2319.4 1302.08
 1799.5 1728.44
3113.08 1709.43
3133.37    1196
1792.19 1699.73
2304.09 1640.11
1773.73 1765.24
   3280 1232.94
2738.42 1230.47
3122.63 2266.26
2677.09 1676.72
2880.22 1118.22
2716.45 1222.44
2365.19 1721.94
2694.38 1227.42
1798.54 1701.73
 1003.2 1090.88
2233.36 1235.46
2253.99 1136.29
3061.87 1580.07
3456.68 1713.22
2325.97  1243.1
   2649 2541.25
3078.21 1654.45
3472.33 1786.46
3137.91 1851.45
1246.22 1785.98
3037.75 1569.46
2451.47  1025.6
1616.12 1694.48
3421.77 1797.83
1995.39 1173.04
2362.75  2264.7
3336.08 1244.96
3040.68 1672.84
2754.15 1108.32
1843.04 1653.16
3419.26 1588.78
1937.91 1595.43
2175.74 1710.32
   1507 1018.66
