1363.5 1264.3
2233.7 1078.2
1179.9 1284.8
2229.9 1033.7
1360.7 1228.5
1182.5 1315.3
845.07 1399.7
1640.6 1067.6
1701.2 1073.4
2560.5 1000.9
2508.6 926.44
  3058 75.788
  3835 973.62
2550.5 987.61
2091.2 254.28
1359.4   1232
2979.4 60.954
1630.5 1159.7
2238.6 1066.6
1591.5 282.88
2968.5  953.2
743.96 1455.7
1640.7 1166.4
693.68 1458.4
960.07 1228.1
1707.6 740.58
1185.5 1291.8
1402.5 1150.6
2563.7 883.53
2064.6 627.24
2314.4 552.91
3743.3  470.7
1158.9 1073.2
2333.2 101.48
520.27 1548.9
1359.8 1247.3
1600.1 1094.7
687.38 1438.8
588.35 832.86
1409.1 1143.8
848.43 1407.9
694.69 1473.8
847.58 1420.7
2541.8 883.61
431.02 1543.3
1024.1 1239.6
626.75 1432.7
430.77 1524.3
2519.6 839.62
2465.3 67.812
249.27 1389.9
977.66 1228.3
2533.1 953.52
2223.3 1059.8
  1642 1156.6
  2862 117.87
2987.3 500.49
465.88 1461.9
836.97 1409.6
1225.9 1110.2
698.64 1385.7
2230.6 925.13
2734.7 139.41
2595.5 111.17
1862.3 1096.1
855.88   1179
   668 1342.7
627.12 774.79
857.33 1178.7
260.89 1215.1
2490.8 185.92
473.88 1480.5
2556.4 948.06
  2869 107.88
3193.7 34.125
1172.2 1278.1
402.87 1285.9
698.28 1427.9
3275.9 94.559
2652.7 776.33
1195.7 1190.3
2368.7 211.95
2997.9  484.8
687.96   1456
  2767 462.44
2253.5 232.56
839.62 1395.8
1114.7 2922.4
2727.9 127.65
2049.2 298.98
2366.7  116.2
1634.6   1173
1647.7 1177.9
625.64   2146
2465.1  869.4
1331.6 630.72
2066.8  54.77
2094.6 242.98
2279.9 863.85
482.47 1497.3
1972.3  110.7
2274.1 1000.2
2350.8 219.25
2134.5 267.67
1168.9 1293.2
  4834 1295.4
2124.3 796.05
408.48 1511.8
714.57 1408.8
2112.5 789.46
3914.4 757.05
2556.3 949.71
853.24 1415.5
2233.6 1067.7
485.13 1469.7
417.78 1266.5
2957.1 964.27
  2553 139.96
2261.8  100.6
4141.2 1613.1
1362.1   1215
604.63 1391.8
2275.7 831.55
2559.8 971.17
2551.4 139.28
2257.1 203.16
865.06 1275.3
1637.3   1140
1354.3 1241.8
2483.9 873.43
  2365 221.98
599.26 1414.5
6899.9 1518.9
899.25 1235.2
2475.3 199.29
2329.8 177.67
 760.8 648.83
1001.3 1303.9
440.77 2057.3
1208.5 1101.7
2491.4  170.5
851.51 1196.5
1351.9 1241.7
1865.9 1115.3
2561.4 971.44
2557.6 145.89
2291.9 1029.4
2222.8 1049.7
772.39 642.91
844.82 1195.4
2749.3 118.14
  1676 93.219
823.78 1395.2
440.67 2057.6
1835.5 246.97
  2959 862.87
  1271 1093.4
2174.6 1043.3
   895 1237.4
  1583 941.84
  1196 1180.8
827.44 1391.6
2531.5 1004.8
482.05 1475.8
1666.4 96.948
854.61 1190.3
1648.1 1126.7
593.64 1399.1
2962.3 904.66
3510.7 2757.6
1307.2 517.48
  1864 1115.8
2818.6 673.85
2369.1 192.72
2518.6 864.41
699.17 1435.2
855.55 1376.5
834.39 1403.1
5607.4 2850.3
621.71 1381.9
2222.7 1079.1
1371.4 1111.8
2224.6 990.35
3020.1 809.15
1710.5 287.94
1176.3 1275.7
1851.4 338.05
473.58 1564.4
2257.4 225.52
2363.3 229.73
2250.1 1017.3
2752.4 111.37
2682.4 94.463
2988.3 925.19
1689.6 752.66
2822.2 673.03
2157.9 797.03
1301.3 453.87
776.12 684.36
3582.3 646.92
1428.4 421.56
1735.5 311.87
  1871 1093.5
  1188 1306.3
2279.7 131.69
 480.7 1488.4
2248.4 620.36
839.43 645.84
2509.1 881.25
3573.7 651.38
2095.6 237.76
  2222 129.95
2510.8 878.27
635.08 1336.8
 822.9 681.34
863.89 668.77
823.14 1407.5
3122.3 70.414
1749.6 345.31
1402.4 319.63
1160 1081
2237.9 1008.7
726.43 765.37
326.15 1580.6
253.92 1363.9
673.79 1366.2
  1580 945.71
869.41   1218
431.66 1448.1
313.56 1643.3
2663.5 783.44
2298.7 595.82
610.08   1404
2649.3 27.253
137.07 1717.9
1378.1 3024.5
2211.3 910.41
1633.8 1210.2
2507.3 862.95
  1637 338.27
2205.5 1050.8
  1639 334.97
1355.1 1257.4
1345.7  597.5
1152.4 547.33
413.53   1500
2839.2 658.57
841.99 1191.6
  1764 451.93
707.98 1393.2
3901.2 733.61
2629.9 103.11
714.05 1356.1
1156.6 1082.1
959.75 1342.5
3074.3 80.645
1927.8 315.03
904.74 2089.7
1569.3 985.05
2399.3 74.773
1710.8 379.41
1187.4   1182
2070.8  272.6
717.25 1356.8
1987.8  178.8
1726.5  396.4
1636.1 330.15
2217.3 663.88
3761.7 720.98
1738.2 398.36
4158.2 2734.9
2897.2 666.06
3810.1 854.98
  2232 1098.8
1166.1 1316.3
2159.7 660.41
  1961 111.27
862.19 1289.4
  2893 905.89
  1451 443.42
4173.7 2014.1
  2828 121.95
3599.6  666.3
2211.8  110.6
1065.7 1150.2
2911.2 556.43
855.96 1163.1
1001.5 1238.9
673.38 729.74
