1294.3   1234
2417.3 985.48
1494.1   1173
1297.8 1263.8
  1855 1018.5
2755.5 959.75
979.35 1949.6
  3200 961.26
2745.6 946.21
1493.2 1176.8
688.26 2000.8
1775.9 1107.4
1975.3 2009.9
944.44 1272.3
1309.2 389.35
841.12 1404.9
1786.9 1114.9
  1990 2011.9
786.47 1408.8
770.83 1294.1
1378.4 833.69
1301.5 1240.2
1271.4 1171.9
2758.7 837.28
1235.7 875.68
1678.3 713.67
2492.5 492.55
3187.4 802.07
1556.7 2035.7
1494.9 1192.1
1743.5 1040.9
779.17 1389.7
788.53 1424.8
1547.6 2036.7
1363.1 2051.4
1361.3   2054
1465.5 1047.3
942.13 1371.2
1022.7 978.82
  2737 837.55
2440.2 526.16
1133.6   1186
835.71 2006.2
2715.9 789.81
1239.4 871.75
2408.9 1011.9
1788.4 1105.6
1544.6 2034.9
790.71 1335.5
2469.9 521.57
2551.6 136.11
2425.1 111.85
2028.4 1043.5
888.42 1785.9
101.45 1184.3
2679.1 117.63
2752.1 903.29
1225.8 867.86
948.14 1251.4
1680.5 699.95
1286.1 1226.7
1556.3 2019.3
2441.1 164.99
780.28 1407.1
3182.2 387.39
1999.6 272.62
 1197 315.5
1940.6 68.887
933.16 1346.2
3053.2 48.664
1905.7 317.57
1779.4 1121.8
1794.8 1126.2
2660.8 818.73
1816.5 112.72
2475.8 2003.9
5893.5   3361
2464.1 811.23
2461.8 952.88
2422.4 172.84
  1283 1242.4
2300.5 738.73
2290.8 731.14
 2491 806.5
2419.6   1020
1218.3 860.17
2555.3 86.783
1997.6 146.98
786.28 2122.4
  2465 777.73
2753.6 929.88
2106.3 214.17
1782.4 1087.3
1488.3 1186.4
2093.9 260.44
2187.9 182.73
1115.6 2043.9
1510.7 2037.7
2325.9 173.72
1486.2 1186.3
2032.5 1064.3
2755.6 930.64
2408.6 1001.6
3078.6 37.943
3177.7 827.24
810.98 2120.7
2357.1 994.12
1722.8 883.64
2220.2 3089.3
2315.7 2004.8
2726.4 962.92
2443.8 521.68
1793.6 1073.6
2584.9 1969.6
  1829 1086.2
2029.8 1065.4
2303.4 727.11
2110.9 227.38
2712.9 815.93
791.81 1385.1
950.65 1326.5
927.82 1353.6
1339.3 1204.3
2409.7 942.21
2459.8 849.12
1290.7 1224.2
2107.1 235.22
1635.4 360.39
2435.5 183.38
2437.4 967.45
1807.7 2030.9
3207.7 891.92
1361.8 846.68
2305.9 725.51
2626.6   1982
2335.1  741.1
1618.7 1971.5
1775.5   1097
1302.1 1255.6
259.25 1108.5
1085.8   2083
2428.2 558.32
2704.4 833.66
1492.1 2033.3
2086.4  139.8
1158.5 559.72
720.52 2018.8
2706.1 829.74
2425.8 959.17
731.75 2107.8
703.91 2133.3
1720.2 887.02
2428.2 77.384
2794.1 744.08
2484.1 533.54
1593.1 2034.2
935.61 1206.1
810.96 2124.5
2397.7 857.03
1777.9 1158.8
2701.8 813.47
2527.3 122.44
1065.8 1953.8
1050.9 2105.1
1352.2 436.42
  1489 1203.6
1125.6 1929.3
1437.1 553.81
1134.1 574.99
  1814 345.46
999.27 502.78
1268.3 1025.9
754.37 1865.7
2441.3 173.21
1685.1   2027
2258.4 78.117
750.77 2111.4
957.72 1278.9
1079.9 2044.4
2528.7 105.11
1377.3 513.21
1558.1 437.74
1113.2 2081.2
1472.3 478.42
1281.2 1006.9
3178.5 839.18
2420.7 1051.6
1467.9 473.39
2217.7 225.85
  1073 2056.8
856.99 1222.2
3094.3    508
1112.8 1183.4
