373.37 2262.8
5247.6 1028.7
5256.8 1058.4
5540.8 1073.2
5252.5 1017.2
3958.8 821.69
1709.9 2337.5
4807.7 83.028
6059.3 1116.2
3180.1 828.15
3169.8 916.84
5202.3 930.23
6327.1   2048
6308.8 1314.8
5819.8 2018.6
4054.7 835.64
6488.5 1285.8
6321.9 1242.7
1598.6 1992.3
2547.3 1940.2
6390.9 1195.6
6142.3 836.27
6090 1143
5977.2  758.5
500.86 2135.5
1199.3   1839
6504.4 1286.1
3666.2 793.55
  1592 1781.1
510.21 2620.4
6067.6 1112.1
6256.3 2048.8
3094.8 1942.4
1048.7 2060.7
5478.2 1959.9
6255 2049
3170.4 824.05
6479.5 1293.6
5246.7 1941.2
4104.4 1922.4
5928.6 2033.4
5527.3   1073
1137.6 1846.7
3148.7 871.48
  4885 943.11
1729.1 2206.6
1400.2 2100.7
570.92 2100.2
3181.5 867.14
2488.4 1974.9
5529.2 1680.7
6168.6 1989.4
  2606 515.22
  5243 1018.2
  2511 1034.2
6226.1 2037.3
  3263 1972.8
5302.7 1636.1
1657.6 1830.3
3186.3 1923.6
1137.5 1847.7
6373.3 1881.3
2571.3 1977.2
4891.5  58.91
5678.4 2012.9
  1146 2118.1
2562.4 156.79
5789.8 252.32
4027.9 765.55
2659.1 22.032
4814.7 86.132
142.18 1651.2
4429.4 1903.1
5756.7 1977.9
1692.6 1825.6
4187.6 1970.9
5932.4 2213.9
2902.3 1945.4
5704.2 1957.6
1585.3 2028.2
6464.4 1354.1
1431.2 1713.7
5871.7 1973.7
3907.1 54.594
  5706 1956.4
  6026 1161.4
1148.4 1902.4
5493.7 1026.6
4413.3 709.26
4855.6 949.02
4569.9 1891.3
5222.1 1901.8
6232.4   2100
1126.8 1853.5
6228.2 2068.6
1267.8 1818.8
2598.3 1984.7
778.25   2121
5248.5 999.26
3117.6 757.21
  5989 2055.4
4486.1 1646.2
3350.7  29.58
5850.9 1973.6
3169.4 789.79
2964.9 81.558
4839.5 1958.5
1091.9 2091.7
5960.7 402.41
6013.8 2042.3
1444.4 1706.1
1138.2   2094
3170.8 813.75
4226.1 630.57
3184.5 784.61
1100.6 2091.3
  4636 1949.9
148.15 1694.2
1147.6 2079.2
4022.8 726.88
1558.4 1784.2
6185.4 2074.9
6231.4 2073.9
4054.7  910.5
3708.1 710.39
1142.6 1838.5
3504.9 21.777
4052.8 848.81
4492.1   1881
5123.3   1895
6085.1 959.18
3131.8 920.34
6285.5 1199.1
5823.5 2031.1
5622.6 131.33
1632.5 1977.6
5738.4 175.26
2647.7 1950.4
4395.2 710.49
4483.3 41.645
5550.8 1077.2
3130.2 924.68
6270.7 2021.7
5325.4 867.25
  5079 1032.2
  1774 2040.6
2370.4 1962.4
5615.3 830.06
5993.6 1977.2
4962.4 701.13
5407.8 1629.8
4250.3 615.78
6040.9 2020.3
4013.7 878.11
5258.7 1037.2
5992.9 1057.6
  2822 94.544
5228.1 929.87
5811.9   2014
5679.7 1971.3
6204.3   2017
5719.3 1999.9
6095.6 980.35
4852.5 749.82
1664.3 2031.8
5359.9 47.939
 338.5 2569.2
6068.4 2515.8
2784.9 82.291
5996.5 1979.1
6050.2 1757.3
3306.3 17.879
5558.5 1088.7
6333.6 869.03
5539.8 1064.7
4811.8  750.6
5969.2 2020.4
5609.9 829.49
6084.2 1034.9
1105.5 2084.3
3155.2 807.18
4017.4 756.68
6014.7   1194
4030.7  886.2
218.55 2253.3
335.09 2260.4
1046.9 2025.7
5682.6 1941.5
5543.6 1066.1
382.44 2232.7
1769.6 1940.4
4368.2 1903.5
  6160 2014.2
6185.9 2560.3
1600.3 1999.2
5177.9 1917.8
4987.5 721.75
6256.4 2071.9
3649.8 904.95
5504.9 1962.6
1137.6 1906.5
1204.7 1807.8
5630.1 144.21
5590.9 811.64
5680.9 1996.1
  2847 826.05
6291.8   2446
4531.4 1962.6
6319.6 2037.6
4865.9   1874
2583.2 133.28
4683.2   1943
6229.9 2061.2
5204.3 1975.9
5895.7 1978.8
1636.6 1924.5
3248.6 71.295
4238.1 640.72
892.54 1833.6
6763.2   2154
4903.5 129.25
4004.2 808.37
5027.4 735.73
202.39 1453.8
4239.6 644.64
5046.3 1663.9
1642.2 1846.5
4239.1 638.54
4916.9 681.99
5783.5 1970.7
5783.9 1968.4
4239.3 613.79
1652.4   1844
4362.7 1911.3
6086.5 2513.2
3189.9  774.2
6035.9 2072.9
4961.1 677.04
3971.8 1928.8
4796.5 737.59
5212.6 880.29
6775.2 2153.4
  1783 1679.6
3194.6 788.78
4457.2 1907.4
4231.7 550.75
   942 2033.9
4682.5 28.057
  4038 878.78
4379.6 1933.6
4997.8 475.11
1700.2   1839
3889.2   1900
780.63 1054.5
4624.1 63.853
1119.8 1903.4
5503.8 91.091
5974.9 2072.8
5991.3 757.69
4055.5  635.9
1138.1   1914
4991.5 726.08
146.18 1659.3
4926.1 68.092
5790.8 1984.3
  1574 1843.1
4239.5 627.35
4066.6 756.58
6010.2 2096.2
3605.7 51.807
  2825 869.01
5318.2 152.89
743.58 2199.5
1984.1 1921.4
  4063 755.07
5623.3 855.14
4452.4 867.38
5913.2 497.05
5634.1 855.57
4918.2 890.56
1103.1 2069.7
