105.98 2317.1
5355.9 1096.3
5363.9 1124.9
4643.1 880.01
5633.6 1142.9
5353.9 988.45
5359.9 1086.1
4134.1 869.31
722.15 2387.3
5622.2 1047.7
3344.4  850.2
4651.5  975.9
4660.7 982.29
4598.2 893.53
6115.9   1307
3334.5 939.52
6109.5 1187.6
5308.9 998.95
4635.7 872.21
112.63   2607
1984.2 1968.3
2059.7 1755.9
5654.5 1075.3
1380.6 2049.5
3350.6 966.67
4203.5 954.51
3374.5 870.08
6496 1344
6067.7   1153
5567.8 721.17
3744.4 451.77
3329.6  841.5
4921.6 76.619
1902.3 1999.9
2712.8 1967.5
6407.4 1257.7
6140.4 1212.6
2812.8 1696.7
3012.5 1872.2
2504.4 1979.2
4218.4 443.28
4650.5 1009.1
3362.4 834.92
  2016 1760.1
415.24   2653
2987.3 500.49
  6017 819.83
1880.4 1987.9
3047.7 1978.7
 876.6 2107.6
4881.9 1951.8
1880.2 1987.8
3028.3 1900.3
713.03 1951.9
5364.9 985.26
3335.6 846.08
3347.3  891.4
1777.2 2015.4
2816.3 1931.2
6487.7 1350.7
85.466 2251.3
1029.3 2063.7
  2534 1978.6
1495.3 2042.4
3777.7    453
5620.8 2559.1
3852.3 1584.6
100.66   2247
5622.2 1142.8
5885.7 1184.5
662.68 1961.7
1401.6 1827.5
2458.5 1916.7
3311.2 895.23
5023.9 1010.5
1476.3 2253.1
1199.9 2147.5
484.99 2157.7
3346.4 888.99
2637.5 2003.7
4937.2 1653.6
1745.3 1944.9
2527.1 1990.9
5350.6 1086.1
102.24 2225.1
1844.6   1980
2529.9 1969.9
1094.4 1806.6
4643.8 934.27
2017.6   1823
  2537 1979.4
970.98 1898.9
3850.7 966.49
2908.4 1692.8
212.95 2720.7
3049.1 1969.5
455.24 2216.2
  3717 429.48
2729.1 2007.4
1288.5   2065
676.24 2190.8
  5064 175.97
722.45 2134.5
  1933 1768.1
2795.1 2016.6
2065.8 1822.8
4200.6 813.31
1270.6 2074.4
128.81 1639.6
2813.3 1937.5
1421.3 1987.2
5568.7 140.73
1862.3 2059.2
1337.7 2022.9
  4644 849.01
1932.6 1830.4
1853.4 2058.9
1498.8 2219.4
4878.6 961.43
1046.9 2083.4
4114.4 739.81
3064.8 1976.5
2415.6 2002.5
2480.8 956.24
  1296 2012.2
1285.4 2110.4
1343.4 2081.1
3834.6 800.26
4657.4 1011.1
1231.5 1770.3
1432.7 1996.6
5536.1 1079.5
5633.4 1161.3
2608.6 1602.9
5048.4   1029
1299.6 2009.2
5364.6 973.72
  1398 1833.8
980.36 1952.2
5905.9  272.3
4941.7 971.77
912.78 2094.9
4565.7 767.32
1002.3 1949.1
4666.1 971.03
2754.4   2007
4999.5 1012.5
3001.7 1915.2
2521.7 1902.6
1846.3 2052.3
652.73 2151.6
960.85 1904.7
453.72 2185.7
1847.5 2015.8
1087.9 1869.7
4741.4 942.86
2750.5 2014.1
2645.9 1023.6
436.46 2186.5
453.74 2185.2
1456.9 2735.6
5356.8 1067.8
5285.9 1071.7
3280.7 776.72
5929.1 1143.7
1554.7 2053.1
   410 2376.8
755.93 1929.4
1775.7 1965.9
5886.7 1163.1
3333.5 811.27
923.69 2135.4
1575.4 2034.8
1241.7 1764.9
965.19 2139.4
3334.8  835.6
5403.3 979.52
685.76 2004.1
205.48 2690.2
4383.8 683.01
  3349 807.14
  1327 2101.2
2427.7 1992.1
135.64 1685.8
2506.5 2676.4
720.71 2000.8
975.58 2124.5
4197.3 773.02
6333.9 1331.5
4598.6 1593.9
490.98 2195.5
  1330 1840.8
1788.2 2033.3
  4636 860.31
1849.2 2021.3
4161.8  758.6
240.93 2729.7
4228.7 958.27
 3887 748.4
976.25 1889.7
4225.5 896.13
3233.4 1901.7
6375.3 583.83
2571.4   1900
5903.7 1197.9
6129.4 1031.9
946.11 2204.1
1014.3 1827.4
 907.6 2145.8
91.177   2589
3603.9 643.25
2630 1191
6121.7 1031.9
3297.6 942.69
1381.2 2060.2
1957.3 1984.8
715.88 2134.4
4548.4 767.82
6115.4 1258.5
3128.9   2024
5643.9   1147
3294.5 947.44
1016.2 2040.3
2120.8 863.72
4757.2 816.42
2776.4 1008.5
1488.1 2094.1
1281.6 2074.4
4726.4 103.42
5697.8 903.43
1546.5 1973.6
5089.3 769.33
3055.7 1986.1
556.17 1903.7
4411.3 669.05
1613.9 2006.6
4190.3 926.45
5366 1104
2047.3 2755.7
4381.2 728.79
6042.1 1127.7
  2153 857.31
5334.7 998.33
1382.4 2045.2
1281.7 2028.8
6470.2 1362.9
1795.3 1964.6
1317.8 2047.3
129.73 2329.9
1914.4 1998.1
4985.5 816.47
1415.8 2084.8
3833.5 760.32
4632.4 848.23
501.43   2042
491.14 2046.5
5601.9 1053.2
4999.4 557.47
5128.4  782.1
1549.5   1976
  1673 1726.2
5648.6 1157.4
6366.9 944.88
407.32 2207.1
5136.8 787.91
1451.9 2724.4
406.65 2367.8
5633.6 1134.8
4944.8 816.11
1538.2 2021.5
5690.8 903.19
5663.9 964.84
936.59 2129.7
2811.1 1970.1
3600.6 645.68
3321.8 827.88
4190.2 803.09
5571.6 1132.5
4206.4 934.38
  3629 656.88
2137.4 2457.3
1271.9   2027
4988.1    798
4981.8 992.75
  1277 2002.4
5924.4 1227.8
  5637 1135.8
5993.2 528.29
1447.7 1999.9
2749.8 1945.6
3355.5 923.38
1737.9   1974
1909.4 2008.9
 984.3 2053.3
2481.7 2260.3
966.37 2188.8
5111.9 789.97
4406.2 729.91
4967.5 989.74
1877.2 2013.7
1781.9 2207.3
123.23 2609.1
3344.3  945.6
5589.7 1010.5
4911.9 1952.3
1014.1 1948.6
2031.5 1718.8
3835.4 939.79
  5675 885.54
1292.1 2049.8
4201.2 829.11
257.1  2174
4174.1 751.91
1950.1 2319.8
746.19 2141.6
3428.5 146.89
1967.7 1957.3
2344.6 1911.4
2980.9 438.93
  2066 543.63
5246.2 148.08
3096.6 1960.1
1850.4 2006.2
1001.5 2095.3
5983.5 1231.3
2880.8   1947
1453.7 1996.8
2728.7 1879.4
130.01 2409.1
4395.2 692.86
402.98 2409.5
583.85 2155.6
4189.4 889.24
4652.6 843.42
4175.9 855.13
3719.2 482.64
5148.8  804.5
3822.5 803.66
304.86 2264.7
93.163 2295.6
859.89 1873.8
6069.8 501.57
6505.9 1406.6
3550.5  572.2
4398.8 696.64
967.06   1873
1433.2   1898
4395.1 690.26
206.52   2728
6482.5 1233.3
5047.1 750.38
1357.8 2009.6
421.42   2263
1358.9   2008
4955.9 928.15
4392.7 665.32
2012.1   1838
2740.3 1953.1
3354.9 795.16
1611.7 2061.8
5088.8 747.09
3057.5 1970.2
4932.6 803.21
5347.1 953.63
3589.3 875.51
5318.6 949.69
  6141 596.71
596.86 2152.5
1313.7 1776.1
3359.4 810.26
2888.4 1939.7
  1215 2026.5
3843.7 912.37
2107.8 2390.8
1418.7   2055
4968.8 515.99
5831.1 998.35
1318.7   2090
1942.4 1843.3
3124.1 1941.8
  6258 470.01
4980.8 114.75
  6142 1050.9
2422.4 1713.8
3762.3 923.84
4603.6  835.5
695.82 2007.6
997.63 1945.5
1493.3 2650.4
3331.6 976.91
1555.5 2070.3
6039.4 833.54
4219.1 682.55
781.85 1899.1
1014.7 1956.8
5116.6 795.01
4414.7 692.57
 132.8 1648.3
1368.1 2022.5
4512.4 915.55
1430.6 1887.8
4395.5 679.72
1708.6 2889.8
  4240 804.86
1583.9 2089.6
3810.1 854.98
6159 1165
5529.6 265.08
182.08 2572.6
 6023 485.8
2403.6 1928.3
5333.2 946.36
6262.7 468.57
447.56   2054
4234.9  804.1
5919.6  464.4
3798.5 786.96
5825.7 996.85
3048.2 1893.6
5705.7 929.24
5686.2 365.97
2797.1 1994.5
5118.8 799.72
4558.5 918.74
6113.2 1319.3
  5714 928.95
5203.9 204.03
2075.3   1834
1510.3 1956.4
1433.9 1904.1
5926.2  554.7
  5031 825.36
5058.8 957.45
 934.4 2114.7
5656 1172
