10804.9 2837.05
1073.79 4570.49
1068.09 4520.68
496.821 4595.55
1061.99  4590.9
3037.9 4699.6
9512.75 2591.47
3629.89 6511.87
478.233 4777.62
4153.82 4723.16
4161.66  4570.1
1131.24 4735.87
6122.56 3158.46
-149.76 4520.12
7408.82  3115.2
4109.66 4686.44
-2027.2  4709.7
-247.524  4686.52
6272.08 3121.04
4954.93 3099.92
-1741.26  4837.86
1211.59 5489.45
-831.145  4735.77
448.139 5537.61
  10043 3104.63
4830.89 3463.69
1618.49 4736.83
 4129.2 4748.76
6092.85 3465.08
11056.3 2010.91
 456.03 4792.25
6315.41 3141.51
4494.01 3070.47
8941.96 3109.94
2058.49 3136.23
6315.81 3141.68
4166.68 4731.03
-1986.93  4686.89
 8419.1 3157.38
5215.27 3095.56
7128.45 3108.85
522.932 4590.62
7401.53 3482.59
 4197.8 4647.34
1669.15 4618.88
7149.99 2775.49
7881.27  2978.6
9652.26 3162.17
4148.27 4655.57
5061.27 3055.28
1943.01 3564.63
6590.57  3224.9
-2028.27  5459.68
1080.67 4587.46
 9832.4 4498.59
6385.93 3157.77
5131.01 3023.93
8282.76 3612.03
6080.27 3369.96
5210.73 3094.27
8662.01 3480.53
4697.26 3462.19
4929.69 3045.56
1350.98 6621.29
7647.78 3104.72
9737.79 2990.84
4830.11 6385.85
224.662  6774.6
2935.28 4805.87
5559.19 6725.45
3616.27 6506.17
13627.6 4742.91
 4814.8 3134.89
 7524.2 3166.81
6237.37 3371.58
 6359.7 3038.56
7099.58 2826.93
5393.94 3070.73
7637.14 3192.65
7499.52 3068.83
-673.539  4544.66
 7879.5 3632.07
7287.24  3193.4
3660.01  6348.1
7628.01 3197.04
586.675  4667.1
8612.46 3376.48
1801.53 4665.78
 2371.6 4950.61
2255.31 4601.45
4557.92 3155.95
5239.14 3200.91
6374.22 3049.15
 8695.5 3472.88
6375.93 3103.61
8282.28 3496.98
4899.11 3035.58
10951.5 3060.17
 1061.4 4623.91
4251.47 4859.35
6988.81 3083.26
9474.16 3499.48
4605.59 6449.51
6525.28 3188.27
 4172.3 4792.79
 5518.7 6416.26
4461.17  3079.5
8764.76 3047.43
-1329.51  6501.84
6944.35 3109.31
7851.94 3638.47
8618.79 3031.96
 4168.6 4749.54
2640.17  5075.5
4150.35    4799
7539.36 3037.94
5375.94 3084.24
13497.4 4589.35
8586.07 3057.37
2935.39 4878.52
7585.12 3478.31
6491.41 3084.18
6371.98 3095.18
2910.61 4556.12
3384.04 4897.49
8646.8 3496.3
4146.76  6450.4
2908.4 4662.4
4251.99 3165.93
5164.96 3200.76
-931.056   5136.9
4213.52 4567.36
-151.681  4756.53
7405.57 3097.46
-644.647  6980.94
6170.37 3137.18
-332.892  6971.31
9577.54 3095.87
2399.16 4945.96
3597.69 6497.88
474.908 4592.29
4217.55 4559.57
8467.67 3203.14
2071.95 4903.57
4969.07    4521
7138.26 3026.99
7664.89 3090.02
215.921 5121.39
7019.74 3211.14
1468.57 5102.67
10417.5 3647.21
 2594.8 5107.72
6862.36  3148.2
 2962.6 4606.31
1056.31 4559.93
-584.561  4854.13
5769.08 6431.15
1079.18 4747.13
7404.95    3122
7672.73 3167.21
6485.84 3187.57
7572.35 3129.44
259.33 5101.9
1677.19 4971.25
7314.94 3051.92
 886.22 6995.85
12082.3 2100.04
6802.99 2365.51
5604.59 6481.37
7012.43 3206.79
 6785.6 3585.28
4697.76 6491.94
 468.74 4574.33
-1891.66  5589.51
493.144 4611.24
 1749.8 4958.63
7031.27 3135.86
 233.33 5117.64
 335.58 4969.77
8720.21 3055.48
4187.82 4764.17
2949.36 4823.07
632.608 4588.18
2940.22 4594.41
11952.8  2900.8
11087.2  2853.9
7699.85 3172.13
7690.71 3213.08
485.755 4610.85
10741.4 2913.27
7249.81 3185.38
4903.57 3127.37
6601.68 3181.12
6492.95  2289.2
6257.57 3106.87
8571.78 3186.76
1433.69  5069.6
6318.57 3103.35
4147.45 4559.18
 2012.6 3137.77
8498.99  3373.2
6071.28 3525.37
586.252 6952.53
    262 5146.64
 7640.7 3129.75
2936.22 4777.65
7400.21 2481.94
9447.42 3074.06
6154.26 3176.62
5512.89 3203.49
6413.06 6441.01
4429.74 3093.29
6371.39 3117.67
 8504.4 3105.68
7235.7 3189.4
4937.45 3218.16
4551.72 6357.12
2624.29 5058.57
8298.02 3603.46
10177.9 3086.45
2897.45 6432.02
2975.99 4728.71
1368.73 5054.77
13361.2 5301.75
 2619.4 5051.96
8684.73  3531.5
7305.38 3356.37
2623.97 5063.56
1540.68 5125.05
7474.26 3185.38
 7471.7 3187.84
 2623.1 5111.49
6088.16 3348.28
4916.61  3117.8
6762.83 2369.34
4142.74 4820.01
6859.66 3062.02
1460.79 5147.95
4481.26  3081.3
1767.27 4979.82
1092.19 4834.89
10115.4 3089.49
7647.36 3595.93
 4135.2 4792.69
4710.79 3128.31
7303.28 5245.75
7859.13 3184.17
2341.83 6611.04
3451.89    4607
7312.2 3100.1
1593.15 5597.31
6216.85 3350.53
4394.01 3116.45
9425.02  5591.6
3643.63 6486.12
8555.44 3383.88
866.827 6992.28
6984.66 3055.96
-809.738   5543.4
2891.36 5050.35
8494.59 3357.75
 1426.7 5061.25
13577.4 4709.65
1583.66  6611.8
7445.37 3162.04
7314.08 3373.97
2621.42 5084.01
2876.23 4825.88
6918.03 3022.01
3256.75 6358.01
3497.27 4704.71
777.583 6631.39
10038.7 2909.42
5418.28 3174.65
2883.67 4826.61
211.751    5070
2413.35 4672.47
-809.803  6164.62
190.685 5075.65
1590.87 4726.58
8731.02 3083.88
