11307.4 2901.65
1262.52 4657.11
1255.16 4605.26
675.012 4689.07
1248.95 4680.35
3285.31 4769.64
 6627.8 2633.31
1696.47 6629.86
-644.694  4891.26
4392.75 4776.97
4398.25 4622.79
1314.12 4827.27
-1050.84  3185.17
-1326.74   4629.5
332.913 3140.18
3149.12 4751.75
-2046.91   4842.2
-1428.8 4802.23
6898.51 3173.03
5197.98 3147.25
-1730.93  4971.75
-1154.31  5636.07
-720.652  4853.53
-680.222  5677.96
10609.4 3154.57
7951.56 3518.42
-2114.18  4856.02
3699.55 4811.16
6953.74 3514.16
10522.2 2101.13
-673.058  4906.19
-825.316  3168.09
4432.69  3116.6
8356.64 3158.57
1043.82 3183.29
-821.251  3167.46
4407.38 4785.37
-2002.16  4815.33
 1465.1 3183.79
3137.41 3138.21
75.7828 3133.37
704.707 4683.48
8134.28 3523.49
4433.71 4703.83
1890.72 4702.46
6595.14 2828.67
7351.59 3028.21
10258.4 3208.83
4386.52 4707.87
5284.21 3103.69
 895.78 3623.32
-575.083  3253.81
5373.14 5515.61
1267.68 4675.09
5386.16 4531.13
 -735.3 3182.09
4211.84 3072.27
 1321.1 3647.88
6796.78 3420.28
4312.87 3138.48
8134.27  3521.7
-1253.52  3508.72
5159.85 3095.09
1509.66 6750.25
645.469 3128.84
8043.53 3037.86
5604.51 6415.24
-636.898  6964.99
3182.11 4875.25
5482.38 6753.14
1684.03 6624.67
13486.7 4686.86
2705.25 3175.16
469.741 3195.07
6721.93 3420.89
3030.26 3076.94
89.3398 2841.94
4691.48 3120.09
581.963  3218.8
   6923 3118.32
-1888.51  4659.68
7357.56 3669.92
203.714 3220.98
3304.33 6428.44
577.871 3220.97
-514.235  4770.52
8084.74 3419.21
757.654 4759.14
2599.23 5030.41
 1941.9 4684.04
2510.21 3198.31
1503.39 3238.23
-742.038  3072.77
8165.41 3514.46
-735.249  3127.25
7761.35 3534.12
5119.59 3083.23
9320.48 3107.18
1250.23 4712.65
 4493.5 4913.27
-72.359 3107.02
2611.28 3529.62
 4230.1 6509.35
253.056 3217.51
4412.76 4847.18
4884.82 6456.53
2123.14 3123.99
8213.28  3094.1
-1022.13   6689.9
-138.569   3132.9
7326.51 3679.17
8071.13 3081.38
4407.96 4803.78
 2873.5 5151.87
4391.16 4854.86
8186.34 3093.15
2420.06    3123
13372.4  4546.6
8045.69 3105.58
3186.39 4945.81
7030.35 3516.88
-606.586  3108.04
-743.907  3118.53
3154.97 4621.56
3639.65 4962.44
8121.56  3536.9
3971.86 6513.42
3152.9 4728.4
2618.07 3207.89
 1669.9 3237.31
-846.913  5273.34
 4452.8 4620.84
-1331.62  4873.62
326.243 3120.81
-260.095  7171.03
6825.73    3191
-569.621  7164.65
5049.55 3126.78
2627.48 5024.76
2301.52 6599.08
654.604 4685.75
4454.64 4613.56
-876.201  3219.79
 1043.1 5002.11
1577.42 4595.85
6519.21 3074.79
5467.62 3129.77
 375.05 5232.65
-98.1788  3237.89
1678.84 5194.45
1123.62 3678.41
2834.39 5184.58
-213.759  3174.59
3210.84 4674.39
1244.07 4645.21
-486.033  4974.82
 5138.9 6471.31
1264.02  4837.7
350.403 3146.31
 636.78 3193.64
-674.162  3213.23
555.523 3154.81
-863.183  5231.36
1890.94 5059.38
   6749 3101.87
395.843 7163.69
11512.1 2190.67
-247.152  2357.67
5212.63 6520.37
-105.296  3235.28
-303.739  3630.35
4307.33 6548.89
642.594 4666.83
-1844.33  5759.79
673.427 4705.19
1961.43 5045.54
-27.8292  3161.54
 387.82 5230.63
-782.429   5093.7
8172.54 3104.62
4431.6 4817.4
3196.61 4890.59
-460.566  4694.14
3187.26 4661.59
12363.5  2964.5
11549.6 2916.19
8370.45 3222.51
625.984 3240.63
665.626 4704.16
  11259 2969.22
6541.33 3228.25
2788.26 3171.91
-544.735  3208.62
-575.583  2278.88
6893.67 3161.87
1580.71 3210.28
1640.4 5161.3
-820.851     3127
3722.08 4617.05
992.382 3182.65
8116.41 3414.86
7945.36 3572.96
-267.198  7135.29
422.922 5258.77
637.815 3155.24
4893.57 4830.62
-892.297  2473.51
2567.73 3100.58
-1028.76  3202.38
2076.75 3242.82
5575.47 6470.08
2352.07 3135.05
-741.87 3140.64
1541.66  3129.5
146.887 3216.93
6825.34 3274.12
4395.77 6412.68
2856.73 5133.77
8970.33 3637.25
-2755.25  3086.33
1526.96 6550.48
 3219.5 4796.31
1571.87 5147.52
13261.8 5217.36
2855.02 5126.35
1768.62  3564.1
6827.36 3397.37
2854.89 5138.17
1754.53 5217.58
408.346 3210.81
407.061 3214.54
2850.91 5186.84
6805.45 3399.37
   2796 3161.31
-295.674   2361.5
4384.41  4873.2
-191.39 3085.54
1672.36 5243.85
3308.54 3127.13
 1983.8 5066.63
   1275 4928.65
-2813.8 3090.86
6562.22 3635.63
4375.88 4846.16
2667.44 3170.73
2852.91  5312.3
 8723.2 3233.48
1916.97 6725.86
3176.34 4674.97
2774.13 3132.42
 1518.8 5704.68
 6703.1 3398.14
 3413.8 3163.48
  10074 5546.73
2046.95 6593.79
8171.98 3425.56
44.1807 7170.54
-33.7129  3076.11
-725.78  5693.3
3130.21 5120.93
8112.78 3401.19
1634.64 5153.91
13438.5 4656.06
1442.21 6744.28
393.982 3190.33
6981.21 3416.74
2852.63 5160.15
3125.18  4894.9
-120.61 3042.84
3802.69 6425.94
4919.56 4756.79
603.659 6780.96
9445.88 2959.66
6128.35  3227.8
3130.28 4897.34
370.746 5182.11
2567.11 4744.92
-744.352  6337.02
344.681 5187.66
1819.15 4808.64
8182.84 3131.02
