3289.6 821.68
  3699 957.92
4172.1 924.53
6089.9 2071.8
4183.8 930.91
3275.2 924.38
3784.6 2140.3
1460.3 1984.9
  1399 2014.8
5664.9 1162.9
5013.2 1932.3
4059.3 1924.7
6718.4 1512.4
4573.2  993.8
4954.6 1975.2
  4831 2376.8
3287.9 951.34
5956.6 2062.5
5086.7 1720.5
2308.9 2130.9
6192.4 2073.7
4392.4 1889.4
1482.7 1974.9
3038.9 2357.7
4016.9 1923.5
6099.9 2045.5
6183.2 2073.1
5467.7 1785.1
4359.4 1886.4
5345.9   1025
4130.1 2020.8
  6041 2098.7
4581.3 855.12
4607.6 142.75
4332.4 93.278
3922.7 1943.3
5652.5 2023.3
5508.8 712.14
6029.6 875.71
6683.1 1464.7
4436.5 1946.2
6056.6 2090.7
3730.5 1941.3
4147.7 1956.3
1847.6 2239.3
4653.5 1958.6
1422.5 2140.3
1401.8 2142.7
3832.3 1996.2
6047.2 2039.7
  1453 2049.8
4639.1 1959.3
5026.2 1929.1
4634.7   1622
6464.1 2079.9
3725.6 1954.6
5104.7 1729.3
4021.1 1911.6
6156.9 1884.5
3397.1 1924.4
6262.7 2123.6
5010.8 2064.3
4197.2 92.659
6040.1 2078.1
3726.7 1952.1
5009.4 2064.9
5635.7 216.75
4122.1 2122.1
4440.5 1948.1
5526.7   1802
5325.6 1041.4
  5555 303.97
  4439 1947.1
3693.7 945.89
6542.9 2018.7
6851.9 1550.4
5816.8 1745.6
4568.3 919.05
4741.8 1971.9
5257.9 1999.9
4132.8 2156.6
5862.6 1818.2
  3305 952.06
4070.2 1923.1
3908.2 1959.2
5266.4 268.14
3776.9 908.48
4839.6 2372.7
4850.2 176.26
4825.2 1801.8
6541.9 2162.9
3727.7 1949.4
5488.4 1794.9
2530.2 968.95
6861.4 1471.8
3972.8 1972.3
  6081 2040.5
4442.6 1912.7
3893.1 1754.1
6603.2 1953.9
2994.3 1754.7
2904.9    934
4830.6 1797.7
4431.8 1897.1
5975.8 2102.7
3728.4 1948.2
6617.5 2039.7
4906.7 2029.7
4375.4 1918.4
1325.5   2044
3272.3  911.5
2139.1 1795.1
  5640 1099.1
6617.9 2036.5
5772.4   1786
6852.5 1549.2
4694.5 1792.4
3402.8 1926.7
4512.2  67.61
4897.3 1806.2
4301.5 1904.5
3972.1 1960.9
6859.6 1512.8
4412.2 1949.9
5606.5 1874.6
  5002 2164.4
3815.6 1760.5
4150.9 1964.1
3912.6 1943.9
  5351 1945.2
5505.6 2007.2
 4856 181.6
  4897 1800.9
4382.2 1900.9
4445.7 1950.3
4115.7 1900.8
6709.7   1528
5676.9   1885
3361.7 1928.8
5661.9 1114.6
6838.2 1482.9
2306.1 2288.9
  5720 2213.9
3703.8 918.25
4065.7 1953.8
6842.3 1487.3
1941.5 2037.6
  6088 2040.7
4378.7 59.394
  5683 1148.1
3917.1 1976.7
5265.6 2039.4
5022.7 2065.5
3926.3 1934.8
4449.3 1909.3
3687.4 935.96
4128.4 1020.6
4453.1 1955.6
2483.3 864.48
5577.6 1868.3
6573.6 2431.2
6066.5 2069.4
3684.4 904.03
  5981 2205.6
1788.8   1929
2036.5 2120.3
6551.8 2200.5
6724.5 1522.1
2720.8 1922.1
4839.8 2003.4
5654.9 1875.7
3272.9 1915.5
3904.2 1972.2
6252.1 2121.8
  1511 2102.1
5988.2 2072.9
3904.8 1969.8
  2981 2013.9
6840.2 1556.8
4428.8 1958.1
4453.9 1906.2
4918.2 2128.5
4834.3 131.58
5318.8 1113.5
  1371 2001.4
3718.6   1959
5031.9 2074.5
4876.9 2120.1
5331.1 251.81
5577.2 2372.3
4787.3 1805.1
3059.1 1757.7
4999.1 2147.9
3298.6 797.27
5348.7 1082.8
5339.8 2055.2
2000.5 2261.1
7156.8 2436.1
5282.8 2042.1
4776.1 126.61
4006.9   1921
1511.5 2096.7
6670.3 1469.9
2186.3 2099.4
4174.6 918.48
3938.2 2024.9
3989.4 1946.3
3815.9 1954.2
6806.6 1695.2
3939.2 2024.1
4991.4 187.19
  5242 2049.2
4352.7 1907.4
4587.5 89.301
5484.4 892.17
2841.6   1746
5756.9 1998.1
2017.4 2675.8
2971.5 2062.9
3432.6 1941.2
  1373 2003.3
4158.6 910.92
5683.5 1991.3
5017.7 2078.5
4601.9 1975.5
5981.1 1797.5
6607.1 2021.8
  6902 1453.8
3763.1   1931
5517.4  353.3
4557.1 1001.6
4911.9 1814.3
3951.4   2073
1322.4 2054.3
3297.9  909.9
3934.7 2134.9
6079.3 2113.6
6841.6 1547.9
3388.4 52.676
4956.7 175.61
4744.5 1986.2
4963.1 1819.2
  4424 1967.3
4380.5 54.065
2110.3 1807.9
  2207 1796.9
  3936 2054.9
5286.8 2044.5
4324.2   1879
6208.3 2058.4
4677.1 106.73
3006.2 1763.3
4874.4   2121
4951.8   1798
3266.5 825.97
5997.3 2000.1
1700.8 1981.8
4384.2   1883
2979.5   1761
4182.2 912.01
3938.1 1987.8
4785.2 1807.1
  4946 1832.6
  5490 1879.9
  5678 2040.3
4901.3 1794.2
4512.4 77.915
5498.4 2175.7
4434.8 1967.2
3292.2 808.14
4967.2 1820.8
2088.9 1810.7
5074.7 204.83
4894.3 1827.8
4384.6 1892.1
  2904 2285.1
2260.6 1785.9
5499.4 346.91
4931.8 1823.9
3184.9 2023.1
4584.8 104.87
6839.4 1546.4
4502.3 1943.2
5861.6 1783.3
5550.9 1737.2
2147.8 1801.5
4779.4 1815.4
2104.5 1802.6
5937.1 416.67
3843.5 2012.3
4022.1 1759.6
3981.7 1970.3
5625.9 1877.1
6552.8 2011.6
4419.6 4452.8
4775.4 1906.3
4541.3 72.607
2980.6 1753.1
  5227 1714.5
4837.5 1792.7
1492.1   2147
2181.9 1190.8
4722.6 101.58
4909.2 1984.8
2886.1 2146.2
3965.2 1757.8
3723.8  928.7
5634.8   1891
4789.8   1988
4041.3 1966.9
4595.6 850.32
5662.9 1877.9
4835.6 1818.1
5178.6   1903
6135.5 2067.1
3939.1 2011.7
3939.6 2015.1
3023.2 2096.1
