4786.19 4600.46
5366.85 4374.98
2593.48 4477.91
6703.45 3129.49
2579.57 4469.87
4791.62  4440.7
5235.97 2857.73
3079.51 3119.59
4308.55 3082.78
319.153 4474.96
2596.71 3166.92
2796.44 3115.17
-2452.02  4440.54
2115.61 4429.61
8571.72 3115.75
2967.53 2603.45
4771.06 4398.35
6983.74 3120.18
2570.23 3460.15
3821.59 2865.64
6479.47 3147.64
3233.73 3177.14
3019.22 3131.97
4009.12 2590.36
2844.61 3116.35
6709.69 3171.82
6495.65 3145.63
863.992  3431.7
2619.73 3174.07
906.335 4589.94
2666.96 3000.58
6800.42  3078.7
-260.176  4673.79
4151.48  6063.6
2900.45 6120.29
4058.06 3092.68
7576.43 3129.67
4844.82 5217.28
-705.548  5281.31
-2325.94  4515.61
2267.31 3106.59
6767.79  3095.8
3179.72 3085.01
4833.95 3085.29
7075.64 2750.57
2513.54 3106.99
6786.68 2901.34
6831.35 2899.91
4158.64 3025.28
6826.55  3169.5
5225.52 3026.69
2531.75 3105.28
 3423.7 3176.66
4297.29  3532.6
5718.54 3197.44
3185.74 3068.88
8321.71 3445.14
2837.94 3131.13
7590.65  3431.9
4583.45 3103.42
6265.27 3082.31
1591.56 2999.65
3948.49 6067.34
6806.54 3110.44
3184.37  3071.8
   1594 2998.87
  84.34 6617.07
2678.74 2882.16
3333.99 3104.77
684.556 3416.82
954.286  4554.2
1215.29 6269.58
2508.29 3104.34
4328.53 4400.86
-1455.9 3319.44
-3100.79  4472.33
1318.15 3564.48
2112.13 4546.82
-335.944  3093.56
2262.22  3104.3
3804.18 2846.33
 1258.7 3462.67
4748.94 4396.93
2781.94 3118.58
4074.27 3073.19
1054.33 6146.51
4224.91 4462.18
2956.83  2609.4
1795.67 6126.11
1700.87 3321.62
2107.85 3068.81
3183.12 3074.83
3081.32 3416.82
9296.14 4425.19
-3215.38   4672.4
5057.45 3059.78
6755.08 3175.26
 2675.4 3148.69
4010.45 3319.42
-1712.11  3459.95
4039.37 3314.23
5270.47 4452.09
1693.18 3327.44
2515.29 3165.62
6932.28 3065.04
3182.14 3076.17
-1659.99  3305.65
574.789 3034.19
2601.91 3138.01
8355.11 3052.33
4800.52 4459.69
5149.61 3315.18
345.055 4578.58
-1736.16  3310.69
1426.28 3491.82
-3105.21  4477.33
2039.17 3319.62
4576.47 3100.87
1382.95 6267.32
1891.53 3320.48
3367.01 3151.41
5061.59 3072.87
-3175.58  4570.04
 2299.9 3101.45
693.462 3329.11
 2688.9 2874.56
 3969.9 3308.54
4830.51 3077.48
4070.13 3091.29
1047.84 3186.76
7810.98 3131.93
1786.87 6115.69
1818.94 3325.44
3435.54 3161.16
2499.28 3100.73
2501.31 3147.48
-2401.31  4396.09
 1633.3 3324.86
4626.28 3099.18
304.851 4561.94
-3092.43  4621.38
4875.75 2673.04
1513.77  2862.7
4319.98 4442.73
2786.84 3079.24
-3107.16  4615.91
6950.01 3011.76
6736.35 3173.75
2733.46 6221.23
922.595 4505.17
4062.74 3052.88
 4731.8 3058.03
408.767 2995.06
5117.39 3103.69
2493.24  3151.7
4337.95 4414.29
3763.42 4314.13
2245.48 3098.51
4775.17 4641.94
748.472 3331.72
4041.14 2616.52
6745.93 3129.35
3737.08 4468.07
6953.72 2919.14
7231.56 3164.93
5293.12 2892.93
2041.86 3001.92
-2472.27  4421.27
4783.59 3114.45
-503.813  3057.92
669.721 3334.43
4783.78 3115.94
4079.61 3057.07
6294.65    3083
6579.55 2949.29
6912.67 3111.52
 4079.3 3059.94
5097.65 3000.84
-3038.06  4443.96
2521.71 3092.64
2485.03 3155.93
570.146 2908.26
2676.31 6213.82
2142.09 4416.25
117.374 3099.25
3194.07 3063.45
1559.62 2987.24
6556.31 2931.63
2527.13  6211.1
6482.63 2653.65
1757.61 3311.92
5139.26 3310.14
2690.93 2895.16
 4781.4 4639.73
922.472 4488.33
8033.41 3050.06
9885.94 2727.52
2121.15 2653.47
4709.38 3056.41
1702.42 6215.86
2856.21 3118.57
6578.88 2956.61
-2273.5 4493.06
6527.19 2919.84
3227.64 4480.84
4038.75 2994.77
5041.62  3089.7
1974.92  3069.2
-1697.57   4098.8
4040.06 2995.73
1583.05 6175.35
2273.45  3040.7
2629.71 3150.07
2907.18 6209.34
7726.32 4824.51
5274.93 3330.29
7408.51 3180.62
10647.3 2219.97
5096.71 2940.08
2457.51 3081.14
113.532 3095.24
3249.31 4492.52
7534.74 3178.94
 1583.7 2981.08
2204.52 3081.32
1006.25 3528.29
-1623.71  3337.62
-3452.8 4761.37
2696.14 3096.39
363.979  6119.6
3250.38 4402.59
 1872.1 3309.28
5084.64 2941.78
8038.11  3039.5
4312.41 4464.89
4029.23 2864.39
6712.03 3065.06
-3048.13  4466.02
 5226.5 6093.43
2078.57  6178.9
825.654 3077.34
1944.85 3309.75
2528.17 3081.12
2729.67 6234.17
5190.43 3300.75
5177.41 3305.12
2936.47  2955.4
4704.35 3054.65
 2508.1 3182.45
6433.09 3172.16
1952.59 6222.89
4093.49 3303.38
2913.16 2918.09
1737.74 3336.82
 4819.4 4591.99
6959.01 3220.33
233.959 3091.12
2583.74 3180.04
4191.51 3304.47
3217.64 4492.99
4041.99 3039.56
2939.95 3307.46
1750.37 3291.63
1696.39 3301.29
7516.97 3108.64
1812.58 3336.17
2805.36 6213.68
3175.08 2899.49
2513.89 3082.65
4787.79 4620.83
1792.96 3306.82
5221.99 3294.94
1381.42 6181.19
 1897.5 3292.05
2586.99 3170.81
5173.79 2678.03
4962.36 3312.84
1384.69 6108.44
1768.99 3298.82
3795.18  2984.4
2060.34 6188.35
-3037.46   4467.2
3221.68 3116.49
1256.36  3518.3
7733.43 3510.91
5066.04 3303.67
1914.77 3299.17
5135.28 3306.66
-528.979  6364.52
4145.46 3004.39
3922.95  3317.8
5048.78 3062.92
728.218 3325.92
-1492.85  3338.61
 2146.99 -295.535
3338.55 3180.28
2191.66 6249.75
3855.78 3315.98
8168.02  3483.3
1977.77  3332.1
6610.72  2886.1
8729.67 4153.72
1593.01 6258.59
8644.87  3102.4
4017.77 2840.99
 4191.3 3315.75
4291.94  4426.7
712.185 3307.32
760.768 3076.98
2814.93 3062.05
-288.738  4684.03
654.022 3331.27
2797.34 3298.74
3255.44  3224.8
6537.06 3144.36
4039.63 3009.91
2933.42 3004.55
3985.72 2898.71
