1295.5 1389.6
3223.8 2318.5
3574.2 152.58
4491.1 946.52
1890.8   1072
5537.1 1113.2
4561.4 857.22
1898.6 422.69
1558.4 1983.4
  4516 926.06
1647.1 1302.7
2425.1   2132
4507.1 1916.3
1598.9 1158.7
1988.5 598.67
2639.4 2348.1
1209.7 1273.6
4573.7 1869.5
4417.9 1905.5
4929.3 1889.5
4843.3  988.4
1584.6 2003.9
846.93 1526.7
4286.4 2330.5
1767.2 673.51
1366.6 2055.5
1066.1 2673.4
4876.4 880.45
  4506 953.98
1588.3 1004.6
1948.9 651.28
1425.7 2002.8
4582.6 1639.3
3558.3 2103.9
4147.1 1645.5
1672.4   1960
4057.8 1845.5
1961.4 633.64
1576.4 1979.7
3576.9 1980.6
1883.4 1015.5
4846.6 854.21
1153.1 2351.6
3396.6 2340.3
  1861 395.46
2766.4 1951.8
2016.1 373.74
1283.8 2018.3
1951.1 635.31
1753.1 847.35
4379.2 1903.3
6622.7 2091.6
1557.4 1954.5
2461.3 2301.8
1663.9 1962.2
1019.8 2558.7
4555.6   1863
1237.4 1407.7
4523.6 2002.5
1509.2 2022.8
4507.7 2759.8
4191.6  51.21
3358.4 1914.4
1238.8 1407.7
1665.8 2338.9
1254.8 1399.9
4294.9 1660.1
  1173 1899.9
918.26 1872.6
  5444 1683.5
837.49 1906.8
1585.3 2028.2
4823.9 1929.2
3747.3 695.26
1525.6 2009.6
6330.3 1864.4
4104.4 1922.4
3578.2 1980.9
1443.8 2037.2
4509.9 955.39
2729.2 1937.5
4945.8 1001.4
5681.3 2233.9
4639.7 1920.4
1509.1 2144.8
4454.1 903.99
1353.6 2491.2
1487.8 2147.2
3272.9 1971.8
  1501 1961.9
1607.8 1774.2
3173.4   1912
4625.8 1921.2
6200.7 2113.4
1634.8 1994.9
2581.9 1893.8
3897.8 1843.6
3168.9 1564.6
1609.8 1997.4
2904.4 1914.4
4099.6 1935.7
825.64 2263.4
4384.2 1891.4
1187.9 1834.1
2925.9 1915.6
1065.9 2065.2
1784.1 1996.7
5286.9 2037.7
  1068 2050.6
  4513 955.18
1886.9 919.31
1507.7 2001.3
4100.7 1933.3
5285.4 2038.2
4960.9 1026.3
1922.6  479.8
4516.9 2099.8
3974.4   1904
1920.8 478.13
3657.7 1616.4
4643.8 1922.7
1066.6 2048.4
4990.4 2111.6
3346.1 139.93
3873.1 1858.4
  1234 2038.7
4056.1 1853.6
  1711 1754.4
5420.8   1639
5679.6 2166.6
4835.1 915.62
3596.6 123.38
1684.8 2039.2
3568.8 1615.6
4827.7 1931.2
4078.9 1650.9
3573.2 2120.3
5462.3   1715
1633.6 2008.2
4429.4 1903.1
3501.8 2257.7
3344.5 1930.8
1562.1 2048.4
4181.1 62.487
2647.7 1982.2
3361.5 2278.6
4295.2 2325.5
3997.7 1632.6
4805.5 1964.4
4110.5 1632.1
5202.5 1790.1
4101.7 1930.8
 819.4 1907.7
4367.9 1738.7
2397.1   2098
  3574 1622.6
3525.9 2765.3
1116.1 2077.8
2560.3 1965.2
1535.5 1954.4
4512.9 1881.7
4251.8 1734.5
3401.3 1727.8
5207.1 1786.2
3172.8   1675
1433.9 1805.1
4343.7 1738.8
5410.6 2011.5
6317.9 1924.8
1098.8 1911.5
4426.9 908.26
  2341 1912.2
4636.4 1873.3
1598.5 2011.4
4264.2 1961.4
1446.8 2037.8
4102.5 1929.7
4489.2 804.67
3782.1 52.463
4570.6 1892.6
901.55 2101.6
5362.1 1682.9
228.83 2289.8
4817.8 1914.8
5183.2 1911.6
3406.8 1942.4
4976.9 1773.4
2931.4 1917.5
1651.2 1120.2
1612.7 2063.7
1977.7 609.04
5077.5 1780.5
4334.3 1921.7
  1075 1866.7
1572.5 2036.9
3946 1865
2557.7 1954.9
  4636 1949.9
4800.2 1932.1
2614.2 2334.5
  6241 2006.2
  4509 2105.9
1841.5 322.09
3435.2 1736.1
1472.9 2053.7
2731.6 1943.7
  3775 49.432
3348.2 1915.7
1599.1 2000.5
1976.9 580.49
4523.4  819.3
1729.1 370.81
5596.6 1923.9
5666.2 2184.8
3416.6   2322
4424.8 1740.9
5125.5 1780.7
3887.9 1856.3
4650.8 1925.9
4647.7 1888.3
4258.2 1629.1
4629.2 1887.8
5300.7 1748.2
1767.4 358.18
5245.3 1791.5
1434.4 2033.4
2891.7 1920.2
4326.9 1953.3
6341.5 1875.1
5339.7 2144.4
6013.8 2042.3
1156.1   2336
6343.3 1927.8
1985.4 496.01
1312.6 2033.9
4426.5 1935.1
1436.5 2074.7
1544.5 1954.5
3482.6 2230.2
5689.6 2247.4
5585.7 1983.8
3587.8 2137.6
4506.8   1997
1482.9 1968.7
1881.2 1081.5
4292.5 19.533
3273.2 2231.2
6244.6 1843.5
5877.9 1858.1
255.74 2079.9
2480.7 1766.1
  3354 1947.6
2807.5 1956.6
1653.5   2024
  2518 1932.4
4653.7 1885.2
1998.9 1986.1
  1597 2311.3
4840.1 1936.4
5049.4 1923.9
5310.8 2147.7
3383 1905
3369.3 2317.9
1537.7 1985.5
1765.3   1955
1101.4 1854.6
4144.7 1625.4
3568.5 2232.5
1134.2 2033.5
1064.7 2484.9
2385.6 2105.4
5265.4 1923.6
1947.3 1986.2
1062.6 2193.8
2768.8 1911.2
2537.5 1650.6
3339.8 1944.3
934.52 2539.9
  1768 1997.5
841.98 1894.2
6304.6 2060.5
1612.7 2104.3
1457.9 2005.4
1921.8 292.23
6154.2 2038.8
5926.1 2194.4
3340.1 1941.9
2528.9 2013.6
1845.9 1076.2
4266.9 1613.9
4633.9 1931.7
1762.3 364.65
5849.9 2142.8
4659.8 1882.1
1667.4 2784.5
4813.1 1972.3
4826.6 994.52
  1771 621.12
4397.2  57.61
4092.7 1940.1
5307.3 2048.3
4158.8 1627.7
5166.4 1794.2
2510.9 1771.7
  4507 2088.8
4382.3 1621.5
1919.1 316.86
5755.9 2135.5
905.91 1521.2
5814.8 2084.9
  5593 1937.4
1585.4 991.57
4070.5 23.743
  2825 1957.3
5592.1 1951.1
4178.6 37.806
4369.8 1901.2
4391.2 2294.6
5558.5 1088.7
1137.6 1906.5
5815.3 2137.8
2818.8 516.58
4381.2 1615.2
1613.3 2099.1
5927.1 2235.7
4869.4 1886.3
1638.4 2123.4
1221.2 2308.7
5025.1 1962.6
3373.7   1996
3455.5 2038.3
  2573 1940.8
5032.5 1969.6
2097.7 1652.2
5816.3 2133.3
3322.3   1857
  4356 3133.2
3372.6 1995.2
4821.7 1981.4
4548.6   1882
  4476 848.78
4973.1 1655.1
1610.9   2276
4182.7 14.552
2710.3 2098.4
1642.6 1791.9
374.35   1964
1837.3 327.69
863.78 2315.7
4171.5 37.293
2527.8 2062.3
1109.4 2330.1
4683.2   1943
5417.3 2017.3
  6530 2049.2
5111.5 2107.7
5982.1 1991.7
5837.4 2042.2
  6221 2123.9
5292.5 2052.1
5520.4 1637.6
4870.4 1951.5
  5598 1686.8
4058.2 23.168
4498.1 1923.5
4509.7 943.38
6043 1999
5091.1   1790
2536.7 2060.6
1005.4 2097.9
3380.7   2106
1551.3 2028.4
1843.7 200.04
972.76 2078.8
6160.3 2034.7
1434.4 2361.9
1738.4 1936.5
1578.6 1806.4
1309.9 1373.8
856.79 1914.7
838.24 1917.7
1188.7 1269.3
2467.1 2354.2
5042.1 1785.8
  1739 1358.9
1209.8 2357.6
  1733 418.02
5312.1 2054.6
1900.7 484.79
4509.7 943.21
4629.3 1940.8
2520.4 2949.8
1574.3 1839.8
4294.1 14.567
1642.2 1846.5
6065.7   2042
430.89 1953.8
3559.2 2320.5
1915.7 501.23
  4308 2034.2
2828.9 1958.6
4641.3 1860.1
218.55 2253.3
1025.7 2762.6
1697.9 1940.4
2009.8 359.25
 864.9 2736.6
1328.8 1212.6
5236.8 2007.6
5239.8 1966.3
4327.7 2065.7
5137.5 1798.5
4319.4 2960.9
  6040 1997.3
5177.9 1776.7
4179.9 29.493
1441.9 1934.3
  5999 2028.6
4583.3 1859.4
1815.2 628.97
6669.4 1948.1
3371.4 1958.5
4383.2 2300.1
2276.7 191.59
4297.1   1746
  1739 2981.3
1848.1 311.11
5172.2 1809.8
5206.5 1805.5
 839.1 1939.6
1199.6 2034.1
4044.5 55.193
5129.1   1773
2531.9 1918.9
4247.4  18.31
4110.7 2077.7
4640.2   1940
1142.9 1887.6
939.96 2763.7
5143.6 1796.1
  2084 334.29
5623.2 261.55
6277.2 1877.6
211.28 2275.3
3714.5 1616.9
  5075 1801.7
4581.1 1866.7
2466.3 2275.6
  1786 2878.8
4468.5   1627
1040.5 2787.9
5159.7 1803.4
2335.8   2937
3581.3 2003.2
343.55 2243.2
3512.9 2075.5
5726.7 2040.7
1514.2 2734.6
4068.8 1895.7
5459.8 1675.9
1650.4 1129.3
  5063 1795.4
4189.4 2777.4
 871.6 1842.1
1665.3 1843.7
1610.5 2028.8
1722.6 2862.8
1087.6 2686.6
1470.7 1942.5
4072.9    853
3283.7 1989.1
3378.1 2044.9
4496.1   1950
6349.2 2037.3
3505.3 2302.2
2534.6 2502.9
3474.8 1728.1
1674.7   1829
2566.8 1962.4
4307.5 1631.4
3579.6 2159.3
5716.1 1854.8
6250.2 1926.1
1585.5 1992.9
5755.6 1844.3
3969.7 1841.5
2039.2 316.08
6054.4 2039.4
  1736 1834.8
  3511 2062.7
5018.5 1767.1
1594.9   2150
4410.2 32.339
5265.2 1907.5
4256.5 1836.1
1263.3 2868.2
5234.7 1980.3
1588.9 2667.5
3390.3 2125.8
3250.5 1733.8
5149.8 2034.1
5764.7   1858
4404.4 1948.5
2701.1 2296.2
102.4  2331
3464.2 2764.5
  5792 1845.1
1501.1 2740.9
4411.8 1757.3
4038.9 1806.1
1642.5 1965.1
1832.4 333.05
4684.6 1868.5
4210.6 1741.4
3373.1 1983.3
4309.6 1993.4
  3418 2076.6
