4188.9 4586.4
3655.86 4359.38
3045.25 4431.42
25.0853 3038.69
3030.38 4422.51
4200.35 4424.81
3558.44 2822.88
6910.51 3141.63
7041.58 3106.21
722.643 4382.63
2000.28 3115.82
3233.58 3081.32
  -2209 4284.88
2509.78 4371.69
2087.64 3056.66
2273.78 2552.76
4181.98 4382.32
 335.06 3034.16
1870.96 3401.87
5402.53 2864.43
-233.124  3051.44
2827.64 3133.91
6863.65 3153.06
4434.38 2571.67
3283.95 3081.99
-3.38509  3080.83
-209.27 3050.92
1260.38 3364.05
2868.55 3136.31
1294.44 4505.19
3150.98  2967.5
145.963 2990.82
 2475.3 4595.77
 2254.1 6011.91
2687.82 6049.28
3395.56 3056.88
955.426 3053.68
842.665 5161.55
-313.419  5141.89
-2093.99  4361.95
2774.74 3066.05
107.948 3005.05
3620.94 3057.91
3128.59 3045.13
6132.55 2746.04
 2497.4 3060.24
6973.27 2916.55
7018.95 2915.18
3502.13    2993
122.947 3081.55
6917.16 3046.45
2516.28 3058.67
1981.09 3120.95
2499.91 3486.89
-1017.48  3090.58
 3626.7 3042.03
1844.72 3392.13
3278.76 3096.39
-178.522  3346.28
4012.11 3080.06
-413.386  2982.83
2012.5 2946.8
2899.77 6021.26
145.326 3021.97
3625.41 3045.01
2014.56 2945.96
188.364 6453.88
3162.17  2847.1
 2769.8 3063.88
1157.96 3349.17
1336.66 4470.39
469.004 6141.42
2771.64 3065.04
3662.57 4377.69
-1293.32  3215.66
-2795.51   4304.8
582.313 3485.86
2504.78 4489.38
2381.08 3048.21
1634.68 3047.21
 3149.9 2806.51
 500.06 3385.24
4159.77  4380.1
3220.56 3083.46
 3412.8 3037.71
 1091.9 6025.34
3556.02 4436.01
2262.05 2557.86
1846.75 6027.48
2256.42 3269.23
-1258.79   2961.8
3624.24 3048.23
1225.34 3353.35
5228.11 4458.19
-2911.65   4495.2
3336.87 3022.85
41.9608 3085.57
2765.77 3107.33
3428.05 3285.87
-1525.6 3350.13
4504.95 3299.71
4694.64 4448.37
2248.62 3274.95
2778.68 3126.05
296.967 2976.61
3623.42 3049.67
-1552.68  3197.57
2158.55 2984.73
 2849.9 3097.74
7206.38 3073.06
4205.05 4445.07
5687.52 3317.03
749.095 4485.05
 -1555 3203.5
683.094 3415.63
-2799.46  4308.03
2433.28  3271.5
4005.34 3077.22
2388.08 6163.78
2156.06 3269.49
2940.61 3112.11
3337.54 3036.46
-2865.7 4397.72
2805.26 3060.62
1022.57 3257.99
2030.06 2819.94
3519.91  3277.1
3124.93 3035.83
3407.45 3056.05
1479.11 3128.78
1221.88  3060.3
1838.72 6017.06
2156.03 3276.34
2840.79 3119.41
2763.36 3061.39
 3165.7 3111.36
-2160.19  4244.86
890.471 3253.65
4053.92 3075.32
709.543 4466.48
-2785.76  4448.22
5400.84  2665.3
843.008 2792.68
 3649.6 4420.14
3226.51 3046.47
-2802.08  4441.64
5984.87 3010.71
24.9696 3086.37
2604.81 6144.01
678.642  4415.8
3402.52 3016.93
1625.62 2995.77
1995.35 2945.95
3391.21 3067.11
 2757.2 3111.78
3670.57 4392.86
3109.87 4281.08
2754.27 3055.19
5324.15 4642.59
1075.19 3262.73
-1342.48  2499.05
81.3091 3038.97
3674.37 4442.09
295.864 2824.27
 6264.8 3176.28
5821.44 2893.41
-1286.54  2897.87
-2228.27  4268.36
4845.72 3104.85
2249.86  3014.1
931.336 3263.66
4159.76 3092.96
3417.63 3022.16
-384.737  2984.14
6787.04 2962.95
265.007  3022.8
 3416.9 3025.03
4511.38 2981.83
-2733.04  4280.76
2784.83 3051.23
2751.28 3115.79
2147.31 2861.39
1855.05 6130.91
1371.36 4347.23
7107.27 3130.77
3634.89 3036.77
 1982.5 2935.03
 2204.4 2870.11
943.139 6109.66
 1116.9 2569.08
2308.79 3262.03
4424.25 3293.02
2033.52 2840.57
4178.81 4625.36
1308.28 4407.72
1507.41 2980.63
5872.76 2710.46
-4075.98  2500.39
1598.46 2993.53
1957.17 6117.29
3295.77 3084.83
6786.58 2970.73
-2036.47   4341.1
5587.29 2911.34
3041.43 4441.08
3378.23 2959.84
3316.89 3054.18
3521.06 3042.89
-2475.28  3953.77
3377.05  2960.8
1591.68 6068.93
 1663.6 2981.14
2877.62 3110.35
2269.08 6135.59
979.181 4796.73
4698.99 3318.93
749.192 3102.16
 5846.2 2169.62
4521.73 2923.02
3970.01 3059.45
7102.39 3127.57
3061.87 4451.53
892.468 3102.55
2003.32 2929.16
2565.41 3036.93
230.879 3443.03
-1519.56  3227.29
-3139.59  4577.23
3582.76 3070.33
  596.9 5984.27
2533.52 4357.08
 2136.1 3260.22
3363.21 2903.05
7212.16 3057.83
4171.75 4445.78
3383.33 2830.01
56.5473  2973.1
-2747.07  4302.04
4120.08  6083.1
1651.07    6080
2378.21 3030.52
2063.39 3258.32
2791.16 3039.84
2600.43 6157.72
5731.74 3303.12
 5581.4 3306.79
3381.12 2924.29
1592.25 2990.67
2911.79 3144.07
-277.421  3078.34
 2122.4 6125.86
4489.68  3288.4
2207.89 2868.89
2077.73 3284.98
4219.12 4581.24
233.437 3134.07
6422.19 3113.01
 2837.6 3141.45
4523.16 3292.54
3030.82 4451.88
3377.94 3003.94
2311.81 3259.31
2089.11 3239.38
1234.52 3234.36
908.765 3032.58
2149.37 3285.42
2391.13 6138.19
1248.37 2830.83
2777.65 3040.35
4186.48 4608.14
2057.63  3256.6
5765.71  3301.9
1441.16 6069.69
 2162.1 3241.26
2837.46 3130.29
4600.97 2658.83
5500.86 3315.63
633.947 5987.05
2108.64 3249.46
4262.86 2965.64
2279.15 6096.12
-2737.58  4303.64
2691.65 3072.35
494.909 3438.13
1103.24 3445.99
5673.04 3307.35
2320.36 3248.24
5741.65 3311.02
-455.026  6192.07
3489.13 2973.97
3274.47 3281.51
3326.33 3025.36
986.577 3257.29
-1329.4 3230.92
 2635.76 -363.285
2332.01 3132.45
2341.08 6161.06
4522.17 3302.38
1652.55 3427.79
2238.64 3281.96
6822.26 2899.79
5726.63 4184.45
2041.01 6157.19
2152.42 3041.58
4625.88 2825.11
3342.38 3282.53
3624.13 4404.17
971.831 3238.75
2317.26 3030.66
3255.73 3030.34
2453.86 4606.28
916.347 3261.72
2243.31 3249.06
1750.05 3168.17
-88.4276  3052.84
3377.03 2975.52
3376.48 2971.49
4457.27 2881.91
