5039.8 969.69
5031.6 996.79
6360.6 2183.9
5316.4   1724
5385.7 1979.1
5033.6 815.76
5253.6 1920.2
6080.6 2088.2
  5437 1959.5
6266.4 2060.7
6054.1 1811.7
4991.4 518.78
5334.4 1950.3
5242.8 1917.1
5027.3 1920.7
5734.1 1989.4
4978.1  521.7
5719.8 2057.3
5627.5 2127.1
6012.9 2704.9
5354.8 1899.6
7029.7 1662.6
5548.8 2411.1
5003.5 1920.4
5147.1   1957
5320.1   1957
5455.3 1920.7
6613.8 2307.1
5350.9 1988.4
5146.3 1936.8
5050.2 1922.8
5423.7   1958
5821.2 2267.1
5815.4 2179.3
5002.1 1921.3
5842.2 1971.6
5304.9 1723.7
6963.4 1577.7
4365.7   2566
5290.6 1947.2
5055.7 817.12
6280.3 2237.6
7026.4 2209.8
6620.7 2160.4
5954.1 1874.6
5720.3 1761.3
6817.1 1998.4
5290.3   1956
6284.1   2037
  5015 1919.3
5459.6 1991.4
5542.7 2013.5
5912.2 2888.4
7013.5 2304.5
5913.6 2885.1
5440.1 2201.8
5070.8 1925.9
4601.9 76.914
5088.4 1004.4
5948.5 2884.5
5333.1 1958.4
6664.2 2145.7
5291.3 1883.2
6015.6 1985.5
4980.6 1934.2
4992.5 931.35
5057.8 982.36
5204.3 1773.9
5497.9 1931.7
5075.9 1928.1
5031.1 976.03
6593.6 2331.8
5765.2 2034.1
6123.7 2840.2
5050.1 821.14
6100.2 2071.8
5894.2 2881.6
5018.5 831.52
  5374 1946.9
5344.6 1684.7
6454.4 2144.6
5493.2 1927.6
6202.6 2819.6
4978.2 1978.2
5137.9 1929.3
5013.5 1934.9
  5876 2030.5
5852.7 2038.4
5969.4 1127.6
6673.9 2372.7
5206.2 1627.3
6033.7 2280.8
5710.9 2048.2
6836.4 2054.3
5885.9 2289.4
  5246 1955.1
6012.8 2084.1
5882.7   2019
4977.9 533.68
5139.3   1964
5559.9 2596.1
5953.7 2993.6
6840.3 2057.3
6267.7 2136.9
4944.6 1880.2
5758.5 2880.3
5875.4 1990.3
5168.2 745.44
6220.4 2838.8
6600.5 2147.2
5335.1 2672.1
5907.7 2860.7
6830.6 2219.2
  5274 2986.1
6673.3 2414.7
6340.7   2359
6654.6 2016.2
5215.5 1771.5
