4688.46 1623.28
 5069.1 1082.38
4536.43 2319.98
5400.99 2399.93
4803.06 2175.48
5147.65  2198.4
 4448.8 1633.32
4503.92 2171.56
4378.63 2200.89
4581.44 2052.76
4500.08 2050.13
4616.49 2194.16
4470.66 1497.91
5819.07 2409.56
 4530.2 2166.51
5177.19 2226.61
4652.95 2181.06
 4602.7 2174.16
4554.98 2051.34
  5372 2197.4
4680.62 2192.46
5171.92 2051.11
4559.57 2184.51
4625.19 2047.74
5795.26  2616.5
4523.27 2165.22
4957.56 2056.13
5778.89 2247.91
4303.34 2265.52
4411.34 2175.16
4875.12 2184.52
4404.94 2194.28
4785.87 2269.24
 5107.3 2608.28
4598.64 2150.81
5315.29 2060.07
4368.32 2319.89
4605.96 2168.71
5741.18 2071.95
5155.44 2055.41
4749.92 2184.55
4524.56 2171.91
4460.61 2190.49
4572.82 2184.36
4562.55 2052.07
 4667.6 2158.21
4507.12 2050.07
5705.75  2183.5
4860.74  1605.5
4408.19  2036.2
4460.78 2179.53
4643.69 2180.77
4936.38 2345.16
4665.43 2188.04
4933.91 2293.52
4311.41 2183.72
4965.93 2167.91
4668.24 2221.91
4573.67 2053.25
4456.66  1619.3
4663.69 2190.73
4984.76 2063.88
 5435.9 2407.86
4485.64 1496.23
4491.08 2156.26
4878.56  2047.9
4462.14 2268.57
5393.41 2180.31
 4624.9 2211.04
4521.26 2089.63
4726.67 2207.36
5023.96 2716.34
5025.02 2714.39
4647.44 2316.28
4414.27 2176.13
5056.29 2715.97
 4581.5 2184.64
5832.32 2407.82
5708.05 1005.31
4556.59 2144.38
5120.92 2165.73
4430.21 1584.53
4584.14 2199.12
4527.65 2207.49
4504.46 2087.07
4552.14 2192.86
4697.62 2162.51
4646.62 2423.75
4364.71 2202.22
5805.94  2606.1
4912.82 1497.76
4498.45 2190.62
4417.33 2177.16
5373.56 2412.75
5379.32 1133.61
4666.94  2196.4
5095.42 2201.81
4446.27 2197.71
 4567.1 2256.27
4571.29 2256.42
4620.85 2196.54
4569.17 2766.15
4898.19 2209.52
5220.84 2698.25
4481.31 1499.85
5197.39 2215.12
5007.71  2711.2
5395.19 2409.05
4475.92 2173.04
4924.61 1619.05
4609.74 2176.58
4603.09 2028.28
4694.42 2160.38
4417.73 1584.55
5300.96 2689.64
4356.88 2206.88
4915.06 1489.48
5012.11 2275.97
4616.32 2179.21
5108.84 2443.91
4455.76 2175.74
 4991.8 2201.82
4971.28 2207.81
4511.72 2003.15
5879.95 2394.79
5808.81 2379.89
 5310.7 888.714
4565.04 2201.15
5773.74 2382.16
4444.44 1542.66
4990.94 2356.99
4523.93 2186.06
4507.48 2768.19
4998.26 2194.47
4455.49 2194.54
5853.46    2407
5068.02 2784.19
4621.67  1731.4
4464.63 2158.97
 4586.7 936.979
5310.57 2492.82
5730.15 2034.15
5778.01  2385.1
4779.34 828.992
4339.82 2155.57
5432.04  2387.6
4904.16  1652.4
6469.24 2395.34
4591.37 2067.87
 5663.7 2046.66
4892.83 2703.58
4589.06 2071.42
4526.84 2096.66
 4931.7 2015.28
 4993.5 2177.37
4525.24 2772.92
4376.13 2323.67
5923.38 2312.03
5321.09 2703.29
 4598.9 2098.04
5900.11 2217.41
4513.18 2060.75
 4575.1 2572.87
4334.83 2699.98
4735.66 2190.17
5077.88 2694.59
 5018.5 2699.16
4671.03 2691.64
4456.24 2004.78
4281.49 2007.91
5458.47 2492.84
5544.39 2443.65
5878.38 2425.67
5442.72 2391.74
5005.44 2014.59
5035.52 2582.15
4971.22 2013.73
4511.85 2085.18
4997.44 2602.04
