3003.85 4502.84
2462.22 4450.99
-1758.96  2830.72
2109.62  3396.9
 6779.9 3116.82
7256.65 4794.15
7003.15  3183.6
4955.63 3039.25
6672.02 3149.64
4796.14 3118.63
5330.66 3478.52
2376.44 5329.55
-350.484  3043.85
7022.87 3185.19
1738.74 3078.55
6476.68 3147.85
 3584.9 5322.07
221.697 2954.69
415.114 2842.21
5518.53 2097.12
6853.01 3222.74
-5073.17  4259.38
591.793 2433.43
1774.87 3076.43
1212.62 3034.78
917.098 3052.47
6676.17  3204.9
-2612.05  2639.83
-374.861  2991.53
1211.99 3061.85
1579.64 3076.74
6699.84  3149.3
1213.73 2670.43
2421.75 2819.49
1776.97 3075.25
5919.46 3186.63
2348.82 3396.93
-4694.6 4409.43
-836.919  2178.86
-275.887  3044.32
1159.89 4767.97
-1447.65  2729.76
-4699.43  2917.94
-1586.68  2939.48
985.257 3292.51
6080.19 3478.76
-3572.2 3314.55
-266.547  3032.44
4789.82 3164.57
1757.57 3079.74
3102.34  3054.6
6475.47 3085.57
5726.25 1830.92
-4545.76  2700.08
5726.34 1834.59
721.711 2722.16
1550.87 3071.44
1331.33  6183.7
-83.2588  4439.54
5641.11 1829.71
897.279 3050.13
-2839.18  2961.56
6960.33 3234.77
 5519.1 3194.68
1430.93 3051.69
 1295.6 4543.25
-33.0923  4468.27
1111.67 3294.46
6720.15 3195.69
 1540.3 3068.85
3019.27 4491.08
-2515.98   2592.7
6042.85 3082.43
5260.46 1868.51
1170.16  4758.9
5254.54 3071.46
5771.51 1843.11
2448.87  4736.3
6790.78 3160.03
2208.89 3459.19
572.207    2956
6619.46 3199.58
5048.84 1888.88
1438.92 2991.31
1226.55 3071.17
1762.14 3058.22
5821.59 3102.45
5853.82 3087.33
-721.151  4608.09
-2848.55  2518.24
2142.51 3517.67
-3047.22  2597.73
236.385 2966.09
-3657.06  3201.68
5671.12 2719.04
1048.12 3046.91
 718.81 2968.04
 5815.8 3121.65
2402.32 5294.85
1227.52 3023.73
573.167 2171.77
5607.45 1658.42
-3679.58  3197.54
-1470.23  2897.13
 7492.2 3205.42
6126.96 1866.94
5822.97 3163.87
-376.473  4942.38
5002.65 1852.42
-1491.72  2959.77
6780.86 2194.47
5742.61 1873.21
2426.35 2940.98
-941.448  1600.41
-2851.63  2434.29
-203.153  2550.46
-2699.18  3214.78
1091.51 3298.37
