4183.8 930.91
4572.7 993.56
6614.9 2253.8
4882.7 1735.4
1582.2 2008.8
1513.5 1039.7
1482.7 1974.9
2671.3 1994.8
1635.4   1982
2791.3 1928.4
2427.3   1680
4563.4 508.64
6170.9 2092.7
  1474 1974.8
5141.2 1987.4
1732.8 1974.3
3746.3 457.89
5945.6 2129.3
5863.6 2197.7
2276.8 2729.9
1552.9   1942
7181.5 1734.6
5786.8 2471.4
5118.3 1987.6
  5456 2039.4
5613.9 2038.5
  1636 1945.1
6818.7 2364.3
6181.7 2125.6
5455.3 2020.2
5240.2 1994.9
1621.9 1983.5
  5465 2300.8
4681.1 2166.8
  5117 1988.4
2041.1 1921.3
4715.6   1724
7118.7 1653.9
  6348 2619.7
  6143 2089.7
5343.3 930.07
6532.6 2303.7
7177.3 2263.2
6566.7   2191
5567.1 1870.2
1964.5   1725
6990.4 2064.1
6139.9 2096.7
2797.4 1892.5
5129.2 1985.8
4151.8 1967.1
1730.7   2017
2153.2 2922.4
  7158 2352.8
  2153 2919.7
5721.8 2272.3
5257.9 1999.9
5083.9 227.79
5963.9 1252.2
2206.4 2926.6
5624.2 2040.9
6861.2 2209.3
1504.4 1939.5
  2289 1897.3
5330.3 2018.9
5293.7 1043.4
5940.4   1231
5499.5   1862
1614.3 1953.4
5264.4 2002.2
  4173 937.54
6798.3 2387.2
1964.9 2001.3
2455.7 2911.1
5338.8 933.97
2460.7 1979.4
2124.9 2911.7
4561.4 823.47
  1579 1980.5
4811.2 1684.6
5787.7 2116.9
1663.5 1945.9
2603.5   2902
5327.8 2062.4
5446.8   2013
5127.1 2001.6
2095.8 1977.8
2075.8 1990.1
6185.4 1230.9
6868.6 2425.6
4853.9 1645.4
6907.7   2388
5938.9 2121.4
7008.7 2117.7
2177.4 2257.5
5545.3 2037.2
5716.8 2103.8
2100.1 1963.6
4549.5 524.07
5448.1 2046.7
5792.9 2649.3
2235.1 3053.9
7012.7 2120.2
6535.7 2211.4
1279 1984
1915.8 2880.7
2097.6 1933.3
6021.5 1020.8
2637.8 2931.6
6540.1 2177.4
1569.5   2634
2141.5 2890.7
4675.2   2071
6362.9 2952.7
6869.3 2466.6
6125.9 2396.5
6825.1 2081.9
5510.2 1860.4
