3530.61 2500.56
3551.22 2424.61
1627.18 2410.64
3582.64 2425.13
3555.65 2424.82
3524.11 2424.42
1634.75  2390.5
3519.47 2424.34
3272.49 2461.84
1697.01 2463.76
 3982.4 2637.53
1606.26 2442.47
3135.84 2457.08
3551.14 2420.15
 3582.7 2415.81
3555.96 2415.21
3524.12 2419.57
3103.72 2455.96
   5715 1745.16
2185.43 2264.64
3560.82 2499.07
2291.88 2464.08
1632.12 2432.65
5967.67 2272.34
1700.51 2441.56
5453.45 2251.31
2208.83 2386.02
6014.21 2271.06
3133.07 2458.37
6281.52 868.076
5626.43  2154.4
3271.48  2469.2
3273.59 2465.12
3135.28  2462.1
1612.95  2430.1
 3616.2 2425.05
6716.34 1515.33
1668.1   2393
1628.08 2424.67
 2186.7 2261.08
   2160 2385.93
3051.35 2332.09
5644.08 2360.26
1603.66    2456
3193.54 2229.94
5666.57 2373.79
5646.35 2154.36
6216.02 2288.62
5606.71 2154.82
5709.49 2163.16
5699.35 2158.85
4374.46 1877.86
6410.96 884.999
3504.33 2448.59
3548.79 2417.83
3526.51 2417.68
5862.05 1311.62
2148.98 2245.93
6373.84 898.308
 3236.4 2433.93
3549.07 2462.85
3521.82 2426.41
3537.87  2496.7
1706.36 2451.03
3527.73 2417.92
2019.18 2375.48
3557.91 2422.33
3281.88    2462
3169.55 2201.26
5651.64 2445.69
5701.55 2277.96
3228.37 2477.44
3552.96  2426.5
1590.04  2400.2
6111.08 2357.42
3277.18 2461.36
3240.04 2254.91
1726.94 2463.31
3275.57 2460.88
3532.08  2496.6
3577.92 2418.92
5800.74  2333.4
4209.56 2030.21
2084.67 2468.27
3567.75 2492.23
2123.53  2461.7
5681.53 1785.25
2566.28 2546.27
3552.55 2467.29
5718.71 2325.21
3237.31 2254.73
3560.58 2418.62
3533.45 2497.56
3545.62 2464.16
5848.54 1027.79
5732.42 2274.77
3200.68 2244.03
5694.31 2193.03
5589.06 2266.56
3159.47 2202.76
3240.11 2255.86
2932.92 2087.25
3146.73 2207.93
5702.03  2194.7
1613.61 2400.76
3227.78  2255.3
5612.76 2279.93
3244.53 2254.21
3184.86 2214.37
3202.67 2235.78
5914.08 2475.79
5663.89 1728.73
3521.67 2442.06
1605.54 2389.22
3227.21 2253.45
5831.62  1103.7
5674.49 1137.39
3567.62 2463.92
3271.57 2483.29
4122.49 2572.84
5724.78 1545.07
3099.49 2456.98
2286.28 2473.99
 4211.9 2615.62
3625.25 2439.19
 3141.9 2216.69
4096.88 2646.15
5731.03 2186.48
5600.82 2281.95
6158.75 2363.78
3542.99 2413.12
4161.04 2664.68
