2298.3 2546.4
3005.2 2319.3
93.704   2392
2910.9   2320
3018.5   2320
2740.5 2320.3
96.708 2367.1
2727.2 2320.5
1690.6   2438
118.06 2455.2
2426.9 2919.2
 88.15 2430.3
1374.4 2428.8
3004.8 2305.5
2911.2 2290.2
2925.4 2290.4
2924.6 2305.3
1304.4 2427.3
6502.4 1325.8
 465.3 2135.9
2420.3 2542.8
395.46 2452.7
94.953 2418.6
  7098 2216.6
118.06 2426.8
4701.9 1862.7
 360.5 2334.9
7113.2 2218.3
1367.6 2433.3
6916.1 850.56
6211.2 1849.4
1687.9 2458.5
1693.6 2447.6
  1373 2442.6
89.339 2415.6
2733.5 2318.5
7286.8 1614.6
108.42 2368.8
93.574 2408.4
466.51 2130.3
336.28   2337
1407.9 2127.6
6592.9 2269.1
85.225 2446.6
1942.5 1822.6
6601.4 2288.6
6227.8 1853.4
7043.6 2228.5
  6195 1846.7
6608.7   1955
6834.4 2006.2
3966.7 877.67
6969.6 911.42
2559.5 2395.1
2904.1 2298.9
3025.9 2298.9
6441.9  824.9
447.01 2110.8
6960.3 910.25
1625.1 2366.8
2689.2 2436.6
2917.8   2326
2321.4 2535.2
121.09   2439
2935.5 2299.9
288.07 2329.6
  2931 2312.2
  1715 2438.1
  1896 1753.6
6590.2 2405.4
6618.5 2135.6
1615.8 2479.5
3010.5 2325.3
81.569   2380
7146.7 2320.3
1703.6 2437.3
2044.6   1873
130.14 2454.9
1698.8   2436
2302.6 2533.9
2896.5 2300.3
6678.8 2232.9
3929.9 1207.8
281.87   2459
2460.8 2523.8
193.69 2453.3
6498.3 1372.9
571.29 2593.8
2699.2 2449.9
6631.3 2217.1
2038.5 1872.5
2754.7 2303.4
  2308 2538.8
2679.8 2440.6
 6303 501.6
6635.2 2134.2
1955.4 1855.8
6836.4 2054.3
6732.4 2140.9
1874.6 1760.4
  2045 1876.5
1402.3 1581.7
1847.4 1775.2
6840.3 2057.3
88.845 2380.5
2015.3 1876.6
6745.7 2162.9
2055.3 1869.8
1926.6 1782.6
1963.2 1834.4
6807.8 2454.1
6463.6   1285
2917.3 2374.2
 85.45 2367.3
2013.7 1871.6
6652.4 781.71
5868.2 352.89
2742.9 2439.9
  1688 2495.2
2193.8   2724
6441.5 1057.4
  1295 2429.7
392.54 2467.8
2461 2851
2758.3 2361.2
1833.2 1799.7
2149.8 2922.8
6852.4 2049.7
6740.8 2164.8
6860.4 2298.2
2980.3 2284.2
  2234 2974.3
