6218.53 2289.91
4829.68  2688.9
4999.38 2689.31
  4806 2687.5
5315.83 2692.28
19876.2 2857.82
5341.14 2692.23
7790.52 2493.19
19441.8 2459.54
20033.2 2573.01
 8874.8 2517.28
4830.62 2712.47
4999.43 2740.55
4973.64 2739.89
4974.78  2714.3
9151.95 2522.11
-8791.25  5110.73
-353.828  3533.67
14670.3 3550.35
 5954.5 2299.27
-5164.27  7811.33
15322.5  2467.7
19443.6 2585.23
-5517.87  7876.21
8900.96 2507.25
7798.72 2450.83
7781.27 2473.34
  8880 2486.2
20011.1 2639.75
-12614.6  3397.47
-12624.8  3335.02
19643.9 2845.76
19926.9 2671.63
14661.6 3569.03
20091.7 2498.91
7155.86 3723.11
11990.7 4317.14
-10391.4  8939.56
3133.8 5462.9
5667.62 2564.03
5012.17 2725.73
4793.21 2723.37
14885.3 3652.44
-11769.6  9736.19
-1143.9 3325.57
7997.71 2643.43
5412.38 2489.92
-10638.2  5086.78
4986.73 2678.87
6167.28    2311
19384.7 2531.02
4955.15 2723.36
12097.8 4585.25
-1589.55  4094.15
16703.2 2941.31
11601.9    3391
4963.05 2702.33
7716.32 2492.77
8025.59 2406.53
4820.15 2678.58
20179.6 2804.48
7750.85 2494.52
6874.98 3594.97
19213.8 2460.81
7765.47 2497.24
6208.71 2312.99
   5026 2723.48
3228.15 4712.88
16765.8 2444.45
5869.31 2334.25
5393.12 2466.65
-9357.42  3015.56
5289.32 2721.41
6196.88 2304.11
-4745.2 2723.38
5430.49 2482.95
-9276.83  4113.58
7112.68 3650.65
-7229.49  3106.72
7362.06 3874.65
 6873.2 3587.78
-745.569  442.642
6949.68 3594.02
6848.38 3599.17
7210.16 3811.77
7097.01 3693.19
-6350.78  2462.09
-7429.76  2836.81
4986.96 2596.17
 11188.4 -1700.21
-2238.08  2703.76
5309.75    2484
 7798.8 2374.95
2831.62 3175.71
9190.34 2516.76
15356.5 2414.09
-8833.15  3105.47
-3955.03  5993.62
6592.93 1567.39
4874.81 2749.37
6402.03 1480.32
