3214.7 2594.8
3277.6 2357.9
 503.2 2385.8
3374.7 2359.2
3291.2 2358.5
3194.7 2357.7
 507.6 2354.4
3180.6 2357.5
2487.6 2473.1
538.83 2468.3
4580.2 2996.4
492.27 2435.2
2163.6   2459
3277.4   2344
3375 2330
3292.3 2328.5
3194.8 2342.6
2093.9 2455.9
6726.6 1391.8
872.18 2096.5
3307.3 2590.7
949.38 2471.9
505.31 2419.8
6958.4 2192.8
540.73 2433.1
6687.3 2108.9
879.92 2322.8
6977.9 2194.7
2157.5 2462.6
6701.1 611.97
6777.1 1976.1
2485.1 2494.6
2490.4 2482.7
2162.4   2473
495.72 2416.1
3479.4 2358.7
7092.5 1398.8
524.65 2357.2
503.38 2407.5
 873.7 2089.7
840.51 2325.1
1993.6 2123.6
6808.6 2303.5
490.94   2456
2320.4 1824.2
6821.3   2326
6788.2 1979.2
7057.2 2233.1
  6766 1973.6
6823.6 2002.4
6817.6 1994.3
5348.7 1066.8
6770.7 678.06
3134.6   2433
3270.2 2336.8
3202.1 2336.7
6652.2 897.23
845.57 2067.1
6758.3    676
2397.9 2392.2
3270.8 2477.4
3187.7 2363.9
3236.8 2582.9
543.81 2448.1
3205.8 2337.4
736.72 2313.3
3298.2 2350.7
2511.5 2473.6
2271.9 1753.3
6815.1 2439.6
6833.2 2178.3
2378.3 2517.8
3282.9 2363.8
485.01 2370.7
7021.7 2320.5
2499.5 2471.7
2426.1 1882.9
554.93 2467.7
2495.4 2470.3
3219.1 2582.5
3360.1 2339.8
  6887 2270.6
5078.3 1331.7
781.47 2478.3
3328.6 2569.4
810.52 2466.5
6719.8 1437.3
1234.7 2654.2
3281.5 2491.3
6845.8 2252.9
2419.5 1882.9
3306.5 2339.1
3223.3 2585.5
3260.2 2481.5
6522.7 583.79
6848.8 2176.2
2334.1 1860.8
6819.8 2046.1
6770.8 2149.3
2248.8 1759.7
2426.1 1885.5
1830.3   1543
2219.1 1776.4
6824.1 2049.7
496.65 2370.9
2396.3 1886.3
6785.5 2173.1
2437.2 1880.1
2303.8 1784.4
2340.5   1838
6942.6 2484.9
  6691 1352.2
3187.1 2412.6
492.99 2353.4
2395.3 1881.3
6545.5 655.03
6456.2 620.58
  3328 2480.8
2485.6 2535.8
4952.9 2792.1
6662.1 1127.5
2084.9 2458.7
 944.5 2491.3
5155.9 2898.9
3507.7 2403.1
2206.3 1800.6
  4879 3002.9
6838.1   2041
  6779 2175.2
7040 2331
3252.5 2322.2
5030.6 3041.9
