6875.3 2266.9
6673.1 2080.7
  6565 1401.4
6231.8 2015.6
6603.9 1898.9
705.02 1354.6
4718.6 1884.5
7147.7 1662.8
6619.3 1901.5
706.68 1336.4
1441.8 1227.3
6815.1 1501.8
4623.7 2101.7
4895.5 820.12
7133.2   2147
4621.6 2104.1
4878.8 1893.6
6784.3 2040.3
4720.6 1884.9
  6839 2575.9
1947.1 823.48
6902.5 1398.6
  6712 1385.4
1637.5 1669.8
7007.2 2495.7
7195.7 1576.7
6647.6 1286.1
1732.2 1660.5
6737.7   2502
7212.7 1599.3
7193.7 1576.5
6974.1 1578.8
7195.8 1604.4
4029.6   3007
6723.7 1415.9
7029.4 1507.5
6936.8 1414.6
4301.7 1505.1
4939.1 1582.2
7298.4 2303.1
6649.6   1301
6848.9 1436.5
636.11 1550.1
  1342 1012.1
  6649 1300.5
7151.2 1578.4
6956.4 1232.9
6463.6 2107.8
  7207 1705.6
4831.9 1558.7
6947.1 1469.5
6618.4 1370.6
1695.4 1698.3
6610.2   1889
3325.1 2151.9
  7204 1575.8
4834.3 1560.9
4507.2 1795.7
4858.5 1890.9
722.27 1357.8
7284.4 1674.2
6723.6 1986.5
6035.4 1833.5
4736.6   1878
6939.3 1545.1
  6304 1814.6
7285.2 1659.6
1427.3 978.92
712.64 1075.7
6838.6 2317.3
7039.9 1463.9
4807.1 2003.2
6636.1 1322.1
7045.1 1473.2
6624 2072
7298.8 2402.4
4543.3   2088
6692 1402
  6727 2157.5
6035.6 2072.8
6159.6 2005.6
6546.3 1830.7
6702.1 2452.8
7296.6 2405.7
4839.3 1878.1
1415.2 997.74
6917.6 2243.6
6279.1 2589.9
7232.7 1669.7
6693.7 1400.3
6247.8 1751.9
6635.6 1322.5
 977.5 1068.7
4758.4 1867.5
6157.2 1958.2
5578.9 2110.9
6174.2 2170.9
1211.9   1287
5594.7 1940.1
4969.6 2117.5
4559.1 1548.2
5644.6 1938.6
1415.8 969.28
689.31 1245.9
668.98 1556.9
4299.3 3035.3
5641.5 1941.8
674.69 1363.9
6121.8   1976
711.18 1306.2
  6707 1333.5
6205.6 2000.6
6716.4 1331.7
2059.1 1793.6
6592.8 2291.3
6214.4 2174.2
584.19 1582.2
621.58 1556.9
6456.2 1988.7
5645.9 2203.6
4524.4 1554.1
4606.6 2122.1
4622.1 2424.8
5233.1 1881.3
6832.8 2226.4
6908.4 1929.6
7029.8   2124
6660.5 2079.1
4803.1   2067
5814.1 2187.6
5624.1 2107.9
5624.3 2090.5
4789.9 2067.7
 897.4 1134.6
678.15 1542.8
7302.6 1713.2
7337.9 2346.7
 971.1 1085.2
674.63 1362.9
812.14 1493.4
6171.5   1948
7100.7 1493.4
705.04 1534.4
  6726 1324.1
4819.5 2067.9
5430.8 1810.7
1563.8 2109.9
2500.1 2052.6
6601.9   1357
4717.9 2054.9
6841.5 2442.5
4805.9 2067.2
7115.9   1488
6557.5 1227.4
5715.2   1687
4804.9   2044
  4958 2523.8
798.49 1482.8
5733.1 1933.7
4729.3   2052
  1382 1688.1
2198.9 1810.7
6937.5 1439.3
5729.7   1675
6260 1997
4805.3 2046.1
6035.4 1945.9
6300.4 1964.3
5113.3 1690.5
1135.9 1735.6
6776.9 1641.6
 823.1 987.36
4805.7 2068.9
6039.8 1951.7
4862.2 2074.4
  5987 2266.5
2478.1 1776.3
1342.9 1669.7
7241.6 1611.6
5856.5 1972.2
6840.1   1493
6260.1 2187.5
635.36 1564.1
  6598 1247.2
850.15 971.26
6995.4 2085.8
5810.2 2190.9
7239.4 1611.7
6038.1   1958
  3356 1960.2
1807.6   1143
6308.3 2186.7
7331.6   1471
  5934 1716.7
2359.6 1791.4
5399.2 2171.9
5270.3 1928.4
 850.9 974.73
6093.2 1999.7
5925.2 2154.7
5936.1 1914.5
5964.3 1716.2
6919.2 1928.9
5861.2 1923.2
5948.4 2271.7
  5232 940.45
  5511 1867.9
6738.3   1421
6874.1 1482.2
4518.8   1840
7103.6 1531.5
5879.4 1902.6
1399.8 1713.7
3959.2 1893.5
2357.4 1787.8
5596.8 1857.8
5984.1 3333.3
