6996.15 2306.77
3641.99 2199.71
4480.89 1717.37
4045.21 2197.61
4009.28 2086.15
1382.32 1656.06
3973.17 2198.11
6606.16 1698.54
3953.16 2086.65
1375.04 1640.6
986.896 1767.52
6235.94 1689.05
4750.64 2294.35
2723.59 1631.53
4179.12 2185
4749.01 2295.21
2249.5 2194.05
4110.5 2157.09
1704.56 2193.17
5063.72 2529.14
1272.41 1581.23
6034.6 1543.39
6066.34 1621.25
381.612 2060.16
3855.4 2473.82
6816.65 1569.28
5976.29 1556.14
447.554 2061.23
3366.78 2474.4
6856.78 1585.48
6812.92 1569.81
6141.06 1691.18
6800.88 1602.71
4099.62 2656.34
3501.29 1696.65
6320.67 1589.33
5668.36 1543.06
4171.31 2040.22
3690.24 2057.6
7292.7 2304.67
5518.69 1574.32
5903.09 1609
1326.35 1793.97
861.199 1605.49
5972.68 1569.05
6654.32 1594.05
5868.07 1326.51
6379.01 2225.63
6815.56 1704.98
4322.98 2040.46
6118.97 1593.51
4128.71 1685.7
805.769 2071.65
3783.19 2079.8
1144.43 2317.69
6847.85 1561.82
4319 2035.25
2500.23 2160.63
4037.94 2196.97
1409.61 1664.17
7098.65 1626.11
3809.84 2130.25
2549.29 2107.57
3190.51 2199.67
6066.3 1678.62
2811.83 2071.28
7104.05 1608.49
1368.53 1587.03
1266.48 1392.89
6916.07 2347.68
6382.5 1538.81
4417.68 2244.48
5489.73 1599.75
6391.7 1544.62
3983.48 2197.43
4741.42 2393
4284.19 2292.32
5596.04 1640.77
1629.1 2236.18
2072.32 2238.58
3192.39 2201.6
4326.65 2045.64
2094.27 2422.54
4740.16 2395.48
3625.14 2194.85
1358.94 1596.54
4086.14 2291.95
5516 2519.42
7274.62 1663.24
6028.08 1639.18
4500.78 2036.36
5935 1596.57
1445.44 1510.05
3588.74 2193.06
2624.09 2166.48
2182.63 2278.02
2641.89 2287.68
816.552 1770.62
4400.99 2191.13
1847.91 2292.82
3895.25 2052.1
4435.3 2186.41
1354.04 1578
884.648 1569.47
1381.03 1810.1
609.047 2618.12
4435.65 2189.2
1337.34 1653.64
4790.3 2172.27
1369.79 1619.43
6081.7 1572.01
4863.92 2181.35
5189.67 1581.2
642.503 2146.23
6941.15 2340.11
4430.76 2282.79
1243.01 1804.35
506.977 1815.38
4181.55 2161.45
2278.41 2320.69
4492.43 2047.95
6079.44 2295.04
3688.24 2430.95
3378.97 2185.88
4322.68 2284.87
6301.11 2032.56
3956.11 2185.75
4872.05 2188.06
4413.78 2273.19
2359.48 2306.7
4417.52 2272.77
4844.47 2265.14
3599.89 2279.36
892.374 1558.56
1392.68 1800.9
7132.04 1660.5
7058.04 2341.5
1443.21 1522.04
1333.89 1651.87
1328.56 1803.29
3340.2 2167.09
6537.63 1522.88
1431.7 1802.58
5681.03 1556.18
3614.91 2278.99
2557.03 2137.5
343.005 2273.6
810.62 2268.02
4964.82 1654.43
4376.02 2268.95
7306.63 2444.92
4010.67 2274.12
6579.57 1509.04
5844.03 1538.94
4940.93 2042.61
4414.28 2263.05
4917.4 2477.92
897.705 1805.67
2121.12 2183.5
4377 2269.47
1009.18 2035.68
4414.18 2152.1
6104.21 1569.95
4298.64 2044.24
4479.78 2181.16
3606.73 2270.19
5000.22 2161
2872.91 2162.71
2841.03 2097.39
1136.35 2033.32
4333.45 1850.07
1250.17 1361.84
3609.99 2279.47
2515.38 2173.43
3639 2273.26
2428.85 2344.97
800.276 2147.12
1369.66 2014.21
6946.79 1580.41
3275.86 2200.94
5857.5 1673.49
4913.5 2291.76
1326.66 1804.48
5305.7 1551.05
1292.44 1357.13
3864.9 2161
2363.58 2315.6
6939.45 1582.48
2332.23 2174.76
1173.46 2238.14
2656.5 1761.22
2364.84 2287.75
7068.29 1306.78
5081.9 2038.46
737.507 2149.94
2072.31 2310.49
3142.71 2204.27
1295.86 1362.35
4713.75 2189.87
4596.33 2289.05
3074.2 2165.09
3337.82 2056.51
6324.38 2029.33
2750.93 2171.05
2430.16 2348.7
1676.69 1700.98
2147.02 2158.6
3917.23 1687.7
5499.17 1647.5
3067.01 2185.77
6529.92 1574.54
3041.01 2163.44
1042.33 2050.92
5086.42 2220.47
1148.81 2145.06
2692.59 2151.33
2508.27 2849.45
