7253.3 2295.2
3590.1 1849.9
5234.1 1022.7
  4518 1863.1
4428.3 1615.5
 634.2 1395.6
4359.8   1858
7046.3 1584.6
4305.3 1610.5
633.85 1378.4
402.03   1618
6875.3 1497.2
5761.7 2141.7
1917.7 936.82
4796.3 1849.9
5759.6 2143.2
1190.9 2000.2
4652.3 1780.9
736.75 2064.4
6137.5 2585.9
590.05 1333.3
6729.4 1274.1
6768.3 1375.7
127.78 2029.7
4098.4 2498.5
7103.8 1488.1
6698.3 1273.2
149.25 2024.8
2944.7 2499.2
  7122 1512.8
7102.5 1487.9
6826.4 1478.2
7104.5 1519.7
4639.5 2914.1
3301.1 846.01
6894.5   1401
6489.6   1166
4759.2 1542.7
3703.7 1533.5
7339.7 2302.7
6384.8   1159
6667.9 1317.6
569.54 1581.1
378.67 1459.9
6699.7 1287.8
7045.1 1480.8
6558.9  969.9
7021.4 2170.8
  7129 1629.9
5048.6 1571.5
6790.6   1356
4602.4 872.52
278.93 2001.2
3919.3 1583.6
407.74 2277.5
  7114 1486.7
5040.3 1560.3
1475.6 1904.1
4502.2   1861
648.45 1398.7
7213.2 1598.3
3983.1 1695.6
1546.3 1798.5
2581.4 1880.7
6782.5 1445.3
1924.8 1678.2
7211.9 1581.8
644.13 1314.7
639.68 1116.8
  7229 2337.2
6912.3   1359
5249.4   2006
6369.5 1183.5
6918.1 1367.7
4382.7 1857.3
5755.7 2332.8
5012.9 2094.9
6465.6 1270.8
682.36 2134.7
1018 2096
  2585 1884.7
5056.3 1582.6
1026.3   2400
5754.1 2337.6
3550.4   1839
635.89 1328.8
4613.6 2078.9
6537.5 2554.7
7273.9 1663.4
  6751 1387.7
5352.7 1600.8
6684.3   1311
713.03   1200
3464.7 1835.7
1634.3 1895.1
1115.7 2151.2
1642.9 2125.7
326.39 1653.3
5213.6 1892.6
 830.4 2202.2
4172.9 1531.1
5271.9 1887.8
637.98 1307.7
397.25 1414.9
597.25 1589.9
188.82 2640.3
5272.9 1893.6
608.48   1404
5798.6 1914.6
636.25 1353.8
6764.2 1320.8
5892.7 1942.7
6092.4 1058.1
209.74 2102.1
7236.9 2329.6
5275.9 2087.8
 521.8 1611.5
199.51 1753.3
4798.2 1799.3
1207.4 2217.3
5341.7 1621.4
6883.6 2241.1
3699.8 2395.8
2983.7 1831.2
5084.2 2082.1
6967.5 1924.9
4320.7 1828.9
5903.6 1956.2
5245.8 2065.9
1294.6 2186.3
5252.2 2065.4
5879.5 2095.5
3489.2 2035.3
403.27 1401.1
606.01 1575.6
7229.7   1638
7273.4 2334.2
708.11 1215.1
606.93 1402.7
 568.8 1592.4
2900.1 1792.9
6979.8 1378.5
 628.7 1569.2
6502.9 1186.6
3524.9 2034.2
1550.8 1852.1
101.47 2260.4
265.42 2232.3
5876.1 1085.9
5179.2 2053.1
7345.8 2444.8
4448.5 2033.3
6994.9 1373.4
6610.1 1214.3
5959.1 1708.8
5245.6 2044.6
5977.3 2496.7
 354.9 1678.8
1068.5 1999.5
  5181 2054.3
369.4  1935
5230.5 1814.2
6776.3 1324.3
5004.7 1574.3
5345.4 1883.7
3505.6 2013.7
6047.9 1926.9
2005.5 1847.5
1965.6 1723.2
429.11 1915.8
5023.4 1210.3
639.62 1086.9
3513.2 2035.4
1492.3 1925.2
3582.3 2020.5
1370 2251
 269.6 2090.2
553.31 1858.1
7153.5   1525
2758.3 1874.3
6656.4 1386.4
5965.4 2151.7
567.48 1594.3
6193.4 1056.9
665.76 1068.7
4111.8 1767.1
1298.4   2202
7151.3 1525.7
  1280 1955.2
426.28 2173.2
1779.5 1165.9
1302.1 2151.8
  7139 1282.8
6113.2 1731.3
244.92 2098.7
1011.7 2214.5
2485.4 1896.3
666.17 1073.5
5699.1 1936.2
5542.3 2116.7
2358.7 1821.5
2907.5 1554.1
6977.8 1923.9
1813.7 1883.6
1371.3 2257.8
813.35 1375.6
  1096 1954.7
4179.7 837.64
  6392 1250.7
2342.3 1866.3
6988.2 1432.8
2297.2 1822.9
382.58 1949.6
6147.9 2042.7
422.23 2055.8
1731.9 1854.9
1503.6 3186.8
