6061.48 2315.06
5729.3 2199.04
5703.53 1716.31
5173.43 2198.26
5648.4 2080.95
1493.49 1646.51
4139.94 2202.91
6855.32 1729.68
5670.91 2080.41
1489.62 1631.21
2384.75 1744.95
6109.26 1716.63
4090.58 2301.85
4295.99 1626.97
6662.55 2189.12
4089.56 2302.94
4219.51 2202.9
5918.22 2156.28
4140.91 2203.05
5989.45 2543.66
2725.89 1557.16
6340.05 1583.16
5956.21 1652.27
2609.1 2043.79
6328.84 2487.61
7052.68 1612.47
5879.81 1588.78
2678.52 2046.98
5811.68 2488.07
7096.37 1627.51
7046.17 1613.43
6426.88 1724.52
7037.01 1642.86
3828.16 2689.51
5966.19 1674.76
6598.52 1629.52
6412.47 1582.26
3953.88 2037.1
4262.83 2051.52
7145.3 2309.57
5877.45 1601.32
6204.79 1643.72
1439.03 1789.06
2237.73 1565.28
5876.6 1601.11
6909.19 1639.59
6564.25 1379.29
5432.87 2236.73
7020.18 1745.35
4207.72 2044.92
6410.64 1631.49
5799.05 1673.25
2654.9 2064.63
5659.28 2073.01
3530.95 2328.29
7080.94 1606.54
4208.86 2045.9
4041.59 2167.36
4209.25 2202.22
1524.14 1655.53
7307.15 1669.27
5822.33 2125.53
4996.95 2107.95
4148.89 2199.5
6359.01 1707.28
5272.8 2066.66
7318.89 1652.16
2316.05 1561.66
1386.04 1388.94
5989.57 2354.58
6649.25 1579.25
4180.74 2254.83
5846.14 1625.11
6658.38 1586.14
5655.74 2198.3
7139.64 2404.76
4053.32 2296.86
5914.05 1674.23
5807.55 2247.57
4979.01 2244.68
5100.63 2197.95
5576.16 2042.34
5754.11 2453.8
7131.97 2407.99
4199.9 2196.83
2308.77 1573.09
6146.64 2294.18
5207.37 2534.69
7124.7 1693.6
5917.69 1672.14
5218.61 2034.11
5845.14 1625.65
1812.62 1497.4
4159.86 2194.13
5102.05 2170.24
4621.14 2284.96
5104.85 2293.13
2166.47 1739.13
4639.18 2197.56
4261.03 2303.49
4072.76 2050.42
4674.26 2194.15
2302.12 1551.26
1422.62 1542.61
1498.41 1804.57
3945.88 2704.71
4671.88 2195.98
1443.78 1643.38
5065.93 2183.56
1485.93 1606.25
5967.32 1607.79
5147.45 2191.4
5985.45 1602.35
2902.95 2138.45
5594.44 2347.75
5145.19 2293.08
1354.37 1799.59
1415.13 1790.18
5434.62 2160.66
4664.64 2329.58
4056.03 2054.36
4082.3 2311.03
4087.54 2442.5
4412.76 2184.85
5984.78 2288.16
6173.6 2049.41
6405.21 2185.9
5710.01 2199.29
4177.53 2283.67
4789.07 2316.51
4652.32 2281.9
4653.09 2273.07
4171.01 2284.22
1720.66 1525.55
1509.88 1795.82
7353.08 1702.85
7281.81 2348.38
1809.65 1509.54
1443.29 1642.47
1709.21 1794.5
5117.21 2162.96
6804.48 1576.76
1552.48 1796.93
6006.57 1591.44
4185.64 2283.78
4537.03 2140.12
2581.9 2276.41
3153.87 2276.12
5776.65 1667.4
4136.13 2279.73
5991.56 2446.13
4178.91 2283.71
6852.8 1562.12
5751.6 1571.49
4743.81 2054.04
4178.84 2273.3
4252.07 2486.35
1685.77 1782.47
4739.08 2186.57
4141.69 2278.24
2399.96 2028.26
2985.7 2153.5
6402.11 1606.4
4755.92 2046.04
5204.86 2184.72
4179 2274.23
4987.3 2172.88
5251.97 2161.03
4352.88 2096.63
2164.81 2026.95
5989.63 1848.63
1538.65 1355.2
4178.78 2284.48
4990.87 2175.86
4206.87 2285.93
4928.13 2353.48
3135.21 2147.91
2362.22 2012.64
7189.08 1624.05
4832.52 2199.81
6163.38 1699.22
5192.13 2298.64
1442 1800.4
5810.4 1573.47
1576.29 1352.25
6331.94 2159.88
4785.95 2318.37
7181.25 1625.49
4988.84 2179.59
3543.14 2246.57
2674.23 1750.72
5244.28 2295.72
7644.77 1386.52
4918.13 2049.9
3073.55 2150.76
4502.96 2320
4432.71 2206.28
1579.2 1356.06
5036.84 2199.44
4879.46 2295.04
4902.31 2162.63
4944.73 2046.4
6196.16 2046.56
4839.48 2172.78
4895.08 2357.28
4490.02 1665.01
4586.25 2164.92
5991.28 1673.81
6239.51 1675.67
4046.05 2187.18
6791.79 1615.7
4855.77 2160.16
2418.63 2045.37
3798.16 2217.95
3072.24 2148.95
4645.23 2154.77
4979.04 2950.62
